          output file prefix
      1     lockflag
 400000     sfr normalization
   0.00     delta distance modulus
   1.00     E(B-V) factor
  -1.35     IMF slope
   0.50     binary fraction
  0.0000   10.00   z008_10.00               3  0.008
  0.0000    9.80   z008_09.80               4  0.008
  0.0000    9.60   z008_09.60               4  0.008
  0.0000    9.40   z008_09.40               4  0.008
  0.2135    9.20   z008_09.20               4  0.008
  0.3788    9.00   z008_09.00               4  0.008
  0.4100    8.80   z008_08.80               4  0.008
  0.1496    8.60   z008_08.60               4  0.008
  0.0450    8.40   z008_08.40               4  0.008
  0.0000    8.20   z008_08.20               4  0.008
  0.0000    8.00   z008_08.00               4  0.008
  0.0000    7.80   z008_07.80               4  0.008
  0.0000    7.60   z008_07.60               4  0.008
  0.0000    7.40   z008_07.40               4  0.008
  0.0000    7.20   z008_07.20               4  0.008
  0.2360    7.00   z008_07.00               4  0.008
  0.0460    6.80   z008_06.80               4  0.008
  0.0000    6.60   z008_06.60               3  0.008
  0.0000   10.00   z004_10.00               3  0.004
  0.0000    9.80   z004_09.80               4  0.004
  0.0000    9.60   z004_09.60               4  0.004
  3.1946    9.40   z004_09.40               4  0.004
  1.0521    9.20   z004_09.20               4  0.004
  0.0000    9.00   z004_09.00               4  0.004
  0.0000    8.80   z004_08.80               4  0.004
  0.0000    8.60   z004_08.60               4  0.004
  0.0000    8.40   z004_08.40               4  0.004
  0.0000    8.20   z004_08.20               4  0.004
  0.0000    8.00   z004_08.00               4  0.004
  0.0000    7.80   z004_07.80               4  0.004
  0.0000    7.60   z004_07.60               4  0.004
  0.0000    7.40   z004_07.40               4  0.004
  0.0000    7.20   z004_07.20               4  0.004
  0.0000    7.00   z004_07.00               4  0.004
  0.0000    6.80   z004_06.80               4  0.004
  0.0000    6.60   z004_06.60               3  0.004
  0.0000   10.00   z001_10.00               3  0.001
  0.0000    9.80   z001_09.80               4  0.001
  0.0526    9.60   z001_09.60               4  0.001
  0.0000    9.40   z001_09.40               4  0.001
  0.0000    9.20   z001_09.20               4  0.001
  0.0000    9.00   z001_09.00               4  0.001
  0.0000    8.80   z001_08.80               4  0.001
  0.0000    8.60   z001_08.60               4  0.001
  0.0000    8.40   z001_08.40               4  0.001
  0.0000    8.20   z001_08.20               4  0.001
  0.0000    8.00   z001_08.00               3  0.001
