   0.15000001  13.766  12.796  11.456   9.868   0
   0.20000000  12.340  11.666  10.496   9.091   0
   0.25000000  11.561  10.979   9.873   8.546   0
   0.30000001  11.060  10.538   9.472   8.194   0
   0.34999999  10.625  10.154   9.121   7.885   0
   0.40000001  10.214   9.791   8.787   7.589   0
   0.44999999   9.733   9.371   8.402   7.247   0
   0.50000000   9.244   8.955   8.028   6.924   0
   0.55000001   8.631   8.452   7.590   6.557   0
   0.60000002   7.737   7.772   7.047   6.145   0
   0.69999999   6.597   6.814   6.242   5.474   0
   0.80000001   5.682   5.978   5.525   4.877   0
   0.89999998   4.977   5.262   4.893   4.352   0
   1.00000000   4.407   4.625   4.326   3.894   0
   1.10000002   3.936   4.052   3.824   3.522   0
   1.20000005   3.535   3.552   3.400   3.241   0
   1.29999995   3.177   3.172   3.090   3.027   0
   1.39999998   2.852   2.888   2.855   2.850   0
   1.50000000   2.566   2.669   2.670   2.698   0
   1.60000002   2.306   2.479   2.507   2.558   0
   1.63898253   2.214   2.413   2.450   2.508   0
   1.70000005   2.077   2.317   2.366   2.433   0
   1.75000000   1.972   2.243   2.300   2.375   0
   1.76999998   1.932   2.215   2.275   2.353   0
   1.79999995   1.872   2.172   2.236   2.318   0
   1.89999998   1.683   2.037   2.115   2.209   0
   2.00000000   1.510   1.912   2.001   2.106   0
   2.20000005   1.199   1.680   1.788   1.912   0
   2.50000000   0.798   1.368   1.497   1.644   0
   2.70654368   0.557   1.171   1.312   1.470   0
   3.00000000   0.237   0.906   1.061   1.233   0
   3.44268274  -0.189   0.541   0.712   0.901   0
   3.50000000  -0.241   0.495   0.669   0.859   0
   4.00000000  -0.674   0.115   0.302   0.506   0
   4.04820251  -0.712   0.080   0.269   0.474   0
   4.50000000  -1.072  -0.244  -0.045   0.169   0
   4.53162193  -1.095  -0.265  -0.065   0.149   0
   4.91961432  -1.383  -0.529  -0.322  -0.101   0
   5.00000000  -1.444  -0.585  -0.376  -0.155   0
   5.28238010  -1.661  -0.787  -0.575  -0.349   0
   5.56905603  -1.887  -1.002  -0.786  -0.557   0
   5.81898594  -2.092  -1.199  -0.981  -0.751   0
   6.00000000  -2.248  -1.351  -1.131  -0.901   0
   6.06893301  -2.309  -1.411  -1.190  -0.960   0
   6.25062895  -2.485  -1.588  -1.367  -1.138   1
   6.40687418  -2.647  -1.753  -1.533  -1.304   0
   6.54295540  -2.803  -1.914  -1.694  -1.468   0
   6.66108036  -2.951  -2.068  -1.850  -1.627   0
   6.71405792  -3.020  -2.140  -1.923  -1.702   0
   6.76329947  -3.083  -2.205  -1.988  -1.768   0
   6.78242016  -3.106  -2.228  -2.011  -1.790   0
   6.81356287  -3.133  -2.249  -2.030  -1.808   3
   6.82941580  -3.134  -2.240  -2.019  -1.793   0
   6.84066582  -3.118  -2.204  -1.977  -1.745   0
   6.84397888  -3.110  -2.182  -1.951  -1.714   0
   6.84590864  -3.113  -2.172  -1.938  -1.696   0
   6.84616518  -3.110  -2.171  -1.936  -1.695   0
   6.84716702  -3.116  -2.199  -1.971  -1.738   0
   6.84798145  -3.207  -2.311  -2.089  -1.863   0
   6.84899807  -3.347  -2.474  -2.259  -2.042   0
   6.85021067  -3.490  -2.645  -2.438  -2.232   0
   6.85159922  -3.628  -2.818  -2.619  -2.426   0
   6.85260344  -3.722  -2.940  -2.748  -2.563   0
   6.85365915  -3.820  -3.071  -2.888  -2.713   0
   6.85475588  -3.926  -3.215  -3.041  -2.880   0
   6.85561943  -4.013  -3.336  -3.171  -3.021   0
   6.85643625  -4.101  -3.460  -3.304  -3.168   0
   6.85707664  -4.175  -3.567  -3.420  -3.295   0
   6.85772228  -4.254  -3.686  -3.547  -3.436   0
   6.85821295  -4.318  -3.784  -3.653  -3.554   0
   6.85869837  -4.384  -3.887  -3.765  -3.681   0
   6.85918856  -4.455  -4.002  -3.892  -3.823   0
   6.85951376  -4.504  -4.085  -3.983  -3.926   0
   6.85982370  -4.552  -4.169  -4.076  -4.031   0
   6.86009693  -4.594  -4.247  -4.161  -4.128   0
   6.86035490  -4.635  -4.322  -4.243  -4.221   0
   6.86064911  -4.676  -4.404  -4.332  -4.322   0
   6.86123180  -4.746  -4.545  -4.489  -4.501   0
   6.86186075  -4.791  -4.645  -4.601  -4.630   0
   6.86263371  -4.824  -4.728  -4.692  -4.734   0
   6.86433363  -4.858  -4.816  -4.790  -4.845   2
   6.86897326  -4.883  -4.768  -4.729  -4.768   0
   6.87250614  -4.875  -4.700  -4.652  -4.676   0
   6.87624884  -4.860  -4.638  -4.580  -4.590   0
   6.88060284  -4.835  -4.561  -4.491  -4.483   0
   6.88572454  -4.811  -4.489  -4.410  -4.389   0
   6.89297056  -4.774  -4.399  -4.309  -4.272   0
   6.89973593  -4.741  -4.326  -4.228  -4.177   0
   6.90752649  -4.708  -4.258  -4.153  -4.090   0
   6.91679811  -4.674  -4.189  -4.075  -4.000   0
   6.92738008  -4.640  -4.123  -4.000  -3.914   0
   6.93759966  -4.610  -4.066  -3.937  -3.841   0
   6.95124197  -4.581  -4.009  -3.873  -3.767   0
   6.96997547  -4.546  -3.943  -3.798  -3.680   0
   6.99015856  -4.515  -3.880  -3.727  -3.599   0
   7.00000000  -4.502  -3.853  -3.698  -3.565   0
   7.00105953  -4.500  -3.851  -3.695  -3.561   0
   7.03488731  -4.481  -3.800  -3.637  -3.493   0
   7.08587170  -4.495  -3.792  -3.624  -3.473   1
   7.13691759  -4.622  -3.945  -3.783  -3.643   0
   7.15285683  -4.711  -4.066  -3.911  -3.782   0
   7.16289806  -4.799  -4.186  -4.042  -3.926   0
   7.16757011  -4.872  -4.293  -4.158  -4.055   0
   7.17022562  -4.948  -4.410  -4.286  -4.199   0
   7.17150593  -5.009  -4.512  -4.398  -4.327   0
   7.17215395  -5.052  -4.594  -4.490  -4.431   0
   7.17252874  -5.081  -4.662  -4.567  -4.522   0
   7.17274761  -5.101  -4.717  -4.629  -4.594   0
   7.17294216  -5.116  -4.779  -4.698  -4.674   0
   7.17309904  -5.136  -4.844  -4.773  -4.764   0
   7.17322636  -5.165  -4.912  -4.852  -4.859   0
   7.17342091  -5.221  -5.039  -4.995  -5.025   0
   7.17354059  -5.259  -5.125  -5.089  -5.132   0
   7.17379475  -5.319  -5.254  -5.228  -5.288   0
   7.17566347  -5.251  -5.314  -5.309  -5.400   0
   7.17591000  -5.155  -5.311  -5.342  -5.493   3
   7.17616367  -4.962  -5.146  -5.310  -5.639   0
   7.17641020  -4.538  -4.641  -5.103  -5.778   0
   7.17653704  -4.228  -4.358  -4.947  -5.749   0
   7.17672396  -3.998  -4.169  -4.838  -5.711   4
   7.17687321  -4.108  -4.345  -5.081  -6.009   0
   7.17696285  -4.177  -4.443  -5.205  -6.155   0
   7.17722368  -4.176  -4.496  -5.306  -6.292   0
   7.17840242  -4.088  -4.518  -5.422  -6.480   0
   7.17995310  -4.168  -4.640  -5.575  -6.656   0
   7.18136024  -4.238  -4.747  -5.710  -6.812   0
   7.18246174  -4.312  -4.852  -5.838  -6.956   0
   7.18249893  -4.315  -4.856  -5.843  -6.962   0
