   0.15000001  13.864  12.830  11.474   9.865   0
   0.20000000  12.477  11.704  10.516   9.091   0
   0.25000000  11.711  11.015   9.892   8.549   0
   0.30000001  11.212  10.571   9.489   8.200   0
   0.34999999  10.778  10.183   9.137   7.893   0
   0.40000001  10.369   9.817   8.801   7.598   0
   0.44999999   9.883   9.391   8.411   7.256   0
   0.50000000   9.389   8.969   8.030   6.932   0
   0.55000001   8.763   8.460   7.583   6.560   0
   0.60000002   8.069   7.918   7.118   6.183   0
   0.69999999   6.786   6.902   6.275   5.490   0
   0.80000001   5.789   6.034   5.548   4.886   0
   0.89999998   5.045   5.302   4.909   4.348   0
   0.95436054   4.703   4.943   4.591   4.086   0
   1.00000000   4.449   4.661   4.339   3.881   0
   1.10000002   3.952   4.083   3.829   3.486   0
   1.20000005   3.533   3.567   3.389   3.186   0
   1.29999995   3.167   3.150   3.047   2.957   0
   1.39999998   2.831   2.839   2.791   2.770   0
   1.50000000   2.524   2.597   2.588   2.606   0
   1.60000002   2.246   2.392   2.413   2.456   0
   1.64740872   2.126   2.304   2.336   2.389   0
   1.70000005   1.999   2.212   2.255   2.316   1
   1.70195401   1.995   2.209   2.252   2.314   0
   1.75000000   1.886   2.129   2.181   2.249   0
   1.79999995   1.774   2.045   2.105   2.180   0
   1.89999998   1.564   1.887   1.960   2.047   0
   2.00000000   1.372   1.740   1.823   1.919   0
   2.04339767   1.291   1.676   1.763   1.863   0
   2.20000005   1.006   1.446   1.546   1.659   0
   2.29252815   0.850   1.317   1.424   1.543   0
   2.50000000   0.512   1.028   1.147   1.277   0
   2.50894856   0.499   1.016   1.136   1.266   0
   2.69136882   0.214   0.763   0.892   1.029   0
   2.84204841  -0.020   0.549   0.683   0.824   0
   2.97212720  -0.230   0.353   0.491   0.635   0
   3.00000000  -0.276   0.309   0.447   0.592   0
   3.09804058  -0.434   0.157   0.297   0.443   0
   3.19895506  -0.605  -0.013   0.128   0.273   0
   3.28621364  -0.762  -0.172  -0.030   0.113   1
   3.36079550  -0.906  -0.321  -0.180  -0.038   0
   3.42668462  -1.038  -0.461  -0.321  -0.182   0
   3.48512101  -1.169  -0.602  -0.464  -0.328   0
   3.50000000  -1.204  -0.640  -0.502  -0.367   0
   3.51207280  -1.232  -0.670  -0.532  -0.399   0
   3.53707075  -1.290  -0.729  -0.592  -0.459   0
   3.54910398  -1.316  -0.755  -0.617  -0.484   0
   3.56527257  -1.345  -0.776  -0.637  -0.502   3
   3.57424474  -1.352  -0.772  -0.629  -0.491   0
   3.58045721  -1.349  -0.741  -0.592  -0.446   0
   3.58226514  -1.348  -0.716  -0.562  -0.409   0
   3.58328867  -1.358  -0.703  -0.544  -0.384   0
   3.58344030  -1.349  -0.697  -0.538  -0.380   0
   3.58386588  -1.334  -0.714  -0.562  -0.413   0
   3.58433867  -1.440  -0.847  -0.701  -0.560   0
   3.58498120  -1.570  -1.006  -0.867  -0.735   0
   3.58582211  -1.682  -1.152  -1.021  -0.900   0
   3.58664370  -1.767  -1.271  -1.146  -1.036   0
   3.58758783  -1.851  -1.395  -1.279  -1.182   0
   3.58835196  -1.914  -1.496  -1.387  -1.300   0
   3.58916330  -1.979  -1.606  -1.505  -1.431   0
   3.58999324  -2.046  -1.726  -1.636  -1.577   0
   3.59055877  -2.090  -1.814  -1.731  -1.685   0
   3.59113383  -2.131  -1.907  -1.835  -1.803   0
   3.59141636  -2.152  -1.959  -1.892  -1.867   0
   3.59197521  -2.183  -2.061  -2.007  -2.002   0
   3.59252429  -2.195  -2.166  -2.131  -2.150   0
   3.59279871  -2.183  -2.207  -2.190  -2.227   0
   3.59307313  -2.162  -2.241  -2.244  -2.307   0
   3.59334755  -2.127  -2.258  -2.289  -2.390   0
   3.59357595  -2.088  -2.245  -2.309  -2.458   0
   3.59376812  -2.047  -2.205  -2.311  -2.513   3
   3.59395075  -1.997  -2.143  -2.300  -2.570   0
   3.59412432  -1.944  -2.059  -2.276  -2.621   0
   3.59425235  -1.897  -1.983  -2.246  -2.654   0
   3.59438014  -1.838  -1.893  -2.207  -2.686   0
   3.59450817  -1.761  -1.787  -2.160  -2.715   0
   3.59464502  -1.661  -1.669  -2.105  -2.736   0
   3.59481835  -1.518  -1.528  -2.032  -2.734   0
   3.59508324  -1.324  -1.350  -1.920  -2.686   0
   3.59535694  -1.174  -1.221  -1.840  -2.649   4
   3.59565854  -1.193  -1.275  -1.941  -2.789   0
   3.59588027  -1.269  -1.379  -2.070  -2.937   0
   3.59636760  -1.361  -1.497  -2.209  -3.092   0
   3.59741187  -1.439  -1.596  -2.323  -3.218   0
   3.62005663  -1.411  -1.538  -2.237  -3.111   0
   3.63674474  -1.455  -1.560  -2.236  -3.092   4
   3.65239596  -1.719  -1.784  -2.386  -3.180   0
   3.65896654  -1.956  -1.993  -2.505  -3.216   0
   3.66313076  -2.109  -2.141  -2.578  -3.211   0
   3.66633320  -2.206  -2.255  -2.631  -3.192   0
   3.66914296  -2.279  -2.349  -2.674  -3.171   0
   3.67259836  -2.348  -2.445  -2.719  -3.146   0
   3.67626619  -2.406  -2.530  -2.755  -3.117   0
   3.68068767  -2.466  -2.616  -2.788  -3.084   0
   3.68590045  -2.526  -2.702  -2.818  -3.047   0
   3.69120264  -2.582  -2.753  -2.831  -3.008   0
   3.69732976  -2.639  -2.793  -2.836  -2.965   0
   3.70347095  -2.692  -2.815  -2.831  -2.921   0
   3.71010733  -2.738  -2.811  -2.808  -2.873   0
   3.71767950  -2.781  -2.802  -2.781  -2.824   0
   3.72597098  -2.815  -2.781  -2.748  -2.776   0
   3.73663449  -2.845  -2.758  -2.713  -2.727   0
   3.75155592  -2.880  -2.738  -2.682  -2.683   0
   3.77399206  -2.928  -2.737  -2.672  -2.660   0
   3.77703071  -2.935  -2.743  -2.677  -2.665   1
   3.80134225  -3.031  -2.888  -2.833  -2.835   0
   3.80796051  -3.062  -2.964  -2.917  -2.932   0
   3.81272960  -3.084  -3.049  -3.015  -3.046   0
   3.81512237  -3.087  -3.109  -3.087  -3.133   0
   3.81680870  -3.068  -3.155  -3.153  -3.226   0
   3.81767607  -3.037  -3.173  -3.198  -3.308   0
   3.81815028  -3.004  -3.174  -3.224  -3.372   0
   3.81855083  -2.957  -3.136  -3.231  -3.439   3
   3.81887794  -2.890  -3.053  -3.217  -3.511   0
   3.81913137  -2.794  -2.917  -3.173  -3.582   0
   3.81922936  -2.731  -2.829  -3.136  -3.610   0
   3.81931114  -2.651  -2.724  -3.088  -3.634   0
   3.81941724  -2.494  -2.549  -3.001  -3.648   0
   3.81948256  -2.366  -2.424  -2.933  -3.640   0
   3.81958723  -2.099  -2.182  -2.779  -3.567   0
   3.81974792  -1.808  -1.949  -2.643  -3.513   4
   3.81982017  -1.861  -2.044  -2.777  -3.677   0
   3.81990051  -1.966  -2.189  -2.959  -3.886   0
   3.82084012  -2.084  -2.361  -3.172  -4.130   0
   3.82125735  -2.149  -2.472  -3.313  -4.292   0
   3.82178712  -2.220  -2.585  -3.455  -4.453   0
   3.82235670  -2.291  -2.698  -3.596  -4.613   0
   3.82296610  -2.370  -2.823  -3.751  -4.790   0
   3.82344699  -2.437  -2.929  -3.884  -4.941   0
   3.82392788  -2.506  -3.043  -4.028  -5.107   0
   3.82441664  -2.558  -3.164  -4.190  -5.299   0
   3.82475281  -2.586  -3.255  -4.316  -5.451   0
   3.82504940  -2.607  -3.339  -4.438  -5.599   0
   3.82530546  -2.627  -3.419  -4.554  -5.741   0
   3.82552171  -2.645  -3.495  -4.665  -5.877   0
   3.82574582  -2.664  -3.582  -4.792  -6.034   0
   3.82592201  -2.689  -3.650  -4.888  -6.149   0
   3.82607412  -2.702  -3.708  -4.971  -6.253   0
   3.82635403  -2.714  -3.749  -5.028  -6.323   0
   3.82647395  -2.724  -3.671  -4.900  -6.154   0
   3.82649803  -2.726  -3.660  -4.881  -6.130   0
   3.82652211  -2.726  -3.650  -4.865  -6.108   1
   3.82655406  -2.728  -3.691  -4.930  -6.191   0
   3.82660198  -2.721  -3.732  -4.998  -6.282   0
   3.82667422  -2.704  -3.787  -5.094  -6.411   0
   3.82668996  -2.700  -3.802  -5.121  -6.447   0
   3.82675838  -2.697  -3.817  -5.145  -6.479   0
   3.82682657  -2.695  -3.832  -5.170  -6.512   0
   3.82689500  -2.692  -3.846  -5.194  -6.545   0
   3.82694960  -2.690  -3.858  -5.214  -6.571   0
   3.82701778  -2.687  -3.872  -5.239  -6.603   0
   3.82708621  -2.683  -3.887  -5.263  -6.636   0
   3.82715368  -2.680  -3.901  -5.287  -6.669   0
   3.82722139  -2.676  -3.915  -5.312  -6.702   0
   3.82728887  -2.673  -3.924  -5.328  -6.724   0
   3.82735658  -2.672  -3.929  -5.338  -6.737   0
   3.82742405  -2.670  -3.935  -5.348  -6.750   0
   3.82749152  -2.667  -3.939  -5.355  -6.761   0
   3.82782626  -2.663  -3.949  -5.374  -6.787   0
   3.82816076  -2.658  -3.959  -5.393  -6.813   0
   3.82849598  -2.654  -3.970  -5.413  -6.839   0
   3.82883167  -2.649  -3.980  -5.431  -6.865   0
   3.82916880  -2.645  -3.990  -5.450  -6.891   0
   3.82950759  -2.640  -4.000  -5.469  -6.917   0
   3.82984805  -2.635  -4.008  -5.486  -6.941   0
   3.83019090  -2.630  -4.017  -5.502  -6.963   0
   3.83053708  -2.625  -4.025  -5.518  -6.986   0
   3.83088684  -2.620  -4.033  -5.534  -7.008   0
   3.83132601  -2.613  -4.043  -5.553  -7.035   0
   3.83176613  -2.617  -4.058  -5.575  -7.062   0
   3.83220768  -2.621  -4.072  -5.595  -7.088   0
   3.83265018  -2.626  -4.087  -5.615  -7.113   0
   3.83309412  -2.630  -4.101  -5.635  -7.138   0
   3.83353925  -2.635  -4.115  -5.655  -7.164   0
   3.83398628  -2.640  -4.129  -5.674  -7.189   0
   3.83442950  -2.644  -4.143  -5.693  -7.213   0
   3.83485222  -2.648  -4.157  -5.712  -7.237   0
   3.83525515  -2.652  -4.169  -5.729  -7.259   0
   3.83571434  -2.656  -4.183  -5.748  -7.284   0
   3.83614993  -2.660  -4.196  -5.767  -7.308   0
   3.83656383  -2.663  -4.208  -5.784  -7.330   0
   3.83702230  -2.667  -4.222  -5.803  -7.354   0
   3.83745670  -2.670  -4.234  -5.820  -7.377   0
   3.83786917  -2.673  -4.246  -5.837  -7.398   0
   3.83831668  -2.676  -4.258  -5.855  -7.421   0
   3.83874083  -2.679  -4.270  -5.871  -7.443   0
   3.83919287  -2.681  -4.282  -5.888  -7.465   0
   3.83966684  -2.684  -4.294  -5.906  -7.489   0
   3.84015775  -2.686  -4.306  -5.924  -7.512   0
   3.84066963  -2.687  -4.318  -5.941  -7.535   0
   3.84085631  -2.685  -4.320  -5.946  -7.542   0
   3.84097004  -2.683  -4.320  -5.947  -7.545   0
   3.84103608  -2.680  -4.319  -5.947  -7.545   0
   3.84107423  -2.676  -4.316  -5.945  -7.544   0
   3.84109592  -2.673  -4.313  -5.943  -7.542   0
   3.84110785  -2.669  -4.310  -5.940  -7.540   2
   3.84111428  -2.665  -4.307  -5.936  -7.537   0
   3.84111738  -2.660  -4.303  -5.933  -7.533   0
   3.84112048  -2.656  -4.299  -5.929  -7.530   0
   3.84112334  -2.651  -4.294  -5.925  -7.526   0
   3.84112716  -2.646  -4.290  -5.920  -7.522   0
