   0.15000001  13.756  12.789  11.451   9.864   0
   0.20000000  12.331  11.658  10.490   9.085   0
   0.25000000  11.554  10.972   9.867   8.540   0
   0.30000001  11.052  10.531   9.465   8.188   0
   0.34999999  10.616  10.146   9.114   7.879   0
   0.40000001  10.206   9.784   8.781   7.583   0
   0.44999999   9.718   9.357   8.390   7.236   0
   0.50000000   9.223   8.936   8.011   6.908   0
   0.55000001   8.595   8.423   7.565   6.535   0
   0.60000002   7.686   7.729   7.010   6.113   0
   0.60003293   7.685   7.729   7.010   6.113   0
   0.69999999   6.533   6.756   6.190   5.429   0
   0.80000001   5.601   5.898   5.454   4.816   0
   0.85706049   5.171   5.464   5.071   4.498   0
   0.89999998   4.877   5.156   4.797   4.269   0
   0.98784119   4.353   4.563   4.269   3.843   0
   1.00000000   4.286   4.484   4.198   3.787   0
   1.00072670   4.282   4.479   4.194   3.784   0
   1.08882833   3.834   3.928   3.712   3.431   0
   1.10000002   3.780   3.861   3.653   3.389   0
   1.18601286   3.398   3.402   3.265   3.125   0
   1.20000005   3.339   3.337   3.212   3.087   0
   1.23471761   3.196   3.178   3.082   2.996   0
   1.28954649   2.969   2.965   2.903   2.862   0
   1.29999995   2.927   2.925   2.869   2.836   0
   1.37012196   2.649   2.692   2.671   2.675   0
   1.39999998   2.535   2.601   2.592   2.608   0
   1.41070628   2.495   2.571   2.566   2.585   0
   1.47686636   2.250   2.382   2.401   2.440   0
   1.50000000   2.166   2.319   2.345   2.390   0
   1.50885117   2.133   2.294   2.323   2.370   0
   1.55305791   1.964   2.163   2.206   2.263   0
   1.58905780   1.826   2.055   2.106   2.170   0
   1.60000002   1.784   2.021   2.075   2.140   0
   1.60811043   1.754   1.996   2.052   2.118   0
   1.61561155   1.725   1.972   2.029   2.097   0
   1.64062858   1.629   1.889   1.950   2.020   0
   1.67283595   1.504   1.775   1.840   1.912   0
   1.70000005   1.395   1.671   1.737   1.810   0
   1.71735609   1.324   1.601   1.668   1.741   1
   1.74429333   1.209   1.483   1.550   1.621   0
   1.75000000   1.184   1.457   1.524   1.595   0
   1.76999998   1.095   1.360   1.427   1.495   0
   1.77520740   1.072   1.334   1.401   1.468   0
   1.79746759   0.965   1.214   1.278   1.342   0
   1.79999995   0.952   1.200   1.263   1.327   0
   1.80794001   0.913   1.155   1.219   1.281   0
   1.81793225   0.862   1.101   1.164   1.225   0
   1.82126606   0.844   1.084   1.148   1.208   0
   1.82865608   0.804   1.055   1.121   1.185   3
   1.83196747   0.784   1.054   1.125   1.193   0
   1.83420670   0.762   1.069   1.147   1.224   0
   1.83485484   0.738   1.073   1.158   1.241   0
   1.83523786   0.700   1.061   1.151   1.240   0
   1.83532333   0.706   1.062   1.151   1.239   0
   1.83555305   0.683   1.001   1.082   1.161   0
   1.83595383   0.573   0.857   0.932   1.002   0
   1.83674181   0.491   0.732   0.799   0.858   0
   1.83781993   0.430   0.628   0.687   0.734   0
   1.83892405   0.382   0.537   0.587   0.622   0
   1.84013152   0.337   0.437   0.473   0.493   0
   1.84105039   0.308   0.358   0.379   0.383   0
   1.84195971   0.288   0.277   0.279   0.259   0
   1.84255803   0.286   0.234   0.216   0.172   0
   1.84285593   0.288   0.213   0.184   0.126   0
   1.84345293   0.300   0.192   0.133   0.031   0
   1.84405017   0.316   0.208   0.101  -0.068   0
   1.84465134   0.344   0.272   0.098  -0.167   3
   1.84495485   0.363   0.325   0.112  -0.212   0
   1.84526014   0.390   0.389   0.134  -0.257   0
   1.84556866   0.423   0.466   0.164  -0.300   0
   1.84588349   0.474   0.553   0.202  -0.334   0
   1.84652507   0.593   0.709   0.284  -0.352   0
   1.84716535   0.741   0.863   0.380  -0.324   0
   1.84785306   0.855   0.974   0.447  -0.306   4
   1.84921753   0.797   0.893   0.331  -0.454   0
   1.85023320   0.706   0.789   0.214  -0.585   0
   1.85135770   0.599   0.672   0.088  -0.721   0
   1.85247016   0.490   0.554  -0.037  -0.853   0
   1.85359263   0.381   0.438  -0.160  -0.983   0
   1.85479271   0.272   0.320  -0.285  -1.115   0
   1.85593140   0.169   0.208  -0.404  -1.240   0
   1.85706699   0.070   0.098  -0.521  -1.365   0
   1.85754240   0.030   0.053  -0.570  -1.416   2
   1.85772812   0.280   0.331  -0.269  -1.095   0
   1.85775995   0.382   0.442  -0.151  -0.969   0
   1.85781455   0.476   0.544  -0.041  -0.851   0
   1.85790563   0.567   0.643   0.065  -0.737   0
   1.85810423   0.647   0.732   0.163  -0.630   0
   1.85906851   0.679   0.774   0.221  -0.557   0
   1.86245692   0.706   0.811   0.271  -0.494   4
   1.87096822   0.521   0.629   0.128  -0.596   0
   1.87652743   0.359   0.465   0.002  -0.678   0
   1.88056278   0.245   0.343  -0.083  -0.721   0
   1.88531661   0.129   0.207  -0.174  -0.754   0
   1.88893032   0.050   0.102  -0.240  -0.766   0
   1.89268768  -0.024  -0.002  -0.305  -0.774   0
   1.89655173  -0.084  -0.092  -0.362  -0.781   0
   1.89999998  -0.129  -0.156  -0.407  -0.795   0
   1.90119696  -0.145  -0.180  -0.423  -0.799   0
   1.90884018  -0.238  -0.312  -0.511  -0.823   0
   1.91529977  -0.320  -0.427  -0.584  -0.833   0
   1.92212677  -0.402  -0.529  -0.643  -0.841   0
   1.92956281  -0.487  -0.620  -0.699  -0.851   0
   1.93750906  -0.574  -0.699  -0.751  -0.864   0
   1.95655727  -0.751  -0.851  -0.878  -0.959   0
   1.95741916  -0.758  -0.858  -0.884  -0.964   1
   1.97005105  -0.850  -0.978  -1.021  -1.127   0
   1.97417963  -0.866  -1.012  -1.088  -1.244   0
   1.97565758  -0.867  -1.007  -1.112  -1.307   0
   1.97682762  -0.865  -0.996  -1.128  -1.359   0
   1.97764611  -0.862  -0.985  -1.139  -1.398   0
   1.97815871  -0.859  -0.971  -1.140  -1.421   0
   1.98005021  -0.863  -0.958  -1.152  -1.468   0
   1.98159742  -0.858  -0.933  -1.157  -1.515   3
   1.98243463  -0.772  -0.758  -1.103  -1.636   0
   1.98268020  -0.675  -0.625  -1.050  -1.688   0
   1.98284805  -0.557  -0.502  -0.987  -1.692   0
   1.98296571  -0.405  -0.352  -0.883  -1.640   0
   1.98299074  -0.349  -0.300  -0.844  -1.613   4
   1.98306859  -0.350  -0.328  -0.924  -1.744   0
   1.98312712  -0.472  -0.467  -1.084  -1.925   0
   1.98387277  -0.634  -0.665  -1.311  -2.177   0
   1.98415947  -0.771  -0.829  -1.496  -2.379   0
   1.98443556  -0.930  -1.017  -1.708  -2.609   0
   1.98467445  -1.137  -1.263  -1.984  -2.909   0
   1.98480856  -1.257  -1.404  -2.142  -3.082   0
   1.98491168  -1.339  -1.507  -2.260  -3.212   0
   1.98505712  -1.440  -1.644  -2.421  -3.390   0
   1.98519278  -1.545  -1.782  -2.581  -3.567   0
   1.98531795  -1.647  -1.921  -2.745  -3.748   0
   1.98542678  -1.740  -2.047  -2.893  -3.912   0
   1.98556161  -1.842  -2.187  -3.059  -4.097   0
   1.98566639  -1.931  -2.314  -3.213  -4.271   0
   1.98573875  -2.019  -2.437  -3.362  -4.440   0
   1.98580456  -2.080  -2.544  -3.502  -4.604   0
   1.98587441  -2.119  -2.630  -3.618  -4.742   0
   1.98592150  -2.159  -2.715  -3.731  -4.876   0
   1.98593044  -2.160  -2.715  -3.730  -4.874   1
   1.98593783  -2.184  -2.766  -3.799  -4.955   0
   1.98594427  -2.217  -2.836  -3.894  -5.068   0
   1.98595726  -2.226  -2.880  -3.961  -5.153   0
   1.98597062  -2.233  -2.898  -3.987  -5.184   0
   1.98598385  -2.240  -2.916  -4.012  -5.215   0
   1.98599708  -2.247  -2.934  -4.037  -5.245   0
   1.98600769  -2.253  -2.949  -4.057  -5.270   0
   1.98602092  -2.260  -2.967  -4.083  -5.301   0
   1.98603415  -2.267  -2.984  -4.108  -5.331   0
   1.98604727  -2.274  -3.002  -4.133  -5.362   0
   1.98606062  -2.281  -3.020  -4.158  -5.393   0
   1.98607373  -2.287  -3.037  -4.183  -5.423   0
   1.98608708  -2.294  -3.055  -4.208  -5.454   0
   1.98610008  -2.297  -3.062  -4.218  -5.467   0
   1.98611307  -2.298  -3.068  -4.227  -5.478   0
   1.98612607  -2.300  -3.074  -4.236  -5.488   0
   1.98613894  -2.302  -3.080  -4.244  -5.499   0
   1.98615193  -2.304  -3.086  -4.253  -5.510   0
   1.98616493  -2.306  -3.092  -4.262  -5.521   0
   1.98619306  -2.309  -3.101  -4.276  -5.539   0
   1.98624349  -2.314  -3.118  -4.300  -5.569   0
   1.98629367  -2.319  -3.134  -4.324  -5.599   0
   1.98634326  -2.324  -3.150  -4.348  -5.630   0
   1.98639262  -2.329  -3.166  -4.372  -5.660   0
   1.98644149  -2.333  -3.181  -4.396  -5.690   0
   1.98648977  -2.338  -3.197  -4.420  -5.720   0
   1.98653781  -2.342  -3.213  -4.444  -5.751   0
   1.98658550  -2.345  -3.228  -4.467  -5.781   0
   1.98663270  -2.346  -3.242  -4.490  -5.810   0
   1.98667943  -2.347  -3.256  -4.512  -5.839   0
   1.98672581  -2.347  -3.270  -4.535  -5.869   0
   1.98677182  -2.347  -3.286  -4.560  -5.902   0
   1.98681736  -2.348  -3.301  -4.585  -5.935   0
   1.98686242  -2.348  -3.316  -4.610  -5.969   0
   1.98690724  -2.347  -3.332  -4.635  -6.002   0
   1.98695147  -2.347  -3.346  -4.660  -6.035   0
   1.98698664  -2.346  -3.358  -4.680  -6.062   0
   1.98702157  -2.345  -3.370  -4.700  -6.089   0
   1.98705614  -2.344  -3.382  -4.720  -6.116   0
   1.98709047  -2.343  -3.393  -4.739  -6.142   0
   1.98712456  -2.342  -3.404  -4.759  -6.169   0
   1.98715842  -2.340  -3.416  -4.778  -6.195   0
   1.98719192  -2.339  -3.426  -4.797  -6.221   0
   1.98722529  -2.337  -3.437  -4.816  -6.248   0
   1.98725843  -2.334  -3.447  -4.835  -6.273   0
   1.98729146  -2.332  -3.458  -4.853  -6.299   0
   1.98732424  -2.329  -3.468  -4.872  -6.325   0
   1.98735678  -2.327  -3.477  -4.890  -6.350   0
   1.98738933  -2.326  -3.488  -4.908  -6.375   0
   1.98742163  -2.331  -3.502  -4.928  -6.400   0
   1.98745382  -2.336  -3.515  -4.947  -6.424   0
   1.98748600  -2.341  -3.529  -4.966  -6.448   0
   1.98751795  -2.346  -3.542  -4.985  -6.472   0
   1.98754990  -2.351  -3.555  -5.004  -6.495   0
   1.98758185  -2.355  -3.568  -5.022  -6.518   0
   1.98761356  -2.360  -3.581  -5.040  -6.541   0
   1.98764539  -2.364  -3.593  -5.058  -6.564   0
   1.98767710  -2.367  -3.605  -5.076  -6.586   0
   1.98770905  -2.371  -3.617  -5.093  -6.608   0
   1.98774099  -2.374  -3.628  -5.109  -6.629   0
   1.98778105  -2.378  -3.642  -5.130  -6.655   0
   1.98782134  -2.382  -3.655  -5.149  -6.680   0
   1.98786187  -2.384  -3.667  -5.168  -6.704   0
   1.98790181  -2.386  -3.678  -5.186  -6.727   0
   1.98793948  -2.388  -3.688  -5.201  -6.748   0
   1.98798215  -2.389  -3.698  -5.218  -6.770   0
   1.98802876  -2.389  -3.709  -5.236  -6.794   0
   1.98807836  -2.389  -3.720  -5.254  -6.818   0
   1.98813021  -2.388  -3.730  -5.271  -6.842   0
   1.98817837  -2.386  -3.738  -5.286  -6.863   0
   1.98822773  -2.380  -3.743  -5.297  -6.882   3
   1.98828483  -2.354  -3.731  -5.294  -6.888   0
