   0.15000001  13.866  12.831  11.475   9.866   0
   0.20000000  12.479  11.706  10.518   9.092   0
   0.25000000  11.712  11.016   9.893   8.550   0
   0.30000001  11.213  10.572   9.490   8.201   0
   0.34999999  10.780  10.185   9.138   7.894   0
   0.40000001  10.370   9.818   8.802   7.599   0
   0.44999999   9.885   9.393   8.413   7.258   0
   0.50000000   9.393   8.972   8.034   6.935   0
   0.55000001   8.770   8.465   7.588   6.564   0
   0.60000002   8.078   7.925   7.125   6.188   0
   0.69999999   6.800   6.915   6.287   5.501   0
   0.80000001   5.811   6.055   5.568   4.903   0
   0.89999998   5.075   5.334   4.937   4.374   0
   1.00000000   4.484   4.699   4.375   3.912   0
   1.10000002   3.992   4.127   3.871   3.524   0
   1.20000005   3.571   3.608   3.428   3.221   0
   1.29999995   3.208   3.193   3.087   2.993   0
   1.39999998   2.877   2.883   2.833   2.809   0
   1.50000000   2.580   2.649   2.637   2.653   0
   1.60000002   2.313   2.452   2.470   2.512   0
   1.67302322   2.139   2.328   2.363   2.418   0
   1.70000005   2.078   2.285   2.325   2.384   0
   1.75000000   1.971   2.208   2.257   2.324   0
   1.75787640   1.955   2.196   2.247   2.315   0
   1.79999995   1.868   2.135   2.192   2.266   0
   1.89999998   1.675   1.996   2.066   2.152   0
   2.00000000   1.502   1.867   1.948   2.044   0
   2.20000005   1.184   1.625   1.724   1.837   0
   2.50000000   0.775   1.302   1.421   1.555   0
   2.97812486   0.231   0.853   0.996   1.153   0
   3.00000000   0.207   0.834   0.977   1.136   0
   3.50000000  -0.273   0.422   0.584   0.761   0
   3.80520988  -0.534   0.194   0.366   0.552   0
   4.00000000  -0.695   0.053   0.230   0.421   0
   4.45051241  -1.043  -0.255  -0.066   0.135   0
   4.50000000  -1.080  -0.288  -0.098   0.104   0
   4.98130226  -1.425  -0.598  -0.398  -0.187   0
   5.00000000  -1.438  -0.610  -0.410  -0.199   0
   5.42285347  -1.746  -0.893  -0.686  -0.469   0
   5.77036095  -2.003  -1.134  -0.922  -0.700   0
   6.00000000  -2.180  -1.302  -1.088  -0.864   0
   6.08873510  -2.247  -1.366  -1.151  -0.926   0
   6.35790586  -2.458  -1.570  -1.353  -1.127   0
   6.58998060  -2.654  -1.763  -1.544  -1.318   1
   6.79059124  -2.838  -1.946  -1.728  -1.502   0
   6.96321821  -3.010  -2.122  -1.904  -1.681   0
   7.00000000  -3.051  -2.164  -1.946  -1.723   1
   7.11856079  -3.182  -2.301  -2.084  -1.864   0
   7.24601889  -3.338  -2.465  -2.251  -2.035   0
   7.30251169  -3.411  -2.542  -2.329  -2.115   0
   7.35577440  -3.481  -2.614  -2.402  -2.189   0
   7.38636112  -3.519  -2.652  -2.440  -2.228   0
   7.41187382  -3.540  -2.669  -2.456  -2.242   3
   7.43004990  -3.545  -2.665  -2.449  -2.233   0
   7.44269276  -3.527  -2.626  -2.405  -2.181   0
   7.44643307  -3.517  -2.602  -2.377  -2.148   0
   7.44871378  -3.519  -2.588  -2.357  -2.122   0
   7.44892788  -3.517  -2.587  -2.357  -2.123   0
   7.44993782  -3.519  -2.613  -2.391  -2.165   0
   7.45072174  -3.619  -2.737  -2.522  -2.305   0
   7.45146608  -3.739  -2.880  -2.671  -2.463   0
   7.45232058  -3.863  -3.030  -2.827  -2.629   0
   7.45327806  -3.983  -3.181  -2.986  -2.798   0
   7.45406055  -4.075  -3.300  -3.112  -2.933   0
   7.45487499  -4.168  -3.423  -3.243  -3.075   0
   7.45572853  -4.267  -3.556  -3.385  -3.229   0
   7.45660543  -4.371  -3.700  -3.539  -3.398   0
   7.45716619  -4.438  -3.796  -3.642  -3.511   0
   7.45767927  -4.502  -3.890  -3.744  -3.624   0
   7.45813704  -4.562  -3.980  -3.841  -3.731   0
   7.45859480  -4.626  -4.075  -3.944  -3.846   0
   7.45905209  -4.690  -4.176  -4.054  -3.970   0
   7.45944643  -4.748  -4.269  -4.157  -4.086   0
   7.45977020  -4.797  -4.352  -4.248  -4.188   0
   7.46010113  -4.845  -4.441  -4.346  -4.300   0
   7.46030617  -4.874  -4.497  -4.408  -4.371   0
   7.46056843  -4.911  -4.576  -4.495  -4.470   0
   7.46083117  -4.943  -4.657  -4.585  -4.573   0
   7.46109343  -4.974  -4.741  -4.680  -4.685   0
   7.46129417  -4.994  -4.807  -4.756  -4.775   0
   7.46148682  -5.005  -4.876  -4.835  -4.868   0
   7.46168709  -5.004  -4.945  -4.915  -4.964   0
   7.46187258  -4.987  -5.004  -4.988  -5.057   0
   7.46204996  -4.952  -5.048  -5.048  -5.143   0
   7.46221161  -4.903  -5.061  -5.087  -5.222   0
   7.46237373  -4.837  -5.030  -5.101  -5.300   3
   7.46248913  -4.779  -4.975  -5.096  -5.360   0
   7.46262026  -4.696  -4.878  -5.076  -5.431   0
   7.46279001  -4.578  -4.726  -5.030  -5.508   0
   7.46289015  -4.484  -4.615  -4.990  -5.549   0
   7.46299791  -4.360  -4.484  -4.937  -5.583   0
   7.46309805  -4.201  -4.337  -4.875  -5.607   0
   7.46320629  -4.015  -4.188  -4.809  -5.614   0
   7.46341419  -3.738  -3.978  -4.703  -5.591   0
   7.46362209  -3.577  -3.860  -4.640  -5.571   0
   7.46396017  -3.520  -3.891  -4.745  -5.730   0
   7.46431446  -3.558  -3.981  -4.872  -5.883   0
   7.46576643  -3.578  -4.017  -4.918  -5.936   2
   7.49808121  -3.686  -4.062  -4.914  -5.896   0
   7.50884485  -4.110  -4.366  -5.082  -5.962   0
   7.51031160  -4.421  -4.599  -5.185  -5.957   0
   7.51083183  -4.570  -4.721  -5.232  -5.935   0
   7.51134396  -4.684  -4.826  -5.270  -5.906   0
   7.51238394  -4.829  -4.980  -5.323  -5.846   0
   7.51451015  -4.954  -5.137  -5.369  -5.763   0
   7.51635885  -5.033  -5.235  -5.388  -5.697   0
   7.51861525  -5.099  -5.299  -5.397  -5.636   3
   7.52156115  -5.163  -5.341  -5.394  -5.572   0
   7.52462912  -5.213  -5.360  -5.383  -5.516   0
   7.52908707  -5.266  -5.345  -5.344  -5.438   0
   7.53347588  -5.299  -5.309  -5.292  -5.364   0
   7.53767776  -5.321  -5.268  -5.242  -5.299   0
   7.54311180  -5.331  -5.211  -5.176  -5.220   0
   7.54853535  -5.328  -5.154  -5.111  -5.142   0
   7.55420399  -5.321  -5.101  -5.050  -5.068   0
   7.56260777  -5.306  -5.037  -4.976  -4.979   0
   7.57143307  -5.283  -4.978  -4.905  -4.892   0
   7.58126736  -5.263  -4.917  -4.835  -4.809   0
   7.59279537  -5.245  -4.852  -4.763  -4.726   0
   7.60549355  -5.225  -4.792  -4.695  -4.648   0
   7.62082243  -5.201  -4.731  -4.626  -4.567   0
   7.63899422  -5.176  -4.673  -4.561  -4.491   0
   7.66363001  -5.160  -4.628  -4.509  -4.429   0
   7.69991970  -5.170  -4.618  -4.494  -4.407   1
   7.73740244  -5.271  -4.752  -4.636  -4.563   0
   7.75118589  -5.344  -4.861  -4.755  -4.694   0
   7.75980186  -5.407  -4.973  -4.876  -4.830   0
   7.76601696  -5.462  -5.088  -5.002  -4.970   0
   7.77049685  -5.512  -5.193  -5.118  -5.101   0
   7.77322102  -5.564  -5.284  -5.225  -5.231   0
   7.77538919  -5.602  -5.389  -5.345  -5.373   0
   7.77676964  -5.617  -5.500  -5.467  -5.517   0
   7.77785683  -5.586  -5.608  -5.596  -5.674   0
   7.77858162  -5.497  -5.650  -5.678  -5.823   0
   7.77886677  -5.417  -5.617  -5.687  -5.895   3
   7.77910566  -5.310  -5.521  -5.661  -5.961   0
   7.77929831  -5.196  -5.386  -5.615  -6.009   0
   7.77945280  -5.089  -5.258  -5.554  -6.025   0
   7.77957582  -4.999  -5.157  -5.505  -6.035   0
   7.77968407  -4.913  -5.062  -5.459  -6.044   0
   7.77976894  -4.859  -5.010  -5.458  -6.097   0
   7.77983856  -4.780  -4.941  -5.446  -6.143   0
   7.77993155  -4.699  -4.875  -5.430  -6.174   0
   7.78003216  -4.567  -4.778  -5.406  -6.214   0
   7.78010941  -4.384  -4.646  -5.353  -6.224   0
   7.78018665  -4.202  -4.520  -5.299  -6.227   0
   7.78034115  -4.013  -4.392  -5.236  -6.212   4
   7.78056574  -3.913  -4.358  -5.253  -6.265   0
   7.78191137  -3.875  -4.369  -5.302  -6.341   0
   7.78256893  -3.884  -4.423  -5.389  -6.453   0
   7.78333426  -3.909  -4.491  -5.490  -6.575   0
   7.78439331  -3.953  -4.581  -5.610  -6.718   0
   7.78577709  -3.992  -4.675  -5.736  -6.867   0
   7.78716040  -4.020  -4.756  -5.849  -7.002   0
   7.78841162  -4.039  -4.828  -5.953  -7.129   0
   7.78892183  -4.050  -4.861  -6.000  -7.187   0
