   0.15000001  13.649  12.683  11.361   9.785   0
   0.20000000  12.309  11.550  10.374   8.964   0
   0.25000000  11.559  10.878   9.766   8.437   0
   0.30000001  11.042  10.415   9.345   8.069   0
   0.34999999  10.595  10.016   8.981   7.753   0
   0.40000001  10.203   9.669   8.665   7.478   0
   0.44999999   9.693   9.226   8.261   7.127   0
   0.50000000   9.073   8.706   7.797   6.737   0
   0.55000001   8.238   8.047   7.227   6.269   0
   0.60000002   7.332   7.338   6.628   5.774   0
   0.60989130   7.152   7.191   6.506   5.673   0
   0.62844604   6.813   6.912   6.274   5.479   0
   0.64591825   6.491   6.644   6.050   5.289   0
   0.66254157   6.203   6.390   5.833   5.105   0
   0.67861307   5.915   6.133   5.612   4.915   0
   0.69516736   5.619   5.856   5.369   4.702   0
   0.69999999   5.535   5.774   5.295   4.638   0
   0.70189869   5.501   5.741   5.266   4.612   0
   0.71190935   5.314   5.556   5.098   4.462   0
   0.72413164   5.062   5.305   4.869   4.254   0
   0.74047273   4.677   4.909   4.501   3.917   0
   0.74407148   4.585   4.812   4.409   3.832   0
   0.74715310   4.502   4.725   4.326   3.753   0
   0.74885768   4.455   4.675   4.277   3.706   0
   0.74909192   4.448   4.669   4.271   3.700   0
   0.75776333   4.176   4.384   3.987   3.416   1
   0.76241255   3.999   4.204   3.789   3.194   0
   0.76560223   3.876   4.067   3.616   2.979   0
   0.76808703   3.832   3.986   3.458   2.742   0
   0.76916987   3.774   3.905   3.338   2.583   0
   0.76997453   3.691   3.793   3.198   2.419   0
   0.77072096   3.553   3.630   3.013   2.216   0
   0.77128500   3.419   3.482   2.854   2.047   0
   0.77180803   3.269   3.320   2.684   1.868   0
   0.77226573   3.117   3.158   2.516   1.694   0
   0.77268249   2.964   2.997   2.350   1.523   0
   0.77303308   2.816   2.842   2.189   1.356   0
   0.77334923   2.665   2.684   2.025   1.188   0
   0.77362293   2.525   2.531   1.865   1.021   0
   0.77387643   2.384   2.374   1.700   0.849   0
   0.77408701   2.252   2.228   1.546   0.689   0
   0.77428013   2.119   2.080   1.390   0.525   0
   0.77445912   1.983   1.929   1.229   0.357   0
   0.77460611   1.850   1.782   1.074   0.194   0
   0.77473670   1.722   1.640   0.921   0.033   0
   0.77485901   1.593   1.492   0.762  -0.136   0
   0.77496326   1.470   1.352   0.610  -0.296   0
   0.77505934   1.349   1.214   0.460  -0.456   0
   0.77514070   1.250   1.101   0.339  -0.584   0
   0.77521640   1.205   1.053   0.288  -0.637   0
   0.77528465   1.115   0.948   0.173  -0.760   0
   0.77534235   1.008   0.823   0.035  -0.908   0
   0.77540088   0.902   0.690  -0.113  -1.068   0
   0.77548695   0.746   0.489  -0.341  -1.313   0
   0.77552509   0.659   0.375  -0.471  -1.455   0
   0.77555919   0.572   0.260  -0.602  -1.598   0
   0.77559006   0.489   0.149  -0.731  -1.739   0
   0.77561760   0.409   0.039  -0.858  -1.880   0
   0.77564275   0.329  -0.070  -0.987  -2.022   0
   0.77566385   0.261  -0.168  -1.105  -2.153   0
   0.77568489   0.192  -0.272  -1.232  -2.297   0
   0.77570355   0.134  -0.373  -1.356  -2.438   0
   0.77572060   0.080  -0.471  -1.477  -2.576   0
   0.77573603   0.029  -0.565  -1.594  -2.710   0
   0.77574897  -0.008  -0.648  -1.703  -2.838   0
   0.77576029  -0.044  -0.729  -1.810  -2.963   0
   0.77577251  -0.080  -0.820  -1.932  -3.107   0
   0.77578139  -0.108  -0.890  -2.026  -3.219   0
   0.77579033  -0.136  -0.963  -2.126  -3.338   0
   0.77579844  -0.163  -1.038  -2.229  -3.462   0
   0.77580488  -0.176  -1.101  -2.319  -3.571   0
   0.77581137  -0.177  -1.153  -2.399  -3.673   0
   0.77581704  -0.176  -1.202  -2.474  -3.770   0
   0.77582192  -0.187  -1.256  -2.551  -3.864   0
   0.77582675  -0.195  -1.307  -2.626  -3.957   0
   0.77583086  -0.197  -1.345  -2.684  -4.031   2
   0.77583086   1.013   0.886   0.794   0.639   1
   0.77587008   0.988   0.879   0.717   0.468   0
   0.77591997   0.983   0.877   0.707   0.448   0
   0.77597278   0.980   0.874   0.702   0.442   0
   0.77602917   0.977   0.871   0.700   0.441   0
   0.77608860   0.974   0.867   0.698   0.442   0
   0.77615184   0.971   0.863   0.697   0.443   0
   0.77621716   0.969   0.861   0.695   0.443   0
   0.77628464   0.967   0.858   0.694   0.442   0
   0.77635294   0.965   0.858   0.688   0.431   0
   0.77642083   0.963   0.863   0.681   0.404   0
   0.77649033   0.960   0.873   0.673   0.370   0
   0.77655959   0.957   0.888   0.663   0.322   0
   0.77663141   0.956   0.909   0.653   0.265   0
   0.77670574   0.959   0.942   0.644   0.193   0
   0.77678329   0.973   0.983   0.636   0.118   0
   0.77686089   0.987   1.015   0.622   0.044   0
   0.77697778   0.990   1.026   0.589  -0.044   0
   0.77702224   0.982   1.021   0.568  -0.082   0
   0.77707571   0.974   1.007   0.536  -0.133   0
   0.77718264   0.909   0.926   0.405  -0.316   0
   0.77719903   0.895   0.910   0.379  -0.351   0
   0.77721208   0.853   0.841   0.266  -0.505   0
   0.77721506   0.815   0.780   0.171  -0.629   0
   0.77721727   0.703   0.636  -0.018  -0.857   0
   0.77721822   0.628   0.526  -0.157  -1.019   0
   0.77721918   0.544   0.411  -0.299  -1.181   0
   0.77722031   0.458   0.294  -0.441  -1.342   0
   0.77722222   0.397   0.215  -0.534  -1.446   0
   0.77723080   0.476   0.322  -0.404  -1.299   1
   0.77725095   0.391   0.210  -0.539  -1.451   0
   0.77726281   0.304   0.093  -0.683  -1.615   0
   0.77727169   0.216  -0.035  -0.840  -1.793   0
   0.77728057   0.141  -0.155  -0.989  -1.964   0
   0.77728945   0.063  -0.285  -1.154  -2.153   0
   0.77729607   0.018  -0.382  -1.286  -2.310   0
   0.77730149  -0.046  -0.490  -1.423  -2.467   0
   0.77730566  -0.113  -0.598  -1.558  -2.622   0
   0.77730912  -0.157  -0.691  -1.683  -2.768   0
   0.77731222  -0.193  -0.785  -1.808  -2.917   0
   0.77731508  -0.222  -0.876  -1.935  -3.070   0
   0.77731782  -0.253  -0.966  -2.059  -3.219   0
   0.77732062  -0.262  -1.042  -2.175  -3.363   0
   0.77732295  -0.277  -1.126  -2.299  -3.516   0
   0.77732331  -0.276  -1.196  -2.411  -3.659   0
   0.77732354  -0.278  -1.213  -2.436  -3.691   0
   0.77732396  -0.279  -1.228  -2.460  -3.720   0
   0.77732432  -0.279  -1.244  -2.483  -3.750   0
   0.77732468  -0.279  -1.259  -2.507  -3.780   0
   0.77732509  -0.279  -1.274  -2.530  -3.810   0
   0.77732545  -0.278  -1.289  -2.554  -3.840   0
   0.77732581  -0.278  -1.304  -2.577  -3.870   0
   0.77732617  -0.277  -1.316  -2.596  -3.894   0
   0.77732652  -0.277  -1.331  -2.619  -3.924   0
   0.77732688  -0.276  -1.346  -2.643  -3.954   0
   0.77732718  -0.275  -1.358  -2.661  -3.978   0
   0.77732760  -0.273  -1.372  -2.684  -4.008   0
   0.77732795  -0.271  -1.386  -2.707  -4.038   0
   0.77732825  -0.269  -1.397  -2.725  -4.062   0
   0.77732861  -0.266  -1.410  -2.747  -4.092   0
   0.77732903  -0.263  -1.423  -2.770  -4.122   0
   0.77732939  -0.260  -1.436  -2.792  -4.152   0
   0.77732974  -0.257  -1.449  -2.815  -4.182   0
   0.77733016  -0.253  -1.462  -2.837  -4.212   0
   0.77733052  -0.249  -1.475  -2.859  -4.242   0
   0.77733094  -0.245  -1.487  -2.881  -4.272   0
   0.77733129  -0.241  -1.499  -2.903  -4.302   0
   0.77733165  -0.237  -1.512  -2.925  -4.332   0
   0.77733207  -0.232  -1.524  -2.947  -4.362   0
   0.77733243  -0.227  -1.536  -2.969  -4.391   0
   0.77733278  -0.222  -1.547  -2.991  -4.421   0
   0.77733320  -0.216  -1.559  -3.013  -4.451   0
   0.77733356  -0.211  -1.571  -3.034  -4.481   0
   0.77733392  -0.205  -1.582  -3.056  -4.511   0
   0.77733433  -0.199  -1.592  -3.076  -4.540   0
   0.77733505  -0.191  -1.600  -3.093  -4.565   0
   0.77733588  -0.182  -1.609  -3.112  -4.594   0
   0.77733666  -0.173  -1.617  -3.131  -4.622   0
   0.77733749  -0.163  -1.625  -3.150  -4.651   0
   0.77733833  -0.152  -1.633  -3.169  -4.680   0
   0.77733916  -0.141  -1.640  -3.187  -4.708   0
   0.77733994  -0.130  -1.648  -3.206  -4.737   0
   0.77734005  -0.128  -1.648  -3.208  -4.740   0
