   0.15000001  13.747  12.783  11.446   9.861   0
   0.20000000  12.325  11.652  10.484   9.080   0
   0.25000000  11.548  10.967   9.863   8.536   0
   0.30000001  11.045  10.525   9.459   8.183   0
   0.34999999  10.609  10.140   9.108   7.873   0
   0.40000001  10.199   9.778   8.775   7.578   0
   0.44999999   9.705   9.346   8.380   7.227   0
   0.50000000   9.207   8.921   7.997   6.895   0
   0.55000001   8.574   8.405   7.549   6.522   0
   0.60000002   7.661   7.708   6.993   6.098   0
   0.69999999   6.495   6.722   6.161   5.404   0
   0.72855866   6.198   6.457   5.936   5.217   0
   0.80000001   5.548   5.846   5.408   4.776   0
   0.84288085   5.212   5.508   5.109   4.527   0
   0.89999998   4.805   5.077   4.725   4.207   0
   0.92535740   4.642   4.893   4.561   4.075   0
   0.98619932   4.267   4.463   4.177   3.766   0
   1.00000000   4.186   4.367   4.091   3.698   0
   1.04335320   3.944   4.071   3.832   3.508   0
   1.08661127   3.713   3.783   3.581   3.326   0
   1.10000002   3.642   3.697   3.507   3.274   0
   1.12567317   3.514   3.542   3.374   3.182   0
   1.16660810   3.312   3.308   3.177   3.043   0
   1.20000005   3.149   3.129   3.029   2.936   0
   1.21686232   3.066   3.044   2.957   2.882   0
   1.24247098   2.935   2.921   2.853   2.800   0
   1.26406097   2.823   2.816   2.764   2.730   0
   1.28253877   2.728   2.733   2.692   2.672   0
   1.29867709   2.647   2.666   2.634   2.623   0
   1.29999995   2.641   2.660   2.629   2.619   0
   1.32751381   2.495   2.538   2.523   2.529   0
   1.35305691   2.360   2.428   2.425   2.443   0
   1.37521493   2.244   2.332   2.338   2.362   0
   1.38414955   2.197   2.292   2.302   2.329   0
   1.39999998   2.113   2.218   2.233   2.262   0
   1.40819573   2.071   2.180   2.197   2.229   0
   1.43195558   1.945   2.061   2.082   2.115   0
   1.45550287   1.815   1.930   1.953   1.985   0
   1.47866452   1.680   1.785   1.807   1.835   0
   1.48990417   1.610   1.709   1.729   1.755   0
   1.50000000   1.543   1.637   1.657   1.681   0
   1.50035477   1.540   1.634   1.654   1.678   0
   1.50214875   1.527   1.621   1.641   1.665   0
   1.50782228   1.479   1.584   1.608   1.635   0
   1.51012993   1.450   1.574   1.604   1.637   3
   1.51172328   1.411   1.571   1.611   1.654   0
   1.51219928   1.372   1.560   1.608   1.658   0
   1.51248014   1.323   1.531   1.584   1.639   0
   1.51259708   1.324   1.518   1.568   1.620   0
   1.51287317   1.248   1.402   1.443   1.483   0
   1.51362824   1.170   1.282   1.313   1.341   0
   1.51518226   1.115   1.180   1.200   1.215   0
   1.51706052   1.067   1.084   1.087   1.081   0
   1.51867020   1.032   1.001   0.982   0.948   0
   1.51982820   1.014   0.944   0.903   0.840   0
   1.52093029   1.007   0.913   0.837   0.724   0
   1.52164948   1.005   0.916   0.805   0.645   0
   1.52234459   1.011   0.939   0.787   0.565   3
   1.52303445   1.023   0.993   0.788   0.485   0
   1.52370989   1.046   1.074   0.812   0.413   0
   1.52437103   1.092   1.178   0.850   0.350   0
   1.52506089   1.154   1.277   0.893   0.313   0
   1.52575791   1.243   1.385   0.952   0.308   0
   1.52680385   1.385   1.529   1.039   0.329   0
   1.52760804   1.450   1.592   1.074   0.332   4
   1.52974057   1.396   1.513   0.958   0.178   0
   1.53141820   1.268   1.370   0.799   0.005   0
   1.53302193   1.128   1.218   0.638  -0.167   0
   1.53450274   0.991   1.069   0.481  -0.332   0
   1.53601015   0.847   0.916   0.320  -0.501   0
   1.53749144   0.709   0.769   0.166  -0.662   0
   1.53902376   0.569   0.619   0.009  -0.827   0
   1.54034007   0.446   0.483  -0.137  -0.981   0
   1.54146945   0.330   0.351  -0.279  -1.130   0
   1.54240417   0.217   0.223  -0.417  -1.276   0
   1.54324281   0.102   0.092  -0.558  -1.426   0
   1.54403424  -0.016  -0.042  -0.702  -1.579   0
   1.54473960  -0.135  -0.176  -0.847  -1.734   0
   1.54539835  -0.248  -0.304  -0.986  -1.882   0
   1.54599571  -0.360  -0.433  -1.128  -2.033   0
   1.54649842  -0.467  -0.557  -1.264  -2.179   0
   1.54701281  -0.573  -0.680  -1.399  -2.325   0
   1.54747534  -0.633  -0.750  -1.476  -2.407   0
   1.54774535  -0.527  -0.625  -1.336  -2.255   0
   1.54782546  -0.488  -0.578  -1.284  -2.198   1
   1.54817808  -0.585  -0.692  -1.410  -2.334   0
   1.54854679  -0.682  -0.805  -1.534  -2.468   0
   1.54892302  -0.781  -0.920  -1.662  -2.605   0
   1.54927087  -0.873  -1.034  -1.790  -2.745   0
   1.54957080  -0.955  -1.139  -1.908  -2.873   0
   1.54985094  -1.035  -1.242  -2.027  -3.003   0
   1.55009460  -1.100  -1.332  -2.135  -3.124   0
   1.55032980  -1.173  -1.429  -2.247  -3.247   0
   1.55050111  -1.228  -1.501  -2.331  -3.339   2
   1.55050111   0.175   0.213  -0.116  -0.623   0
   1.55186558   0.218   0.288  -0.094  -0.673   4
   1.55327141   0.225   0.301  -0.099  -0.703   0
   1.55354989   0.219   0.294  -0.104  -0.706   0
   1.55540907   0.175   0.243  -0.140  -0.723   0
   1.55730581   0.128   0.188  -0.178  -0.738   0
   1.55923665   0.087   0.133  -0.215  -0.749   0
   1.56119657   0.047   0.079  -0.251  -0.760   0
   1.56317592   0.007   0.025  -0.287  -0.771   0
   1.56524730  -0.033  -0.029  -0.323  -0.782   0
   1.56728637  -0.068  -0.078  -0.357  -0.792   0
   1.56928492  -0.099  -0.119  -0.386  -0.804   0
   1.57123291  -0.127  -0.157  -0.415  -0.817   0
   1.57314217  -0.152  -0.187  -0.439  -0.834   0
   1.57405961  -0.163  -0.201  -0.451  -0.843   1
   1.57500923  -0.174  -0.211  -0.462  -0.855   0
   1.57679594  -0.191  -0.225  -0.481  -0.881   0
   1.57860124  -0.206  -0.232  -0.498  -0.915   0
   1.58055401  -0.217  -0.226  -0.513  -0.962   0
   1.58263397  -0.213  -0.196  -0.522  -1.026   0
   1.58352685  -0.200  -0.162  -0.519  -1.068   0
   1.58477831  -0.168  -0.111  -0.515  -1.124   0
   1.58778131  -0.096  -0.029  -0.513  -1.219   0
   1.58804619  -0.055   0.012  -0.502  -1.242   0
   1.58824718   0.017   0.070  -0.481  -1.256   0
   1.58830774   0.053   0.099  -0.468  -1.260   4
   1.58835340   0.070   0.108  -0.477  -1.286   0
   1.58838308  -0.023  -0.001  -0.607  -1.437   0
   1.58840835  -0.127  -0.124  -0.747  -1.594   0
   1.58845615  -0.228  -0.245  -0.886  -1.746   0
   1.58858955  -0.192  -0.200  -0.832  -1.686   1
   1.58893919  -0.311  -0.343  -0.994  -1.864   0
   1.58915949  -0.452  -0.510  -1.182  -2.068   0
   1.58932340  -0.595  -0.679  -1.371  -2.274   0
   1.58942056  -0.745  -0.855  -1.567  -2.486   0
   1.58951735  -0.866  -0.999  -1.729  -2.662   0
   1.58961725  -0.988  -1.143  -1.890  -2.837   0
   1.58971488  -1.087  -1.274  -2.043  -3.007   0
   1.58982134  -1.191  -1.419  -2.215  -3.198   0
   1.58990467  -1.283  -1.544  -2.362  -3.361   0
   1.58998048  -1.382  -1.678  -2.519  -3.535   0
   1.59003234  -1.472  -1.801  -2.665  -3.698   0
   1.59007967  -1.556  -1.917  -2.804  -3.853   0
   1.59013426  -1.643  -2.043  -2.957  -4.027   0
   1.59018278  -1.722  -2.156  -3.096  -4.184   0
   1.59020197  -1.790  -2.287  -3.268  -4.386   0
   1.59020853  -1.798  -2.304  -3.290  -4.413   0
   1.59021664  -1.807  -2.325  -3.318  -4.446   0
   1.59022295  -1.814  -2.341  -3.340  -4.473   0
   1.59022927  -1.822  -2.357  -3.362  -4.499   0
   1.59023714  -1.831  -2.378  -3.390  -4.532   0
   1.59024501  -1.839  -2.398  -3.417  -4.564   0
   1.59025288  -1.848  -2.418  -3.445  -4.597   0
   1.59026074  -1.857  -2.438  -3.472  -4.630   0
   1.59026861  -1.865  -2.458  -3.499  -4.663   0
   1.59027648  -1.874  -2.478  -3.527  -4.695   0
   1.59028268  -1.880  -2.493  -3.548  -4.722   0
   1.59029055  -1.889  -2.513  -3.576  -4.754   0
   1.59029841  -1.897  -2.533  -3.603  -4.787   0
   1.59030604  -1.905  -2.552  -3.630  -4.820   0
   1.59031367  -1.913  -2.572  -3.657  -4.853   0
   1.59032130  -1.921  -2.591  -3.684  -4.886   0
   1.59032893  -1.928  -2.611  -3.711  -4.918   0
   1.59033656  -1.936  -2.630  -3.738  -4.951   0
   1.59034419  -1.943  -2.649  -3.765  -4.984   0
   1.59035182  -1.951  -2.668  -3.792  -5.017   0
   1.59035945  -1.955  -2.678  -3.807  -5.035   0
   1.59036708  -1.958  -2.688  -3.821  -5.052   0
   1.59037471  -1.961  -2.697  -3.834  -5.068   0
   1.59038222  -1.965  -2.707  -3.848  -5.085   0
   1.59038985  -1.968  -2.717  -3.862  -5.102   0
   1.59039760  -1.972  -2.726  -3.876  -5.119   0
   1.59040511  -1.975  -2.736  -3.890  -5.136   0
   1.59041274  -1.979  -2.746  -3.904  -5.153   0
   1.59042764  -1.982  -2.757  -3.920  -5.174   0
   1.59045303  -1.988  -2.774  -3.945  -5.205   0
   1.59047830  -1.993  -2.791  -3.971  -5.237   0
   1.59050333  -1.998  -2.808  -3.996  -5.269   0
   1.59052825  -2.003  -2.824  -4.021  -5.301   0
   1.59055293  -2.008  -2.841  -4.046  -5.333   0
   1.59057736  -2.012  -2.858  -4.071  -5.364   0
   1.59060168  -2.017  -2.874  -4.096  -5.396   0
   1.59062588  -2.021  -2.891  -4.121  -5.428   0
   1.59064972  -2.023  -2.906  -4.145  -5.459   0
   1.59067345  -2.023  -2.921  -4.169  -5.490   0
   1.59069705  -2.024  -2.935  -4.192  -5.521   0
   1.59072042  -2.024  -2.949  -4.216  -5.551   0
   1.59074354  -2.024  -2.964  -4.239  -5.582   0
   1.59076643  -2.023  -2.978  -4.262  -5.613   0
   1.59078932  -2.023  -2.992  -4.285  -5.644   0
   1.59081185  -2.022  -3.005  -4.308  -5.675   0
   1.59083426  -2.021  -3.019  -4.331  -5.706   0
   1.59085643  -2.020  -3.032  -4.354  -5.736   0
   1.59087837  -2.018  -3.045  -4.377  -5.767   0
   1.59090018  -2.016  -3.058  -4.399  -5.798   0
   1.59092176  -2.014  -3.071  -4.422  -5.829   0
   1.59094322  -2.011  -3.084  -4.445  -5.861   0
   1.59096444  -2.009  -3.097  -4.469  -5.894   0
   1.59098554  -2.005  -3.111  -4.493  -5.927   0
   1.59100223  -2.003  -3.121  -4.512  -5.953   0
   1.59101868  -2.000  -3.131  -4.531  -5.980   0
   1.59103513  -1.996  -3.141  -4.550  -6.007   0
   1.59105158  -1.993  -3.151  -4.569  -6.034   0
   1.59106779  -1.989  -3.161  -4.588  -6.060   0
   1.59108388  -1.994  -3.175  -4.608  -6.086   0
   1.59109998  -1.999  -3.190  -4.629  -6.112   0
   1.59111595  -2.004  -3.204  -4.649  -6.138   0
   1.59113181  -2.009  -3.218  -4.669  -6.163   0
   1.59114766  -2.013  -3.231  -4.689  -6.188   0
   1.59116340  -2.018  -3.245  -4.709  -6.213   0
   1.59117913  -2.022  -3.258  -4.728  -6.238   0
   1.59119475  -2.026  -3.271  -4.747  -6.262   0
   1.59121025  -2.029  -3.284  -4.766  -6.287   0
   1.59122586  -2.033  -3.296  -4.785  -6.310   0
   1.59124529  -2.036  -3.312  -4.808  -6.340   0
   1.59126472  -2.040  -3.326  -4.830  -6.368   0
   1.59128428  -2.042  -3.340  -4.851  -6.396   0
   1.59130371  -2.044  -3.353  -4.872  -6.423   0
   1.59132290  -2.045  -3.365  -4.891  -6.449   0
   1.59134102  -2.045  -3.375  -4.909  -6.472   0
   1.59136128  -2.044  -3.385  -4.926  -6.496   0
   1.59138322  -2.042  -3.394  -4.942  -6.519   0
   1.59140635  -2.038  -3.402  -4.956  -6.541   0
   1.59142590  -2.031  -3.404  -4.965  -6.557   0
