   0.15000001  13.866  12.831  11.475   9.866   0
   0.20000000  12.479  11.706  10.518   9.092   0
   0.25000000  11.712  11.016   9.893   8.550   0
   0.30000001  11.213  10.572   9.490   8.201   0
   0.34999999  10.780  10.185   9.138   7.894   0
   0.40000001  10.370   9.818   8.802   7.599   0
   0.44999999   9.885   9.393   8.413   7.258   0
   0.50000000   9.393   8.972   8.034   6.935   0
   0.55000001   8.769   8.465   7.587   6.564   0
   0.60000002   8.077   7.925   7.125   6.188   0
   0.69999999   6.800   6.914   6.286   5.500   0
   0.80000001   5.811   6.055   5.567   4.903   0
   0.89999998   5.074   5.332   4.936   4.373   0
   1.00000000   4.482   4.698   4.373   3.911   0
   1.10000002   3.991   4.125   3.870   3.522   0
   1.20000005   3.569   3.607   3.427   3.220   0
   1.29999995   3.206   3.191   3.085   2.991   0
   1.39999998   2.875   2.882   2.831   2.807   0
   1.50000000   2.578   2.647   2.635   2.651   0
   1.60000002   2.311   2.450   2.468   2.509   0
   1.64320111   2.207   2.376   2.404   2.453   0
   1.70000005   2.076   2.281   2.321   2.381   0
   1.75000000   1.968   2.205   2.254   2.321   0
   1.79999995   1.864   2.131   2.188   2.262   0
   1.89999998   1.671   1.991   2.062   2.148   0
   2.00000000   1.496   1.862   1.943   2.039   0
   2.20000005   1.177   1.618   1.717   1.830   0
   2.50000000   0.766   1.292   1.411   1.545   0
   2.82849097   0.379   0.974   1.110   1.260   0
   3.00000000   0.192   0.818   0.962   1.120   0
   3.50000000  -0.294   0.400   0.562   0.739   0
   3.59463334  -0.378   0.326   0.492   0.671   0
   4.00000000  -0.726   0.020   0.198   0.388   0
   4.19777203  -0.885  -0.121   0.062   0.257   0
   4.50000000  -1.121  -0.332  -0.143   0.058   0
   4.68877316  -1.263  -0.459  -0.266  -0.061   0
   5.00000000  -1.501  -0.677  -0.478  -0.268   0
   5.09754705  -1.576  -0.745  -0.545  -0.333   0
   5.42420816  -1.833  -0.986  -0.781  -0.565   0
   5.70838022  -2.064  -1.206  -0.997  -0.779   0
   5.95143509  -2.270  -1.404  -1.193  -0.974   0
   6.00000000  -2.314  -1.447  -1.236  -1.016   0
   6.17699289  -2.472  -1.603  -1.391  -1.171   0
   6.36503124  -2.653  -1.784  -1.572  -1.353   1
   6.52684021  -2.823  -1.958  -1.746  -1.529   0
   6.66628027  -2.986  -2.126  -1.916  -1.702   0
   6.78643703  -3.142  -2.290  -2.081  -1.871   0
   6.84003258  -3.215  -2.367  -2.159  -1.951   0
   6.88980532  -3.284  -2.438  -2.231  -2.024   0
   6.91651487  -3.319  -2.473  -2.266  -2.059   0
   6.94268274  -3.343  -2.491  -2.283  -2.075   3
   6.95886087  -3.345  -2.483  -2.272  -2.061   0
   6.97010565  -3.328  -2.446  -2.229  -2.011   0
   6.97342873  -3.318  -2.420  -2.199  -1.975   0
   6.97541952  -3.319  -2.406  -2.181  -1.952   0
   6.97561693  -3.316  -2.405  -2.179  -1.950   0
   6.97636223  -3.316  -2.423  -2.204  -1.982   0
   6.97707701  -3.388  -2.517  -2.305  -2.090   0
   6.97778130  -3.499  -2.651  -2.443  -2.238   0
   6.97860193  -3.625  -2.802  -2.602  -2.405   0
   6.97953844  -3.747  -2.954  -2.761  -2.574   0
   6.98057079  -3.867  -3.110  -2.925  -2.750   0
   6.98139048  -3.959  -3.230  -3.053  -2.888   0
   6.98227024  -4.057  -3.363  -3.195  -3.042   0
   6.98316479  -4.160  -3.505  -3.347  -3.209   0
   6.98377132  -4.230  -3.606  -3.456  -3.328   0
   6.98438787  -4.305  -3.716  -3.575  -3.460   0
   6.98494816  -4.377  -3.826  -3.693  -3.591   0
   6.98544836  -4.444  -3.929  -3.805  -3.717   0
   6.98587179  -4.502  -4.022  -3.908  -3.833   0
   6.98629093  -4.563  -4.124  -4.019  -3.958   0
   6.98665428  -4.614  -4.217  -4.122  -4.074   0
   6.98683596  -4.638  -4.265  -4.175  -4.134   0
   6.98713589  -4.679  -4.351  -4.269  -4.243   0
   6.98743629  -4.716  -4.443  -4.371  -4.360   0
   6.98768091  -4.743  -4.520  -4.458  -4.461   0
   6.98792601  -4.764  -4.600  -4.551  -4.571   0
   6.98817110  -4.773  -4.683  -4.647  -4.685   0
   6.98835611  -4.766  -4.745  -4.721  -4.775   0
   6.98854065  -4.738  -4.794  -4.785  -4.862   0
   6.98872566  -4.691  -4.820  -4.836  -4.951   0
   6.98890543  -4.625  -4.806  -4.862  -5.038   3
   6.98908043  -4.539  -4.732  -4.860  -5.128   0
   6.98919010  -4.471  -4.651  -4.843  -5.187   0
   6.98929024  -4.407  -4.567  -4.821  -5.235   0
   6.98938990  -4.333  -4.471  -4.786  -5.276   0
   6.98948479  -4.241  -4.362  -4.745  -5.314   0
   6.98958492  -4.117  -4.233  -4.693  -5.347   0
   6.98968983  -3.939  -4.071  -4.626  -5.372   0
   6.98980951  -3.752  -3.920  -4.556  -5.375   0
   6.98993921  -3.600  -3.803  -4.493  -5.356   0
   6.99019909  -3.360  -3.626  -4.397  -5.322   0
   6.99052095  -3.329  -3.672  -4.509  -5.483   0
   6.99075031  -3.355  -3.736  -4.600  -5.593   0
   6.99218369  -3.385  -3.798  -4.684  -5.692   0
   7.00000000  -3.410  -3.808  -4.683  -5.683   0
   7.02303743  -3.483  -3.839  -4.681  -5.657   4
   7.03377056  -3.820  -4.086  -4.827  -5.727   0
   7.03523302  -4.115  -4.301  -4.928  -5.736   0
   7.03575182  -4.281  -4.431  -4.977  -5.715   0
   7.03626251  -4.408  -4.544  -5.019  -5.686   0
   7.03729963  -4.567  -4.706  -5.075  -5.630   0
   7.03941965  -4.693  -4.861  -5.125  -5.556   0
   7.04126310  -4.775  -4.964  -5.150  -5.492   0
   7.04351330  -4.841  -5.040  -5.164  -5.435   0
   7.04645014  -4.910  -5.103  -5.172  -5.371   3
   7.04950905  -4.962  -5.127  -5.164  -5.315   0
   7.05395460  -5.020  -5.126  -5.133  -5.239   0
   7.05833006  -5.062  -5.103  -5.090  -5.168   0
   7.06251955  -5.090  -5.068  -5.045  -5.105   0
   7.06793737  -5.101  -5.012  -4.980  -5.026   0
   7.07334471  -5.105  -4.958  -4.917  -4.950   0
   7.07899618  -5.102  -4.904  -4.855  -4.876   0
   7.08737421  -5.090  -4.842  -4.783  -4.788   0
   7.09617233  -5.072  -4.781  -4.711  -4.701   0
   7.10597563  -5.054  -4.721  -4.641  -4.618   0
   7.11746693  -5.038  -4.658  -4.570  -4.536   0
   7.13012409  -5.017  -4.598  -4.503  -4.458   0
   7.14540291  -4.994  -4.538  -4.435  -4.377   0
   7.16351366  -4.970  -4.481  -4.371  -4.302   0
   7.18806410  -4.955  -4.433  -4.314  -4.235   0
   7.22422361  -4.969  -4.428  -4.305  -4.219   1
   7.26005030  -5.066  -4.556  -4.441  -4.367   0
   7.27322435  -5.135  -4.656  -4.550  -4.488   0
   7.28145885  -5.199  -4.761  -4.664  -4.616   0
   7.28739929  -5.253  -4.870  -4.782  -4.748   0
   7.29168081  -5.296  -4.965  -4.885  -4.863   0
   7.29428482  -5.342  -5.051  -4.984  -4.981   0
   7.29635668  -5.382  -5.145  -5.092  -5.109   0
   7.29767609  -5.406  -5.240  -5.200  -5.236   0
   7.29871511  -5.408  -5.347  -5.320  -5.377   0
   7.29940796  -5.362  -5.427  -5.424  -5.515   0
   7.29968023  -5.313  -5.439  -5.456  -5.580   0
   7.29990864  -5.247  -5.421  -5.470  -5.643   3
   7.30009270  -5.170  -5.371  -5.463  -5.696   0
   7.30024004  -5.091  -5.297  -5.437  -5.734   0
   7.30035830  -5.012  -5.204  -5.405  -5.768   0
   7.30046129  -4.938  -5.115  -5.373  -5.797   0
   7.30054235  -4.873  -5.033  -5.348  -5.841   0
   7.30060863  -4.787  -4.934  -5.315  -5.882   0
   7.30069733  -4.692  -4.834  -5.271  -5.900   0
   7.30079317  -4.543  -4.697  -5.218  -5.930   0
   7.30086708  -4.333  -4.527  -5.145  -5.945   0
   7.30094051  -4.108  -4.360  -5.071  -5.947   0
   7.30108833  -3.868  -4.187  -4.983  -5.925   4
   7.30130196  -3.750  -4.149  -5.014  -6.006   0
   7.30258560  -3.699  -4.170  -5.091  -6.121   0
   7.30321217  -3.710  -4.235  -5.194  -6.253   0
   7.30394220  -3.742  -4.316  -5.311  -6.396   0
   7.30495214  -3.780  -4.406  -5.436  -6.545   0
   7.30627108  -3.815  -4.502  -5.568  -6.702   0
   7.30759001  -3.840  -4.587  -5.687  -6.846   0
   7.30878353  -3.857  -4.663  -5.800  -6.985   0
   7.30926991  -3.868  -4.701  -5.853  -7.051   0
