   0.15000001  13.767  12.796  11.456   9.868   0
   0.20000000  12.340  11.666  10.497   9.092   0
   0.25000000  11.562  10.979   9.874   8.546   0
   0.30000001  11.061  10.539   9.472   8.194   0
   0.34999999  10.625  10.155   9.121   7.886   0
   0.40000001  10.214   9.791   8.787   7.589   0
   0.44999999   9.733   9.371   8.403   7.248   0
   0.50000000   9.245   8.956   8.029   6.924   0
   0.55000001   8.632   8.453   7.591   6.558   0
   0.60000002   7.739   7.774   7.049   6.147   0
   0.69999999   6.600   6.817   6.244   5.476   0
   0.80000001   5.687   5.983   5.529   4.881   0
   0.89999998   4.983   5.269   4.899   4.357   0
   1.00000000   4.414   4.634   4.335   3.900   0
   1.10000002   3.945   4.063   3.834   3.530   0
   1.20000005   3.544   3.562   3.410   3.250   0
   1.29999995   3.186   3.182   3.101   3.038   0
   1.39999998   2.863   2.901   2.867   2.863   0
   1.50000000   2.577   2.682   2.683   2.712   0
   1.60000002   2.322   2.498   2.526   2.578   0
   1.70000005   2.093   2.336   2.385   2.454   0
   1.75000000   1.987   2.262   2.319   2.395   0
   1.76999998   1.947   2.233   2.294   2.372   0
   1.79999995   1.888   2.190   2.255   2.338   0
   1.89999998   1.701   2.056   2.134   2.229   0
   2.00000000   1.531   1.933   2.022   2.127   0
   2.20000005   1.235   1.715   1.822   1.946   0
   2.31377363   1.081   1.596   1.711   1.844   0
   2.50000000   0.846   1.414   1.542   1.688   0
   3.00000000   0.318   0.986   1.140   1.313   0
   3.50000000  -0.125   0.614   0.787   0.979   0
   4.00000000  -0.508   0.286   0.474   0.679   0
   4.31948662  -0.729   0.094   0.290   0.503   0
   4.50000000  -0.848  -0.010   0.190   0.407   0
   5.00000000  -1.154  -0.281  -0.070   0.157   0
   5.71314716  -1.543  -0.629  -0.406  -0.166   0
   6.00000000  -1.692  -0.763  -0.535  -0.291   0
   6.81384373  -2.097  -1.133  -0.894  -0.637   0
   7.00000000  -2.189  -1.217  -0.975  -0.717   0
   7.67786837  -2.514  -1.518  -1.268  -1.001   0
   8.39986706  -2.853  -1.834  -1.576  -1.303   0
   8.99961090  -3.151  -2.116  -1.854  -1.576   0
   9.00000000  -3.151  -2.117  -1.854  -1.576   0
   9.52748871  -3.401  -2.354  -2.087  -1.806   0
  10.40699005  -3.853  -2.795  -2.526  -2.243   1
  11.07048035  -4.239  -3.185  -2.917  -2.638   0
  11.56499481  -4.585  -3.546  -3.283  -3.012   0
  11.76463795  -4.744  -3.713  -3.453  -3.186   0
  11.82751846  -4.791  -3.761  -3.502  -3.235   0
  11.89721775  -4.819  -3.774  -3.511  -3.239   3
  11.92355442  -4.810  -3.737  -3.466  -3.185   0
  11.92769337  -4.823  -3.733  -3.457  -3.172   0
  11.92990589  -4.813  -3.745  -3.475  -3.196   0
  11.93018246  -4.821  -3.758  -3.489  -3.212   0
  11.93151188  -4.901  -3.860  -3.598  -3.329   0
  11.93271446  -4.994  -3.979  -3.725  -3.466   0
  11.93402290  -5.107  -4.123  -3.878  -3.632   0
  11.93507671  -5.208  -4.251  -4.014  -3.779   0
  11.93611050  -5.319  -4.388  -4.161  -3.938   0
  11.93708038  -5.421  -4.517  -4.300  -4.089   0
  11.93794537  -5.522  -4.647  -4.440  -4.242   0
  11.93883133  -5.625  -4.785  -4.587  -4.402   0
  11.93958950  -5.722  -4.919  -4.731  -4.558   0
  11.94039059  -5.831  -5.069  -4.894  -4.738   0
  11.94106483  -5.930  -5.206  -5.043  -4.903   0
  11.94176006  -6.044  -5.365  -5.215  -5.093   0
  11.94235134  -6.138  -5.499  -5.361  -5.254   0
  11.94291973  -6.226  -5.626  -5.498  -5.407   0
  11.94344616  -6.297  -5.731  -5.612  -5.535   0
  11.94399452  -6.359  -5.836  -5.725  -5.658   0
  11.94439411  -6.400  -5.910  -5.804  -5.745   0
  11.94481564  -6.433  -5.973  -5.871  -5.817   0
  11.94574165  -6.506  -6.105  -6.014  -5.975   0
  11.94671154  -6.554  -6.197  -6.113  -6.084   0
  11.94799614  -6.615  -6.294  -6.222  -6.211   0
  11.94999599  -6.655  -6.341  -6.277  -6.277   0
  11.95199585  -6.694  -6.387  -6.331  -6.342   2
  11.95841885  -6.649  -6.325  -6.249  -6.233   0
  11.96253872  -6.612  -6.243  -6.156  -6.125   0
  11.96859837  -6.561  -6.124  -6.026  -5.978   0
  11.97456932  -6.516  -6.021  -5.915  -5.855   0
  11.98239136  -6.463  -5.904  -5.788  -5.716   0
  11.99101925  -6.404  -5.798  -5.673  -5.584   0
  11.99949074  -6.351  -5.712  -5.576  -5.475   0
  12.00000000  -6.348  -5.707  -5.571  -5.468   0
  12.00080395  -6.343  -5.699  -5.562  -5.459   0
  12.01232052  -6.285  -5.606  -5.460  -5.344   0
  12.02334881  -6.234  -5.528  -5.374  -5.247   0
  12.03669643  -6.183  -5.447  -5.286  -5.148   0
  12.05165005  -6.134  -5.372  -5.203  -5.056   0
  12.07023716  -6.082  -5.294  -5.118  -4.960   0
  12.09147835  -6.031  -5.219  -5.035  -4.867   0
  12.11904907  -5.976  -5.142  -4.949  -4.771   0
  12.15302563  -5.929  -5.070  -4.870  -4.682   0
  12.19909573  -5.886  -5.003  -4.796  -4.600   0
  12.28637981  -5.872  -4.969  -4.757  -4.554   1
  12.39268112  -5.988  -5.106  -4.900  -4.706   0
  12.42775631  -6.069  -5.213  -5.015  -4.829   0
  12.44904232  -6.144  -5.310  -5.119  -4.944   0
  12.46345711  -6.220  -5.404  -5.222  -5.058   0
  12.47347832  -6.290  -5.500  -5.326  -5.172   0
  12.47964287  -6.357  -5.595  -5.430  -5.288   0
  12.48250675  -6.401  -5.659  -5.499  -5.365   0
  12.48505688  -6.453  -5.741  -5.589  -5.465   0
  12.48655224  -6.497  -5.814  -5.669  -5.556   0
  12.48752022  -6.532  -5.885  -5.748  -5.646   0
  12.48818111  -6.572  -5.959  -5.833  -5.746   0
  12.48862076  -6.612  -6.034  -5.918  -5.843   0
  12.48884106  -6.637  -6.091  -5.978  -5.910   0
  12.48940468  -6.710  -6.249  -6.147  -6.093   0
  12.49004745  -6.804  -6.430  -6.343  -6.311   0
  12.49069118  -6.897  -6.580  -6.513  -6.509   0
  12.49129391  -6.960  -6.683  -6.633  -6.654   0
  12.49161530  -6.976  -6.729  -6.683  -6.713   0
  12.49222851  -6.983  -6.804  -6.766  -6.809   0
  12.49280262  -6.967  -6.887  -6.859  -6.917   0
  12.49310875  -6.950  -6.929  -6.913  -6.986   0
  12.49337673  -6.934  -6.956  -6.961  -7.067   0
  12.49368286  -6.848  -6.979  -7.004  -7.153   3
  12.49395084  -6.715  -6.911  -6.998  -7.246   0
  12.49421883  -6.490  -6.679  -6.921  -7.355   0
  12.49448681  -6.041  -6.211  -6.720  -7.437   0
  12.49463940  -5.716  -5.937  -6.579  -7.420   0
  12.49475384  -5.372  -5.670  -6.423  -7.359   0
  12.49486923  -5.213  -5.555  -6.360  -7.340   4
  12.49501801  -5.160  -5.600  -6.491  -7.535   0
  12.49509239  -5.217  -5.694  -6.613  -7.678   0
  12.49516773  -5.279  -5.792  -6.738  -7.823   0
  12.49546623  -5.359  -5.915  -6.893  -8.003   0
  12.49677086  -5.437  -6.028  -7.033  -8.164   0
