   0.15000001  13.735  12.775  11.440   9.857   0
   0.20000000  12.316  11.644  10.477   9.074   0
   0.25000000  11.540  10.960   9.856   8.530   0
   0.30000001  11.036  10.517   9.452   8.176   0
   0.34999999  10.599  10.131   9.099   7.866   0
   0.40000001  10.191   9.770   8.768   7.572   0
   0.44999999   9.693   9.335   8.369   7.217   0
   0.50000000   9.191   8.908   7.985   6.885   0
   0.55000001   8.550   8.385   7.532   6.507   0
   0.60000002   7.628   7.681   6.969   6.078   0
   0.63404787   7.189   7.316   6.663   5.823   0
   0.69999999   6.446   6.677   6.122   5.371   0
   0.73934519   6.029   6.305   5.806   5.109   0
   0.80000001   5.476   5.775   5.344   4.722   0
   0.81484568   5.349   5.651   5.235   4.630   0
   0.86991775   4.924   5.204   4.837   4.298   0
   0.89999998   4.706   4.966   4.623   4.120   0
   0.91896337   4.575   4.819   4.492   4.013   0
   0.95779824   4.312   4.518   4.223   3.796   0
   0.99198312   4.089   4.255   3.987   3.609   0
   1.00000000   4.037   4.193   3.932   3.565   0
   1.02538741   3.879   3.998   3.762   3.440   0
   1.05430102   3.700   3.777   3.568   3.299   0
   1.08263862   3.523   3.562   3.382   3.165   0
   1.10000002   3.412   3.428   3.267   3.083   0
   1.10845435   3.360   3.366   3.214   3.045   0
   1.12805510   3.239   3.229   3.098   2.960   0
   1.14875877   3.106   3.086   2.978   2.870   0
   1.17124355   2.955   2.927   2.844   2.768   0
   1.19514585   2.787   2.769   2.707   2.657   0
   1.20000005   2.752   2.737   2.678   2.633   0
   1.20784438   2.694   2.682   2.630   2.592   0
   1.21820557   2.619   2.610   2.565   2.536   0
   1.22295618   2.583   2.576   2.534   2.507   0
   1.22744060   2.547   2.543   2.504   2.481   0
   1.23284757   2.491   2.495   2.461   2.443   0
   1.23489904   2.466   2.473   2.441   2.424   0
   1.23903000   2.431   2.440   2.410   2.395   0
   1.24583006   2.386   2.397   2.369   2.356   0
   1.28342783   1.974   2.003   1.994   1.992   1
   1.29522479   1.815   1.822   1.807   1.795   0
   1.29999995   1.736   1.719   1.696   1.672   0
   1.30321860   1.684   1.651   1.619   1.582   0
   1.30617392   1.626   1.561   1.511   1.448   0
   1.30801690   1.591   1.516   1.440   1.338   0
   1.30955017   1.563   1.486   1.378   1.231   0
   1.31094825   1.542   1.484   1.331   1.118   0
   1.31178820   1.537   1.510   1.319   1.044   0
   1.31258512   1.534   1.543   1.314   0.975   3
   1.31334329   1.544   1.598   1.324   0.910   0
   1.31406510   1.566   1.665   1.343   0.851   0
   1.31476951   1.605   1.736   1.367   0.808   0
   1.31581879   1.673   1.825   1.404   0.775   0
   1.31702721   1.780   1.938   1.465   0.774   0
   1.31840658   1.860   2.012   1.497   0.760   4
   1.32057869   1.811   1.943   1.393   0.619   0
   1.32215476   1.697   1.815   1.250   0.461   0
   1.32367611   1.564   1.670   1.096   0.298   0
   1.32513928   1.425   1.519   0.935   0.129   0
   1.32648551   1.287   1.371   0.780  -0.034   0
   1.32762218   1.141   1.215   0.617  -0.205   0
   1.32863581   1.009   1.074   0.470  -0.359   0
   1.32959330   0.872   0.928   0.316  -0.519   0
   1.33045220   0.744   0.789   0.169  -0.674   0
   1.33126009   0.621   0.649   0.020  -0.831   0
   1.33193517   0.501   0.513  -0.127  -0.987   0
   1.33257139   0.380   0.376  -0.273  -1.141   0
   1.33315635   0.262   0.242  -0.419  -1.296   0
   1.33367753   0.145   0.110  -0.561  -1.447   0
   1.33415270   0.025  -0.025  -0.706  -1.601   0
   1.33460295  -0.096  -0.163  -0.858  -1.763   0
   1.33501780  -0.216  -0.301  -1.007  -1.922   0
   1.33543277  -0.325  -0.428  -1.147  -2.072   0
   1.33558774  -0.339  -0.443  -1.164  -2.090   0
   1.33580780  -0.236  -0.322  -1.027  -1.941   0
   1.33585608  -0.222  -0.305  -1.009  -1.922   1
   1.33616722  -0.336  -0.438  -1.156  -2.081   0
   1.33649457  -0.457  -0.578  -1.309  -2.244   0
   1.33678806  -0.572  -0.712  -1.458  -2.405   0
   1.33704066  -0.671  -0.837  -1.598  -2.556   0
   1.33727908  -0.768  -0.961  -1.739  -2.710   0
   1.33748555  -0.859  -1.079  -1.875  -2.859   0
   1.33767951  -0.944  -1.196  -2.013  -3.012   0
   1.33786106  -1.035  -1.318  -2.156  -3.170   0
   1.33801770  -1.123  -1.434  -2.291  -3.319   0
   1.33816195  -1.216  -1.556  -2.431  -3.473   0
   1.33829188  -1.294  -1.664  -2.561  -3.618   0
   1.33836305  -1.338  -1.725  -2.633  -3.699   2
   1.33836305   0.457   0.549   0.109  -0.545   1
   1.33896601   0.474   0.564   0.108  -0.565   0
   1.33972228   0.475   0.564   0.098  -0.587   0
   1.34023893   0.468   0.557   0.088  -0.600   0
   1.34054732   0.460   0.548   0.080  -0.606   0
   1.34146631   0.432   0.519   0.058  -0.622   0
   1.34240627   0.401   0.488   0.034  -0.636   0
   1.34337211   0.370   0.456   0.011  -0.649   0
   1.34436667   0.340   0.425  -0.011  -0.662   0
   1.34539294   0.315   0.396  -0.034  -0.676   0
   1.34586799   0.303   0.382  -0.044  -0.682   0
   1.34620273   0.295   0.373  -0.051  -0.685   0
   1.34717751   0.273   0.348  -0.070  -0.697   0
   1.34812617   0.254   0.326  -0.087  -0.709   0
   1.34905303   0.237   0.308  -0.103  -0.722   0
   1.34944928   0.229   0.299  -0.111  -0.728   0
   1.34999788   0.223   0.293  -0.118  -0.738   0
   1.35097253   0.214   0.285  -0.132  -0.758   0
   1.35196888   0.206   0.280  -0.146  -0.783   0
   1.35300875   0.203   0.280  -0.159  -0.812   0
   1.35437822   0.206   0.281  -0.178  -0.854   0
   1.35489011   0.212   0.287  -0.185  -0.877   0
   1.35556901   0.219   0.292  -0.198  -0.911   0
   1.35719025   0.238   0.302  -0.231  -0.989   0
   1.35733926   0.254   0.308  -0.243  -1.020   0
   1.35745180   0.261   0.304  -0.270  -1.069   0
   1.35748553   0.255   0.292  -0.293  -1.102   0
   1.35751128   0.222   0.249  -0.353  -1.178   0
   1.35752797   0.107   0.115  -0.507  -1.352   0
   1.35754216  -0.002  -0.017  -0.656  -1.516   0
   1.35756826  -0.106  -0.138  -0.792  -1.663   0
   1.35764539  -0.053  -0.077  -0.723  -1.588   1
   1.35784626  -0.162  -0.205  -0.868  -1.747   0
   1.35796535  -0.290  -0.356  -1.036  -1.928   0
   1.35808015  -0.443  -0.539  -1.242  -2.153   0
   1.35813630  -0.571  -0.691  -1.412  -2.339   0
   1.35819101  -0.695  -0.836  -1.574  -2.514   0
   1.35824788  -0.795  -0.964  -1.722  -2.678   0
   1.35830522  -0.886  -1.086  -1.865  -2.837   0
   1.35836756  -0.978  -1.213  -2.015  -3.004   0
   1.35841441  -1.064  -1.332  -2.157  -3.162   0
   1.35845041  -1.155  -1.452  -2.297  -3.315   0
   1.35848463  -1.248  -1.580  -2.448  -3.484   0
   1.35851312  -1.336  -1.699  -2.588  -3.639   0
   1.35854137  -1.407  -1.806  -2.721  -3.792   0
   1.35857368  -1.494  -1.930  -2.872  -3.963   0
   1.35857975  -1.535  -2.011  -2.980  -4.090   0
   1.35858440  -1.544  -2.031  -3.007  -4.122   0
   1.35858893  -1.553  -2.051  -3.033  -4.153   0
   1.35859358  -1.562  -2.071  -3.060  -4.185   0
   1.35859811  -1.571  -2.091  -3.087  -4.217   0
   1.35860276  -1.580  -2.110  -3.113  -4.249   0
   1.35860729  -1.588  -2.130  -3.140  -4.280   0
   1.35861099  -1.595  -2.146  -3.162  -4.306   0
   1.35861564  -1.604  -2.165  -3.188  -4.338   0
   1.35862017  -1.612  -2.185  -3.215  -4.370   0
   1.35862482  -1.621  -2.204  -3.242  -4.401   0
   1.35862935  -1.629  -2.224  -3.268  -4.433   0
   1.35863304  -1.635  -2.239  -3.289  -4.459   0
   1.35863757  -1.643  -2.258  -3.316  -4.491   0
   1.35864198  -1.651  -2.277  -3.342  -4.522   0
   1.35864544  -1.658  -2.293  -3.363  -4.548   0
   1.35864973  -1.665  -2.311  -3.389  -4.579   0
   1.35865414  -1.673  -2.330  -3.415  -4.611   0
   1.35865843  -1.681  -2.349  -3.441  -4.642   0
   1.35866284  -1.688  -2.368  -3.468  -4.674   0
   1.35866714  -1.696  -2.386  -3.494  -4.706   0
   1.35867155  -1.703  -2.405  -3.520  -4.737   0
   1.35867584  -1.710  -2.423  -3.546  -4.769   0
   1.35868013  -1.717  -2.442  -3.572  -4.801   0
   1.35868454  -1.724  -2.459  -3.597  -4.832   0
   1.35868883  -1.730  -2.476  -3.621  -4.860   0
   1.35869229  -1.735  -2.489  -3.639  -4.883   0
   1.35869586  -1.740  -2.502  -3.658  -4.906   0
   1.35870016  -1.746  -2.518  -3.681  -4.934   0
   1.35870445  -1.751  -2.534  -3.704  -4.963   0
   1.35870886  -1.757  -2.550  -3.727  -4.991   0
   1.35871685  -1.761  -2.563  -3.747  -5.016   0
   1.35873044  -1.766  -2.580  -3.772  -5.048   0
   1.35874391  -1.770  -2.596  -3.797  -5.079   0
   1.35875714  -1.775  -2.613  -3.822  -5.111   0
   1.35877049  -1.779  -2.629  -3.847  -5.142   0
   1.35878360  -1.784  -2.645  -3.872  -5.174   0
   1.35879660  -1.786  -2.661  -3.896  -5.205   0
   1.35880971  -1.786  -2.675  -3.919  -5.236   0
   1.35882246  -1.787  -2.690  -3.942  -5.266   0
   1.35883522  -1.787  -2.704  -3.965  -5.297   0
   1.35884786  -1.787  -2.718  -3.988  -5.327   0
   1.35886037  -1.787  -2.732  -4.011  -5.358   0
   1.35887289  -1.786  -2.746  -4.034  -5.389   0
   1.35888517  -1.785  -2.760  -4.057  -5.419   0
   1.35889745  -1.784  -2.773  -4.080  -5.450   0
   1.35890961  -1.783  -2.786  -4.103  -5.480   0
   1.35892165  -1.781  -2.799  -4.125  -5.511   0
   1.35893369  -1.779  -2.812  -4.147  -5.541   0
   1.35894549  -1.777  -2.825  -4.170  -5.572   0
   1.35895729  -1.774  -2.837  -4.192  -5.602   0
   1.35896897  -1.771  -2.849  -4.214  -5.633   0
   1.35898042  -1.768  -2.861  -4.236  -5.663   0
   1.35899198  -1.764  -2.873  -4.258  -5.694   0
   1.35900331  -1.760  -2.885  -4.279  -5.725   0
   1.35901463  -1.756  -2.896  -4.301  -5.755   0
   1.35902584  -1.751  -2.907  -4.323  -5.786   0
   1.35903680  -1.745  -2.917  -4.344  -5.817   0
   1.35904777  -1.743  -2.930  -4.366  -5.847   0
   1.35905862  -1.749  -2.946  -4.390  -5.877   0
   1.35906720  -1.753  -2.960  -4.409  -5.902   0
   1.35907578  -1.758  -2.973  -4.429  -5.927   0
   1.35908437  -1.762  -2.987  -4.449  -5.952   0
   1.35909271  -1.766  -3.000  -4.468  -5.977   0
   1.35910118  -1.770  -3.013  -4.488  -6.001   0
   1.35910952  -1.773  -3.026  -4.507  -6.026   0
   1.35911787  -1.776  -3.038  -4.526  -6.050   0
   1.35912621  -1.779  -3.051  -4.544  -6.074   0
   1.35913444  -1.782  -3.063  -4.563  -6.098   0
   1.35914469  -1.785  -3.077  -4.585  -6.127   0
   1.35915494  -1.787  -3.091  -4.607  -6.156   0
   1.35916519  -1.788  -3.104  -4.628  -6.184   0
   1.35917532  -1.789  -3.117  -4.649  -6.211   0
   1.35918546  -1.789  -3.128  -4.667  -6.237   0
   1.35919476  -1.788  -3.137  -4.683  -6.259   0
   1.35920143  -1.787  -3.144  -4.694  -6.274   0
