   0.15000001  13.766  12.796  11.456   9.868   0
   0.20000000  12.339  11.665  10.496   9.091   0
   0.25000000  11.561  10.979   9.873   8.546   0
   0.30000001  11.060  10.538   9.472   8.194   0
   0.34999999  10.624  10.154   9.121   7.885   0
   0.40000001  10.214   9.791   8.787   7.589   0
   0.44999999   9.732   9.370   8.402   7.247   0
   0.50000000   9.244   8.955   8.028   6.923   0
   0.55000001   8.630   8.452   7.590   6.556   0
   0.60000002   7.736   7.771   7.047   6.145   0
   0.69999999   6.595   6.813   6.241   5.473   0
   0.80000001   5.680   5.976   5.523   4.876   0
   0.89999998   4.974   5.259   4.890   4.350   0
   1.00000000   4.403   4.621   4.323   3.891   0
   1.10000002   3.933   4.047   3.820   3.518   0
   1.20000005   3.530   3.547   3.396   3.237   0
   1.29999995   3.173   3.167   3.086   3.023   0
   1.39999998   2.847   2.883   2.849   2.844   0
   1.49678564   2.570   2.670   2.670   2.697   0
   1.50000000   2.561   2.663   2.664   2.692   0
   1.54564846   2.438   2.572   2.587   2.626   0
   1.60000002   2.299   2.473   2.501   2.552   0
   1.70000005   2.069   2.310   2.359   2.427   0
   1.75000000   1.963   2.236   2.293   2.368   0
   1.76999998   1.923   2.207   2.267   2.345   0
   1.79999995   1.862   2.164   2.229   2.311   0
   1.89999998   1.672   2.028   2.105   2.200   0
   2.00000000   1.498   1.901   1.990   2.095   0
   2.20000005   1.183   1.665   1.773   1.898   0
   2.44906545   0.842   1.400   1.525   1.669   0
   2.50000000   0.776   1.347   1.476   1.623   0
   3.00000000   0.200   0.868   1.023   1.195   0
   3.07626987   0.121   0.800   0.958   1.134   0
   3.50000000  -0.299   0.435   0.608   0.797   0
   3.59601378  -0.388   0.356   0.532   0.724   0
   3.99505496  -0.754   0.029   0.216   0.418   1
   4.00000000  -0.758   0.025   0.212   0.414   0
   4.00162792  -0.760   0.024   0.211   0.413   0
   4.34303951  -1.056  -0.247  -0.052   0.156   0
   4.50000000  -1.191  -0.372  -0.175   0.036   0
   4.64293909  -1.312  -0.484  -0.284  -0.071   0
   4.89091158  -1.532  -0.691  -0.488  -0.272   0
   5.00000000  -1.634  -0.790  -0.584  -0.368   1
   5.11937666  -1.744  -0.895  -0.689  -0.472   0
   5.31100559  -1.930  -1.077  -0.869  -0.652   0
   5.47675943  -2.104  -1.251  -1.042  -0.825   0
   5.62013197  -2.267  -1.416  -1.207  -0.992   1
   5.74413586  -2.421  -1.575  -1.367  -1.154   0
   5.85242081  -2.567  -1.727  -1.521  -1.311   0
   5.90159750  -2.638  -1.802  -1.596  -1.387   0
   5.94772005  -2.704  -1.870  -1.665  -1.456   0
   5.96613741  -2.728  -1.893  -1.688  -1.480   0
   5.99689150  -2.760  -1.919  -1.712  -1.502   3
   6.00000000  -2.761  -1.918  -1.710  -1.500   0
   6.01131105  -2.764  -1.913  -1.704  -1.491   0
   6.02213097  -2.747  -1.875  -1.661  -1.441   0
   6.02531719  -2.741  -1.853  -1.634  -1.409   0
   6.02717304  -2.743  -1.841  -1.618  -1.388   0
   6.02746439  -2.739  -1.839  -1.616  -1.387   0
   6.02847099  -2.758  -1.886  -1.671  -1.451   0
   6.02928925  -2.869  -2.019  -1.810  -1.597   0
   6.03031111  -3.006  -2.180  -1.977  -1.773   0
   6.03152990  -3.137  -2.339  -2.143  -1.950   0
   6.03292513  -3.263  -2.499  -2.312  -2.129   0
   6.03393459  -3.349  -2.613  -2.432  -2.259   0
   6.03499556  -3.439  -2.736  -2.562  -2.399   0
   6.03609753  -3.537  -2.870  -2.706  -2.555   0
   6.03696489  -3.618  -2.983  -2.827  -2.687   0
   6.03778553  -3.698  -3.097  -2.950  -2.823   0
   6.03842926  -3.766  -3.197  -3.057  -2.941   0
   6.03907824  -3.838  -3.307  -3.175  -3.072   0
   6.03957129  -3.896  -3.397  -3.273  -3.181   0
   6.04005861  -3.956  -3.496  -3.380  -3.301   0
   6.04055166  -4.022  -3.605  -3.500  -3.436   0
   6.04087830  -4.066  -3.683  -3.586  -3.533   0
   6.04118919  -4.108  -3.762  -3.673  -3.633   0
   6.04146433  -4.146  -3.838  -3.756  -3.728   0
   6.04172325  -4.180  -3.913  -3.839  -3.823   0
   6.04201889  -4.221  -4.005  -3.941  -3.940   0
   6.04260445  -4.288  -4.178  -4.133  -4.161   0
   6.04323626  -4.322  -4.308  -4.282  -4.336   0
   6.04401302  -4.329  -4.392  -4.385  -4.466   0
   6.04572105  -4.338  -4.452  -4.463  -4.571   2
   6.05019283  -4.400  -4.442  -4.430  -4.504   0
   6.05359697  -4.426  -4.389  -4.361  -4.412   0
   6.05720377  -4.434  -4.328  -4.286  -4.319   0
   6.06139898  -4.427  -4.257  -4.204  -4.220   0
   6.06633472  -4.409  -4.183  -4.119  -4.118   0
   6.07331562  -4.390  -4.115  -4.042  -4.028   0
   6.07983398  -4.367  -4.045  -3.963  -3.936   0
   6.08733845  -4.340  -3.975  -3.884  -3.843   0
   6.09626961  -4.309  -3.902  -3.803  -3.748   0
   6.10646152  -4.279  -3.835  -3.726  -3.659   0
   6.11630344  -4.247  -3.769  -3.652  -3.573   0
   6.12943935  -4.218  -3.707  -3.582  -3.491   0
   6.14747477  -4.188  -3.642  -3.508  -3.405   0
   6.16690159  -4.159  -3.578  -3.437  -3.323   0
   6.18852377  -4.135  -3.525  -3.376  -3.252   0
   6.21986866  -4.124  -3.483  -3.328  -3.194   0
   6.25442171  -4.142  -3.485  -3.326  -3.187   1
   6.29793215  -4.269  -3.638  -3.486  -3.357   0
   6.31097746  -4.357  -3.758  -3.613  -3.496   0
   6.31833267  -4.434  -3.867  -3.730  -3.625   0
   6.32242537  -4.507  -3.973  -3.846  -3.753   0
   6.32445335  -4.570  -4.071  -3.953  -3.874   0
   6.32549429  -4.619  -4.154  -4.045  -3.979   0
   6.32617664  -4.662  -4.238  -4.138  -4.085   0
   6.32651520  -4.687  -4.298  -4.206  -4.165   0
   6.32674599  -4.705  -4.353  -4.268  -4.238   0
   6.32676601  -4.706  -4.358  -4.273  -4.244   0
   6.32690859  -4.716  -4.405  -4.328  -4.310   0
   6.32703304  -4.729  -4.462  -4.393  -4.388   0
   6.32715750  -4.751  -4.538  -4.481  -4.493   0
   6.32724047  -4.771  -4.600  -4.552  -4.577   0
   6.32732344  -4.797  -4.673  -4.633  -4.670   0
   6.32748938  -4.849  -4.809  -4.783  -4.841   0
   6.32918501  -4.774  -4.910  -4.930  -5.057   3
   6.32945204  -4.618  -4.805  -4.923  -5.190   0
   6.32958126  -4.513  -4.676  -4.879  -5.248   0
   6.32971478  -4.343  -4.453  -4.781  -5.304   0
   6.32984829  -4.187  -4.275  -4.667  -5.265   4
   6.33004618  -4.147  -4.237  -4.722  -5.423   0
   6.33011532  -4.193  -4.294  -4.812  -5.546   0
   6.33024406  -4.136  -4.274  -4.873  -5.685   0
   6.33090687  -3.693  -4.042  -4.892  -5.910   0
   6.33196926  -3.807  -4.202  -5.083  -6.124   0
   6.33316040  -3.883  -4.313  -5.221  -6.282   0
   6.33421707  -3.947  -4.411  -5.343  -6.423   0
   6.33514500  -4.007  -4.507  -5.466  -6.565   0
   6.33587503  -4.070  -4.601  -5.584  -6.701   0
   6.33643007  -4.115  -4.665  -5.659  -6.784   0
