   0.15000001  13.864  12.830  11.474   9.865   0
   0.20000000  12.477  11.704  10.516   9.091   0
   0.25000000  11.710  11.015   9.892   8.549   0
   0.30000001  11.212  10.570   9.489   8.199   0
   0.34999999  10.778  10.183   9.137   7.893   0
   0.40000001  10.368   9.817   8.801   7.598   0
   0.44999999   9.882   9.390   8.410   7.256   0
   0.50000000   9.388   8.968   8.030   6.931   0
   0.55000001   8.762   8.459   7.582   6.560   0
   0.60000002   8.067   7.916   7.117   6.182   0
   0.69999999   6.783   6.899   6.273   5.488   0
   0.80000001   5.786   6.031   5.545   4.883   0
   0.89999998   5.040   5.297   4.904   4.344   0
   0.92406708   4.882   5.135   4.761   4.226   0
   1.00000000   4.446   4.657   4.336   3.878   0
   1.10000002   3.948   4.078   3.825   3.482   0
   1.20000005   3.528   3.561   3.384   3.182   0
   1.29999995   3.161   3.143   3.041   2.952   0
   1.39999998   2.823   2.832   2.785   2.764   0
   1.50000000   2.515   2.589   2.581   2.599   0
   1.58559763   2.273   2.410   2.428   2.468   0
   1.60000002   2.235   2.382   2.404   2.447   0
   1.61804342   2.188   2.348   2.374   2.421   0
   1.70000005   1.985   2.199   2.242   2.304   0
   1.75000000   1.871   2.114   2.166   2.235   0
   1.79999995   1.757   2.029   2.090   2.164   0
   1.89999998   1.544   1.869   1.942   2.029   0
   1.94783568   1.449   1.796   1.874   1.966   0
   2.00000000   1.348   1.716   1.800   1.896   0
   2.19512105   0.982   1.420   1.520   1.631   0
   2.20000005   0.973   1.412   1.513   1.625   0
   2.38378477   0.657   1.143   1.256   1.378   0
   2.50000000   0.458   0.968   1.087   1.215   0
   2.55614281   0.366   0.886   1.008   1.139   0
   2.69925165   0.130   0.672   0.799   0.934   0
   2.82279468  -0.079   0.477   0.608   0.745   0
   2.92825246  -0.264   0.299   0.432   0.571   0
   3.00000000  -0.397   0.167   0.302   0.440   0
   3.02756953  -0.447   0.118   0.253   0.391   0
   3.11015320  -0.603  -0.041   0.094   0.231   1
   3.18073940  -0.747  -0.190  -0.056   0.079   0
   3.24309850  -0.880  -0.332  -0.199  -0.067   0
   3.29840398  -1.009  -0.471  -0.339  -0.211   0
   3.32354975  -1.070  -0.538  -0.406  -0.280   0
   3.34727764  -1.128  -0.597  -0.467  -0.341   0
   3.35742617  -1.151  -0.620  -0.489  -0.364   0
   3.37308335  -1.181  -0.642  -0.509  -0.381   3
   3.38106322  -1.189  -0.635  -0.499  -0.368   0
   3.38655257  -1.187  -0.605  -0.463  -0.323   0
   3.38812685  -1.188  -0.581  -0.434  -0.288   0
   3.38902354  -1.198  -0.569  -0.416  -0.263   0
   3.38915777  -1.189  -0.563  -0.411  -0.259   0
   3.38947964  -1.173  -0.573  -0.427  -0.282   0
   3.38999057  -1.277  -0.712  -0.573  -0.439   0
   3.39060855  -1.408  -0.873  -0.740  -0.616   0
   3.39144707  -1.523  -1.025  -0.901  -0.789   0
   3.39229202  -1.609  -1.150  -1.033  -0.933   0
   3.39326882  -1.696  -1.285  -1.177  -1.091   0
   3.39408159  -1.763  -1.397  -1.298  -1.224   0
   3.39494443  -1.831  -1.522  -1.433  -1.375   0
   3.39584517  -1.898  -1.661  -1.587  -1.548   0
   3.39644957  -1.939  -1.764  -1.701  -1.679   0
   3.39694309  -1.966  -1.852  -1.801  -1.795   0
   3.39743662  -1.976  -1.942  -1.908  -1.924   0
   3.39792466  -1.957  -2.017  -2.011  -2.059   0
   3.39817095  -1.931  -2.035  -2.052  -2.129   0
   3.39841723  -1.897  -2.037  -2.083  -2.202   0
   3.39866352  -1.854  -2.012  -2.098  -2.273   3
   3.39890456  -1.798  -1.945  -2.092  -2.345   0
   3.39915061  -1.727  -1.829  -2.056  -2.413   0
   3.39943171  -1.607  -1.645  -1.978  -2.480   0
   3.39954710  -1.535  -1.549  -1.934  -2.504   0
   3.39969254  -1.435  -1.432  -1.877  -2.520   0
   3.39992332  -1.263  -1.265  -1.783  -2.501   0
   3.40020394  -1.073  -1.095  -1.674  -2.449   0
   3.40038943  -0.976  -1.012  -1.623  -2.426   4
   3.40065384  -1.004  -1.063  -1.712  -2.547   0
   3.40093541  -1.081  -1.175  -1.854  -2.714   0
   3.40148044  -1.182  -1.304  -2.006  -2.882   0
   3.40211844  -1.238  -1.374  -2.087  -2.972   0
   3.40261555  -1.275  -1.420  -2.141  -3.031   0
   3.41289425  -1.246  -1.374  -2.081  -2.960   0
   3.44214082  -1.277  -1.364  -2.030  -2.878   4
   3.45896292  -1.573  -1.622  -2.203  -2.978   0
   3.46692467  -1.834  -1.861  -2.340  -3.017   0
   3.47285461  -2.036  -2.082  -2.445  -2.989   0
   3.47638726  -2.115  -2.188  -2.495  -2.965   0
   3.48011136  -2.181  -2.283  -2.538  -2.939   0
   3.48405194  -2.238  -2.368  -2.576  -2.914   0
   3.48823833  -2.290  -2.443  -2.604  -2.884   0
   3.49307108  -2.344  -2.516  -2.630  -2.853   0
   3.49849677  -2.400  -2.569  -2.645  -2.816   0
   3.50000000  -2.415  -2.584  -2.649  -2.806   0
   3.50472021  -2.459  -2.607  -2.649  -2.774   3
   3.51116586  -2.511  -2.630  -2.645  -2.732   0
   3.51852012  -2.561  -2.627  -2.623  -2.684   0
   3.52657223  -2.603  -2.617  -2.596  -2.635   0
   3.53692746  -2.645  -2.603  -2.567  -2.591   0
   3.55141592  -2.684  -2.588  -2.541  -2.550   0
   3.57319832  -2.743  -2.593  -2.535  -2.532   0
   3.57614803  -2.749  -2.601  -2.544  -2.541   0
   3.59964561  -2.837  -2.734  -2.686  -2.696   0
   3.60604167  -2.868  -2.815  -2.776  -2.800   0
   3.61065078  -2.879  -2.890  -2.867  -2.909   0
   3.61296296  -2.873  -2.937  -2.929  -2.992   0
   3.61459255  -2.848  -2.974  -2.990  -3.085   0
   3.61543059  -2.812  -2.976  -3.024  -3.164   0
   3.61588907  -2.776  -2.950  -3.034  -3.224   0
   3.61627626  -2.727  -2.898  -3.033  -3.289   0
   3.61659241  -2.657  -2.798  -3.009  -3.357   0
   3.61683702  -2.555  -2.650  -2.952  -3.419   0
   3.61693192  -2.487  -2.556  -2.910  -3.445   0
   3.61701083  -2.392  -2.445  -2.858  -3.463   0
   3.61711359  -2.225  -2.275  -2.771  -3.463   0
   3.61717677  -2.114  -2.168  -2.706  -3.442   0
   3.61727881  -1.874  -1.952  -2.558  -3.355   0
   3.61743569  -1.644  -1.780  -2.475  -3.345   4
   3.61750627  -1.730  -1.910  -2.645  -3.546   0
   3.61758471  -1.832  -2.048  -2.813  -3.737   0
   3.61850238  -1.933  -2.184  -2.980  -3.928   0
   3.61891007  -2.005  -2.304  -3.132  -4.101   0
   3.61942744  -2.080  -2.424  -3.282  -4.271   0
   3.61998391  -2.156  -2.544  -3.430  -4.440   0
   3.62057924  -2.239  -2.673  -3.589  -4.620   0
   3.62104893  -2.309  -2.784  -3.727  -4.777   0
   3.62151861  -2.382  -2.901  -3.876  -4.948   0
   3.62199593  -2.447  -3.032  -4.046  -5.146   0
   3.62232447  -2.482  -3.128  -4.178  -5.304   0
   3.62261415  -2.504  -3.216  -4.303  -5.457   0
   3.62286425  -2.525  -3.300  -4.425  -5.605   0
   3.62307549  -2.549  -3.383  -4.544  -5.750   0
   3.62329435  -2.566  -3.474  -4.679  -5.916   0
   3.62346625  -2.577  -3.549  -4.793  -6.059   0
   3.62361503  -2.578  -3.613  -4.893  -6.187   0
   3.62388849  -2.601  -3.683  -4.989  -6.305   0
   3.62400556  -2.615  -3.614  -4.874  -6.152   0
   3.62402916  -2.620  -3.565  -4.793  -6.046   0
   3.62405252  -2.616  -3.514  -4.713  -5.946   1
   3.62408376  -2.623  -3.578  -4.812  -6.070   0
   3.62413073  -2.613  -3.633  -4.903  -6.191   0
   3.62420106  -2.595  -3.691  -5.005  -6.328   0
   3.62421656  -2.591  -3.709  -5.035  -6.368   0
   3.62427735  -2.589  -3.723  -5.059  -6.399   0
   3.62433791  -2.587  -3.737  -5.082  -6.430   0
   3.62439847  -2.584  -3.750  -5.105  -6.461   0
   3.62444687  -2.582  -3.761  -5.124  -6.486   0
   3.62450767  -2.579  -3.775  -5.147  -6.517   0
   3.62456822  -2.575  -3.788  -5.170  -6.548   0
   3.62462807  -2.572  -3.802  -5.193  -6.579   0
   3.62468815  -2.568  -3.815  -5.216  -6.610   0
   3.62474799  -2.565  -3.826  -5.236  -6.637   0
   3.62480807  -2.562  -3.836  -5.254  -6.660   0
   3.62486792  -2.559  -3.846  -5.271  -6.684   0
   3.62492800  -2.555  -3.852  -5.284  -6.702   0
   3.62522483  -2.550  -3.863  -5.304  -6.729   0
   3.62552166  -2.545  -3.874  -5.324  -6.756   0
   3.62581921  -2.540  -3.884  -5.343  -6.784   0
   3.62611723  -2.535  -3.895  -5.363  -6.811   0
   3.62641621  -2.530  -3.905  -5.382  -6.837   0
   3.62671685  -2.524  -3.915  -5.401  -6.864   0
   3.62701893  -2.519  -3.924  -5.420  -6.890   0
   3.62732315  -2.513  -3.933  -5.438  -6.915   0
   3.62763047  -2.507  -3.942  -5.456  -6.940   0
   3.62794065  -2.502  -3.951  -5.473  -6.964   0
   3.62833047  -2.507  -3.966  -5.493  -6.990   0
   3.62872124  -2.512  -3.981  -5.514  -7.017   0
   3.62911296  -2.517  -3.996  -5.535  -7.043   0
   3.62950563  -2.522  -4.011  -5.555  -7.069   0
   3.62989974  -2.527  -4.026  -5.576  -7.095   0
   3.63029480  -2.531  -4.041  -5.596  -7.121   0
   3.63069129  -2.536  -4.055  -5.616  -7.147   0
   3.63108492  -2.540  -4.069  -5.636  -7.173   0
   3.63145995  -2.544  -4.083  -5.655  -7.197   0
   3.63181758  -2.548  -4.096  -5.673  -7.220   0
   3.63222504  -2.552  -4.110  -5.693  -7.246   0
   3.63261175  -2.555  -4.123  -5.712  -7.270   0
   3.63297915  -2.559  -4.136  -5.729  -7.293   0
   3.63338590  -2.562  -4.150  -5.749  -7.318   0
   3.63377142  -2.565  -4.162  -5.767  -7.342   0
   3.63413763  -2.568  -4.174  -5.784  -7.364   0
   3.63453484  -2.571  -4.186  -5.802  -7.387   0
   3.63491130  -2.573  -4.198  -5.818  -7.409   0
   3.63531232  -2.575  -4.210  -5.836  -7.432   0
   3.63573313  -2.577  -4.222  -5.854  -7.456   0
   3.63616872  -2.579  -4.234  -5.872  -7.480   0
   3.63662314  -2.577  -4.244  -5.887  -7.502   0
   3.63678885  -2.572  -4.243  -5.889  -7.506   3
   3.63688993  -2.565  -4.239  -5.887  -7.506   0
   3.63694835  -2.558  -4.234  -5.883  -7.503   0
   3.63698220  -2.550  -4.227  -5.877  -7.498   0
   3.63700151  -2.541  -4.220  -5.871  -7.492   0
   3.63701200  -2.532  -4.212  -5.863  -7.485   0
   3.63701797  -2.522  -4.203  -5.855  -7.478   0
   3.63702059  -2.512  -4.194  -5.846  -7.470   0
   3.63702321  -2.501  -4.184  -5.837  -7.461   0
   3.63702583  -2.490  -4.174  -5.827  -7.452   0
   3.63703036  -2.477  -4.163  -5.817  -7.442   0
