   0.15000001  13.763  12.794  11.454   9.867   0
   0.20000000  12.337  11.663  10.494   9.090   0
   0.25000000  11.559  10.977   9.872   8.544   0
   0.30000001  11.058  10.536   9.470   8.192   0
   0.34999999  10.622  10.152   9.119   7.883   0
   0.40000001  10.211   9.789   8.785   7.587   0
   0.44999999   9.728   9.366   8.398   7.244   0
   0.50000000   9.238   8.949   8.023   6.919   0
   0.55000001   8.620   8.443   7.582   6.550   0
   0.60000002   7.721   7.759   7.036   6.135   0
   0.69999999   6.573   6.792   6.222   5.456   0
   0.80000001   5.645   5.942   5.493   4.850   0
   0.80823702   5.579   5.878   5.437   4.804   0
   0.89999998   4.936   5.219   4.855   4.319   0
   1.00000000   4.364   4.574   4.280   3.856   0
   1.10000002   3.883   3.987   3.766   3.476   0
   1.20000005   3.472   3.483   3.339   3.189   0
   1.29477513   3.123   3.117   3.039   2.980   0
   1.29999995   3.104   3.099   3.025   2.969   0
   1.37582111   2.844   2.872   2.835   2.825   0
   1.39999998   2.764   2.807   2.780   2.781   0
   1.41896975   2.704   2.758   2.739   2.749   0
   1.50000000   2.461   2.576   2.584   2.618   0
   1.60000002   2.178   2.368   2.404   2.460   0
   1.67289221   1.991   2.234   2.284   2.352   0
   1.70000005   1.923   2.185   2.241   2.313   0
   1.70207870   1.918   2.181   2.237   2.310   0
   1.75000000   1.805   2.097   2.162   2.241   0
   1.76999998   1.758   2.063   2.131   2.213   0
   1.79999995   1.688   2.012   2.084   2.170   0
   1.89464235   1.478   1.853   1.937   2.036   0
   1.89999998   1.466   1.844   1.929   2.028   0
   2.00000000   1.251   1.674   1.770   1.880   0
   2.01917696   1.211   1.642   1.740   1.851   0
   2.14295340   0.950   1.422   1.531   1.652   0
   2.20000005   0.829   1.316   1.429   1.553   0
   2.24149418   0.746   1.242   1.358   1.484   0
   2.33966994   0.544   1.057   1.177   1.308   0
   2.42394257   0.363   0.886   1.009   1.141   0
   2.49678445   0.198   0.725   0.850   0.982   0
   2.50000000   0.191   0.717   0.842   0.974   0
   2.56451011   0.044   0.570   0.696   0.828   0
   2.62397003  -0.099   0.423   0.549   0.678   1
   2.67583227  -0.232   0.281   0.406   0.532   0
   2.72209549  -0.357   0.147   0.270   0.393   0
   2.74369884  -0.419   0.080   0.202   0.324   0
   2.76378918  -0.476   0.020   0.143   0.263   0
   2.77321672  -0.502  -0.005   0.118   0.238   0
   2.78633618  -0.533  -0.028   0.096   0.219   3
   2.79343677  -0.544  -0.024   0.103   0.230   0
   2.79818988  -0.542   0.008   0.142   0.276   0
   2.79955912  -0.549   0.025   0.164   0.306   0
   2.80036020  -0.567   0.030   0.175   0.323   0
   2.80047321  -0.560   0.035   0.179   0.326   0
   2.80081344  -0.548   0.017   0.154   0.293   0
   2.80131531  -0.665  -0.132  -0.001   0.129   0
   2.80195904  -0.778  -0.276  -0.150  -0.030   0
   2.80286121  -0.880  -0.414  -0.296  -0.187   0
   2.80377507  -0.958  -0.527  -0.416  -0.318   0
   2.80483651  -1.037  -0.651  -0.549  -0.463   0
   2.80570364  -1.099  -0.754  -0.660  -0.586   0
   2.80660510  -1.164  -0.869  -0.785  -0.725   0
   2.80752516  -1.228  -0.997  -0.924  -0.881   0
   2.80814242  -1.271  -1.092  -1.029  -1.000   0
   2.80876231  -1.307  -1.194  -1.145  -1.135   0
   2.80907369  -1.321  -1.247  -1.207  -1.208   0
   2.80964565  -1.331  -1.340  -1.323  -1.352   0
   2.80993295  -1.325  -1.382  -1.381  -1.428   0
   2.81022286  -1.306  -1.406  -1.428  -1.506   0
   2.81051278  -1.279  -1.413  -1.465  -1.586   0
   2.81079960  -1.246  -1.390  -1.485  -1.668   3
   2.81108904  -1.203  -1.320  -1.481  -1.750   0
   2.81137848  -1.145  -1.204  -1.444  -1.824   0
   2.81153512  -1.105  -1.127  -1.413  -1.862   0
   2.81170630  -1.044  -1.026  -1.368  -1.897   0
   2.81187749  -0.965  -0.918  -1.318  -1.922   0
   2.81214595  -0.832  -0.769  -1.239  -1.927   0
   2.81248784  -0.671  -0.608  -1.134  -1.886   0
   2.81269121  -0.581  -0.528  -1.082  -1.862   0
   2.81302810  -0.615  -0.579  -1.162  -1.970   0
   2.81343865  -0.688  -0.666  -1.269  -2.096   0
   2.81409502  -0.790  -0.781  -1.397  -2.237   0
   2.81432915  -0.803  -0.796  -1.414  -2.256   0
   2.81710172  -0.761  -0.746  -1.354  -2.187   0
   2.82616019  -0.738  -0.712  -1.299  -2.112   4
   2.83601689  -1.011  -0.961  -1.469  -2.201   0
   2.84066868  -1.204  -1.162  -1.585  -2.219   0
   2.84451723  -1.331  -1.328  -1.668  -2.195   0
   2.84745383  -1.406  -1.447  -1.726  -2.166   0
   2.85036755  -1.461  -1.542  -1.770  -2.136   0
   2.85293770  -1.510  -1.625  -1.802  -2.101   0
   2.85766101  -1.570  -1.713  -1.833  -2.055   0
   2.86200404  -1.624  -1.778  -1.849  -2.008   3
   2.86650825  -1.675  -1.806  -1.847  -1.961   0
   2.87290382  -1.729  -1.823  -1.836  -1.911   0
   2.87922859  -1.775  -1.826  -1.816  -1.863   0
   2.88638234  -1.815  -1.806  -1.779  -1.805   0
   2.89423490  -1.844  -1.781  -1.741  -1.751   0
   2.90305591  -1.871  -1.760  -1.709  -1.707   0
   2.91345501  -1.892  -1.734  -1.675  -1.661   0
   2.93062806  -1.925  -1.708  -1.637  -1.607   0
   2.96532536  -2.013  -1.735  -1.653  -1.608   0
   2.96578956  -2.014  -1.736  -1.653  -1.609   0
   2.98620749  -2.116  -1.858  -1.780  -1.742   0
   2.99305105  -2.157  -1.914  -1.839  -1.806   0
   2.99697042  -2.189  -1.964  -1.892  -1.864   0
   3.00000000  -2.220  -2.017  -1.948  -1.927   0
   3.00207758  -2.250  -2.081  -2.019  -2.007   0
   3.00380850  -2.285  -2.160  -2.105  -2.105   0
   3.00479364  -2.305  -2.230  -2.187  -2.201   0
   3.00541878  -2.316  -2.294  -2.264  -2.293   0
   3.00579262  -2.313  -2.343  -2.326  -2.372   0
   3.00604367  -2.291  -2.371  -2.373  -2.444   0
   3.00620580  -2.259  -2.383  -2.406  -2.506   0
   3.00630903  -2.217  -2.368  -2.416  -2.555   3
   3.00638294  -2.164  -2.325  -2.408  -2.594   0
   3.00641727  -2.128  -2.290  -2.397  -2.617   0
   3.00647640  -2.051  -2.182  -2.357  -2.662   0
   3.00652552  -1.970  -2.051  -2.303  -2.711   0
   3.00655508  -1.922  -1.972  -2.268  -2.738   0
   3.00657964  -1.867  -1.887  -2.230  -2.765   0
   3.00660443  -1.794  -1.790  -2.187  -2.790   0
   3.00662899  -1.716  -1.700  -2.146  -2.808   0
   3.00667810  -1.590  -1.571  -2.081  -2.815   0
   3.00677633  -1.429  -1.434  -2.014  -2.818   4
   3.00689936  -1.464  -1.500  -2.128  -2.977   0
   3.00758266  -1.543  -1.619  -2.286  -3.167   0
   3.00787759  -1.649  -1.754  -2.447  -3.349   0
   3.00815296  -1.756  -1.883  -2.594  -3.512   0
   3.00849199  -1.862  -2.011  -2.740  -3.672   0
   3.00896835  -1.992  -2.164  -2.911  -3.858   0
   3.00941014  -2.092  -2.293  -3.059  -4.020   0
   3.00987649  -2.193  -2.431  -3.221  -4.200   0
   3.01024461  -2.281  -2.549  -3.360  -4.353   0
   3.01064682  -2.384  -2.691  -3.529  -4.541   0
   3.01101470  -2.494  -2.843  -3.710  -4.744   0
   3.01132846  -2.598  -2.990  -3.888  -4.944   0
   3.01159811  -2.689  -3.128  -4.061  -5.144   0
   3.01179910  -2.768  -3.249  -4.213  -5.318   0
   3.01198530  -2.822  -3.365  -4.368  -5.501   0
   3.01212239  -2.857  -3.454  -4.492  -5.651   0
   3.01225972  -2.893  -3.551  -4.629  -5.819   0
   3.01237226  -2.936  -3.648  -4.763  -5.979   0
   3.01248026  -2.969  -3.737  -4.891  -6.137   0
   3.01258802  -2.985  -3.811  -5.006  -6.285   2
   3.01273489  -2.971  -3.733  -4.882  -6.125   0
   3.01274943  -2.946  -3.645  -4.751  -5.961   0
   3.01275444  -2.909  -3.555  -4.625  -5.808   1
   3.01279378  -2.948  -3.645  -4.749  -5.958   0
   3.01282787  -2.964  -3.719  -4.863  -6.102   0
   3.01287699  -2.975  -3.771  -4.945  -6.207   0
   3.01292276  -2.981  -3.788  -4.970  -6.239   0
   3.01296878  -2.987  -3.805  -4.995  -6.270   0
   3.01300550  -2.991  -3.819  -5.016  -6.295   0
   3.01305127  -2.997  -3.836  -5.041  -6.327   0
   3.01309729  -3.003  -3.853  -5.066  -6.359   0
   3.01314306  -3.008  -3.870  -5.091  -6.390   0
   3.01318908  -3.014  -3.887  -5.116  -6.422   0
   3.01323485  -3.019  -3.904  -5.141  -6.454   0
   3.01328087  -3.024  -3.920  -5.166  -6.485   0
   3.01332688  -3.028  -3.937  -5.191  -6.517   0
   3.01337266  -3.030  -3.952  -5.214  -6.547   0
   3.01341867  -3.032  -3.967  -5.238  -6.578   0
   3.01346445  -3.033  -3.981  -5.261  -6.609   0
   3.01351047  -3.034  -3.996  -5.284  -6.639   0
   3.01370335  -3.034  -4.010  -5.308  -6.670   0
   3.01388693  -3.034  -4.023  -5.330  -6.699   0
   3.01407075  -3.033  -4.036  -5.352  -6.728   0
   3.01425457  -3.033  -4.049  -5.373  -6.758   0
   3.01443839  -3.032  -4.062  -5.395  -6.787   0
   3.01462269  -3.031  -4.075  -5.416  -6.815   0
   3.01480794  -3.030  -4.087  -5.437  -6.844   0
   3.01499391  -3.029  -4.099  -5.458  -6.872   0
   3.01518130  -3.027  -4.110  -5.478  -6.900   0
   3.01537013  -3.025  -4.122  -5.498  -6.928   0
   3.01556063  -3.026  -4.133  -5.517  -6.953   0
   3.01579976  -3.032  -4.150  -5.540  -6.981   0
   3.01603937  -3.039  -4.166  -5.563  -7.009   0
   3.01627970  -3.045  -4.182  -5.585  -7.038   0
   3.01652074  -3.051  -4.198  -5.608  -7.066   0
   3.01676273  -3.056  -4.213  -5.630  -7.094   0
   3.01700521  -3.062  -4.229  -5.652  -7.122   0
   3.01724029  -3.067  -4.244  -5.673  -7.148   0
   3.01746345  -3.072  -4.257  -5.693  -7.174   0
   3.01767635  -3.076  -4.270  -5.712  -7.198   0
   3.01791930  -3.081  -4.285  -5.733  -7.225   0
   3.01814985  -3.085  -4.299  -5.753  -7.250   0
   3.01836920  -3.089  -4.311  -5.772  -7.274   0
   3.01861191  -3.093  -4.325  -5.792  -7.300   0
   3.01884198  -3.096  -4.338  -5.811  -7.324   0
   3.01909089  -3.099  -4.351  -5.831  -7.350   0
   3.01932645  -3.102  -4.363  -5.850  -7.374   0
   3.01957655  -3.104  -4.376  -5.869  -7.399   0
   3.01983833  -3.106  -4.388  -5.889  -7.424   0
   3.02010822  -3.107  -4.400  -5.908  -7.450   0
   3.02038383  -3.108  -4.411  -5.927  -7.475   0
   3.02066827  -3.106  -4.421  -5.945  -7.500   0
   3.02085233  -3.097  -4.421  -5.950  -7.510   3
   3.02093935  -3.084  -4.413  -5.946  -7.509   0
   3.02098322  -3.069  -4.402  -5.937  -7.503   0
   3.02100515  -3.052  -4.388  -5.925  -7.493   0
   3.02101564  -3.034  -4.373  -5.912  -7.481   0
   3.02102041  -3.015  -4.357  -5.897  -7.468   0
   3.02102351  -2.994  -4.339  -5.881  -7.454   0
