   0.15000001  13.767  12.796  11.456   9.868   0
   0.20000000  12.340  11.666  10.497   9.092   0
   0.25000000  11.562  10.979   9.874   8.546   0
   0.30000001  11.060  10.539   9.472   8.194   0
   0.34999999  10.625  10.154   9.121   7.886   0
   0.40000001  10.214   9.791   8.787   7.589   0
   0.44999999   9.733   9.371   8.403   7.248   0
   0.50000000   9.245   8.955   8.029   6.924   0
   0.55000001   8.632   8.453   7.591   6.557   0
   0.60000002   7.738   7.773   7.048   6.146   0
   0.69999999   6.599   6.816   6.243   5.475   0
   0.80000001   5.685   5.981   5.527   4.879   0
   0.89999998   4.981   5.266   4.897   4.355   0
   1.00000000   4.411   4.630   4.331   3.898   0
   1.10000002   3.942   4.059   3.830   3.527   0
   1.20000005   3.540   3.558   3.406   3.246   0
   1.29999995   3.183   3.178   3.097   3.034   0
   1.39999998   2.859   2.896   2.862   2.858   0
   1.50000000   2.573   2.677   2.678   2.707   0
   1.60000002   2.316   2.491   2.519   2.570   0
   1.70000005   2.087   2.329   2.377   2.446   0
   1.75000000   1.982   2.254   2.311   2.387   0
   1.76999998   1.942   2.226   2.286   2.364   0
   1.79999995   1.882   2.183   2.248   2.330   0
   1.89999998   1.697   2.050   2.127   2.222   0
   1.97840440   1.564   1.954   2.040   2.142   0
   2.00000000   1.528   1.928   2.016   2.121   0
   2.20000005   1.221   1.701   1.808   1.932   0
   2.50000000   0.827   1.396   1.525   1.671   0
   3.00000000   0.288   0.956   1.111   1.284   0
   3.39052224  -0.072   0.653   0.822   1.010   0
   3.50000000  -0.167   0.572   0.745   0.936   0
   4.00000000  -0.568   0.224   0.412   0.617   0
   4.39864683  -0.855  -0.028   0.170   0.384   0
   4.50000000  -0.925  -0.090   0.110   0.326   0
   5.00000000  -1.251  -0.381  -0.171   0.055   0
   5.21925449  -1.386  -0.503  -0.289  -0.059   0
   5.85770988  -1.771  -0.855  -0.630  -0.391   0
   6.00000000  -1.856  -0.934  -0.707  -0.466   0
   6.43202114  -2.114  -1.174  -0.942  -0.694   0
   6.87810373  -2.385  -1.429  -1.192  -0.940   0
   7.00000000  -2.463  -1.503  -1.264  -1.011   0
   7.26403427  -2.628  -1.661  -1.419  -1.164   0
   7.59722519  -2.848  -1.875  -1.631  -1.374   0
   7.88256788  -3.045  -2.068  -1.823  -1.566   1
   8.13055134  -3.234  -2.258  -2.013  -1.758   0
   8.34402657  -3.404  -2.430  -2.186  -1.931   0
   8.52928257  -3.576  -2.608  -2.365  -2.114   0
   8.68865204  -3.728  -2.766  -2.525  -2.278   0
   8.76098537  -3.804  -2.845  -2.605  -2.359   0
   8.82851315  -3.876  -2.919  -2.679  -2.435   0
   8.86636543  -3.912  -2.955  -2.716  -2.472   0
   8.90107250  -3.932  -2.968  -2.726  -2.480   0
   8.92327499  -3.941  -2.971  -2.727  -2.478   3
   8.93864727  -3.922  -2.930  -2.680  -2.421   0
   8.94324589  -3.920  -2.919  -2.666  -2.404   0
   8.94602776  -3.927  -2.912  -2.654  -2.387   0
   8.94764900  -3.929  -2.940  -2.690  -2.433   0
   8.94856644  -4.014  -3.045  -2.802  -2.554   0
   8.94936848  -4.109  -3.157  -2.920  -2.680   0
   8.95033073  -4.226  -3.297  -3.067  -2.836   0
   8.95146275  -4.359  -3.457  -3.236  -3.016   0
   8.95275593  -4.501  -3.638  -3.427  -3.221   0
   8.95369434  -4.606  -3.772  -3.569  -3.376   0
   8.95467854  -4.719  -3.919  -3.727  -3.546   0
   8.95555496  -4.823  -4.060  -3.878  -3.710   0
   8.95622253  -4.905  -4.175  -4.001  -3.844   0
   8.95688343  -4.990  -4.296  -4.131  -3.987   0
   8.95755100  -5.083  -4.429  -4.275  -4.145   0
   8.95805073  -5.156  -4.535  -4.391  -4.275   0
   8.95855713  -5.234  -4.650  -4.516  -4.415   0
   8.95907116  -5.319  -4.781  -4.659  -4.575   0
   8.95958519  -5.410  -4.921  -4.811  -4.745   0
   8.96006775  -5.492  -5.053  -4.955  -4.907   0
   8.96049786  -5.549  -5.157  -5.067  -5.030   0
   8.96081924  -5.588  -5.234  -5.149  -5.122   0
   8.96138668  -5.644  -5.334  -5.260  -5.246   0
   8.96207619  -5.708  -5.428  -5.368  -5.374   0
   8.96304131  -5.756  -5.515  -5.464  -5.486   0
   8.96502399  -5.806  -5.610  -5.570  -5.606   2
   8.97071838  -5.808  -5.558  -5.507  -5.528   0
   8.97410202  -5.781  -5.491  -5.429  -5.432   0
   8.97999287  -5.727  -5.395  -5.314  -5.292   0
   8.98373985  -5.704  -5.333  -5.246  -5.215   0
   8.98979664  -5.667  -5.241  -5.146  -5.101   0
   8.99811649  -5.624  -5.143  -5.038  -4.978   0
   9.00000000  -5.614  -5.122  -5.015  -4.953   0
   9.00297928  -5.597  -5.092  -4.981  -4.914   0
   9.01142216  -5.550  -5.007  -4.887  -4.807   0
   9.02238464  -5.505  -4.929  -4.801  -4.708   0
   9.03407001  -5.464  -4.859  -4.722  -4.619   0
   9.04811287  -5.419  -4.783  -4.638  -4.524   0
   9.06553555  -5.374  -4.709  -4.556  -4.430   0
   9.08590508  -5.331  -4.636  -4.475  -4.338   0
   9.10931587  -5.290  -4.569  -4.400  -4.253   0
   9.14037323  -5.254  -4.506  -4.330  -4.172   0
   9.18698692  -5.228  -4.451  -4.268  -4.101   0
   9.23237228  -5.235  -4.445  -4.259  -4.088   1
   9.29857731  -5.341  -4.572  -4.392  -4.229   0
   9.31853676  -5.417  -4.672  -4.499  -4.345   0
   9.33265591  -5.491  -4.771  -4.605  -4.462   0
   9.34052181  -5.555  -4.859  -4.702  -4.569   0
   9.34552097  -5.616  -4.946  -4.796  -4.673   0
   9.34887123  -5.676  -5.036  -4.894  -4.782   0
   9.35038185  -5.717  -5.098  -4.962  -4.858   0
   9.35173321  -5.762  -5.171  -5.042  -4.949   0
   9.35262299  -5.805  -5.246  -5.125  -5.044   0
   9.35323906  -5.841  -5.316  -5.203  -5.134   0
   9.35363197  -5.864  -5.376  -5.269  -5.209   0
   9.35394001  -5.885  -5.442  -5.344  -5.294   0
   9.35414505  -5.903  -5.500  -5.408  -5.369   0
   9.35433292  -5.924  -5.565  -5.481  -5.452   0
   9.35448742  -5.955  -5.635  -5.560  -5.544   0
   9.35478115  -6.045  -5.781  -5.730  -5.752   0
   9.35498905  -6.094  -5.897  -5.858  -5.897   0
   9.35521317  -6.127  -6.007  -5.975  -6.027   0
   9.35543823  -6.147  -6.090  -6.065  -6.126   0
   9.35587025  -6.169  -6.171  -6.158  -6.239   0
   9.35631943  -6.175  -6.196  -6.191  -6.282   0
   9.35721779  -6.098  -6.203  -6.217  -6.344   0
   9.35768318  -5.957  -6.152  -6.219  -6.435   3
   9.35790825  -5.828  -6.023  -6.179  -6.508   0
   9.35813236  -5.618  -5.770  -6.086  -6.597   0
   9.35837364  -5.153  -5.312  -5.875  -6.648   0
   9.35859871  -4.570  -4.839  -5.596  -6.541   4
   9.35881805  -4.513  -4.885  -5.735  -6.751   0
   9.35891151  -4.562  -4.982  -5.869  -6.913   0
   9.35908413  -4.628  -5.092  -6.014  -7.083   0
   9.36000824  -4.707  -5.214  -6.168  -7.261   0
   9.36166763  -4.780  -5.320  -6.297  -7.407   0
   9.36226273  -4.804  -5.354  -6.339  -7.456   0
