   0.15000001  13.866  12.832  11.475   9.866   0
   0.20000000  12.479  11.706  10.518   9.093   0
   0.25000000  11.712  11.016   9.894   8.550   0
   0.30000001  11.214  10.572   9.491   8.201   0
   0.34999999  10.780  10.185   9.138   7.894   0
   0.40000001  10.370   9.819   8.803   7.600   0
   0.44999999   9.886   9.394   8.414   7.259   0
   0.50000000   9.394   8.973   8.035   6.935   0
   0.55000001   8.771   8.466   7.589   6.566   0
   0.60000002   8.080   7.927   7.127   6.190   0
   0.69999999   6.804   6.918   6.290   5.504   0
   0.80000001   5.817   6.061   5.573   4.908   0
   0.89999998   5.083   5.342   4.945   4.381   0
   1.00000000   4.495   4.711   4.386   3.922   0
   1.10000002   4.005   4.141   3.885   3.536   0
   1.20000005   3.582   3.621   3.440   3.233   0
   1.29999995   3.219   3.204   3.099   3.006   0
   1.39999998   2.887   2.895   2.845   2.821   0
   1.50000000   2.593   2.664   2.653   2.670   0
   1.60000002   2.326   2.468   2.486   2.528   0
   1.70000005   2.097   2.308   2.349   2.410   0
   1.75000000   1.990   2.232   2.282   2.351   0
   1.79999995   1.887   2.159   2.217   2.292   0
   1.89999998   1.696   2.023   2.094   2.182   0
   2.00000000   1.524   1.898   1.980   2.078   0
   2.20000005   1.228   1.679   1.779   1.895   0
   2.50000000   0.834   1.373   1.493   1.631   0
   3.00000000   0.305   0.939   1.084   1.245   0
   3.50000000  -0.137   0.564   0.726   0.906   0
   3.73242402  -0.319   0.407   0.577   0.763   0
   4.00000000  -0.514   0.241   0.419   0.613   0
   4.50000000  -0.843  -0.042   0.149   0.355   0
   5.00000000  -1.132  -0.293  -0.092   0.125   0
   6.00000000  -1.630  -0.729  -0.511  -0.276   0
   7.00000000  -2.068  -1.120  -0.886  -0.637   0
   7.54765320  -2.285  -1.316  -1.076  -0.820   0
   9.00000000  -2.819  -1.802  -1.547  -1.275   0
  12.00000000  -3.762  -2.664  -2.384  -2.090   0
  15.00000000  -4.535  -3.391  -3.102  -2.802   0
  15.06535149  -4.550  -3.405  -3.116  -2.816   0
  17.80925369  -5.162  -3.999  -3.708  -3.410   1
  19.92397690  -5.656  -4.493  -4.203  -3.907   0
  20.00000000  -5.676  -4.513  -4.224  -3.927   0
  21.69019699  -6.050  -4.902  -4.614  -4.318   0
  23.35855293  -6.497  -5.377  -5.097  -4.810   0
  24.05854988  -6.716  -5.612  -5.340  -5.062   0
  24.47468376  -6.833  -5.740  -5.471  -5.197   0
  24.56407928  -6.844  -5.747  -5.477  -5.202   3
  24.66619110  -6.817  -5.703  -5.428  -5.145   0
  24.68045235  -6.787  -5.659  -5.377  -5.088   0
  24.68323517  -6.779  -5.649  -5.366  -5.075   0
  24.68820572  -6.805  -5.682  -5.402  -5.114   0
  24.69018936  -6.837  -5.720  -5.443  -5.159   0
  24.69036865  -6.841  -5.725  -5.448  -5.164   0
  24.69289589  -6.905  -5.799  -5.526  -5.247   0
  24.69488716  -6.958  -5.862  -5.592  -5.317   0
  24.69668579  -7.003  -5.920  -5.654  -5.383   0
  24.69848442  -7.050  -5.982  -5.720  -5.453   0
  24.70033073  -7.103  -6.051  -5.794  -5.535   0
  24.70193291  -7.158  -6.115  -5.865  -5.613   0
  24.70363426  -7.235  -6.198  -5.956  -5.713   0
  24.70511627  -7.305  -6.275  -6.038  -5.805   0
  24.70679283  -7.361  -6.355  -6.124  -5.898   0
  24.70888329  -7.427  -6.455  -6.231  -6.015   0
  24.71131325  -7.508  -6.576  -6.361  -6.157   0
  24.71371841  -7.589  -6.694  -6.488  -6.294   0
  24.71760750  -7.726  -6.861  -6.670  -6.495   0
  24.72334290  -7.882  -7.029  -6.857  -6.706   0
  24.72939491  -7.934  -7.108  -6.940  -6.794   0
  24.73595810  -7.966  -7.153  -6.987  -6.845   2
  24.75283813  -7.922  -7.069  -6.896  -6.745   0
  24.76397705  -7.859  -6.983  -6.802  -6.639   0
  24.77346230  -7.777  -6.911  -6.718  -6.541   0
  24.78421402  -7.716  -6.843  -6.642  -6.454   0
  24.79495430  -7.678  -6.786  -6.580  -6.387   0
  24.81077003  -7.637  -6.723  -6.512  -6.313   0
  24.83163643  -7.595  -6.658  -6.443  -6.237   0
  24.85770226  -7.563  -6.608  -6.388  -6.177   0
  24.89325142  -7.535  -6.561  -6.337  -6.120   0
  24.95484161  -7.507  -6.513  -6.284  -6.062   0
  25.04340744  -7.508  -6.506  -6.276  -6.052   1
  25.35866737  -7.595  -6.624  -6.400  -6.184   0
  25.58589745  -7.676  -6.735  -6.518  -6.311   0
  25.76127243  -7.756  -6.845  -6.635  -6.436   0
  25.88540649  -7.831  -6.950  -6.747  -6.558   0
  25.98865128  -7.927  -7.059  -6.867  -6.691   0
  26.07126236  -8.042  -7.163  -6.987  -6.830   0
  26.13969040  -8.104  -7.265  -7.095  -6.947   0
  26.19128799  -8.164  -7.364  -7.200  -7.061   0
  26.22789764  -8.218  -7.454  -7.297  -7.166   0
  26.25504303  -8.272  -7.547  -7.396  -7.274   0
  26.26876831  -8.309  -7.610  -7.464  -7.350   0
  26.28171349  -8.357  -7.693  -7.555  -7.450   0
  26.29043198  -8.429  -7.762  -7.641  -7.558   0
  26.29598236  -8.487  -7.842  -7.734  -7.667   0
  26.29994774  -8.517  -7.971  -7.864  -7.801   0
  26.30206299  -8.558  -8.100  -7.999  -7.947   0
  26.30364990  -8.610  -8.228  -8.140  -8.106   0
  26.30497169  -8.675  -8.352  -8.284  -8.278   0
  26.30576515  -8.719  -8.437  -8.385  -8.403   0
  26.30682182  -8.744  -8.569  -8.531  -8.571   0
  26.30761528  -8.739  -8.671  -8.643  -8.699   0
  26.30840874  -8.735  -8.737  -8.731  -8.819   0
  26.30920219  -8.715  -8.767  -8.797  -8.932   0
  26.30973053  -8.674  -8.781  -8.828  -8.994   0
  26.31025887  -8.613  -8.781  -8.849  -9.055   3
  26.31105232  -8.505  -8.722  -8.842  -9.132   0
  26.31184578  -8.379  -8.614  -8.815  -9.203   0
  26.31290436  -8.192  -8.432  -8.760  -9.274   0
  26.31396103  -7.934  -8.197  -8.670  -9.322   0
  26.31475449  -7.680  -7.989  -8.583  -9.346   0
  26.31581306  -7.433  -7.804  -8.508  -9.363   0
  26.31687164  -7.162  -7.616  -8.424  -9.359   0
  26.31792831  -6.979  -7.482  -8.352  -9.336   0
  26.31898689  -6.797  -7.364  -8.291  -9.317   4
  26.31932831  -6.843  -7.423  -8.358  -9.391   0
  26.31958580  -6.891  -7.482  -8.423  -9.459   0
  26.32103539  -6.961  -7.560  -8.506  -9.544   0
  26.32265663  -7.019  -7.620  -8.564  -9.602   0
