   0.15000001  13.818  12.798  11.450   9.848   0
   0.20000000  12.441  11.671  10.486   9.064   0
   0.25000000  11.678  10.985   9.865   8.525   0
   0.30000001  11.175  10.537   9.458   8.172   0
   0.34999999  10.739  10.147   9.103   7.863   0
   0.40000001  10.333   9.785   8.772   7.572   0
   0.44999999   9.829   9.343   8.366   7.217   0
   0.50000000   9.314   8.903   7.971   6.880   0
   0.55000001   8.647   8.366   7.500   6.491   0
   0.60000002   7.914   7.793   7.011   6.091   0
   0.65054822   7.181   7.217   6.530   5.696   0
   0.69999999   6.548   6.700   6.104   5.342   0
   0.72521311   6.258   6.448   5.892   5.166   0
   0.77145398   5.760   6.002   5.515   4.850   0
   0.80000001   5.487   5.741   5.289   4.659   0
   0.82092607   5.291   5.553   5.125   4.520   0
   0.85362232   5.013   5.266   4.869   4.302   0
   0.88256484   4.770   5.014   4.643   4.110   0
   0.89999998   4.626   4.862   4.506   3.993   0
   0.91958779   4.474   4.693   4.353   3.867   0
   0.94664335   4.261   4.455   4.140   3.690   0
   0.97240025   4.057   4.223   3.931   3.517   0
   0.99807328   3.850   3.985   3.715   3.340   0
   1.00000000   3.834   3.966   3.698   3.327   0
   1.01950014   3.675   3.777   3.531   3.198   0
   1.04511309   3.459   3.520   3.304   3.024   0
   1.05777895   3.349   3.390   3.188   2.933   0
   1.06934869   3.247   3.270   3.081   2.849   0
   1.08201897   3.130   3.138   2.963   2.753   0
   1.08774722   3.074   3.075   2.907   2.706   0
   1.09525859   2.998   2.990   2.830   2.640   0
   1.09962463   2.952   2.939   2.784   2.600   1
   1.10000002   2.948   2.935   2.779   2.597   0
   1.12351644   2.667   2.633   2.494   2.330   0
   1.13620234   2.485   2.450   2.300   2.116   0
   1.14326143   2.365   2.337   2.162   1.939   0
   1.14679992   2.298   2.295   2.092   1.817   0
   1.14928091   2.253   2.283   2.042   1.702   0
   1.15133512   2.230   2.304   2.013   1.587   0
   1.15294456   2.240   2.353   2.005   1.493   3
   1.15431917   2.277   2.414   2.014   1.430   0
   1.15552413   2.353   2.494   2.044   1.403   0
   1.15688848   2.473   2.605   2.100   1.402   0
   1.15776587   2.549   2.669   2.133   1.403   0
   1.15997064   2.545   2.632   2.048   1.276   0
   1.16159594   2.433   2.500   1.897   1.108   0
   1.16292155   2.304   2.359   1.745   0.946   0
   1.16420197   2.165   2.209   1.587   0.780   0
   1.16520596   2.036   2.070   1.441   0.627   0
   1.16620231   1.901   1.924   1.287   0.466   0
   1.16708314   1.768   1.780   1.136   0.308   0
   1.16789448   1.637   1.640   0.987   0.152   0
   1.16858327   1.515   1.505   0.844   0.002   0
   1.16921759   1.397   1.372   0.702  -0.148   0
   1.16981924   1.276   1.236   0.556  -0.301   0
   1.17034709   1.158   1.103   0.414  -0.452   0
   1.17082870   1.041   0.968   0.268  -0.607   0
   1.17126179   0.924   0.834   0.121  -0.763   0
   1.17165959   0.808   0.699  -0.025  -0.919   0
   1.17200291   0.699   0.573  -0.165  -1.068   0
   1.17231596   0.590   0.446  -0.304  -1.217   0
   1.17260885   0.483   0.322  -0.441  -1.364   0
   1.17297232   0.375   0.198  -0.578  -1.511   0
   1.17319870   0.485   0.328  -0.431  -1.351   0
   1.17322159   0.493   0.338  -0.420  -1.340   1
   1.17345846   0.380   0.207  -0.565  -1.496   0
   1.17370164   0.272   0.076  -0.712  -1.654   0
   1.17391860   0.175  -0.048  -0.853  -1.807   0
   1.17412853   0.078  -0.177  -1.000  -1.968   0
   1.17430794  -0.011  -0.297  -1.138  -2.119   0
   1.17447948  -0.105  -0.424  -1.286  -2.281   0
   1.17462659  -0.191  -0.543  -1.425  -2.435   0
   1.17475355  -0.270  -0.654  -1.557  -2.582   0
   1.17487442  -0.348  -0.768  -1.695  -2.736   0
   1.17497766  -0.412  -0.871  -1.823  -2.882   0
   1.17507493  -0.474  -0.975  -1.953  -3.030   0
   1.17516160  -0.529  -1.077  -2.081  -3.177   0
   1.17524397  -0.577  -1.177  -2.209  -3.325   0
   1.17530966  -0.606  -1.257  -2.318  -3.455   0
   1.17537272  -0.631  -1.340  -2.434  -3.595   0
   1.17543149  -0.666  -1.426  -2.549  -3.732   0
   1.17548490  -0.706  -1.517  -2.669  -3.873   0
   1.17551565  -0.720  -1.561  -2.732  -3.949   2
   1.17551565   0.941   0.965   0.391  -0.379   1
   1.17589784   0.941   0.958   0.373  -0.405   0
   1.17635715   0.931   0.945   0.356  -0.426   0
   1.17656219   0.925   0.939   0.349  -0.434   0
   1.17683423   0.917   0.931   0.342  -0.441   0
   1.17732394   0.900   0.915   0.330  -0.450   0
   1.17782819   0.882   0.899   0.317  -0.460   0
   1.17834365   0.863   0.882   0.304  -0.470   0
   1.17887783   0.846   0.866   0.290  -0.481   0
   1.17941821   0.830   0.850   0.278  -0.491   0
   1.17995882   0.814   0.835   0.265  -0.502   0
   1.18048751   0.800   0.821   0.252  -0.513   0
   1.18100572   0.786   0.808   0.241  -0.524   0
   1.18152487   0.775   0.796   0.229  -0.535   0
   1.18157589   0.773   0.794   0.227  -0.536   0
   1.18206072   0.764   0.784   0.217  -0.548   0
   1.18260705   0.755   0.774   0.204  -0.562   0
   1.18315434   0.747   0.763   0.190  -0.580   0
   1.18377447   0.737   0.749   0.171  -0.603   0
   1.18444061   0.728   0.734   0.146  -0.636   0
   1.18477249   0.722   0.723   0.129  -0.659   0
   1.18516815   0.708   0.703   0.101  -0.693   0
   1.18564725   0.675   0.658   0.038  -0.771   0
   1.18580985   0.650   0.623  -0.009  -0.829   0
   1.18589020   0.601   0.561  -0.086  -0.920   0
   1.18591130   0.563   0.509  -0.152  -0.997   0
   1.18592572   0.495   0.414  -0.269  -1.131   0
   1.18593550   0.379   0.267  -0.441  -1.322   0
   1.18594348   0.272   0.135  -0.594  -1.491   0
   1.18595278   0.170   0.010  -0.738  -1.649   0
   1.18596184   0.135  -0.035  -0.790  -1.708   0
   1.18602777   0.224   0.077  -0.661  -1.564   1
   1.18616128   0.112  -0.064  -0.825  -1.746   0
   1.18622339  -0.008  -0.214  -0.999  -1.938   0
   1.18628550  -0.112  -0.359  -1.169  -2.127   0
   1.18634760  -0.217  -0.510  -1.349  -2.328   0
   1.18638909  -0.294  -0.624  -1.487  -2.483   0
   1.18643892  -0.383  -0.760  -1.654  -2.672   0
   1.18647587  -0.456  -0.877  -1.799  -2.837   0
   1.18650818  -0.520  -0.996  -1.956  -3.020   0
   1.18653059  -0.578  -1.106  -2.096  -3.182   0
   1.18654811  -0.623  -1.203  -2.222  -3.329   0
   1.18656397  -0.657  -1.294  -2.344  -3.474   0
   1.18657947  -0.675  -1.375  -2.462  -3.619   0
   1.18659866  -0.720  -1.492  -2.621  -3.807   0
   1.18660140  -0.728  -1.533  -2.682  -3.882   0
   1.18660402  -0.732  -1.550  -2.707  -3.914   0
   1.18660665  -0.735  -1.568  -2.733  -3.945   0
   1.18660927  -0.739  -1.585  -2.758  -3.976   0
   1.18661189  -0.742  -1.602  -2.783  -4.008   0
   1.18661404  -0.744  -1.616  -2.804  -4.033   0
   1.18661666  -0.747  -1.632  -2.829  -4.065   0
   1.18661928  -0.748  -1.649  -2.854  -4.095   0
   1.18662190  -0.749  -1.665  -2.878  -4.126   0
   1.18662453  -0.750  -1.681  -2.902  -4.157   0
   1.18662703  -0.751  -1.697  -2.926  -4.187   0
   1.18662965  -0.752  -1.713  -2.951  -4.218   0
   1.18663228  -0.752  -1.729  -2.975  -4.249   0
   1.18663490  -0.753  -1.745  -2.999  -4.279   0
   1.18663752  -0.753  -1.761  -3.023  -4.310   0
   1.18664002  -0.753  -1.776  -3.047  -4.340   0
   1.18664253  -0.753  -1.791  -3.070  -4.371   0
   1.18664491  -0.752  -1.807  -3.094  -4.401   0
   1.18664742  -0.752  -1.822  -3.118  -4.431   0
   1.18664992  -0.751  -1.837  -3.142  -4.461   0
   1.18665242  -0.750  -1.852  -3.165  -4.492   0
   1.18665493  -0.749  -1.867  -3.189  -4.522   0
   1.18665695  -0.748  -1.879  -3.208  -4.546   0
   1.18665934  -0.746  -1.893  -3.230  -4.576   0
   1.18666184  -0.744  -1.904  -3.250  -4.602   0
   1.18666434  -0.742  -1.916  -3.269  -4.627   0
   1.18666685  -0.739  -1.927  -3.289  -4.653   0
   1.18666935  -0.737  -1.939  -3.308  -4.679   0
   1.18667185  -0.734  -1.950  -3.328  -4.705   0
   1.18667436  -0.731  -1.961  -3.347  -4.732   0
   1.18667674  -0.728  -1.972  -3.366  -4.758   0
   1.18667924  -0.725  -1.983  -3.386  -4.784   0
   1.18668175  -0.722  -1.994  -3.405  -4.810   0
   1.18668425  -0.718  -2.005  -3.424  -4.836   0
   1.18668675  -0.715  -2.016  -3.444  -4.862   0
   1.18668926  -0.711  -2.027  -3.463  -4.888   0
   1.18669426  -0.704  -2.034  -3.478  -4.910   0
   1.18670094  -0.698  -2.046  -3.500  -4.940   0
   1.18670762  -0.692  -2.057  -3.521  -4.970   0
   1.18671417  -0.686  -2.067  -3.541  -4.999   0
   1.18672073  -0.680  -2.077  -3.561  -5.027   0
   1.18672717  -0.673  -2.087  -3.581  -5.056   0
   1.18673360  -0.666  -2.097  -3.601  -5.085   0
   1.18674004  -0.659  -2.107  -3.620  -5.114   0
   1.18674636  -0.652  -2.116  -3.640  -5.143   0
   1.18675268  -0.644  -2.126  -3.659  -5.172   0
   1.18675900  -0.636  -2.135  -3.679  -5.200   0
   1.18676519  -0.628  -2.144  -3.698  -5.229   0
   1.18677127  -0.619  -2.152  -3.717  -5.258   0
   1.18677747  -0.610  -2.161  -3.737  -5.287   0
   1.18678355  -0.601  -2.169  -3.756  -5.315   0
   1.18678951  -0.591  -2.177  -3.774  -5.344   0
   1.18679559  -0.581  -2.185  -3.793  -5.373   0
   1.18680143  -0.579  -2.197  -3.814  -5.401   0
   1.18680739  -0.583  -2.213  -3.835  -5.429   0
   1.18681324  -0.587  -2.228  -3.857  -5.457   0
   1.18681896  -0.590  -2.243  -3.879  -5.485   0
   1.18682480  -0.594  -2.258  -3.900  -5.513   0
   1.18683040  -0.597  -2.273  -3.921  -5.541   0
   1.18683600  -0.600  -2.287  -3.943  -5.569   0
   1.18684173  -0.603  -2.302  -3.964  -5.597   0
   1.18684721  -0.605  -2.317  -3.985  -5.625   0
   1.18685269  -0.607  -2.331  -4.006  -5.653   0
   1.18685818  -0.609  -2.345  -4.027  -5.681   0
   1.18686354  -0.611  -2.359  -4.048  -5.708   0
   1.18686891  -0.612  -2.372  -4.068  -5.736   2
   1.18687427  -0.637  -2.396  -4.089  -5.763   0
   1.18687952  -0.668  -2.421  -4.109  -5.790   0
   1.18688476  -0.701  -2.448  -4.131  -5.818   0
   1.18688738  -0.719  -2.463  -4.143  -5.832   0
