   0.15000001  13.861  12.828  11.473   9.864   0
   0.20000000  12.475  11.702  10.514   9.090   0
   0.25000000  11.708  11.013   9.891   8.547   0
   0.30000001  11.210  10.568   9.487   8.198   0
   0.34999999  10.776  10.181   9.135   7.891   0
   0.40000001  10.366   9.815   8.799   7.597   0
   0.44999999   9.878   9.387   8.407   7.253   0
   0.50000000   9.383   8.963   8.025   6.927   0
   0.55000001   8.753   8.451   7.575   6.554   0
   0.60000002   8.054   7.906   7.108   6.173   0
   0.69999999   6.761   6.880   6.255   5.472   0
   0.76075280   6.113   6.326   5.794   5.088   0
   0.80000001   5.757   6.003   5.520   4.861   0
   0.89999998   5.015   5.271   4.881   4.323   0
   1.00000000   4.416   4.624   4.305   3.851   0
   1.06709850   4.070   4.221   3.951   3.577   0
   1.10000002   3.910   4.032   3.784   3.449   0
   1.14226270   3.722   3.799   3.584   3.312   0
   1.20000005   3.480   3.504   3.334   3.143   0
   1.21471715   3.421   3.433   3.274   3.103   0
   1.29999995   3.100   3.079   2.985   2.906   0
   1.39999998   2.746   2.762   2.721   2.706   0
   1.49145901   2.448   2.526   2.521   2.542   0
   1.50000000   2.422   2.506   2.504   2.527   0
   1.52699435   2.338   2.442   2.449   2.479   0
   1.60000002   2.121   2.278   2.305   2.351   0
   1.64461386   1.994   2.181   2.219   2.273   0
   1.69857752   1.849   2.070   2.119   2.181   1
   1.70000005   1.845   2.068   2.116   2.179   0
   1.75000000   1.714   1.966   2.023   2.092   0
   1.79999995   1.585   1.864   1.928   2.004   0
   1.82810903   1.515   1.807   1.875   1.953   0
   1.89999998   1.331   1.655   1.731   1.816   0
   1.92447901   1.271   1.604   1.682   1.770   0
   2.00000000   1.083   1.440   1.525   1.617   0
   2.02256060   1.028   1.391   1.478   1.571   0
   2.10168982   0.829   1.208   1.298   1.394   0
   2.16914749   0.652   1.039   1.132   1.228   0
   2.20000005   0.567   0.955   1.048   1.145   0
   2.22776842   0.495   0.883   0.977   1.074   0
   2.28277016   0.343   0.728   0.823   0.917   1
   2.33016849   0.205   0.581   0.675   0.767   0
   2.37142849   0.077   0.442   0.534   0.622   0
   2.40846848  -0.044   0.305   0.396   0.479   0
   2.42543125  -0.100   0.242   0.332   0.413   0
   2.44141746  -0.154   0.183   0.272   0.352   0
   2.44927430  -0.181   0.157   0.246   0.326   0
   2.45931697  -0.213   0.133   0.224   0.306   3
   2.46493387  -0.228   0.137   0.232   0.318   0
   2.46874142  -0.235   0.167   0.269   0.365   0
   2.46982050  -0.247   0.187   0.295   0.398   0
   2.47043896  -0.273   0.193   0.308   0.419   0
   2.47049737  -0.267   0.198   0.312   0.423   0
   2.47070217  -0.239   0.195   0.303   0.406   0
   2.47097611  -0.305   0.095   0.197   0.291   0
   2.47140026  -0.418  -0.055   0.040   0.124   0
   2.47203588  -0.516  -0.200  -0.114  -0.043   0
   2.47272730  -0.584  -0.315  -0.237  -0.179   0
   2.47357917  -0.646  -0.436  -0.369  -0.326   0
   2.47430491  -0.690  -0.535  -0.478  -0.449   0
   2.47508645  -0.725  -0.640  -0.597  -0.587   0
   2.47535563  -0.731  -0.672  -0.637  -0.635   0
   2.47582150  -0.738  -0.730  -0.710  -0.724   0
   2.47629333  -0.730  -0.776  -0.778  -0.817   0
   2.47676754  -0.708  -0.807  -0.838  -0.915   0
   2.47724152  -0.671  -0.802  -0.879  -1.018   0
   2.47771668  -0.614  -0.733  -0.885  -1.124   3
   2.47795558  -0.576  -0.664  -0.867  -1.175   0
   2.47819257  -0.528  -0.576  -0.832  -1.222   0
   2.47843122  -0.461  -0.464  -0.783  -1.263   0
   2.47866821  -0.366  -0.334  -0.721  -1.293   0
   2.47914314  -0.136  -0.088  -0.575  -1.260   0
   2.47961783   0.106   0.141  -0.421  -1.180   4
   2.48008251   0.098   0.104  -0.500  -1.295   0
   2.48064542   0.002  -0.013  -0.644  -1.463   0
   2.48123622  -0.089  -0.117  -0.761  -1.592   0
   2.48185325  -0.176  -0.218  -0.874  -1.714   0
   2.48252439  -0.262  -0.322  -0.991  -1.842   0
   2.48317790  -0.346  -0.422  -1.102  -1.962   0
   2.48390269  -0.419  -0.509  -1.200  -2.067   0
   2.48469710  -0.382  -0.464  -1.148  -2.011   0
   2.48695755  -0.308  -0.373  -1.045  -1.899   0
   2.49424815  -0.251  -0.298  -0.956  -1.799   0
   2.50000000  -0.224  -0.261  -0.909  -1.744   0
   2.51622963  -0.185  -0.206  -0.832  -1.647   4
   2.52192473  -0.200  -0.217  -0.835  -1.643   0
   2.53921676  -0.448  -0.440  -0.999  -1.757   0
   2.54824471  -0.643  -0.626  -1.133  -1.840   0
   2.55583978  -0.817  -0.796  -1.241  -1.881   0
   2.56081820  -0.927  -0.925  -1.314  -1.888   0
   2.56449533  -1.007  -1.026  -1.368  -1.881   0
   2.56810951  -1.076  -1.120  -1.417  -1.871   0
   2.57231069  -1.140  -1.215  -1.467  -1.855   0
   2.57721448  -1.206  -1.313  -1.515  -1.836   0
   2.58284569  -1.267  -1.403  -1.559  -1.818   0
   2.59018135  -1.336  -1.485  -1.597  -1.799   0
   2.59936190  -1.412  -1.564  -1.633  -1.782   0
   2.61108971  -1.497  -1.630  -1.668  -1.773   0
   2.63071346  -1.613  -1.711  -1.725  -1.798   0
   2.63320947  -1.628  -1.723  -1.734  -1.805   1
   2.64793205  -1.679  -1.807  -1.836  -1.931   0
   2.65401077  -1.684  -1.832  -1.888  -2.022   0
   2.65717816  -1.673  -1.832  -1.921  -2.101   0
   2.66166091  -1.658  -1.815  -1.951  -2.193   0
   2.66481042  -1.641  -1.775  -1.954  -2.252   3
   2.66549158  -1.618  -1.734  -1.950  -2.292   0
   2.66603041  -1.583  -1.671  -1.931  -2.334   0
   2.66639829  -1.543  -1.606  -1.908  -2.372   0
   2.66672277  -1.490  -1.526  -1.878  -2.408   0
   2.66704249  -1.409  -1.426  -1.836  -2.437   0
   2.66741490  -1.233  -1.246  -1.748  -2.449   0
   2.66765761  -0.997  -1.028  -1.605  -2.377   0
   2.66771770  -0.899  -0.938  -1.537  -2.329   4
   2.66785908  -0.810  -0.885  -1.546  -2.390   0
   2.66793680  -0.895  -1.008  -1.704  -2.575   0
   2.66884613  -1.036  -1.192  -1.923  -2.821   0
   2.66928411  -1.164  -1.353  -2.110  -3.027   0
   2.66961122  -1.277  -1.496  -2.277  -3.212   0
   2.66993833  -1.402  -1.668  -2.482  -3.442   0
   2.67015719  -1.479  -1.778  -2.612  -3.587   0
   2.67048621  -1.567  -1.913  -2.777  -3.773   0
   2.67082953  -1.649  -2.050  -2.950  -3.971   0
   2.67107868  -1.721  -2.161  -3.087  -4.126   0
   2.67131114  -1.795  -2.276  -3.231  -4.289   0
   2.67151570  -1.866  -2.392  -3.376  -4.456   0
   2.67169404  -1.913  -2.497  -3.514  -4.618   0
   2.67187977  -1.956  -2.614  -3.672  -4.805   0
   2.67202520  -1.986  -2.712  -3.811  -4.973   0
   2.67214727  -1.996  -2.795  -3.936  -5.130   0
   2.67226481  -2.024  -2.889  -4.071  -5.293   0
   2.67239857  -2.030  -2.980  -4.211  -5.470   0
   2.67251825  -2.023  -3.061  -4.341  -5.637   0
   2.67258859  -2.016  -3.098  -4.402  -5.718   0
   2.67267537  -2.018  -3.120  -4.435  -5.761   0
   2.67275286  -2.018  -3.095  -4.396  -5.710   1
   2.67279983  -2.003  -3.160  -4.507  -5.858   0
   2.67280197  -2.003  -3.161  -4.509  -5.860   0
   2.67283320  -2.000  -3.174  -4.531  -5.890   0
   2.67286444  -1.997  -3.187  -4.553  -5.920   0
   2.67289543  -1.995  -3.201  -4.576  -5.950   0
   2.67292666  -1.992  -3.214  -4.598  -5.980   0
   2.67295766  -1.988  -3.226  -4.620  -6.009   0
   2.67298889  -1.985  -3.239  -4.642  -6.039   0
   2.67301989  -1.982  -3.252  -4.665  -6.069   0
   2.67305112  -1.978  -3.264  -4.687  -6.099   0
   2.67308211  -1.974  -3.277  -4.709  -6.129   0
   2.67311263  -1.970  -3.289  -4.730  -6.158   0
   2.67314339  -1.967  -3.298  -4.746  -6.179   0
   2.67317414  -1.964  -3.307  -4.762  -6.201   0
   2.67319870  -1.961  -3.314  -4.775  -6.219   0
   2.67322946  -1.957  -3.322  -4.791  -6.240   0
   2.67326021  -1.954  -3.331  -4.806  -6.262   0
   2.67329097  -1.950  -3.339  -4.822  -6.283   0
   2.67336011  -1.944  -3.346  -4.836  -6.304   0
   2.67346096  -1.940  -3.355  -4.854  -6.328   0
   2.67356133  -1.935  -3.364  -4.870  -6.353   0
   2.67366099  -1.930  -3.373  -4.887  -6.377   0
   2.67376018  -1.925  -3.381  -4.904  -6.401   0
   2.67385888  -1.920  -3.390  -4.920  -6.425   0
   2.67395711  -1.914  -3.398  -4.937  -6.448   0
   2.67405486  -1.909  -3.406  -4.953  -6.472   0
   2.67415214  -1.904  -3.414  -4.969  -6.495   0
   2.67424917  -1.898  -3.421  -4.985  -6.518   0
   2.67434573  -1.898  -3.432  -5.001  -6.541   0
   2.67444205  -1.902  -3.444  -5.018  -6.563   0
   2.67453814  -1.906  -3.457  -5.035  -6.584   0
   2.67463422  -1.910  -3.469  -5.052  -6.606   0
   2.67473006  -1.913  -3.481  -5.069  -6.627   0
   2.67482615  -1.917  -3.493  -5.085  -6.648   0
   2.67492223  -1.921  -3.504  -5.101  -6.669   0
   2.67501831  -1.924  -3.516  -5.118  -6.690   0
   2.67511439  -1.928  -3.527  -5.134  -6.710   0
   2.67521095  -1.931  -3.539  -5.149  -6.731   0
   2.67530799  -1.934  -3.550  -5.165  -6.751   0
   2.67540526  -1.937  -3.561  -5.181  -6.771   0
   2.67550325  -1.940  -3.572  -5.196  -6.791   0
   2.67562675  -1.944  -3.585  -5.215  -6.815   0
   2.67575192  -1.947  -3.598  -5.233  -6.839   0
   2.67587900  -1.950  -3.611  -5.251  -6.863   0
   2.67600608  -1.953  -3.623  -5.269  -6.885   0
   2.67612696  -1.955  -3.635  -5.285  -6.907   0
   2.67626429  -1.958  -3.647  -5.303  -6.931   0
   2.67639399  -1.960  -3.659  -5.320  -6.953   0
   2.67651653  -1.962  -3.670  -5.336  -6.974   0
   2.67665124  -1.963  -3.681  -5.353  -6.997   0
   2.67677879  -1.964  -3.692  -5.369  -7.018   0
   2.67691588  -1.965  -3.703  -5.386  -7.040   0
   2.67704463  -1.965  -3.712  -5.401  -7.060   0
   2.67718983  -1.961  -3.719  -5.413  -7.079   0
   2.67727876  -1.959  -3.719  -5.414  -7.083   2
   2.67731762  -1.956  -3.713  -5.406  -7.077   0
   2.67733526  -1.946  -3.702  -5.393  -7.066   0
   2.67734337  -1.928  -3.682  -5.372  -7.046   0
   2.67734671  -1.912  -3.665  -5.354  -7.028   0
   2.67734933  -1.898  -3.650  -5.338  -7.013   0
