   0.15000001  13.653  12.720  11.399   9.828   0
   0.20000000  12.253  11.588  10.425   9.027   0
   0.25000000  11.485  10.910   9.810   8.489   0
   0.30000001  10.974  10.461   9.400   8.128   0
   0.34999999  10.532  10.070   9.043   7.815   0
   0.40000001  10.131   9.717   8.719   7.528   0
   0.44999999   9.625   9.276   8.316   7.170   0
   0.50000000   9.085   8.819   7.906   6.818   0
   0.55000001   8.381   8.250   7.417   6.412   0
   0.60000002   7.392   7.488   6.808   5.944   0
   0.60932392   7.261   7.378   6.714   5.866   0
   0.64255083   6.801   6.986   6.385   5.590   0
   0.67168993   6.418   6.651   6.100   5.351   0
   0.69787163   6.091   6.356   5.845   5.136   0
   0.69999999   6.064   6.332   5.825   5.118   0
   0.70736617   5.969   6.246   5.750   5.055   0
   0.73033577   5.690   5.979   5.517   4.858   0
   0.75141186   5.437   5.732   5.298   4.672   0
   0.77095377   5.204   5.498   5.090   4.493   0
   0.78944916   4.990   5.272   4.884   4.316   0
   0.80000001   4.862   5.137   4.761   4.209   0
   0.81092882   4.730   4.996   4.633   4.099   0
   0.83361572   4.440   4.677   4.342   3.847   0
   0.84756881   4.252   4.467   4.147   3.678   0
   0.86389744   4.004   4.190   3.892   3.455   0
   0.88331205   3.667   3.806   3.536   3.146   0
   0.88802439   3.576   3.703   3.439   3.059   0
   0.89218324   3.489   3.606   3.347   2.975   0
   0.89285749   3.474   3.590   3.331   2.960   0
   0.89463991   3.430   3.543   3.285   2.914   0
   0.89999998   3.296   3.401   3.144   2.774   0
   0.90248120   3.235   3.336   3.080   2.711   1
   0.90696591   3.101   3.209   2.940   2.547   0
   0.91045517   2.976   3.103   2.809   2.372   0
   0.91246873   2.894   3.045   2.720   2.231   0
   0.91395664   2.849   3.024   2.655   2.103   0
   0.91515887   2.832   3.022   2.606   1.987   0
   0.91617620   2.849   3.045   2.579   1.897   0
   0.91708112   2.869   3.048   2.538   1.809   0
   0.91799730   2.803   2.967   2.426   1.665   0
   0.91879410   2.687   2.830   2.270   1.489   0
   0.91948193   2.548   2.678   2.106   1.314   0
   0.92009002   2.405   2.525   1.945   1.144   0
   0.92065638   2.258   2.369   1.783   0.975   0
   0.92115444   2.118   2.220   1.627   0.813   0
   0.92156118   1.987   2.079   1.480   0.660   0
   0.92195892   1.850   1.933   1.329   0.503   0
   0.92232859   1.715   1.789   1.180   0.347   0
   0.92264313   1.582   1.647   1.032   0.193   0
   0.92293572   1.453   1.508   0.885   0.040   0
   0.92318982   1.325   1.367   0.737  -0.115   0
   0.92342705   1.204   1.232   0.593  -0.267   0
   0.92363560   1.083   1.096   0.448  -0.420   0
   0.92382503   0.964   0.962   0.304  -0.571   0
   0.92400157   0.846   0.828   0.161  -0.723   0
   0.92414808   0.726   0.694   0.017  -0.875   0
   0.92428201   0.609   0.561  -0.127  -1.027   0
   0.92440367   0.494   0.433  -0.265  -1.174   0
   0.92451310   0.379   0.305  -0.402  -1.318   0
   0.92462862   0.277   0.187  -0.532  -1.457   0
   0.92467731   0.253   0.159  -0.562  -1.489   2
   0.92474461   0.296   0.211  -0.503  -1.424   0
   0.92483270   0.180   0.077  -0.649  -1.581   0
   0.92492014   0.053  -0.069  -0.809  -1.752   0
   0.92499602  -0.052  -0.198  -0.953  -1.907   0
   0.92506760  -0.157  -0.331  -1.101  -2.067   0
   0.92512852  -0.257  -0.457  -1.245  -2.224   0
   0.92518133  -0.356  -0.582  -1.386  -2.377   0
   0.92523134  -0.452  -0.709  -1.534  -2.540   0
   0.92527443  -0.535  -0.823  -1.669  -2.690   0
   0.92531294  -0.625  -0.943  -1.809  -2.844   0
   0.92535013  -0.720  -1.068  -1.953  -3.002   0
   0.92538011  -0.801  -1.179  -2.085  -3.149   0
   0.92540890  -0.881  -1.291  -2.220  -3.302   0
   0.92543578  -0.955  -1.404  -2.358  -3.458   0
   0.92545927  -1.010  -1.505  -2.487  -3.608   0
   0.92548048  -1.061  -1.601  -2.612  -3.753   0
   0.92550111  -1.106  -1.693  -2.734  -3.897   2
   0.92550111   0.860   0.940   0.526  -0.097   1
   0.92550141  -1.095  -1.672  -2.706  -3.863   2
   0.92557991   0.856   0.937   0.521  -0.103   1
   0.92569554   0.852   0.934   0.514  -0.116   0
   0.92581689   0.847   0.929   0.507  -0.125   0
   0.92594451   0.843   0.925   0.501  -0.134   0
   0.92602712   0.839   0.922   0.497  -0.139   0
   0.92610067   0.836   0.918   0.494  -0.140   0
   0.92630148   0.828   0.909   0.487  -0.146   0
   0.92651165   0.819   0.898   0.480  -0.147   0
   0.92673188   0.810   0.887   0.473  -0.149   0
   0.92690325   0.804   0.880   0.467  -0.153   0
   0.92693621   0.804   0.881   0.467  -0.155   0
   0.92708397   0.801   0.879   0.462  -0.164   0
   0.92722917   0.799   0.878   0.457  -0.174   0
   0.92737806   0.798   0.879   0.451  -0.191   0
   0.92752701   0.796   0.880   0.443  -0.210   0
   0.92768198   0.799   0.881   0.433  -0.233   0
   0.92784429   0.798   0.879   0.419  -0.260   0
   0.92801869   0.794   0.874   0.400  -0.293   0
   0.92824608   0.783   0.861   0.372  -0.338   0
   0.92831761   0.776   0.854   0.359  -0.359   0
   0.92841506   0.764   0.841   0.337  -0.391   0
   0.92877591   0.711   0.769   0.227  -0.540   0
   0.92880213   0.687   0.736   0.180  -0.601   0
   0.92882210   0.641   0.677   0.099  -0.703   0
   0.92882812   0.600   0.626   0.035  -0.781   0
   0.92883277   0.512   0.523  -0.089  -0.925   0
   0.92883563   0.402   0.387  -0.247  -1.103   0
   0.92883867   0.273   0.232  -0.424  -1.298   0
   0.92884278   0.163   0.098  -0.578  -1.467   0
   0.92884570   0.125   0.054  -0.628  -1.522   0
   0.92886615   0.195   0.138  -0.533  -1.417   1
   0.92890835   0.090   0.011  -0.677  -1.577   0
   0.92893642  -0.052  -0.160  -0.872  -1.790   0
   0.92895925  -0.182  -0.317  -1.049  -1.985   0
   0.92897505  -0.290  -0.447  -1.197  -2.147   0
   0.92898935  -0.387  -0.580  -1.353  -2.320   0
   0.92900240  -0.461  -0.687  -1.484  -2.468   0
   0.92901593  -0.551  -0.812  -1.633  -2.634   0
   0.92902702  -0.643  -0.937  -1.780  -2.798   0
   0.92903519  -0.729  -1.056  -1.922  -2.957   0
   0.92904294  -0.823  -1.185  -2.075  -3.127   0
   0.92904925  -0.891  -1.290  -2.207  -3.279   0
   0.92905599  -0.964  -1.394  -2.334  -3.423   0
   0.92906314  -1.022  -1.501  -2.472  -3.584   0
   0.92906386  -1.034  -1.526  -2.505  -3.623   0
   0.92906499  -1.044  -1.548  -2.534  -3.657   0
   0.92906606  -1.054  -1.570  -2.564  -3.692   0
   0.92906713  -1.064  -1.591  -2.593  -3.727   0
   0.92906821  -1.073  -1.613  -2.622  -3.762   0
   0.92906934  -1.082  -1.634  -2.651  -3.796   0
   0.92907017  -1.090  -1.651  -2.674  -3.824   0
   0.92907125  -1.099  -1.672  -2.703  -3.859   0
   0.92907238  -1.108  -1.694  -2.732  -3.894   0
   0.92907345  -1.117  -1.715  -2.761  -3.928   0
   0.92907453  -1.126  -1.736  -2.790  -3.963   0
   0.92907560  -1.134  -1.756  -2.819  -3.998   0
   0.92907673  -1.143  -1.777  -2.848  -4.032   0
   0.92907780  -1.151  -1.798  -2.877  -4.067   0
   0.92907888  -1.160  -1.818  -2.905  -4.102   0
   0.92907995  -1.168  -1.839  -2.934  -4.137   0
   0.92908084  -1.174  -1.855  -2.957  -4.164   0
   0.92908192  -1.182  -1.875  -2.985  -4.199   0
   0.92908305  -1.190  -1.896  -3.014  -4.234   0
   0.92908412  -1.198  -1.916  -3.042  -4.269   0
   0.92908496  -1.204  -1.932  -3.065  -4.296   0
   0.92908609  -1.211  -1.952  -3.094  -4.331   0
   0.92908716  -1.218  -1.972  -3.122  -4.366   0
   0.92908800  -1.224  -1.988  -3.145  -4.394   0
   0.92908913  -1.232  -2.008  -3.175  -4.431   0
   0.92909020  -1.239  -2.029  -3.204  -4.467   0
   0.92909127  -1.245  -2.049  -3.234  -4.504   0
   0.92909235  -1.252  -2.068  -3.263  -4.540   0
   0.92909348  -1.258  -2.088  -3.292  -4.577   0
   0.92909455  -1.263  -2.105  -3.318  -4.609   0
   0.92909533  -1.266  -2.115  -3.333  -4.629   0
   0.92909622  -1.270  -2.128  -3.351  -4.652   0
   0.92909718  -1.272  -2.139  -3.369  -4.674   0
   0.92909807  -1.273  -2.150  -3.386  -4.697   0
   0.92909878  -1.274  -2.159  -3.400  -4.714   0
   0.92909968  -1.275  -2.170  -3.417  -4.737   0
   0.92910039  -1.275  -2.178  -3.430  -4.754   0
   0.92910230  -1.274  -2.190  -3.450  -4.780   0
   0.92910486  -1.273  -2.204  -3.474  -4.813   0
   0.92910737  -1.272  -2.219  -3.499  -4.846   0
   0.92910993  -1.271  -2.233  -3.523  -4.879   0
   0.92911243  -1.269  -2.247  -3.548  -4.912   0
   0.92911500  -1.266  -2.261  -3.572  -4.945   0
   0.92911732  -1.263  -2.275  -3.596  -4.977   0
   0.92911971  -1.260  -2.288  -3.619  -5.009   0
   0.92912209  -1.257  -2.300  -3.642  -5.042   0
   0.92912441  -1.253  -2.313  -3.666  -5.075   0
   0.92912680  -1.248  -2.325  -3.689  -5.107   0
   0.92912912  -1.243  -2.337  -3.712  -5.140   0
   0.92913151  -1.237  -2.348  -3.735  -5.173   0
   0.92913383  -1.230  -2.360  -3.758  -5.206   0
   0.92913622  -1.223  -2.370  -3.781  -5.240   0
   0.92913854  -1.214  -2.381  -3.804  -5.273   0
   0.92914087  -1.207  -2.391  -3.826  -5.306   0
   0.92914307  -1.211  -2.408  -3.851  -5.338   0
   0.92914522  -1.215  -2.424  -3.876  -5.370   0
   0.92914742  -1.218  -2.440  -3.900  -5.401   0
   0.92914772  -1.219  -2.442  -3.903  -5.406   0
