   0.15000001  13.754  12.788  11.450   9.864   0
   0.20000000  12.330  11.657  10.489   9.085   0
   0.25000000  11.553  10.971   9.867   8.540   0
   0.30000001  11.051  10.530   9.464   8.187   0
   0.34999999  10.615  10.145   9.113   7.878   0
   0.40000001  10.205   9.783   8.780   7.582   0
   0.44999999   9.716   9.355   8.388   7.235   0
   0.50000000   9.221   8.934   8.008   6.905   0
   0.55000001   8.591   8.419   7.561   6.532   0
   0.60000002   7.682   7.726   7.007   6.111   0
   0.69999999   6.527   6.750   6.186   5.425   0
   0.80000001   5.593   5.890   5.446   4.810   0
   0.83129704   5.345   5.647   5.233   4.632   0
   0.89999998   4.865   5.144   4.786   4.259   0
   0.95842743   4.508   4.742   4.428   3.970   0
   1.00000000   4.271   4.466   4.182   3.773   0
   1.05583477   3.978   4.108   3.869   3.542   0
   1.10000002   3.759   3.836   3.631   3.371   0
   1.14950609   3.533   3.560   3.396   3.211   0
   1.20000005   3.313   3.307   3.186   3.067   0
   1.20626521   3.286   3.278   3.162   3.050   0
   1.25983059   3.058   3.047   2.970   2.909   0
   1.29999995   2.888   2.887   2.835   2.806   0
   1.32652390   2.780   2.797   2.758   2.743   0
   1.38712025   2.534   2.594   2.584   2.598   0
   1.39999998   2.482   2.554   2.549   2.568   0
   1.42753553   2.376   2.472   2.477   2.504   0
   1.47893786   2.175   2.318   2.342   2.384   0
   1.50000000   2.093   2.255   2.286   2.333   0
   1.50946379   2.055   2.226   2.259   2.309   0
   1.54445314   1.910   2.111   2.155   2.212   0
   1.57067513   1.802   2.022   2.072   2.134   0
   1.57410038   1.788   2.010   2.061   2.123   0
   1.60000002   1.681   1.915   1.970   2.034   0
   1.62112820   1.592   1.835   1.892   1.958   0
   1.64836550   1.475   1.721   1.780   1.846   0
   1.67441928   1.358   1.602   1.661   1.726   0
   1.69925523   1.241   1.476   1.535   1.596   0
   1.70000005   1.237   1.472   1.531   1.592   0
   1.70460165   1.216   1.448   1.507   1.568   0
   1.72552657   1.111   1.331   1.388   1.446   0
   1.73543262   1.059   1.273   1.329   1.385   0
   1.74491310   1.007   1.217   1.273   1.327   0
   1.74889016   0.985   1.196   1.252   1.306   0
   1.75000000   0.978   1.191   1.247   1.302   0
   1.75597334   0.944   1.165   1.224   1.281   3
   1.75919008   0.922   1.162   1.225   1.286   0
   1.76138425   0.895   1.173   1.244   1.315   0
   1.76202095   0.869   1.176   1.254   1.331   0
   1.76238787   0.828   1.160   1.243   1.326   0
   1.76248598   0.833   1.160   1.242   1.324   0
   1.76277328   0.786   1.069   1.143   1.213   0
   1.76324725   0.685   0.932   0.999   1.059   0
   1.76419163   0.610   0.813   0.873   0.922   0
   1.76544595   0.554   0.711   0.761   0.799   0
   1.76667440   0.509   0.620   0.658   0.682   0
   1.76797402   0.467   0.520   0.541   0.547   0
   1.76894319   0.444   0.442   0.446   0.431   0
   1.76989758   0.437   0.378   0.355   0.307   0
   1.76999998   0.437   0.371   0.345   0.293   0
   1.77018797   0.437   0.361   0.328   0.267   0
   1.77048945   0.441   0.352   0.305   0.222   0
   1.77109122   0.452   0.343   0.261   0.131   0
   1.77169359   0.468   0.371   0.239   0.036   3
   1.77229714   0.497   0.450   0.249  -0.054   0
   1.77260196   0.516   0.503   0.266  -0.097   0
   1.77290845   0.546   0.573   0.293  -0.137   0
   1.77322197   0.585   0.651   0.325  -0.175   0
   1.77353847   0.633   0.730   0.361  -0.201   0
   1.77418530   0.741   0.865   0.432  -0.213   0
   1.77485979   0.882   1.010   0.523  -0.183   0
   1.77555943   0.981   1.107   0.583  -0.167   4
   1.77723384   0.920   1.018   0.456  -0.331   0
   1.77849054   0.810   0.896   0.320  -0.479   0
   1.77987647   0.686   0.760   0.175  -0.635   0
   1.78120065   0.559   0.624   0.031  -0.786   0
   1.78242528   0.441   0.498  -0.102  -0.927   0
   1.78380716   0.318   0.365  -0.242  -1.075   0
   1.78522646   0.201   0.237  -0.378  -1.218   0
   1.78640878   0.100   0.123  -0.502  -1.349   0
   1.78751457   0.000   0.009  -0.624  -1.478   0
   1.78850436  -0.094  -0.099  -0.740  -1.602   0
   1.78879833  -0.122  -0.130  -0.775  -1.639   2
   1.78883207  -0.017  -0.008  -0.640  -1.493   0
   1.78883862   0.057   0.078  -0.546  -1.393   0
   1.78884709   0.128   0.159  -0.457  -1.298   0
   1.78885818   0.307   0.357  -0.244  -1.070   0
   1.78887117   0.456   0.519  -0.070  -0.884   0
   1.78890753   0.627   0.706   0.132  -0.667   0
   1.78906298   0.718   0.818   0.274  -0.495   0
   1.78939414   0.704   0.818   0.307  -0.428   0
   1.79005647   0.767   0.884   0.371  -0.366   2
   1.79632282   0.638   0.751   0.259  -0.456   0
   1.79999995   0.544   0.656   0.184  -0.507   0
   1.80232143   0.473   0.584   0.129  -0.542   0
   1.80619645   0.348   0.445   0.033  -0.585   0
   1.81076145   0.232   0.307  -0.057  -0.614   0
   1.81423163   0.149   0.187  -0.129  -0.618   0
   1.81783986   0.080   0.081  -0.194  -0.620   0
   1.82155037   0.015  -0.023  -0.257  -0.620   0
   1.82607245  -0.050  -0.118  -0.317  -0.627   0
   1.83212137  -0.126  -0.222  -0.389  -0.650   0
   1.84754026  -0.298  -0.424  -0.536  -0.729   0
   1.86199296  -0.459  -0.586  -0.653  -0.785   0
   1.87519991  -0.590  -0.715  -0.760  -0.865   1
   1.88814437  -0.695  -0.827  -0.886  -1.013   0
   1.89276695  -0.722  -0.867  -0.945  -1.104   0
   1.89513874  -0.729  -0.863  -0.980  -1.188   0
   1.89706886  -0.722  -0.829  -1.002  -1.288   0
   1.89821756  -0.704  -0.769  -1.001  -1.369   0
   1.89999998  -0.692  -0.718  -1.000  -1.443   0
   1.90093565  -0.691  -0.707  -1.004  -1.469   3
   1.90284848  -0.676  -0.665  -1.001  -1.521   0
   1.90388310  -0.629  -0.591  -0.979  -1.569   0
   1.90418661  -0.553  -0.497  -0.939  -1.596   0
   1.90439403  -0.451  -0.394  -0.888  -1.606   0
   1.90453947  -0.289  -0.239  -0.784  -1.554   0
   1.90457034  -0.229  -0.184  -0.744  -1.529   4
   1.90464187  -0.286  -0.267  -0.871  -1.699   0
   1.90469563  -0.406  -0.403  -1.022  -1.865   0
   1.90538037  -0.528  -0.552  -1.194  -2.055   0
   1.90564370  -0.655  -0.701  -1.361  -2.237   0
   1.90589738  -0.784  -0.854  -1.533  -2.424   0
   1.90611672  -0.920  -1.016  -1.714  -2.622   0
   1.90623987  -1.066  -1.188  -1.906  -2.830   0
   1.90633464  -1.186  -1.329  -2.065  -3.003   0
   1.90646815  -1.310  -1.485  -2.244  -3.200   0
   1.90659285  -1.408  -1.620  -2.404  -3.378   0
   1.90670764  -1.507  -1.751  -2.556  -3.545   0
   1.90680766  -1.599  -1.874  -2.699  -3.703   0
   1.90693152  -1.698  -2.009  -2.858  -3.879   0
   1.90702784  -1.791  -2.136  -3.010  -4.049   0
   1.90709424  -1.869  -2.248  -3.145  -4.202   0
   1.90715468  -1.944  -2.358  -3.279  -4.355   0
   1.90721881  -2.015  -2.464  -3.411  -4.506   0
   1.90726209  -2.062  -2.560  -3.539  -4.657   0
   1.90727031  -2.013  -2.456  -3.401  -4.492   1
   1.90727711  -2.053  -2.545  -3.521  -4.636   0
   1.90728307  -2.101  -2.645  -3.653  -4.791   0
   1.90729499  -2.116  -2.698  -3.733  -4.890   0
   1.90730727  -2.124  -2.718  -3.759  -4.922   0
   1.90731943  -2.132  -2.737  -3.785  -4.953   0
   1.90733159  -2.140  -2.755  -3.811  -4.985   0
   1.90734136  -2.146  -2.771  -3.832  -5.010   0
   1.90735352  -2.154  -2.789  -3.858  -5.041   0
   1.90736568  -2.162  -2.808  -3.884  -5.072   0
   1.90737784  -2.170  -2.827  -3.910  -5.104   0
   1.90739012  -2.177  -2.845  -3.936  -5.135   0
   1.90740228  -2.185  -2.864  -3.962  -5.167   0
   1.90741444  -2.192  -2.882  -3.988  -5.198   0
   1.90742648  -2.199  -2.900  -4.012  -5.228   0
   1.90743840  -2.206  -2.917  -4.037  -5.258   0
   1.90745032  -2.212  -2.934  -4.061  -5.287   0
   1.90746224  -2.219  -2.951  -4.085  -5.317   0
   1.90747416  -2.225  -2.969  -4.110  -5.347   0
   1.90748620  -2.232  -2.986  -4.134  -5.376   0
   1.90751207  -2.237  -3.000  -4.155  -5.402   0
   1.90755844  -2.242  -3.017  -4.180  -5.433   0
   1.90760458  -2.248  -3.034  -4.205  -5.465   0
   1.90765035  -2.253  -3.051  -4.230  -5.496   0
   1.90769577  -2.258  -3.068  -4.255  -5.528   0
   1.90774071  -2.263  -3.084  -4.280  -5.559   0
   1.90778530  -2.268  -3.101  -4.305  -5.590   0
   1.90782952  -2.273  -3.117  -4.330  -5.622   0
   1.90787327  -2.277  -3.134  -4.355  -5.653   0
   1.90791678  -2.282  -3.150  -4.379  -5.684   0
   1.90795982  -2.286  -3.166  -4.404  -5.716   0
   1.90800250  -2.286  -3.181  -4.427  -5.746   0
   1.90804482  -2.287  -3.195  -4.450  -5.777   0
   1.90808678  -2.287  -3.210  -4.474  -5.808   0
   1.90812838  -2.288  -3.224  -4.497  -5.839   0
   1.90816951  -2.288  -3.238  -4.520  -5.869   0
   1.90821028  -2.287  -3.252  -4.543  -5.900   0
   1.90824270  -2.287  -3.265  -4.564  -5.928   0
   1.90827477  -2.287  -3.278  -4.585  -5.956   0
   1.90830660  -2.286  -3.290  -4.606  -5.984   0
   1.90833819  -2.285  -3.302  -4.627  -6.012   0
   1.90836966  -2.284  -3.314  -4.647  -6.039   0
   1.90840077  -2.283  -3.326  -4.668  -6.067   0
   1.90843165  -2.282  -3.338  -4.688  -6.095   0
   1.90846241  -2.280  -3.350  -4.708  -6.122   0
   1.90849292  -2.279  -3.361  -4.728  -6.149   0
   1.90852332  -2.277  -3.372  -4.748  -6.177   0
   1.90855348  -2.274  -3.383  -4.768  -6.204   0
   1.90858352  -2.272  -3.394  -4.787  -6.231   0
   1.90861344  -2.269  -3.404  -4.806  -6.258   0
   1.90864325  -2.266  -3.414  -4.825  -6.284   0
   1.90867281  -2.263  -3.424  -4.844  -6.311   0
   1.90870237  -2.268  -3.439  -4.865  -6.337   0
   1.90873182  -2.273  -3.453  -4.885  -6.363   0
   1.90876126  -2.278  -3.467  -4.906  -6.388   0
   1.90879071  -2.284  -3.481  -4.926  -6.413   0
   1.90881991  -2.288  -3.495  -4.946  -6.438   0
   1.90884924  -2.293  -3.509  -4.965  -6.463   0
   1.90887845  -2.298  -3.522  -4.985  -6.488   0
   1.90890789  -2.302  -3.536  -5.004  -6.512   0
   1.90893722  -2.306  -3.548  -5.023  -6.536   0
   1.90897417  -2.311  -3.564  -5.045  -6.565   0
   1.90901124  -2.315  -3.579  -5.068  -6.594   0
   1.90904856  -2.319  -3.593  -5.089  -6.621   0
   1.90908527  -2.321  -3.607  -5.110  -6.648   0
   1.90911996  -2.324  -3.619  -5.128  -6.671   0
   1.90915930  -2.325  -3.631  -5.147  -6.697   0
   1.90920222  -2.326  -3.643  -5.167  -6.723   0
   1.90924788  -2.325  -3.654  -5.185  -6.748   0
   1.90929556  -2.324  -3.664  -5.203  -6.773   0
   1.90933990  -2.322  -3.673  -5.219  -6.796   0
   1.90938544  -2.318  -3.680  -5.234  -6.818   0
   1.90944171  -2.299  -3.675  -5.237  -6.829   0
