   0.15000001  13.853  12.822  11.468   9.861   0
   0.20000000  12.469  11.696  10.509   9.085   0
   0.25000000  11.703  11.008   9.886   8.543   0
   0.30000001  11.203  10.562   9.482   8.193   0
   0.34999999  10.769  10.175   9.129   7.886   0
   0.40000001  10.360   9.809   8.794   7.592   0
   0.44999999   9.866   9.376   8.397   7.244   0
   0.50000000   9.366   8.948   8.011   6.914   0
   0.55000001   8.725   8.428   7.554   6.536   0
   0.60000002   8.019   7.877   7.083   6.151   0
   0.69999999   6.714   6.840   6.220   5.441   0
   0.80000001   5.708   5.955   5.477   4.823   0
   0.82131052   5.531   5.786   5.331   4.700   0
   0.89999998   4.947   5.201   4.816   4.267   0
   0.94702208   4.642   4.875   4.527   4.029   0
   1.00000000   4.324   4.522   4.212   3.771   0
   1.03615093   4.125   4.289   4.007   3.613   0
   1.09973478   3.792   3.892   3.658   3.349   1
   1.10000002   3.791   3.890   3.656   3.348   0
   1.11763513   3.705   3.784   3.565   3.284   0
   1.16356659   3.487   3.519   3.338   3.128   0
   1.19983661   3.322   3.322   3.171   3.013   0
   1.20000005   3.321   3.321   3.170   3.013   0
   1.24736273   3.117   3.097   2.986   2.882   0
   1.29998863   2.890   2.871   2.798   2.741   0
   1.29999995   2.890   2.871   2.798   2.740   0
   1.35066283   2.674   2.673   2.629   2.607   0
   1.39575791   2.485   2.515   2.492   2.490   0
   1.39999998   2.467   2.500   2.479   2.478   0
   1.44002450   2.301   2.361   2.355   2.371   0
   1.47558439   2.154   2.241   2.248   2.273   0
   1.47715974   2.148   2.236   2.243   2.268   0
   1.50000000   2.054   2.156   2.170   2.199   0
   1.51425934   1.993   2.104   2.121   2.154   0
   1.54418254   1.865   1.989   2.013   2.049   0
   1.57350743   1.739   1.872   1.899   1.937   0
   1.60000002   1.622   1.756   1.786   1.824   0
   1.61563122   1.552   1.685   1.715   1.752   0
   1.63941479   1.443   1.568   1.598   1.632   1
   1.66257215   1.334   1.446   1.473   1.502   0
   1.68521821   1.223   1.315   1.338   1.361   0
   1.69616866   1.166   1.248   1.269   1.289   0
   1.70000005   1.146   1.224   1.244   1.264   0
   1.70737433   1.106   1.179   1.199   1.217   0
   1.71197903   1.080   1.153   1.173   1.191   0
   1.71775842   1.042   1.125   1.149   1.169   0
   1.72097754   1.014   1.119   1.148   1.175   3
   1.72315228   0.977   1.126   1.168   1.207   0
   1.72377121   0.942   1.128   1.179   1.227   0
   1.72413754   0.886   1.110   1.171   1.228   0
   1.72418535   0.894   1.115   1.175   1.231   0
   1.72436845   0.909   1.083   1.132   1.176   0
   1.72467697   0.806   0.934   0.974   1.006   0
   1.72515595   0.743   0.827   0.856   0.875   0
   1.72593987   0.703   0.736   0.749   0.749   0
   1.72681046   0.680   0.666   0.661   0.642   0
   1.72782838   0.672   0.608   0.577   0.526   0
   1.72863400   0.674   0.582   0.523   0.434   0
   1.72944152   0.687   0.583   0.482   0.333   0
   1.72997403   0.704   0.608   0.467   0.263   3
   1.73050499   0.726   0.666   0.472   0.193   0
   1.73102880   0.762   0.752   0.501   0.132   0
   1.73155665   0.822   0.865   0.549   0.076   0
   1.73208833   0.910   0.991   0.609   0.047   0
   1.73261833   1.024   1.120   0.682   0.053   0
   1.73316312   1.164   1.262   0.776   0.094   0
   1.73401499   1.364   1.451   0.904   0.159   4
   1.73517215   1.341   1.397   0.810   0.031   0
   1.73621333   1.247   1.284   0.678  -0.118   0
   1.73729455   1.126   1.148   0.529  -0.279   0
   1.73821962   1.018   1.029   0.401  -0.414   0
   1.73918188   0.905   0.906   0.269  -0.553   0
   1.74021506   0.786   0.777   0.132  -0.699   0
   1.74122465   0.669   0.651  -0.003  -0.841   0
   1.74225843   0.562   0.529  -0.135  -0.982   0
   1.74331510   0.459   0.408  -0.267  -1.122   0
   1.74437261   0.357   0.289  -0.398  -1.262   0
   1.74541008   0.259   0.175  -0.523  -1.395   0
   1.74623883   0.182   0.084  -0.622  -1.502   0
   1.74715328   0.099  -0.012  -0.728  -1.615   0
   1.74829531  -0.014  -0.144  -0.874  -1.773   0
   1.74859250  -0.042  -0.178  -0.912  -1.814   2
   1.74932086   1.141   1.187   0.598  -0.183   4
   1.75000000   1.136   1.182   0.595  -0.185   0
   1.76715100   0.851   0.922   0.400  -0.321   0
   1.77375412   0.682   0.753   0.262  -0.427   0
   1.78744912   0.475   0.545   0.083  -0.577   0
   1.79999995   0.332   0.394  -0.054  -0.699   0
   1.80018735   0.329   0.392  -0.056  -0.700   0
   1.81623244   0.137   0.185  -0.241  -0.858   0
   1.83235097  -0.056  -0.023  -0.422  -1.007   0
   1.83862698  -0.126  -0.098  -0.488  -1.063   1
   1.85309398  -0.228  -0.202  -0.612  -1.211   0
   1.85924327  -0.216  -0.182  -0.636  -1.289   0
   1.86626101  -0.097  -0.078  -0.621  -1.365   0
   1.86779058   0.064   0.042  -0.579  -1.389   4
   1.86789930   0.066   0.033  -0.606  -1.433   0
   1.86795127  -0.032  -0.092  -0.756  -1.604   0
   1.86800969  -0.151  -0.241  -0.929  -1.794   0
   1.86903155  -0.307  -0.433  -1.150  -2.038   0
   1.86935735  -0.448  -0.606  -1.347  -2.254   0
   1.86964428  -0.599  -0.791  -1.560  -2.486   0
   1.86988580  -0.742  -0.971  -1.767  -2.715   0
   1.87004256  -0.833  -1.099  -1.917  -2.881   0
   1.87019932  -0.921  -1.225  -2.068  -3.049   0
   1.87034965  -1.009  -1.351  -2.218  -3.216   0
   1.87053907  -1.098  -1.495  -2.399  -3.422   0
   1.87065029  -1.151  -1.590  -2.521  -3.564   0
   1.87074840  -1.228  -1.710  -2.671  -3.734   0
   1.87082684  -1.294  -1.827  -2.818  -3.903   0
   1.87089229  -1.342  -1.928  -2.948  -4.055   0
   1.87096441  -1.376  -2.019  -3.072  -4.202   0
   1.87101674  -1.408  -2.136  -3.238  -4.404   0
   1.87102973  -1.425  -2.203  -3.335  -4.523   0
   1.87104082  -1.428  -2.221  -3.361  -4.554   0
   1.87105191  -1.432  -2.238  -3.386  -4.585   0
   1.87106299  -1.436  -2.255  -3.411  -4.617   0
   1.87107408  -1.439  -2.273  -3.437  -4.648   0
   1.87108505  -1.442  -2.290  -3.462  -4.679   0
   1.87109613  -1.445  -2.307  -3.488  -4.711   0
   1.87110722  -1.448  -2.324  -3.513  -4.743   0
   1.87111831  -1.451  -2.341  -3.539  -4.774   0
   1.87112927  -1.454  -2.358  -3.565  -4.806   0
   1.87114012  -1.455  -2.374  -3.589  -4.836   0
   1.87115085  -1.456  -2.389  -3.612  -4.866   0
   1.87116146  -1.456  -2.405  -3.636  -4.896   0
   1.87117219  -1.457  -2.420  -3.659  -4.926   0
   1.87118280  -1.457  -2.436  -3.683  -4.956   0
   1.87119353  -1.457  -2.451  -3.706  -4.986   0
   1.87120414  -1.457  -2.467  -3.730  -5.016   0
   1.87121487  -1.457  -2.482  -3.754  -5.046   0
   1.87122548  -1.457  -2.497  -3.777  -5.076   0
   1.87123621  -1.457  -2.513  -3.801  -5.106   0
   1.87124467  -1.456  -2.518  -3.810  -5.119   0
   1.87125540  -1.456  -2.526  -3.822  -5.133   0
   1.87126601  -1.455  -2.533  -3.833  -5.148   0
   1.87127674  -1.454  -2.540  -3.844  -5.162   0
   1.87128735  -1.454  -2.547  -3.855  -5.176   0
   1.87129807  -1.453  -2.553  -3.866  -5.190   0
   1.87130868  -1.452  -2.560  -3.877  -5.205   0
   1.87131941  -1.451  -2.566  -3.887  -5.219   0
   1.87132990  -1.449  -2.571  -3.896  -5.231   0
   1.87136865  -1.447  -2.584  -3.918  -5.260   0
   1.87140727  -1.444  -2.597  -3.940  -5.289   0
   1.87144554  -1.441  -2.610  -3.962  -5.319   0
   1.87148345  -1.437  -2.623  -3.984  -5.348   0
   1.87152123  -1.434  -2.635  -4.006  -5.377   0
   1.87155855  -1.430  -2.647  -4.027  -5.406   0
   1.87159574  -1.426  -2.660  -4.049  -5.436   0
   1.87163246  -1.422  -2.672  -4.071  -5.465   0
   1.87166905  -1.418  -2.684  -4.092  -5.494   0
   1.87170529  -1.413  -2.696  -4.114  -5.524   0
   1.87174129  -1.408  -2.707  -4.135  -5.553   0
   1.87177682  -1.403  -2.719  -4.157  -5.582   0
   1.87181222  -1.398  -2.730  -4.178  -5.611   0
   1.87184727  -1.393  -2.742  -4.199  -5.641   0
   1.87188208  -1.387  -2.753  -4.220  -5.670   0
   1.87191653  -1.381  -2.764  -4.241  -5.699   0
   1.87195063  -1.375  -2.774  -4.261  -5.727   0
   1.87198460  -1.369  -2.784  -4.280  -5.755   0
   1.87201822  -1.363  -2.794  -4.300  -5.784   0
   1.87205148  -1.357  -2.804  -4.319  -5.812   0
   1.87208450  -1.350  -2.813  -4.338  -5.840   0
   1.87211716  -1.343  -2.823  -4.359  -5.869   0
   1.87214959  -1.336  -2.834  -4.379  -5.899   0
   1.87218177  -1.329  -2.843  -4.399  -5.929   0
   1.87221348  -1.321  -2.853  -4.419  -5.959   0
   1.87223887  -1.314  -2.861  -4.436  -5.983   0
   1.87226391  -1.308  -2.868  -4.452  -6.007   0
   1.87228882  -1.304  -2.878  -4.469  -6.030   0
   1.87231350  -1.308  -2.891  -4.487  -6.054   0
   1.87233818  -1.312  -2.904  -4.505  -6.077   0
   1.87236261  -1.316  -2.916  -4.523  -6.100   0
   1.87238705  -1.320  -2.929  -4.541  -6.123   0
   1.87241125  -1.324  -2.942  -4.558  -6.145   0
   1.87243533  -1.327  -2.954  -4.576  -6.168   0
   1.87245941  -1.331  -2.967  -4.593  -6.190   0
   1.87248349  -1.334  -2.979  -4.610  -6.212   0
   1.87250721  -1.337  -2.991  -4.627  -6.234   0
   1.87253094  -1.340  -3.003  -4.644  -6.256   0
   1.87255466  -1.343  -3.014  -4.660  -6.277   0
   1.87257838  -1.346  -3.026  -4.677  -6.298   0
   1.87260807  -1.349  -3.040  -4.696  -6.325   0
   1.87263775  -1.352  -3.053  -4.716  -6.350   0
   1.87266743  -1.354  -3.066  -4.735  -6.375   0
   1.87269711  -1.357  -3.079  -4.754  -6.400   0
   1.87272668  -1.358  -3.091  -4.772  -6.424   0
   1.87275636  -1.360  -3.103  -4.789  -6.447   0
   1.87278533  -1.360  -3.113  -4.805  -6.468   0
   1.87281799  -1.365  -3.126  -4.822  -6.491   2
   1.87284863  -1.388  -3.145  -4.838  -6.512   0
   1.87288201  -1.413  -3.166  -4.854  -6.532   0
   1.87292635  -1.440  -3.185  -4.865  -6.548   0
   1.87293839  -1.439  -3.179  -4.854  -6.540   0
   1.87294257  -1.426  -3.164  -4.839  -6.525   0
