   0.15000001  13.767  12.796  11.456   9.868   0
   0.20000000  12.340  11.666  10.497   9.092   0
   0.25000000  11.562  10.979   9.874   8.546   0
   0.30000001  11.061  10.539   9.472   8.194   0
   0.34999999  10.625  10.155   9.121   7.886   0
   0.40000001  10.214   9.791   8.788   7.589   0
   0.44999999   9.733   9.371   8.403   7.248   0
   0.50000000   9.246   8.956   8.029   6.924   0
   0.55000001   8.633   8.454   7.592   6.558   0
   0.60000002   7.739   7.774   7.049   6.147   0
   0.69999999   6.601   6.818   6.245   5.477   0
   0.80000001   5.689   5.984   5.530   4.882   0
   0.89999998   4.986   5.271   4.901   4.359   0
   1.00000000   4.417   4.637   4.337   3.903   0
   1.10000002   3.948   4.066   3.837   3.533   0
   1.20000005   3.547   3.566   3.413   3.253   0
   1.29999995   3.190   3.186   3.104   3.041   0
   1.39999998   2.867   2.905   2.871   2.867   0
   1.50000000   2.581   2.686   2.687   2.717   0
   1.60000002   2.327   2.504   2.532   2.584   0
   1.70000005   2.098   2.343   2.392   2.461   0
   1.75000000   1.992   2.268   2.325   2.402   0
   1.76999998   1.952   2.239   2.300   2.379   0
   1.79999995   1.892   2.196   2.261   2.345   0
   1.89999998   1.705   2.062   2.139   2.235   0
   2.00000000   1.534   1.937   2.026   2.132   0
   2.20000005   1.243   1.727   1.835   1.960   0
   2.50000000   0.866   1.437   1.565   1.712   0
   3.00000000   0.344   1.013   1.168   1.341   0
   3.22505188   0.140   0.843   1.005   1.187   0
   3.50000000  -0.090   0.650   0.823   1.014   0
   4.00000000  -0.462   0.333   0.521   0.727   0
   4.50000000  -0.789   0.050   0.250   0.468   0
   5.00000000  -1.079  -0.204   0.007   0.235   0
   6.00000000  -1.576  -0.645  -0.418  -0.172   0
   6.45320082  -1.783  -0.831  -0.596  -0.343   0
   7.00000000  -2.020  -1.044  -0.802  -0.541   0
   8.59079838  -2.651  -1.618  -1.357  -1.077   0
   9.00000000  -2.803  -1.757  -1.491  -1.208   0
  10.29269886  -3.250  -2.166  -1.889  -1.595   0
  12.00000000  -3.811  -2.688  -2.401  -2.101   0
  12.87807751  -4.060  -2.923  -2.635  -2.334   0
  14.93810368  -4.651  -3.493  -3.202  -2.903   0
  15.00000000  -4.670  -3.512  -3.221  -2.922   1
  16.60255241  -5.109  -3.948  -3.657  -3.359   0
  18.02718163  -5.551  -4.400  -4.112  -3.815   0
  19.12826157  -5.964  -4.838  -4.554  -4.262   0
  19.57442093  -6.160  -5.046  -4.768  -4.481   0
  19.78442955  -6.246  -5.137  -4.860  -4.576   0
  19.87525940  -6.258  -5.142  -4.862  -4.576   3
  19.93301201  -6.223  -5.091  -4.807  -4.512   0
  19.94176483  -6.207  -5.060  -4.773  -4.476   0
  19.94232941  -6.206  -5.059  -4.771  -4.474   0
  19.94790459  -6.233  -5.101  -4.817  -4.522   0
  19.94877243  -6.254  -5.126  -4.843  -4.550   0
  19.95105362  -6.327  -5.211  -4.931  -4.645   0
  19.95283699  -6.390  -5.285  -5.011  -4.730   0
  19.95452309  -6.456  -5.366  -5.097  -4.823   0
  19.95611000  -6.517  -5.447  -5.183  -4.913   0
  19.95739746  -6.566  -5.515  -5.256  -4.993   0
  19.95888519  -6.631  -5.601  -5.350  -5.096   0
  19.96007538  -6.710  -5.690  -5.445  -5.202   0
  19.96136284  -6.796  -5.790  -5.554  -5.320   0
  19.96245193  -6.856  -5.869  -5.638  -5.412   0
  19.96344376  -6.909  -5.937  -5.711  -5.492   0
  19.96443367  -6.955  -6.001  -5.779  -5.566   0
  19.96651649  -7.033  -6.111  -5.897  -5.694   0
  19.96859550  -7.101  -6.207  -6.000  -5.804   0
  19.97146988  -7.173  -6.306  -6.105  -5.917   0
  19.97483635  -7.220  -6.365  -6.168  -5.986   0
  19.97849846  -7.278  -6.425  -6.234  -6.060   0
  19.98196411  -7.289  -6.436  -6.246  -6.072   2
  19.99456596  -7.220  -6.354  -6.153  -5.966   0
  20.00000000  -7.194  -6.314  -6.109  -5.918   0
  20.01119804  -7.142  -6.235  -6.024  -5.825   0
  20.02511406  -7.089  -6.155  -5.938  -5.731   0
  20.04338646  -7.040  -6.078  -5.855  -5.639   0
  20.07054901  -6.991  -6.000  -5.769  -5.544   0
  20.10161591  -6.947  -5.933  -5.696  -5.462   0
  20.14484596  -6.883  -5.857  -5.612  -5.368   0
  20.20739937  -6.822  -5.787  -5.535  -5.280   0
  20.37005806  -6.804  -5.755  -5.497  -5.236   1
  20.66053963  -6.909  -5.875  -5.624  -5.372   0
  20.83679771  -7.016  -5.988  -5.745  -5.503   0
  20.96750069  -7.103  -6.090  -5.854  -5.622   0
  21.06795502  -7.168  -6.183  -5.954  -5.731   0
  21.13550758  -7.231  -6.275  -6.053  -5.839   0
  21.18058014  -7.292  -6.365  -6.150  -5.945   0
  21.20881844  -7.354  -6.457  -6.249  -6.053   0
  21.21851158  -7.388  -6.508  -6.303  -6.112   0
  21.22874832  -7.450  -6.594  -6.398  -6.217   0
  21.23329544  -7.541  -6.679  -6.497  -6.334   0
  21.23575783  -7.607  -6.766  -6.594  -6.445   0
  21.23727417  -7.656  -6.855  -6.691  -6.551   0
  21.23841095  -7.704  -6.942  -6.785  -6.654   0
  21.23954773  -7.758  -7.042  -6.892  -6.771   0
  21.24011612  -7.794  -7.105  -6.960  -6.847   0
  21.24104500  -7.847  -7.197  -7.060  -6.958   0
  21.24216080  -7.959  -7.305  -7.193  -7.122   0
  21.24346161  -8.016  -7.460  -7.353  -7.290   0
  21.24513435  -8.083  -7.636  -7.537  -7.487   0
  21.24674225  -8.144  -7.775  -7.689  -7.658   0
  21.24745750  -8.173  -7.846  -7.767  -7.747   0
  21.24817276  -8.220  -7.907  -7.844  -7.846   0
  21.24906731  -8.255  -7.984  -7.935  -7.957   0
  21.24960327  -8.274  -8.072  -8.032  -8.071   0
  21.25031853  -8.276  -8.171  -8.141  -8.195   0
  21.25103188  -8.268  -8.256  -8.245  -8.328   0
  21.25156784  -8.230  -8.307  -8.326  -8.457   0
  21.25228310  -8.145  -8.316  -8.365  -8.564   3
  21.25281906  -7.990  -8.200  -8.339  -8.663   0
  21.25317574  -7.767  -7.973  -8.268  -8.764   0
  21.25371170  -7.441  -7.657  -8.137  -8.819   0
  21.25406837  -7.000  -7.289  -7.952  -8.804   4
  21.25542450  -6.829  -7.346  -8.251  -9.296   0
