   0.15000001  13.765  12.795  11.455   9.867   0
   0.20000000  12.338  11.665  10.495   9.091   0
   0.25000000  11.560  10.978   9.873   8.545   0
   0.30000001  11.059  10.537   9.471   8.193   0
   0.34999999  10.623  10.153   9.120   7.884   0
   0.40000001  10.213   9.790   8.786   7.588   0
   0.44999999   9.730   9.369   8.400   7.246   0
   0.50000000   9.241   8.952   8.026   6.921   0
   0.55000001   8.626   8.448   7.587   6.554   0
   0.60000002   7.729   7.766   7.042   6.141   0
   0.69999999   6.585   6.804   6.233   5.466   0
   0.80000001   5.665   5.961   5.510   4.865   0
   0.89999998   4.954   5.237   4.871   4.333   0
   0.93968332   4.714   4.973   4.637   4.144   0
   1.00000000   4.382   4.595   4.300   3.873   0
   1.10000002   3.907   4.017   3.793   3.496   0
   1.20000005   3.503   3.517   3.368   3.212   0
   1.29999995   3.142   3.137   3.058   2.997   0
   1.39999998   2.811   2.849   2.818   2.815   0
   1.50000000   2.518   2.625   2.629   2.660   0
   1.60000002   2.248   2.429   2.460   2.513   0
   1.70000005   2.009   2.259   2.311   2.381   0
   1.73811591   1.925   2.198   2.257   2.332   0
   1.75000000   1.899   2.180   2.240   2.317   0
   1.76413596   1.869   2.159   2.221   2.300   0
   1.76999998   1.857   2.150   2.213   2.293   0
   1.79999995   1.793   2.104   2.171   2.255   0
   1.89999998   1.591   1.955   2.036   2.133   0
   2.00000000   1.401   1.814   1.906   2.014   0
   2.07702398   1.264   1.709   1.809   1.924   0
   2.20000005   1.051   1.541   1.652   1.778   0
   2.32764649   0.847   1.375   1.496   1.631   0
   2.50000000   0.578   1.148   1.279   1.425   0
   2.53920126   0.520   1.098   1.231   1.379   0
   2.72968912   0.238   0.848   0.990   1.146   0
   2.89004707   0.001   0.632   0.780   0.941   0
   3.00000000  -0.165   0.476   0.629   0.792   0
   3.04484534  -0.230   0.415   0.569   0.733   0
   3.17081833  -0.421   0.233   0.389   0.556   0
   3.27906704  -0.594   0.063   0.221   0.387   0
   3.37235093  -0.751  -0.094   0.064   0.229   0
   3.45321989  -0.896  -0.243  -0.085   0.078   0
   3.50000000  -0.985  -0.337  -0.179  -0.017   0
   3.52907848  -1.040  -0.394  -0.237  -0.076   0
   3.59244609  -1.170  -0.531  -0.375  -0.217   0
   3.62127948  -1.231  -0.596  -0.440  -0.284   0
   3.64837980  -1.288  -0.655  -0.499  -0.343   0
   3.65979838  -1.311  -0.677  -0.521  -0.365   0
   3.67874479  -1.342  -0.701  -0.543  -0.385   3
   3.68828368  -1.347  -0.692  -0.532  -0.370   0
   3.69490886  -1.340  -0.659  -0.494  -0.324   0
   3.69680715  -1.342  -0.640  -0.469  -0.294   0
   3.69789004  -1.352  -0.631  -0.456  -0.275   0
   3.69802713  -1.346  -0.627  -0.453  -0.272   0
   3.69850564  -1.334  -0.642  -0.474  -0.301   0
   3.69915056  -1.456  -0.795  -0.632  -0.469   0
   3.69992018  -1.582  -0.948  -0.791  -0.636   0
   3.70091820  -1.696  -1.092  -0.942  -0.799   0
   3.70187449  -1.784  -1.211  -1.069  -0.934   0
   3.70295501  -1.875  -1.339  -1.204  -1.081   0
   3.70382762  -1.947  -1.444  -1.316  -1.204   0
   3.70474124  -2.023  -1.559  -1.439  -1.339   0
   3.70568609  -2.104  -1.689  -1.579  -1.494   0
   3.70632958  -2.163  -1.786  -1.684  -1.611   0
   3.70696259  -2.222  -1.890  -1.797  -1.738   0
   3.70761609  -2.282  -2.008  -1.927  -1.884   0
   3.70807266  -2.324  -2.101  -2.028  -2.000   0
   3.70825934  -2.342  -2.141  -2.074  -2.051   0
   3.70855784  -2.363  -2.203  -2.142  -2.131   0
   3.70883989  -2.384  -2.266  -2.213  -2.212   0
   3.70908117  -2.394  -2.319  -2.275  -2.286   0
   3.70929861  -2.402  -2.368  -2.334  -2.356   0
   3.70951581  -2.397  -2.410  -2.389  -2.427   0
   3.70969248  -2.390  -2.444  -2.435  -2.489   0
   3.70986938  -2.372  -2.465  -2.474  -2.551   0
   3.71005392  -2.347  -2.476  -2.507  -2.614   0
   3.71019030  -2.324  -2.473  -2.524  -2.663   0
   3.71031880  -2.299  -2.458  -2.536  -2.713   0
   3.71046281  -2.264  -2.422  -2.537  -2.765   3
   3.71059918  -2.226  -2.363  -2.525  -2.813   0
   3.71068716  -2.199  -2.316  -2.514  -2.844   0
   3.71076727  -2.170  -2.264  -2.494  -2.871   0
   3.71084738  -2.140  -2.211  -2.473  -2.895   0
   3.71095157  -2.099  -2.145  -2.444  -2.916   0
   3.71111155  -2.040  -2.059  -2.398  -2.926   0
   3.71138334  -1.937  -1.929  -2.325  -2.926   0
   3.71172690  -1.903  -1.886  -2.348  -3.029   0
   3.71241283  -1.760  -1.764  -2.331  -3.122   0
   3.71605754  -1.670  -1.695  -2.314  -3.156   2
   3.72311974  -2.010  -2.001  -2.502  -3.224   0
   3.72621489  -2.194  -2.199  -2.598  -3.204   0
   3.72815800  -2.272  -2.299  -2.644  -3.182   0
   3.73013711  -2.335  -2.396  -2.687  -3.151   0
   3.73197818  -2.382  -2.472  -2.719  -3.123   0
   3.73430967  -2.439  -2.567  -2.756  -3.080   0
   3.73759246  -2.496  -2.659  -2.782  -3.027   0
   3.74087739  -2.545  -2.711  -2.790  -2.975   0
   3.74405885  -2.588  -2.743  -2.791  -2.931   3
   3.74740553  -2.630  -2.756  -2.779  -2.883   0
   3.75228214  -2.674  -2.749  -2.749  -2.819   0
   3.75740814  -2.708  -2.729  -2.710  -2.755   0
   3.76229811  -2.730  -2.697  -2.664  -2.694   0
   3.76841760  -2.743  -2.657  -2.613  -2.627   0
   3.77519703  -2.750  -2.612  -2.557  -2.557   0
   3.78251481  -2.751  -2.567  -2.502  -2.491   0
   3.79147792  -2.751  -2.522  -2.449  -2.425   0
   3.80156636  -2.750  -2.478  -2.397  -2.361   0
   3.81224489  -2.745  -2.433  -2.345  -2.299   0
   3.82472539  -2.743  -2.395  -2.300  -2.243   0
   3.84198856  -2.744  -2.356  -2.253  -2.184   0
   3.86335421  -2.752  -2.326  -2.215  -2.135   0
   3.88880229  -2.788  -2.340  -2.225  -2.140   1
   3.91855025  -2.908  -2.484  -2.374  -2.297   0
   3.92920160  -2.982  -2.586  -2.483  -2.415   0
   3.93433928  -3.042  -2.679  -2.582  -2.524   0
   3.93703246  -3.095  -2.772  -2.682  -2.637   0
   3.93823314  -3.138  -2.855  -2.773  -2.741   0
   3.93893647  -3.174  -2.934  -2.862  -2.842   0
   3.93930221  -3.196  -2.996  -2.931  -2.923   0
   3.93953657  -3.210  -3.053  -2.996  -3.000   0
   3.93970537  -3.210  -3.100  -3.053  -3.069   0
   3.93981767  -3.201  -3.140  -3.101  -3.128   0
   3.93986464  -3.187  -3.154  -3.121  -3.157   0
   3.93993473  -3.159  -3.184  -3.163  -3.214   0
   3.93999600  -3.118  -3.198  -3.195  -3.270   0
   3.94005752  -3.062  -3.200  -3.227  -3.346   0
   3.94011879  -2.995  -3.164  -3.241  -3.431   3
   3.94015384  -2.954  -3.126  -3.240  -3.480   0
   3.94018006  -2.921  -3.076  -3.229  -3.517   0
   3.94021511  -2.872  -2.999  -3.210  -3.570   0
   3.94024134  -2.829  -2.927  -3.187  -3.614   0
   3.94031143  -2.700  -2.735  -3.118  -3.705   0
   3.94043422  -2.476  -2.513  -3.064  -3.835   0
   3.94067955  -2.433  -2.498  -3.110  -3.943   0
   3.94120479  -2.279  -2.407  -3.105  -4.011   4
   3.94144988  -2.410  -2.577  -3.311  -4.246   0
   3.94185257  -2.510  -2.705  -3.462  -4.414   0
   3.94245625  -2.604  -2.834  -3.613  -4.582   0
   3.94309497  -2.686  -2.952  -3.758  -4.745   0
   3.94363713  -2.758  -3.059  -3.888  -4.893   0
   3.94415283  -2.853  -3.181  -4.028  -5.046   0
   3.94462490  -2.933  -3.293  -4.163  -5.199   0
   3.94504428  -3.005  -3.403  -4.300  -5.355   0
   3.94541121  -3.082  -3.514  -4.436  -5.510   0
   3.94573450  -3.158  -3.623  -4.568  -5.659   0
   3.94601393  -3.219  -3.719  -4.691  -5.802   0
   3.94625854  -3.251  -3.800  -4.804  -5.938   0
   3.94646788  -3.281  -3.877  -4.911  -6.067   0
   3.94670367  -3.342  -3.992  -5.061  -6.243   0
   3.94687843  -3.387  -4.069  -5.160  -6.358   0
   3.94706154  -3.434  -4.157  -5.276  -6.495   2
   3.94734979  -3.404  -4.000  -5.031  -6.184   0
   3.94736719  -3.408  -4.009  -5.043  -6.199   0
   3.94747210  -3.418  -4.091  -5.174  -6.366   0
   3.94751549  -3.432  -4.134  -5.237  -6.445   0
   3.94759226  -3.439  -4.153  -5.266  -6.480   0
   3.94766831  -3.446  -4.173  -5.294  -6.515   0
   3.94774461  -3.453  -4.192  -5.322  -6.549   0
   3.94782066  -3.460  -4.211  -5.350  -6.584   0
   3.94789672  -3.467  -4.231  -5.378  -6.619   0
   3.94795752  -3.472  -4.246  -5.400  -6.646   0
   3.94803357  -3.479  -4.265  -5.428  -6.681   0
   3.94809437  -3.484  -4.280  -5.450  -6.709   0
   3.94817042  -3.491  -4.300  -5.478  -6.744   0
   3.94824600  -3.497  -4.318  -5.506  -6.779   0
   3.94832110  -3.503  -4.337  -5.534  -6.814   0
   3.94839644  -3.509  -4.356  -5.562  -6.849   0
   3.94847178  -3.511  -4.361  -5.569  -6.859   0
   3.94854712  -3.512  -4.365  -5.576  -6.868   0
   3.94862223  -3.513  -4.370  -5.583  -6.876   0
   3.94869733  -3.514  -4.374  -5.590  -6.885   0
   3.94885254  -3.516  -4.381  -5.600  -6.898   0
   3.94923258  -3.520  -4.396  -5.623  -6.927   0
   3.94961238  -3.524  -4.411  -5.645  -6.955   0
   3.94999290  -3.528  -4.425  -5.667  -6.984   0
   3.95037436  -3.532  -4.438  -5.688  -7.010   0
   3.95075727  -3.535  -4.450  -5.706  -7.033   0
   3.95114183  -3.538  -4.461  -5.723  -7.055   0
   3.95152903  -3.540  -4.472  -5.741  -7.078   0
   3.95191860  -3.541  -4.482  -5.757  -7.099   0
   3.95240712  -3.540  -4.494  -5.777  -7.126   0
   3.95289707  -3.540  -4.506  -5.797  -7.153   0
   3.95338774  -3.539  -4.518  -5.816  -7.179   0
   3.95387983  -3.538  -4.530  -5.836  -7.206   0
   3.95437336  -3.537  -4.541  -5.856  -7.232   0
   3.95486832  -3.536  -4.552  -5.875  -7.258   0
   3.95536518  -3.535  -4.563  -5.894  -7.285   0
   3.95586348  -3.538  -4.577  -5.915  -7.311   0
   3.95636392  -3.544  -4.592  -5.935  -7.336   0
   3.95686245  -3.550  -4.606  -5.956  -7.362   0
   3.95733929  -3.556  -4.620  -5.975  -7.386   0
   3.95779371  -3.561  -4.633  -5.993  -7.409   0
   3.95831227  -3.566  -4.648  -6.014  -7.434   0
   3.95880389  -3.572  -4.662  -6.033  -7.459   0
   3.95927167  -3.577  -4.674  -6.052  -7.482   0
   3.95978951  -3.582  -4.689  -6.072  -7.507   0
   3.96028066  -3.586  -4.702  -6.090  -7.530   0
   3.96074724  -3.591  -4.714  -6.108  -7.553   0
   3.96125364  -3.595  -4.727  -6.127  -7.576   0
   3.96173406  -3.599  -4.739  -6.145  -7.599   0
   3.96224594  -3.604  -4.752  -6.163  -7.622   0
   3.96278358  -3.608  -4.765  -6.182  -7.647   0
   3.96327758  -3.611  -4.777  -6.199  -7.668   0
