   0.15000001  13.766  12.795  11.456   9.868   0
   0.20000000  12.339  11.665  10.496   9.091   0
   0.25000000  11.561  10.978   9.873   8.546   0
   0.30000001  11.060  10.538   9.472   8.194   0
   0.34999999  10.624  10.154   9.121   7.885   0
   0.40000001  10.213   9.790   8.787   7.589   0
   0.44999999   9.732   9.370   8.402   7.247   0
   0.50000000   9.244   8.954   8.027   6.923   0
   0.55000001   8.629   8.451   7.589   6.556   0
   0.60000002   7.735   7.770   7.046   6.144   0
   0.69999999   6.594   6.811   6.239   5.472   0
   0.80000001   5.678   5.973   5.521   4.874   0
   0.89999998   4.971   5.255   4.887   4.347   0
   1.00000000   4.399   4.615   4.318   3.888   0
   1.10000002   3.928   4.041   3.815   3.514   0
   1.20000005   3.525   3.541   3.390   3.232   0
   1.29999995   3.167   3.162   3.080   3.017   0
   1.36573207   2.950   2.965   2.917   2.895   0
   1.39999998   2.841   2.877   2.842   2.837   0
   1.50000000   2.554   2.656   2.658   2.686   0
   1.60000002   2.290   2.465   2.494   2.545   0
   1.70000005   2.059   2.302   2.351   2.419   0
   1.75000000   1.952   2.226   2.284   2.359   0
   1.76999998   1.911   2.197   2.258   2.336   0
   1.79999995   1.851   2.154   2.219   2.302   0
   1.89999998   1.659   2.016   2.094   2.189   0
   2.00000000   1.482   1.887   1.976   2.082   0
   2.20000005   1.163   1.647   1.755   1.880   0
   2.22284389   1.130   1.621   1.731   1.858   0
   2.50000000   0.746   1.317   1.447   1.594   0
   2.75111246   0.438   1.061   1.205   1.365   0
   3.00000000   0.149   0.815   0.970   1.142   0
   3.18862200  -0.053   0.639   0.802   0.980   0
   3.50000000  -0.379   0.351   0.524   0.711   0
   3.56000853  -0.439   0.297   0.471   0.661   0
   3.84949398  -0.730   0.032   0.215   0.410   0
   4.00000000  -0.882  -0.109   0.077   0.276   0
   4.10308361  -0.982  -0.201  -0.014   0.187   0
   4.32033777  -1.196  -0.402  -0.211  -0.008   0
   4.50000000  -1.382  -0.580  -0.386  -0.182   0
   4.51723480  -1.400  -0.598  -0.404  -0.199   0
   4.67910004  -1.579  -0.773  -0.577  -0.372   0
   4.82024050  -1.746  -0.939  -0.743  -0.539   1
   4.94202089  -1.902  -1.097  -0.901  -0.699   0
   5.00000000  -1.982  -1.180  -0.985  -0.783   0
   5.05352545  -2.056  -1.256  -1.061  -0.861   0
   5.14879131  -2.197  -1.404  -1.210  -1.012   0
   5.19205523  -2.264  -1.474  -1.281  -1.084   0
   5.23263311  -2.326  -1.538  -1.344  -1.148   0
   5.24883604  -2.349  -1.560  -1.367  -1.171   0
   5.27738380  -2.382  -1.587  -1.392  -1.194   3
   5.29132509  -2.385  -1.578  -1.381  -1.180   0
   5.30102968  -2.372  -1.543  -1.340  -1.132   0
   5.30390215  -2.366  -1.520  -1.313  -1.099   0
   5.30551910  -2.370  -1.509  -1.298  -1.080   0
   5.30582094  -2.364  -1.505  -1.295  -1.078   0
   5.30661011  -2.373  -1.540  -1.336  -1.127   0
   5.30752325  -2.498  -1.693  -1.495  -1.295   0
   5.30852175  -2.633  -1.852  -1.660  -1.468   0
   5.30972958  -2.758  -2.006  -1.821  -1.638   0
   5.31085110  -2.854  -2.131  -1.953  -1.780   0
   5.31206703  -2.956  -2.266  -2.096  -1.933   0
   5.31302547  -3.034  -2.373  -2.210  -2.057   0
   5.31402493  -3.119  -2.492  -2.336  -2.194   0
   5.31504583  -3.211  -2.621  -2.475  -2.346   0
   5.31575298  -3.277  -2.717  -2.578  -2.460   0
   5.31641817  -3.342  -2.815  -2.684  -2.577   0
   5.31701374  -3.404  -2.911  -2.787  -2.692   0
   5.31754589  -3.462  -3.005  -2.888  -2.805   0
   5.31801796  -3.516  -3.095  -2.986  -2.914   0
   5.31841993  -3.564  -3.179  -3.078  -3.017   0
   5.31883144  -3.614  -3.270  -3.178  -3.131   0
   5.31917334  -3.655  -3.352  -3.269  -3.235   0
   5.31951475  -3.695  -3.440  -3.367  -3.347   0
   5.31978369  -3.725  -3.514  -3.449  -3.442   0
   5.32002735  -3.751  -3.586  -3.529  -3.534   0
   5.32029629  -3.773  -3.664  -3.617  -3.638   0
   5.32050514  -3.785  -3.725  -3.687  -3.719   0
   5.32074833  -3.788  -3.790  -3.763  -3.813   0
   5.32107115  -3.777  -3.854  -3.851  -3.930   0
   5.32128000  -3.768  -3.884  -3.896  -3.998   0
   5.32170057  -3.746  -3.911  -3.956  -4.108   0
   5.32220936  -3.722  -3.904  -3.989  -4.200   0
   5.32292986  -3.706  -3.881  -4.008  -4.273   0
   5.32361507  -3.709  -3.879  -4.022  -4.306   2
   5.32638884  -3.788  -3.971  -4.052  -4.261   0
   5.32823706  -3.836  -4.003  -4.051  -4.211   0
   5.33085251  -3.893  -4.011  -4.025  -4.132   0
   5.33346081  -3.928  -3.992  -3.985  -4.062   0
   5.33763313  -3.960  -3.950  -3.923  -3.973   0
   5.34188795  -3.976  -3.893  -3.851  -3.881   0
   5.34608412  -3.971  -3.838  -3.787  -3.805   0
   5.35082054  -3.966  -3.783  -3.725  -3.730   0
   5.35688829  -3.954  -3.723  -3.656  -3.648   0
   5.36326075  -3.937  -3.662  -3.587  -3.566   0
   5.37129784  -3.918  -3.600  -3.516  -3.483   0
   5.38015795  -3.897  -3.537  -3.444  -3.398   0
   5.38830471  -3.875  -3.481  -3.380  -3.323   0
   5.39962006  -3.851  -3.420  -3.311  -3.242   0
   5.41271400  -3.828  -3.364  -3.247  -3.167   0
   5.42902231  -3.808  -3.310  -3.186  -3.095   0
   5.44797087  -3.789  -3.257  -3.125  -3.022   0
   5.46912861  -3.771  -3.208  -3.069  -2.957   0
   5.49745464  -3.764  -3.170  -3.024  -2.902   0
   5.53106356  -3.792  -3.182  -3.032  -2.905   1
   5.56798029  -3.909  -3.322  -3.179  -3.061   0
   5.58222914  -3.998  -3.442  -3.306  -3.199   0
   5.58973455  -4.076  -3.555  -3.426  -3.331   0
   5.59394407  -4.158  -3.678  -3.561  -3.482   0
   5.59552002  -4.215  -3.771  -3.663  -3.597   0
   5.59636021  -4.260  -3.854  -3.755  -3.702   0
   5.59690857  -4.299  -3.939  -3.850  -3.812   0
   5.59716940  -4.320  -3.999  -3.918  -3.892   0
   5.59733295  -4.330  -4.045  -3.970  -3.954   0
   5.59745646  -4.336  -4.094  -4.027  -4.022   0
   5.59756088  -4.342  -4.148  -4.090  -4.100   0
   5.59764433  -4.348  -4.203  -4.155  -4.178   0
   5.59771681  -4.354  -4.260  -4.221  -4.257   0
   5.59779215  -4.355  -4.324  -4.297  -4.349   0
   5.59784889  -4.355  -4.374  -4.357  -4.425   0
   5.59793997  -4.362  -4.453  -4.452  -4.544   0
   5.59805012  -4.373  -4.516  -4.538  -4.666   0
   5.59827566  -4.379  -4.543  -4.578  -4.727   3
   5.59888506  -4.300  -4.489  -4.560  -4.764   0
   5.59902191  -4.251  -4.438  -4.544  -4.791   0
   5.59915876  -4.176  -4.349  -4.513  -4.833   0
   5.59926653  -4.115  -4.271  -4.474  -4.841   0
   5.59943008  -4.038  -4.179  -4.413  -4.815   0
   5.59957457  -4.115  -4.251  -4.505  -4.932   0
   5.59963894  -4.166  -4.301  -4.560  -4.995   0
   5.59973574  -4.202  -4.332  -4.606  -5.062   3
   5.60027504  -3.503  -3.661  -4.331  -5.207   4
   5.60108471  -3.449  -3.777  -4.614  -5.624   0
   5.60201502  -3.534  -3.898  -4.761  -5.790   0
   5.60288858  -3.599  -3.995  -4.881  -5.927   0
   5.60360336  -3.657  -4.080  -4.986  -6.046   0
   5.60428095  -3.715  -4.168  -5.096  -6.173   0
   5.60481119  -3.766  -4.245  -5.192  -6.282   0
   5.60528994  -3.798  -4.312  -5.286  -6.397   0
   5.60565901  -3.826  -4.372  -5.368  -6.495   0
   5.60593224  -3.894  -4.453  -5.457  -6.589   0
   5.60611677  -3.933  -4.514  -5.530  -6.671   0
   5.60629320  -3.959  -4.565  -5.598  -6.751   0
   5.60647488  -3.964  -4.601  -5.655  -6.825   0
   5.60654974  -3.975  -4.554  -5.569  -6.709   0
   5.60655737  -3.954  -4.508  -5.506  -6.634   1
   5.60667801  -3.955  -4.538  -5.556  -6.699   0
   5.60683870  -3.983  -4.587  -5.618  -6.771   0
   5.60687828  -3.993  -4.609  -5.649  -6.808   0
