   0.15000001  13.687  12.742  11.415   9.840   0
   0.20000000  12.279  11.611  10.446   9.046   0
   0.25000000  11.507  10.930   9.829   8.506   0
   0.30000001  11.000  10.484   9.421   8.148   0
   0.34999999  10.559  10.095   9.066   7.835   0
   0.40000001  10.155   9.739   8.739   7.546   0
   0.44999999   9.651   9.298   8.336   7.187   0
   0.50000000   9.128   8.854   7.937   6.844   0
   0.55000001   8.451   8.306   7.464   6.451   0
   0.60000002   7.491   7.569   6.875   6.000   0
   0.62401491   7.164   7.295   6.645   5.808   0
   0.66687316   6.611   6.825   6.249   5.477   0
   0.69999999   6.231   6.483   5.956   5.230   0
   0.71418095   6.060   6.331   5.826   5.122   0
   0.74528301   5.715   6.005   5.542   4.884   0
   0.77300155   5.421   5.719   5.290   4.670   0
   0.79810244   5.167   5.460   5.059   4.473   0
   0.80000001   5.149   5.440   5.041   4.458   0
   0.80227154   5.127   5.417   5.020   4.441   0
   0.82515603   4.902   5.180   4.808   4.260   0
   0.84650582   4.691   4.954   4.603   4.086   0
   0.86719358   4.489   4.728   4.397   3.911   0
   0.88868636   4.268   4.479   4.170   3.718   0
   0.89999998   4.142   4.338   4.041   3.608   0
   0.91689920   3.959   4.122   3.846   3.450   0
   0.93228805   3.781   3.913   3.657   3.295   0
   0.94850588   3.574   3.669   3.437   3.117   0
   0.96496385   3.345   3.398   3.193   2.920   0
   0.96960968   3.275   3.318   3.119   2.858   0
   0.97456723   3.196   3.228   3.035   2.786   0
   0.97768521   3.143   3.168   2.980   2.737   0
   0.97774315   3.142   3.167   2.979   2.736   0
   0.99005789   2.899   2.905   2.725   2.492   1
   0.99613714   2.753   2.764   2.573   2.316   0
   1.00000000   2.640   2.668   2.456   2.160   0
   1.00006795   2.638   2.666   2.454   2.157   0
   1.00217628   2.567   2.621   2.383   2.039   0
   1.00374961   2.517   2.608   2.333   1.924   0
   1.00474119   2.490   2.610   2.302   1.837   0
   1.00585699   2.470   2.621   2.269   1.737   0
   1.00682402   2.472   2.647   2.249   1.652   0
   1.00769854   2.504   2.688   2.244   1.589   3
   1.00872529   2.568   2.743   2.246   1.531   0
   1.00984609   2.546   2.707   2.171   1.414   0
   1.01074529   2.450   2.591   2.033   1.255   0
   1.01159954   2.319   2.447   1.877   1.087   0
   1.01230061   2.186   2.304   1.727   0.928   0
   1.01291323   2.053   2.162   1.578   0.772   0
   1.01351404   1.917   2.015   1.425   0.612   0
   1.01408970   1.775   1.863   1.265   0.446   0
   1.01461387   1.638   1.717   1.113   0.287   0
   1.01506019   1.506   1.577   0.967   0.135   0
   1.01547182   1.373   1.435   0.820  -0.019   0
   1.01584446   1.244   1.294   0.671  -0.175   0
   1.01618648   1.116   1.153   0.521  -0.332   0
   1.01650095   0.992   1.012   0.370  -0.491   0
   1.01677084   0.869   0.873   0.222  -0.647   0
   1.01702631   0.745   0.733   0.072  -0.806   0
   1.01724994   0.625   0.598  -0.074  -0.961   0
   1.01744807   0.505   0.463  -0.219  -1.114   0
   1.01762605   0.388   0.331  -0.362  -1.266   0
   1.01778936   0.268   0.197  -0.506  -1.418   0
   1.01794815   0.158   0.070  -0.645  -1.568   0
   1.01808596   0.092  -0.006  -0.727  -1.654   0
   1.01819968   0.164   0.080  -0.631  -1.550   1
   1.01831758   0.047  -0.056  -0.780  -1.710   0
   1.01844060  -0.076  -0.198  -0.936  -1.877   0
   1.01854753  -0.181  -0.325  -1.077  -2.029   0
   1.01864934  -0.291  -0.462  -1.229  -2.193   0
   1.01873660  -0.386  -0.585  -1.371  -2.348   0
   1.01881933  -0.492  -0.717  -1.520  -2.510   0
   1.01888955  -0.580  -0.837  -1.662  -2.667   0
   1.01895559  -0.671  -0.961  -1.807  -2.827   0
   1.01901209  -0.760  -1.080  -1.946  -2.981   0
   1.01906514  -0.858  -1.207  -2.091  -3.140   0
   1.01910949  -0.938  -1.318  -2.226  -3.291   0
   1.01915145  -1.020  -1.433  -2.362  -3.445   0
   1.01918876  -1.087  -1.537  -2.491  -3.591   0
   1.01922262  -1.141  -1.637  -2.619  -3.740   0
   1.01924992  -1.181  -1.714  -2.719  -3.856   2
   1.01924992   0.808   0.897   0.433  -0.249   1
   1.01938677   0.803   0.891   0.423  -0.263   0
   1.01958489   0.796   0.884   0.412  -0.279   0
   1.01979387   0.791   0.877   0.403  -0.291   0
   1.01994824   0.785   0.871   0.396  -0.299   0
   1.02002025   0.782   0.868   0.393  -0.302   0
   1.02027810   0.771   0.857   0.384  -0.309   0
   1.02054667   0.758   0.844   0.375  -0.312   0
   1.02082515   0.745   0.830   0.367  -0.314   0
   1.02111316   0.732   0.818   0.359  -0.317   0
   1.02139711   0.721   0.806   0.351  -0.321   0
   1.02168286   0.712   0.797   0.343  -0.327   0
   1.02177036   0.710   0.794   0.341  -0.330   0
   1.02194357   0.706   0.790   0.336  -0.336   0
   1.02220106   0.702   0.785   0.328  -0.347   0
   1.02246189   0.698   0.781   0.319  -0.362   0
   1.02273381   0.694   0.776   0.307  -0.382   0
   1.02301967   0.690   0.771   0.292  -0.408   0
   1.02331531   0.684   0.764   0.273  -0.440   0
   1.02378917   0.666   0.744   0.231  -0.507   0
   1.02389848   0.657   0.733   0.215  -0.529   0
   1.02405000   0.651   0.721   0.192  -0.563   0
   1.02429426   0.632   0.691   0.144  -0.628   0
   1.02437031   0.613   0.663   0.102  -0.684   0
   1.02440715   0.572   0.609   0.029  -0.777   0
   1.02441788   0.536   0.565  -0.026  -0.842   0
   1.02442610   0.455   0.470  -0.142  -0.979   0
   1.02443004   0.353   0.346  -0.285  -1.138   0
   1.02443409   0.242   0.211  -0.440  -1.309   0
   1.02443790   0.155   0.108  -0.556  -1.437   0
   1.02444637   0.066   0.002  -0.677  -1.568   0
   1.02447450   0.132   0.081  -0.587  -1.471   1
   1.02453983   0.017  -0.059  -0.745  -1.644   0
   1.02457094  -0.090  -0.186  -0.890  -1.802   0
   1.02460408  -0.219  -0.340  -1.064  -1.992   0
   1.02462912  -0.346  -0.491  -1.233  -2.177   0
   1.02465379  -0.468  -0.649  -1.416  -2.378   0
   1.02467918  -0.572  -0.795  -1.591  -2.574   0
   1.02469838  -0.661  -0.921  -1.741  -2.743   0
   1.02471328  -0.753  -1.046  -1.888  -2.906   0
   1.02472603  -0.850  -1.178  -2.045  -3.080   0
   1.02473629  -0.934  -1.293  -2.182  -3.233   0
   1.02474570  -1.005  -1.400  -2.314  -3.384   0
   1.02475727  -1.088  -1.519  -2.460  -3.550   0
   1.02476645  -1.174  -1.693  -2.689  -3.820   0
   1.02476716  -1.185  -1.715  -2.718  -3.853   0
   1.02476859  -1.195  -1.735  -2.746  -3.886   0
   1.02477014  -1.204  -1.756  -2.774  -3.920   0
   1.02477157  -1.212  -1.776  -2.802  -3.953   0
   1.02477276  -1.219  -1.793  -2.824  -3.980   0
   1.02477431  -1.228  -1.813  -2.852  -4.013   0
   1.02477574  -1.237  -1.833  -2.879  -4.046   0
   1.02477694  -1.243  -1.849  -2.902  -4.073   0
   1.02477849  -1.252  -1.869  -2.929  -4.106   0
   1.02477992  -1.260  -1.889  -2.957  -4.139   0
   1.02478135  -1.268  -1.909  -2.984  -4.173   0
   1.02478254  -1.275  -1.925  -3.006  -4.199   0
   1.02478409  -1.283  -1.945  -3.034  -4.232   0
   1.02478552  -1.291  -1.964  -3.061  -4.266   0
   1.02478707  -1.298  -1.984  -3.089  -4.299   0
   1.02478850  -1.306  -2.003  -3.116  -4.332   0
   1.02479005  -1.313  -2.023  -3.143  -4.365   0
   1.02479148  -1.321  -2.042  -3.171  -4.399   0
   1.02479291  -1.328  -2.061  -3.198  -4.432   0
   1.02479446  -1.335  -2.080  -3.225  -4.465   0
   1.02479589  -1.342  -2.099  -3.252  -4.499   0
   1.02479744  -1.349  -2.118  -3.279  -4.532   0
   1.02479887  -1.355  -2.135  -3.304  -4.562   0
   1.02480042  -1.359  -2.147  -3.321  -4.583   0
   1.02480185  -1.363  -2.158  -3.338  -4.604   0
   1.02480340  -1.367  -2.170  -3.355  -4.625   0
   1.02480483  -1.370  -2.181  -3.372  -4.647   0
   1.02480638  -1.374  -2.193  -3.389  -4.668   0
   1.02480769  -1.377  -2.204  -3.406  -4.689   0
   1.02480876  -1.380  -2.213  -3.419  -4.706   0
   1.02481019  -1.383  -2.224  -3.435  -4.726   0
   1.02481151  -1.386  -2.235  -3.452  -4.747   0
   1.02481258  -1.389  -2.244  -3.465  -4.764   0
   1.02481389  -1.392  -2.254  -3.481  -4.785   0
   1.02481520  -1.393  -2.264  -3.497  -4.805   0
   1.02481639  -1.394  -2.272  -3.509  -4.821   0
   1.02481771  -1.394  -2.282  -3.525  -4.841   0
   1.02482045  -1.394  -2.294  -3.544  -4.866   0
   1.02482426  -1.394  -2.308  -3.567  -4.897   0
   1.02482784  -1.394  -2.322  -3.591  -4.928   0
   1.02483153  -1.393  -2.336  -3.614  -4.959   0
   1.02483511  -1.392  -2.350  -3.637  -4.990   0
   1.02483881  -1.390  -2.364  -3.660  -5.022   0
   1.02484250  -1.389  -2.377  -3.683  -5.053   0
   1.02484596  -1.387  -2.390  -3.706  -5.084   0
   1.02484953  -1.384  -2.403  -3.729  -5.115   0
   1.02485299  -1.381  -2.416  -3.752  -5.147   0
   1.02485657  -1.378  -2.428  -3.774  -5.178   0
   1.02486002  -1.375  -2.441  -3.797  -5.209   0
   1.02486348  -1.371  -2.452  -3.819  -5.240   0
   1.02486682  -1.366  -2.464  -3.841  -5.271   0
   1.02487028  -1.361  -2.475  -3.863  -5.303   0
   1.02487361  -1.355  -2.486  -3.885  -5.334   0
   1.02487695  -1.349  -2.497  -3.907  -5.365   0
   1.02488029  -1.343  -2.507  -3.929  -5.397   0
   1.02488351  -1.335  -2.517  -3.950  -5.428   0
   1.02488685  -1.334  -2.530  -3.972  -5.459   0
   1.02489007  -1.339  -2.546  -3.996  -5.489   0
   1.02489328  -1.343  -2.562  -4.020  -5.520   0
   1.02489650  -1.347  -2.578  -4.044  -5.551   0
   1.02489960  -1.350  -2.593  -4.068  -5.581   0
   1.02490270  -1.353  -2.608  -4.091  -5.612   0
   1.02490580  -1.355  -2.623  -4.114  -5.642   0
   1.02490699  -1.356  -2.629  -4.123  -5.654   0
