   0.15000001  13.856  12.824  11.470   9.862   0
   0.20000000  12.471  11.698  10.511   9.086   0
   0.25000000  11.705  11.009   9.887   8.545   0
   0.30000001  11.205  10.564   9.483   8.194   0
   0.34999999  10.771  10.177   9.131   7.887   0
   0.40000001  10.362   9.811   8.796   7.593   0
   0.44999999   9.870   9.380   8.400   7.247   0
   0.50000000   9.371   8.953   8.016   6.919   0
   0.55000001   8.734   8.435   7.561   6.542   0
   0.60000002   8.028   7.884   7.089   6.157   0
   0.60561329   7.946   7.820   7.036   6.113   0
   0.69999999   6.728   6.851   6.230   5.449   0
   0.80000001   5.725   5.971   5.492   4.836   0
   0.86850220   5.188   5.450   5.038   4.453   0
   0.89999998   4.971   5.225   4.838   4.286   0
   1.00000000   4.356   4.558   4.244   3.798   0
   1.01416707   4.277   4.467   4.165   3.737   0
   1.09928775   3.837   3.945   3.705   3.387   0
   1.10000002   3.833   3.941   3.701   3.384   0
   1.10190415   3.824   3.930   3.692   3.377   0
   1.16647339   3.526   3.563   3.378   3.162   0
   1.20000005   3.378   3.386   3.228   3.060   0
   1.25197196   3.163   3.147   3.032   2.923   0
   1.29999995   2.967   2.948   2.868   2.803   0
   1.30070055   2.964   2.945   2.865   2.802   0
   1.37592399   2.666   2.677   2.639   2.623   0
   1.39999998   2.572   2.600   2.572   2.568   0
   1.42257297   2.487   2.529   2.511   2.516   0
   1.48197520   2.265   2.351   2.355   2.379   0
   1.50000000   2.199   2.298   2.308   2.336   0
   1.51768410   2.133   2.245   2.260   2.293   0
   1.55064273   2.009   2.145   2.170   2.210   1
   1.55445242   1.996   2.134   2.159   2.200   0
   1.59382463   1.852   2.014   2.048   2.094   0
   1.60000002   1.829   1.994   2.029   2.076   0
   1.62198496   1.747   1.923   1.962   2.012   0
   1.65504730   1.623   1.812   1.856   1.908   0
   1.68870175   1.495   1.692   1.739   1.793   0
   1.70000005   1.451   1.649   1.697   1.751   0
   1.71897554   1.378   1.578   1.628   1.682   0
   1.75000000   1.254   1.453   1.503   1.556   0
   1.75559831   1.232   1.430   1.480   1.533   1
   1.78540456   1.108   1.295   1.344   1.393   0
   1.79999995   1.045   1.223   1.271   1.317   0
   1.81054711   1.000   1.172   1.218   1.263   0
   1.83362949   0.896   1.049   1.092   1.132   0
   1.84408522   0.847   0.991   1.033   1.070   0
   1.85398459   0.798   0.936   0.978   1.013   0
   1.85872018   0.774   0.913   0.955   0.990   0
   1.86504865   0.741   0.889   0.933   0.971   3
   1.86853361   0.719   0.887   0.936   0.979   0
   1.87088597   0.690   0.903   0.963   1.016   0
   1.87155390   0.663   0.912   0.979   1.041   0
   1.87194669   0.613   0.902   0.977   1.048   0
   1.87200165   0.622   0.907   0.982   1.052   0
   1.87217677   0.647   0.889   0.955   1.015   0
   1.87240434   0.556   0.760   0.820   0.870   0
   1.87279344   0.474   0.635   0.686   0.725   0
   1.87342691   0.416   0.525   0.563   0.587   0
   1.87413824   0.380   0.441   0.465   0.475   0
   1.87500668   0.359   0.360   0.366   0.354   0
   1.87572145   0.355   0.310   0.295   0.257   0
   1.87621129   0.359   0.281   0.248   0.188   0
   1.87673712   0.371   0.266   0.207   0.110   0
   1.87726271   0.389   0.277   0.179   0.029   0
   1.87778497   0.416   0.323   0.171  -0.053   3
   1.87830615   0.458   0.413   0.193  -0.133   0
   1.87882912   0.527   0.548   0.247  -0.203   0
   1.87909055   0.582   0.633   0.285  -0.231   0
   1.87961888   0.719   0.801   0.375  -0.242   0
   1.88015401   0.895   0.983   0.494  -0.192   0
   1.88069904   1.078   1.158   0.617  -0.122   0
   1.88092852   1.114   1.186   0.629  -0.126   4
   1.88187838   1.063   1.102   0.504  -0.285   0
   1.88264740   0.965   0.990   0.377  -0.424   0
   1.88342535   0.860   0.872   0.248  -0.563   0
   1.88424885   0.747   0.748   0.114  -0.706   0
   1.88508582   0.632   0.624  -0.019  -0.847   0
   1.88592672   0.520   0.501  -0.150  -0.986   0
   1.88671708   0.423   0.391  -0.270  -1.115   0
   1.88761330   0.319   0.269  -0.404  -1.257   0
   1.88848269   0.219   0.152  -0.532  -1.394   0
   1.88931441   0.125   0.041  -0.653  -1.524   0
   1.89015114   0.037  -0.062  -0.767  -1.645   0
   1.89021385   0.032  -0.068  -0.774  -1.653   2
   1.89028406   0.103   0.016  -0.680  -1.552   0
   1.89029360   0.122   0.039  -0.655  -1.525   0
   1.89030659   0.144   0.064  -0.627  -1.495   0
   1.89032650   0.171   0.098  -0.590  -1.455   0
   1.89037323   0.267   0.211  -0.465  -1.320   0
   1.89045835   0.399   0.367  -0.293  -1.136   0
   1.89065170   0.529   0.514  -0.132  -0.963   0
   1.89448166   0.744   0.752   0.127  -0.686   0
   1.89999998   0.856   0.881   0.276  -0.519   0
   1.90198672   0.884   0.915   0.316  -0.474   0
   1.90756571   0.875   0.918   0.337  -0.437   4
   1.91788232   0.645   0.707   0.175  -0.556   0
   1.92410147   0.461   0.525   0.031  -0.660   0
   1.93033779   0.275   0.338  -0.106  -0.744   0
   1.94714701   0.023   0.059  -0.314  -0.868   0
   1.96613741  -0.176  -0.171  -0.503  -1.001   0
   1.98390865  -0.352  -0.374  -0.672  -1.124   0
   1.99660957  -0.470  -0.511  -0.788  -1.209   0
   2.00000000  -0.492  -0.531  -0.812  -1.240   0
   2.01196694  -0.568  -0.600  -0.898  -1.350   0
   2.01915431  -0.583  -0.597  -0.931  -1.435   3
   2.02132964  -0.550  -0.543  -0.922  -1.484   0
   2.02389574  -0.502  -0.481  -0.910  -1.533   0
   2.02688670  -0.410  -0.391  -0.885  -1.577   0
   2.02858520  -0.262  -0.258  -0.819  -1.578   0
   2.02915668  -0.082  -0.112  -0.742  -1.561   4
   2.02923417  -0.165  -0.222  -0.882  -1.726   0
   2.02928138  -0.251  -0.334  -1.014  -1.874   0
   2.02937341  -0.338  -0.446  -1.147  -2.023   0
   2.03061056  -0.520  -0.665  -1.395  -2.293   0
   2.03087974  -0.648  -0.821  -1.573  -2.488   0
   2.03117442  -0.761  -0.962  -1.737  -2.668   0
   2.03146601  -0.873  -1.105  -1.902  -2.851   0
   2.03173137  -0.973  -1.246  -2.068  -3.034   0
   2.03196311  -1.069  -1.385  -2.234  -3.220   0
   2.03215933  -1.159  -1.519  -2.397  -3.402   0
   2.03232265  -1.228  -1.632  -2.539  -3.564   0
   2.03251791  -1.306  -1.760  -2.701  -3.750   0
   2.03265238  -1.375  -1.869  -2.836  -3.904   0
   2.03275204  -1.428  -1.969  -2.964  -4.053   0
   2.03283119  -1.472  -2.067  -3.093  -4.203   0
   2.03290749  -1.511  -2.163  -3.221  -4.354   0
   2.03298545  -1.527  -2.244  -3.339  -4.500   0
   2.03307176  -1.550  -2.330  -3.463  -4.651   0
   2.03310800  -1.566  -2.416  -3.589  -4.807   0
   2.03311348  -1.570  -2.431  -3.611  -4.834   0
   2.03312802  -1.573  -2.447  -3.636  -4.865   0
   2.03314257  -1.576  -2.464  -3.661  -4.895   0
   2.03315687  -1.578  -2.480  -3.686  -4.926   0
   2.03317118  -1.580  -2.496  -3.710  -4.956   0
   2.03318548  -1.581  -2.512  -3.733  -4.986   0
   2.03320003  -1.581  -2.527  -3.757  -5.015   0
   2.03321433  -1.582  -2.543  -3.780  -5.045   0
   2.03322864  -1.582  -2.558  -3.803  -5.075   0
   2.03324032  -1.583  -2.570  -3.822  -5.099   0
   2.03325176  -1.583  -2.582  -3.841  -5.122   0
   2.03326583  -1.583  -2.598  -3.864  -5.152   0
   2.03327990  -1.583  -2.613  -3.887  -5.181   0
   2.03329396  -1.582  -2.627  -3.910  -5.210   0
   2.03330803  -1.581  -2.640  -3.931  -5.237   0
   2.03332210  -1.581  -2.653  -3.951  -5.263   0
   2.03333616  -1.580  -2.666  -3.971  -5.289   0
   2.03335023  -1.578  -2.678  -3.991  -5.315   0
   2.03336453  -1.577  -2.690  -4.011  -5.341   0
   2.03337860  -1.575  -2.702  -4.030  -5.367   0
   2.03339267  -1.573  -2.714  -4.050  -5.393   0
   2.03340387  -1.572  -2.723  -4.066  -5.414   0
   2.03342605  -1.568  -2.731  -4.080  -5.434   0
   2.03348041  -1.564  -2.744  -4.102  -5.464   0
   2.03353429  -1.561  -2.756  -4.124  -5.493   0
   2.03358769  -1.557  -2.769  -4.146  -5.522   0
   2.03364086  -1.554  -2.781  -4.168  -5.552   0
   2.03369355  -1.549  -2.793  -4.189  -5.581   0
   2.03374577  -1.545  -2.806  -4.211  -5.610   0
   2.03379750  -1.541  -2.818  -4.233  -5.640   0
   2.03384876  -1.536  -2.830  -4.254  -5.670   0
   2.03389955  -1.531  -2.841  -4.276  -5.699   0
   2.03394985  -1.526  -2.853  -4.298  -5.729   0
   2.03399992  -1.520  -2.865  -4.320  -5.759   0
   2.03404951  -1.515  -2.876  -4.341  -5.789   0
   2.03409863  -1.509  -2.888  -4.363  -5.819   0
   2.03414726  -1.503  -2.898  -4.384  -5.848   0
   2.03419542  -1.497  -2.909  -4.404  -5.877   0
   2.03424311  -1.491  -2.919  -4.423  -5.906   0
   2.03429055  -1.485  -2.929  -4.443  -5.934   0
   2.03432798  -1.479  -2.937  -4.460  -5.958   0
   2.03436542  -1.474  -2.946  -4.477  -5.983   0
   2.03440237  -1.468  -2.954  -4.494  -6.008   0
   2.03443909  -1.462  -2.963  -4.511  -6.032   0
   2.03447556  -1.456  -2.971  -4.527  -6.057   0
   2.03451204  -1.450  -2.979  -4.544  -6.081   0
   2.03454804  -1.443  -2.987  -4.560  -6.105   0
   2.03458405  -1.437  -2.994  -4.577  -6.130   0
   2.03461957  -1.437  -3.006  -4.594  -6.153   0
   2.03465509  -1.441  -3.019  -4.613  -6.177   0
   2.03469062  -1.445  -3.032  -4.631  -6.200   0
   2.03472590  -1.449  -3.045  -4.649  -6.223   0
   2.03476095  -1.453  -3.058  -4.666  -6.246   0
   2.03479600  -1.457  -3.070  -4.684  -6.269   0
   2.03483081  -1.460  -3.083  -4.702  -6.291   0
   2.03486562  -1.464  -3.095  -4.719  -6.314   0
   2.03490043  -1.467  -3.107  -4.736  -6.336   0
   2.03493500  -1.470  -3.119  -4.753  -6.358   0
   2.03496981  -1.474  -3.131  -4.770  -6.379   0
   2.03500462  -1.476  -3.143  -4.786  -6.401   0
   2.03504801  -1.480  -3.157  -4.807  -6.427   0
   2.03509140  -1.483  -3.171  -4.826  -6.453   0
   2.03513503  -1.486  -3.184  -4.846  -6.478   0
   2.03517890  -1.488  -3.197  -4.864  -6.503   0
   2.03522301  -1.491  -3.210  -4.883  -6.527   0
   2.03526664  -1.492  -3.221  -4.900  -6.549   0
   2.03531575  -1.493  -3.233  -4.918  -6.574   0
   2.03536201  -1.494  -3.244  -4.934  -6.596   0
   2.03541255  -1.494  -3.254  -4.950  -6.618   0
   2.03546667  -1.517  -3.275  -4.967  -6.640   0
   2.03553724  -1.546  -3.297  -4.984  -6.662   3
   2.03557181  -1.555  -3.301  -4.983  -6.665   0
   2.03558373  -1.549  -3.292  -4.971  -6.653   0
   2.03558874  -1.530  -3.271  -4.948  -6.632   0
