   0.15000001  13.762  12.793  11.454   9.867   0
   0.20000000  12.337  11.663  10.494   9.089   0
   0.25000000  11.559  10.976   9.871   8.544   0
   0.30000001  11.057  10.536   9.470   8.192   0
   0.34999999  10.621  10.151   9.118   7.883   0
   0.40000001  10.211   9.788   8.785   7.587   0
   0.44999999   9.727   9.366   8.398   7.243   0
   0.50000000   9.237   8.948   8.022   6.918   0
   0.55000001   8.618   8.442   7.581   6.549   0
   0.60000002   7.718   7.757   7.034   6.134   0
   0.69999999   6.569   6.789   6.219   5.454   0
   0.77914345   5.811   6.102   5.632   4.967   0
   0.80000001   5.641   5.938   5.489   4.848   0
   0.89999998   4.932   5.215   4.851   4.316   0
   1.00000000   4.358   4.568   4.275   3.851   0
   1.10000002   3.876   3.979   3.758   3.470   0
   1.20000005   3.464   3.474   3.331   3.183   0
   1.26493871   3.222   3.209   3.116   3.035   0
   1.29999995   3.093   3.089   3.015   2.962   0
   1.33204174   2.980   2.983   2.927   2.897   0
   1.39999998   2.750   2.794   2.768   2.771   0
   1.50000000   2.444   2.561   2.570   2.605   0
   1.60000002   2.158   2.351   2.388   2.444   0
   1.62715733   2.087   2.300   2.342   2.403   0
   1.70000005   1.897   2.162   2.219   2.292   0
   1.75000000   1.776   2.072   2.138   2.218   0
   1.76999998   1.727   2.037   2.105   2.189   0
   1.79999995   1.656   1.983   2.057   2.144   0
   1.81750751   1.615   1.953   2.029   2.118   0
   1.89999998   1.426   1.807   1.893   1.993   0
   1.94388640   1.328   1.729   1.820   1.925   0
   2.00000000   1.201   1.626   1.723   1.833   0
   2.05053759   1.090   1.533   1.634   1.748   0
   2.14821672   0.872   1.341   1.450   1.570   0
   2.20000005   0.753   1.233   1.346   1.468   0
   2.22899389   0.691   1.176   1.290   1.413   0
   2.30928016   0.510   1.005   1.122   1.247   0
   2.37867618   0.346   0.845   0.964   1.089   0
   2.43837094   0.195   0.694   0.814   0.938   1
   2.49033928   0.056   0.550   0.669   0.791   0
   2.50000000   0.028   0.520   0.639   0.761   0
   2.53795910  -0.074   0.411   0.529   0.648   0
   2.58183861  -0.198   0.278   0.395   0.511   0
   2.60232878  -0.260   0.211   0.327   0.441   0
   2.62138414  -0.317   0.151   0.267   0.380   0
   2.63032579  -0.342   0.127   0.243   0.356   0
   2.64273143  -0.374   0.103   0.221   0.337   3
   2.64944601  -0.385   0.107   0.229   0.348   0
   2.65394044  -0.385   0.139   0.267   0.395   0
   2.65523529  -0.393   0.155   0.288   0.422   0
   2.65599275  -0.414   0.159   0.297   0.439   0
   2.65609741  -0.407   0.163   0.301   0.442   0
   2.65643525  -0.396   0.143   0.274   0.406   0
   2.65693378  -0.517  -0.012   0.113   0.235   0
   2.65757346  -0.626  -0.152  -0.032   0.081   0
   2.65846944  -0.721  -0.284  -0.172  -0.070   0
   2.65937734  -0.793  -0.392  -0.287  -0.196   0
   2.66043162  -0.868  -0.510  -0.414  -0.335   0
   2.66129303  -0.925  -0.608  -0.520  -0.452   0
   2.66218853  -0.983  -0.717  -0.638  -0.584   0
   2.66310239  -1.042  -0.838  -0.771  -0.734   0
   2.66371536  -1.080  -0.928  -0.871  -0.848   0
   2.66433120  -1.111  -1.024  -0.981  -0.976   0
   2.66464043  -1.120  -1.070  -1.038  -1.044   0
   2.66523099  -1.124  -1.155  -1.147  -1.184   0
   2.66552758  -1.115  -1.190  -1.200  -1.258   0
   2.66582680  -1.095  -1.210  -1.244  -1.335   0
   2.66612625  -1.069  -1.205  -1.272  -1.411   0
   2.66642237  -1.035  -1.168  -1.285  -1.491   3
   2.66672134  -0.993  -1.091  -1.273  -1.568   0
   2.66702032  -0.936  -0.974  -1.232  -1.638   0
   2.66718173  -0.894  -0.896  -1.200  -1.672   0
   2.66735864  -0.835  -0.799  -1.156  -1.704   0
   2.66753531  -0.757  -0.699  -1.107  -1.724   0
   2.66781259  -0.635  -0.564  -1.033  -1.722   0
   2.66816568  -0.480  -0.407  -0.930  -1.678   0
   2.66837549  -0.396  -0.333  -0.882  -1.657   0
   2.66879606  -0.435  -0.392  -0.974  -1.781   0
   2.66930842  -0.524  -0.495  -1.095  -1.921   0
   2.67012763  -0.636  -0.619  -1.232  -2.070   0
   2.67041945  -0.652  -0.637  -1.252  -2.091   0
   2.67337704  -0.576  -0.552  -1.155  -1.983   0
   2.68303585  -0.555  -0.518  -1.101  -1.909   4
   2.69268274  -0.797  -0.739  -1.253  -1.993   0
   2.69723463  -0.975  -0.921  -1.365  -2.025   0
   2.70100069  -1.103  -1.075  -1.447  -2.017   0
   2.70387411  -1.180  -1.189  -1.504  -1.995   0
   2.70672488  -1.243  -1.291  -1.554  -1.969   0
   2.70923972  -1.296  -1.383  -1.595  -1.939   0
   2.71386099  -1.355  -1.481  -1.636  -1.901   0
   2.71810961  -1.410  -1.554  -1.659  -1.858   0
   2.72251606  -1.462  -1.606  -1.671  -1.817   0
   2.72877192  -1.518  -1.644  -1.676  -1.774   3
   2.73495817  -1.569  -1.654  -1.663  -1.730   0
   2.74195457  -1.617  -1.653  -1.641  -1.682   0
   2.74963355  -1.659  -1.641  -1.613  -1.635   0
   2.75825882  -1.690  -1.623  -1.583  -1.591   0
   2.76842594  -1.723  -1.605  -1.554  -1.548   0
   2.78521252  -1.768  -1.592  -1.529  -1.509   0
   2.81911755  -1.872  -1.640  -1.566  -1.532   0
   2.81957102  -1.873  -1.640  -1.567  -1.533   0
   2.84071660  -1.982  -1.772  -1.702  -1.676   0
   2.84779930  -2.030  -1.843  -1.777  -1.758   0
   2.85185409  -2.064  -1.903  -1.842  -1.830   0
   2.85649228  -2.113  -1.999  -1.947  -1.947   0
   2.85907769  -2.148  -2.105  -2.069  -2.089   0
   2.85966563  -2.151  -2.148  -2.122  -2.156   0
   2.86005735  -2.151  -2.188  -2.173  -2.221   0
   2.86039305  -2.139  -2.217  -2.220  -2.289   0
   2.86061668  -2.121  -2.240  -2.258  -2.349   0
   2.86076808  -2.099  -2.236  -2.275  -2.396   0
   2.86087060  -2.072  -2.230  -2.288  -2.439   3
   2.86095428  -2.040  -2.200  -2.287  -2.476   0
   2.86101484  -2.007  -2.166  -2.281  -2.509   0
   2.86105895  -1.970  -2.117  -2.263  -2.533   0
   2.86110330  -1.927  -2.051  -2.236  -2.552   0
   2.86112428  -1.902  -2.014  -2.219  -2.560   0
   2.86120272  -1.773  -1.817  -2.116  -2.590   0
   2.86132193  -1.469  -1.445  -1.943  -2.662   0
   2.86140037  -1.351  -1.348  -1.917  -2.710   4
   2.86153126  -1.353  -1.383  -2.009  -2.856   0
   2.86262703  -1.594  -1.703  -2.401  -3.308   0
   2.86308599  -1.747  -1.887  -2.609  -3.536   0
   2.86342883  -1.864  -2.024  -2.763  -3.704   0
   2.86367869  -1.947  -2.124  -2.876  -3.827   0
   2.86397505  -2.024  -2.230  -3.002  -3.966   0
   2.86436415  -2.131  -2.373  -3.168  -4.150   0
   2.86473298  -2.238  -2.520  -3.342  -4.343   0
   2.86510468  -2.363  -2.692  -3.546  -4.570   0
   2.86532807  -2.450  -2.812  -3.689  -4.731   0
   2.86552262  -2.528  -2.925  -3.827  -4.887   0
   2.86574626  -2.623  -3.068  -4.006  -5.092   0
   2.86592627  -2.702  -3.199  -4.172  -5.285   0
   2.86607432  -2.746  -3.305  -4.319  -5.461   0
   2.86621070  -2.791  -3.413  -4.469  -5.642   0
   2.86635303  -2.848  -3.542  -4.645  -5.854   0
   2.86648345  -2.881  -3.651  -4.806  -6.054   0
   2.86656761  -2.890  -3.670  -4.834  -6.088   0
   2.86672449  -2.867  -3.594  -4.720  -5.945   1
   2.86677074  -2.882  -3.654  -4.812  -6.062   0
   2.86681223  -2.888  -3.673  -4.839  -6.095   0
   2.86685348  -2.895  -3.691  -4.866  -6.129   0
   2.86689448  -2.901  -3.710  -4.893  -6.162   0
   2.86693573  -2.907  -3.728  -4.920  -6.196   0
   2.86697698  -2.913  -3.746  -4.947  -6.230   0
   2.86701798  -2.919  -3.764  -4.973  -6.263   0
   2.86705923  -2.925  -3.782  -5.000  -6.297   0
   2.86710048  -2.931  -3.800  -5.027  -6.330   0
   2.86714149  -2.937  -3.818  -5.053  -6.364   0
   2.86718273  -2.942  -3.835  -5.080  -6.397   0
   2.86722350  -2.946  -3.852  -5.105  -6.430   0
   2.86726403  -2.948  -3.868  -5.130  -6.462   0
   2.86730456  -2.949  -3.881  -5.151  -6.490   0
   2.86734509  -2.950  -3.888  -5.161  -6.503   0
   2.86738586  -2.950  -3.894  -5.172  -6.517   0
   2.86742640  -2.950  -3.901  -5.182  -6.530   0
   2.86746716  -2.951  -3.907  -5.192  -6.543   0
   2.86750770  -2.951  -3.913  -5.202  -6.557   0
   2.86760068  -2.951  -3.922  -5.217  -6.577   0
   2.86773753  -2.951  -3.935  -5.238  -6.604   0
   2.86787343  -2.950  -3.947  -5.258  -6.631   0
   2.86800838  -2.950  -3.959  -5.278  -6.658   0
   2.86814260  -2.949  -3.971  -5.297  -6.684   0
   2.86827612  -2.949  -3.982  -5.317  -6.711   0
   2.86840892  -2.948  -3.993  -5.336  -6.736   0
   2.86854124  -2.947  -4.004  -5.355  -6.762   0
   2.86867309  -2.945  -4.015  -5.373  -6.787   0
   2.86880445  -2.944  -4.025  -5.391  -6.812   0
   2.86893535  -2.942  -4.035  -5.408  -6.835   0
   2.86906576  -2.940  -4.043  -5.424  -6.857   0
   2.86919618  -2.940  -4.053  -5.440  -6.879   0
   2.86932683  -2.944  -4.065  -5.457  -6.900   0
   2.86945677  -2.949  -4.076  -5.473  -6.920   0
   2.86958742  -2.954  -4.088  -5.490  -6.941   0
   2.86971784  -2.958  -4.100  -5.506  -6.962   0
   2.86984873  -2.962  -4.111  -5.523  -6.982   0
   2.86997986  -2.967  -4.123  -5.539  -7.003   0
   2.87011170  -2.971  -4.134  -5.555  -7.023   0
   2.87024426  -2.975  -4.146  -5.572  -7.043   0
   2.87037802  -2.979  -4.157  -5.588  -7.064   0
   2.87051272  -2.983  -4.168  -5.604  -7.084   0
   2.87064862  -2.987  -4.179  -5.620  -7.104   0
   2.87082100  -2.991  -4.193  -5.639  -7.129   0
   2.87099457  -2.995  -4.206  -5.658  -7.153   0
   2.87116385  -2.999  -4.218  -5.677  -7.177   0
   2.87132430  -3.003  -4.230  -5.694  -7.199   0
   2.87150693  -3.006  -4.243  -5.714  -7.224   0
   2.87167954  -3.009  -4.255  -5.732  -7.247   0
   2.87184262  -3.012  -4.266  -5.748  -7.268   0
   2.87202263  -3.015  -4.278  -5.766  -7.292   0
   2.87219262  -3.017  -4.289  -5.783  -7.314   0
   2.87237525  -3.018  -4.300  -5.801  -7.337   0
   2.87254739  -3.020  -4.310  -5.817  -7.358   0
   2.87272930  -3.021  -4.321  -5.833  -7.380   0
   2.87291837  -3.021  -4.330  -5.850  -7.402   0
   2.87311244  -3.019  -4.339  -5.866  -7.423   0
   2.87332869  -3.010  -4.343  -5.877  -7.442   3
   2.87342405  -2.994  -4.333  -5.872  -7.441   0
   2.87346458  -2.972  -4.316  -5.858  -7.430   0
   2.87348175  -2.947  -4.295  -5.839  -7.414   0
   2.87348866  -2.908  -4.262  -5.810  -7.388   0
