   0.15000001  13.744  12.748  11.411   9.821   0
   0.20000000  12.384  11.618  10.437   9.020   0
   0.25000000  11.626  10.939   9.822   8.487   0
   0.30000001  11.117  10.484   9.409   8.127   0
   0.34999999  10.676  10.090   9.050   7.815   0
   0.40000001  10.276   9.735   8.725   7.531   0
   0.44999999   9.766   9.289   8.317   7.175   0
   0.50000000   9.213   8.819   7.896   6.818   0
   0.55000001   8.484   8.238   7.389   6.400   0
   0.56693941   8.192   8.012   7.196   6.244   0
   0.60000002   7.682   7.612   6.859   5.965   0
   0.63065666   7.184   7.218   6.531   5.695   0
   0.65890807   6.753   6.868   6.240   5.454   0
   0.68427300   6.390   6.560   5.984   5.240   0
   0.69999999   6.176   6.373   5.826   5.107   0
   0.71748424   5.937   6.161   5.645   4.953   0
   0.73752397   5.677   5.918   5.434   4.773   0
   0.75610745   5.442   5.691   5.234   4.600   0
   0.77366483   5.215   5.470   5.039   4.430   0
   0.79099298   4.995   5.246   4.836   4.252   0
   0.80000001   4.880   5.125   4.725   4.155   0
   0.81739247   4.644   4.877   4.498   3.955   0
   0.82933444   4.474   4.697   4.333   3.807   0
   0.84221107   4.277   4.486   4.136   3.631   0
   0.85542130   4.060   4.248   3.913   3.430   0
   0.85916805   3.996   4.178   3.847   3.370   0
   0.86252379   3.936   4.113   3.785   3.312   0
   0.86356884   3.917   4.093   3.765   3.293   0
   0.86729407   3.847   4.018   3.693   3.225   0
   0.88011050   3.570   3.725   3.402   2.934   1
   0.88613117   3.411   3.569   3.231   2.738   0
   0.89036864   3.289   3.453   3.083   2.546   0
   0.89280152   3.226   3.399   2.990   2.400   0
   0.89462399   3.226   3.394   2.933   2.280   0
   0.89613259   3.280   3.423   2.900   2.186   0
   0.89637101   3.291   3.429   2.896   2.171   0
   0.89764845   3.265   3.375   2.798   2.032   0
   0.89863199   3.172   3.255   2.653   1.866   0
   0.89938027   3.053   3.122   2.507   1.710   0
   0.89999998   2.932   2.988   2.365   1.560   0
   0.90004122   2.924   2.980   2.356   1.550   0
   0.90065587   2.790   2.837   2.207   1.394   0
   0.90122861   2.651   2.690   2.053   1.235   0
   0.90172535   2.510   2.540   1.898   1.074   0
   0.90219176   2.373   2.395   1.747   0.917   0
   0.90261817   2.240   2.252   1.597   0.761   0
   0.90295994   2.112   2.112   1.449   0.606   0
   0.90328389   1.989   1.974   1.303   0.453   0
   0.90358549   1.863   1.833   1.154   0.297   0
   0.90386271   1.738   1.694   1.005   0.140   0
   0.90410811   1.616   1.558   0.860  -0.012   0
   0.90431154   1.496   1.423   0.716  -0.165   0
   0.90450752   1.378   1.288   0.570  -0.318   0
   0.90468496   1.258   1.150   0.420  -0.478   0
   0.90483600   1.142   1.018   0.276  -0.631   0
   0.90498340   1.028   0.886   0.131  -0.787   0
   0.90511256   0.916   0.757  -0.011  -0.938   0
   0.90523762   0.843   0.674  -0.101  -1.033   2
   0.90534079   0.889   0.729  -0.037  -0.963   0
   0.90544271   0.778   0.601  -0.179  -1.116   0
   0.90553796   0.676   0.474  -0.321  -1.270   0
   0.90562826   0.575   0.344  -0.468  -1.428   0
   0.90570712   0.483   0.222  -0.607  -1.580   0
   0.90578318   0.383   0.090  -0.759  -1.745   0
   0.90584791   0.289  -0.036  -0.904  -1.904   0
   0.90591007   0.197  -0.162  -1.051  -2.066   0
   0.90596002   0.110  -0.282  -1.192  -2.222   0
   0.90600914   0.028  -0.401  -1.336  -2.383   0
   0.90604597  -0.041  -0.508  -1.468  -2.533   0
   0.90608531  -0.107  -0.623  -1.610  -2.694   0
   0.90611905  -0.159  -0.724  -1.737  -2.841   0
   0.90614837  -0.214  -0.828  -1.869  -2.992   0
   0.90617543  -0.259  -0.931  -2.003  -3.150   0
   0.90620083  -0.292  -1.023  -2.130  -3.301   0
   0.90622318  -0.326  -1.117  -2.259  -3.456   0
   0.90624356  -0.362  -1.211  -2.387  -3.608   0
   0.90626138  -0.383  -1.294  -2.504  -3.751   0
   0.90627760  -0.377  -1.362  -2.613  -3.891   0
   0.90629154  -0.391  -1.433  -2.714  -4.016   2
   0.90629154   1.122   1.161   0.624  -0.113   1
   0.90639025   1.107   1.137   0.584  -0.167   0
   0.90651172   1.100   1.128   0.572  -0.182   0
   0.90663457   1.093   1.119   0.562  -0.193   0
   0.90663987   1.093   1.119   0.562  -0.194   0
   0.90677685   1.085   1.112   0.556  -0.199   0
   0.90691924   1.077   1.105   0.552  -0.199   0
   0.90706819   1.068   1.099   0.551  -0.197   0
   0.90722096   1.059   1.092   0.549  -0.195   0
   0.90737897   1.051   1.086   0.546  -0.194   0
   0.90753585   1.045   1.080   0.543  -0.194   0
   0.90769064   1.039   1.074   0.538  -0.197   0
   0.90779042   1.035   1.070   0.535  -0.200   0
   0.90784526   1.033   1.068   0.533  -0.202   0
   0.90799844   1.028   1.062   0.525  -0.211   0
   0.90815473   1.022   1.055   0.516  -0.223   0
   0.90831500   1.013   1.045   0.503  -0.240   0
   0.90848160   1.007   1.034   0.485  -0.263   0
   0.90865517   0.997   1.019   0.462  -0.294   0
   0.90887982   0.986   0.997   0.426  -0.341   0
   0.90896136   0.973   0.980   0.404  -0.368   0
   0.90906399   0.956   0.956   0.370  -0.410   0
   0.90919816   0.910   0.896   0.292  -0.503   0
   0.90924847   0.874   0.849   0.231  -0.577   0
   0.90927285   0.811   0.769   0.130  -0.697   0
   0.90927947   0.760   0.703   0.047  -0.795   0
   0.90928388   0.685   0.594  -0.092  -0.956   0
   0.90928638   0.586   0.465  -0.247  -1.131   0
   0.90928841   0.494   0.349  -0.382  -1.281   0
   0.90929115   0.383   0.207  -0.549  -1.467   0
   0.90929568   0.292   0.091  -0.685  -1.619   0
   0.90931273   0.381   0.206  -0.549  -1.465   0
   0.90931612   0.382   0.208  -0.546  -1.462   1
   0.90935922   0.292   0.091  -0.685  -1.617   0
   0.90937877   0.203  -0.031  -0.832  -1.784   0
   0.90939683   0.130  -0.144  -0.970  -1.939   0
   0.90941697   0.038  -0.280  -1.134  -2.123   0
   0.90943718  -0.056  -0.427  -1.316  -2.330   0
   0.90945178  -0.124  -0.541  -1.460  -2.495   0
   0.90946633  -0.191  -0.670  -1.632  -2.698   0
   0.90947390  -0.243  -0.772  -1.763  -2.849   0
   0.90948105  -0.288  -0.871  -1.892  -3.000   0
   0.90948689  -0.317  -0.960  -2.014  -3.146   0
   0.90949231  -0.329  -1.037  -2.129  -3.288   0
   0.90949833  -0.366  -1.129  -2.252  -3.435   0
   0.90950459  -0.386  -1.213  -2.375  -3.585   0
   0.90950716  -0.392  -1.294  -2.500  -3.742   0
   0.90950751  -0.395  -1.311  -2.524  -3.773   0
   0.90950841  -0.396  -1.327  -2.548  -3.803   0
   0.90950936  -0.396  -1.343  -2.573  -3.834   0
   0.90951025  -0.397  -1.359  -2.597  -3.864   0
   0.90951115  -0.397  -1.375  -2.621  -3.895   0
   0.90951210  -0.397  -1.390  -2.645  -3.925   0
   0.90951300  -0.397  -1.406  -2.669  -3.956   0
   0.90951389  -0.397  -1.421  -2.692  -3.986   0
   0.90951484  -0.397  -1.437  -2.716  -4.017   0
   0.90951574  -0.396  -1.452  -2.740  -4.047   0
   0.90951663  -0.396  -1.467  -2.764  -4.078   0
   0.90951741  -0.395  -1.479  -2.783  -4.102   0
   0.90951830  -0.394  -1.494  -2.807  -4.133   0
   0.90951920  -0.393  -1.509  -2.831  -4.163   0
   0.90952015  -0.391  -1.524  -2.855  -4.194   0
   0.90952104  -0.389  -1.539  -2.878  -4.225   0
   0.90952194  -0.386  -1.552  -2.901  -4.256   0
   0.90952265  -0.384  -1.563  -2.920  -4.280   0
   0.90952361  -0.381  -1.577  -2.943  -4.311   0
   0.90952450  -0.378  -1.590  -2.966  -4.342   0
   0.90952539  -0.374  -1.603  -2.989  -4.373   0
   0.90952635  -0.371  -1.616  -3.011  -4.403   0
   0.90952724  -0.367  -1.628  -3.032  -4.431   0
   0.90952814  -0.363  -1.640  -3.053  -4.459   0
   0.90952909  -0.359  -1.651  -3.074  -4.488   0
   0.90952998  -0.355  -1.663  -3.094  -4.516   0
   0.90953070  -0.350  -1.674  -3.115  -4.544   0
   0.90953135  -0.347  -1.683  -3.131  -4.566   0
   0.90953207  -0.342  -1.694  -3.151  -4.594   0
   0.90953285  -0.337  -1.705  -3.171  -4.621   0
   0.90953362  -0.333  -1.715  -3.190  -4.648   0
   0.90953439  -0.328  -1.725  -3.209  -4.675   0
   0.90953511  -0.323  -1.735  -3.228  -4.702   0
   0.90953612  -0.317  -1.743  -3.244  -4.725   0
   0.90953815  -0.309  -1.752  -3.263  -4.754   0
   0.90954012  -0.301  -1.761  -3.283  -4.783   0
   0.90954208  -0.292  -1.770  -3.302  -4.812   0
   0.90954405  -0.283  -1.779  -3.321  -4.841   0
   0.90954602  -0.274  -1.787  -3.341  -4.870   0
   0.90954804  -0.264  -1.795  -3.360  -4.899   0
   0.90955001  -0.253  -1.803  -3.379  -4.928   0
   0.90955192  -0.243  -1.811  -3.397  -4.957   0
   0.90955371  -0.231  -1.818  -3.416  -4.985   0
   0.90955555  -0.219  -1.825  -3.434  -5.014   0
   0.90955740  -0.222  -1.840  -3.456  -5.042   0
   0.90955919  -0.225  -1.855  -3.477  -5.070   0
   0.90956104  -0.228  -1.869  -3.498  -5.098   0
   0.90956289  -0.231  -1.884  -3.520  -5.126   0
   0.90956467  -0.233  -1.898  -3.541  -5.154   0
   0.90956652  -0.235  -1.912  -3.562  -5.183   0
   0.90956831  -0.237  -1.926  -3.582  -5.210   0
