   0.15000001  13.716  12.762  11.431   9.850   0
   0.20000000  12.301  11.631  10.465   9.063   0
   0.25000000  11.527  10.948   9.845   8.521   0
   0.30000001  11.022  10.504   9.440   8.165   0
   0.34999999  10.583  10.117   9.086   7.854   0
   0.40000001  10.177   9.758   8.757   7.562   0
   0.44999999   9.677   9.321   8.356   7.206   0
   0.50000000   9.167   8.887   7.966   6.869   0
   0.55000001   8.511   8.354   7.505   6.484   0
   0.60000002   7.576   7.638   6.933   6.047   0
   0.64393061   7.009   7.163   6.534   5.715   0
   0.69999999   6.366   6.605   6.061   5.319   0
   0.71616441   6.185   6.444   5.923   5.205   0
   0.76369447   5.697   5.989   5.530   4.876   0
   0.80000001   5.353   5.655   5.237   4.629   0
   0.81099248   5.260   5.557   5.150   4.556   0
   0.84663528   4.959   5.240   4.867   4.318   0
   0.87814379   4.701   4.962   4.616   4.108   0
   0.89999998   4.527   4.768   4.440   3.960   0
   0.90629518   4.478   4.712   4.390   3.919   0
   0.93134952   4.280   4.487   4.189   3.756   0
   0.95524210   4.095   4.267   3.992   3.598   0
   0.97920531   3.902   4.038   3.787   3.436   0
   1.00000000   3.730   3.831   3.602   3.293   0
   1.01077533   3.643   3.724   3.509   3.223   0
   1.04167485   3.373   3.400   3.225   3.013   0
   1.05833828   3.220   3.220   3.069   2.893   0
   1.07399368   3.066   3.046   2.916   2.775   0
   1.08927321   2.909   2.880   2.772   2.656   0
   1.09464455   2.850   2.818   2.716   2.608   0
   1.10000002   2.788   2.753   2.657   2.557   0
   1.10537696   2.723   2.685   2.596   2.503   0
   1.12379479   2.470   2.423   2.347   2.266   1
   1.13371050   2.296   2.242   2.158   2.062   0
   1.13924122   2.175   2.110   2.011   1.890   0
   1.14223063   2.101   2.044   1.917   1.753   0
   1.14428067   2.041   2.004   1.840   1.619   0
   1.14558291   2.009   2.007   1.805   1.517   0
   1.14662826   1.987   2.026   1.783   1.423   0
   1.14731658   1.981   2.056   1.776   1.355   0
   1.14819252   1.987   2.107   1.775   1.271   3
   1.14903796   2.012   2.166   1.782   1.204   0
   1.14988899   2.065   2.232   1.800   1.159   0
   1.15098929   2.158   2.324   1.837   1.132   0
   1.15151274   2.198   2.359   1.849   1.119   0
   1.15301478   2.152   2.296   1.750   0.982   0
   1.15410042   2.039   2.166   1.603   0.817   0
   1.15505433   1.913   2.029   1.456   0.661   0
   1.15604627   1.768   1.872   1.290   0.486   0
   1.15689540   1.635   1.728   1.139   0.328   0
   1.15768039   1.498   1.582   0.987   0.169   0
   1.15837324   1.369   1.444   0.842   0.018   0
   1.15899825   1.236   1.302   0.695  -0.137   0
   1.15961611   1.100   1.157   0.543  -0.295   0
   1.16015232   0.973   1.018   0.396  -0.450   0
   1.16062927   0.853   0.884   0.252  -0.602   0
   1.16109681   0.727   0.740   0.098  -0.764   0
   1.16146410   0.614   0.612  -0.039  -0.910   0
   1.16181624   0.498   0.482  -0.180  -1.058   0
   1.16215098   0.379   0.347  -0.325  -1.212   0
   1.16243100   0.269   0.223  -0.459  -1.355   0
   1.16269350   0.158   0.098  -0.595  -1.499   0
   1.16294372   0.043  -0.032  -0.736  -1.648   0
   1.16316724  -0.059  -0.151  -0.866  -1.788   0
   1.16340733  -0.134  -0.237  -0.960  -1.888   0
   1.16356945  -0.017  -0.100  -0.806  -1.722   1
   1.16374683  -0.126  -0.227  -0.946  -1.872   0
   1.16394579  -0.250  -0.369  -1.101  -2.038   0
   1.16413140  -0.363  -0.503  -1.250  -2.199   0
   1.16429079  -0.468  -0.633  -1.395  -2.355   0
   1.16444039  -0.569  -0.763  -1.544  -2.517   0
   1.16456926  -0.667  -0.888  -1.686  -2.672   0
   1.16468012  -0.747  -0.999  -1.818  -2.818   0
   1.16478467  -0.832  -1.114  -1.954  -2.970   0
   1.16488206  -0.925  -1.237  -2.096  -3.126   0
   1.16496503  -1.016  -1.353  -2.229  -3.271   0
   1.16503346  -1.088  -1.454  -2.350  -3.406   0
   1.16510475  -1.167  -1.564  -2.481  -3.553   0
   1.16516602  -1.239  -1.666  -2.604  -3.693   0
   1.16520488  -1.276  -1.723  -2.675  -3.774   2
   1.16520488   0.659   0.749   0.281  -0.405   0
   1.16553402   0.670   0.759   0.281  -0.418   4
   1.16594243   0.666   0.754   0.269  -0.438   0
   1.16636467   0.657   0.745   0.257  -0.453   0
   1.16636741   0.657   0.745   0.257  -0.453   0
   1.16682196   0.642   0.729   0.243  -0.465   0
   1.16729248   0.622   0.709   0.229  -0.473   0
   1.16777468   0.603   0.689   0.215  -0.479   0
   1.16827619   0.583   0.669   0.201  -0.486   0
   1.16880035   0.565   0.651   0.187  -0.494   0
   1.16931212   0.549   0.634   0.175  -0.502   0
   1.16982245   0.535   0.619   0.163  -0.511   0
   1.17031479   0.521   0.605   0.151  -0.521   0
   1.17031813   0.521   0.605   0.151  -0.521   0
   1.17079806   0.513   0.596   0.141  -0.532   0
   1.17129099   0.504   0.587   0.129  -0.545   0
   1.17180109   0.499   0.580   0.118  -0.563   0
   1.17238569   0.493   0.573   0.104  -0.585   0
   1.17290771   0.491   0.570   0.089  -0.612   0
   1.17367256   0.485   0.563   0.065  -0.657   0
   1.17389977   0.482   0.560   0.052  -0.679   0
   1.17418563   0.479   0.554   0.034  -0.711   0
   1.17478132   0.472   0.531  -0.015  -0.787   0
   1.17489469   0.468   0.520  -0.041  -0.827   0
   1.17495942   0.445   0.486  -0.093  -0.897   0
   1.17497838   0.423   0.457  -0.132  -0.946   0
   1.17499280   0.363   0.385  -0.221  -1.052   0
   1.17500103   0.253   0.254  -0.372  -1.220   0
   1.17500794   0.157   0.136  -0.509  -1.373   0
   1.17501593   0.052   0.014  -0.646  -1.521   0
   1.17502987  -0.013  -0.063  -0.731  -1.615   0
   1.17508447   0.055   0.018  -0.640  -1.514   1
   1.17520130  -0.071  -0.132  -0.808  -1.699   0
   1.17525530  -0.184  -0.267  -0.962  -1.866   0
   1.17530692  -0.323  -0.432  -1.147  -2.068   0
   1.17534852  -0.433  -0.562  -1.292  -2.225   0
   1.17539263  -0.554  -0.708  -1.457  -2.407   0
   1.17543316  -0.659  -0.845  -1.614  -2.579   0
   1.17547870  -0.762  -0.992  -1.792  -2.779   0
   1.17551017  -0.850  -1.115  -1.939  -2.944   0
   1.17553413  -0.942  -1.239  -2.083  -3.102   0
   1.17555428  -1.031  -1.360  -2.227  -3.262   0
   1.17557216  -1.119  -1.478  -2.366  -3.417   0
   1.17558968  -1.194  -1.590  -2.505  -3.576   0
   1.17560589  -1.278  -1.710  -2.652  -3.742   0
   1.17560720  -1.297  -1.746  -2.698  -3.797   0
   1.17560935  -1.304  -1.762  -2.720  -3.823   0
   1.17561209  -1.314  -1.783  -2.747  -3.855   0
   1.17561471  -1.323  -1.803  -2.774  -3.887   0
   1.17561674  -1.330  -1.819  -2.796  -3.912   0
   1.17561936  -1.339  -1.839  -2.823  -3.944   0
   1.17562199  -1.348  -1.859  -2.850  -3.976   0
   1.17562461  -1.357  -1.878  -2.876  -4.008   0
   1.17562711  -1.366  -1.898  -2.903  -4.040   0
   1.17562973  -1.375  -1.918  -2.930  -4.071   0
   1.17563176  -1.381  -1.934  -2.951  -4.097   0
   1.17563438  -1.390  -1.953  -2.978  -4.129   0
   1.17563701  -1.398  -1.973  -3.004  -4.160   0
   1.17563963  -1.407  -1.992  -3.031  -4.192   0
   1.17564213  -1.415  -2.012  -3.058  -4.224   0
   1.17564476  -1.423  -2.031  -3.084  -4.257   0
   1.17564738  -1.431  -2.050  -3.111  -4.289   0
   1.17564976  -1.439  -2.069  -3.138  -4.320   0
   1.17565179  -1.446  -2.085  -3.159  -4.346   0
   1.17565417  -1.453  -2.104  -3.185  -4.378   0
   1.17565668  -1.461  -2.122  -3.211  -4.410   0
   1.17565918  -1.469  -2.141  -3.238  -4.441   0
   1.17566156  -1.476  -2.160  -3.264  -4.473   0
   1.17566407  -1.483  -2.179  -3.290  -4.505   0
   1.17566657  -1.491  -2.197  -3.316  -4.537   0
   1.17566895  -1.498  -2.216  -3.342  -4.569   0
   1.17567146  -1.505  -2.234  -3.368  -4.600   0
   1.17567396  -1.512  -2.252  -3.394  -4.632   0
   1.17567635  -1.519  -2.271  -3.420  -4.664   0
   1.17567885  -1.525  -2.289  -3.446  -4.696   0
   1.17568076  -1.531  -2.303  -3.467  -4.721   0
   1.17568326  -1.537  -2.320  -3.491  -4.751   0
   1.17568576  -1.542  -2.336  -3.514  -4.779   0
   1.17568815  -1.547  -2.351  -3.536  -4.807   0
   1.17569017  -1.551  -2.363  -3.554  -4.829   0
   1.17569268  -1.556  -2.378  -3.576  -4.856   0
   1.17569697  -1.558  -2.389  -3.594  -4.879   0
   1.17570400  -1.562  -2.405  -3.619  -4.911   0
   1.17571104  -1.566  -2.421  -3.643  -4.943   0
   1.17571795  -1.569  -2.437  -3.668  -4.974   0
   1.17572486  -1.570  -2.452  -3.691  -5.004   0
   1.17573178  -1.570  -2.466  -3.714  -5.035   0
   1.17573857  -1.570  -2.481  -3.738  -5.066   0
   1.17574537  -1.570  -2.495  -3.761  -5.096   0
   1.17575204  -1.570  -2.509  -3.784  -5.127   0
   1.17575872  -1.569  -2.523  -3.807  -5.158   0
   1.17576540  -1.568  -2.536  -3.830  -5.188   0
   1.17577195  -1.567  -2.550  -3.853  -5.219   0
   1.17577851  -1.565  -2.563  -3.875  -5.250   0
   1.17578495  -1.564  -2.576  -3.898  -5.280   0
   1.17579138  -1.561  -2.589  -3.920  -5.311   0
   1.17579770  -1.559  -2.602  -3.943  -5.342   0
   1.17580402  -1.556  -2.614  -3.965  -5.372   0
   1.17581034  -1.553  -2.626  -3.987  -5.403   0
   1.17581654  -1.550  -2.638  -4.009  -5.434   0
   1.17582273  -1.546  -2.649  -4.031  -5.464   0
   1.17582881  -1.541  -2.661  -4.053  -5.495   0
   1.17583489  -1.536  -2.672  -4.074  -5.525   0
   1.17584097  -1.531  -2.683  -4.095  -5.556   0
   1.17584693  -1.525  -2.693  -4.117  -5.587   0
   1.17585289  -1.519  -2.703  -4.138  -5.617   0
   1.17585874  -1.518  -2.716  -4.160  -5.648   0
   1.17586458  -1.523  -2.732  -4.184  -5.677   0
   1.17587030  -1.528  -2.748  -4.207  -5.707   0
   1.17587602  -1.532  -2.764  -4.230  -5.737   0
   1.17588174  -1.536  -2.779  -4.254  -5.767   0
   1.17588735  -1.540  -2.795  -4.277  -5.797   0
   1.17589283  -1.544  -2.810  -4.300  -5.827   0
   1.17589843  -1.547  -2.825  -4.323  -5.857   0
   1.17590380  -1.549  -2.839  -4.346  -5.887   0
   1.17590821  -1.551  -2.851  -4.364  -5.910   0
   1.17591369  -1.552  -2.865  -4.386  -5.940   0
   1.17591894  -1.553  -2.878  -4.408  -5.969   0
   1.17591965  -1.553  -2.880  -4.411  -5.973   0
