   0.15000001  13.866  12.831  11.475   9.866   0
   0.20000000  12.479  11.706  10.518   9.093   0
   0.25000000  11.712  11.016   9.894   8.550   0
   0.30000001  11.214  10.572   9.491   8.201   0
   0.34999999  10.780  10.185   9.138   7.894   0
   0.40000001  10.370   9.818   8.803   7.599   0
   0.44999999   9.886   9.394   8.413   7.258   0
   0.50000000   9.393   8.973   8.034   6.935   0
   0.55000001   8.770   8.466   7.588   6.565   0
   0.60000002   8.079   7.926   7.126   6.189   0
   0.69999999   6.802   6.916   6.288   5.502   0
   0.80000001   5.814   6.058   5.570   4.906   0
   0.89999998   5.079   5.338   4.941   4.377   0
   1.00000000   4.489   4.705   4.380   3.916   0
   1.10000002   3.998   4.134   3.877   3.529   0
   1.20000005   3.576   3.614   3.434   3.227   0
   1.29999995   3.213   3.198   3.093   2.999   0
   1.39999998   2.881   2.889   2.838   2.814   0
   1.50000000   2.586   2.656   2.644   2.661   0
   1.60000002   2.319   2.459   2.477   2.519   0
   1.70000005   2.087   2.295   2.336   2.396   0
   1.75000000   1.979   2.219   2.268   2.336   0
   1.79999995   1.877   2.145   2.203   2.277   0
   1.89999998   1.686   2.008   2.079   2.165   0
   2.00000000   1.515   1.882   1.963   2.059   0
   2.09735751   1.360   1.764   1.853   1.958   0
   2.20000005   1.204   1.645   1.743   1.857   0
   2.50000000   0.803   1.330   1.449   1.583   0
   3.00000000   0.249   0.876   1.020   1.179   0
   3.50000000  -0.210   0.487   0.649   0.827   0
   3.73190045  -0.399   0.324   0.494   0.679   0
   4.00000000  -0.608   0.144   0.322   0.514   0
   4.50000000  -0.965  -0.167   0.023   0.227   0
   4.86167717  -1.193  -0.367  -0.169   0.042   0
   5.00000000  -1.278  -0.443  -0.242  -0.028   0
   5.71986628  -1.713  -0.834  -0.620  -0.393   0
   6.00000000  -1.877  -0.983  -0.766  -0.535   0
   6.44468594  -2.130  -1.214  -0.990  -0.753   0
   7.00000000  -2.444  -1.506  -1.275  -1.031   0
   7.02914524  -2.461  -1.521  -1.289  -1.045   0
   7.51764154  -2.742  -1.788  -1.552  -1.304   0
   7.92899323  -2.985  -2.022  -1.783  -1.532   0
   8.27962017  -3.210  -2.242  -2.001  -1.750   0
   8.58277988  -3.410  -2.440  -2.198  -1.947   1
   8.84500408  -3.608  -2.641  -2.400  -2.151   0
   9.00000000  -3.727  -2.761  -2.521  -2.273   0
   9.05677509  -3.769  -2.804  -2.563  -2.316   0
   9.45284653  -4.118  -3.167  -2.932  -2.694   0
   9.60913372  -4.272  -3.329  -3.096  -2.861   0
   9.66499901  -4.327  -3.385  -3.154  -2.920   0
   9.71735954  -4.354  -3.402  -3.167  -2.929   3
   9.74019909  -4.332  -3.348  -3.104  -2.855   0
   9.74361420  -4.338  -3.335  -3.085  -2.828   0
   9.74502182  -4.329  -3.346  -3.102  -2.852   0
   9.74543285  -4.349  -3.375  -3.134  -2.889   0
   9.74622822  -4.429  -3.477  -3.243  -3.006   0
   9.74715042  -4.550  -3.623  -3.397  -3.170   0
   9.74789238  -4.651  -3.747  -3.527  -3.310   0
   9.74870586  -4.760  -3.881  -3.668  -3.461   0
   9.74953747  -4.870  -4.020  -3.816  -3.620   0
   9.75020599  -4.956  -4.130  -3.934  -3.747   0
   9.75082016  -5.036  -4.237  -4.048  -3.871   0
   9.75139904  -5.113  -4.342  -4.161  -3.994   0
   9.75197697  -5.192  -4.452  -4.279  -4.123   0
   9.75250149  -5.267  -4.559  -4.393  -4.249   0
   9.75300694  -5.345  -4.669  -4.512  -4.381   0
   9.75345898  -5.418  -4.774  -4.627  -4.510   0
   9.75389194  -5.490  -4.881  -4.744  -4.640   0
   9.75428963  -5.560  -4.988  -4.861  -4.771   0
   9.75465107  -5.628  -5.097  -4.981  -4.905   0
   9.75499439  -5.698  -5.212  -5.106  -5.047   0
   9.75531960  -5.753  -5.326  -5.231  -5.186   0
   9.75560856  -5.801  -5.435  -5.350  -5.319   0
   9.75589752  -5.854  -5.544  -5.473  -5.463   0
   9.75616837  -5.905  -5.643  -5.589  -5.604   0
   9.75625801  -5.917  -5.675  -5.625  -5.647   0
   9.75645351  -5.935  -5.742  -5.701  -5.736   0
   9.75664997  -5.944  -5.809  -5.775  -5.822   0
   9.75683022  -5.936  -5.873  -5.846  -5.903   0
   9.75698090  -5.923  -5.919  -5.902  -5.972   0
   9.75714588  -5.908  -5.959  -5.956  -6.048   0
   9.75728130  -5.871  -5.978  -5.992  -6.111   0
   9.75741673  -5.830  -5.986  -6.018  -6.169   0
   9.75752163  -5.787  -5.973  -6.029  -6.216   0
   9.75765705  -5.724  -5.930  -6.029  -6.278   3
   9.75788307  -5.607  -5.806  -6.007  -6.374   0
   9.75804806  -5.492  -5.666  -5.969  -6.449   0
   9.75834846  -5.160  -5.331  -5.846  -6.550   0
   9.75870895  -4.545  -4.861  -5.632  -6.551   0
   9.75888920  -4.422  -4.775  -5.592  -6.548   0
   9.75929356  -4.273  -4.747  -5.660  -6.684   0
   9.75969696  -4.301  -4.829  -5.780  -6.832   0
   9.76168060  -4.322  -4.868  -5.833  -6.894   2
   9.79948235  -4.463  -4.928  -5.826  -6.840   0
   9.80933857  -4.845  -5.184  -5.959  -6.879   0
   9.81247902  -5.501  -5.685  -6.168  -6.839   0
   9.81404781  -5.762  -5.946  -6.257  -6.748   0
   9.81559944  -5.910  -6.117  -6.296  -6.643   0
   9.81716824  -6.002  -6.208  -6.306  -6.555   3
   9.81933498  -6.080  -6.252  -6.295  -6.468   0
   9.82238197  -6.144  -6.245  -6.258  -6.379   0
   9.82514572  -6.179  -6.221  -6.221  -6.317   0
   9.83112621  -6.199  -6.156  -6.131  -6.190   0
   9.83708286  -6.212  -6.069  -6.035  -6.080   0
   9.84268188  -6.208  -5.994  -5.952  -5.986   0
   9.84848690  -6.194  -5.925  -5.876  -5.897   0
   9.85461712  -6.171  -5.865  -5.805  -5.811   0
   9.86264801  -6.128  -5.802  -5.726  -5.710   0
   9.87136555  -6.099  -5.732  -5.647  -5.616   0
   9.88214397  -6.071  -5.653  -5.560  -5.518   0
   9.89405060  -6.041  -5.579  -5.478  -5.424   0
   9.90844727  -6.009  -5.499  -5.390  -5.327   0
   9.92486668  -5.976  -5.427  -5.310  -5.236   0
   9.94293022  -5.943  -5.361  -5.236  -5.152   0
   9.96691513  -5.907  -5.293  -5.161  -5.065   0
  10.02490234  -5.888  -5.241  -5.100  -4.992   0
  10.02622890  -5.889  -5.241  -5.100  -4.991   1
  10.07398701  -5.975  -5.354  -5.220  -5.123   0
  10.09103298  -6.041  -5.449  -5.323  -5.237   0
  10.10253143  -6.098  -5.539  -5.422  -5.347   0
  10.11156273  -6.152  -5.635  -5.525  -5.460   0
  10.11925316  -6.205  -5.740  -5.638  -5.585   0
  10.12420368  -6.248  -5.828  -5.734  -5.691   0
  10.12819481  -6.287  -5.916  -5.830  -5.798   0
  10.13145733  -6.330  -6.003  -5.927  -5.912   0
  10.13391399  -6.386  -6.074  -6.017  -6.027   0
  10.13441372  -6.393  -6.094  -6.039  -6.052   0
  10.13584042  -6.415  -6.163  -6.117  -6.144   0
  10.13739872  -6.430  -6.267  -6.230  -6.273   0
  10.13852501  -6.420  -6.363  -6.336  -6.394   0
  10.13929462  -6.405  -6.420  -6.413  -6.499   0
  10.13982105  -6.367  -6.453  -6.464  -6.583   0
  10.14019585  -6.305  -6.459  -6.493  -6.651   0
  10.14047813  -6.236  -6.433  -6.500  -6.708   3
  10.14068413  -6.168  -6.377  -6.487  -6.753   0
  10.14091015  -6.075  -6.285  -6.461  -6.806   0
  10.14107895  -5.974  -6.174  -6.425  -6.853   0
  10.14124775  -5.847  -6.032  -6.374  -6.898   0
  10.14139843  -5.703  -5.882  -6.314  -6.934   0
  10.14152908  -5.530  -5.725  -6.245  -6.953   0
  10.14166069  -5.305  -5.540  -6.160  -6.957   0
  10.14196110  -4.851  -5.206  -5.998  -6.933   0
  10.14207363  -4.705  -5.106  -5.950  -6.923   4
  10.14310360  -4.539  -5.086  -6.044  -7.100   0
  10.14439392  -4.585  -5.203  -6.215  -7.309   0
  10.15290642  -4.714  -5.500  -6.619  -7.790   0
