   0.15000001  13.862  12.828  11.473   9.864   0
   0.20000000  12.476  11.703  10.515   9.090   0
   0.25000000  11.709  11.013   9.891   8.548   0
   0.30000001  11.210  10.569   9.488   8.198   0
   0.34999999  10.776  10.182   9.135   7.891   0
   0.40000001  10.367   9.815   8.800   7.597   0
   0.44999999   9.879   9.388   8.408   7.254   0
   0.50000000   9.384   8.964   8.026   6.928   0
   0.55000001   8.755   8.453   7.577   6.555   0
   0.60000002   8.057   7.908   7.110   6.175   0
   0.69999999   6.766   6.884   6.259   5.475   0
   0.78286070   5.906   6.143   5.641   4.962   0
   0.80000001   5.761   6.006   5.523   4.863   0
   0.89999998   5.020   5.276   4.885   4.328   0
   1.00000000   4.422   4.631   4.312   3.857   0
   1.09912896   3.922   4.047   3.797   3.460   0
   1.10000002   3.918   4.042   3.793   3.457   0
   1.16695309   3.626   3.680   3.483   3.244   0
   1.20000005   3.490   3.516   3.345   3.152   0
   1.25075126   3.295   3.290   3.157   3.026   0
   1.29999995   3.114   3.093   2.998   2.917   0
   1.39999998   2.763   2.778   2.736   2.719   0
   1.50000000   2.443   2.525   2.522   2.543   0
   1.56218600   2.255   2.382   2.399   2.437   0
   1.60000002   2.148   2.303   2.329   2.375   0
   1.67446148   1.943   2.148   2.191   2.250   0
   1.70000005   1.877   2.098   2.145   2.208   0
   1.75000000   1.752   2.002   2.058   2.127   0
   1.77677631   1.684   1.950   2.010   2.083   0
   1.79999995   1.626   1.904   1.968   2.043   0
   1.89999998   1.383   1.709   1.785   1.871   0
   2.00000000   1.149   1.512   1.597   1.691   0
   2.01747966   1.109   1.477   1.564   1.659   0
   2.11527920   0.881   1.275   1.368   1.468   0
   2.19803572   0.682   1.091   1.188   1.290   0
   2.20000005   0.677   1.086   1.183   1.286   0
   2.27251482   0.505   0.923   1.022   1.126   0
   2.33945751   0.339   0.758   0.859   0.962   0
   2.39721704   0.187   0.603   0.704   0.806   1
   2.44699168   0.048   0.456   0.557   0.655   0
   2.49032021  -0.080   0.316   0.415   0.510   0
   2.50000000  -0.110   0.282   0.381   0.474   0
   2.53123498  -0.204   0.177   0.275   0.365   0
   2.54991269  -0.261   0.114   0.210   0.299   0
   2.56744027  -0.316   0.055   0.151   0.238   0
   2.57600451  -0.343   0.028   0.125   0.212   0
   2.58716893  -0.375   0.005   0.103   0.192   3
   2.59339857  -0.388   0.010   0.111   0.204   0
   2.59765601  -0.393   0.041   0.149   0.252   0
   2.59886622  -0.403   0.061   0.176   0.286   0
   2.59956765  -0.426   0.069   0.190   0.309   0
   2.59963584  -0.419   0.074   0.195   0.313   0
   2.59991407  -0.389   0.068   0.181   0.290   0
   2.60024023  -0.483  -0.059   0.048   0.147   0
   2.60071898  -0.597  -0.210  -0.109  -0.021   0
   2.60140395  -0.691  -0.349  -0.257  -0.180   0
   2.60211539  -0.759  -0.460  -0.375  -0.311   0
   2.60296702  -0.822  -0.577  -0.503  -0.453   0
   2.60367799  -0.866  -0.672  -0.607  -0.570   0
   2.60444236  -0.906  -0.774  -0.722  -0.700   0
   2.60496759  -0.928  -0.846  -0.804  -0.797   0
   2.60548091  -0.937  -0.910  -0.884  -0.894   0
   2.60599685  -0.931  -0.966  -0.962  -0.997   0
   2.60651517  -0.907  -1.004  -1.031  -1.106   0
   2.60703588  -0.862  -0.999  -1.076  -1.221   0
   2.60729623  -0.830  -0.966  -1.083  -1.281   3
   2.60755348  -0.791  -0.907  -1.077  -1.341   0
   2.60781360  -0.744  -0.817  -1.046  -1.395   0
   2.60807347  -0.677  -0.702  -0.997  -1.444   0
   2.60833311  -0.578  -0.557  -0.931  -1.485   0
   2.60859299  -0.453  -0.411  -0.856  -1.495   0
   2.60910916  -0.188  -0.151  -0.685  -1.419   0
   2.60935736  -0.066  -0.043  -0.613  -1.379   4
   2.60989070  -0.087  -0.096  -0.715  -1.524   0
   2.61037588  -0.189  -0.216  -0.856  -1.683   0
   2.61111307  -0.292  -0.337  -0.992  -1.833   0
   2.61189866  -0.388  -0.455  -1.126  -1.979   0
   2.61270046  -0.484  -0.570  -1.255  -2.119   0
   2.61341715  -0.550  -0.647  -1.341  -2.212   0
   2.61596918  -0.468  -0.548  -1.229  -2.089   0
   2.62716007  -0.394  -0.449  -1.110  -1.955   0
   2.64699459  -0.366  -0.398  -1.032  -1.854   0
   2.65273547  -0.376  -0.404  -1.031  -1.846   4
   2.67031121  -0.641  -0.641  -1.202  -1.961   0
   2.67948914  -0.856  -0.845  -1.342  -2.037   0
   2.68721104  -1.048  -1.045  -1.457  -2.060   0
   2.69227314  -1.158  -1.177  -1.530  -2.058   0
   2.69601250  -1.228  -1.272  -1.580  -2.048   0
   2.69968796  -1.287  -1.357  -1.623  -2.034   0
   2.70396066  -1.347  -1.447  -1.670  -2.018   0
   2.70894790  -1.408  -1.537  -1.710  -1.994   0
   2.71467590  -1.469  -1.617  -1.746  -1.971   0
   2.72213817  -1.538  -1.696  -1.778  -1.945   0
   2.73147821  -1.613  -1.753  -1.800  -1.919   0
   2.74341154  -1.694  -1.804  -1.823  -1.904   0
   2.76338410  -1.805  -1.872  -1.869  -1.923   0
   2.76592493  -1.819  -1.882  -1.878  -1.929   0
   2.78116322  -1.870  -1.967  -1.978  -2.052   0
   2.78745532  -1.878  -2.010  -2.043  -2.147   0
   2.79073381  -1.869  -2.024  -2.083  -2.225   0
   2.79537439  -1.849  -2.011  -2.120  -2.330   0
   2.79863477  -1.836  -1.992  -2.135  -2.389   3
   2.79933977  -1.822  -1.966  -2.133  -2.417   0
   2.79989767  -1.792  -1.915  -2.125  -2.462   0
   2.80027843  -1.757  -1.854  -2.106  -2.500   0
   2.80061460  -1.711  -1.780  -2.080  -2.542   0
   2.80094528  -1.641  -1.679  -2.040  -2.582   0
   2.80133104  -1.449  -1.466  -1.943  -2.616   0
   2.80158210  -1.189  -1.222  -1.791  -2.555   0
   2.80164433  -1.086  -1.128  -1.721  -2.507   0
   2.80178857  -0.951  -1.026  -1.683  -2.525   4
   2.80186796  -1.015  -1.134  -1.831  -2.703   0
   2.80279541  -1.183  -1.354  -2.094  -2.999   0
   2.80324221  -1.313  -1.518  -2.286  -3.212   0
   2.80357575  -1.433  -1.671  -2.465  -3.411   0
   2.80390930  -1.541  -1.835  -2.665  -3.637   0
   2.80413246  -1.609  -1.936  -2.788  -3.775   0
   2.80446839  -1.695  -2.068  -2.949  -3.956   0
   2.80481839  -1.781  -2.206  -3.122  -4.154   0
   2.80507255  -1.849  -2.315  -3.258  -4.309   0
   2.80530977  -1.920  -2.429  -3.401  -4.472   0
   2.80551815  -1.978  -2.540  -3.543  -4.637   0
   2.80570030  -2.019  -2.641  -3.679  -4.798   0
   2.80588961  -2.055  -2.754  -3.836  -4.986   0
   2.80603790  -2.082  -2.850  -3.973  -5.153   0
   2.80616260  -2.097  -2.936  -4.101  -5.312   0
   2.80628228  -2.116  -3.028  -4.238  -5.480   0
   2.80641866  -2.113  -3.123  -4.387  -5.671   0
   2.80654073  -2.093  -3.205  -4.527  -5.858   0
   2.80661273  -2.091  -3.223  -4.556  -5.895   2
   2.80670118  -2.102  -3.215  -4.537  -5.867   0
   2.80678010  -2.094  -3.219  -4.547  -5.883   0
   2.80682802  -2.073  -3.283  -4.661  -6.037   0
   2.80683041  -2.072  -3.285  -4.664  -6.041   0
   2.80686450  -2.069  -3.297  -4.686  -6.070   0
   2.80689859  -2.066  -3.310  -4.708  -6.100   0
   2.80693293  -2.063  -3.323  -4.730  -6.130   0
   2.80696702  -2.059  -3.336  -4.752  -6.160   0
   2.80700111  -2.055  -3.348  -4.774  -6.189   0
   2.80703521  -2.051  -3.360  -4.796  -6.219   0
   2.80706930  -2.047  -3.373  -4.818  -6.249   0
   2.80710340  -2.043  -3.385  -4.840  -6.279   0
   2.80713725  -2.039  -3.397  -4.862  -6.308   0
   2.80717111  -2.034  -3.408  -4.882  -6.337   0
   2.80720472  -2.031  -3.414  -4.894  -6.352   0
   2.80723834  -2.028  -3.420  -4.905  -6.368   0
   2.80726528  -2.026  -3.425  -4.914  -6.381   0
   2.80729890  -2.023  -3.431  -4.926  -6.396   0
   2.80733275  -2.021  -3.437  -4.936  -6.411   0
   2.80736637  -2.018  -3.442  -4.946  -6.426   0
   2.80744219  -2.014  -3.448  -4.958  -6.443   0
   2.80755281  -2.009  -3.456  -4.974  -6.466   0
   2.80766296  -2.004  -3.465  -4.990  -6.489   0
   2.80777240  -1.999  -3.473  -5.006  -6.512   0
   2.80788088  -1.994  -3.480  -5.021  -6.534   0
   2.80798912  -1.989  -3.488  -5.037  -6.557   0
   2.80809665  -1.984  -3.495  -5.052  -6.578   0
   2.80820394  -1.980  -3.503  -5.067  -6.600   0
   2.80831051  -1.984  -3.515  -5.083  -6.621   0
   2.80841684  -1.988  -3.527  -5.099  -6.642   0
   2.80852294  -1.991  -3.539  -5.115  -6.662   0
   2.80862856  -1.995  -3.550  -5.131  -6.682   0
   2.80873394  -1.998  -3.561  -5.146  -6.702   0
   2.80883908  -2.002  -3.572  -5.161  -6.721   0
   2.80894446  -2.005  -3.582  -5.176  -6.739   0
   2.80904961  -2.008  -3.593  -5.190  -6.758   0
   2.80915499  -2.011  -3.603  -5.205  -6.777   0
   2.80926037  -2.014  -3.613  -5.219  -6.795   0
   2.80936575  -2.017  -3.623  -5.233  -6.813   0
   2.80947161  -2.020  -3.634  -5.247  -6.832   0
   2.80957770  -2.023  -3.644  -5.261  -6.850   0
   2.80968451  -2.026  -3.653  -5.275  -6.868   0
   2.80979204  -2.028  -3.663  -5.289  -6.886   0
   2.80992746  -2.031  -3.675  -5.306  -6.908   0
   2.81006479  -2.034  -3.687  -5.323  -6.930   0
   2.81020403  -2.037  -3.699  -5.340  -6.952   0
   2.81034327  -2.040  -3.710  -5.356  -6.973   0
   2.81047583  -2.042  -3.721  -5.371  -6.993   0
   2.81062651  -2.044  -3.733  -5.388  -7.015   0
   2.81076860  -2.046  -3.744  -5.404  -7.036   0
   2.81090283  -2.048  -3.754  -5.419  -7.056   0
   2.81105089  -2.049  -3.764  -5.435  -7.077   0
   2.81119037  -2.050  -3.774  -5.450  -7.097   0
   2.81134081  -2.051  -3.784  -5.465  -7.118   0
   2.81148195  -2.051  -3.793  -5.479  -7.136   0
   2.81164122  -2.046  -3.799  -5.490  -7.153   0
   2.81173873  -2.033  -3.793  -5.489  -7.156   0
   2.81178117  -2.024  -3.784  -5.480  -7.149   2
   2.81180072  -2.012  -3.771  -5.465  -7.136   0
   2.81180954  -1.990  -3.747  -5.439  -7.111   0
   2.81181312  -1.972  -3.728  -5.419  -7.092   0
   2.81181598  -1.959  -3.714  -5.405  -7.078   0
