   0.15000001  13.767  12.796  11.456   9.868   0
   0.20000000  12.340  11.666  10.497   9.092   0
   0.25000000  11.562  10.979   9.874   8.546   0
   0.30000001  11.061  10.539   9.472   8.194   0
   0.34999999  10.625  10.155   9.121   7.886   0
   0.40000001  10.214   9.791   8.788   7.589   0
   0.44999999   9.733   9.371   8.403   7.248   0
   0.50000000   9.246   8.956   8.029   6.925   0
   0.55000001   8.633   8.454   7.592   6.558   0
   0.60000002   7.739   7.774   7.049   6.147   0
   0.69999999   6.601   6.818   6.245   5.477   0
   0.80000001   5.689   5.984   5.530   4.882   0
   0.89999998   4.986   5.271   4.901   4.359   0
   1.00000000   4.417   4.637   4.338   3.903   0
   1.10000002   3.949   4.067   3.838   3.533   0
   1.20000005   3.548   3.566   3.414   3.253   0
   1.29999995   3.190   3.186   3.105   3.042   0
   1.39999998   2.867   2.905   2.872   2.868   0
   1.50000000   2.581   2.686   2.688   2.717   0
   1.60000002   2.328   2.505   2.533   2.585   0
   1.70000005   2.099   2.343   2.392   2.461   0
   1.75000000   1.993   2.268   2.326   2.402   0
   1.76999998   1.953   2.240   2.301   2.380   0
   1.79999995   1.893   2.197   2.262   2.345   0
   1.89999998   1.706   2.062   2.140   2.235   0
   2.00000000   1.534   1.938   2.027   2.133   0
   2.20000005   1.244   1.729   1.836   1.962   0
   2.50000000   0.868   1.440   1.568   1.715   0
   3.00000000   0.348   1.018   1.172   1.346   0
   3.41171718  -0.014   0.715   0.884   1.073   0
   3.50000000  -0.086   0.654   0.827   1.018   0
   4.00000000  -0.457   0.338   0.526   0.732   0
   4.50000000  -0.783   0.057   0.257   0.475   0
   5.00000000  -1.071  -0.196   0.015   0.243   0
   6.00000000  -1.565  -0.634  -0.406  -0.161   0
   6.88053656  -1.953  -0.982  -0.741  -0.482   0
   7.00000000  -2.003  -1.027  -0.785  -0.524   0
   9.00000000  -2.774  -1.728  -1.462  -1.178   0
  11.06458378  -3.457  -2.352  -2.071  -1.773   0
  12.00000000  -3.749  -2.624  -2.337  -2.036   0
  13.94638634  -4.268  -3.114  -2.823  -2.522   0
  15.00000000  -4.544  -3.381  -3.089  -2.789   0
  16.20154572  -4.819  -3.650  -3.357  -3.058   0
  18.20770073  -5.321  -4.151  -3.858  -3.559   1
  19.77006340  -5.780  -4.618  -4.328  -4.032   0
  20.00000000  -5.859  -4.701  -4.412  -4.116   0
  21.06952477  -6.170  -5.034  -4.748  -4.452   0
  21.70005798  -6.391  -5.270  -4.989  -4.701   0
  22.05361938  -6.507  -5.394  -5.116  -4.831   0
  22.14457893  -6.520  -5.403  -5.124  -4.838   3
  22.23470879  -6.482  -5.351  -5.067  -4.773   0
  22.24812698  -6.458  -5.311  -5.023  -4.726   0
  22.25013733  -6.456  -5.306  -5.017  -4.721   0
  22.25663757  -6.476  -5.339  -5.053  -4.757   0
  22.25783920  -6.495  -5.361  -5.076  -4.782   0
  22.26096725  -6.568  -5.445  -5.163  -4.874   0
  22.26356506  -6.637  -5.524  -5.247  -4.963   0
  22.26599121  -6.705  -5.606  -5.335  -5.057   0
  22.26814079  -6.764  -5.683  -5.416  -5.143   0
  22.27016258  -6.820  -5.758  -5.495  -5.228   0
  22.27216339  -6.879  -5.836  -5.581  -5.322   0
  22.27375984  -6.947  -5.917  -5.668  -5.418   0
  22.27667618  -7.085  -6.069  -5.832  -5.598   0
  22.27906036  -7.157  -6.167  -5.937  -5.713   0
  22.28299904  -7.252  -6.306  -6.086  -5.875   0
  22.28725433  -7.334  -6.419  -6.207  -6.006   0
  22.29708862  -7.425  -6.543  -6.338  -6.147   0
  22.30208969  -7.436  -6.556  -6.352  -6.161   2
  22.32099533  -7.385  -6.473  -6.262  -6.061   0
  22.33507538  -7.334  -6.396  -6.178  -5.969   0
  22.34906006  -7.293  -6.332  -6.109  -5.893   0
  22.36742401  -7.252  -6.266  -6.037  -5.814   0
  22.39472008  -7.217  -6.204  -5.969  -5.738   0
  22.42593765  -7.173  -6.144  -5.903  -5.664   0
  22.46937752  -7.109  -6.076  -5.828  -5.580   0
  22.53222847  -7.061  -6.020  -5.767  -5.510   0
  22.69564247  -7.043  -5.990  -5.731  -5.469   1
  23.04693031  -7.156  -6.118  -5.867  -5.614   0
  23.26003838  -7.273  -6.241  -5.998  -5.757   0
  23.41804886  -7.362  -6.348  -6.113  -5.883   0
  23.53948021  -7.432  -6.455  -6.228  -6.007   0
  23.62113380  -7.503  -6.559  -6.340  -6.130   0
  23.67561531  -7.576  -6.666  -6.454  -6.254   0
  23.70974541  -7.652  -6.778  -6.575  -6.386   0
  23.72146416  -7.698  -6.841  -6.644  -6.461   0
  23.73247910  -7.812  -6.944  -6.763  -6.603   0
  23.73737335  -7.885  -7.053  -6.883  -6.736   0
  23.74002266  -7.945  -7.164  -7.003  -6.867   0
  23.74165344  -8.001  -7.268  -7.115  -6.991   0
  23.74287796  -8.054  -7.366  -7.222  -7.108   0
  23.74410057  -8.127  -7.477  -7.345  -7.250   0
  23.74471283  -8.189  -7.532  -7.416  -7.339   0
  23.74567413  -8.244  -7.639  -7.531  -7.466   0
  23.74682999  -8.296  -7.800  -7.695  -7.637   0
  23.74817657  -8.372  -7.972  -7.881  -7.842   0
  23.74991035  -8.477  -8.163  -8.099  -8.100   0
  23.75144196  -8.535  -8.293  -8.249  -8.280   0
  23.75212097  -8.545  -8.358  -8.320  -8.362   0
  23.75280190  -8.549  -8.427  -8.396  -8.448   0
  23.75365257  -8.541  -8.501  -8.477  -8.541   0
  23.75416374  -8.540  -8.537  -8.532  -8.621   0
  23.75484276  -8.518  -8.571  -8.585  -8.707   0
  23.75552368  -8.469  -8.591  -8.626  -8.789   0
  23.75603294  -8.394  -8.569  -8.640  -8.865   3
  23.75671196  -8.281  -8.491  -8.622  -8.937   0
  23.75722313  -8.143  -8.357  -8.582  -9.007   0
  23.75756264  -7.958  -8.168  -8.518  -9.072   0
  23.75807190  -7.699  -7.926  -8.417  -9.110   0
  23.75841331  -7.383  -7.662  -8.286  -9.102   4
  23.75954247  -7.293  -7.705  -8.492  -9.441   0
