   0.15000001  13.607  12.689  11.375   9.811   0
   0.20000000  12.218  11.556  10.395   9.000   0
   0.25000000  11.453  10.882   9.784   8.466   0
   0.30000001  10.939  10.428   9.369   8.101   0
   0.34999999  10.493  10.036   9.011   7.785   0
   0.40000001  10.096   9.687   8.691   7.503   0
   0.44999999   9.590   9.247   8.289   7.148   0
   0.50000000   9.021   8.767   7.860   6.780   0
   0.55000001   8.274   8.166   7.346   6.355   0
   0.60000002   7.258   7.374   6.711   5.862   0
   0.61372507   7.049   7.197   6.562   5.738   0
   0.63764733   6.685   6.887   6.300   5.518   0
   0.65955299   6.372   6.608   6.061   5.316   0
   0.67986149   6.084   6.348   5.836   5.125   0
   0.69897991   5.813   6.097   5.617   4.938   0
   0.69999999   5.799   6.084   5.606   4.928   0
   0.70549226   5.724   6.010   5.540   4.873   0
   0.72241724   5.485   5.776   5.332   4.693   0
   0.73914236   5.238   5.532   5.114   4.504   0
   0.75762200   4.962   5.242   4.849   4.273   0
   0.76896095   4.784   5.053   4.675   4.118   0
   0.78297102   4.540   4.792   4.433   3.902   0
   0.80000001   4.196   4.418   4.081   3.584   0
   0.80602479   4.070   4.278   3.951   3.467   0
   0.81032479   3.967   4.165   3.844   3.370   0
   0.81411982   3.872   4.061   3.744   3.277   0
   0.81473500   3.855   4.043   3.727   3.260   0
   0.81636047   3.809   3.993   3.679   3.214   0
   0.82348585   3.585   3.757   3.443   2.978   1
   0.82758486   3.429   3.607   3.278   2.785   0
   0.83036423   3.306   3.494   3.138   2.605   0
   0.83227026   3.219   3.423   3.024   2.430   0
   0.83345437   3.191   3.397   2.953   2.300   0
   0.83448029   3.182   3.377   2.885   2.178   0
   0.83526546   3.138   3.320   2.795   2.051   0
   0.83598197   3.046   3.208   2.659   1.890   0
   0.83655417   2.933   3.079   2.515   1.732   0
   0.83707952   2.800   2.934   2.360   1.566   0
   0.83756834   2.666   2.791   2.210   1.409   0
   0.83802420   2.527   2.644   2.058   1.251   0
   0.83841878   2.384   2.493   1.901   1.087   0
   0.83880937   2.239   2.338   1.740   0.920   0
   0.83915412   2.095   2.185   1.581   0.756   0
   0.83945328   1.954   2.034   1.424   0.593   0
   0.83971870   1.816   1.888   1.273   0.435   0
   0.83996218   1.672   1.733   1.112   0.268   0
   0.84018540   1.540   1.587   0.958   0.106   0
   0.84036684   1.411   1.446   0.808  -0.050   0
   0.84053153   1.286   1.306   0.660  -0.205   0
   0.84067112   1.172   1.178   0.524  -0.349   0
   0.84080404   1.052   1.043   0.379  -0.501   0
   0.84091359   0.939   0.915   0.242  -0.646   0
   0.84101486   0.824   0.787   0.104  -0.791   0
   0.84110445   0.715   0.664  -0.029  -0.933   0
   0.84118736   0.602   0.538  -0.163  -1.074   0
   0.84126031   0.499   0.423  -0.288  -1.207   0
   0.84134978   0.400   0.309  -0.411  -1.338   0
   0.84135640   0.397   0.305  -0.415  -1.342   2
   0.84139073   0.415   0.328  -0.389  -1.313   0
   0.84145850   0.296   0.191  -0.538  -1.471   0
   0.84151852   0.176   0.052  -0.690  -1.635   0
   0.84157270   0.069  -0.080  -0.837  -1.793   0
   0.84161919  -0.030  -0.204  -0.977  -1.944   0
   0.84166378  -0.134  -0.337  -1.127  -2.107   0
   0.84170061  -0.233  -0.461  -1.268  -2.261   0
   0.84173352  -0.324  -0.581  -1.406  -2.412   0
   0.84176451  -0.410  -0.698  -1.544  -2.565   0
   0.84179360  -0.506  -0.827  -1.694  -2.731   0
   0.84181684  -0.597  -0.945  -1.831  -2.881   0
   0.84183818  -0.681  -1.060  -1.967  -3.032   0
   0.84185755  -0.760  -1.170  -2.099  -3.181   0
   0.84187692  -0.831  -1.281  -2.236  -3.337   0
   0.84189242  -0.887  -1.381  -2.363  -3.484   0
   0.84190601  -0.938  -1.475  -2.484  -3.624   0
   0.84191960  -0.985  -1.568  -2.606  -3.766   0
   0.84193122  -1.027  -1.654  -2.721  -3.903   0
   0.84193313  -1.030  -1.667  -2.740  -3.926   2
   0.84193313   0.855   0.804   0.580   0.232   1
   0.84198993   0.853   0.803   0.577   0.227   0
   0.84207255   0.850   0.803   0.573   0.217   0
   0.84216022   0.846   0.799   0.569   0.211   0
   0.84225184   0.843   0.799   0.565   0.201   0
   0.84234822   0.840   0.798   0.562   0.196   0
   0.84244841   0.837   0.797   0.558   0.187   0
   0.84255391   0.834   0.798   0.555   0.178   0
   0.84266478   0.831   0.798   0.552   0.168   0
   0.84277403   0.829   0.802   0.548   0.154   0
   0.84288216   0.827   0.810   0.545   0.133   0
   0.84299141   0.826   0.823   0.542   0.105   0
   0.84310341   0.828   0.842   0.539   0.068   0
   0.84321833   0.835   0.868   0.537   0.027   0
   0.84333766   0.840   0.893   0.532  -0.020   0
   0.84346205   0.850   0.915   0.524  -0.068   0
   0.84358633   0.854   0.927   0.511  -0.116   0
   0.84375173   0.848   0.927   0.483  -0.177   0
   0.84381688   0.847   0.924   0.471  -0.201   0
   0.84405911   0.797   0.868   0.375  -0.341   0
   0.84411913   0.773   0.841   0.332  -0.402   0
   0.84414315   0.754   0.817   0.293  -0.456   0
   0.84415960   0.715   0.760   0.205  -0.574   0
   0.84416437   0.677   0.709   0.136  -0.662   0
   0.84416819   0.577   0.588  -0.014  -0.841   0
   0.84417003   0.470   0.460  -0.166  -1.015   0
   0.84417182   0.360   0.324  -0.324  -1.191   0
   0.84417391   0.251   0.190  -0.479  -1.363   0
   0.84417689   0.153   0.072  -0.613  -1.510   0
   0.84417802   0.146   0.064  -0.623  -1.521   0
   0.84419024   0.211   0.143  -0.532  -1.420   0
   0.84419435   0.231   0.167  -0.504  -1.389   1
   0.84422755   0.119   0.030  -0.662  -1.565   0
   0.84424907  -0.043  -0.166  -0.885  -1.810   0
   0.84426492  -0.166  -0.315  -1.057  -2.000   0
   0.84427959  -0.271  -0.457  -1.224  -2.188   0
   0.84429193  -0.362  -0.584  -1.376  -2.357   0
   0.84430128  -0.440  -0.693  -1.507  -2.503   0
   0.84430921  -0.523  -0.809  -1.644  -2.655   0
   0.84431595  -0.611  -0.930  -1.788  -2.816   0
   0.84432143  -0.687  -1.037  -1.918  -2.962   0
   0.84432703  -0.770  -1.156  -2.061  -3.125   0
   0.84433186  -0.839  -1.259  -2.189  -3.272   0
   0.84433812  -0.909  -1.382  -2.349  -3.458   0
   0.84434026  -0.933  -1.430  -2.412  -3.532   0
   0.84434092  -0.943  -1.457  -2.448  -3.575   0
   0.84434164  -0.960  -1.511  -2.528  -3.672   0
   0.84434247  -0.970  -1.534  -2.559  -3.710   0
   0.84434330  -0.980  -1.557  -2.590  -3.746   0
   0.84434414  -0.989  -1.579  -2.621  -3.784   0
   0.84434491  -0.999  -1.602  -2.651  -3.820   0
   0.84434575  -1.008  -1.624  -2.682  -3.858   0
   0.84434658  -1.017  -1.646  -2.713  -3.894   0
   0.84434742  -1.026  -1.668  -2.744  -3.932   0
   0.84434819  -1.035  -1.690  -2.774  -3.968   0
   0.84434903  -1.044  -1.712  -2.805  -4.006   0
   0.84434986  -1.052  -1.733  -2.835  -4.042   0
   0.84435070  -1.061  -1.755  -2.866  -4.080   0
   0.84435147  -1.069  -1.776  -2.896  -4.116   0
   0.84435230  -1.077  -1.798  -2.926  -4.154   0
   0.84435314  -1.085  -1.819  -2.956  -4.190   0
   0.84435397  -1.093  -1.841  -2.987  -4.228   0
   0.84435481  -1.100  -1.862  -3.017  -4.265   0
   0.84435558  -1.108  -1.882  -3.047  -4.302   0
   0.84435624  -1.114  -1.899  -3.072  -4.332   0
   0.84435707  -1.120  -1.919  -3.101  -4.369   0
   0.84435791  -1.127  -1.940  -3.131  -4.406   0
   0.84435868  -1.133  -1.959  -3.160  -4.443   0
   0.84435952  -1.139  -1.979  -3.190  -4.480   0
   0.84436035  -1.145  -1.998  -3.219  -4.517   0
   0.84436119  -1.150  -2.018  -3.248  -4.554   0
   0.84436184  -1.151  -2.032  -3.270  -4.583   0
   0.84436351  -1.151  -2.057  -3.311  -4.636   0
   0.84436542  -1.150  -2.073  -3.337  -4.672   0
   0.84436733  -1.148  -2.088  -3.364  -4.708   0
   0.84436923  -1.146  -2.104  -3.391  -4.744   0
   0.84437114  -1.144  -2.119  -3.417  -4.779   0
   0.84437311  -1.141  -2.134  -3.443  -4.815   0
   0.84437501  -1.137  -2.148  -3.469  -4.851   0
   0.84437692  -1.133  -2.164  -3.497  -4.890   0
   0.84437883  -1.127  -2.178  -3.525  -4.928   0
   0.84438074  -1.121  -2.192  -3.552  -4.967   0
   0.84438252  -1.115  -2.205  -3.577  -5.003   0
   0.84438431  -1.108  -2.217  -3.602  -5.039   0
   0.84438610  -1.100  -2.229  -3.627  -5.074   0
   0.84438789  -1.091  -2.240  -3.651  -5.110   0
   0.84438920  -1.083  -2.247  -3.669  -5.137   0
