   0.15000001  13.767  12.796  11.456   9.868   0
   0.20000000  12.340  11.666  10.497   9.092   0
   0.25000000  11.562  10.979   9.874   8.546   0
   0.30000001  11.060  10.539   9.472   8.194   0
   0.34999999  10.625  10.155   9.121   7.886   0
   0.40000001  10.214   9.791   8.787   7.589   0
   0.44999999   9.733   9.371   8.403   7.248   0
   0.50000000   9.245   8.956   8.029   6.924   0
   0.55000001   8.632   8.453   7.591   6.558   0
   0.60000002   7.738   7.773   7.049   6.146   0
   0.69999999   6.599   6.816   6.244   5.476   0
   0.80000001   5.686   5.982   5.528   4.880   0
   0.89999998   4.982   5.268   4.898   4.356   0
   1.00000000   4.413   4.632   4.333   3.899   0
   1.10000002   3.944   4.061   3.833   3.529   0
   1.20000005   3.543   3.560   3.408   3.248   0
   1.29999995   3.185   3.180   3.099   3.036   0
   1.39999998   2.861   2.899   2.865   2.860   0
   1.50000000   2.575   2.679   2.681   2.710   0
   1.60000002   2.319   2.495   2.523   2.574   0
   1.70000005   2.090   2.333   2.382   2.450   0
   1.75000000   1.985   2.258   2.316   2.391   0
   1.76999998   1.945   2.230   2.290   2.369   0
   1.79999995   1.885   2.187   2.252   2.334   0
   1.89999998   1.699   2.054   2.131   2.226   0
   2.00000000   1.530   1.931   2.019   2.125   0
   2.15562415   1.293   1.756   1.859   1.979   0
   2.20000005   1.229   1.709   1.815   1.939   0
   2.50000000   0.838   1.406   1.534   1.681   0
   3.00000000   0.304   0.973   1.127   1.300   0
   3.50000000  -0.143   0.596   0.769   0.960   0
   3.83144546  -0.406   0.370   0.553   0.754   0
   4.00000000  -0.534   0.260   0.448   0.653   0
   4.50000000  -0.882  -0.045   0.155   0.372   0
   5.00000000  -1.196  -0.324  -0.113   0.113   1
   5.02626228  -1.211  -0.337  -0.127   0.101   0
   5.93251371  -1.723  -0.799  -0.573  -0.331   0
   6.00000000  -1.759  -0.832  -0.605  -0.362   0
   6.72514677  -2.150  -1.193  -0.955  -0.702   0
   7.00000000  -2.298  -1.331  -1.089  -0.833   0
   7.34079170  -2.476  -1.497  -1.252  -0.991   0
   7.86491871  -2.761  -1.766  -1.516  -1.251   0
   8.31203651  -3.009  -2.003  -1.749  -1.480   0
   8.69329739  -3.238  -2.225  -1.969  -1.700   0
   9.00000000  -3.424  -2.407  -2.150  -1.879   0
   9.00561714  -3.427  -2.410  -2.153  -1.882   0
   9.57976341  -3.805  -2.792  -2.535  -2.268   1
  10.00768757  -4.144  -3.145  -2.893  -2.633   0
  10.18044758  -4.299  -3.306  -3.057  -2.801   0
  10.23486137  -4.345  -3.352  -3.103  -2.847   0
  10.29939365  -4.374  -3.369  -3.116  -2.855   3
  10.32377243  -4.360  -3.324  -3.062  -2.790   0
  10.32760334  -4.373  -3.319  -3.052  -2.774   0
  10.32946873  -4.362  -3.331  -3.071  -2.801   0
  10.32970142  -4.371  -3.345  -3.085  -2.817   0
  10.33092880  -4.458  -3.456  -3.204  -2.946   0
  10.33203983  -4.567  -3.588  -3.343  -3.095   0
  10.33324718  -4.688  -3.737  -3.501  -3.264   0
  10.33422089  -4.788  -3.860  -3.631  -3.404   0
  10.33517456  -4.889  -3.986  -3.765  -3.549   0
  10.33607006  -4.983  -4.105  -3.893  -3.687   0
  10.33686829  -5.072  -4.220  -4.016  -3.821   0
  10.33768559  -5.164  -4.342  -4.146  -3.962   0
  10.33838654  -5.249  -4.456  -4.269  -4.095   0
  10.33912563  -5.340  -4.584  -4.406  -4.245   0
  10.33974838  -5.423  -4.701  -4.531  -4.383   0
  10.34039021  -5.516  -4.830  -4.672  -4.539   0
  10.34093475  -5.596  -4.942  -4.794  -4.674   0
  10.34146023  -5.674  -5.053  -4.914  -4.807   0
  10.34194660  -5.741  -5.153  -5.022  -4.927   0
  10.34245205  -5.809  -5.255  -5.133  -5.051   0
  10.34282112  -5.860  -5.332  -5.217  -5.146   0
  10.34321022  -5.904  -5.407  -5.299  -5.236   0
  10.34406567  -5.998  -5.578  -5.483  -5.439   0
  10.34496021  -6.072  -5.716  -5.632  -5.604   0
  10.34614563  -6.157  -5.850  -5.783  -5.779   0
  10.34799194  -6.223  -5.942  -5.889  -5.906   0
  10.34983826  -6.256  -5.998  -5.950  -5.976   2
  10.35578537  -6.244  -5.942  -5.884  -5.892   0
  10.35959816  -6.198  -5.878  -5.803  -5.788   0
  10.36520767  -6.152  -5.775  -5.688  -5.655   0
  10.37073517  -6.114  -5.685  -5.589  -5.543   0
  10.37797642  -6.067  -5.579  -5.473  -5.413   0
  10.38596249  -6.021  -5.483  -5.368  -5.296   0
  10.39380360  -5.976  -5.403  -5.279  -5.194   0
  10.40296364  -5.924  -5.316  -5.184  -5.086   0
  10.41485691  -5.870  -5.226  -5.085  -4.975   0
  10.42753506  -5.821  -5.148  -4.998  -4.876   0
  10.44277096  -5.770  -5.067  -4.909  -4.776   0
  10.46167469  -5.719  -4.987  -4.820  -4.676   0
  10.48377800  -5.670  -4.910  -4.735  -4.580   0
  10.50918388  -5.626  -4.840  -4.658  -4.493   0
  10.54288960  -5.585  -4.774  -4.584  -4.409   0
  10.59348488  -5.557  -4.721  -4.525  -4.342   0
  10.64275551  -5.556  -4.707  -4.508  -4.320   1
  10.72151756  -5.663  -4.835  -4.641  -4.462   0
  10.74526215  -5.740  -4.933  -4.746  -4.576   0
  10.76205635  -5.820  -5.038  -4.860  -4.701   0
  10.77141285  -5.886  -5.128  -4.958  -4.808   0
  10.77735996  -5.946  -5.212  -5.049  -4.909   0
  10.78134537  -6.007  -5.301  -5.145  -5.016   0
  10.78314114  -6.046  -5.360  -5.209  -5.088   0
  10.78466511  -6.089  -5.427  -5.284  -5.172   0
  10.78566742  -6.128  -5.492  -5.355  -5.252   0
  10.78636169  -6.162  -5.552  -5.422  -5.328   0
  10.78680515  -6.186  -5.599  -5.476  -5.392   0
  10.78715229  -6.210  -5.656  -5.540  -5.466   0
  10.78738308  -6.229  -5.705  -5.593  -5.527   0
  10.78759575  -6.250  -5.760  -5.654  -5.595   0
  10.78776932  -6.277  -5.822  -5.722  -5.669   0
  10.78811359  -6.345  -5.962  -5.874  -5.839   0
  10.78835773  -6.395  -6.063  -5.983  -5.960   0
  10.78862095  -6.462  -6.148  -6.083  -6.083   0
  10.78888512  -6.514  -6.222  -6.169  -6.186   0
  10.78939247  -6.569  -6.339  -6.296  -6.330   0
  10.78991985  -6.585  -6.409  -6.372  -6.415   0
  10.79096794  -6.548  -6.520  -6.499  -6.567   0
  10.79151154  -6.461  -6.573  -6.587  -6.718   0
  10.79177380  -6.330  -6.522  -6.593  -6.815   3
  10.79203606  -6.098  -6.281  -6.516  -6.939   0
  10.79231739  -5.558  -5.725  -6.270  -7.023   0
  10.79257965  -4.888  -5.186  -5.964  -6.924   4
  10.79274273  -4.831  -5.226  -6.088  -7.111   0
  10.79281330  -4.849  -5.285  -6.180  -7.227   0
  10.79294109  -4.927  -5.411  -6.341  -7.416   0
  10.79362869  -5.044  -5.585  -6.558  -7.665   0
  10.79486275  -5.098  -5.662  -6.653  -7.773   0
  10.79530430  -5.117  -5.689  -6.686  -7.810   0
