   0.15000001  13.673  12.699  11.373   9.794   0
   0.20000000  12.328  11.567  10.390   8.978   0
   0.25000000  11.576  10.893   9.780   8.449   0
   0.30000001  11.061  10.433   9.361   8.084   0
   0.34999999  10.615  10.034   8.998   7.769   0
   0.40000001  10.221   9.686   8.680   7.491   0
   0.44999999   9.712   9.242   8.276   7.139   0
   0.50000000   9.108   8.734   7.822   6.758   0
   0.55000001   8.302   8.097   7.269   6.304   0
   0.55917609   8.128   7.962   7.154   6.210   0
   0.60000002   7.426   7.412   6.690   5.826   0
   0.60764986   7.288   7.301   6.598   5.750   0
   0.62827015   6.925   7.006   6.353   5.545   0
   0.64738405   6.589   6.729   6.122   5.351   0
   0.66538280   6.293   6.471   5.904   5.167   0
   0.68250704   6.009   6.219   5.689   4.983   0
   0.69906282   5.733   5.968   5.471   4.795   0
   0.69999999   5.718   5.954   5.458   4.784   0
   0.70535690   5.632   5.871   5.385   4.720   0
   0.72229624   5.343   5.588   5.132   4.497   0
   0.73259783   5.160   5.407   4.967   4.350   0
   0.74517530   4.918   5.162   4.743   4.147   0
   0.76199126   4.557   4.783   4.388   3.822   0
   0.76569462   4.470   4.691   4.301   3.742   0
   0.76886576   4.392   4.609   4.222   3.667   0
   0.77061987   4.347   4.562   4.177   3.623   0
   0.77088803   4.341   4.555   4.170   3.616   0
   0.78079975   4.053   4.253   3.869   3.315   1
   0.78600752   3.866   4.064   3.660   3.078   0
   0.78957719   3.736   3.922   3.477   2.844   0
   0.79235631   3.706   3.851   3.314   2.587   0
   0.79343843   3.652   3.769   3.190   2.425   0
   0.79424274   3.551   3.642   3.039   2.254   0
   0.79498887   3.393   3.463   2.842   2.041   0
   0.79555267   3.252   3.309   2.680   1.870   0
   0.79607564   3.097   3.144   2.507   1.691   0
   0.79653323   2.943   2.981   2.339   1.516   0
   0.79694992   2.790   2.821   2.173   1.345   0
   0.79730052   2.641   2.664   2.011   1.177   0
   0.79761660   2.492   2.505   1.846   1.006   0
   0.79789031   2.352   2.350   1.682   0.836   0
   0.79814380   2.209   2.191   1.515   0.661   0
   0.79835439   2.078   2.045   1.361   0.500   0
   0.79854757   1.945   1.897   1.203   0.335   0
   0.79872656   1.807   1.743   1.039   0.162   0
   0.79887354   1.676   1.598   0.884  -0.001   0
   0.79900414   1.551   1.455   0.729  -0.165   0
   0.79912645   1.420   1.305   0.567  -0.336   0
   0.79923075   1.298   1.165   0.415  -0.498   0
   0.79932684   1.178   1.028   0.265  -0.658   0
   0.79940826   1.085   0.923   0.151  -0.779   0
   0.79948390   1.065   0.902   0.130  -0.800   0
   0.79955220   0.982   0.806   0.024  -0.913   0
   0.79960996   0.884   0.685  -0.110  -1.058   0
   0.79966843   0.781   0.552  -0.260  -1.221   0
   0.79975450   0.612   0.332  -0.511  -1.493   0
   0.79979271   0.529   0.221  -0.637  -1.631   0
   0.79982680   0.444   0.109  -0.766  -1.772   0
   0.79985762   0.367   0.003  -0.891  -1.910   0
   0.79988527   0.291  -0.102  -1.015  -2.047   0
   0.79991037   0.216  -0.207  -1.140  -2.185   0
   0.79993147   0.156  -0.298  -1.251  -2.311   0
   0.79995257   0.099  -0.395  -1.371  -2.447   0
   0.79997122   0.046  -0.492  -1.491  -2.585   0
   0.79998827  -0.003  -0.584  -1.606  -2.717   0
   0.80000001  -0.039  -0.651  -1.691  -2.814   0
   0.80000615  -0.057  -0.686  -1.735  -2.865   0
   0.80002302  -0.100  -0.788  -1.870  -3.024   0
   0.80003679  -0.121  -0.874  -1.994  -3.174   0
   0.80005056  -0.171  -0.977  -2.127  -3.330   0
   0.80006278  -0.201  -1.064  -2.249  -3.477   0
   0.80007195  -0.225  -1.150  -2.367  -3.620   0
   0.80008268  -0.214  -1.218  -2.479  -3.765   0
   0.80009186  -0.225  -1.297  -2.594  -3.908   0
   0.80009955  -0.232  -1.362  -2.690  -4.028   2
   0.80009955   1.028   1.009   0.723   0.290   1
   0.80014551   1.015   1.023   0.688   0.186   0
   0.80020446   1.010   1.020   0.681   0.174   0
   0.80024827   1.006   1.017   0.677   0.167   0
   0.80027270   1.005   1.016   0.676   0.167   0
   0.80035949   0.999   1.009   0.671   0.165   0
   0.80045295   0.995   1.002   0.668   0.169   0
   0.80055040   0.992   0.995   0.667   0.175   0
   0.80065161   0.988   0.990   0.665   0.176   0
   0.80068034   0.987   0.987   0.664   0.178   0
   0.80073404   0.985   0.987   0.662   0.172   0
   0.80080807   0.983   0.987   0.657   0.163   0
   0.80088210   0.983   0.992   0.652   0.143   0
   0.80095690   0.981   0.996   0.644   0.119   0
   0.80103242   0.980   1.004   0.634   0.086   0
   0.80110848   0.983   1.013   0.623   0.049   0
   0.80118799   0.990   1.025   0.609   0.003   0
   0.80127078   0.995   1.035   0.592  -0.047   0
   0.80135536   1.003   1.041   0.571  -0.098   0
   0.80146760   0.988   1.018   0.518  -0.181   0
   0.80151564   0.977   1.004   0.493  -0.218   0
   0.80157167   0.961   0.984   0.460  -0.263   0
   0.80165464   0.928   0.943   0.398  -0.347   0
   0.80170631   0.898   0.895   0.327  -0.438   0
   0.80172056   0.837   0.807   0.200  -0.599   0
   0.80172384   0.784   0.735   0.101  -0.721   0
   0.80172622   0.681   0.592  -0.083  -0.938   0
   0.80172724   0.607   0.491  -0.208  -1.082   0
   0.80172819   0.530   0.388  -0.333  -1.224   0
   0.80172932   0.453   0.286  -0.455  -1.361   0
   0.80173135   0.385   0.198  -0.559  -1.478   0
   0.80174029   0.471   0.312  -0.422  -1.323   1
   0.80176139   0.381   0.193  -0.565  -1.484   0
   0.80177379   0.294   0.077  -0.705  -1.642   0
   0.80178314   0.216  -0.036  -0.844  -1.800   0
   0.80179244   0.136  -0.161  -0.998  -1.975   0
   0.80180174   0.043  -0.312  -1.186  -2.189   0
   0.80180866  -0.012  -0.423  -1.336  -2.366   0
   0.80181438  -0.076  -0.535  -1.481  -2.533   0
   0.80181873  -0.139  -0.639  -1.611  -2.683   0
   0.80182236  -0.179  -0.729  -1.729  -2.822   0
   0.80182558  -0.213  -0.818  -1.850  -2.965   0
   0.80182862  -0.236  -0.906  -1.975  -3.117   0
   0.80183148  -0.262  -0.993  -2.097  -3.265   0
   0.80183446  -0.276  -1.071  -2.213  -3.409   0
   0.80183685  -0.295  -1.150  -2.327  -3.548   0
   0.80183727  -0.289  -1.211  -2.428  -3.678   0
   0.80183750  -0.291  -1.231  -2.457  -3.715   0
   0.80183804  -0.291  -1.248  -2.484  -3.748   0
   0.80183852  -0.291  -1.265  -2.510  -3.781   0
   0.80183899  -0.291  -1.283  -2.536  -3.815   0
   0.80183953  -0.291  -1.300  -2.563  -3.849   0
   0.80184001  -0.291  -1.317  -2.589  -3.882   0
   0.80184048  -0.290  -1.333  -2.615  -3.916   0
   0.80184090  -0.289  -1.347  -2.636  -3.943   0
   0.80184138  -0.288  -1.363  -2.662  -3.976   0
   0.80184191  -0.287  -1.380  -2.688  -4.009   0
   0.80184227  -0.286  -1.393  -2.709  -4.036   0
   0.80184281  -0.283  -1.408  -2.734  -4.070   0
   0.80184329  -0.280  -1.423  -2.759  -4.103   0
   0.80184370  -0.278  -1.435  -2.780  -4.130   0
   0.80184418  -0.275  -1.450  -2.805  -4.164   0
   0.80184472  -0.271  -1.464  -2.830  -4.198   0
   0.80184519  -0.267  -1.478  -2.855  -4.231   0
   0.80184567  -0.263  -1.493  -2.880  -4.264   0
   0.80184621  -0.259  -1.507  -2.904  -4.298   0
   0.80184668  -0.254  -1.521  -2.929  -4.331   0
   0.80184716  -0.249  -1.534  -2.954  -4.365   0
   0.80184770  -0.244  -1.548  -2.978  -4.398   0
   0.80184817  -0.238  -1.561  -3.003  -4.432   0
   0.80184865  -0.232  -1.574  -3.027  -4.465   0
   0.80184919  -0.226  -1.587  -3.051  -4.498   0
   0.80184966  -0.220  -1.600  -3.075  -4.532   0
   0.80185020  -0.213  -1.610  -3.096  -4.562   0
   0.80185068  -0.207  -1.618  -3.111  -4.584   0
   0.80185115  -0.202  -1.625  -3.125  -4.605   0
   0.80185169  -0.197  -1.632  -3.139  -4.625   0
   0.80185264  -0.188  -1.640  -3.158  -4.654   0
   0.80185372  -0.177  -1.649  -3.179  -4.686   0
   0.80185479  -0.166  -1.658  -3.200  -4.718   0
   0.80185586  -0.154  -1.666  -3.221  -4.750   0
   0.80185694  -0.141  -1.674  -3.241  -4.781   0
   0.80185801  -0.127  -1.682  -3.262  -4.813   0
   0.80185914  -0.114  -1.690  -3.282  -4.846   0
   0.80185926  -0.115  -1.692  -3.286  -4.850   0
