   0.15000001  13.866  12.831  11.475   9.866   0
   0.20000000  12.479  11.706  10.518   9.093   0
   0.25000000  11.712  11.016   9.894   8.550   0
   0.30000001  11.214  10.572   9.491   8.201   0
   0.34999999  10.780  10.185   9.138   7.894   0
   0.40000001  10.370   9.819   8.803   7.600   0
   0.44999999   9.886   9.394   8.414   7.259   0
   0.50000000   9.394   8.973   8.034   6.935   0
   0.55000001   8.771   8.466   7.589   6.565   0
   0.60000002   8.079   7.926   7.126   6.189   0
   0.69999999   6.803   6.917   6.289   5.503   0
   0.80000001   5.816   6.060   5.572   4.907   0
   0.89999998   5.081   5.340   4.943   4.379   0
   1.00000000   4.492   4.708   4.383   3.919   0
   1.10000002   4.002   4.138   3.881   3.533   0
   1.20000005   3.579   3.617   3.437   3.230   0
   1.29999995   3.216   3.201   3.096   3.003   0
   1.39999998   2.884   2.892   2.841   2.818   0
   1.50000000   2.589   2.660   2.649   2.665   0
   1.60000002   2.322   2.464   2.482   2.524   0
   1.70000005   2.092   2.302   2.343   2.403   0
   1.75000000   1.985   2.226   2.275   2.343   0
   1.79999995   1.882   2.152   2.210   2.285   0
   1.89999998   1.691   2.016   2.087   2.174   0
   2.00000000   1.520   1.890   1.972   2.069   0
   2.20000005   1.216   1.661   1.760   1.874   0
   2.47835398   0.846   1.370   1.487   1.620   0
   2.50000000   0.820   1.348   1.467   1.602   0
   2.54178238   0.770   1.308   1.429   1.565   0
   3.00000000   0.274   0.902   1.046   1.205   0
   3.50000000  -0.173   0.524   0.687   0.865   0
   4.00000000  -0.559   0.195   0.373   0.566   0
   4.50000000  -0.899  -0.100   0.091   0.296   0
   4.77639914  -1.068  -0.247  -0.050   0.161   0
   5.00000000  -1.199  -0.361  -0.160   0.055   0
   6.00000000  -1.736  -0.836  -0.617  -0.384   0
   6.34014463  -1.906  -0.989  -0.765  -0.526   0
   7.00000000  -2.227  -1.281  -1.048  -0.800   0
   7.46398497  -2.439  -1.476  -1.237  -0.984   0
   8.38996792  -2.858  -1.865  -1.617  -1.355   0
   9.00000000  -3.128  -2.118  -1.864  -1.597   0
   9.15285110  -3.193  -2.178  -1.923  -1.654   0
  10.40991402  -3.754  -2.714  -2.451  -2.174   0
  11.33522320  -4.207  -3.159  -2.893  -2.616   1
  12.00000000  -4.580  -3.536  -3.273  -3.001   0
  12.58262539  -4.942  -3.916  -3.661  -3.398   0
  12.82991982  -5.112  -4.097  -3.846  -3.589   0
  12.93344116  -5.184  -4.173  -3.923  -3.668   0
  12.99722004  -5.210  -4.190  -3.938  -3.680   3
  13.03248119  -5.203  -4.152  -3.891  -3.622   0
  13.03753948  -5.213  -4.141  -3.874  -3.598   0
  13.03783894  -5.214  -4.141  -3.874  -3.598   0
  13.04003906  -5.211  -4.156  -3.894  -3.624   0
  13.04089165  -5.240  -4.200  -3.942  -3.678   0
  13.04212952  -5.317  -4.304  -4.053  -3.799   0
  13.04301262  -5.392  -4.399  -4.154  -3.909   0
  13.04389668  -5.479  -4.506  -4.269  -4.033   0
  13.04473686  -5.568  -4.615  -4.387  -4.161   0
  13.04557610  -5.660  -4.731  -4.510  -4.295   0
  13.04632759  -5.743  -4.837  -4.624  -4.419   0
  13.04707813  -5.831  -4.953  -4.748  -4.553   0
  13.04774094  -5.908  -5.056  -4.858  -4.673   0
  13.04840374  -5.991  -5.169  -4.980  -4.807   0
  13.04897881  -6.065  -5.269  -5.089  -4.928   0
  13.04955292  -6.145  -5.381  -5.211  -5.062   0
  13.04999447  -6.211  -5.474  -5.313  -5.175   0
  13.05048084  -6.281  -5.577  -5.424  -5.299   0
  13.05092239  -6.355  -5.688  -5.545  -5.434   0
  13.05136395  -6.433  -5.807  -5.675  -5.580   0
  13.05171776  -6.494  -5.901  -5.779  -5.697   0
  13.05211544  -6.554  -6.013  -5.900  -5.832   0
  13.05251312  -6.618  -6.146  -6.043  -5.988   0
  13.05291080  -6.679  -6.276  -6.185  -6.146   0
  13.05313110  -6.714  -6.359  -6.276  -6.248   0
  13.05348492  -6.786  -6.468  -6.406  -6.407   0
  13.05401516  -6.855  -6.662  -6.623  -6.660   0
  13.05454540  -6.860  -6.849  -6.833  -6.907   0
  13.05503082  -6.791  -6.933  -6.967  -7.123   0
  13.05556107  -6.599  -6.814  -6.979  -7.315   3
  13.05608749  -6.289  -6.482  -6.885  -7.474   0
  13.05661392  -5.686  -5.985  -6.681  -7.539   0
  13.05705166  -5.207  -5.651  -6.518  -7.506   0
  13.05767918  -5.050  -5.604  -6.559  -7.611   0
  13.05821705  -5.038  -5.645  -6.642  -7.724   0
  13.06059074  -5.060  -5.689  -6.702  -7.795   2
  13.09162045  -5.182  -5.742  -6.697  -7.749   0
  13.10404968  -5.700  -6.082  -6.864  -7.787   0
  13.10653400  -6.357  -6.574  -7.059  -7.729   0
  13.10777473  -6.563  -6.768  -7.125  -7.666   0
  13.10998535  -6.767  -6.988  -7.186  -7.562   0
  13.11242676  -6.934  -7.129  -7.203  -7.424   3
  13.11478901  -7.041  -7.135  -7.155  -7.285   0
  13.11738205  -7.077  -7.073  -7.065  -7.149   0
  13.11997318  -7.076  -7.009  -6.981  -7.038   0
  13.12499619  -7.073  -6.872  -6.832  -6.868   0
  13.12989712  -7.049  -6.772  -6.721  -6.741   0
  13.13479233  -7.017  -6.699  -6.636  -6.638   0
  13.14206600  -6.957  -6.612  -6.529  -6.504   0
  13.14921093  -6.923  -6.522  -6.431  -6.392   0
  13.15626621  -6.889  -6.444  -6.346  -6.296   0
  13.16441727  -6.855  -6.362  -6.257  -6.198   0
  13.17514610  -6.817  -6.268  -6.156  -6.088   0
  13.18622589  -6.780  -6.181  -6.064  -5.988   0
  13.19947243  -6.731  -6.101  -5.974  -5.885   0
  13.21543121  -6.679  -6.023  -5.886  -5.782   0
  13.23346710  -6.638  -5.946  -5.801  -5.688   0
  13.25613117  -6.592  -5.870  -5.717  -5.593   0
  13.28549385  -6.548  -5.798  -5.639  -5.504   0
  13.33801556  -6.519  -5.746  -5.580  -5.437   0
  13.35470200  -6.517  -5.738  -5.571  -5.426   1
  13.44634819  -6.642  -5.902  -5.746  -5.617   0
  13.47894859  -6.720  -6.013  -5.866  -5.749   0
  13.50325012  -6.786  -6.120  -5.981  -5.875   0
  13.52279186  -6.862  -6.226  -6.099  -6.009   0
  13.53850079  -6.933  -6.333  -6.218  -6.144   0
  13.54933739  -6.982  -6.437  -6.327  -6.262   0
  13.55825901  -7.028  -6.544  -6.440  -6.383   0
  13.56664467  -7.082  -6.659  -6.565  -6.521   0
  13.57248402  -7.125  -6.759  -6.674  -6.643   0
  13.57744026  -7.181  -6.856  -6.787  -6.779   0
  13.58096981  -7.233  -6.948  -6.896  -6.913   0
  13.58339787  -7.258  -7.035  -6.993  -7.025   0
  13.58527470  -7.267  -7.122  -7.087  -7.132   0
  13.58659935  -7.258  -7.190  -7.163  -7.219   0
  13.58764935  -7.252  -7.239  -7.226  -7.302   0
  13.58842278  -7.250  -7.268  -7.271  -7.371   0
  13.58903027  -7.216  -7.288  -7.304  -7.427   0
  13.58952808  -7.178  -7.296  -7.329  -7.480   0
  13.58996964  -7.124  -7.291  -7.342  -7.527   3
  13.59046745  -7.043  -7.247  -7.338  -7.584   0
  13.59085464  -6.953  -7.173  -7.319  -7.638   0
  13.59118652  -6.852  -7.074  -7.292  -7.691   0
  13.59140682  -6.766  -6.978  -7.264  -7.730   0
  13.59173870  -6.600  -6.807  -7.203  -7.786   0
  13.59207058  -6.379  -6.606  -7.122  -7.822   0
  13.59240246  -6.043  -6.336  -7.001  -7.832   0
  13.59267902  -5.718  -6.106  -6.894  -7.822   0
  13.59301090  -5.442  -5.922  -6.808  -7.809   4
  13.59389973  -5.277  -5.898  -6.898  -7.981   0
  13.59700775  -5.250  -5.946  -7.005  -8.131   0
  13.59874344  -5.271  -6.007  -7.090  -8.234   0
  13.60116386  -5.303  -6.075  -7.181  -8.342   0
  13.60443115  -5.348  -6.171  -7.309  -8.493   0
