   0.15000001  13.767  12.796  11.456   9.868   0
   0.20000000  12.340  11.666  10.497   9.092   0
   0.25000000  11.562  10.979   9.874   8.546   0
   0.30000001  11.061  10.539   9.472   8.194   0
   0.34999999  10.625  10.155   9.121   7.886   0
   0.40000001  10.214   9.791   8.787   7.589   0
   0.44999999   9.733   9.371   8.403   7.248   0
   0.50000000   9.245   8.956   8.029   6.924   0
   0.55000001   8.632   8.454   7.592   6.558   0
   0.60000002   7.739   7.774   7.049   6.147   0
   0.69999999   6.600   6.817   6.245   5.476   0
   0.80000001   5.688   5.983   5.529   4.881   0
   0.89999998   4.984   5.269   4.900   4.357   0
   1.00000000   4.415   4.635   4.335   3.901   0
   1.10000002   3.946   4.063   3.835   3.531   0
   1.20000005   3.545   3.563   3.411   3.251   0
   1.29999995   3.187   3.183   3.102   3.039   0
   1.39999998   2.864   2.902   2.868   2.864   0
   1.50000000   2.578   2.682   2.684   2.713   0
   1.60000002   2.323   2.499   2.527   2.579   0
   1.70000005   2.094   2.338   2.386   2.455   0
   1.75000000   1.988   2.263   2.320   2.396   0
   1.76999998   1.948   2.235   2.295   2.374   0
   1.79999995   1.889   2.192   2.256   2.339   0
   1.89999998   1.702   2.058   2.135   2.230   0
   2.00000000   1.532   1.934   2.023   2.128   0
   2.20000005   1.236   1.718   1.825   1.949   0
   2.42865920   0.937   1.486   1.609   1.750   0
   2.50000000   0.849   1.417   1.545   1.692   0
   3.00000000   0.323   0.991   1.146   1.318   0
   3.50000000  -0.117   0.622   0.795   0.987   0
   4.00000000  -0.498   0.296   0.484   0.690   0
   4.50000000  -0.835   0.003   0.204   0.421   0
   4.63217974  -0.917  -0.068   0.135   0.355   0
   5.00000000  -1.137  -0.263  -0.052   0.175   0
   6.00000000  -1.664  -0.735  -0.507  -0.263   0
   6.14534473  -1.737  -0.800  -0.570  -0.323   0
   7.00000000  -2.148  -1.175  -0.933  -0.674   0
   7.29015398  -2.281  -1.297  -1.051  -0.788   0
   8.21306801  -2.701  -1.686  -1.430  -1.157   0
   8.98539543  -3.048  -2.009  -1.745  -1.465   0
   9.00000000  -3.055  -2.015  -1.751  -1.471   0
  10.24198914  -3.613  -2.545  -2.273  -1.986   0
  11.18744755  -4.072  -2.992  -2.717  -2.430   1
  11.90069485  -4.460  -3.385  -3.112  -2.828   0
  12.00000000  -4.523  -3.452  -3.179  -2.896   0
  12.45324230  -4.797  -3.739  -3.472  -3.195   0
  12.69421291  -4.964  -3.915  -3.651  -3.379   0
  12.78976822  -5.027  -3.979  -3.715  -3.445   0
  12.86279774  -5.055  -3.998  -3.732  -3.459   3
  12.89848137  -5.042  -3.957  -3.683  -3.400   0
  12.90392399  -5.056  -3.951  -3.672  -3.384   0
  12.90405369  -5.056  -3.950  -3.671  -3.384   0
  12.90678406  -5.049  -3.965  -3.691  -3.409   0
  12.90710831  -5.057  -3.978  -3.706  -3.424   0
  12.90841293  -5.119  -4.058  -3.791  -3.517   0
  12.90946388  -5.186  -4.141  -3.880  -3.612   0
  12.91047287  -5.252  -4.227  -3.971  -3.711   0
  12.91152477  -5.325  -4.322  -4.072  -3.820   0
  12.91244888  -5.393  -4.411  -4.167  -3.923   0
  12.91324806  -5.466  -4.500  -4.263  -4.028   0
  12.91408825  -5.540  -4.592  -4.362  -4.136   0
  12.91484451  -5.608  -4.678  -4.455  -4.237   0
  12.91555882  -5.679  -4.769  -4.553  -4.344   0
  12.91631508  -5.754  -4.868  -4.658  -4.459   0
  12.91698742  -5.823  -4.960  -4.758  -4.567   0
  12.91757488  -5.890  -5.050  -4.854  -4.672   0
  12.91812038  -5.952  -5.135  -4.946  -4.772   0
  12.91866684  -6.017  -5.222  -5.041  -4.877   0
  12.91921234  -6.086  -5.315  -5.142  -4.988   0
  12.92038822  -6.242  -5.532  -5.376  -5.246   0
  12.92147923  -6.382  -5.728  -5.588  -5.480   0
  12.92282200  -6.523  -5.928  -5.807  -5.724   0
  12.92458344  -6.645  -6.139  -6.032  -5.971   0
  12.92684746  -6.737  -6.311  -6.215  -6.170   0
  12.93133163  -6.812  -6.439  -6.352  -6.320   2
  12.93710232  -6.796  -6.386  -6.293  -6.252   0
  12.94262600  -6.762  -6.303  -6.201  -6.148   0
  12.94754982  -6.728  -6.219  -6.112  -6.050   0
  12.95238686  -6.694  -6.140  -6.027  -5.958   0
  12.95945263  -6.645  -6.040  -5.919  -5.838   0
  12.96650219  -6.589  -5.959  -5.827  -5.730   0
  12.97330284  -6.547  -5.887  -5.748  -5.642   0
  12.98215199  -6.495  -5.804  -5.657  -5.539   0
  12.99307251  -6.438  -5.715  -5.559  -5.430   0
  13.00353050  -6.389  -5.639  -5.477  -5.338   0
  13.01618862  -6.337  -5.561  -5.391  -5.243   0
  13.03036785  -6.288  -5.488  -5.311  -5.153   0
  13.04799461  -6.235  -5.412  -5.227  -5.059   0
  13.06813812  -6.177  -5.338  -5.145  -4.966   0
  13.09428501  -6.128  -5.263  -5.062  -4.874   0
  13.12650871  -6.082  -5.193  -4.986  -4.790   0
  13.17020512  -6.041  -5.132  -4.918  -4.715   0
  13.25300026  -6.025  -5.096  -4.878  -4.667   1
  13.39043045  -6.171  -5.271  -5.062  -4.864   0
  13.43574047  -6.258  -5.390  -5.188  -4.999   0
  13.46323013  -6.337  -5.494  -5.300  -5.121   0
  13.48184109  -6.424  -5.593  -5.410  -5.244   0
  13.49477959  -6.500  -5.698  -5.523  -5.369   0
  13.50273705  -6.572  -5.800  -5.634  -5.492   0
  13.50643349  -6.619  -5.868  -5.708  -5.573   0
  13.50963306  -6.676  -5.957  -5.805  -5.682   0
  13.51151085  -6.721  -6.037  -5.893  -5.781   0
  13.51272488  -6.758  -6.116  -5.981  -5.880   0
  13.51355362  -6.814  -6.200  -6.081  -6.001   0
  13.51410580  -6.853  -6.300  -6.188  -6.120   0
  13.51438236  -6.884  -6.374  -6.267  -6.206   0
  13.51498318  -6.960  -6.542  -6.447  -6.404   0
  13.51567078  -7.064  -6.741  -6.667  -6.654   0
  13.51635742  -7.166  -6.909  -6.862  -6.889   0
  13.51700115  -7.203  -7.051  -7.017  -7.064   0
  13.51734543  -7.204  -7.110  -7.081  -7.137   0
  13.51793385  -7.196  -7.177  -7.162  -7.239   0
  13.51848602  -7.164  -7.216  -7.226  -7.342   0
  13.51877975  -7.116  -7.235  -7.256  -7.397   0
  13.51903725  -7.051  -7.219  -7.264  -7.449   3
  13.51933193  -6.942  -7.146  -7.247  -7.519   0
  13.51958942  -6.791  -6.995  -7.197  -7.590   0
  13.51984692  -6.563  -6.737  -7.095  -7.655   0
  13.52010345  -6.113  -6.321  -6.904  -7.689   0
  13.52025127  -5.831  -6.096  -6.784  -7.664   0
  13.52036095  -5.574  -5.897  -6.669  -7.619   0
  13.52047157  -5.405  -5.777  -6.602  -7.596   4
  13.52060699  -5.373  -5.814  -6.698  -7.737   0
  13.52067375  -5.406  -5.873  -6.779  -7.833   0
  13.52074146  -5.440  -5.934  -6.860  -7.930   0
  13.52101135  -5.500  -6.041  -7.005  -8.103   0
  13.52219009  -5.607  -6.203  -7.209  -8.339   0
