   0.15000001  13.710  12.758  11.427   9.848   0
   0.20000000  12.297  11.627  10.461   9.059   0
   0.25000000  11.523  10.945   9.842   8.518   0
   0.30000001  11.018  10.500   9.436   8.161   0
   0.34999999  10.578  10.113   9.082   7.850   0
   0.40000001  10.172   9.754   8.753   7.558   0
   0.44999999   9.671   9.316   8.352   7.202   0
   0.50000000   9.159   8.880   7.960   6.863   0
   0.55000001   8.498   8.344   7.496   6.477   0
   0.60000002   7.559   7.624   6.921   6.038   0
   0.62484753   7.227   7.348   6.689   5.845   0
   0.68295169   6.522   6.745   6.181   5.420   0
   0.69999999   6.339   6.581   6.040   5.301   0
   0.74143708   5.881   6.167   5.686   5.006   0
   0.78044868   5.499   5.796   5.361   4.733   0
   0.80000001   5.313   5.613   5.199   4.596   0
   0.82118517   5.129   5.419   5.026   4.450   0
   0.85174650   4.863   5.139   4.775   4.239   0
   0.87919891   4.633   4.887   4.547   4.048   0
   0.89999998   4.461   4.693   4.371   3.900   0
   0.90361786   4.431   4.660   4.341   3.875   0
   0.92679900   4.238   4.439   4.144   3.715   0
   0.95004869   4.044   4.209   3.938   3.550   0
   0.97506851   3.824   3.948   3.704   3.365   0
   1.00000000   3.593   3.669   3.455   3.172   0
   1.01011014   3.500   3.556   3.355   3.097   0
   1.02626860   3.343   3.371   3.192   2.972   0
   1.04144967   3.184   3.186   3.031   2.847   0
   1.05626619   3.021   2.998   2.865   2.716   0
   1.06147480   2.959   2.933   2.806   2.666   0
   1.06772590   2.881   2.850   2.732   2.601   0
   1.07179940   2.827   2.794   2.680   2.555   1
   1.07192838   2.825   2.792   2.678   2.553   0
   1.08798099   2.582   2.537   2.437   2.323   0
   1.09668183   2.416   2.362   2.254   2.127   0
   1.10000002   2.336   2.280   2.162   2.016   0
   1.10167003   2.296   2.242   2.118   1.963   0
   1.10442150   2.222   2.184   2.029   1.826   0
   1.10630894   2.160   2.148   1.962   1.704   0
   1.10750806   2.132   2.156   1.931   1.606   0
   1.10847080   2.109   2.173   1.910   1.517   0
   1.10910475   2.106   2.202   1.904   1.454   0
   1.10991168   2.108   2.240   1.897   1.377   0
   1.11069059   2.124   2.284   1.896   1.313   3
   1.11147463   2.173   2.344   1.911   1.270   0
   1.11248839   2.256   2.425   1.940   1.238   0
   1.11297083   2.289   2.453   1.948   1.222   0
   1.11440182   2.252   2.400   1.857   1.092   0
   1.11543632   2.147   2.278   1.717   0.934   0
   1.11634529   2.022   2.142   1.571   0.777   0
   1.11729050   1.877   1.985   1.404   0.602   0
   1.11809957   1.742   1.840   1.252   0.442   0
   1.11884773   1.605   1.692   1.099   0.282   0
   1.11950803   1.471   1.549   0.949   0.125   0
   1.12010360   1.337   1.406   0.800  -0.030   0
   1.12069237   1.201   1.262   0.649  -0.188   0
   1.12120342   1.069   1.118   0.498  -0.347   0
   1.12165797   0.946   0.981   0.351  -0.501   0
   1.12210357   0.821   0.840   0.200  -0.660   0
   1.12245357   0.703   0.706   0.056  -0.812   0
   1.12278926   0.583   0.571  -0.089  -0.965   0
   1.12310827   0.463   0.435  -0.235  -1.121   0
   1.12337506   0.347   0.304  -0.377  -1.271   0
   1.12362540   0.231   0.174  -0.518  -1.421   0
   1.12386370   0.112   0.040  -0.662  -1.573   0
   1.12407684   0.002  -0.088  -0.803  -1.725   0
   1.12430561  -0.075  -0.177  -0.900  -1.828   0
   1.12445652   0.030  -0.054  -0.761  -1.678   1
   1.12461710  -0.081  -0.182  -0.903  -1.830   0
   1.12479711  -0.207  -0.327  -1.061  -1.999   0
   1.12496507  -0.319  -0.462  -1.212  -2.162   0
   1.12510931  -0.428  -0.596  -1.361  -2.322   0
   1.12524474  -0.530  -0.728  -1.512  -2.487   0
   1.12536132  -0.632  -0.856  -1.657  -2.645   0
   1.12546170  -0.712  -0.969  -1.791  -2.795   0
   1.12555623  -0.800  -1.088  -1.933  -2.952   0
   1.12564445  -0.898  -1.216  -2.079  -3.112   0
   1.12571943  -0.992  -1.337  -2.218  -3.263   0
   1.12578154  -1.065  -1.442  -2.346  -3.408   0
   1.12584591  -1.147  -1.555  -2.480  -3.559   0
   1.12590146  -1.219  -1.663  -2.613  -3.710   0
   1.12593651  -1.254  -1.723  -2.688  -3.796   2
   1.12593651   0.702   0.791   0.322  -0.366   1
   1.12617624   0.706   0.795   0.317  -0.380   0
   1.12649620   0.703   0.791   0.307  -0.397   0
   1.12683058   0.696   0.783   0.296  -0.412   0
   1.12695408   0.693   0.780   0.292  -0.417   0
   1.12720084   0.684   0.771   0.284  -0.423   0
   1.12759411   0.668   0.755   0.272  -0.431   0
   1.12800229   0.650   0.736   0.260  -0.437   0
   1.12842989   0.632   0.718   0.247  -0.442   0
   1.12886214   0.616   0.702   0.236  -0.449   0
   1.12929797   0.601   0.686   0.224  -0.455   0
   1.12972653   0.588   0.673   0.214  -0.463   0
   1.13016820   0.576   0.660   0.203  -0.472   0
   1.13053524   0.569   0.653   0.195  -0.482   0
   1.13092828   0.562   0.645   0.185  -0.494   0
   1.13133836   0.557   0.639   0.174  -0.509   0
   1.13176560   0.552   0.633   0.162  -0.528   0
   1.13221729   0.548   0.628   0.148  -0.554   0
   1.13275778   0.542   0.621   0.128  -0.589   0
   1.13296044   0.539   0.617   0.118  -0.605   0
   1.13323140   0.533   0.611   0.101  -0.634   0
   1.13404334   0.516   0.572   0.020  -0.757   0
   1.13410974   0.507   0.557  -0.007  -0.796   0
   1.13416040   0.479   0.518  -0.063  -0.869   0
   1.13417566   0.452   0.485  -0.106  -0.922   0
   1.13418746   0.388   0.409  -0.200  -1.032   0
   1.13419497   0.270   0.266  -0.364  -1.216   0
   1.13420117   0.165   0.139  -0.511  -1.379   0
   1.13421214   0.040  -0.007  -0.673  -1.555   0
   1.13421977   0.009  -0.044  -0.715  -1.601   0
   1.13426507   0.078   0.038  -0.623  -1.500   1
   1.13437700  -0.073  -0.143  -0.827  -1.723   0
   1.13442683  -0.204  -0.299  -1.003  -1.915   0
   1.13447547  -0.351  -0.474  -1.199  -2.129   0
   1.13450289  -0.444  -0.584  -1.322  -2.263   0
   1.13452971  -0.526  -0.687  -1.440  -2.393   0
   1.13455653  -0.609  -0.794  -1.563  -2.528   0
   1.13458776  -0.691  -0.910  -1.703  -2.685   0
   1.13461375  -0.769  -1.021  -1.836  -2.834   0
   1.13463354  -0.845  -1.124  -1.958  -2.969   0
   1.13465059  -0.925  -1.233  -2.085  -3.110   0
   1.13466680  -1.008  -1.347  -2.220  -3.261   0
   1.13468111  -1.089  -1.457  -2.351  -3.406   0
   1.13469708  -1.167  -1.574  -2.497  -3.574   0
   1.13470721  -1.235  -1.669  -2.612  -3.704   0
   1.13470888  -1.251  -1.703  -2.657  -3.757   0
   1.13471091  -1.273  -1.750  -2.721  -3.832   0
   1.13471341  -1.283  -1.772  -2.749  -3.866   0
   1.13471580  -1.293  -1.793  -2.778  -3.900   0
   1.13471818  -1.302  -1.815  -2.808  -3.935   0
   1.13472056  -1.312  -1.837  -2.837  -3.970   0
   1.13472307  -1.322  -1.859  -2.867  -4.005   0
   1.13472497  -1.329  -1.876  -2.890  -4.033   0
   1.13472748  -1.339  -1.898  -2.920  -4.069   0
   1.13472986  -1.348  -1.919  -2.949  -4.104   0
   1.13473225  -1.357  -1.941  -2.978  -4.139   0
   1.13473475  -1.367  -1.962  -3.008  -4.174   0
   1.13473713  -1.376  -1.983  -3.037  -4.209   0
   1.13473952  -1.384  -2.005  -3.066  -4.244   0
   1.13474202  -1.393  -2.026  -3.095  -4.280   0
   1.13474441  -1.402  -2.047  -3.125  -4.315   0
   1.13474679  -1.411  -2.069  -3.155  -4.352   0
   1.13474929  -1.420  -2.090  -3.186  -4.388   0
   1.13475168  -1.428  -2.112  -3.216  -4.425   0
   1.13475358  -1.435  -2.129  -3.240  -4.454   0
   1.13475609  -1.443  -2.150  -3.270  -4.491   0
   1.13475847  -1.451  -2.172  -3.300  -4.528   0
   1.13476086  -1.459  -2.193  -3.330  -4.564   0
   1.13476336  -1.467  -2.214  -3.360  -4.601   0
   1.13476574  -1.475  -2.235  -3.389  -4.637   0
   1.13476825  -1.482  -2.255  -3.418  -4.672   0
   1.13477504  -1.500  -2.304  -3.490  -4.761   0
   1.13478172  -1.512  -2.345  -3.551  -4.837   0
   1.13478827  -1.516  -2.363  -3.579  -4.874   0
   1.13479483  -1.521  -2.381  -3.607  -4.909   0
   1.13480139  -1.522  -2.398  -3.633  -4.943   0
   1.13480794  -1.522  -2.414  -3.659  -4.978   0
   1.13481450  -1.523  -2.430  -3.686  -5.012   0
   1.13482082  -1.522  -2.446  -3.711  -5.046   0
   1.13482714  -1.522  -2.462  -3.737  -5.080   0
   1.13483346  -1.521  -2.477  -3.763  -5.114   0
   1.13483977  -1.520  -2.492  -3.788  -5.149   0
   1.13484609  -1.518  -2.507  -3.814  -5.184   0
   1.13485217  -1.517  -2.522  -3.839  -5.218   0
   1.13485825  -1.514  -2.536  -3.864  -5.252   0
   1.13486433  -1.511  -2.550  -3.889  -5.286   0
   1.13487041  -1.508  -2.564  -3.914  -5.321   0
   1.13487649  -1.505  -2.578  -3.940  -5.356   0
   1.13488245  -1.500  -2.591  -3.964  -5.390   0
   1.13488829  -1.496  -2.604  -3.989  -5.425   0
   1.13489401  -1.491  -2.617  -4.013  -5.459   0
   1.13489985  -1.485  -2.629  -4.037  -5.494   0
   1.13490570  -1.478  -2.641  -4.062  -5.529   0
   1.13491142  -1.471  -2.652  -4.086  -5.564   0
   1.13491702  -1.469  -2.666  -4.110  -5.598   0
   1.13492262  -1.474  -2.684  -4.137  -5.632   0
   1.13492823  -1.479  -2.702  -4.164  -5.666   0
   1.13493383  -1.484  -2.720  -4.190  -5.700   0
   1.13493931  -1.488  -2.738  -4.217  -5.735   0
   1.13494468  -1.492  -2.755  -4.243  -5.768   0
   1.13495004  -1.495  -2.772  -4.269  -5.803   0
   1.13495541  -1.498  -2.789  -4.296  -5.837   0
   1.13496077  -1.500  -2.805  -4.321  -5.871   0
   1.13496411  -1.500  -2.815  -4.338  -5.893   0
