   0.15000001  13.587  12.676  11.365   9.804   0
   0.20000000  12.203  11.542  10.383   8.989   0
   0.25000000  11.440  10.870   9.773   8.456   0
   0.30000001  10.924  10.415   9.357   8.089   0
   0.34999999  10.477  10.021   8.997   7.773   0
   0.40000001  10.082   9.674   8.679   7.492   0
   0.44999999   9.576   9.235   8.278   7.139   0
   0.50000000   8.994   8.745   7.841   6.765   0
   0.55000001   8.226   8.129   7.315   6.330   0
   0.60000002   7.197   7.322   6.667   5.825   0
   0.61875045   6.902   7.071   6.455   5.648   0
   0.64000696   6.567   6.784   6.212   5.443   0
   0.65971363   6.278   6.522   5.986   5.252   0
   0.67826545   5.997   6.268   5.766   5.064   0
   0.69588602   5.737   6.022   5.549   4.878   0
   0.69999999   5.678   5.964   5.498   4.834   0
   0.70136279   5.658   5.945   5.481   4.819   0
   0.71760052   5.408   5.699   5.261   4.629   0
   0.73554158   5.115   5.405   4.995   4.396   0
   0.74655002   4.934   5.213   4.819   4.240   0
   0.76015180   4.686   4.948   4.573   4.021   0
   0.78064811   4.236   4.465   4.121   3.610   0
   0.78598243   4.102   4.319   3.982   3.482   0
   0.78943628   4.009   4.218   3.885   3.390   0
   0.79054374   3.978   4.185   3.852   3.358   0
   0.79139650   3.952   4.157   3.825   3.333   0
   0.79874486   3.704   3.897   3.565   3.069   1
   0.80000001   3.652   3.847   3.509   3.005   0
   0.80239999   3.556   3.751   3.404   2.886   0
   0.80489123   3.438   3.638   3.269   2.719   0
   0.80660081   3.349   3.558   3.156   2.559   0
   0.80766344   3.310   3.519   3.081   2.437   0
   0.80867177   3.290   3.491   3.009   2.311   0
   0.80944347   3.258   3.445   2.926   2.188   0
   0.81014758   3.172   3.342   2.798   2.034   0
   0.81070995   3.064   3.217   2.656   1.876   0
   0.81122625   2.930   3.069   2.497   1.706   0
   0.81170660   2.797   2.927   2.348   1.549   0
   0.81215453   2.659   2.780   2.195   1.391   0
   0.81254232   2.515   2.627   2.037   1.225   0
   0.81292611   2.367   2.472   1.876   1.059   0
   0.81326491   2.221   2.315   1.714   0.891   0
   0.81355888   2.077   2.162   1.555   0.726   0
   0.81381965   1.937   2.013   1.400   0.565   0
   0.81405890   1.788   1.855   1.237   0.395   0
   0.81427824   1.652   1.705   1.079   0.231   0
   0.81445652   1.518   1.559   0.924   0.069   0
   0.81461829   1.387   1.414   0.771  -0.092   0
   0.81475550   1.267   1.279   0.628  -0.242   0
   0.81488609   1.143   1.140   0.479  -0.399   0
   0.81499374   1.025   1.007   0.336  -0.550   0
   0.81509322   0.905   0.872   0.193  -0.701   0
   0.81518126   0.790   0.742   0.051  -0.851   0
   0.81526273   0.670   0.609  -0.090  -1.000   0
   0.81533438   0.557   0.483  -0.227  -1.145   0
   0.81542230   0.445   0.355  -0.365  -1.291   0
   0.81542885   0.443   0.352  -0.368  -1.294   0
   0.81545472   0.453   0.365  -0.353  -1.277   1
   0.81551528   0.336   0.231  -0.499  -1.433   0
   0.81556892   0.217   0.093  -0.650  -1.595   0
   0.81561744   0.110  -0.040  -0.798  -1.754   0
   0.81565899   0.009  -0.166  -0.940  -1.908   0
   0.81569880  -0.096  -0.300  -1.091  -2.072   0
   0.81573176  -0.195  -0.425  -1.233  -2.227   0
   0.81576121  -0.287  -0.545  -1.372  -2.379   0
   0.81578892  -0.374  -0.664  -1.512  -2.534   0
   0.81581491  -0.471  -0.794  -1.663  -2.701   0
   0.81583571  -0.566  -0.917  -1.805  -2.856   0
   0.81585473  -0.652  -1.034  -1.944  -3.012   0
   0.81587207  -0.731  -1.146  -2.079  -3.164   0
   0.81588942  -0.800  -1.256  -2.215  -3.319   0
   0.81590331  -0.857  -1.360  -2.347  -3.472   0
   0.81591541  -0.911  -1.458  -2.473  -3.618   0
   0.81592757  -0.959  -1.554  -2.599  -3.765   0
   0.81593794  -1.003  -1.645  -2.722  -3.910   0
   0.81593966  -1.004  -1.658  -2.741  -3.935   2
   0.81593966   0.878   0.751   0.647   0.469   1
   0.81599087   0.875   0.750   0.644   0.461   0
   0.81606537   0.873   0.749   0.641   0.456   0
   0.81614441   0.870   0.747   0.636   0.447   0
   0.81622702   0.867   0.747   0.631   0.435   0
   0.81631392   0.865   0.747   0.627   0.427   0
   0.81640428   0.862   0.746   0.621   0.413   0
   0.81649947   0.858   0.747   0.613   0.393   0
   0.81659937   0.855   0.748   0.603   0.369   0
   0.81669796   0.851   0.751   0.592   0.340   0
   0.81679547   0.848   0.757   0.580   0.304   0
   0.81689399   0.844   0.770   0.572   0.262   0
   0.81699497   0.840   0.787   0.562   0.211   0
   0.81709862   0.836   0.811   0.554   0.154   0
   0.81720626   0.834   0.840   0.546   0.090   0
   0.81731844   0.840   0.873   0.539   0.023   0
   0.81743050   0.849   0.907   0.529  -0.047   0
   0.81757969   0.851   0.922   0.505  -0.120   0
   0.81763840   0.846   0.921   0.491  -0.152   0
   0.81785691   0.818   0.890   0.427  -0.255   0
   0.81791109   0.791   0.860   0.373  -0.336   0
   0.81793278   0.766   0.832   0.326  -0.405   0
   0.81794757   0.727   0.776   0.234  -0.533   0
   0.81795192   0.692   0.727   0.162  -0.627   0
   0.81795532   0.592   0.604   0.004  -0.819   0
   0.81795681   0.488   0.481  -0.139  -0.983   0
   0.81795835   0.387   0.356  -0.287  -1.149   0
   0.81796002   0.281   0.225  -0.439  -1.318   0
   0.81796253   0.182   0.103  -0.578  -1.472   0
   0.81796342   0.172   0.092  -0.591  -1.486   0
   0.81797433   0.261   0.201  -0.464  -1.345   0
   0.81797796   0.269   0.212  -0.453  -1.332   4
   0.81800753   0.155   0.070  -0.616  -1.513   0
   0.81802660   0.016  -0.099  -0.810  -1.728   0
   0.81804073  -0.110  -0.253  -0.988  -1.925   0
   0.81805372  -0.240  -0.420  -1.183  -2.143   0
   0.81806463  -0.329  -0.549  -1.339  -2.318   0
   0.81807297  -0.414  -0.666  -1.476  -2.470   0
   0.81808001  -0.493  -0.778  -1.612  -2.623   0
   0.81808603  -0.582  -0.900  -1.756  -2.783   0
   0.81809086  -0.660  -1.010  -1.889  -2.933   0
   0.81809586  -0.735  -1.121  -2.026  -3.090   0
   0.81810015  -0.813  -1.232  -2.161  -3.242   0
   0.81810570  -0.876  -1.343  -2.305  -3.410   0
   0.81810760  -0.909  -1.420  -2.410  -3.536   0
   0.81810820  -0.938  -1.488  -2.503  -3.647   0
   0.81810886  -0.951  -1.533  -2.569  -3.728   0
   0.81810951  -0.959  -1.553  -2.597  -3.762   0
   0.81811017  -0.968  -1.574  -2.625  -3.795   0
   0.81811082  -0.976  -1.594  -2.653  -3.829   0
   0.81811148  -0.984  -1.614  -2.681  -3.863   0
   0.81811213  -0.992  -1.634  -2.709  -3.896   0
   0.81811279  -1.000  -1.654  -2.736  -3.930   0
   0.81811345  -1.008  -1.674  -2.764  -3.963   0
   0.81811410  -1.016  -1.693  -2.792  -3.997   0
   0.81811476  -1.024  -1.713  -2.819  -4.031   0
   0.81811541  -1.031  -1.732  -2.847  -4.064   0
   0.81811607  -1.039  -1.752  -2.874  -4.098   0
   0.81811672  -1.046  -1.771  -2.902  -4.131   0
   0.81811738  -1.053  -1.790  -2.929  -4.165   0
   0.81811804  -1.060  -1.809  -2.957  -4.198   0
   0.81811869  -1.067  -1.829  -2.984  -4.232   0
   0.81811935  -1.074  -1.848  -3.012  -4.266   0
   0.81812000  -1.080  -1.866  -3.039  -4.299   0
   0.81812054  -1.085  -1.881  -3.060  -4.326   0
   0.81812119  -1.091  -1.899  -3.087  -4.360   0
   0.81812185  -1.096  -1.917  -3.114  -4.393   0
   0.81812251  -1.102  -1.935  -3.140  -4.427   0
   0.81812316  -1.107  -1.953  -3.167  -4.461   0
   0.81812382  -1.112  -1.970  -3.194  -4.494   0
   0.81812447  -1.117  -1.988  -3.220  -4.528   0
   0.81812495  -1.118  -2.001  -3.240  -4.553   0
   0.81812632  -1.117  -2.017  -3.267  -4.590   0
   0.81812787  -1.116  -2.031  -3.291  -4.622   0
   0.81812936  -1.114  -2.046  -3.316  -4.655   0
   0.81813091  -1.112  -2.060  -3.340  -4.687   0
   0.81813246  -1.110  -2.074  -3.364  -4.720   0
   0.81813401  -1.108  -2.087  -3.388  -4.752   0
   0.81813550  -1.105  -2.100  -3.411  -4.785   0
   0.81813705  -1.101  -2.114  -3.436  -4.818   0
   0.81813860  -1.097  -2.127  -3.460  -4.852   0
   0.81814009  -1.092  -2.139  -3.483  -4.885   0
   0.81814152  -1.087  -2.151  -3.507  -4.918   0
   0.81814295  -1.081  -2.163  -3.529  -4.950   0
   0.81814438  -1.074  -2.174  -3.552  -4.983   0
   0.81814581  -1.067  -2.184  -3.574  -5.015   0
   0.81814688  -1.061  -2.192  -3.591  -5.039   0
