   0.15000001  13.767  12.796  11.456   9.868   0
   0.20000000  12.340  11.666  10.497   9.092   0
   0.25000000  11.562  10.979   9.874   8.546   0
   0.30000001  11.060  10.539   9.472   8.194   0
   0.34999999  10.625  10.155   9.121   7.886   0
   0.40000001  10.214   9.791   8.787   7.589   0
   0.44999999   9.733   9.371   8.403   7.248   0
   0.50000000   9.245   8.955   8.029   6.924   0
   0.55000001   8.632   8.453   7.591   6.558   0
   0.60000002   7.738   7.773   7.049   6.146   0
   0.69999999   6.599   6.816   6.244   5.475   0
   0.80000001   5.686   5.981   5.528   4.880   0
   0.89999998   4.982   5.267   4.898   4.356   0
   1.00000000   4.412   4.631   4.332   3.899   0
   1.10000002   3.943   4.060   3.832   3.528   0
   1.20000005   3.542   3.559   3.407   3.247   0
   1.29999995   3.184   3.179   3.098   3.035   0
   1.39999998   2.860   2.897   2.864   2.859   0
   1.50000000   2.574   2.678   2.679   2.708   0
   1.60000002   2.318   2.493   2.521   2.572   0
   1.70000005   2.089   2.331   2.380   2.448   0
   1.75000000   1.983   2.256   2.314   2.389   0
   1.76999998   1.943   2.228   2.288   2.367   0
   1.79999995   1.884   2.186   2.250   2.332   0
   1.89999998   1.698   2.052   2.129   2.224   0
   2.00000000   1.530   1.930   2.018   2.123   0
   2.06266165   1.432   1.858   1.952   2.063   0
   2.20000005   1.225   1.705   1.812   1.936   0
   2.50000000   0.833   1.402   1.530   1.676   0
   3.00000000   0.297   0.965   1.120   1.292   0
   3.50000000  -0.154   0.585   0.758   0.949   0
   3.61681914  -0.250   0.503   0.679   0.874   0
   4.00000000  -0.550   0.243   0.431   0.636   0
   4.50000000  -0.902  -0.066   0.134   0.351   0
   4.71256065  -1.041  -0.189   0.016   0.237   0
   5.00000000  -1.222  -0.351  -0.140   0.086   0
   5.56446743  -1.554  -0.650  -0.430  -0.194   0
   6.00000000  -1.804  -0.879  -0.652  -0.410   0
   6.30746222  -1.977  -1.039  -0.807  -0.560   0
   6.85795403  -2.289  -1.329  -1.090  -0.836   0
   7.00000000  -2.370  -1.406  -1.165  -0.910   0
   7.35240602  -2.571  -1.595  -1.351  -1.093   0
   7.77038717  -2.817  -1.830  -1.582  -1.321   0
   8.12680340  -3.042  -2.049  -1.799  -1.536   0
   8.43203640  -3.240  -2.243  -1.992  -1.728   1
   8.69730663  -3.433  -2.437  -2.186  -1.924   0
   8.92566204  -3.602  -2.609  -2.358  -2.097   0
   9.00000000  -3.667  -2.676  -2.426  -2.167   0
   9.30953312  -3.930  -2.949  -2.702  -2.448   0
   9.47024059  -4.082  -3.108  -2.863  -2.613   0
   9.52085876  -4.127  -3.152  -2.907  -2.658   0
   9.58285141  -4.157  -3.170  -2.922  -2.668   3
   9.60626984  -4.138  -3.121  -2.864  -2.597   0
   9.60995007  -4.147  -3.113  -2.850  -2.577   0
   9.61166191  -4.139  -3.128  -2.872  -2.608   0
   9.61187553  -4.148  -3.141  -2.887  -2.624   0
   9.61305332  -4.243  -3.260  -3.013  -2.761   0
   9.61411858  -4.356  -3.394  -3.155  -2.912   0
   9.61527729  -4.481  -3.545  -3.313  -3.081   0
   9.61621094  -4.579  -3.666  -3.441  -3.218   0
   9.61712646  -4.674  -3.786  -3.569  -3.355   0
   9.61798477  -4.765  -3.899  -3.690  -3.486   0
   9.61875057  -4.848  -4.007  -3.804  -3.611   0
   9.61953545  -4.934  -4.120  -3.925  -3.742   0
   9.62020683  -5.012  -4.225  -4.038  -3.864   0
   9.62091637  -5.095  -4.341  -4.162  -3.999   0
   9.62151337  -5.170  -4.447  -4.275  -4.123   0
   9.62212944  -5.252  -4.563  -4.400  -4.261   0
   9.62265205  -5.324  -4.664  -4.510  -4.383   0
   9.62315655  -5.396  -4.766  -4.622  -4.507   0
   9.62362289  -5.461  -4.862  -4.726  -4.623   0
   9.62410736  -5.529  -4.963  -4.837  -4.746   0
   9.62446213  -5.581  -5.044  -4.924  -4.845   0
   9.62483501  -5.634  -5.126  -5.013  -4.945   0
   9.62565613  -5.744  -5.314  -5.217  -5.171   0
   9.62651443  -5.831  -5.476  -5.392  -5.364   0
   9.62765217  -5.927  -5.628  -5.564  -5.563   0
   9.62942314  -6.000  -5.746  -5.696  -5.719   0
   9.63119411  -6.035  -5.804  -5.761  -5.793   2
   9.63690662  -6.029  -5.756  -5.703  -5.719   0
   9.64056969  -5.994  -5.690  -5.623  -5.620   0
   9.64595890  -5.945  -5.600  -5.517  -5.492   0
   9.65126801  -5.912  -5.516  -5.425  -5.387   0
   9.65822411  -5.869  -5.415  -5.314  -5.262   0
   9.66589546  -5.828  -5.325  -5.215  -5.151   0
   9.67342758  -5.787  -5.247  -5.130  -5.054   0
   9.68222618  -5.738  -5.162  -5.036  -4.946   0
   9.69365025  -5.688  -5.078  -4.943  -4.841   0
   9.70582676  -5.643  -5.003  -4.860  -4.748   0
   9.72046185  -5.595  -4.925  -4.774  -4.650   0
   9.73861790  -5.547  -4.848  -4.688  -4.553   0
   9.75984669  -5.501  -4.773  -4.605  -4.458   0
   9.78424644  -5.458  -4.705  -4.529  -4.372   0
   9.81661606  -5.420  -4.640  -4.457  -4.291   0
   9.86520195  -5.393  -4.586  -4.396  -4.221   0
   9.91251183  -5.396  -4.576  -4.383  -4.204   1
   9.98473167  -5.503  -4.703  -4.516  -4.345   0
  10.00650406  -5.579  -4.802  -4.622  -4.460   0
  10.02190495  -5.656  -4.904  -4.733  -4.581   0
  10.03048420  -5.721  -4.994  -4.829  -4.688   0
  10.03593731  -5.781  -5.079  -4.922  -4.791   0
  10.03959179  -5.842  -5.168  -5.019  -4.899   0
  10.04123974  -5.882  -5.229  -5.086  -4.973   0
  10.04267406  -5.926  -5.299  -5.163  -5.060   0
  10.04361916  -5.968  -5.369  -5.240  -5.148   0
  10.04427242  -6.003  -5.434  -5.312  -5.231   0
  10.04469013  -6.027  -5.488  -5.373  -5.301   0
  10.04501724  -6.049  -5.550  -5.442  -5.381   0
  10.04523563  -6.067  -5.605  -5.502  -5.448   0
  10.04543495  -6.089  -5.665  -5.569  -5.524   0
  10.04559803  -6.117  -5.732  -5.643  -5.608   0
  10.04591656  -6.195  -5.879  -5.807  -5.797   0
  10.04614162  -6.266  -5.973  -5.919  -5.934   0
  10.04638481  -6.316  -6.075  -6.031  -6.062   0
  10.04662895  -6.348  -6.160  -6.121  -6.162   0
  10.04709721  -6.381  -6.268  -6.238  -6.291   0
  10.04758358  -6.386  -6.320  -6.294  -6.354   0
  10.04855347  -6.342  -6.366  -6.366  -6.462   0
  10.04905701  -6.211  -6.372  -6.408  -6.578   3
  10.04929924  -6.080  -6.281  -6.389  -6.662   0
  10.04954243  -5.858  -6.026  -6.302  -6.769   0
  10.04980278  -5.355  -5.518  -6.072  -6.835   0
  10.05004597  -4.729  -5.013  -5.780  -6.732   4
  10.05023956  -4.672  -5.056  -5.912  -6.931   0
  10.05032253  -4.706  -5.134  -6.024  -7.070   0
  10.05047512  -4.777  -5.252  -6.177  -7.249   0
  10.05129147  -4.877  -5.400  -6.363  -7.463   0
  10.05275726  -4.939  -5.491  -6.475  -7.590   0
  10.05328178  -4.960  -5.522  -6.513  -7.633   0
