   0.15000001  13.866  12.832  11.475   9.866   0
   0.20000000  12.479  11.706  10.518   9.093   0
   0.25000000  11.712  11.016   9.894   8.550   0
   0.30000001  11.214  10.572   9.491   8.201   0
   0.34999999  10.780  10.185   9.138   7.894   0
   0.40000001  10.370   9.819   8.803   7.600   0
   0.44999999   9.886   9.394   8.414   7.259   0
   0.50000000   9.394   8.973   8.034   6.935   0
   0.55000001   8.771   8.466   7.589   6.565   0
   0.60000002   8.079   7.927   7.126   6.189   0
   0.69999999   6.803   6.917   6.289   5.503   0
   0.80000001   5.816   6.060   5.572   4.907   0
   0.89999998   5.082   5.341   4.944   4.379   0
   1.00000000   4.492   4.709   4.383   3.920   0
   1.10000002   4.002   4.138   3.882   3.533   0
   1.20000005   3.580   3.618   3.438   3.231   0
   1.29999995   3.216   3.202   3.097   3.003   0
   1.39999998   2.885   2.893   2.842   2.818   0
   1.50000000   2.590   2.661   2.649   2.666   0
   1.60000002   2.323   2.464   2.483   2.525   0
   1.70000005   2.093   2.303   2.344   2.405   0
   1.75000000   1.986   2.227   2.277   2.345   0
   1.79999995   1.883   2.154   2.211   2.286   0
   1.89999998   1.692   2.017   2.088   2.176   0
   2.00000000   1.521   1.891   1.973   2.071   0
   2.20000005   1.219   1.664   1.764   1.878   0
   2.50000000   0.823   1.353   1.472   1.607   0
   2.67624879   0.619   1.186   1.314   1.457   0
   3.00000000   0.279   0.907   1.051   1.210   0
   3.50000000  -0.167   0.531   0.694   0.872   0
   4.00000000  -0.550   0.204   0.382   0.575   0
   4.50000000  -0.888  -0.088   0.102   0.307   0
   5.00000000  -1.185  -0.347  -0.146   0.070   0
   5.09302950  -1.237  -0.393  -0.190   0.027   0
   6.00000000  -1.714  -0.814  -0.596  -0.362   0
   6.76404047  -2.082  -1.145  -0.915  -0.670   0
   7.00000000  -2.192  -1.245  -1.012  -0.764   0
   7.97284317  -2.618  -1.637  -1.392  -1.133   0
   8.96195602  -3.044  -2.033  -1.779  -1.510   0
   9.00000000  -3.060  -2.048  -1.793  -1.524   0
   9.82633114  -3.392  -2.357  -2.096  -1.820   0
  11.17588997  -3.961  -2.900  -2.632  -2.349   0
  12.00000000  -4.337  -3.268  -2.998  -2.714   0
  12.10697460  -4.382  -3.313  -3.042  -2.759   1
  12.95898438  -4.792  -3.730  -3.462  -3.185   0
  13.61249828  -5.169  -4.125  -3.865  -3.598   0
  13.88003445  -5.340  -4.309  -4.053  -3.792   0
  13.99202919  -5.411  -4.383  -4.129  -3.870   0
  14.05893040  -5.437  -4.400  -4.143  -3.881   3
  14.09592056  -5.429  -4.363  -4.098  -3.826   0
  14.10122585  -5.437  -4.351  -4.081  -3.802   0
  14.10154057  -5.438  -4.351  -4.080  -3.801   0
  14.10395336  -5.440  -4.371  -4.105  -3.832   0
  14.10488892  -5.472  -4.416  -4.154  -3.885   0
  14.10622692  -5.546  -4.517  -4.263  -4.004   0
  14.10718250  -5.618  -4.610  -4.363  -4.113   0
  14.10813808  -5.705  -4.717  -4.477  -4.238   0
  14.10904598  -5.796  -4.830  -4.599  -4.371   0
  14.10995388  -5.892  -4.952  -4.729  -4.512   0
  14.11076641  -5.978  -5.063  -4.848  -4.642   0
  14.11157799  -6.072  -5.186  -4.980  -4.785   0
  14.11229420  -6.152  -5.294  -5.096  -4.911   0
  14.11301136  -6.242  -5.414  -5.227  -5.057   0
  14.11363220  -6.321  -5.521  -5.344  -5.186   0
  14.11425304  -6.407  -5.644  -5.477  -5.334   0
  14.11473083  -6.476  -5.744  -5.587  -5.455   0
  14.11525631  -6.551  -5.857  -5.709  -5.591   0
  14.11573410  -6.631  -5.980  -5.843  -5.741   0
  14.11621189  -6.720  -6.110  -5.988  -5.907   0
  14.11659431  -6.779  -6.221  -6.107  -6.037   0
  14.11702347  -6.841  -6.353  -6.248  -6.190   0
  14.11745358  -6.907  -6.491  -6.398  -6.356   0
  14.11788368  -6.969  -6.633  -6.552  -6.528   0
  14.11812210  -7.020  -6.700  -6.635  -6.633   0
  14.11850452  -7.077  -6.819  -6.771  -6.796   0
  14.11907768  -7.105  -7.017  -6.988  -7.041   0
  14.11965084  -7.093  -7.146  -7.155  -7.267   0
  14.12017632  -6.973  -7.166  -7.234  -7.447   3
  14.12074947  -6.760  -6.977  -7.208  -7.621   0
  14.12131405  -6.432  -6.640  -7.100  -7.745   0
  14.12187862  -5.899  -6.217  -6.924  -7.789   0
  14.12234974  -5.419  -5.889  -6.769  -7.767   0
  14.12303734  -5.279  -5.843  -6.800  -7.854   0
  14.12362576  -5.227  -5.846  -6.847  -7.932   0
  14.12622547  -5.255  -5.895  -6.913  -8.010   2
  14.15124416  -5.356  -5.942  -6.913  -7.976   0
  14.16209984  -5.732  -6.179  -7.029  -8.004   0
  14.16449165  -6.309  -6.584  -7.197  -7.983   0
  14.16568661  -6.523  -6.754  -7.264  -7.957   0
  14.16781425  -6.763  -6.974  -7.349  -7.909   0
  14.17016602  -7.019  -7.242  -7.418  -7.773   0
  14.17244053  -7.207  -7.369  -7.418  -7.601   3
  14.17493725  -7.296  -7.326  -7.331  -7.437   0
  14.17743301  -7.295  -7.259  -7.235  -7.296   0
  14.18227005  -7.292  -7.091  -7.050  -7.086   0
  14.18698978  -7.262  -6.975  -6.922  -6.939   0
  14.19170380  -7.220  -6.898  -6.831  -6.826   0
  14.19870853  -7.161  -6.797  -6.712  -6.681   0
  14.20558929  -7.123  -6.702  -6.608  -6.565   0
  14.21238422  -7.088  -6.622  -6.521  -6.467   0
  14.22023678  -7.054  -6.535  -6.428  -6.366   0
  14.23056984  -7.014  -6.435  -6.322  -6.251   0
  14.24124241  -6.975  -6.347  -6.228  -6.149   0
  14.25400257  -6.914  -6.269  -6.137  -6.041   0
  14.26937675  -6.863  -6.186  -6.045  -5.936   0
  14.28675270  -6.821  -6.107  -5.958  -5.840   0
  14.30858994  -6.774  -6.029  -5.874  -5.745   0
  14.33688450  -6.730  -5.960  -5.797  -5.658   0
  14.38750744  -6.705  -5.913  -5.745  -5.599   0
  14.40359306  -6.701  -5.905  -5.735  -5.588   1
  14.51688671  -6.852  -6.106  -5.950  -5.822   0
  14.55718040  -6.932  -6.228  -6.081  -5.965   0
  14.58721447  -7.003  -6.344  -6.206  -6.102   0
  14.61136532  -7.093  -6.455  -6.333  -6.250   0
  14.63077831  -7.163  -6.578  -6.465  -6.396   0
  14.64416981  -7.212  -6.691  -6.585  -6.523   0
  14.65519524  -7.261  -6.807  -6.708  -6.656   0
  14.66555691  -7.320  -6.935  -6.846  -6.811   0
  14.67277241  -7.370  -7.039  -6.962  -6.945   0
  14.67889690  -7.437  -7.136  -7.081  -7.094   0
  14.68323803  -7.470  -7.246  -7.203  -7.236   0
  14.68622398  -7.481  -7.342  -7.308  -7.354   0
  14.68853188  -7.472  -7.429  -7.404  -7.464   0
  14.69016171  -7.472  -7.473  -7.468  -7.555   0
  14.69145298  -7.451  -7.504  -7.517  -7.633   0
  14.69240475  -7.422  -7.522  -7.553  -7.696   0
  14.69315243  -7.374  -7.522  -7.569  -7.745   0
  14.69376373  -7.322  -7.512  -7.578  -7.791   3
  14.69430733  -7.261  -7.472  -7.573  -7.836   0
  14.69491959  -7.170  -7.394  -7.555  -7.893   0
  14.69539547  -7.080  -7.303  -7.531  -7.941   0
  14.69580364  -6.986  -7.202  -7.501  -7.983   0
  14.69607449  -6.900  -7.115  -7.470  -8.009   0
  14.69648266  -6.735  -6.957  -7.408  -8.045   0
  14.69689083  -6.510  -6.762  -7.324  -8.063   0
  14.69729900  -6.134  -6.471  -7.184  -8.053   0
  14.69763947  -5.840  -6.261  -7.081  -8.033   0
  14.69804764  -5.549  -6.072  -6.990  -8.014   4
  14.69896603  -5.428  -6.092  -7.122  -8.228   0
  14.70218086  -5.447  -6.171  -7.245  -8.382   0
  14.70397472  -5.457  -6.204  -7.292  -8.440   0
  14.70647812  -5.476  -6.252  -7.359  -8.520   0
  14.70985699  -5.528  -6.354  -7.492  -8.676   0
