   0.15000001  13.866  12.832  11.475   9.866   0
   0.20000000  12.479  11.706  10.518   9.093   0
   0.25000000  11.712  11.016   9.894   8.550   0
   0.30000001  11.214  10.572   9.491   8.201   0
   0.34999999  10.780  10.185   9.138   7.894   0
   0.40000001  10.370   9.819   8.803   7.600   0
   0.44999999   9.886   9.394   8.414   7.259   0
   0.50000000   9.394   8.973   8.034   6.935   0
   0.55000001   8.771   8.466   7.589   6.565   0
   0.60000002   8.080   7.927   7.126   6.190   0
   0.69999999   6.804   6.918   6.290   5.504   0
   0.80000001   5.817   6.061   5.573   4.908   0
   0.89999998   5.083   5.342   4.945   4.380   0
   1.00000000   4.494   4.710   4.385   3.921   0
   1.10000002   4.004   4.140   3.884   3.535   0
   1.20000005   3.582   3.620   3.440   3.232   0
   1.29999995   3.218   3.204   3.099   3.005   0
   1.39999998   2.887   2.894   2.844   2.820   0
   1.50000000   2.592   2.663   2.652   2.669   0
   1.60000002   2.325   2.467   2.485   2.527   0
   1.70000005   2.096   2.307   2.348   2.409   0
   1.75000000   1.989   2.231   2.281   2.349   0
   1.79999995   1.886   2.158   2.215   2.291   0
   1.89999998   1.695   2.021   2.093   2.180   0
   2.00000000   1.523   1.896   1.978   2.076   0
   2.20000005   1.225   1.675   1.775   1.890   0
   2.50000000   0.831   1.368   1.488   1.625   0
   3.00000000   0.297   0.928   1.073   1.233   0
   3.30328965   0.019   0.692   0.848   1.019   0
   3.50000000  -0.146   0.553   0.715   0.894   0
   4.00000000  -0.523   0.232   0.409   0.603   0
   4.50000000  -0.855  -0.054   0.137   0.342   0
   5.00000000  -1.146  -0.307  -0.106   0.110   0
   6.00000000  -1.651  -0.750  -0.532  -0.298   0
   6.66978168  -1.956  -1.022  -0.794  -0.549   0
   7.00000000  -2.098  -1.150  -0.917  -0.668   0
   8.75774670  -2.787  -1.778  -1.525  -1.256   0
   9.00000000  -2.875  -1.859  -1.604  -1.333   0
  10.50735950  -3.386  -2.327  -2.058  -1.773   0
  12.00000000  -3.882  -2.787  -2.509  -2.215   0
  13.03169441  -4.183  -3.070  -2.788  -2.492   0
  15.00000000  -4.760  -3.625  -3.339  -3.041   0
  16.66877174  -5.228  -4.090  -3.804  -3.508   1
  18.05463028  -5.659  -4.534  -4.252  -3.960   0
  19.13836861  -6.067  -4.965  -4.692  -4.410   0
  19.58182907  -6.262  -5.174  -4.906  -4.632   0
  19.80546570  -6.352  -5.270  -5.004  -4.733   0
  19.88685799  -6.365  -5.275  -5.007  -4.734   3
  19.94394684  -6.344  -5.236  -4.962  -4.680   0
  19.95211029  -6.331  -5.210  -4.931  -4.643   0
  19.95311928  -6.330  -5.207  -4.927  -4.639   0
  19.95824623  -6.372  -5.265  -4.991  -4.710   0
  19.95982552  -6.423  -5.327  -5.058  -4.783   0
  19.96126747  -6.480  -5.403  -5.138  -4.868   0
  19.96252823  -6.536  -5.479  -5.220  -4.956   0
  19.96378899  -6.602  -5.564  -5.312  -5.057   0
  19.96477890  -6.673  -5.645  -5.400  -5.154   0
  19.96586037  -6.756  -5.739  -5.502  -5.267   0
  19.96676064  -6.812  -5.815  -5.583  -5.356   0
  19.96775055  -6.877  -5.903  -5.678  -5.460   0
  19.96847153  -6.925  -5.969  -5.749  -5.538   0
  19.96937180  -6.987  -6.057  -5.843  -5.639   0
  19.97018051  -7.045  -6.139  -5.931  -5.733   0
  19.97081184  -7.089  -6.202  -5.997  -5.805   0
  19.97153091  -7.138  -6.272  -6.072  -5.886   0
  19.97207069  -7.184  -6.324  -6.130  -5.951   0
  19.97279167  -7.254  -6.395  -6.210  -6.042   0
  19.97351265  -7.314  -6.463  -6.286  -6.128   0
  19.97414017  -7.357  -6.522  -6.349  -6.198   0
  19.97486115  -7.403  -6.588  -6.420  -6.275   0
  19.97594070  -7.462  -6.678  -6.517  -6.381   0
  19.97702026  -7.518  -6.768  -6.613  -6.485   0
  19.97809982  -7.559  -6.834  -6.684  -6.562   0
  19.97917938  -7.598  -6.897  -6.751  -6.636   0
  19.98025894  -7.637  -6.960  -6.819  -6.710   0
  19.98133659  -7.668  -7.009  -6.871  -6.767   0
  19.98241615  -7.696  -7.040  -6.908  -6.810   0
  19.98349762  -7.725  -7.071  -6.944  -6.853   0
  19.98502541  -7.761  -7.107  -6.986  -6.904   0
  19.98880005  -7.802  -7.146  -7.032  -6.958   2
  20.00000000  -7.721  -7.063  -6.927  -6.825   0
  20.00363922  -7.706  -7.038  -6.898  -6.792   0
  20.01491737  -7.625  -6.892  -6.740  -6.617   0
  20.02452278  -7.557  -6.774  -6.613  -6.478   0
  20.03540802  -7.494  -6.667  -6.498  -6.352   0
  20.04628372  -7.435  -6.581  -6.405  -6.250   0
  20.06229782  -7.343  -6.480  -6.292  -6.120   0
  20.08342743  -7.257  -6.387  -6.186  -5.999   0
  20.10982323  -7.204  -6.305  -6.097  -5.902   0
  20.14582253  -7.156  -6.227  -6.014  -5.810   0
  20.20820045  -7.116  -6.160  -5.940  -5.729   0
  20.29790497  -7.112  -6.145  -5.923  -5.708   1
  20.51751137  -7.193  -6.252  -6.035  -5.828   0
  20.67584229  -7.268  -6.353  -6.142  -5.942   0
  20.79806137  -7.339  -6.451  -6.247  -6.055   0
  20.88458061  -7.408  -6.545  -6.346  -6.162   0
  20.95654869  -7.506  -6.640  -6.454  -6.286   0
  21.01413536  -7.592  -6.731  -6.556  -6.401   0
  21.06183815  -7.652  -6.822  -6.654  -6.507   0
  21.09780884  -7.709  -6.916  -6.754  -6.616   0
  21.12333107  -7.761  -7.004  -6.847  -6.718   0
  21.14225769  -7.813  -7.092  -6.942  -6.821   0
  21.15182495  -7.849  -7.154  -7.009  -6.896   0
  21.16127014  -7.898  -7.239  -7.102  -6.998   0
  21.16763115  -7.966  -7.307  -7.185  -7.102   0
  21.17168045  -8.020  -7.377  -7.268  -7.200   0
  21.17457390  -8.042  -7.470  -7.362  -7.297   0
  21.17611694  -8.062  -7.559  -7.454  -7.395   0
  21.17727470  -8.089  -7.642  -7.544  -7.494   0
  21.17823792  -8.125  -7.734  -7.645  -7.608   0
  21.17881775  -8.153  -7.815  -7.734  -7.710   0
  21.17958832  -8.211  -7.895  -7.835  -7.840   0
  21.18016815  -8.238  -7.970  -7.921  -7.943   0
  21.18074608  -8.253  -8.060  -8.021  -8.058   0
  21.18132401  -8.251  -8.166  -8.137  -8.191   0
  21.18171120  -8.245  -8.222  -8.203  -8.272   0
  21.18209648  -8.246  -8.263  -8.267  -8.367   0
  21.18267441  -8.210  -8.289  -8.327  -8.475   0
  21.18325424  -8.113  -8.295  -8.359  -8.569   3
  21.18402672  -7.971  -8.194  -8.343  -8.669   0
  21.18479729  -7.771  -8.000  -8.293  -8.771   0
  21.18537712  -7.528  -7.770  -8.213  -8.839   0
  21.18614769  -7.203  -7.500  -8.101  -8.871   0
  21.18692017  -6.798  -7.198  -7.960  -8.862   0
  21.18769264  -6.451  -6.953  -7.833  -8.828   0
  21.18846321  -6.159  -6.769  -7.746  -8.810   4
  21.18911552  -6.256  -6.903  -7.904  -8.986   0
  21.18960190  -6.366  -7.040  -8.059  -9.154   0
  21.19236565  -6.459  -7.158  -8.192  -9.298   0
  21.19545174  -6.510  -7.214  -8.252  -9.360   0
