   0.15000001  13.623  12.665  11.347   9.775   0
   0.20000000  12.289  11.531  10.357   8.949   0
   0.25000000  11.548  10.868   9.757   8.429   0
   0.27469394  11.273  10.621   9.532   8.232   0
   0.30000001  11.021  10.396   9.327   8.053   0
   0.34999999  10.573   9.995   8.962   7.736   0
   0.40000001  10.192   9.660   8.656   7.470   0
   0.44999999   9.672   9.208   8.245   7.114   0
   0.50000000   9.032   8.673   7.768   6.713   0
   0.55000001   8.164   7.990   7.178   6.230   0
   0.60000002   7.228   7.252   6.557   5.715   0
   0.61006200   7.037   7.096   6.427   5.606   0
   0.62702310   6.707   6.824   6.199   5.415   0
   0.64316016   6.397   6.561   5.977   5.227   0
   0.65876150   6.104   6.300   5.754   5.036   0
   0.67483151   5.786   6.014   5.506   4.820   0
   0.68410438   5.610   5.845   5.356   4.687   0
   0.69547087   5.384   5.623   5.154   4.506   0
   0.69999999   5.289   5.528   5.068   4.428   0
   0.70368224   5.209   5.448   4.995   4.362   0
   0.71956187   4.799   5.036   4.613   4.012   0
   0.72305900   4.700   4.933   4.517   3.923   0
   0.72605360   4.613   4.842   4.429   3.839   0
   0.72771001   4.562   4.789   4.378   3.790   0
   0.72791207   4.556   4.782   4.371   3.783   0
   0.73540652   4.299   4.515   4.105   3.517   1
   0.73952591   4.137   4.344   3.918   3.310   0
   0.74235529   4.016   4.211   3.755   3.113   0
   0.74456114   3.957   4.121   3.603   2.896   0
   0.74564356   3.906   4.044   3.487   2.742   0
   0.74644786   3.831   3.943   3.356   2.584   0
   0.74719387   3.712   3.796   3.183   2.390   0
   0.74775755   3.587   3.655   3.029   2.224   0
   0.74828023   3.440   3.495   2.860   2.046   0
   0.74873757   3.290   3.335   2.693   1.872   0
   0.74915397   3.138   3.174   2.526   1.700   0
   0.74950433   2.991   3.020   2.367   1.536   0
   0.74982017   2.841   2.863   2.205   1.368   0
   0.75009358   2.699   2.712   2.048   1.206   0
   0.75034690   2.558   2.556   1.885   1.036   0
   0.75055724   2.426   2.411   1.732   0.878   0
   0.75075018   2.293   2.263   1.577   0.716   0
   0.75092906   2.158   2.115   1.420   0.552   0
   0.75107586   2.025   1.967   1.264   0.389   0
   0.75120628   1.897   1.825   1.113   0.230   0
   0.75132847   1.765   1.679   0.956   0.065   0
   0.75143260   1.642   1.538   0.805  -0.095   0
   0.75152862   1.520   1.399   0.655  -0.253   0
   0.75160992   1.415   1.280   0.527  -0.389   0
   0.75168544   1.346   1.204   0.445  -0.474   0
   0.75175369   1.247   1.090   0.321  -0.607   0
   0.75181133   1.135   0.962   0.180  -0.757   0
   0.75186974   1.026   0.830   0.034  -0.915   0
   0.75195575   0.880   0.646  -0.171  -1.134   0
   0.75199383   0.790   0.528  -0.304  -1.279   0
   0.75202793   0.701   0.411  -0.438  -1.425   0
   0.75205868   0.612   0.295  -0.570  -1.569   0
   0.75208628   0.527   0.182  -0.702  -1.713   0
   0.75211138   0.443   0.068  -0.834  -1.859   0
   0.75213242   0.368  -0.037  -0.958  -1.996   0
   0.75215346   0.291  -0.147  -1.091  -2.144   0
   0.75217211   0.224  -0.253  -1.220  -2.291   0
   0.75218910   0.164  -0.357  -1.348  -2.435   0
   0.75220454   0.108  -0.457  -1.471  -2.576   0
   0.75221747   0.069  -0.545  -1.587  -2.711   0
   0.75222880   0.022  -0.637  -1.703  -2.846   0
   0.75224096  -0.021  -0.735  -1.832  -2.997   0
   0.75224984  -0.048  -0.810  -1.934  -3.119   0
   0.75225878  -0.080  -0.891  -2.044  -3.249   0
   0.75226682  -0.113  -0.974  -2.157  -3.384   0
   0.75227332  -0.129  -1.043  -2.256  -3.505   0
   0.75227982  -0.137  -1.106  -2.348  -3.620   0
   0.75228548  -0.134  -1.161  -2.433  -3.729   0
   0.75229031  -0.150  -1.226  -2.525  -3.841   0
   0.75229520  -0.160  -1.287  -2.614  -3.951   0
   0.75229925  -0.160  -1.328  -2.679  -4.034   2
   0.75229925   1.116   1.200   1.238   1.251   1
   0.75233352   1.059   1.080   1.100   1.092   0
   0.75237715   1.052   1.065   1.083   1.073   0
   0.75242341   1.049   1.056   1.073   1.061   0
   0.75247264   1.042   1.043   1.058   1.044   0
   0.75252467   1.038   1.032   1.045   1.029   0
   0.75257999   1.032   1.019   1.029   1.009   0
   0.75263715   1.024   1.002   1.007   0.982   0
   0.75269616   1.014   0.980   0.980   0.949   0
   0.75275588   1.002   0.951   0.945   0.906   0
   0.75281531   0.987   0.913   0.898   0.847   0
   0.75287610   0.973   0.882   0.853   0.782   0
   0.75293666   0.957   0.843   0.797   0.704   0
   0.75299948   0.942   0.816   0.746   0.619   0
   0.75306451   0.926   0.790   0.691   0.521   0
   0.75313234   0.911   0.790   0.646   0.419   0
   0.75320023   0.893   0.792   0.605   0.320   0
   0.75330257   0.862   0.787   0.563   0.221   0
   0.75334144   0.845   0.781   0.540   0.173   0
   0.75338823   0.820   0.764   0.509   0.121   0
   0.75348353   0.734   0.702   0.407  -0.040   0
   0.75349879   0.713   0.702   0.362  -0.147   0
   0.75350797   0.768   0.784   0.302  -0.378   0
   0.75351065   0.772   0.767   0.216  -0.534   0
   0.75351262   0.706   0.655   0.033  -0.778   0
   0.75351340   0.626   0.555  -0.096  -0.933   0
   0.75351417   0.563   0.456  -0.227  -1.088   0
   0.75351506   0.486   0.346  -0.364  -1.246   0
   0.75351620   0.411   0.242  -0.493  -1.395   0
   0.75351745   0.379   0.201  -0.542  -1.449   0
   0.75352204   0.444   0.291  -0.431  -1.322   0
   0.75352567   0.465   0.320  -0.395  -1.280   1
   0.75354385   0.378   0.202  -0.539  -1.445   0
   0.75355512   0.282   0.069  -0.704  -1.634   0
   0.75356352   0.192  -0.057  -0.858  -1.810   0
   0.75357199   0.117  -0.181  -1.014  -1.989   0
   0.75358045   0.051  -0.311  -1.188  -2.192   0
   0.75358647  -0.018  -0.431  -1.340  -2.368   0
   0.75359106  -0.093  -0.552  -1.493  -2.543   0
   0.75359476  -0.155  -0.663  -1.638  -2.711   0
   0.75359756  -0.190  -0.756  -1.764  -2.862   0
   0.75360030  -0.224  -0.850  -1.892  -3.015   0
   0.75360304  -0.250  -0.941  -2.020  -3.169   0
   0.75360584  -0.262  -1.026  -2.149  -3.329   0
   0.75360739  -0.280  -1.115  -2.281  -3.492   0
   0.75360769  -0.283  -1.132  -2.306  -3.523   0
   0.75360805  -0.285  -1.149  -2.331  -3.555   0
   0.75360841  -0.288  -1.166  -2.357  -3.586   0
   0.75360864  -0.290  -1.179  -2.377  -3.611   0
   0.75360900  -0.292  -1.196  -2.402  -3.643   0
   0.75360936  -0.294  -1.212  -2.427  -3.674   0
   0.75360966  -0.294  -1.228  -2.451  -3.704   0
   0.75361001  -0.294  -1.244  -2.475  -3.735   0
   0.75361037  -0.294  -1.259  -2.499  -3.765   0
   0.75361067  -0.294  -1.275  -2.522  -3.795   0
   0.75361103  -0.294  -1.290  -2.547  -3.826   0
   0.75361139  -0.294  -1.305  -2.570  -3.856   0
   0.75361168  -0.293  -1.321  -2.594  -3.887   0
   0.75361204  -0.292  -1.336  -2.618  -3.917   0
   0.75361240  -0.291  -1.351  -2.641  -3.947   0
   0.75361270  -0.290  -1.365  -2.665  -3.978   0
   0.75361305  -0.287  -1.379  -2.688  -4.008   0
   0.75361335  -0.285  -1.390  -2.706  -4.033   0
   0.75361365  -0.283  -1.403  -2.729  -4.063   0
   0.75361401  -0.280  -1.417  -2.752  -4.093   0
   0.75361437  -0.277  -1.430  -2.774  -4.124   0
   0.75361460  -0.274  -1.441  -2.792  -4.148   0
   0.75361496  -0.270  -1.454  -2.815  -4.178   0
   0.75361532  -0.267  -1.467  -2.838  -4.209   0
   0.75361562  -0.263  -1.479  -2.860  -4.239   0
   0.75361598  -0.258  -1.492  -2.882  -4.269   0
   0.75361633  -0.254  -1.505  -2.905  -4.300   0
   0.75361663  -0.249  -1.517  -2.927  -4.330   0
   0.75361699  -0.245  -1.526  -2.944  -4.354   0
   0.75361735  -0.241  -1.535  -2.961  -4.377   0
   0.75361764  -0.236  -1.544  -2.979  -4.401   0
   0.75361800  -0.231  -1.553  -2.996  -4.425   0
   0.75361830  -0.227  -1.560  -3.009  -4.443   0
   0.75361860  -0.222  -1.569  -3.026  -4.467   0
   0.75361896  -0.217  -1.578  -3.043  -4.491   0
   0.75361931  -0.211  -1.586  -3.060  -4.514   0
   0.75361961  -0.205  -1.595  -3.077  -4.538   0
   0.75361997  -0.199  -1.602  -3.093  -4.561   0
   0.75362068  -0.190  -1.609  -3.110  -4.587   0
   0.75362146  -0.179  -1.618  -3.129  -4.617   0
   0.75362164  -0.177  -1.620  -3.134  -4.623   0
