   0.15000001  13.842  12.815  11.463   9.857   0
   0.20000000  12.460  11.689  10.502   9.078   0
   0.25000000  11.695  11.001   9.880   8.537   0
   0.30000001  11.195  10.555   9.474   8.186   0
   0.34999999  10.760  10.166   9.121   7.879   0
   0.40000001  10.352   9.802   8.787   7.586   0
   0.44999999   9.851   9.362   8.384   7.232   0
   0.50000000   9.348   8.932   7.997   6.902   0
   0.55000001   8.701   8.409   7.538   6.522   0
   0.60000002   7.986   7.851   7.060   6.133   0
   0.67957610   6.909   6.997   6.349   5.547   0
   0.69999999   6.662   6.796   6.184   5.410   0
   0.79295558   5.705   5.952   5.473   4.818   0
   0.80000001   5.644   5.893   5.423   4.776   0
   0.80607629   5.591   5.843   5.379   4.739   0
   0.87275153   5.056   5.313   4.914   4.346   0
   0.89999998   4.856   5.106   4.730   4.191   0
   0.94407529   4.557   4.782   4.441   3.953   0
   0.99588519   4.223   4.409   4.108   3.680   0
   1.00000000   4.198   4.380   4.081   3.659   0
   1.03392196   3.995   4.140   3.870   3.497   0
   1.06884348   3.791   3.896   3.656   3.335   0
   1.10000002   3.613   3.681   3.467   3.195   0
   1.10475528   3.586   3.648   3.439   3.175   0
   1.12688625   3.462   3.499   3.310   3.083   0
   1.14578581   3.357   3.375   3.204   3.007   0
   1.16209733   3.267   3.269   3.113   2.941   0
   1.17631030   3.189   3.178   3.035   2.885   0
   1.18831921   3.126   3.110   2.978   2.842   0
   1.20000005   3.065   3.046   2.924   2.801   0
   1.21756196   2.970   2.944   2.838   2.735   0
   1.24005878   2.846   2.812   2.726   2.648   0
   1.25952578   2.736   2.708   2.634   2.571   0
   1.26926672   2.682   2.656   2.588   2.532   0
   1.28284371   2.606   2.584   2.523   2.473   0
   1.29999995   2.511   2.492   2.438   2.395   0
   1.30126727   2.504   2.485   2.431   2.390   0
   1.32349110   2.381   2.364   2.316   2.280   0
   1.34626901   2.254   2.234   2.188   2.151   1
   1.36914432   2.122   2.094   2.045   2.002   0
   1.38045359   2.055   2.020   1.970   1.922   0
   1.39160585   1.981   1.942   1.892   1.842   0
   1.39283693   1.972   1.934   1.883   1.834   0
   1.39974344   1.906   1.877   1.836   1.798   0
   1.39999998   1.902   1.874   1.835   1.797   0
   1.40169764   1.878   1.857   1.824   1.793   0
   1.40366185   1.816   1.825   1.810   1.800   0
   1.40425003   1.762   1.798   1.795   1.799   0
   1.40453756   1.712   1.765   1.770   1.782   1
   1.40479684   1.711   1.745   1.742   1.744   0
   1.40554881   1.631   1.623   1.605   1.589   0
   1.40853357   1.577   1.530   1.491   1.445   0
   1.41195393   1.534   1.462   1.398   1.318   0
   1.41470170   1.504   1.416   1.323   1.201   0
   1.41656911   1.487   1.412   1.283   1.110   0
   1.41825616   1.480   1.429   1.256   1.018   0
   1.41978371   1.486   1.475   1.251   0.929   3
   1.42073703   1.499   1.524   1.260   0.874   0
   1.42165852   1.526   1.587   1.280   0.825   0
   1.42254913   1.567   1.656   1.305   0.787   0
   1.42386186   1.644   1.758   1.352   0.762   0
   1.42514944   1.748   1.870   1.417   0.770   0
   1.42683542   1.915   2.028   1.519   0.814   0
   1.42830265   2.019   2.123   1.577   0.837   4
   1.43209624   1.959   2.027   1.436   0.655   0
   1.43486834   1.807   1.857   1.249   0.453   0
   1.43739223   1.648   1.683   1.062   0.256   0
   1.43967259   1.491   1.511   0.881   0.065   0
   1.44159758   1.347   1.355   0.716  -0.109   0
   1.44330323   1.213   1.211   0.562  -0.270   0
   1.44460309   1.092   1.080   0.424  -0.415   0
   1.44590962   0.977   0.950   0.284  -0.563   0
   1.44711411   0.864   0.823   0.147  -0.708   0
   1.44817054   0.758   0.700   0.014  -0.849   0
   1.44909954   0.646   0.570  -0.127  -0.999   0
   1.44995773   0.531   0.437  -0.272  -1.154   0
   1.45070076   0.424   0.312  -0.410  -1.302   0
   1.45136058   0.320   0.190  -0.544  -1.445   0
   1.45196176   0.217   0.071  -0.676  -1.587   0
   1.45252216   0.116  -0.047  -0.807  -1.728   0
   1.45301867   0.022  -0.156  -0.929  -1.860   0
   1.45346916  -0.029  -0.216  -0.996  -1.932   0
   1.45384705   0.073  -0.094  -0.857  -1.781   0
   1.45388901   0.087  -0.077  -0.838  -1.761   1
   1.45434308  -0.019  -0.202  -0.978  -1.911   0
   1.45480359  -0.121  -0.326  -1.117  -2.061   0
   1.45522404  -0.208  -0.442  -1.248  -2.204   0
   1.45564389  -0.298  -0.563  -1.389  -2.358   0
   1.45600545  -0.383  -0.679  -1.522  -2.504   0
   1.45631564  -0.463  -0.786  -1.647  -2.642   0
   1.45661402  -0.541  -0.895  -1.777  -2.785   0
   1.45686829  -0.611  -0.996  -1.897  -2.920   0
   1.45710850  -0.678  -1.098  -2.022  -3.061   0
   1.45731616  -0.726  -1.186  -2.136  -3.194   0
   1.45751226  -0.787  -1.282  -2.254  -3.327   0
   1.45768058  -0.836  -1.369  -2.363  -3.451   0
   1.45783961  -0.878  -1.454  -2.471  -3.576   0
   1.45798481  -0.906  -1.528  -2.571  -3.695   0
   1.45810223  -0.938  -1.593  -2.654  -3.791   2
   1.45810223   0.678   0.717   0.164  -0.588   0
   1.45914423   0.708   0.739   0.173  -0.589   4
   1.46041691   0.700   0.728   0.157  -0.609   0
   1.46176636   0.671   0.700   0.133  -0.631   0
   1.46316826   0.640   0.670   0.107  -0.653   0
   1.46460128   0.609   0.640   0.082  -0.675   0
   1.46606994   0.576   0.609   0.055  -0.697   0
   1.46756721   0.545   0.580   0.030  -0.719   0
   1.46911871   0.515   0.550   0.004  -0.742   0
   1.47065091   0.487   0.523  -0.020  -0.764   0
   1.47213566   0.463   0.498  -0.043  -0.784   0
   1.47359955   0.442   0.477  -0.064  -0.804   0
   1.47510159   0.421   0.455  -0.084  -0.824   0
   1.47537875   0.417   0.451  -0.088  -0.827   0
   1.47657835   0.402   0.435  -0.103  -0.842   0
   1.47801638   0.388   0.421  -0.120  -0.861   0
   1.47975910   0.373   0.404  -0.140  -0.884   0
   1.48134506   0.369   0.395  -0.156  -0.906   0
   1.48321307   0.370   0.388  -0.174  -0.934   0
   1.48409796   0.375   0.388  -0.182  -0.950   0
   1.48505127   0.383   0.388  -0.194  -0.971   0
   1.48626709   0.391   0.382  -0.223  -1.020   0
   1.48666704   0.385   0.368  -0.250  -1.057   0
   1.48687160   0.369   0.340  -0.295  -1.118   0
   1.48692656   0.344   0.306  -0.340  -1.173   0
   1.48696363   0.296   0.239  -0.425  -1.271   0
   1.48698711   0.201   0.117  -0.570  -1.434   0
   1.48700726   0.101  -0.008  -0.714  -1.593   0
   1.48703229  -0.002  -0.133  -0.857  -1.749   0
   1.48705804  -0.040  -0.180  -0.911  -1.809   0
   1.48722398   0.042  -0.080  -0.796  -1.683   1
   1.48752224  -0.064  -0.210  -0.945  -1.848   0
   1.48764217  -0.172  -0.343  -1.098  -2.015   0
   1.48776710  -0.281  -0.478  -1.254  -2.186   0
   1.48792851  -0.410  -0.647  -1.449  -2.402   0
   1.48803616  -0.491  -0.765  -1.590  -2.559   0
   1.48814178  -0.582  -0.895  -1.745  -2.731   0
   1.48825717  -0.683  -1.041  -1.922  -2.930   0
   1.48835933  -0.770  -1.180  -2.093  -3.124   0
   1.48842263  -0.819  -1.278  -2.225  -3.280   0
   1.48846841  -0.884  -1.383  -2.357  -3.430   0
   1.48851264  -0.938  -1.488  -2.491  -3.585   0
   1.48855150  -0.988  -1.591  -2.622  -3.737   0
   1.48858726  -1.006  -1.671  -2.737  -3.878   0
   1.48862612  -1.034  -1.769  -2.877  -4.047   0
   1.48863196  -1.057  -1.835  -2.967  -4.155   0
   1.48863256  -1.059  -1.839  -2.973  -4.162   0
   1.48863900  -1.063  -1.857  -2.999  -4.194   0
   1.48864555  -1.067  -1.875  -3.025  -4.227   0
   1.48865080  -1.070  -1.889  -3.046  -4.252   0
   1.48865736  -1.073  -1.907  -3.072  -4.285   0
   1.48866379  -1.077  -1.925  -3.099  -4.317   0
   1.48867035  -1.080  -1.942  -3.125  -4.350   0
   1.48867691  -1.083  -1.960  -3.152  -4.383   0
   1.48868322  -1.086  -1.977  -3.177  -4.415   0
   1.48868954  -1.087  -1.994  -3.202  -4.446   0
   1.48869598  -1.088  -2.010  -3.227  -4.477   0
   1.48870230  -1.089  -2.027  -3.251  -4.508   0
   1.48870862  -1.090  -2.043  -3.276  -4.539   0
   1.48871493  -1.090  -2.059  -3.300  -4.570   0
   1.48872006  -1.091  -2.072  -3.320  -4.595   0
   1.48872638  -1.091  -2.088  -3.345  -4.626   0
   1.48873270  -1.091  -2.104  -3.369  -4.658   0
   1.48873901  -1.091  -2.120  -3.394  -4.689   0
   1.48874533  -1.091  -2.136  -3.419  -4.721   0
   1.48875177  -1.090  -2.152  -3.443  -4.752   0
   1.48875809  -1.090  -2.168  -3.468  -4.784   0
   1.48876429  -1.089  -2.183  -3.493  -4.815   0
   1.48877048  -1.088  -2.199  -3.517  -4.846   0
   1.48877668  -1.087  -2.214  -3.541  -4.877   0
   1.48878276  -1.085  -2.228  -3.564  -4.908   0
   1.48878896  -1.082  -2.242  -3.588  -4.939   0
   1.48879385  -1.080  -2.253  -3.606  -4.964   0
   1.48880005  -1.077  -2.267  -3.630  -4.995   0
   1.48880613  -1.075  -2.280  -3.653  -5.026   0
   1.48882282  -1.069  -2.289  -3.669  -5.049   0
   1.48884189  -1.065  -2.301  -3.692  -5.080   0
   1.48886085  -1.060  -2.314  -3.714  -5.110   0
   1.48887968  -1.055  -2.326  -3.737  -5.141   0
   1.48889840  -1.051  -2.339  -3.759  -5.171   0
   1.48891699  -1.045  -2.351  -3.781  -5.202   0
   1.48893535  -1.040  -2.363  -3.803  -5.232   0
   1.48895371  -1.034  -2.375  -3.826  -5.263   0
   1.48897183  -1.028  -2.386  -3.848  -5.293   0
   1.48898983  -1.022  -2.397  -3.869  -5.323   0
   1.48900771  -1.016  -2.408  -3.889  -5.353   0
   1.48902547  -1.010  -2.418  -3.910  -5.382   0
   1.48904312  -1.003  -2.429  -3.930  -5.411   0
   1.48906052  -0.997  -2.439  -3.950  -5.441   0
   1.48907793  -0.990  -2.449  -3.970  -5.470   0
   1.48909509  -0.982  -2.459  -3.990  -5.500   0
   1.48911214  -0.975  -2.468  -4.010  -5.529   0
   1.48912907  -0.967  -2.478  -4.030  -5.558   0
   1.48914576  -0.959  -2.487  -4.050  -5.587   0
   1.48916245  -0.950  -2.496  -4.070  -5.617   0
   1.48917890  -0.941  -2.505  -4.089  -5.646   0
   1.48919523  -0.932  -2.514  -4.109  -5.675   0
   1.48921132  -0.925  -2.524  -4.129  -5.705   0
   1.48922741  -0.930  -2.539  -4.151  -5.733   0
   1.48924339  -0.934  -2.555  -4.173  -5.762   0
   1.48925912  -0.938  -2.571  -4.196  -5.791   0
   1.48927474  -0.943  -2.587  -4.218  -5.820   0
   1.48929024  -0.947  -2.603  -4.240  -5.849   0
   1.48930562  -0.951  -2.619  -4.263  -5.878   0
   1.48931777  -0.954  -2.631  -4.281  -5.901   0
   1.48932993  -0.956  -2.644  -4.298  -5.924   0
   1.48934197  -0.959  -2.656  -4.316  -5.947   0
   1.48935699  -0.962  -2.671  -4.338  -5.976   0
   1.48937190  -0.965  -2.686  -4.359  -6.004   0
   1.48938668  -0.968  -2.700  -4.380  -6.032   0
   1.48940146  -0.970  -2.714  -4.401  -6.059   0
   1.48941636  -0.971  -2.727  -4.421  -6.086   0
   1.48943090  -0.986  -2.746  -4.441  -6.112   2
   1.48944557  -1.015  -2.770  -4.460  -6.138   0
   1.48946011  -1.044  -2.795  -4.480  -6.163   0
   1.48947382  -1.073  -2.818  -4.499  -6.186   0
   1.48948896  -1.107  -2.845  -4.518  -6.210   0
   1.48949921  -1.134  -2.861  -4.525  -6.220   0
