   0.15000001  13.866  12.831  11.475   9.866   0
   0.20000000  12.479  11.706  10.518   9.092   0
   0.25000000  11.712  11.016   9.894   8.550   0
   0.30000001  11.213  10.572   9.490   8.201   0
   0.34999999  10.780  10.185   9.138   7.894   0
   0.40000001  10.370   9.818   8.803   7.599   0
   0.44999999   9.885   9.393   8.413   7.258   0
   0.50000000   9.393   8.972   8.034   6.935   0
   0.55000001   8.770   8.465   7.588   6.565   0
   0.60000002   8.078   7.925   7.125   6.188   0
   0.69999999   6.801   6.915   6.287   5.501   0
   0.80000001   5.812   6.056   5.568   4.904   0
   0.89999998   5.076   5.335   4.938   4.374   0
   1.00000000   4.485   4.701   4.376   3.913   0
   1.10000002   3.994   4.129   3.873   3.525   0
   1.20000005   3.572   3.610   3.430   3.223   0
   1.29999995   3.209   3.194   3.089   2.995   0
   1.39999998   2.878   2.885   2.834   2.810   0
   1.50000000   2.582   2.651   2.639   2.656   0
   1.60000002   2.314   2.454   2.472   2.514   0
   1.70000005   2.081   2.288   2.328   2.388   0
   1.75000000   1.974   2.211   2.260   2.327   0
   1.79999995   1.871   2.138   2.195   2.269   0
   1.83790267   1.797   2.084   2.147   2.225   0
   1.89999998   1.679   1.999   2.070   2.156   0
   2.00000000   1.506   1.871   1.952   2.049   0
   2.20000005   1.190   1.631   1.729   1.843   0
   2.50000000   0.783   1.310   1.429   1.563   0
   3.00000000   0.220   0.846   0.990   1.149   0
   3.13680863   0.085   0.732   0.881   1.045   0
   3.50000000  -0.254   0.441   0.604   0.781   0
   4.00000000  -0.668   0.081   0.259   0.450   0
   4.05238199  -0.709   0.046   0.225   0.417   0
   4.50000000  -1.045  -0.251  -0.061   0.142   0
   4.74477673  -1.213  -0.401  -0.205   0.002   0
   5.00000000  -1.388  -0.558  -0.357  -0.145   0
   5.31125975  -1.601  -0.751  -0.545  -0.328   0
   5.76891947  -1.915  -1.041  -0.828  -0.604   0
   6.00000000  -2.077  -1.192  -0.977  -0.750   0
   6.16584253  -2.190  -1.298  -1.081  -0.852   0
   6.49582195  -2.425  -1.522  -1.301  -1.070   0
   6.78298950  -2.639  -1.729  -1.505  -1.273   0
   7.00000000  -2.812  -1.899  -1.674  -1.441   0
   7.04207325  -2.845  -1.932  -1.707  -1.474   0
   7.25722551  -3.033  -2.121  -1.896  -1.665   1
   7.44389105  -3.208  -2.300  -2.076  -1.848   0
   7.60386992  -3.378  -2.478  -2.256  -2.030   0
   7.74001789  -3.535  -2.642  -2.423  -2.201   0
   7.80036211  -3.609  -2.719  -2.501  -2.281   0
   7.85725594  -3.679  -2.793  -2.576  -2.357   0
   7.88992786  -3.718  -2.832  -2.615  -2.398   0
   7.91642761  -3.739  -2.847  -2.629  -2.409   3
   7.93530846  -3.744  -2.844  -2.624  -2.401   0
   7.94844151  -3.726  -2.805  -2.578  -2.348   0
   7.95232725  -3.718  -2.785  -2.554  -2.320   0
   7.95469666  -3.720  -2.771  -2.535  -2.295   0
   7.95492554  -3.718  -2.771  -2.536  -2.297   0
   7.95600700  -3.722  -2.800  -2.572  -2.342   0
   7.95677567  -3.817  -2.918  -2.698  -2.476   0
   7.95750523  -3.933  -3.055  -2.841  -2.628   0
   7.95834303  -4.056  -3.204  -2.997  -2.794   0
   7.95928144  -4.179  -3.359  -3.159  -2.966   0
   7.96004915  -4.275  -3.481  -3.289  -3.107   0
   7.96084738  -4.372  -3.608  -3.424  -3.252   0
   7.96168423  -4.474  -3.746  -3.572  -3.413   0
   7.96254396  -4.581  -3.896  -3.732  -3.588   0
   7.96309328  -4.652  -3.996  -3.839  -3.706   0
   7.96359634  -4.719  -4.095  -3.946  -3.824   0
   7.96404505  -4.783  -4.187  -4.047  -3.936   0
   7.96449423  -4.849  -4.286  -4.154  -4.056   0
   7.96494246  -4.917  -4.392  -4.271  -4.187   0
   7.96532965  -4.977  -4.490  -4.378  -4.308   0
   7.96564627  -5.029  -4.577  -4.473  -4.415   0
   7.96597099  -5.080  -4.671  -4.577  -4.533   0
   7.96617222  -5.109  -4.730  -4.642  -4.607   0
   7.96642303  -5.144  -4.812  -4.732  -4.710   0
   7.96667337  -5.177  -4.892  -4.823  -4.814   0
   7.96692371  -5.209  -4.977  -4.920  -4.929   0
   7.96711540  -5.229  -5.044  -4.997  -5.021   0
   7.96729946  -5.240  -5.115  -5.077  -5.116   0
   7.96749067  -5.237  -5.186  -5.160  -5.214   0
   7.96766758  -5.215  -5.245  -5.231  -5.306   0
   7.96783733  -5.176  -5.280  -5.287  -5.393   0
   7.96799183  -5.125  -5.288  -5.323  -5.471   0
   7.96814632  -5.060  -5.260  -5.337  -5.548   3
   7.96825695  -4.999  -5.199  -5.329  -5.608   0
   7.96838188  -4.916  -5.099  -5.309  -5.678   0
   7.96854353  -4.792  -4.944  -5.261  -5.755   0
   7.96863937  -4.697  -4.834  -5.221  -5.794   0
   7.96874285  -4.572  -4.707  -5.169  -5.824   0
   7.96883821  -4.427  -4.573  -5.112  -5.843   0
   7.96894121  -4.249  -4.430  -5.048  -5.849   0
   7.96914005  -3.940  -4.200  -4.936  -5.833   0
   7.96933842  -3.794  -4.095  -4.883  -5.820   0
   7.96969652  -3.711  -4.112  -4.983  -5.980   0
   7.97007275  -3.748  -4.200  -5.107  -6.130   0
   7.97161198  -3.767  -4.233  -5.151  -6.180   2
   8.00525665  -3.888  -4.284  -5.146  -6.136   0
   8.01600647  -4.402  -4.646  -5.337  -6.196   0
   8.01747131  -4.728  -4.898  -5.444  -6.179   0
   8.01799107  -4.853  -5.009  -5.485  -6.153   0
   8.01850224  -4.956  -5.105  -5.520  -6.124   0
   8.01954079  -5.089  -5.253  -5.568  -6.061   0
   8.02166462  -5.215  -5.411  -5.608  -5.967   0
   8.02351093  -5.292  -5.498  -5.622  -5.900   0
   8.02576447  -5.357  -5.557  -5.629  -5.838   3
   8.02870655  -5.416  -5.579  -5.616  -5.773   0
   8.03177071  -5.460  -5.579  -5.594  -5.715   0
   8.03622341  -5.507  -5.556  -5.550  -5.636   0
   8.04060650  -5.535  -5.516  -5.495  -5.560   0
   8.04480362  -5.550  -5.467  -5.438  -5.492   0
   8.05023193  -5.556  -5.407  -5.370  -5.412   0
   8.05564976  -5.551  -5.350  -5.306  -5.335   0
   8.06131268  -5.539  -5.297  -5.244  -5.261   0
   8.06970787  -5.521  -5.232  -5.169  -5.169   0
   8.07852459  -5.493  -5.175  -5.099  -5.082   0
   8.08834934  -5.472  -5.113  -5.029  -5.000   0
   8.09986782  -5.453  -5.047  -4.956  -4.916   0
   8.11255550  -5.432  -4.986  -4.887  -4.837   0
   8.12787437  -5.408  -4.923  -4.817  -4.757   0
   8.14603519  -5.381  -4.865  -4.751  -4.680   0
   8.17065907  -5.366  -4.823  -4.703  -4.623   0
   8.20693874  -5.372  -4.808  -4.682  -4.595   1
   8.24614048  -5.476  -4.948  -4.832  -4.758   0
   8.26055622  -5.552  -5.065  -4.960  -4.900   0
   8.26956844  -5.614  -5.185  -5.089  -5.044   0
   8.27606869  -5.671  -5.307  -5.221  -5.191   0
   8.28075504  -5.730  -5.420  -5.349  -5.340   0
   8.28360462  -5.782  -5.518  -5.465  -5.480   0
   8.28587151  -5.817  -5.635  -5.596  -5.635   0
   8.28731537  -5.811  -5.760  -5.735  -5.793   0
   8.28845310  -5.758  -5.844  -5.853  -5.964   0
   8.28921127  -5.609  -5.812  -5.894  -6.120   3
   8.28950977  -5.495  -5.701  -5.867  -6.196   0
   8.28975964  -5.346  -5.526  -5.807  -6.262   0
   8.28996086  -5.179  -5.340  -5.724  -6.294   0
   8.29012203  -5.014  -5.174  -5.635  -6.288   0
   8.29025173  -4.898  -5.063  -5.574  -6.276   0
   8.29036427  -4.782  -4.962  -5.522  -6.270   4
   8.29045296  -4.732  -4.937  -5.546  -6.336   0
   8.29052639  -4.671  -4.901  -5.559  -6.391   0
   8.29062366  -4.606  -4.871  -5.571  -6.437   0
   8.29072857  -4.508  -4.822  -5.580  -6.490   3
   8.29081059  -4.388  -4.743  -5.552  -6.501   0
   8.29089165  -4.260  -4.665  -5.521  -6.504   0
   8.29105377  -4.133  -4.588  -5.485  -6.498   0
   8.29128838  -4.074  -4.565  -5.490  -6.524   0
   8.29269981  -4.051  -4.568  -5.513  -6.562   0
   8.29338837  -4.057  -4.611  -5.584  -6.652   0
   8.29419136  -4.076  -4.667  -5.668  -6.755   0
   8.29530239  -4.126  -4.756  -5.785  -6.891   0
   8.29675198  -4.168  -4.848  -5.905  -7.032   0
   8.29820251  -4.199  -4.926  -6.011  -7.158   0
   8.29951477  -4.221  -4.993  -6.106  -7.273   0
   8.30004978  -4.231  -5.022  -6.146  -7.322   0
