   0.15000001  13.866  12.832  11.475   9.866   0
   0.20000000  12.479  11.706  10.518   9.093   0
   0.25000000  11.712  11.016   9.894   8.550   0
   0.30000001  11.214  10.572   9.491   8.201   0
   0.34999999  10.780  10.185   9.138   7.894   0
   0.40000001  10.370   9.819   8.803   7.600   0
   0.44999999   9.886   9.394   8.414   7.259   0
   0.50000000   9.394   8.973   8.034   6.935   0
   0.55000001   8.771   8.466   7.589   6.565   0
   0.60000002   8.080   7.927   7.126   6.189   0
   0.69999999   6.804   6.918   6.290   5.503   0
   0.80000001   5.816   6.060   5.572   4.907   0
   0.89999998   5.082   5.341   4.944   4.379   0
   1.00000000   4.493   4.709   4.384   3.920   0
   1.10000002   4.003   4.139   3.882   3.534   0
   1.20000005   3.580   3.619   3.438   3.231   0
   1.29999995   3.217   3.202   3.097   3.004   0
   1.39999998   2.885   2.893   2.843   2.819   0
   1.50000000   2.591   2.662   2.650   2.667   0
   1.60000002   2.323   2.465   2.483   2.525   0
   1.70000005   2.094   2.304   2.345   2.406   0
   1.75000000   1.987   2.228   2.278   2.346   0
   1.79999995   1.884   2.155   2.213   2.288   0
   1.89999998   1.693   2.018   2.089   2.177   0
   2.00000000   1.521   1.893   1.975   2.073   0
   2.20000005   1.221   1.668   1.767   1.882   0
   2.50000000   0.825   1.357   1.477   1.612   0
   2.81782889   0.469   1.064   1.199   1.350   0
   3.00000000   0.283   0.912   1.055   1.215   0
   3.50000000  -0.160   0.538   0.700   0.879   0
   4.00000000  -0.542   0.212   0.390   0.583   0
   4.50000000  -0.879  -0.078   0.112   0.318   0
   5.00000000  -1.174  -0.335  -0.134   0.082   0
   5.41804695  -1.400  -0.534  -0.325  -0.101   0
   6.00000000  -1.695  -0.795  -0.576  -0.343   0
   7.00000000  -2.162  -1.215  -0.982  -0.734   0
   7.18563175  -2.244  -1.290  -1.054  -0.804   0
   8.51639366  -2.800  -1.800  -1.550  -1.284   0
   9.00000000  -2.998  -1.985  -1.730  -1.460   0
  10.54936695  -3.595  -2.540  -2.273  -1.990   0
  11.99822807  -4.171  -3.090  -2.816  -2.528   0
  12.00000000  -4.172  -3.090  -2.816  -2.529   0
  13.09791660  -4.609  -3.520  -3.245  -2.957   1
  14.01966190  -5.018  -3.937  -3.665  -3.383   0
  14.72666550  -5.396  -4.334  -4.070  -3.799   0
  15.00000000  -5.560  -4.512  -4.252  -3.986   0
  15.15571308  -5.642  -4.598  -4.340  -4.077   0
  15.22739506  -5.668  -4.618  -4.358  -4.093   3
  15.27766514  -5.655  -4.578  -4.312  -4.038   0
  15.28485203  -5.659  -4.562  -4.289  -4.008   0
  15.28574085  -5.659  -4.560  -4.287  -4.005   0
  15.28896809  -5.671  -4.589  -4.321  -4.045   0
  15.28996086  -5.704  -4.633  -4.369  -4.097   0
  15.29125118  -5.763  -4.712  -4.453  -4.188   0
  15.29238033  -5.822  -4.795  -4.542  -4.285   0
  15.29350853  -5.898  -4.889  -4.643  -4.397   0
  15.29439545  -5.976  -4.983  -4.745  -4.508   0
  15.29536343  -6.055  -5.082  -4.852  -4.625   0
  15.29616928  -6.128  -5.177  -4.953  -4.735   0
  15.29705524  -6.206  -5.278  -5.061  -4.853   0
  15.29769993  -6.273  -5.366  -5.156  -4.956   0
  15.29850674  -6.343  -5.461  -5.258  -5.066   0
  15.29923153  -6.412  -5.559  -5.363  -5.181   0
  15.29979515  -6.479  -5.642  -5.454  -5.284   0
  15.30043983  -6.549  -5.733  -5.555  -5.396   0
  15.30092335  -6.606  -5.814  -5.643  -5.493   0
  15.30156803  -6.680  -5.923  -5.762  -5.624   0
  15.30221272  -6.760  -6.041  -5.890  -5.767   0
  15.30277634  -6.826  -6.144  -6.002  -5.891   0
  15.30342102  -6.927  -6.297  -6.171  -6.082   0
  15.30438709  -7.056  -6.535  -6.427  -6.365   0
  15.30535412  -7.176  -6.793  -6.705  -6.671   0
  15.30632019  -7.312  -7.033  -6.982  -7.001   0
  15.30728626  -7.350  -7.295  -7.270  -7.327   0
  15.30825233  -7.300  -7.419  -7.453  -7.604   0
  15.30921841  -7.061  -7.284  -7.466  -7.827   3
  15.31018448  -6.670  -6.886  -7.341  -7.980   0
  15.31115055  -6.209  -6.503  -7.165  -7.994   0
  15.31251907  -6.111  -6.475  -7.222  -8.115   0
  15.31589890  -6.158  -6.537  -7.297  -8.200   2
  15.33811951  -6.298  -6.623  -7.317  -8.169   0
  15.34884071  -6.461  -6.747  -7.373  -8.167   0
  15.35592461  -7.086  -7.303  -7.608  -8.095   0
  15.35946274  -7.444  -7.591  -7.637  -7.812   3
  15.36284065  -7.520  -7.508  -7.496  -7.573   0
  15.36613941  -7.520  -7.368  -7.332  -7.376   0
  15.36966991  -7.495  -7.238  -7.191  -7.216   0
  15.37304211  -7.463  -7.149  -7.090  -7.098   0
  15.37641239  -7.416  -7.088  -7.015  -7.001   0
  15.38345909  -7.359  -6.970  -6.882  -6.846   0
  15.39018345  -7.316  -6.873  -6.775  -6.726   0
  15.39697838  -7.281  -6.788  -6.683  -6.625   0
  15.40703678  -7.238  -6.675  -6.564  -6.497   0
  15.41707611  -7.199  -6.578  -6.462  -6.388   0
  15.42678642  -7.149  -6.507  -6.381  -6.292   0
  15.43965340  -7.088  -6.426  -6.287  -6.182   0
  15.45349407  -7.044  -6.347  -6.201  -6.087   0
  15.47030163  -7.000  -6.266  -6.113  -5.990   0
  15.49089241  -6.952  -6.186  -6.027  -5.893   0
  15.51590729  -6.904  -6.112  -5.946  -5.803   0
  15.55218792  -6.860  -6.043  -5.870  -5.717   0
  15.61405945  -6.844  -6.010  -5.833  -5.676   1
  15.71233654  -6.920  -6.107  -5.936  -5.787   0
  15.76638412  -6.984  -6.192  -6.028  -5.886   0
  15.81189251  -7.045  -6.276  -6.117  -5.984   0
  15.84805489  -7.099  -6.359  -6.206  -6.081   0
  15.87820435  -7.149  -6.441  -6.293  -6.175   0
  15.90313244  -7.198  -6.521  -6.380  -6.271   0
  15.92515755  -7.256  -6.605  -6.473  -6.376   0
  15.94336414  -7.319  -6.674  -6.554  -6.473   0
  15.95869350  -7.370  -6.762  -6.649  -6.579   0
  15.97139359  -7.408  -6.855  -6.746  -6.681   0
  15.98260403  -7.446  -6.950  -6.845  -6.787   0
  15.99205017  -7.486  -7.041  -6.942  -6.893   0
  15.99856377  -7.521  -7.117  -7.026  -6.986   0
  16.00374413  -7.551  -7.188  -7.103  -7.074   0
  16.00490570  -7.558  -7.206  -7.123  -7.095   0
  16.00871849  -7.596  -7.270  -7.198  -7.186   0
  16.01189613  -7.640  -7.327  -7.269  -7.278   0
  16.01443672  -7.661  -7.389  -7.340  -7.360   0
  16.01729584  -7.681  -7.478  -7.438  -7.473   0
  16.01927948  -7.686  -7.555  -7.521  -7.568   0
  16.02070999  -7.675  -7.615  -7.589  -7.646   0
  16.02213860  -7.667  -7.666  -7.658  -7.743   0
  16.02317047  -7.642  -7.698  -7.714  -7.833   0
  16.02404213  -7.586  -7.712  -7.754  -7.918   0
  16.02483559  -7.492  -7.690  -7.769  -8.002   3
  16.02539253  -7.397  -7.620  -7.758  -8.070   0
  16.02594757  -7.294  -7.520  -7.734  -8.132   0
  16.02642250  -7.185  -7.404  -7.702  -8.183   0
  16.02681923  -7.056  -7.275  -7.657  -8.223   0
  16.02721786  -6.891  -7.124  -7.596  -8.253   0
  16.02769279  -6.648  -6.919  -7.507  -8.268   0
  16.02800941  -6.411  -6.732  -7.418  -8.263   0
  16.02840614  -6.081  -6.495  -7.298  -8.235   0
  16.02912140  -5.672  -6.227  -7.168  -8.208   4
  16.02967262  -5.589  -6.239  -7.257  -8.353   0
  16.03063774  -5.639  -6.337  -7.391  -8.513   0
  16.03758621  -5.708  -6.467  -7.561  -8.712   0
  16.04081535  -5.762  -6.557  -7.672  -8.839   0
  16.04150200  -5.763  -6.565  -7.686  -8.857   0
