   0.15000001  13.767  12.796  11.456   9.868   0
   0.20000000  12.340  11.666  10.497   9.092   0
   0.25000000  11.562  10.979   9.874   8.546   0
   0.30000001  11.061  10.539   9.472   8.194   0
   0.34999999  10.625  10.155   9.122   7.886   0
   0.40000001  10.214   9.791   8.788   7.589   0
   0.44999999   9.733   9.371   8.403   7.248   0
   0.50000000   9.246   8.956   8.029   6.925   0
   0.55000001   8.633   8.454   7.592   6.558   0
   0.60000002   7.740   7.774   7.050   6.147   0
   0.69999999   6.601   6.818   6.245   5.477   0
   0.80000001   5.689   5.985   5.531   4.882   0
   0.89999998   4.986   5.272   4.902   4.359   0
   1.00000000   4.418   4.638   4.338   3.903   0
   1.10000002   3.950   4.068   3.839   3.534   0
   1.20000005   3.549   3.567   3.415   3.254   0
   1.29999995   3.191   3.187   3.105   3.043   0
   1.39999998   2.868   2.906   2.873   2.869   0
   1.50000000   2.582   2.687   2.689   2.718   0
   1.60000002   2.329   2.506   2.534   2.587   0
   1.70000005   2.100   2.345   2.394   2.463   0
   1.75000000   1.994   2.270   2.328   2.404   0
   1.76999998   1.954   2.242   2.302   2.382   0
   1.79999995   1.894   2.199   2.264   2.347   0
   1.89999998   1.707   2.064   2.142   2.237   0
   2.00000000   1.534   1.939   2.028   2.134   0
   2.20000005   1.246   1.732   1.840   1.966   0
   2.50000000   0.874   1.446   1.575   1.722   0
   3.00000000   0.357   1.028   1.183   1.357   0
   3.50000000  -0.072   0.669   0.842   1.034   0
   4.00000000  -0.444   0.351   0.539   0.745   0
   4.09784889  -0.511   0.294   0.484   0.693   0
   4.50000000  -0.767   0.072   0.272   0.490   0
   5.00000000  -1.052  -0.177   0.034   0.262   0
   6.00000000  -1.539  -0.607  -0.379  -0.133   0
   7.00000000  -1.967  -0.990  -0.748  -0.487   0
   8.43807602  -2.507  -1.478  -1.218  -0.940   0
   9.00000000  -2.704  -1.657  -1.391  -1.106   0
  12.00000000  -3.619  -2.492  -2.204  -1.902   0
  13.84093571  -4.050  -2.894  -2.601  -2.299   0
  15.00000000  -4.299  -3.130  -2.836  -2.536   0
  17.93997002  -4.816  -3.630  -3.334  -3.035   0
  20.00000000  -5.174  -3.982  -3.685  -3.387   0
  21.28590393  -5.366  -4.172  -3.874  -3.576   1
  24.58883476  -5.911  -4.718  -4.421  -4.123   0
  27.25720406  -6.433  -5.253  -4.957  -4.658   0
  29.37299538  -6.927  -5.774  -5.485  -5.189   0
  30.00000000  -7.089  -5.953  -5.667  -5.371   0
  30.08970642  -7.109  -5.975  -5.689  -5.394   0
  30.92681122  -7.293  -6.171  -5.891  -5.603   0
  30.97251511  -7.298  -6.176  -5.895  -5.607   3
  31.15695763  -7.271  -6.138  -5.854  -5.560   0
  31.18395615  -7.227  -6.076  -5.788  -5.492   0
  31.19130898  -7.215  -6.058  -5.769  -5.472   0
  31.20041656  -7.234  -6.084  -5.795  -5.499   0
  31.20981598  -7.337  -6.202  -5.917  -5.621   0
  31.21577835  -7.424  -6.301  -6.020  -5.731   0
  31.22174072  -7.498  -6.389  -6.113  -5.831   0
  31.22730446  -7.570  -6.478  -6.208  -5.933   0
  31.23280907  -7.641  -6.572  -6.308  -6.039   0
  31.24382210  -7.802  -6.759  -6.511  -6.261   0
  31.25127983  -7.894  -6.858  -6.617  -6.378   0
  31.26832390  -7.970  -6.961  -6.727  -6.498   0
  31.27768135  -7.982  -6.978  -6.745  -6.516   0
  31.32585716  -7.952  -6.918  -6.679  -6.443   0
  31.37074280  -7.876  -6.835  -6.589  -6.342   0
  31.45083427  -7.808  -6.759  -6.505  -6.248   0
  31.66834450  -7.764  -6.703  -6.442  -6.176   0
  31.77748489  -7.766  -6.704  -6.442  -6.175   1
  32.40909576  -7.881  -6.831  -6.577  -6.320   0
  32.78342819  -7.991  -6.951  -6.705  -6.460   0
  33.07490540  -8.091  -7.067  -6.831  -6.597   0
  33.31010818  -8.157  -7.170  -6.940  -6.716   0
  33.48027802  -8.228  -7.272  -7.050  -6.836   0
  33.62469864  -8.301  -7.378  -7.164  -6.960   0
  33.73699951  -8.372  -7.481  -7.274  -7.080   0
  33.82195282  -8.441  -7.579  -7.379  -7.194   0
  33.88090134  -8.530  -7.665  -7.477  -7.308   0
  33.92181396  -8.613  -7.745  -7.568  -7.413   0
  33.95048904  -8.661  -7.824  -7.653  -7.505   0
  33.96054459  -8.682  -7.860  -7.691  -7.546   0
  33.98107910  -8.731  -7.944  -7.781  -7.644   0
  33.99297333  -8.773  -8.018  -7.861  -7.732   0
  33.99995041  -8.810  -8.087  -7.936  -7.814   0
  34.00528336  -8.850  -8.160  -8.015  -7.902   0
  34.00867844  -8.883  -8.220  -8.081  -7.975   0
  34.01246643  -8.953  -8.295  -8.172  -8.087   0
  34.01567459  -9.024  -8.393  -8.285  -8.220   0
  34.01868820  -9.072  -8.563  -8.457  -8.398   0
  34.02053833  -9.124  -8.694  -8.597  -8.551   0
  34.02248383  -9.193  -8.851  -8.769  -8.745   0
  34.02345657  -9.241  -8.924  -8.857  -8.853   0
  34.02510452  -9.312  -9.072  -9.028  -9.059   0
  34.02675247  -9.329  -9.217  -9.186  -9.239   0
  34.02856445  -9.329  -9.327  -9.323  -9.414   0
  34.02955627  -9.316  -9.360  -9.373  -9.491   0
  34.03054428  -9.287  -9.384  -9.413  -9.560   0
  34.03170013  -9.246  -9.381  -9.439  -9.628   0
  34.03293610  -9.170  -9.350  -9.439  -9.688   3
  34.04008865  -8.327  -8.617  -9.199  -9.972   0
