   0.15000001  13.866  12.831  11.475   9.866   0
   0.20000000  12.479  11.706  10.517   9.092   0
   0.25000000  11.712  11.016   9.893   8.550   0
   0.30000001  11.213  10.572   9.490   8.201   0
   0.34999999  10.780  10.185   9.138   7.894   0
   0.40000001  10.370   9.818   8.802   7.599   0
   0.44999999   9.885   9.393   8.413   7.258   0
   0.50000000   9.392   8.972   8.033   6.934   0
   0.55000001   8.769   8.465   7.587   6.564   0
   0.60000002   8.077   7.924   7.124   6.188   0
   0.69999999   6.799   6.913   6.286   5.500   0
   0.80000001   5.810   6.054   5.566   4.902   0
   0.89999998   5.072   5.331   4.935   4.371   0
   1.00000000   4.481   4.696   4.371   3.909   0
   1.10000002   3.988   4.123   3.867   3.520   0
   1.20000005   3.567   3.605   3.425   3.218   0
   1.29999995   3.204   3.189   3.083   2.989   0
   1.39999998   2.873   2.880   2.829   2.805   0
   1.50000000   2.576   2.644   2.632   2.648   0
   1.57590985   2.370   2.491   2.503   2.539   0
   1.60000002   2.309   2.447   2.465   2.506   0
   1.61391079   2.275   2.423   2.444   2.488   0
   1.70000005   2.072   2.278   2.318   2.378   0
   1.75000000   1.964   2.201   2.250   2.317   0
   1.79999995   1.860   2.127   2.184   2.258   0
   1.89999998   1.666   1.986   2.057   2.143   0
   2.00000000   1.491   1.856   1.937   2.034   0
   2.20000005   1.170   1.611   1.710   1.823   0
   2.50000000   0.756   1.282   1.401   1.535   0
   2.68637514   0.529   1.096   1.224   1.368   0
   3.00000000   0.175   0.800   0.944   1.102   0
   3.38074040  -0.205   0.473   0.631   0.803   0
   3.50000000  -0.319   0.373   0.536   0.712   0
   3.93703914  -0.707   0.031   0.207   0.394   0
   4.00000000  -0.762  -0.018   0.160   0.349   0
   4.39671612  -1.087  -0.309  -0.122   0.076   0
   4.50000000  -1.170  -0.384  -0.195   0.005   0
   4.77677965  -1.392  -0.587  -0.392  -0.188   0
   5.00000000  -1.580  -0.761  -0.564  -0.356   0
   5.09882069  -1.662  -0.838  -0.639  -0.430   0
   5.36594582  -1.892  -1.056  -0.854  -0.642   0
   5.59441996  -2.097  -1.254  -1.049  -0.836   0
   5.79223919  -2.287  -1.441  -1.235  -1.022   0
   5.96271610  -2.463  -1.618  -1.411  -1.200   1
   6.00000000  -2.505  -1.660  -1.454  -1.243   0
   6.11780930  -2.636  -1.794  -1.588  -1.378   0
   6.24851084  -2.796  -1.960  -1.756  -1.549   0
   6.36113739  -2.948  -2.120  -1.917  -1.714   0
   6.41137409  -3.020  -2.195  -1.994  -1.792   0
   6.45802784  -3.087  -2.264  -2.063  -1.862   0
   6.48306322  -3.121  -2.298  -2.097  -1.896   0
   6.50852251  -3.146  -2.317  -2.115  -1.913   3
   6.52426100  -3.149  -2.310  -2.105  -1.899   0
   6.53519964  -3.132  -2.272  -2.061  -1.849   0
   6.53843164  -3.122  -2.245  -2.031  -1.813   0
   6.54036856  -3.123  -2.231  -2.012  -1.788   0
   6.54058170  -3.120  -2.229  -2.010  -1.787   0
   6.54133177  -3.118  -2.249  -2.036  -1.821   0
   6.54205132  -3.204  -2.359  -2.152  -1.945   0
   6.54276037  -3.320  -2.496  -2.295  -2.096   0
   6.54358673  -3.441  -2.642  -2.448  -2.257   0
   6.54452944  -3.557  -2.787  -2.600  -2.419   0
   6.54556942  -3.670  -2.936  -2.757  -2.587   0
   6.54639435  -3.757  -3.051  -2.879  -2.720   0
   6.54727983  -3.850  -3.178  -3.014  -2.867   0
   6.54818106  -3.949  -3.315  -3.161  -3.028   0
   6.54879141  -4.016  -3.413  -3.266  -3.144   0
   6.54941177  -4.088  -3.519  -3.381  -3.270   0
   6.54997635  -4.155  -3.622  -3.492  -3.394   0
   6.55047941  -4.218  -3.721  -3.600  -3.514   0
   6.55090618  -4.272  -3.810  -3.698  -3.624   0
   6.55132818  -4.329  -3.906  -3.804  -3.744   0
   6.55169392  -4.378  -3.995  -3.902  -3.855   0
   6.55187702  -4.400  -4.041  -3.952  -3.913   0
   6.55217981  -4.439  -4.123  -4.043  -4.016   0
   6.55248356  -4.474  -4.211  -4.140  -4.128   0
   6.55273104  -4.499  -4.286  -4.223  -4.225   0
   6.55297852  -4.519  -4.363  -4.312  -4.329   0
   6.55322599  -4.528  -4.442  -4.403  -4.439   0
   6.55341291  -4.520  -4.499  -4.473  -4.523   0
   6.55359983  -4.495  -4.545  -4.535  -4.608   0
   6.55378675  -4.453  -4.574  -4.586  -4.693   0
   6.55396891  -4.394  -4.568  -4.617  -4.777   0
   6.55414534  -4.316  -4.511  -4.620  -4.862   3
   6.55425644  -4.257  -4.443  -4.608  -4.919   0
   6.55435753  -4.198  -4.362  -4.585  -4.964   0
   6.55445862  -4.132  -4.273  -4.557  -5.006   0
   6.55455446  -4.055  -4.175  -4.520  -5.045   0
   6.55465555  -3.951  -4.055  -4.471  -5.079   0
   6.55476141  -3.796  -3.905  -4.408  -5.107   0
   6.55488253  -3.601  -3.740  -4.334  -5.118   0
   6.55501366  -3.446  -3.611  -4.268  -5.106   0
   6.55527639  -3.181  -3.412  -4.154  -5.057   0
   6.55560541  -3.140  -3.438  -4.249  -5.205   0
   6.55583954  -3.171  -3.516  -4.360  -5.338   0
   6.55730438  -3.205  -3.584  -4.450  -5.445   0
   6.58638000  -3.294  -3.619  -4.444  -5.408   4
   6.60179043  -4.257  -4.378  -4.796  -5.405   0
   6.60363770  -4.381  -4.519  -4.851  -5.362   0
   6.60455847  -4.432  -4.585  -4.873  -5.331   0
   6.60547876  -4.476  -4.641  -4.892  -5.304   0
   6.60731888  -4.542  -4.726  -4.912  -5.253   0
   6.60996437  -4.609  -4.804  -4.930  -5.198   0
   6.61289263  -4.670  -4.865  -4.938  -5.141   3
   6.61588430  -4.723  -4.892  -4.932  -5.086   0
   6.61869478  -4.763  -4.899  -4.917  -5.038   0
   6.62291527  -4.810  -4.893  -4.887  -4.974   0
   6.62722111  -4.842  -4.857  -4.840  -4.908   0
   6.63253307  -4.865  -4.811  -4.782  -4.832   0
   6.63777924  -4.877  -4.763  -4.724  -4.762   0
   6.64353514  -4.876  -4.712  -4.665  -4.690   0
   6.64976883  -4.872  -4.663  -4.609  -4.621   0
   6.65636969  -4.862  -4.613  -4.550  -4.551   0
   6.66489840  -4.848  -4.558  -4.486  -4.473   0
   6.67458963  -4.836  -4.502  -4.422  -4.398   0
   6.68480444  -4.819  -4.448  -4.361  -4.326   0
   6.69628620  -4.802  -4.395  -4.301  -4.256   0
   6.71065474  -4.783  -4.341  -4.239  -4.183   0
   6.72705412  -4.765  -4.292  -4.183  -4.116   0
   6.75139666  -4.755  -4.250  -4.133  -4.056   0
   6.78151846  -4.770  -4.247  -4.126  -4.044   1
   6.81440067  -4.863  -4.366  -4.253  -4.181   0
   6.82568836  -4.921  -4.451  -4.344  -4.282   0
   6.83622694  -4.996  -4.571  -4.475  -4.428   0
   6.84260082  -5.057  -4.687  -4.601  -4.570   0
   6.84640265  -5.098  -4.779  -4.701  -4.682   0
   6.84891891  -5.145  -4.870  -4.807  -4.807   0
   6.85068655  -5.181  -4.964  -4.914  -4.933   0
   6.85175467  -5.198  -5.053  -5.013  -5.051   0
   6.85246277  -5.196  -5.133  -5.105  -5.160   0
   6.85301065  -5.161  -5.203  -5.192  -5.272   0
   6.85340261  -5.084  -5.229  -5.252  -5.383   0
   6.85354900  -5.030  -5.207  -5.258  -5.432   3
   6.85369968  -4.948  -5.148  -5.249  -5.492   0
   6.85379934  -4.879  -5.082  -5.231  -5.534   0
   6.85382271  -4.862  -5.059  -5.223  -5.544   0
   6.85391092  -4.761  -4.938  -5.184  -5.593   0
   6.85399485  -4.647  -4.797  -5.124  -5.630   0
   6.85404348  -4.578  -4.720  -5.086  -5.637   0
   6.85409164  -4.499  -4.633  -5.047  -5.652   0
   6.85414028  -4.397  -4.534  -5.003  -5.665   0
   6.85419321  -4.242  -4.393  -4.941  -5.680   0
   6.85427713  -3.972  -4.176  -4.841  -5.683   0
   6.85444450  -3.677  -3.970  -4.746  -5.674   4
   6.85469627  -3.581  -3.952  -4.801  -5.781   0
   6.85583401  -3.531  -3.982  -4.892  -5.915   0
   6.85629702  -3.544  -4.042  -4.984  -6.032   0
   6.85700226  -3.578  -4.132  -5.116  -6.192   0
   6.85787916  -3.617  -4.222  -5.241  -6.342   0
   6.85885715  -3.643  -4.302  -5.352  -6.476   0
   6.86000156  -3.670  -4.388  -5.472  -6.621   0
   6.86088133  -3.685  -4.452  -5.566  -6.735   0
   6.86159801  -3.695  -4.507  -5.647  -6.836   0
   6.86221838  -3.712  -4.560  -5.723  -6.929   0
