   0.15000001  13.753  12.787  11.449   9.863   0
   0.20000000  12.329  11.656  10.488   9.084   0
   0.25000000  11.552  10.970   9.866   8.539   0
   0.30000001  11.050  10.529   9.463   8.186   0
   0.34999999  10.613  10.144   9.112   7.877   0
   0.40000001  10.204   9.782   8.779   7.582   0
   0.44999999   9.714   9.354   8.386   7.233   0
   0.50000000   9.218   8.931   8.006   6.903   0
   0.55000001   8.587   8.415   7.558   6.529   0
   0.60000002   7.678   7.722   7.004   6.108   0
   0.69999999   6.520   6.744   6.181   5.420   0
   0.79616046   5.615   5.912   5.465   4.825   0
   0.80000001   5.583   5.881   5.438   4.803   0
   0.80630803   5.532   5.831   5.395   4.766   0
   0.89999998   4.853   5.130   4.773   4.249   0
   0.92988956   4.667   4.921   4.587   4.098   0
   1.00000000   4.254   4.446   4.163   3.758   0
   1.02384102   4.125   4.289   4.026   3.656   0
   1.08937514   3.788   3.874   3.663   3.393   0
   1.10000002   3.736   3.808   3.606   3.351   0
   1.11412311   3.670   3.727   3.537   3.305   0
   1.18206394   3.360   3.360   3.228   3.092   0
   1.20000005   3.281   3.273   3.156   3.041   0
   1.23079944   3.147   3.128   3.036   2.956   0
   1.27179635   2.966   2.958   2.893   2.846   0
   1.29999995   2.844   2.845   2.797   2.772   0
   1.34298122   2.661   2.693   2.667   2.664   0
   1.39043999   2.459   2.530   2.526   2.544   0
   1.39999998   2.419   2.498   2.498   2.519   0
   1.42953765   2.296   2.403   2.415   2.446   0
   1.47031939   2.126   2.271   2.297   2.340   0
   1.50000000   2.001   2.173   2.208   2.258   0
   1.50110054   1.996   2.169   2.205   2.255   0
   1.52658653   1.882   2.074   2.117   2.172   1
   1.52960825   1.869   2.063   2.106   2.162   0
   1.55730915   1.745   1.953   2.001   2.059   0
   1.58389163   1.623   1.837   1.888   1.947   0
   1.60000002   1.547   1.761   1.813   1.871   0
   1.61723614   1.464   1.677   1.729   1.786   0
   1.63890469   1.356   1.560   1.611   1.666   0
   1.65922344   1.249   1.440   1.489   1.540   0
   1.66882813   1.196   1.381   1.429   1.478   0
   1.67805541   1.142   1.323   1.371   1.418   0
   1.68120682   1.123   1.305   1.353   1.400   0
   1.68730688   1.084   1.277   1.329   1.379   0
   1.69004440   1.060   1.273   1.329   1.384   3
   1.69193375   1.031   1.281   1.346   1.410   0
   1.69248891   1.000   1.280   1.351   1.422   0
   1.69280601   0.959   1.262   1.339   1.415   0
   1.69290197   0.964   1.260   1.335   1.409   0
   1.69317865   0.905   1.157   1.223   1.286   0
   1.69381726   0.798   1.005   1.063   1.115   0
   1.69503570   0.731   0.890   0.938   0.977   0
   1.69655669   0.674   0.781   0.816   0.840   0
   1.69789755   0.631   0.684   0.704   0.712   0
   1.69889700   0.607   0.612   0.616   0.603   0
   1.69986796   0.594   0.548   0.529   0.487   0
   1.70000005   0.593   0.539   0.516   0.469   0
   1.70051754   0.591   0.514   0.474   0.406   0
   1.70116854   0.597   0.494   0.427   0.320   0
   1.70181763   0.609   0.507   0.397   0.231   0
   1.70247066   0.626   0.555   0.390   0.142   3
   1.70312190   0.656   0.644   0.411   0.058   0
   1.70345259   0.680   0.703   0.432   0.018   0
   1.70378852   0.709   0.769   0.458  -0.020   0
   1.70412982   0.753   0.843   0.491  -0.047   0
   1.70482230   0.848   0.971   0.554  -0.070   0
   1.70552421   0.964   1.097   0.630  -0.055   0
   1.70655012   1.111   1.242   0.722  -0.023   4
   1.70839548   1.065   1.171   0.612  -0.171   0
   1.70982146   0.955   1.047   0.475  -0.322   0
   1.71129417   0.832   0.913   0.331  -0.475   0
   1.71269059   0.710   0.781   0.191  -0.623   0
   1.71411705   0.582   0.644   0.047  -0.775   0
   1.71555626   0.454   0.508  -0.096  -0.925   0
   1.71705186   0.333   0.376  -0.235  -1.072   0
   1.71837056   0.220   0.251  -0.369  -1.213   0
   1.71962142   0.115   0.131  -0.498  -1.349   0
   1.72071612   0.016   0.018  -0.621  -1.480   0
   1.72178304  -0.087  -0.099  -0.747  -1.613   0
   1.72281826  -0.189  -0.214  -0.871  -1.746   0
   1.72379053  -0.289  -0.328  -0.995  -1.877   0
   1.72446930  -0.379  -0.430  -1.106  -1.996   0
   1.72507453  -0.463  -0.526  -1.211  -2.108   0
   1.72571158  -0.544  -0.620  -1.314  -2.219   0
   1.72577465  -0.550  -0.627  -1.322  -2.227   2
   1.72577465   0.173   0.106  -0.087  -0.383   1
   1.72920275   0.191   0.177  -0.077  -0.469   0
   1.73041868   0.173   0.152  -0.095  -0.477   0
   1.73579025   0.101   0.058  -0.167  -0.515   0
   1.74103022   0.030  -0.035  -0.237  -0.549   0
   1.74586356  -0.035  -0.119  -0.300  -0.582   0
   1.75000000  -0.087  -0.184  -0.349  -0.607   0
   1.75021791  -0.088  -0.185  -0.350  -0.608   0
   1.75780010  -0.114  -0.217  -0.371  -0.617   0
   1.76702619  -0.143  -0.249  -0.397  -0.634   0
   1.76999998  -0.152  -0.260  -0.405  -0.640   0
   1.77931285  -0.250  -0.373  -0.492  -0.693   0
   1.79450893  -0.404  -0.538  -0.623  -0.782   0
   1.79999995  -0.457  -0.590  -0.667  -0.815   0
   1.80103421  -0.469  -0.601  -0.676  -0.822   1
   1.81289315  -0.571  -0.716  -0.804  -0.976   0
   1.81712973  -0.598  -0.726  -0.853  -1.074   0
   1.81930387  -0.602  -0.712  -0.879  -1.154   0
   1.82107317  -0.597  -0.671  -0.888  -1.234   0
   1.82212627  -0.584  -0.622  -0.884  -1.296   0
   1.82508433  -0.580  -0.583  -0.894  -1.378   3
   1.82696438  -0.556  -0.527  -0.886  -1.440   0
   1.82727563  -0.511  -0.466  -0.864  -1.466   0
   1.82751703  -0.459  -0.399  -0.839  -1.493   0
   1.82779026  -0.361  -0.301  -0.794  -1.510   0
   1.82798731  -0.197  -0.147  -0.697  -1.472   0
   1.82802534  -0.138  -0.094  -0.661  -1.454   4
   1.82808828  -0.219  -0.198  -0.800  -1.628   0
   1.82813227  -0.331  -0.326  -0.946  -1.789   0
   1.82881737  -0.450  -0.471  -1.112  -1.972   0
   1.82907498  -0.575  -0.617  -1.274  -2.149   0
   1.82931364  -0.700  -0.765  -1.440  -2.328   0
   1.82952094  -0.840  -0.931  -1.625  -2.530   0
   1.82964039  -0.999  -1.118  -1.835  -2.758   0
   1.82977855  -1.153  -1.300  -2.038  -2.979   0
   1.82990408  -1.266  -1.446  -2.207  -3.166   0
   1.83002341  -1.362  -1.576  -2.360  -3.335   0
   1.83013022  -1.454  -1.700  -2.506  -3.496   0
   1.83026206  -1.563  -1.846  -2.676  -3.684   0
   1.83035624  -1.659  -1.975  -2.827  -3.852   0
   1.83042538  -1.742  -2.091  -2.967  -4.008   0
   1.83048809  -1.831  -2.213  -3.111  -4.170   0
   1.83055091  -1.902  -2.319  -3.244  -4.322   0
   1.83061993  -1.983  -2.453  -3.415  -4.521   0
   1.83063245  -2.034  -2.565  -3.566  -4.699   0
   1.83063316  -2.016  -2.521  -3.505  -4.626   1
   1.83064365  -2.043  -2.584  -3.592  -4.730   0
   1.83065486  -2.051  -2.604  -3.618  -4.761   0
   1.83066392  -2.058  -2.619  -3.639  -4.786   0
   1.83067489  -2.066  -2.638  -3.665  -4.818   0
   1.83068597  -2.075  -2.657  -3.691  -4.849   0
   1.83069479  -2.081  -2.672  -3.712  -4.874   0
   1.83070576  -2.089  -2.691  -3.738  -4.905   0
   1.83071673  -2.097  -2.710  -3.764  -4.936   0
   1.83072770  -2.105  -2.729  -3.790  -4.967   0
   1.83073878  -2.113  -2.748  -3.816  -4.999   0
   1.83074975  -2.120  -2.766  -3.842  -5.030   0
   1.83076060  -2.128  -2.785  -3.868  -5.061   0
   1.83077145  -2.135  -2.803  -3.894  -5.092   0
   1.83078218  -2.143  -2.822  -3.919  -5.124   0
   1.83079302  -2.150  -2.840  -3.945  -5.155   0
   1.83080387  -2.157  -2.858  -3.971  -5.186   0
   1.83081460  -2.164  -2.875  -3.994  -5.215   0
   1.83082545  -2.169  -2.890  -4.015  -5.240   0
   1.83083618  -2.175  -2.904  -4.036  -5.265   0
   1.83084702  -2.179  -2.916  -4.052  -5.286   0
   1.83088827  -2.186  -2.933  -4.078  -5.317   0
   1.83092904  -2.192  -2.951  -4.103  -5.348   0
   1.83096957  -2.197  -2.968  -4.128  -5.379   0
   1.83100986  -2.202  -2.985  -4.153  -5.410   0
   1.83104968  -2.208  -3.001  -4.177  -5.441   0
   1.83108938  -2.213  -3.018  -4.202  -5.472   0
   1.83112860  -2.218  -3.034  -4.227  -5.503   0
   1.83116758  -2.222  -3.051  -4.251  -5.534   0
   1.83120608  -2.227  -3.067  -4.276  -5.565   0
   1.83124447  -2.232  -3.083  -4.300  -5.596   0
   1.83128238  -2.236  -3.099  -4.325  -5.627   0
   1.83132005  -2.240  -3.115  -4.349  -5.658   0
   1.83135736  -2.242  -3.130  -4.373  -5.689   0
   1.83139431  -2.243  -3.145  -4.396  -5.719   0
   1.83143103  -2.243  -3.159  -4.419  -5.749   0
   1.83146739  -2.243  -3.173  -4.441  -5.779   0
   1.83150339  -2.243  -3.187  -4.465  -5.810   0
   1.83153915  -2.243  -3.201  -4.488  -5.841   0
   1.83157444  -2.243  -3.216  -4.512  -5.873   0
   1.83160949  -2.242  -3.230  -4.535  -5.904   0
   1.83164430  -2.241  -3.244  -4.559  -5.936   0
   1.83167183  -2.240  -3.256  -4.579  -5.963   0
   1.83169913  -2.239  -3.267  -4.599  -5.990   0
   1.83172631  -2.238  -3.279  -4.619  -6.017   0
   1.83175325  -2.237  -3.291  -4.639  -6.044   0
   1.83177996  -2.235  -3.302  -4.659  -6.071   0
   1.83180654  -2.233  -3.313  -4.678  -6.098   0
   1.83183300  -2.231  -3.324  -4.698  -6.125   0
   1.83185923  -2.229  -3.335  -4.717  -6.152   0
   1.83188534  -2.226  -3.345  -4.736  -6.178   0
   1.83191121  -2.223  -3.355  -4.755  -6.205   0
   1.83193696  -2.220  -3.365  -4.774  -6.231   0
   1.83196270  -2.217  -3.375  -4.792  -6.257   0
   1.83198822  -2.221  -3.389  -4.813  -6.283   0
   1.83201373  -2.227  -3.403  -4.833  -6.308   0
   1.83203912  -2.232  -3.417  -4.853  -6.333   0
   1.83206439  -2.237  -3.431  -4.872  -6.358   0
   1.83208966  -2.241  -3.444  -4.892  -6.382   0
   1.83211493  -2.246  -3.458  -4.911  -6.407   0
   1.83214009  -2.250  -3.471  -4.930  -6.431   0
   1.83216512  -2.254  -3.484  -4.949  -6.454   0
   1.83219028  -2.258  -3.496  -4.967  -6.478   0
   1.83221555  -2.262  -3.508  -4.985  -6.501   0
   1.83224714  -2.266  -3.523  -5.007  -6.529   0
   1.83227873  -2.270  -3.538  -5.029  -6.557   0
   1.83231056  -2.273  -3.551  -5.050  -6.584   0
   1.83234203  -2.275  -3.564  -5.069  -6.609   0
   1.83237171  -2.277  -3.575  -5.087  -6.632   0
   1.83240521  -2.278  -3.587  -5.105  -6.657   0
   1.83244181  -2.278  -3.598  -5.124  -6.681   0
   1.83248067  -2.277  -3.608  -5.142  -6.706   0
   1.83252549  -2.274  -3.617  -5.159  -6.731   0
   1.83257079  -2.269  -3.625  -5.174  -6.754   0
   1.83262408  -2.250  -3.621  -5.181  -6.770   0
