   0.15000001  13.865  12.830  11.474   9.866   0
   0.20000000  12.478  11.705  10.517   9.092   0
   0.25000000  11.711  11.015   9.893   8.549   0
   0.30000001  11.212  10.571   9.490   8.200   0
   0.34999999  10.779  10.184   9.137   7.893   0
   0.40000001  10.369   9.818   8.802   7.599   0
   0.44999999   9.884   9.392   8.412   7.257   0
   0.50000000   9.390   8.970   8.032   6.933   0
   0.55000001   8.766   8.462   7.585   6.562   0
   0.60000002   8.072   7.921   7.121   6.185   0
   0.69999999   6.791   6.907   6.280   5.494   0
   0.80000001   5.798   6.042   5.556   4.893   0
   0.89999998   5.056   5.314   4.920   4.358   0
   1.00000000   4.460   4.673   4.351   3.891   0
   1.04785693   4.214   4.390   4.102   3.697   0
   1.10000002   3.965   4.097   3.842   3.497   0
   1.12460089   3.856   3.962   3.727   3.418   0
   1.20000005   3.546   3.582   3.402   3.197   0
   1.29999995   3.183   3.167   3.062   2.969   0
   1.39999998   2.850   2.857   2.807   2.784   0
   1.50000000   2.547   2.617   2.607   2.623   0
   1.60000002   2.273   2.416   2.435   2.478   0
   1.70000005   2.030   2.240   2.282   2.343   0
   1.75000000   1.920   2.160   2.211   2.278   0
   1.79999995   1.811   2.081   2.140   2.214   0
   1.89999998   1.610   1.932   2.003   2.090   0
   1.92054081   1.571   1.902   1.976   2.065   0
   2.00000000   1.425   1.792   1.874   1.970   0
   2.20000005   1.081   1.522   1.622   1.734   0
   2.34075904   0.862   1.344   1.454   1.577   0
   2.50000000   0.625   1.148   1.267   1.399   0
   2.66509914   0.399   0.955   1.083   1.223   0
   2.92857337   0.048   0.648   0.788   0.939   0
   3.00000000  -0.048   0.563   0.706   0.859   0
   3.16237235  -0.255   0.376   0.524   0.682   0
   3.35297728  -0.500   0.149   0.302   0.465   0
   3.50000000  -0.694  -0.034   0.123   0.288   0
   3.52476478  -0.725  -0.063   0.094   0.259   0
   3.66757059  -0.913  -0.244  -0.084   0.083   0
   3.79024792  -1.085  -0.413  -0.252  -0.086   0
   3.89604282  -1.244  -0.574  -0.412  -0.247   0
   3.98725343  -1.393  -0.727  -0.565  -0.402   1
   4.00000000  -1.415  -0.750  -0.589  -0.425   0
   4.07232809  -1.545  -0.886  -0.726  -0.566   0
   4.14234018  -1.680  -1.030  -0.871  -0.714   0
   4.17418051  -1.744  -1.098  -0.940  -0.784   0
   4.20391178  -1.803  -1.159  -1.001  -0.847   0
   4.21590328  -1.825  -1.181  -1.023  -0.869   0
   4.23651838  -1.856  -1.204  -1.045  -0.888   3
   4.24670076  -1.860  -1.195  -1.033  -0.872   0
   4.25374174  -1.847  -1.156  -0.987  -0.819   0
   4.25579643  -1.842  -1.130  -0.956  -0.781   0
   4.25697613  -1.849  -1.118  -0.940  -0.759   0
   4.25716209  -1.841  -1.113  -0.936  -0.756   0
   4.25766230  -1.834  -1.135  -0.965  -0.793   0
   4.25819159  -1.939  -1.266  -1.102  -0.939   0
   4.25889683  -2.076  -1.429  -1.271  -1.118   0
   4.25982237  -2.197  -1.583  -1.432  -1.290   0
   4.26070356  -2.289  -1.706  -1.562  -1.430   0
   4.26170206  -2.382  -1.836  -1.699  -1.579   0
   4.26249456  -2.453  -1.940  -1.810  -1.701   0
   4.26334524  -2.528  -2.054  -1.934  -1.837   0
   4.26421022  -2.606  -2.180  -2.070  -1.988   0
   4.26479673  -2.660  -2.272  -2.170  -2.099   0
   4.26538277  -2.716  -2.373  -2.279  -2.221   0
   4.26598358  -2.769  -2.483  -2.400  -2.358   0
   4.26627684  -2.795  -2.543  -2.465  -2.432   0
   4.26682758  -2.837  -2.659  -2.594  -2.581   0
   4.26718616  -2.858  -2.738  -2.686  -2.689   0
   4.26746130  -2.865  -2.799  -2.758  -2.775   0
   4.26770926  -2.858  -2.849  -2.822  -2.856   0
   4.26792955  -2.844  -2.892  -2.879  -2.931   0
   4.26814938  -2.813  -2.917  -2.926  -3.006   0
   4.26832867  -2.777  -2.920  -2.955  -3.072   0
   4.26850700  -2.734  -2.905  -2.973  -3.136   0
   4.26868582  -2.679  -2.855  -2.973  -3.204   3
   4.26882362  -2.633  -2.783  -2.955  -3.252   0
   4.26896095  -2.574  -2.694  -2.927  -3.301   0
   4.26909876  -2.505  -2.591  -2.887  -3.344   0
   4.26919460  -2.448  -2.512  -2.853  -3.368   0
   4.26929092  -2.369  -2.414  -2.810  -3.392   0
   4.26938725  -2.275  -2.308  -2.762  -3.411   0
   4.26952457  -2.131  -2.170  -2.692  -3.413   0
   4.26975822  -1.916  -1.981  -2.578  -3.367   0
   4.26999187  -1.772  -1.857  -2.503  -3.335   4
   4.27031136  -1.788  -1.936  -2.646  -3.527   0
   4.27054405  -1.865  -2.042  -2.776  -3.676   0
   4.27127028  -1.943  -2.142  -2.895  -3.809   0
   4.27176380  -1.952  -2.153  -2.907  -3.823   0
   4.30410528  -1.984  -2.147  -2.861  -3.746   4
   4.31959057  -2.293  -2.396  -3.019  -3.830   0
   4.32511902  -2.581  -2.642  -3.144  -3.842   0
   4.32852793  -2.750  -2.814  -3.219  -3.813   0
   4.33086014  -2.834  -2.913  -3.262  -3.790   0
   4.33416271  -2.919  -3.030  -3.312  -3.754   0
   4.33763409  -2.989  -3.130  -3.350  -3.714   0
   4.34107161  -3.048  -3.211  -3.379  -3.676   0
   4.34495926  -3.106  -3.288  -3.401  -3.634   0
   4.34944105  -3.162  -3.337  -3.409  -3.587   3
   4.35432482  -3.214  -3.370  -3.408  -3.540   0
   4.35963440  -3.262  -3.384  -3.398  -3.493   0
   4.36609507  -3.309  -3.379  -3.371  -3.438   0
   4.37292814  -3.349  -3.360  -3.336  -3.381   0
   4.37953615  -3.374  -3.331  -3.295  -3.326   0
   4.38759995  -3.392  -3.293  -3.247  -3.264   0
   4.39726830  -3.409  -3.258  -3.202  -3.207   0
   4.40901804  -3.417  -3.220  -3.156  -3.148   0
   4.42292309  -3.427  -3.182  -3.110  -3.090   0
   4.44262743  -3.448  -3.162  -3.082  -3.052   0
   4.45612717  -3.467  -3.161  -3.077  -3.042   1
   4.48110247  -3.553  -3.278  -3.201  -3.175   0
   4.49250650  -3.614  -3.379  -3.309  -3.296   0
   4.49835205  -3.655  -3.463  -3.402  -3.400   0
   4.50000000  -3.668  -3.494  -3.436  -3.439   0
   4.50262547  -3.687  -3.548  -3.495  -3.508   0
   4.50503397  -3.707  -3.634  -3.592  -3.620   0
   4.50622797  -3.702  -3.697  -3.670  -3.716   0
   4.50685120  -3.686  -3.735  -3.722  -3.787   0
   4.50736761  -3.655  -3.767  -3.774  -3.867   0
   4.50777721  -3.602  -3.770  -3.810  -3.952   0
   4.50809717  -3.519  -3.710  -3.812  -4.039   3
   4.50822210  -3.465  -3.644  -3.796  -4.082   0
   4.50832844  -3.403  -3.563  -3.770  -4.122   0
   4.50841761  -3.336  -3.471  -3.734  -4.154   0
   4.50848866  -3.256  -3.365  -3.684  -4.176   0
   4.50854206  -3.176  -3.267  -3.636  -4.190   0
   4.50859547  -3.079  -3.156  -3.581  -4.199   0
   4.50866652  -2.859  -2.942  -3.473  -4.201   0
   4.50871992  -2.678  -2.787  -3.384  -4.172   0
   4.50882673  -2.459  -2.595  -3.257  -4.102   4
   4.50896883  -2.314  -2.523  -3.269  -4.177   0
   4.50904036  -2.384  -2.629  -3.408  -4.341   0
   4.50920010  -2.469  -2.748  -3.554  -4.507   0
   4.51012468  -2.507  -2.844  -3.690  -4.671   0
   4.51058674  -2.570  -2.959  -3.840  -4.846   0
   4.51126194  -2.638  -3.073  -3.984  -5.011   0
   4.51209688  -2.716  -3.193  -4.134  -5.181   0
   4.51282454  -2.776  -3.298  -4.269  -5.338   0
   4.51353455  -2.833  -3.412  -4.421  -5.517   0
   4.51413774  -2.872  -3.520  -4.569  -5.693   0
   4.51463413  -2.895  -3.616  -4.707  -5.862   0
   4.51502419  -2.920  -3.705  -4.835  -6.017   0
   4.51536083  -2.933  -3.783  -4.952  -6.162   0
   4.51576853  -3.003  -3.893  -5.085  -6.313   0
   4.51603413  -3.041  -3.983  -5.209  -6.460   0
   4.51647711  -3.046  -3.918  -5.098  -6.316   1
   4.51660109  -3.046  -3.983  -5.205  -6.454   0
   4.51674271  -3.045  -4.050  -5.313  -6.594   0
   4.51686668  -3.022  -4.106  -5.415  -6.733   2
   4.51686907  -3.023  -4.104  -5.411  -6.727   0
   4.51694489  -3.020  -4.120  -5.438  -6.763   0
   4.51702309  -3.018  -4.134  -5.461  -6.793   0
   4.51710129  -3.016  -4.147  -5.483  -6.823   0
   4.51716375  -3.014  -4.158  -5.501  -6.847   0
   4.51724195  -3.011  -4.171  -5.524  -6.877   0
   4.51732016  -3.008  -4.184  -5.546  -6.907   0
   4.51739836  -3.005  -4.197  -5.568  -6.937   0
   4.51789522  -3.000  -4.208  -5.588  -6.964   0
   4.51851940  -2.996  -4.220  -5.609  -6.992   0
   4.51914835  -2.992  -4.231  -5.630  -7.020   0
   4.51993799  -2.987  -4.243  -5.651  -7.049   0
   4.52072859  -2.983  -4.255  -5.673  -7.079   0
   4.52152109  -2.978  -4.266  -5.694  -7.108   0
   4.52231503  -2.973  -4.277  -5.715  -7.137   0
   4.52311087  -2.967  -4.289  -5.736  -7.166   0
   4.52390862  -2.961  -4.300  -5.757  -7.195   0
   4.52470827  -2.955  -4.310  -5.778  -7.224   0
   4.52551031  -2.949  -4.321  -5.799  -7.253   0
   4.52631474  -2.950  -4.335  -5.820  -7.281   0
   4.52712202  -2.954  -4.351  -5.843  -7.309   0
   4.52793264  -2.959  -4.367  -5.866  -7.337   0
   4.52874613  -2.963  -4.383  -5.888  -7.365   0
   4.52956343  -2.967  -4.399  -5.910  -7.393   0
   4.53037977  -2.971  -4.414  -5.932  -7.421   0
   4.53116322  -2.975  -4.429  -5.953  -7.447   0
   4.53190947  -2.980  -4.442  -5.971  -7.470   0
   4.53262281  -2.984  -4.455  -5.989  -7.493   0
   4.53343821  -2.988  -4.469  -6.009  -7.519   0
   4.53421402  -2.992  -4.483  -6.028  -7.543   0
   4.53495407  -2.996  -4.495  -6.045  -7.565   0
   4.53577566  -3.000  -4.509  -6.065  -7.590   0
   4.53655720  -3.003  -4.522  -6.083  -7.614   0
   4.53740549  -3.007  -4.536  -6.102  -7.638   0
   4.53762770  -3.008  -4.539  -6.107  -7.645   0
