   0.15000001  13.722  12.766  11.433   9.852   0
   0.20000000  12.306  11.635  10.468   9.066   0
   0.25000000  11.531  10.952   9.849   8.523   0
   0.30000001  11.026  10.508   9.443   8.168   0
   0.34999999  10.588  10.121   9.090   7.857   0
   0.40000001  10.181   9.762   8.760   7.565   0
   0.44999999   9.681   9.325   8.360   7.209   0
   0.50000000   9.174   8.893   7.972   6.873   0
   0.55000001   8.522   8.363   7.513   6.491   0
   0.60000002   7.591   7.650   6.943   6.056   0
   0.66359645   6.791   6.978   6.378   5.586   0
   0.69999999   6.389   6.627   6.079   5.335   0
   0.73766315   5.978   6.259   5.766   5.074   0
   0.78662008   5.513   5.811   5.375   4.746   0
   0.80000001   5.390   5.691   5.270   4.658   0
   0.83612669   5.089   5.377   4.990   4.423   0
   0.87287408   4.790   5.061   4.707   4.185   0
   0.89999998   4.583   4.830   4.498   4.010   0
   0.90598422   4.538   4.779   4.452   3.973   0
   0.93410897   4.326   4.538   4.237   3.799   0
   0.95993221   4.136   4.314   4.036   3.638   0
   0.98455805   3.951   4.095   3.840   3.482   0
   1.00000000   3.833   3.954   3.714   3.384   0
   1.01375759   3.733   3.830   3.605   3.304   0
   1.04236090   3.512   3.558   3.368   3.130   0
   1.07422590   3.248   3.246   3.098   2.930   0
   1.09141004   3.098   3.080   2.954   2.820   0
   1.10000002   3.021   2.997   2.883   2.763   0
   1.10932314   2.937   2.909   2.807   2.701   0
   1.12185812   2.825   2.790   2.703   2.615   0
   1.12742305   2.770   2.733   2.652   2.572   0
   1.13492393   2.684   2.648   2.575   2.504   0
   1.14048231   2.619   2.585   2.516   2.451   0
   1.16133487   2.353   2.319   2.263   2.208   1
   1.17209613   2.175   2.123   2.063   1.997   0
   1.17809379   2.052   1.990   1.913   1.821   0
   1.18133402   1.980   1.907   1.808   1.682   0
   1.18355572   1.922   1.868   1.728   1.539   0
   1.18496668   1.887   1.860   1.682   1.431   0
   1.18609905   1.865   1.878   1.656   1.330   0
   1.18684471   1.858   1.911   1.649   1.257   3
   1.18779361   1.866   1.974   1.653   1.165   0
   1.18870938   1.900   2.049   1.668   1.095   0
   1.18963110   1.957   2.121   1.689   1.049   0
   1.19082260   2.061   2.223   1.734   1.025   0
   1.19138956   2.107   2.265   1.751   1.016   4
   1.19296563   2.053   2.192   1.643   0.873   0
   1.19410467   1.930   2.053   1.488   0.701   0
   1.19510567   1.804   1.916   1.342   0.544   0
   1.19614637   1.660   1.760   1.176   0.371   0
   1.19703734   1.527   1.617   1.027   0.214   0
   1.19786096   1.392   1.472   0.876   0.056   0
   1.19858789   1.267   1.338   0.736  -0.090   0
   1.19924355   1.135   1.198   0.590  -0.243   0
   1.19989169   0.999   1.053   0.438  -0.402   0
   1.20000005   0.976   1.029   0.412  -0.429   0
   1.20058095   0.850   0.887   0.261  -0.589   0
   1.20110440   0.725   0.746   0.110  -0.748   0
   1.20154405   0.606   0.610  -0.037  -0.903   0
   1.20196927   0.486   0.475  -0.182  -1.057   0
   1.20234418   0.367   0.341  -0.327  -1.210   0
   1.20269561   0.245   0.203  -0.475  -1.367   0
   1.20302141   0.126   0.068  -0.622  -1.523   0
   1.20330346   0.008  -0.065  -0.766  -1.676   0
   1.20356989  -0.107  -0.198  -0.911  -1.832   0
   1.20386791  -0.191  -0.296  -1.019  -1.947   0
   1.20401597  -0.085  -0.170  -0.878  -1.795   0
   1.20404315  -0.065  -0.147  -0.852  -1.767   1
   1.20425129  -0.179  -0.279  -0.999  -1.924   0
   1.20446181  -0.296  -0.414  -1.145  -2.080   0
   1.20467126  -0.411  -0.549  -1.296  -2.243   0
   1.20485270  -0.516  -0.681  -1.442  -2.401   0
   1.20500803  -0.611  -0.802  -1.581  -2.553   0
   1.20515573  -0.711  -0.930  -1.727  -2.711   0
   1.20529425  -0.800  -1.054  -1.873  -2.875   0
   1.20541382  -0.888  -1.173  -2.013  -3.030   0
   1.20552540  -0.985  -1.300  -2.160  -3.192   0
   1.20562124  -1.079  -1.421  -2.300  -3.343   0
   1.20570695  -1.158  -1.533  -2.434  -3.495   0
   1.20578587  -1.241  -1.646  -2.569  -3.646   0
   1.20584452  -1.293  -1.722  -2.662  -3.752   2
   1.20584452   0.617   0.707   0.243  -0.438   1
   1.20621097   0.625   0.714   0.240  -0.455   0
   1.20666575   0.622   0.710   0.228  -0.475   0
   1.20713592   0.614   0.701   0.216  -0.491   0
   1.20713925   0.613   0.701   0.216  -0.491   0
   1.20771301   0.594   0.681   0.199  -0.504   0
   1.20830679   0.571   0.657   0.182  -0.513   0
   1.20891523   0.548   0.634   0.165  -0.523   0
   1.20954788   0.525   0.610   0.148  -0.532   0
   1.21020889   0.503   0.588   0.132  -0.542   0
   1.21085417   0.484   0.568   0.116  -0.552   0
   1.21149731   0.467   0.550   0.102  -0.563   0
   1.21211779   0.451   0.534   0.087  -0.576   0
   1.21212161   0.451   0.534   0.087  -0.576   0
   1.21266639   0.443   0.525   0.077  -0.588   0
   1.21322608   0.434   0.516   0.065  -0.602   0
   1.21380508   0.430   0.511   0.054  -0.621   0
   1.21446860   0.426   0.505   0.039  -0.647   0
   1.21506107   0.424   0.503   0.025  -0.674   0
   1.21592891   0.422   0.498  -0.002  -0.726   0
   1.21618676   0.420   0.496  -0.013  -0.747   0
   1.21651113   0.417   0.490  -0.029  -0.775   0
   1.21718693   0.416   0.477  -0.067  -0.837   0
   1.21731555   0.416   0.467  -0.093  -0.879   0
   1.21738887   0.397   0.438  -0.142  -0.946   0
   1.21741045   0.377   0.411  -0.179  -0.993   0
   1.21742678   0.319   0.342  -0.264  -1.094   0
   1.21743512   0.221   0.226  -0.397  -1.244   0
   1.21744215   0.139   0.124  -0.516  -1.375   0
   1.21745026   0.052   0.021  -0.633  -1.504   0
   1.21746445  -0.030  -0.074  -0.737  -1.616   0
   1.21752417   0.030  -0.003  -0.657  -1.529   1
   1.21765506  -0.092  -0.148  -0.821  -1.708   0
   1.21771574  -0.197  -0.273  -0.962  -1.862   0
   1.21777356  -0.318  -0.417  -1.123  -2.037   0
   1.21782017  -0.435  -0.556  -1.279  -2.207   0
   1.21786964  -0.588  -0.738  -1.483  -2.430   0
   1.21791494  -0.703  -0.887  -1.656  -2.620   0
   1.21796608  -0.811  -1.039  -1.838  -2.824   0
   1.21800137  -0.906  -1.171  -1.995  -2.999   0
   1.21802819  -1.001  -1.300  -2.146  -3.166   0
   1.21805084  -1.093  -1.425  -2.294  -3.331   0
   1.21807086  -1.181  -1.546  -2.438  -3.492   0
   1.21809042  -1.259  -1.660  -2.578  -3.650   0
   1.21810865  -1.345  -1.789  -2.738  -3.834   0
   1.21811008  -1.355  -1.812  -2.768  -3.870   0
   1.21811271  -1.363  -1.829  -2.791  -3.897   0
   1.21811581  -1.373  -1.850  -2.820  -3.931   0
   1.21811891  -1.383  -1.871  -2.848  -3.964   0
   1.21812129  -1.390  -1.887  -2.870  -3.990   0
   1.21812439  -1.399  -1.908  -2.897  -4.022   0
   1.21812737  -1.408  -1.928  -2.925  -4.055   0
   1.21813035  -1.417  -1.948  -2.952  -4.088   0
   1.21813345  -1.426  -1.968  -2.979  -4.120   0
   1.21813643  -1.435  -1.988  -3.007  -4.153   0
   1.21813881  -1.442  -2.005  -3.029  -4.179   0
   1.21814191  -1.451  -2.025  -3.056  -4.211   0
   1.21814489  -1.459  -2.044  -3.083  -4.244   0
   1.21814787  -1.468  -2.064  -3.110  -4.277   0
   1.21815097  -1.476  -2.085  -3.139  -4.311   0
   1.21815395  -1.485  -2.105  -3.167  -4.345   0
   1.21815693  -1.493  -2.125  -3.194  -4.378   0
   1.21815979  -1.501  -2.145  -3.222  -4.411   0
   1.21816218  -1.508  -2.160  -3.243  -4.437   0
   1.21816504  -1.516  -2.180  -3.270  -4.470   0
   1.21816790  -1.523  -2.199  -3.297  -4.502   0
   1.21817076  -1.531  -2.218  -3.324  -4.535   0
   1.21817362  -1.539  -2.237  -3.351  -4.568   0
   1.21817648  -1.546  -2.256  -3.378  -4.600   0
   1.21817935  -1.553  -2.275  -3.404  -4.633   0
   1.21818221  -1.560  -2.294  -3.431  -4.666   0
   1.21818507  -1.568  -2.313  -3.458  -4.698   0
   1.21818805  -1.575  -2.332  -3.485  -4.731   0
   1.21819091  -1.581  -2.350  -3.511  -4.763   0
   1.21819377  -1.588  -2.369  -3.538  -4.796   0
   1.21819603  -1.593  -2.384  -3.559  -4.822   0
   1.21819890  -1.598  -2.397  -3.580  -4.848   0
   1.21820176  -1.600  -2.408  -3.595  -4.868   0
   1.21820462  -1.603  -2.417  -3.610  -4.886   0
   1.21820700  -1.606  -2.425  -3.622  -4.901   0
   1.21820986  -1.609  -2.435  -3.636  -4.919   0
   1.21821487  -1.611  -2.446  -3.653  -4.940   0
   1.21822309  -1.616  -2.462  -3.678  -4.972   0
   1.21823132  -1.620  -2.479  -3.703  -5.004   0
   1.21823943  -1.622  -2.494  -3.728  -5.036   0
   1.21824741  -1.622  -2.509  -3.751  -5.067   0
   1.21825552  -1.623  -2.524  -3.775  -5.098   0
   1.21826351  -1.623  -2.538  -3.799  -5.129   0
   1.21827137  -1.623  -2.553  -3.822  -5.160   0
   1.21827924  -1.622  -2.567  -3.845  -5.191   0
   1.21828699  -1.622  -2.581  -3.869  -5.222   0
   1.21829474  -1.621  -2.595  -3.892  -5.254   0
   1.21830237  -1.619  -2.608  -3.915  -5.285   0
   1.21831000  -1.618  -2.622  -3.938  -5.316   0
   1.21831751  -1.616  -2.635  -3.961  -5.347   0
   1.21832502  -1.614  -2.648  -3.984  -5.378   0
   1.21833241  -1.611  -2.661  -4.006  -5.409   0
   1.21833992  -1.608  -2.673  -4.029  -5.441   0
   1.21834719  -1.605  -2.685  -4.051  -5.472   0
   1.21835446  -1.601  -2.698  -4.074  -5.503   0
   1.21836162  -1.597  -2.709  -4.096  -5.534   0
   1.21836877  -1.592  -2.721  -4.118  -5.565   0
   1.21837592  -1.587  -2.732  -4.140  -5.597   0
   1.21838284  -1.582  -2.743  -4.162  -5.628   0
   1.21838987  -1.576  -2.753  -4.183  -5.659   0
   1.21839678  -1.572  -2.765  -4.206  -5.690   0
   1.21840358  -1.577  -2.781  -4.230  -5.721   0
   1.21841037  -1.582  -2.798  -4.254  -5.751   0
   1.21841717  -1.587  -2.814  -4.278  -5.782   0
   1.21842384  -1.591  -2.830  -4.302  -5.813   0
   1.21843052  -1.596  -2.846  -4.326  -5.844   0
   1.21843696  -1.599  -2.862  -4.350  -5.875   0
   1.21844351  -1.603  -2.878  -4.374  -5.906   0
   1.21844995  -1.606  -2.893  -4.397  -5.936   0
   1.21845627  -1.608  -2.907  -4.420  -5.966   0
   1.21846139  -1.609  -2.919  -4.438  -5.989   0
   1.21846771  -1.610  -2.932  -4.460  -6.019   0
   1.21847391  -1.610  -2.945  -4.481  -6.047   0
   1.21847475  -1.610  -2.946  -4.483  -6.051   0
