   0.15000001  13.865  12.831  11.475   9.866   0
   0.20000000  12.478  11.705  10.517   9.092   0
   0.25000000  11.711  11.015   9.893   8.549   0
   0.30000001  11.213  10.571   9.490   8.200   0
   0.34999999  10.779  10.184   9.138   7.894   0
   0.40000001  10.370   9.818   8.802   7.599   0
   0.44999999   9.884   9.392   8.412   7.257   0
   0.50000000   9.391   8.971   8.032   6.934   0
   0.55000001   8.767   8.463   7.586   6.563   0
   0.60000002   8.074   7.922   7.122   6.186   0
   0.69999999   6.794   6.909   6.282   5.496   0
   0.80000001   5.802   6.047   5.560   4.896   0
   0.89999998   5.062   5.321   4.925   4.363   0
   1.00000000   4.468   4.682   4.358   3.897   0
   1.10000002   3.974   4.107   3.852   3.506   0
   1.17374361   3.658   3.715   3.516   3.275   0
   1.20000005   3.554   3.590   3.410   3.204   0
   1.24915385   3.369   3.371   3.227   3.081   0
   1.29999995   3.191   3.175   3.069   2.975   0
   1.39999998   2.860   2.866   2.815   2.791   0
   1.50000000   2.558   2.627   2.616   2.632   0
   1.60000002   2.287   2.427   2.446   2.488   0
   1.70000005   2.046   2.254   2.296   2.356   0
   1.75000000   1.936   2.176   2.226   2.293   0
   1.79999995   1.829   2.098   2.156   2.230   0
   1.89999998   1.631   1.952   2.023   2.110   0
   2.00000000   1.450   1.816   1.898   1.994   0
   2.10840178   1.266   1.674   1.765   1.871   0
   2.20000005   1.116   1.557   1.656   1.769   0
   2.50000000   0.676   1.201   1.320   1.453   0
   2.58698463   0.561   1.105   1.229   1.366   0
   2.95453835   0.099   0.710   0.851   1.005   0
   3.00000000   0.044   0.662   0.805   0.961   0
   3.27589822  -0.275   0.378   0.532   0.697   0
   3.50000000  -0.530   0.147   0.307   0.478   0
   3.54685545  -0.581   0.100   0.262   0.434   0
   3.76531863  -0.827  -0.127   0.040   0.216   0
   3.94982791  -1.035  -0.324  -0.153   0.025   1
   4.00000000  -1.093  -0.378  -0.207  -0.028   0
   4.12734461  -1.241  -0.520  -0.347  -0.166   0
   4.26252365  -1.416  -0.693  -0.519  -0.338   0
   4.38347626  -1.582  -0.860  -0.685  -0.506   1
   4.48772478  -1.738  -1.020  -0.846  -0.668   0
   4.50000000  -1.757  -1.040  -0.866  -0.689   0
   4.58136988  -1.888  -1.176  -1.003  -0.829   0
   4.66168690  -2.026  -1.324  -1.153  -0.981   0
   4.69796896  -2.092  -1.393  -1.223  -1.052   0
   4.73183012  -2.153  -1.456  -1.286  -1.117   0
   4.74747324  -2.179  -1.481  -1.311  -1.142   0
   4.76799345  -2.205  -1.500  -1.328  -1.156   3
   4.77904272  -2.208  -1.489  -1.314  -1.139   0
   4.78669310  -2.194  -1.451  -1.270  -1.087   0
   4.78892040  -2.188  -1.426  -1.240  -1.052   0
   4.79022646  -2.192  -1.411  -1.221  -1.028   0
   4.79045582  -2.184  -1.406  -1.217  -1.024   0
   4.79098701  -2.174  -1.423  -1.240  -1.055   0
   4.79156113  -2.272  -1.547  -1.370  -1.193   0
   4.79232597  -2.415  -1.716  -1.545  -1.377   0
   4.79330301  -2.543  -1.876  -1.712  -1.556   0
   4.79421568  -2.640  -2.002  -1.845  -1.699   0
   4.79525518  -2.738  -2.136  -1.987  -1.852   0
   4.79608250  -2.814  -2.243  -2.101  -1.976   0
   4.79693079  -2.892  -2.356  -2.222  -2.110   0
   4.79782104  -2.976  -2.484  -2.360  -2.263   0
   4.79841423  -3.034  -2.576  -2.459  -2.372   0
   4.79902840  -3.095  -2.678  -2.570  -2.496   0
   4.79962111  -3.156  -2.788  -2.690  -2.630   0
   4.80023527  -3.218  -2.911  -2.824  -2.782   0
   4.80038357  -3.233  -2.943  -2.859  -2.822   0
   4.80072403  -3.263  -3.016  -2.941  -2.916   0
   4.80104446  -3.290  -3.091  -3.025  -3.013   0
   4.80132484  -3.311  -3.160  -3.104  -3.104   0
   4.80156469  -3.320  -3.220  -3.173  -3.187   0
   4.80180502  -3.321  -3.280  -3.245  -3.274   0
   4.80200529  -3.310  -3.326  -3.304  -3.348   0
   4.80220509  -3.285  -3.360  -3.355  -3.423   0
   4.80238533  -3.251  -3.379  -3.396  -3.495   0
   4.80254507  -3.213  -3.374  -3.419  -3.556   0
   4.80268526  -3.170  -3.345  -3.425  -3.612   3
   4.80284500  -3.114  -3.288  -3.420  -3.674   0
   4.80298519  -3.052  -3.202  -3.400  -3.732   0
   4.80308533  -3.003  -3.128  -3.373  -3.768   0
   4.80320501  -2.935  -3.032  -3.336  -3.806   0
   4.80330515  -2.861  -2.933  -3.294  -3.837   0
   4.80340481  -2.761  -2.815  -3.242  -3.863   0
   4.80350494  -2.632  -2.689  -3.185  -3.878   0
   4.80364466  -2.469  -2.542  -3.109  -3.870   0
   4.80386448  -2.266  -2.365  -2.999  -3.819   0
   4.80400419  -2.167  -2.285  -2.951  -3.799   4
   4.80425072  -2.147  -2.319  -3.041  -3.931   0
   4.80443525  -2.214  -2.420  -3.171  -4.084   0
   4.80486584  -2.272  -2.497  -3.266  -4.192   0
   4.80587101  -2.309  -2.545  -3.323  -4.256   0
   4.83430529  -2.348  -2.550  -3.291  -4.196   4
   4.85037374  -2.750  -2.866  -3.478  -4.279   0
   4.85423136  -3.028  -3.106  -3.589  -4.267   0
   4.85673761  -3.166  -3.247  -3.648  -4.238   0
   4.85917950  -3.260  -3.359  -3.695  -4.207   0
   4.86164045  -3.330  -3.454  -3.734  -4.175   0
   4.86426401  -3.390  -3.539  -3.765  -4.139   0
   4.86806011  -3.466  -3.641  -3.796  -4.085   0
   4.87183094  -3.528  -3.719  -3.816  -4.036   0
   4.87617207  -3.587  -3.760  -3.818  -3.982   3
   4.88030148  -3.635  -3.780  -3.810  -3.933   0
   4.88520288  -3.682  -3.790  -3.794  -3.881   0
   4.89095497  -3.722  -3.770  -3.757  -3.821   0
   4.89765358  -3.756  -3.742  -3.713  -3.756   0
   4.90443802  -3.780  -3.709  -3.668  -3.696   0
   4.91205788  -3.789  -3.665  -3.615  -3.631   0
   4.92042589  -3.795  -3.620  -3.561  -3.564   0
   4.92981768  -3.795  -3.573  -3.507  -3.498   0
   4.94247150  -3.794  -3.524  -3.449  -3.428   0
   4.95670652  -3.795  -3.483  -3.400  -3.368   0
   4.97335196  -3.799  -3.452  -3.362  -3.320   0
   5.00000000  -3.823  -3.441  -3.344  -3.292   1
   5.00269079  -3.827  -3.443  -3.347  -3.294   0
   5.02992964  -3.921  -3.571  -3.481  -3.440   0
   5.04211903  -3.988  -3.679  -3.598  -3.569   0
   5.04882526  -4.034  -3.765  -3.692  -3.676   0
   5.05332422  -4.073  -3.851  -3.786  -3.782   0
   5.05587769  -4.108  -3.945  -3.890  -3.902   0
   5.05743456  -4.125  -4.026  -3.983  -4.012   0
   5.05814934  -4.122  -4.079  -4.047  -4.090   0
   5.05873585  -4.107  -4.133  -4.116  -4.179   0
   5.05919504  -4.066  -4.172  -4.178  -4.273   0
   5.05955219  -3.990  -4.163  -4.211  -4.369   0
   5.05970526  -3.939  -4.132  -4.211  -4.415   3
   5.05980730  -3.881  -4.071  -4.198  -4.459   0
   5.05993462  -3.791  -3.959  -4.160  -4.510   0
   5.06001139  -3.718  -3.864  -4.122  -4.539   0
   5.06003666  -3.701  -3.842  -4.112  -4.544   0
   5.06011200  -3.573  -3.681  -4.035  -4.570   0
   5.06018782  -3.405  -3.496  -3.945  -4.589   0
   5.06023836  -3.236  -3.334  -3.866  -4.594   0
   5.06028843  -3.038  -3.166  -3.773  -4.569   0
   5.06041431  -2.795  -2.966  -3.653  -4.515   4
   5.06054020  -2.698  -2.944  -3.713  -4.638   0
   5.06066608  -2.762  -3.053  -3.861  -4.815   0
   5.06169796  -2.780  -3.150  -4.014  -5.007   0
   5.06210041  -2.833  -3.246  -4.139  -5.153   0
   5.06267881  -2.889  -3.347  -4.272  -5.308   0
   5.06343269  -2.950  -3.451  -4.405  -5.461   0
   5.06431198  -3.008  -3.553  -4.537  -5.615   0
   5.06519079  -3.056  -3.657  -4.676  -5.779   0
   5.06584311  -3.082  -3.741  -4.794  -5.921   0
   5.06647015  -3.105  -3.831  -4.925  -6.081   0
   5.06697178  -3.128  -3.915  -5.044  -6.226   0
   5.06739807  -3.142  -3.995  -5.164  -6.374   0
   5.06782389  -3.225  -4.109  -5.297  -6.521   0
   5.06802416  -3.249  -4.189  -5.411  -6.661   0
   5.06822443  -3.253  -4.256  -5.519  -6.798   0
   5.06855011  -3.258  -4.191  -5.410  -6.657   0
   5.06857538  -3.255  -4.124  -5.302  -6.518   1
   5.06862545  -3.256  -4.188  -5.406  -6.652   0
   5.06875038  -3.256  -4.253  -5.514  -6.791   0
   5.06880045  -3.249  -4.285  -5.567  -6.862   0
