   0.15000001  13.742  12.779  11.444   9.859   0
   0.20000000  12.321  11.649  10.481   9.077   0
   0.25000000  11.545  10.964   9.860   8.533   0
   0.30000001  11.041  10.521   9.456   8.180   0
   0.34999999  10.604  10.136   9.104   7.870   0
   0.40000001  10.195   9.775   8.772   7.576   0
   0.44999999   9.698   9.340   8.374   7.221   0
   0.50000000   9.200   8.915   7.992   6.891   0
   0.55000001   8.563   8.397   7.542   6.515   0
   0.60000002   7.646   7.696   6.982   6.089   0
   0.67336738   6.754   6.947   6.352   5.564   0
   0.69999999   6.473   6.702   6.144   5.389   0
   0.78440076   5.651   5.946   5.494   4.848   0
   0.80000001   5.517   5.816   5.380   4.752   0
   0.86613560   5.004   5.289   4.913   4.363   0
   0.89999998   4.762   5.029   4.681   4.169   0
   0.92834401   4.575   4.818   4.493   4.017   0
   0.97623408   4.269   4.466   4.178   3.764   0
   1.00000000   4.123   4.293   4.024   3.641   0
   1.02175629   3.994   4.136   3.886   3.539   0
   1.05771923   3.789   3.882   3.664   3.379   0
   1.09047282   3.604   3.654   3.466   3.237   0
   1.10000002   3.550   3.590   3.411   3.198   0
   1.12823701   3.397   3.405   3.253   3.086   0
   1.15599918   3.247   3.237   3.112   2.984   0
   1.17997825   3.116   3.095   2.994   2.897   0
   1.20000005   3.002   2.979   2.896   2.823   0
   1.20647502   2.964   2.943   2.865   2.799   0
   1.22411096   2.856   2.842   2.779   2.730   0
   1.23951411   2.761   2.753   2.702   2.669   0
   1.25318968   2.676   2.677   2.636   2.614   0
   1.26549578   2.602   2.613   2.580   2.565   0
   1.27635157   2.536   2.557   2.530   2.522   0
   1.28132880   2.506   2.531   2.506   2.500   0
   1.28602731   2.478   2.506   2.484   2.481   0
   1.29169250   2.443   2.476   2.458   2.457   0
   1.29384172   2.431   2.465   2.447   2.448   0
   1.29816985   2.408   2.445   2.429   2.431   0
   1.29999995   2.399   2.436   2.421   2.423   0
   1.30778599   2.352   2.394   2.382   2.387   0
   1.32769525   2.234   2.282   2.276   2.285   0
   1.34906578   2.104   2.152   2.147   2.156   0
   1.36003959   2.033   2.078   2.074   2.081   0
   1.36931598   1.967   2.013   2.009   2.017   0
   1.37047899   1.958   2.004   2.002   2.010   0
   1.37816155   1.886   1.948   1.952   1.966   0
   1.38060248   1.847   1.927   1.938   1.958   0
   1.38252950   1.775   1.888   1.912   1.943   0
   1.38299656   1.735   1.859   1.886   1.920   1
   1.38310754   1.729   1.852   1.879   1.912   0
   1.38559866   1.645   1.737   1.756   1.779   0
   1.39738965   1.454   1.466   1.461   1.453   0
   1.39999998   1.409   1.393   1.378   1.358   0
   1.40104747   1.394   1.370   1.350   1.322   0
   1.40412593   1.345   1.278   1.232   1.170   0
   1.40593445   1.320   1.237   1.161   1.054   0
   1.40750515   1.302   1.223   1.106   0.942   0
   1.40845191   1.297   1.234   1.080   0.860   0
   1.40932381   1.301   1.274   1.074   0.782   3
   1.41017139   1.313   1.337   1.087   0.712   0
   1.41099274   1.335   1.406   1.107   0.651   0
   1.41181362   1.378   1.491   1.138   0.602   0
   1.41256189   1.428   1.565   1.170   0.576   0
   1.41367173   1.508   1.660   1.219   0.564   0
   1.41494083   1.626   1.776   1.287   0.578   0
   1.41591692   1.672   1.820   1.307   0.573   4
   1.41871214   1.630   1.757   1.206   0.431   0
   1.42076433   1.507   1.619   1.052   0.262   0
   1.42282152   1.362   1.460   0.883   0.083   0
   1.42452002   1.221   1.309   0.723  -0.086   0
   1.42604136   1.086   1.163   0.570  -0.246   0
   1.42747688   0.950   1.018   0.418  -0.405   0
   1.42883730   0.817   0.877   0.271  -0.560   0
   1.42994726   0.689   0.740   0.127  -0.711   0
   1.43105602   0.563   0.599  -0.023  -0.868   0
   1.43199301   0.440   0.460  -0.173  -1.027   0
   1.43286180   0.319   0.322  -0.322  -1.185   0
   1.43362176   0.202   0.189  -0.464  -1.336   0
   1.43433630   0.083   0.054  -0.610  -1.490   0
   1.43500352  -0.034  -0.078  -0.753  -1.643   0
   1.43557310  -0.149  -0.207  -0.893  -1.791   0
   1.43604052  -0.258  -0.332  -1.030  -1.938   0
   1.43653607  -0.371  -0.463  -1.174  -2.091   0
   1.43710542  -0.477  -0.586  -1.308  -2.236   0
   1.43716538  -0.469  -0.577  -1.298  -2.225   0
   1.43748701  -0.343  -0.429  -1.133  -2.046   0
   1.43749189  -0.340  -0.425  -1.129  -2.041   1
   1.43785810  -0.451  -0.555  -1.272  -2.195   0
   1.43825328  -0.563  -0.684  -1.413  -2.347   0
   1.43861163  -0.673  -0.812  -1.556  -2.501   0
   1.43895280  -0.775  -0.939  -1.698  -2.655   0
   1.43925023  -0.866  -1.055  -1.831  -2.800   0
   1.43950629  -0.951  -1.166  -1.957  -2.938   0
   1.43974543  -1.031  -1.274  -2.084  -3.079   0
   1.43997228  -1.113  -1.387  -2.217  -3.226   0
   1.44017982  -1.200  -1.501  -2.350  -3.372   0
   1.44036543  -1.283  -1.610  -2.477  -3.511   0
   1.44048846  -1.337  -1.683  -2.563  -3.607   2
   1.44048846   0.311   0.388  -0.016  -0.624   0
   1.44147158   0.340   0.428  -0.003  -0.647   4
   1.44267857   0.341   0.430  -0.015  -0.675   0
   1.44298875   0.336   0.425  -0.020  -0.681   0
   1.44393754   0.312   0.400  -0.040  -0.695   0
   1.44523835   0.278   0.362  -0.067  -0.709   0
   1.44657505   0.245   0.324  -0.095  -0.723   0
   1.44792116   0.212   0.285  -0.122  -0.735   0
   1.44930649   0.178   0.245  -0.150  -0.747   0
   1.45073724   0.142   0.203  -0.178  -0.758   0
   1.45214355   0.108   0.163  -0.206  -0.769   0
   1.45351887   0.080   0.128  -0.230  -0.780   0
   1.45486593   0.055   0.097  -0.253  -0.791   0
   1.45618784   0.035   0.074  -0.273  -0.805   0
   1.45631337   0.032   0.069  -0.276  -0.807   0
   1.45750022   0.019   0.056  -0.290  -0.823   0
   1.45883250   0.007   0.047  -0.305  -0.847   0
   1.46021211  -0.001   0.046  -0.319  -0.878   0
   1.46177030   0.002   0.058  -0.330  -0.920   0
   1.46339893   0.019   0.088  -0.337  -0.974   0
   1.46410227   0.032   0.104  -0.341  -1.003   0
   1.46502030   0.049   0.120  -0.349  -1.037   0
   1.46660459   0.080   0.148  -0.363  -1.099   0
   1.46682918   0.112   0.172  -0.363  -1.123   0
   1.46698964   0.150   0.197  -0.365  -1.153   0
   1.46703684   0.163   0.205  -0.371  -1.172   0
   1.46707201   0.154   0.187  -0.405  -1.221   0
   1.46709454   0.057   0.074  -0.538  -1.375   0
   1.46711361  -0.056  -0.060  -0.690  -1.542   0
   1.46713698  -0.149  -0.172  -0.817  -1.681   0
   1.46715415  -0.183  -0.212  -0.862  -1.731   0
   1.46727347  -0.130  -0.149  -0.791  -1.652   1
   1.46755266  -0.260  -0.302  -0.964  -1.841   0
   1.46768081  -0.370  -0.432  -1.108  -1.998   0
   1.46776855  -0.484  -0.568  -1.262  -2.165   0
   1.46785581  -0.603  -0.709  -1.418  -2.335   0
   1.46794391  -0.729  -0.858  -1.585  -2.517   0
   1.46803522  -0.855  -1.005  -1.750  -2.696   0
   1.46812224  -0.959  -1.142  -1.908  -2.870   0
   1.46820664  -1.046  -1.266  -2.058  -3.038   0
   1.46828282  -1.148  -1.405  -2.221  -3.219   0
   1.46833813  -1.235  -1.523  -2.361  -3.374   0
   1.46838391  -1.329  -1.649  -2.508  -3.537   0
   1.46842051  -1.415  -1.766  -2.646  -3.691   0
   1.46845901  -1.490  -1.875  -2.780  -3.843   0
   1.46849978  -1.575  -1.993  -2.921  -4.001   0
   1.46851718  -1.629  -2.085  -3.040  -4.141   0
   1.46852326  -1.665  -2.156  -3.133  -4.250   0
   1.46852958  -1.674  -2.176  -3.160  -4.282   0
   1.46853578  -1.683  -2.196  -3.187  -4.314   0
   1.46854210  -1.692  -2.216  -3.215  -4.346   0
   1.46854830  -1.701  -2.236  -3.242  -4.378   0
   1.46855462  -1.710  -2.256  -3.269  -4.411   0
   1.46855962  -1.717  -2.272  -3.290  -4.437   0
   1.46856439  -1.724  -2.288  -3.312  -4.462   0
   1.46857047  -1.732  -2.308  -3.339  -4.494   0
   1.46857667  -1.741  -2.327  -3.365  -4.526   0
   1.46858275  -1.749  -2.347  -3.392  -4.558   0
   1.46858883  -1.757  -2.366  -3.419  -4.590   0
   1.46859491  -1.765  -2.385  -3.445  -4.622   0
   1.46860099  -1.773  -2.405  -3.472  -4.655   0
   1.46860588  -1.780  -2.420  -3.494  -4.681   0
   1.46861196  -1.787  -2.439  -3.521  -4.713   0
   1.46861804  -1.795  -2.459  -3.547  -4.745   0
   1.46862292  -1.801  -2.474  -3.569  -4.771   0
   1.46862769  -1.808  -2.489  -3.590  -4.797   0
   1.46863258  -1.814  -2.504  -3.611  -4.823   0
   1.46863866  -1.821  -2.523  -3.638  -4.855   0
   1.46864462  -1.828  -2.542  -3.664  -4.887   0
   1.46865046  -1.835  -2.560  -3.691  -4.919   0
   1.46865642  -1.843  -2.579  -3.717  -4.951   0
   1.46866226  -1.850  -2.597  -3.743  -4.983   0
   1.46866822  -1.856  -2.616  -3.769  -5.015   0
   1.46867287  -1.862  -2.630  -3.790  -5.041   0
   1.46868968  -1.868  -2.649  -3.818  -5.076   0
   1.46870911  -1.873  -2.666  -3.844  -5.108   0
   1.46872830  -1.878  -2.683  -3.869  -5.140   0
   1.46874726  -1.883  -2.700  -3.894  -5.171   0
   1.46876621  -1.888  -2.717  -3.919  -5.203   0
   1.46878505  -1.892  -2.734  -3.945  -5.235   0
   1.46880364  -1.897  -2.750  -3.970  -5.267   0
   1.46882212  -1.901  -2.766  -3.995  -5.299   0
   1.46884048  -1.903  -2.782  -4.019  -5.330   0
   1.46885872  -1.904  -2.797  -4.042  -5.361   0
   1.46887684  -1.904  -2.811  -4.066  -5.392   0
   1.46889472  -1.904  -2.826  -4.089  -5.423   0
   1.46891248  -1.904  -2.840  -4.113  -5.454   0
   1.46893013  -1.904  -2.854  -4.136  -5.485   0
   1.46894765  -1.903  -2.868  -4.159  -5.516   0
   1.46896505  -1.903  -2.882  -4.182  -5.547   0
   1.46898222  -1.901  -2.895  -4.205  -5.577   0
   1.46899927  -1.900  -2.909  -4.228  -5.608   0
   1.46901619  -1.898  -2.922  -4.251  -5.639   0
   1.46903300  -1.896  -2.935  -4.273  -5.670   0
   1.46904957  -1.894  -2.948  -4.296  -5.701   0
   1.46906602  -1.892  -2.960  -4.318  -5.732   0
   1.46908236  -1.889  -2.972  -4.341  -5.763   0
   1.46909869  -1.885  -2.985  -4.363  -5.794   0
   1.46911466  -1.882  -2.997  -4.385  -5.825   0
   1.46913064  -1.878  -3.009  -4.408  -5.857   0
   1.46914637  -1.873  -3.020  -4.430  -5.889   0
   1.46915889  -1.869  -3.029  -4.448  -5.914   0
   1.46917129  -1.865  -3.039  -4.467  -5.941   0
   1.46918368  -1.868  -3.052  -4.487  -5.967   0
   1.46919596  -1.873  -3.066  -4.508  -5.993   0
   1.46920812  -1.878  -3.080  -4.528  -6.018   0
   1.46922016  -1.882  -3.094  -4.548  -6.044   0
   1.46923232  -1.887  -3.108  -4.568  -6.069   0
   1.46924424  -1.891  -3.121  -4.588  -6.094   0
   1.46925616  -1.895  -3.135  -4.607  -6.119   0
   1.46926808  -1.899  -3.148  -4.627  -6.144   0
   1.46927989  -1.902  -3.161  -4.646  -6.168   0
   1.46929181  -1.905  -3.173  -4.664  -6.192   0
   1.46930659  -1.909  -3.188  -4.687  -6.222   0
   1.46932113  -1.912  -3.203  -4.710  -6.251   0
   1.46933579  -1.914  -3.217  -4.731  -6.279   0
   1.46935034  -1.915  -3.230  -4.752  -6.307   0
   1.46936500  -1.916  -3.242  -4.772  -6.334   0
   1.46937883  -1.916  -3.253  -4.790  -6.358   0
   1.46939421  -1.915  -3.263  -4.808  -6.382   0
   1.46940863  -1.913  -3.271  -4.823  -6.404   0
   1.46942055  -1.910  -3.277  -4.834  -6.421   0
