   0.15000001  13.866  12.831  11.475   9.866   0
   0.20000000  12.479  11.706  10.518   9.093   0
   0.25000000  11.712  11.016   9.894   8.550   0
   0.30000001  11.214  10.572   9.491   8.201   0
   0.34999999  10.780  10.185   9.138   7.894   0
   0.40000001  10.370   9.819   8.803   7.599   0
   0.44999999   9.886   9.394   8.413   7.259   0
   0.50000000   9.393   8.973   8.034   6.935   0
   0.55000001   8.771   8.466   7.588   6.565   0
   0.60000002   8.079   7.926   7.126   6.189   0
   0.69999999   6.803   6.917   6.289   5.503   0
   0.80000001   5.815   6.059   5.571   4.906   0
   0.89999998   5.080   5.339   4.942   4.378   0
   1.00000000   4.491   4.706   4.381   3.918   0
   1.10000002   4.000   4.136   3.879   3.531   0
   1.20000005   3.578   3.616   3.436   3.229   0
   1.29999995   3.214   3.200   3.094   3.001   0
   1.39999998   2.883   2.890   2.840   2.816   0
   1.50000000   2.588   2.658   2.647   2.663   0
   1.60000002   2.321   2.462   2.480   2.522   0
   1.70000005   2.090   2.299   2.340   2.400   0
   1.75000000   1.982   2.223   2.272   2.340   0
   1.79999995   1.880   2.149   2.207   2.282   0
   1.89999998   1.689   2.012   2.083   2.170   0
   2.00000000   1.518   1.886   1.968   2.065   0
   2.20000005   1.211   1.653   1.751   1.864   0
   2.24736190   1.143   1.600   1.702   1.819   0
   2.50000000   0.812   1.340   1.459   1.593   0
   3.00000000   0.263   0.891   1.034   1.193   0
   3.50000000  -0.190   0.508   0.670   0.848   0
   4.00000000  -0.580   0.173   0.351   0.544   0
   4.22215128  -0.738   0.037   0.220   0.419   0
   4.50000000  -0.928  -0.129   0.062   0.266   0
   5.00000000  -1.233  -0.396  -0.195   0.020   0
   5.51661348  -1.528  -0.657  -0.446  -0.222   0
   6.00000000  -1.794  -0.897  -0.678  -0.446   0
   6.54037285  -2.079  -1.156  -0.930  -0.690   0
   7.00000000  -2.316  -1.372  -1.140  -0.894   0
   7.35318279  -2.492  -1.536  -1.300  -1.050   0
   8.02024269  -2.824  -1.847  -1.604  -1.348   0
   8.57761574  -3.114  -2.123  -1.875  -1.615   0
   9.00000000  -3.334  -2.334  -2.083  -1.820   1
   9.03185844  -3.349  -2.349  -2.098  -1.835   0
   9.83467674  -3.793  -2.784  -2.530  -2.266   1
  10.43863201  -4.179  -3.176  -2.925  -2.665   0
  10.89513493  -4.535  -3.547  -3.302  -3.052   0
  11.07526779  -4.691  -3.711  -3.469  -3.223   0
  11.13965702  -4.747  -3.770  -3.528  -3.284   0
  11.19688606  -4.773  -3.783  -3.538  -3.290   3
  11.22185230  -4.758  -3.739  -3.486  -3.225   0
  11.22558594  -4.771  -3.731  -3.471  -3.203   0
  11.22733498  -4.763  -3.745  -3.492  -3.233   0
  11.22784519  -4.786  -3.780  -3.530  -3.275   0
  11.22870827  -4.861  -3.876  -3.632  -3.386   0
  11.22970963  -4.974  -4.016  -3.781  -3.546   0
  11.23051357  -5.074  -4.139  -3.911  -3.686   0
  11.23139572  -5.187  -4.278  -4.059  -3.846   0
  11.23229790  -5.304  -4.425  -4.216  -4.016   0
  11.23302269  -5.399  -4.549  -4.349  -4.160   0
  11.23368931  -5.489  -4.670  -4.479  -4.301   0
  11.23431683  -5.576  -4.791  -4.608  -4.442   0
  11.23494434  -5.671  -4.922  -4.750  -4.598   0
  11.23551273  -5.760  -5.048  -4.887  -4.750   0
  11.23606205  -5.856  -5.187  -5.039  -4.920   0
  11.23655128  -5.943  -5.319  -5.182  -5.080   0
  11.23702145  -6.032  -5.458  -5.335  -5.252   0
  11.23745251  -6.113  -5.600  -5.490  -5.426   0
  11.23784447  -6.189  -5.757  -5.661  -5.615   0
  11.23821640  -6.259  -5.916  -5.834  -5.809   0
  11.23856926  -6.348  -6.055  -6.000  -6.012   0
  11.23888302  -6.391  -6.201  -6.162  -6.200   0
  11.23919678  -6.393  -6.357  -6.333  -6.393   0
  11.23949051  -6.366  -6.435  -6.443  -6.553   0
  11.23958778  -6.342  -6.457  -6.472  -6.599   0
  11.23971844  -6.301  -6.460  -6.494  -6.654   0
  11.23984909  -6.254  -6.450  -6.509  -6.707   3
  11.23997021  -6.205  -6.410  -6.506  -6.754   0
  11.24007034  -6.161  -6.376  -6.503  -6.794   0
  11.24018097  -6.106  -6.314  -6.492  -6.836   0
  11.24027157  -6.052  -6.256  -6.478  -6.872   0
  11.24036121  -5.993  -6.186  -6.455  -6.900   0
  11.24043179  -5.943  -6.129  -6.437  -6.924   0
  11.24052143  -5.870  -6.049  -6.408  -6.951   0
  11.24067211  -5.729  -5.908  -6.355  -6.991   0
  11.24078274  -5.590  -5.783  -6.306  -7.018   0
  11.24098301  -5.307  -5.556  -6.210  -7.037   0
  11.24122334  -4.927  -5.285  -6.082  -7.021   0
  11.24134445  -4.804  -5.200  -6.040  -7.012   0
  11.24175930  -4.659  -5.163  -6.090  -7.124   0
  11.24217415  -4.659  -5.225  -6.197  -7.263   0
  11.24421310  -4.683  -5.277  -6.271  -7.352   2
  11.27900314  -4.826  -5.337  -6.263  -7.295   0
  11.29064941  -5.408  -5.730  -6.458  -7.341   0
  11.29399204  -6.225  -6.425  -6.714  -7.182   0
  11.29566193  -6.404  -6.620  -6.753  -7.051   3
  11.29731274  -6.509  -6.696  -6.751  -6.944   0
  11.29898167  -6.577  -6.703  -6.722  -6.856   0
  11.30128765  -6.625  -6.657  -6.661  -6.762   0
  11.30453014  -6.629  -6.607  -6.586  -6.652   0
  11.30747128  -6.636  -6.550  -6.521  -6.574   0
  11.31383610  -6.636  -6.431  -6.390  -6.426   0
  11.32017517  -6.615  -6.335  -6.284  -6.303   0
  11.32613373  -6.582  -6.263  -6.199  -6.199   0
  11.33231258  -6.537  -6.202  -6.122  -6.099   0
  11.33883762  -6.509  -6.128  -6.041  -6.007   0
  11.34738541  -6.476  -6.045  -5.949  -5.903   0
  11.35666466  -6.443  -5.967  -5.863  -5.806   0
  11.36813736  -6.406  -5.877  -5.766  -5.700   0
  11.38081264  -6.370  -5.797  -5.679  -5.603   0
  11.39613914  -6.328  -5.718  -5.592  -5.504   0
  11.41362095  -6.284  -5.645  -5.510  -5.410   0
  11.43285465  -6.245  -5.578  -5.436  -5.326   0
  11.45839596  -6.206  -5.510  -5.360  -5.239   0
  11.52015972  -6.174  -5.444  -5.285  -5.152   0
  11.52157307  -6.173  -5.443  -5.284  -5.151   1
  11.58068466  -6.266  -5.562  -5.411  -5.289   0
  11.60177994  -6.339  -5.666  -5.523  -5.412   0
  11.61600971  -6.403  -5.762  -5.627  -5.528   0
  11.62718487  -6.470  -5.855  -5.731  -5.646   0
  11.63670158  -6.532  -5.963  -5.848  -5.775   0
  11.64282608  -6.578  -6.057  -5.949  -5.885   0
  11.64776516  -6.620  -6.150  -6.047  -5.992   0
  11.65180206  -6.664  -6.242  -6.147  -6.104   0
  11.65484238  -6.703  -6.333  -6.247  -6.215   0
  11.65545940  -6.711  -6.353  -6.268  -6.240   0
  11.65718365  -6.748  -6.420  -6.347  -6.333   0
  11.65906811  -6.804  -6.503  -6.449  -6.462   0
  11.66042995  -6.829  -6.597  -6.553  -6.584   0
  11.66136074  -6.834  -6.685  -6.650  -6.694   0
  11.66199589  -6.819  -6.757  -6.730  -6.787   0
  11.66244984  -6.806  -6.803  -6.792  -6.873   0
  11.66279125  -6.781  -6.829  -6.836  -6.946   0
  11.66304016  -6.734  -6.846  -6.866  -6.998   0
  11.66331291  -6.654  -6.827  -6.877  -7.062   3
  11.66351700  -6.562  -6.769  -6.868  -7.123   0
  11.66372108  -6.439  -6.653  -6.839  -7.198   0
  11.66390324  -6.293  -6.493  -6.794  -7.275   0
  11.66406155  -6.142  -6.334  -6.738  -7.329   0
  11.66422081  -5.947  -6.156  -6.668  -7.366   0
  11.66458416  -5.343  -5.701  -6.474  -7.391   0
  11.66471958  -5.173  -5.583  -6.420  -7.388   4
  11.66700172  -4.891  -5.502  -6.502  -7.587   0
  11.66985798  -4.933  -5.651  -6.726  -7.865   0
  11.67460823  -5.003  -5.816  -6.950  -8.131   0
