   0.15000001  13.764  12.794  11.455   9.867   0
   0.20000000  12.338  11.664  10.495   9.090   0
   0.25000000  11.560  10.977   9.872   8.545   0
   0.30000001  11.059  10.537   9.471   8.193   0
   0.34999999  10.623  10.153   9.120   7.884   0
   0.40000001  10.212   9.789   8.786   7.588   0
   0.44999999   9.730   9.368   8.400   7.245   0
   0.50000000   9.240   8.951   8.025   6.920   0
   0.55000001   8.624   8.446   7.585   6.552   0
   0.60000002   7.726   7.763   7.040   6.139   0
   0.69999999   6.581   6.800   6.229   5.463   0
   0.80000001   5.658   5.954   5.504   4.860   0
   0.88573641   5.039   5.326   4.950   4.399   0
   0.89999998   4.946   5.229   4.864   4.327   0
   1.00000000   4.376   4.588   4.294   3.867   0
   1.10000002   3.899   4.007   3.784   3.489   0
   1.20000005   3.493   3.506   3.359   3.204   0
   1.29999995   3.130   3.124   3.047   2.988   0
   1.39999998   2.795   2.835   2.805   2.804   0
   1.50000000   2.500   2.609   2.615   2.646   0
   1.59766471   2.232   2.414   2.446   2.500   0
   1.60000002   2.226   2.410   2.443   2.497   0
   1.61109555   2.198   2.390   2.425   2.481   0
   1.70000005   1.981   2.235   2.288   2.359   0
   1.75000000   1.869   2.153   2.215   2.293   0
   1.76999998   1.825   2.122   2.186   2.267   0
   1.79999995   1.760   2.074   2.143   2.228   0
   1.89999998   1.553   1.922   2.004   2.101   0
   1.91825008   1.517   1.895   1.979   2.078   0
   2.00000000   1.355   1.772   1.865   1.974   0
   2.12954211   1.113   1.582   1.688   1.808   0
   2.20000005   0.984   1.476   1.588   1.715   0
   2.30553651   0.803   1.325   1.444   1.578   0
   2.46048784   0.537   1.093   1.222   1.364   0
   2.50000000   0.469   1.032   1.163   1.306   0
   2.59989882   0.305   0.883   1.018   1.166   0
   2.72481418   0.096   0.689   0.829   0.979   0
   2.83227563  -0.092   0.510   0.653   0.805   0
   2.92532706  -0.263   0.343   0.488   0.640   1
   3.00000000  -0.408   0.198   0.343   0.495   0
   3.01342344  -0.434   0.172   0.318   0.470   0
   3.08568525  -0.579   0.022   0.167   0.317   0
   3.14924932  -0.715  -0.121   0.023   0.170   0
   3.20601296  -0.844  -0.258  -0.115   0.028   0
   3.23190451  -0.904  -0.323  -0.181  -0.039   0
   3.25632644  -0.962  -0.382  -0.240  -0.099   0
   3.26678276  -0.986  -0.405  -0.263  -0.122   0
   3.28349018  -1.018  -0.430  -0.286  -0.142   3
   3.29207444  -1.025  -0.424  -0.277  -0.130   0
   3.29796624  -1.020  -0.392  -0.238  -0.083   0
   3.29964423  -1.021  -0.370  -0.212  -0.050   0
   3.30059814  -1.034  -0.362  -0.199  -0.031   0
   3.30073833  -1.027  -0.358  -0.195  -0.028   0
   3.30114508  -1.015  -0.372  -0.216  -0.057   0
   3.30171776  -1.130  -0.518  -0.367  -0.217   0
   3.30240726  -1.249  -0.664  -0.518  -0.378   0
   3.30333638  -1.357  -0.805  -0.667  -0.536   0
   3.30425239  -1.442  -0.921  -0.790  -0.669   0
   3.30529666  -1.528  -1.044  -0.921  -0.813   0
   3.30614376  -1.595  -1.146  -1.030  -0.932   0
   3.30703330  -1.665  -1.258  -1.150  -1.064   0
   3.30794644  -1.739  -1.382  -1.284  -1.212   0
   3.30856538  -1.791  -1.475  -1.385  -1.325   0
   3.30918980  -1.843  -1.576  -1.495  -1.449   0
   3.30980802  -1.894  -1.686  -1.617  -1.588   0
   3.31011987  -1.918  -1.745  -1.683  -1.663   0
   3.31066561  -1.952  -1.854  -1.807  -1.807   0
   3.31098676  -1.963  -1.920  -1.885  -1.900   0
   3.31127763  -1.962  -1.975  -1.954  -1.988   0
   3.31154418  -1.952  -2.018  -2.016  -2.072   0
   3.31178641  -1.929  -2.041  -2.062  -2.149   0
   3.31202865  -1.900  -2.042  -2.095  -2.229   0
   3.31224656  -1.862  -2.013  -2.107  -2.299   0
   3.31240392  -1.830  -1.975  -2.109  -2.353   3
   3.31256723  -1.794  -1.907  -2.093  -2.406   0
   3.31273055  -1.748  -1.824  -2.065  -2.454   0
   3.31289411  -1.690  -1.722  -2.024  -2.498   0
   3.31305718  -1.611  -1.600  -1.969  -2.536   0
   3.31322670  -1.504  -1.468  -1.906  -2.560   0
   3.31349874  -1.335  -1.296  -1.809  -2.548   0
   3.31382513  -1.164  -1.143  -1.712  -2.506   0
   3.31424451  -1.205  -1.205  -1.816  -2.651   0
   3.31468225  -1.265  -1.277  -1.898  -2.742   0
   3.31502604  -1.290  -1.307  -1.933  -2.781   0
   3.32208943  -1.294  -1.297  -1.903  -2.733   4
   3.33060455  -1.568  -1.546  -2.068  -2.813   0
   3.33526516  -1.799  -1.787  -2.192  -2.805   0
   3.33833885  -1.914  -1.943  -2.265  -2.771   0
   3.34000468  -1.967  -2.026  -2.304  -2.746   0
   3.34390354  -2.040  -2.150  -2.357  -2.698   0
   3.34611702  -2.080  -2.216  -2.377  -2.663   0
   3.34912872  -2.126  -2.283  -2.398  -2.624   0
   3.35307956  -2.183  -2.343  -2.409  -2.568   3
   3.35813189  -2.238  -2.367  -2.398  -2.507   0
   3.36294103  -2.281  -2.369  -2.376  -2.450   0
   3.36794662  -2.320  -2.361  -2.347  -2.396   0
   3.37589097  -2.356  -2.325  -2.292  -2.317   0
   3.38303161  -2.373  -2.288  -2.242  -2.252   0
   3.39036822  -2.386  -2.252  -2.196  -2.193   0
   3.39848781  -2.393  -2.215  -2.152  -2.137   0
   3.40999365  -2.398  -2.168  -2.095  -2.067   0
   3.42322159  -2.403  -2.123  -2.041  -2.000   0
   3.43726802  -2.413  -2.094  -2.005  -1.953   0
   3.45557618  -2.427  -2.071  -1.974  -1.911   0
   3.48461032  -2.478  -2.090  -1.986  -1.915   1
   3.50000000  -2.549  -2.177  -2.077  -2.011   0
   3.51070786  -2.598  -2.237  -2.139  -2.078   0
   3.52014542  -2.673  -2.347  -2.256  -2.205   0
   3.52469778  -2.729  -2.441  -2.357  -2.318   0
   3.52708435  -2.774  -2.526  -2.450  -2.422   0
   3.52814817  -2.812  -2.610  -2.543  -2.529   0
   3.52877140  -2.840  -2.687  -2.630  -2.630   0
   3.52909541  -2.852  -2.746  -2.698  -2.711   0
   3.52930307  -2.855  -2.799  -2.760  -2.785   0
   3.52945256  -2.835  -2.835  -2.810  -2.852   0
   3.52955222  -2.805  -2.857  -2.846  -2.906   0
   3.52959394  -2.781  -2.859  -2.858  -2.931   0
   3.52965999  -2.724  -2.853  -2.876  -2.984   0
   3.52971792  -2.659  -2.825  -2.885  -3.046   3
   3.52977586  -2.585  -2.748  -2.873  -3.123   0
   3.52983379  -2.500  -2.613  -2.833  -3.203   0
   3.52986670  -2.451  -2.531  -2.804  -3.244   0
   3.52989149  -2.394  -2.440  -2.767  -3.281   0
   3.52992463  -2.316  -2.334  -2.723  -3.317   0
   3.52994943  -2.225  -2.229  -2.680  -3.346   0
   3.53001547  -2.080  -2.089  -2.619  -3.372   0
   3.53013134  -1.968  -2.006  -2.609  -3.433   4
   3.53036284  -1.983  -2.058  -2.705  -3.569   0
   3.53085852  -2.002  -2.122  -2.820  -3.726   0
   3.53108978  -2.110  -2.253  -2.970  -3.892   0
   3.53146958  -2.208  -2.375  -3.114  -4.053   0
   3.53203964  -2.322  -2.520  -3.281  -4.237   0
   3.53264236  -2.434  -2.665  -3.447  -4.419   0
   3.53315377  -2.509  -2.777  -3.585  -4.576   0
   3.53364062  -2.592  -2.895  -3.728  -4.736   0
   3.53408599  -2.690  -3.022  -3.874  -4.897   0
   3.53448176  -2.776  -3.143  -4.020  -5.061   0
   3.53482819  -2.844  -3.253  -4.162  -5.226   0
   3.53513312  -2.925  -3.369  -4.303  -5.386   0
   3.53539681  -3.008  -3.484  -4.441  -5.541   0
   3.53562737  -3.030  -3.565  -4.562  -5.691   0
   3.53582525  -3.081  -3.662  -4.688  -5.838   0
   3.53604770  -3.151  -3.791  -4.855  -6.033   0
   3.53621244  -3.185  -3.887  -4.993  -6.203   0
   3.53638530  -3.239  -3.984  -5.120  -6.352   0
   3.53665709  -3.219  -3.894  -4.980  -6.175   0
   3.53667378  -3.211  -3.816  -4.856  -6.016   1
   3.53677249  -3.219  -3.888  -4.972  -6.164   0
   3.53681350  -3.236  -3.942  -5.050  -6.261   0
   3.53687525  -3.242  -3.960  -5.076  -6.293   0
   3.53693604  -3.249  -3.978  -5.102  -6.325   0
   3.53699708  -3.255  -3.995  -5.127  -6.357   0
   3.53705788  -3.261  -4.013  -5.153  -6.389   0
   3.53711891  -3.268  -4.031  -5.179  -6.420   0
   3.53716755  -3.273  -4.045  -5.199  -6.446   0
   3.53722858  -3.279  -4.062  -5.225  -6.478   0
   3.53727722  -3.284  -4.076  -5.245  -6.503   0
   3.53733826  -3.290  -4.093  -5.270  -6.535   0
   3.53739882  -3.295  -4.111  -5.296  -6.567   0
   3.53745914  -3.301  -4.128  -5.321  -6.598   0
   3.53751922  -3.307  -4.145  -5.346  -6.630   0
   3.53757954  -3.312  -4.161  -5.370  -6.660   0
   3.53763986  -3.317  -4.177  -5.393  -6.689   0
   3.53770018  -3.322  -4.192  -5.417  -6.719   0
   3.53776026  -3.327  -4.208  -5.440  -6.748   0
   3.53788471  -3.328  -4.218  -5.457  -6.771   0
   3.53818893  -3.333  -4.234  -5.482  -6.802   0
   3.53849339  -3.337  -4.250  -5.506  -6.833   0
   3.53879809  -3.340  -4.265  -5.530  -6.864   0
   3.53910375  -3.340  -4.279  -5.552  -6.894   0
   3.53941035  -3.341  -4.293  -5.574  -6.923   0
   3.53971839  -3.341  -4.306  -5.596  -6.952   0
   3.54002833  -3.340  -4.319  -5.618  -6.981   0
   3.54034066  -3.340  -4.331  -5.637  -7.007   0
   3.54073191  -3.339  -4.343  -5.659  -7.036   0
   3.54112434  -3.338  -4.356  -5.680  -7.065   0
   3.54151773  -3.336  -4.368  -5.702  -7.094   0
   3.54191184  -3.334  -4.380  -5.723  -7.123   0
   3.54230714  -3.333  -4.392  -5.744  -7.152   0
   3.54270387  -3.339  -4.409  -5.767  -7.180   0
   3.54310179  -3.346  -4.425  -5.789  -7.209   0
   3.54350090  -3.352  -4.441  -5.812  -7.237   0
   3.54390192  -3.358  -4.457  -5.834  -7.265   0
   3.54430127  -3.364  -4.472  -5.857  -7.293   0
   3.54468346  -3.370  -4.487  -5.878  -7.319   0
   3.54504752  -3.375  -4.501  -5.897  -7.344   0
   3.54546309  -3.380  -4.517  -5.920  -7.372   0
   3.54585695  -3.386  -4.531  -5.941  -7.398   0
   3.54623175  -3.390  -4.545  -5.960  -7.423   0
   3.54664660  -3.395  -4.560  -5.982  -7.451   0
   3.54703999  -3.399  -4.574  -6.002  -7.476   0
   3.54741406  -3.403  -4.586  -6.021  -7.500   0
   3.54781985  -3.407  -4.600  -6.041  -7.525   0
   3.54820466  -3.410  -4.612  -6.059  -7.549   0
   3.54861498  -3.414  -4.625  -6.079  -7.574   0
   3.54904556  -3.417  -4.638  -6.098  -7.599   0
   3.54944181  -3.419  -4.650  -6.116  -7.622   0
