   0.15000001  13.744  12.781  11.445   9.860   0
   0.20000000  12.323  11.650  10.482   9.079   0
   0.25000000  11.546  10.965   9.861   8.535   0
   0.30000001  11.044  10.523   9.458   8.181   0
   0.34999999  10.606  10.138   9.106   7.872   0
   0.40000001  10.198   9.776   8.774   7.577   0
   0.44999999   9.702   9.343   8.377   7.224   0
   0.50000000   9.204   8.919   7.994   6.893   0
   0.55000001   8.569   8.401   7.546   6.519   0
   0.60000002   7.654   7.703   6.988   6.094   0
   0.69393224   6.545   6.766   6.199   5.435   0
   0.69999999   6.485   6.712   6.153   5.396   0
   0.70732522   6.407   6.643   6.094   5.348   0
   0.80000001   5.534   5.832   5.395   4.765   0
   0.81754363   5.387   5.690   5.270   4.661   0
   0.89297879   4.832   5.107   4.752   4.229   0
   0.89999998   4.785   5.055   4.705   4.190   0
   0.95683450   4.418   4.640   4.335   3.891   0
   1.00000000   4.157   4.333   4.060   3.672   0
   1.01173759   4.089   4.250   3.988   3.618   0
   1.05368483   3.853   3.959   3.733   3.433   0
   1.09077168   3.650   3.708   3.515   3.276   0
   1.10000002   3.600   3.648   3.463   3.239   0
   1.13069868   3.442   3.456   3.299   3.125   0
   1.16406822   3.270   3.262   3.136   3.008   0
   1.19271219   3.123   3.102   3.003   2.910   0
   1.20000005   3.085   3.060   2.968   2.885   0
   1.21383977   3.011   2.990   2.908   2.838   0
   1.23493230   2.893   2.880   2.815   2.765   0
   1.25298440   2.792   2.785   2.733   2.700   0
   1.26875079   2.704   2.707   2.666   2.645   0
   1.28274894   2.626   2.641   2.609   2.596   0
   1.29534531   2.556   2.583   2.558   2.553   0
   1.29999995   2.531   2.561   2.539   2.537   0
   1.31000185   2.474   2.513   2.496   2.500   0
   1.33145475   2.352   2.409   2.403   2.416   0
   1.34010506   2.304   2.368   2.365   2.381   0
   1.35373187   2.228   2.301   2.303   2.322   0
   1.37979448   2.082   2.163   2.171   2.192   0
   1.39999998   1.964   2.043   2.052   2.073   1
   1.41446185   1.877   1.952   1.961   1.979   0
   1.42369688   1.818   1.889   1.897   1.915   0
   1.43269384   1.757   1.825   1.834   1.851   0
   1.43425500   1.745   1.814   1.823   1.840   0
   1.44183338   1.683   1.764   1.777   1.798   0
   1.44462132   1.648   1.747   1.767   1.793   0
   1.44660723   1.596   1.729   1.760   1.797   0
   1.44725490   1.549   1.707   1.745   1.788   0
   1.44750261   1.518   1.686   1.727   1.772   0
   1.44802630   1.476   1.619   1.655   1.693   0
   1.45266688   1.321   1.377   1.391   1.404   0
   1.45777118   1.235   1.224   1.214   1.197   0
   1.46094751   1.187   1.122   1.081   1.023   0
   1.46319461   1.163   1.070   0.985   0.864   0
   1.46451545   1.157   1.077   0.945   0.755   0
   1.46566308   1.161   1.120   0.932   0.656   3
   1.46635520   1.169   1.167   0.939   0.597   0
   1.46699262   1.187   1.227   0.956   0.544   0
   1.46761239   1.211   1.291   0.978   0.500   0
   1.46821308   1.246   1.354   1.002   0.466   0
   1.46881366   1.296   1.427   1.036   0.446   0
   1.46936119   1.350   1.492   1.069   0.438   0
   1.47017372   1.427   1.578   1.118   0.441   0
   1.47110283   1.520   1.666   1.169   0.452   0
   1.47181785   1.560   1.705   1.189   0.450   4
   1.47459567   1.489   1.609   1.053   0.273   0
   1.47663546   1.349   1.453   0.882   0.087   0
   1.47868049   1.185   1.274   0.692  -0.114   0
   1.48036909   1.039   1.117   0.527  -0.288   0
   1.48188174   0.905   0.974   0.376  -0.445   0
   1.48330903   0.778   0.839   0.235  -0.594   0
   1.48466194   0.653   0.706   0.095  -0.740   0
   1.48576581   0.542   0.584  -0.033  -0.875   0
   1.48686850   0.422   0.448  -0.179  -1.029   0
   1.48780048   0.305   0.315  -0.323  -1.181   0
   1.48866475   0.185   0.179  -0.470  -1.337   0
   1.48942065   0.073   0.053  -0.605  -1.481   0
   1.49013150  -0.043  -0.079  -0.748  -1.633   0
   1.49079525  -0.157  -0.208  -0.888  -1.781   0
   1.49136186  -0.262  -0.328  -1.019  -1.921   0
   1.49182689  -0.363  -0.445  -1.146  -2.057   0
   1.49232006  -0.467  -0.566  -1.279  -2.200   0
   1.49288642  -0.557  -0.671  -1.395  -2.324   0
   1.49294615  -0.564  -0.678  -1.403  -2.333   0
   1.49327374  -0.419  -0.508  -1.213  -2.126   0
   1.49327874  -0.417  -0.505  -1.209  -2.123   1
   1.49364996  -0.520  -0.625  -1.343  -2.267   0
   1.49405038  -0.629  -0.752  -1.482  -2.416   0
   1.49441361  -0.728  -0.867  -1.609  -2.553   0
   1.49475944  -0.820  -0.981  -1.737  -2.692   0
   1.49506080  -0.903  -1.086  -1.857  -2.822   0
   1.49532044  -0.978  -1.183  -1.968  -2.943   0
   1.49556279  -1.050  -1.279  -2.080  -3.067   0
   1.49579275  -1.117  -1.374  -2.193  -3.193   0
   1.49600303  -1.190  -1.471  -2.305  -3.317   0
   1.49619126  -1.260  -1.562  -2.411  -3.433   0
   1.49631584  -1.307  -1.623  -2.482  -3.511   2
   1.49631584   0.236   0.299  -0.068  -0.629   0
   1.49738145   0.273   0.351  -0.053  -0.662   4
   1.49868965   0.278   0.362  -0.060  -0.693   0
   1.49902582   0.276   0.361  -0.064  -0.700   0
   1.50022924   0.249   0.329  -0.088  -0.714   0
   1.50187850   0.208   0.282  -0.121  -0.730   0
   1.50357246   0.166   0.233  -0.155  -0.744   0
   1.50527763   0.124   0.183  -0.189  -0.757   0
   1.50703168   0.083   0.132  -0.223  -0.768   0
   1.50884247   0.045   0.081  -0.257  -0.778   0
   1.51062155   0.009   0.032  -0.290  -0.789   0
   1.51236045  -0.022  -0.007  -0.318  -0.801   0
   1.51406324  -0.050  -0.043  -0.345  -0.815   0
   1.51573336  -0.074  -0.072  -0.369  -0.831   0
   1.51589203  -0.077  -0.075  -0.371  -0.833   0
   1.51726937  -0.091  -0.089  -0.387  -0.852   0
   1.51881516  -0.104  -0.098  -0.403  -0.878   0
   1.52041554  -0.112  -0.095  -0.416  -0.914   0
   1.52222264  -0.111  -0.074  -0.426  -0.967   0
   1.52411115  -0.081  -0.021  -0.427  -1.039   0
   1.52492654  -0.067   0.002  -0.429  -1.074   0
   1.52599072  -0.044   0.025  -0.433  -1.109   0
   1.52782691  -0.009   0.059  -0.442  -1.165   0
   1.52808714   0.026   0.090  -0.436  -1.188   0
   1.52827299   0.082   0.131  -0.427  -1.210   0
   1.52832782   0.104   0.147  -0.426  -1.223   4
   1.52836859   0.105   0.139  -0.450  -1.264   0
   1.52839363   0.014   0.033  -0.576  -1.410   0
   1.52841473  -0.091  -0.091  -0.717  -1.566   0
   1.52844071  -0.160  -0.175  -0.813  -1.672   0
   1.52845979  -0.205  -0.229  -0.876  -1.741   0
   1.52857828  -0.167  -0.182  -0.820  -1.678   1
   1.52889168  -0.292  -0.329  -0.985  -1.858   0
   1.52903545  -0.397  -0.454  -1.125  -2.011   0
   1.52913404  -0.486  -0.559  -1.244  -2.140   0
   1.52923191  -0.595  -0.688  -1.388  -2.297   0
   1.52933073  -0.755  -0.877  -1.599  -2.525   0
   1.52943325  -0.893  -1.040  -1.782  -2.725   0
   1.52953088  -1.004  -1.185  -1.949  -2.910   0
   1.52962554  -1.110  -1.329  -2.119  -3.098   0
   1.52971113  -1.211  -1.468  -2.284  -3.281   0
   1.52977312  -1.297  -1.584  -2.419  -3.431   0
   1.52982450  -1.393  -1.714  -2.573  -3.602   0
   1.52986562  -1.478  -1.829  -2.709  -3.754   0
   1.52990878  -1.550  -1.935  -2.838  -3.900   0
   1.52995455  -1.637  -2.054  -2.982  -4.062   0
   1.52997398  -1.689  -2.135  -3.084  -4.180   0
   1.52998090  -1.704  -2.171  -3.133  -4.239   0
   1.52998841  -1.714  -2.192  -3.161  -4.272   0
   1.52999580  -1.724  -2.213  -3.190  -4.305   0
   1.53000319  -1.733  -2.235  -3.218  -4.339   0
   1.53001070  -1.743  -2.256  -3.247  -4.373   0
   1.53001809  -1.752  -2.277  -3.276  -4.408   0
   1.53002393  -1.760  -2.294  -3.298  -4.434   0
   1.53002977  -1.767  -2.311  -3.321  -4.461   0
   1.53003693  -1.776  -2.331  -3.349  -4.494   0
   1.53004420  -1.785  -2.351  -3.376  -4.527   0
   1.53005135  -1.794  -2.372  -3.404  -4.561   0
   1.53005862  -1.802  -2.392  -3.432  -4.594   0
   1.53006589  -1.811  -2.412  -3.460  -4.627   0
   1.53007305  -1.820  -2.433  -3.488  -4.661   0
   1.53007889  -1.827  -2.449  -3.511  -4.689   0
   1.53008604  -1.835  -2.470  -3.539  -4.723   0
   1.53009331  -1.843  -2.490  -3.568  -4.757   0
   1.53009903  -1.850  -2.506  -3.590  -4.785   0
   1.53010488  -1.857  -2.523  -3.613  -4.812   0
   1.53011060  -1.863  -2.539  -3.636  -4.840   0
   1.53011775  -1.871  -2.559  -3.664  -4.873   0
   1.53012478  -1.879  -2.578  -3.691  -4.907   0
   1.53013182  -1.886  -2.598  -3.718  -4.940   0
   1.53013885  -1.894  -2.617  -3.745  -4.973   0
   1.53014588  -1.901  -2.636  -3.773  -5.006   0
   1.53015280  -1.908  -2.655  -3.800  -5.039   0
   1.53015840  -1.914  -2.670  -3.822  -5.066   0
   1.53017831  -1.923  -2.699  -3.864  -5.119   0
   1.53020132  -1.929  -2.717  -3.890  -5.152   0
   1.53022408  -1.934  -2.734  -3.916  -5.184   0
   1.53024662  -1.939  -2.752  -3.942  -5.217   0
   1.53026915  -1.944  -2.769  -3.968  -5.250   0
   1.53029144  -1.949  -2.786  -3.994  -5.282   0
   1.53031349  -1.954  -2.803  -4.020  -5.315   0
   1.53033543  -1.958  -2.820  -4.045  -5.348   0
   1.53035724  -1.962  -2.837  -4.071  -5.380   0
   1.53037882  -1.963  -2.852  -4.095  -5.412   0
   1.53040028  -1.963  -2.867  -4.119  -5.444   0
   1.53042150  -1.963  -2.882  -4.143  -5.475   0
   1.53044260  -1.963  -2.896  -4.167  -5.507   0
   1.53046346  -1.963  -2.911  -4.191  -5.539   0
   1.53048432  -1.963  -2.925  -4.215  -5.571   0
   1.53050482  -1.962  -2.940  -4.239  -5.603   0
   1.53052521  -1.961  -2.954  -4.263  -5.634   0
   1.53054547  -1.960  -2.968  -4.286  -5.666   0
   1.53056550  -1.958  -2.981  -4.310  -5.698   0
   1.53058541  -1.956  -2.995  -4.333  -5.730   0
   1.53060520  -1.954  -3.008  -4.356  -5.762   0
   1.53062475  -1.951  -3.021  -4.380  -5.794   0
   1.53064406  -1.948  -3.033  -4.403  -5.825   0
   1.53066337  -1.945  -3.046  -4.426  -5.858   0
   1.53068233  -1.941  -3.059  -4.449  -5.891   0
   1.53070116  -1.937  -3.072  -4.474  -5.926   0
   1.53071988  -1.932  -3.085  -4.499  -5.960   0
   1.53073478  -1.928  -3.095  -4.518  -5.988   0
   1.53074956  -1.928  -3.107  -4.538  -6.015   0
   1.53076410  -1.933  -3.122  -4.560  -6.042   0
   1.53077865  -1.938  -3.136  -4.581  -6.069   0
   1.53079307  -1.943  -3.151  -4.602  -6.095   0
   1.53080750  -1.948  -3.165  -4.622  -6.121   0
   1.53082180  -1.952  -3.179  -4.643  -6.147   0
   1.53083599  -1.957  -3.193  -4.663  -6.173   0
   1.53085017  -1.961  -3.206  -4.683  -6.198   0
   1.53086424  -1.964  -3.220  -4.703  -6.223   0
   1.53087831  -1.968  -3.233  -4.722  -6.248   0
   1.53089237  -1.971  -3.245  -4.741  -6.272   0
   1.53090990  -1.974  -3.260  -4.764  -6.302   0
   1.53092718  -1.977  -3.275  -4.786  -6.331   0
   1.53094447  -1.979  -3.288  -4.808  -6.359   0
   1.53096187  -1.980  -3.301  -4.828  -6.387   0
   1.53097916  -1.980  -3.313  -4.848  -6.413   0
   1.53099561  -1.980  -3.323  -4.864  -6.436   0
   1.53101385  -1.978  -3.332  -4.881  -6.459   0
   1.53103089  -1.975  -3.339  -4.894  -6.480   0
   1.53104508  -1.971  -3.344  -4.904  -6.495   0
