   0.15000001  13.666  12.728  11.405   9.832   0
   0.20000000  12.263  11.596  10.433   9.034   0
   0.25000000  11.493  10.918   9.817   8.495   0
   0.30000001  10.984  10.469   9.407   8.135   0
   0.34999999  10.542  10.080   9.052   7.822   0
   0.40000001  10.140   9.725   8.727   7.535   0
   0.44999999   9.634   9.284   8.323   7.176   0
   0.50000000   9.101   8.832   7.917   6.827   0
   0.55000001   8.407   8.271   7.434   6.427   0
   0.60000002   7.429   7.519   6.833   5.965   0
   0.62793291   7.044   7.193   6.559   5.737   0
   0.66217452   6.587   6.803   6.230   5.461   0
   0.69220358   6.222   6.475   5.949   5.224   0
   0.69999999   6.127   6.390   5.876   5.163   0
   0.70247436   6.096   6.362   5.852   5.143   0
   0.72860080   5.782   6.069   5.597   4.927   0
   0.75225991   5.512   5.806   5.364   4.730   0
   0.77396870   5.263   5.560   5.147   4.544   0
   0.79409724   5.044   5.330   4.939   4.366   0
   0.80000001   4.979   5.261   4.876   4.312   0
   0.81584102   4.803   5.075   4.708   4.168   0
   0.83606106   4.573   4.824   4.479   3.972   0
   0.85945106   4.290   4.507   4.189   3.723   0
   0.87383658   4.103   4.298   3.997   3.556   0
   0.89067131   3.863   4.025   3.744   3.338   0
   0.89999998   3.715   3.854   3.586   3.203   0
   0.90835428   3.580   3.697   3.444   3.084   0
   0.91272753   3.504   3.609   3.363   3.015   0
   0.91739428   3.418   3.511   3.271   2.934   0
   0.92032933   3.359   3.445   3.209   2.878   1
   0.92037815   3.358   3.444   3.208   2.877   0
   0.93077701   3.121   3.189   2.958   2.634   0
   0.93576545   2.983   3.058   2.815   2.467   0
   0.93964255   2.851   2.950   2.680   2.283   0
   0.94187826   2.769   2.900   2.592   2.130   0
   0.94352967   2.723   2.889   2.528   1.985   0
   0.94486350   2.718   2.905   2.485   1.861   0
   0.94599199   2.756   2.944   2.467   1.773   0
   0.94691569   2.761   2.934   2.417   1.679   0
   0.94785094   2.684   2.840   2.293   1.526   0
   0.94866431   2.562   2.700   2.136   1.352   0
   0.94936657   2.421   2.547   1.973   1.178   0
   0.94998729   2.276   2.392   1.810   1.007   0
   0.95056552   2.130   2.236   1.647   0.837   0
   0.95107394   1.991   2.087   1.492   0.676   0
   0.95148927   1.865   1.952   1.352   0.529   0
   0.95189530   1.731   1.809   1.203   0.374   0
   0.95227271   1.596   1.666   1.054   0.219   0
   0.95259386   1.466   1.527   0.909   0.068   0
   0.95289260   1.341   1.390   0.764  -0.084   0
   0.95315200   1.219   1.255   0.622  -0.233   0
   0.95339423   1.100   1.121   0.479  -0.384   0
   0.95360714   0.983   0.990   0.338  -0.532   0
   0.95380062   0.868   0.860   0.199  -0.679   0
   0.95398086   0.753   0.729   0.058  -0.828   0
   0.95413041   0.640   0.602  -0.078  -0.971   0
   0.95426720   0.528   0.477  -0.213  -1.115   0
   0.95439136   0.419   0.355  -0.345  -1.255   0
   0.95450312   0.315   0.238  -0.471  -1.388   0
   0.95462108   0.225   0.133  -0.585  -1.511   0
   0.95467079   0.199   0.104  -0.617  -1.544   0
   0.95475304   0.252   0.167  -0.545  -1.466   1
   0.95485061   0.134   0.031  -0.695  -1.626   0
   0.95494747   0.009  -0.113  -0.853  -1.795   0
   0.95503157  -0.095  -0.241  -0.995  -1.949   0
   0.95511085  -0.202  -0.374  -1.144  -2.109   0
   0.95517838  -0.299  -0.499  -1.286  -2.264   0
   0.95523685  -0.396  -0.620  -1.424  -2.413   0
   0.95529228  -0.489  -0.744  -1.568  -2.572   0
   0.95534003  -0.571  -0.857  -1.701  -2.720   0
   0.95538265  -0.658  -0.973  -1.836  -2.870   0
   0.95542389  -0.752  -1.095  -1.977  -3.024   0
   0.95545709  -0.831  -1.203  -2.105  -3.167   0
   0.95548898  -0.909  -1.312  -2.237  -3.315   0
   0.95551878  -0.984  -1.422  -2.370  -3.466   0
   0.95554477  -1.038  -1.519  -2.493  -3.608   0
   0.95556831  -1.087  -1.612  -2.614  -3.748   0
   0.95559114  -1.131  -1.701  -2.730  -3.884   2
   0.95559114   0.845   0.934   0.495  -0.158   1
   0.95559150  -1.108  -1.654  -2.669  -3.813   2
   0.95567548   0.841   0.930   0.490  -0.166   1
   0.95579922   0.838   0.926   0.483  -0.177   0
   0.95592904   0.834   0.922   0.475  -0.187   0
   0.95606560   0.830   0.917   0.469  -0.196   0
   0.95615399   0.826   0.913   0.464  -0.201   0
   0.95625037   0.822   0.909   0.460  -0.204   0
   0.95651376   0.810   0.896   0.451  -0.210   0
   0.95678931   0.796   0.882   0.443  -0.212   0
   0.95707804   0.784   0.869   0.434  -0.214   0
   0.95730269   0.776   0.860   0.427  -0.219   0
   0.95733756   0.776   0.860   0.426  -0.221   0
   0.95749402   0.772   0.857   0.421  -0.229   0
   0.95764768   0.770   0.855   0.416  -0.237   0
   0.95780534   0.771   0.855   0.410  -0.252   0
   0.95796305   0.771   0.854   0.402  -0.268   0
   0.95812708   0.770   0.852   0.392  -0.287   0
   0.95829892   0.768   0.849   0.380  -0.309   0
   0.95848352   0.763   0.844   0.363  -0.338   0
   0.95872426   0.754   0.832   0.339  -0.377   0
   0.95879996   0.750   0.828   0.329  -0.392   0
   0.95890307   0.740   0.818   0.313  -0.417   0
   0.95928508   0.686   0.741   0.192  -0.582   0
   0.95931286   0.664   0.711   0.150  -0.637   0
   0.95933402   0.620   0.656   0.076  -0.729   0
   0.95934039   0.580   0.607   0.015  -0.802   0
   0.95934534   0.508   0.521  -0.090  -0.925   0
   0.95934874   0.389   0.376  -0.258  -1.113   0
   0.95935249   0.252   0.212  -0.446  -1.320   0
   0.95935744   0.142   0.079  -0.597  -1.487   0
   0.95936102   0.096   0.023  -0.660  -1.555   0
   0.95938516   0.167   0.109  -0.563  -1.449   1
   0.95943338   0.058  -0.022  -0.712  -1.613   0
   0.95946550  -0.097  -0.208  -0.923  -1.844   0
   0.95949155  -0.232  -0.370  -1.106  -2.045   0
   0.95950961  -0.331  -0.493  -1.246  -2.198   0
   0.95952594  -0.421  -0.613  -1.386  -2.353   0
   0.95954090  -0.493  -0.716  -1.512  -2.495   0
   0.95955634  -0.582  -0.841  -1.661  -2.662   0
   0.95956904  -0.673  -0.966  -1.809  -2.826   0
   0.95957834  -0.760  -1.085  -1.950  -2.983   0
   0.95958722  -0.855  -1.216  -2.104  -3.156   0
   0.95959437  -0.923  -1.320  -2.236  -3.307   0
   0.95960212  -0.994  -1.420  -2.357  -3.445   0
   0.95961028  -1.056  -1.531  -2.499  -3.610   0
   0.95961112  -1.065  -1.550  -2.525  -3.640   0
   0.95961243  -1.076  -1.574  -2.557  -3.677   0
   0.95961374  -1.086  -1.597  -2.588  -3.715   0
   0.95961499  -1.097  -1.620  -2.619  -3.752   0
   0.95961630  -1.107  -1.643  -2.650  -3.789   0
   0.95961761  -1.117  -1.666  -2.682  -3.826   0
   0.95961863  -1.125  -1.684  -2.706  -3.855   0
   0.95961994  -1.135  -1.707  -2.738  -3.893   0
   0.95962125  -1.144  -1.730  -2.768  -3.930   0
   0.95962250  -1.154  -1.752  -2.799  -3.967   0
   0.95962381  -1.163  -1.775  -2.830  -4.004   0
   0.95962512  -1.172  -1.797  -2.861  -4.041   0
   0.95962638  -1.182  -1.819  -2.892  -4.078   0
   0.95962769  -1.191  -1.841  -2.923  -4.116   0
   0.95962900  -1.199  -1.863  -2.953  -4.153   0
   0.95963031  -1.208  -1.885  -2.984  -4.190   0
   0.95963132  -1.215  -1.902  -3.008  -4.219   0
   0.95963264  -1.223  -1.924  -3.039  -4.256   0
   0.95963395  -1.232  -1.946  -3.070  -4.294   0
   0.95963520  -1.240  -1.967  -3.100  -4.331   0
   0.95963627  -1.246  -1.984  -3.124  -4.361   0
   0.95963752  -1.254  -2.005  -3.155  -4.398   0
   0.95963883  -1.262  -2.026  -3.185  -4.435   0
   0.95963991  -1.268  -2.044  -3.210  -4.466   0
   0.95964116  -1.276  -2.066  -3.242  -4.505   0
   0.95964247  -1.284  -2.089  -3.275  -4.546   0
   0.95964378  -1.291  -2.110  -3.307  -4.586   0
   0.95964503  -1.297  -2.132  -3.339  -4.626   0
   0.95964634  -1.304  -2.153  -3.371  -4.667   0
   0.95964766  -1.309  -2.171  -3.397  -4.700   0
   0.95964861  -1.310  -2.178  -3.408  -4.715   0
   0.95964968  -1.310  -2.186  -3.421  -4.731   0
   0.95965075  -1.311  -2.194  -3.433  -4.747   0
   0.95965183  -1.311  -2.201  -3.445  -4.763   0
   0.95965272  -1.311  -2.207  -3.455  -4.776   0
   0.95965379  -1.311  -2.215  -3.468  -4.792   0
   0.95965463  -1.311  -2.221  -3.477  -4.805   0
   0.95965689  -1.311  -2.233  -3.497  -4.831   0
   0.95965993  -1.310  -2.248  -3.523  -4.865   0
   0.95966291  -1.308  -2.263  -3.548  -4.900   0
   0.95966595  -1.307  -2.278  -3.574  -4.934   0
   0.95966899  -1.304  -2.293  -3.600  -4.970   0
   0.95967203  -1.302  -2.308  -3.626  -5.005   0
   0.95967484  -1.299  -2.322  -3.650  -5.039   0
   0.95967764  -1.295  -2.335  -3.675  -5.072   0
   0.95968044  -1.291  -2.349  -3.699  -5.106   0
   0.95968324  -1.287  -2.362  -3.724  -5.141   0
   0.95968604  -1.282  -2.374  -3.748  -5.175   0
   0.95968884  -1.276  -2.386  -3.772  -5.209   0
   0.95969164  -1.269  -2.398  -3.796  -5.244   0
   0.95969450  -1.262  -2.410  -3.821  -5.279   0
   0.95969731  -1.253  -2.421  -3.845  -5.315   0
   0.95970011  -1.245  -2.432  -3.869  -5.351   0
   0.95970285  -1.250  -2.450  -3.896  -5.385   0
   0.95970547  -1.254  -2.467  -3.922  -5.418   0
   0.95970803  -1.258  -2.484  -3.948  -5.452   0
   0.95971066  -1.261  -2.501  -3.974  -5.485   0
   0.95971102  -1.262  -2.503  -3.977  -5.490   0
