   0.15000001  13.845  12.817  11.464   9.858   0
   0.20000000  12.462  11.691  10.504   9.080   0
   0.25000000  11.697  11.002   9.881   8.539   0
   0.30000001  11.197  10.557   9.476   8.188   0
   0.34999999  10.762  10.168   9.123   7.880   0
   0.40000001  10.354   9.804   8.789   7.587   0
   0.44999999   9.854   9.365   8.387   7.235   0
   0.50000000   9.352   8.935   7.999   6.904   0
   0.55000001   8.707   8.414   7.542   6.525   0
   0.60000002   7.994   7.857   7.066   6.137   0
   0.69999999   6.675   6.807   6.193   5.418   0
   0.71999556   6.448   6.615   6.033   5.285   0
   0.80000001   5.660   5.908   5.436   4.787   0
   0.82891101   5.415   5.674   5.233   4.616   0
   0.89747506   4.898   5.149   4.768   4.224   0
   0.89999998   4.879   5.130   4.752   4.210   0
   0.91145325   4.798   5.046   4.678   4.149   0
   0.97502476   4.386   4.591   4.272   3.816   0
   1.00000000   4.230   4.417   4.115   3.688   0
   1.02421904   4.089   4.249   3.968   3.575   0
   1.06495667   3.854   3.971   3.723   3.389   0
   1.10000002   3.661   3.737   3.518   3.236   0
   1.10146952   3.653   3.728   3.510   3.230   0
   1.12863493   3.506   3.549   3.355   3.121   0
   1.15124428   3.387   3.407   3.235   3.036   0
   1.17055225   3.286   3.288   3.133   2.964   0
   1.18721640   3.201   3.190   3.049   2.903   0
   1.20000005   3.138   3.123   2.993   2.861   0
   1.22665203   3.002   2.977   2.871   2.770   0
   1.25368047   2.862   2.832   2.748   2.675   0
   1.27684474   2.739   2.717   2.648   2.592   0
   1.29688919   2.633   2.617   2.560   2.518   0
   1.29999995   2.617   2.602   2.547   2.507   0
   1.30718124   2.578   2.566   2.515   2.480   0
   1.32219911   2.499   2.490   2.447   2.420   0
   1.34869301   2.360   2.361   2.327   2.308   0
   1.37616134   2.214   2.220   2.192   2.177   0
   1.39999998   2.085   2.087   2.061   2.045   1
   1.41639864   1.995   1.991   1.964   1.946   0
   1.43688786   1.880   1.864   1.833   1.807   0
   1.44679344   1.822   1.800   1.767   1.736   0
   1.45630383   1.762   1.736   1.701   1.666   0
   1.46024179   1.735   1.708   1.673   1.638   0
   1.46628737   1.684   1.662   1.633   1.604   0
   1.46922004   1.644   1.636   1.617   1.600   0
   1.47123170   1.587   1.617   1.615   1.616   0
   1.47183418   1.530   1.594   1.605   1.621   0
   1.47212875   1.475   1.566   1.586   1.610   1
   1.47226572   1.480   1.560   1.577   1.597   0
   1.47276473   1.425   1.446   1.444   1.441   0
   1.47474647   1.342   1.297   1.264   1.221   0
   1.47701943   1.310   1.232   1.166   1.079   0
   1.47884727   1.294   1.206   1.102   0.959   0
   1.48009026   1.291   1.214   1.067   0.867   0
   1.48121405   1.298   1.258   1.061   0.782   3
   1.48223221   1.319   1.328   1.075   0.706   0
   1.48286784   1.345   1.389   1.095   0.662   0
   1.48348260   1.382   1.457   1.121   0.624   0
   1.48407686   1.429   1.525   1.151   0.600   0
   1.48495328   1.517   1.628   1.206   0.595   0
   1.48581338   1.621   1.741   1.276   0.615   0
   1.48694038   1.772   1.879   1.364   0.654   0
   1.48792183   1.876   1.974   1.424   0.678   4
   1.49126589   1.756   1.812   1.212   0.422   0
   1.49371135   1.564   1.599   0.981   0.175   0
   1.49593902   1.379   1.397   0.766  -0.051   0
   1.49795282   1.208   1.212   0.570  -0.257   0
   1.49965370   1.058   1.050   0.399  -0.437   0
   1.50000000   1.028   1.017   0.364  -0.473   0
   1.50130033   0.917   0.893   0.230  -0.615   0
   1.50266004   0.794   0.754   0.081  -0.773   0
   1.50398469   0.678   0.619  -0.067  -0.930   0
   1.50515676   0.562   0.484  -0.214  -1.086   0
   1.50603664   0.445   0.348  -0.363  -1.245   0
   1.50677657   0.332   0.217  -0.506  -1.398   0
   1.50747085   0.223   0.088  -0.649  -1.552   0
   1.50810540   0.111  -0.041  -0.792  -1.706   0
   1.50869489   0.003  -0.167  -0.933  -1.858   0
   1.50928044  -0.104  -0.294  -1.074  -2.010   0
   1.50959468  -0.126  -0.320  -1.103  -2.041   0
   1.50996947  -0.023  -0.196  -0.963  -1.889   0
   1.50999606  -0.013  -0.184  -0.949  -1.874   1
   1.51044631  -0.118  -0.309  -1.089  -2.025   0
   1.51091075  -0.220  -0.434  -1.229  -2.176   0
   1.51138663  -0.312  -0.561  -1.375  -2.337   0
   1.51181543  -0.404  -0.685  -1.519  -2.495   0
   1.51218271  -0.492  -0.803  -1.656  -2.645   0
   1.51253223  -0.578  -0.922  -1.796  -2.800   0
   1.51283216  -0.656  -1.033  -1.929  -2.948   0
   1.51311433  -0.730  -1.146  -2.066  -3.102   0
   1.51335871  -0.779  -1.239  -2.190  -3.247   0
   1.51358843  -0.856  -1.352  -2.325  -3.398   0
   1.51379478  -0.901  -1.446  -2.446  -3.539   0
   1.51399231  -0.956  -1.545  -2.569  -3.680   0
   1.51399815  -0.956  -1.545  -2.569  -3.680   2
   1.51399815   0.648   0.693   0.150  -0.593   0
   1.51514471   0.677   0.715   0.159  -0.596   4
   1.51654494   0.675   0.709   0.147  -0.613   0
   1.51821136   0.641   0.676   0.118  -0.639   0
   1.51994205   0.605   0.642   0.087  -0.665   0
   1.52171040   0.568   0.607   0.057  -0.691   0
   1.52352214   0.533   0.572   0.027  -0.718   0
   1.52536845   0.499   0.538  -0.003  -0.744   0
   1.52728093   0.465   0.504  -0.033  -0.770   0
   1.52916896   0.434   0.472  -0.062  -0.796   0
   1.53099787   0.405   0.442  -0.089  -0.819   0
   1.53280056   0.379   0.415  -0.114  -0.842   0
   1.53464949   0.354   0.389  -0.138  -0.865   0
   1.53499055   0.349   0.385  -0.142  -0.869   0
   1.53642511   0.332   0.367  -0.160  -0.887   0
   1.53678739   0.329   0.363  -0.164  -0.891   0
   1.53841186   0.315   0.348  -0.181  -0.911   0
   1.54033709   0.298   0.330  -0.202  -0.935   0
   1.54225898   0.291   0.321  -0.219  -0.960   0
   1.54444039   0.290   0.314  -0.238  -0.989   0
   1.54540145   0.303   0.320  -0.243  -1.004   0
   1.54651999   0.313   0.322  -0.253  -1.024   0
   1.54789734   0.333   0.327  -0.273  -1.065   0
   1.54832840   0.336   0.321  -0.292  -1.096   0
   1.54855692   0.327   0.301  -0.330  -1.149   0
   1.54861820   0.307   0.273  -0.370  -1.199   0
   1.54866087   0.262   0.210  -0.450  -1.294   0
   1.54869008   0.159   0.078  -0.606  -1.468   0
   1.54871440   0.054  -0.053  -0.757  -1.635   0
   1.54874563  -0.049  -0.178  -0.900  -1.791   0
   1.54876566  -0.068  -0.201  -0.925  -1.819   0
   1.54895651   0.014  -0.102  -0.813  -1.696   1
   1.54930902  -0.101  -0.242  -0.973  -1.872   0
   1.54948187  -0.244  -0.418  -1.175  -2.094   0
   1.54965460  -0.371  -0.575  -1.356  -2.293   0
   1.54982734  -0.495  -0.742  -1.550  -2.507   0
   1.54994261  -0.578  -0.862  -1.693  -2.667   0
   1.55006254  -0.671  -0.996  -1.853  -2.845   0
   1.55017710  -0.762  -1.130  -2.016  -3.028   0
   1.55025744  -0.824  -1.233  -2.146  -3.177   0
   1.55032849  -0.878  -1.336  -2.283  -3.338   0
   1.55038321  -0.953  -1.451  -2.425  -3.498   0
   1.55042970  -1.004  -1.556  -2.558  -3.653   0
   1.55047154  -1.053  -1.656  -2.687  -3.803   0
   1.55051470  -1.074  -1.741  -2.808  -3.949   0
   1.55055189  -1.103  -1.849  -2.962  -4.137   0
   1.55055761  -1.123  -1.890  -3.016  -4.200   0
   1.55056465  -1.127  -1.908  -3.042  -4.231   0
   1.55057180  -1.130  -1.925  -3.067  -4.263   0
   1.55057883  -1.134  -1.943  -3.093  -4.294   0
   1.55058599  -1.138  -1.960  -3.118  -4.325   0
   1.55059278  -1.141  -1.977  -3.143  -4.357   0
   1.55059969  -1.144  -1.994  -3.169  -4.388   0
   1.55060661  -1.147  -2.011  -3.194  -4.419   0
   1.55061352  -1.150  -2.028  -3.219  -4.450   0
   1.55062032  -1.153  -2.044  -3.244  -4.482   0
   1.55062723  -1.154  -2.061  -3.269  -4.512   0
   1.55063415  -1.155  -2.077  -3.293  -4.542   0
   1.55064094  -1.156  -2.092  -3.317  -4.573   0
   1.55064785  -1.157  -2.108  -3.340  -4.603   0
   1.55065477  -1.158  -2.124  -3.364  -4.633   0
   1.55066144  -1.158  -2.140  -3.388  -4.663   0
   1.55066681  -1.158  -2.152  -3.407  -4.687   0
   1.55067348  -1.158  -2.166  -3.428  -4.714   0
   1.55068004  -1.158  -2.179  -3.449  -4.740   0
   1.55068672  -1.158  -2.192  -3.469  -4.767   0
   1.55069339  -1.157  -2.206  -3.490  -4.793   0
   1.55070007  -1.157  -2.219  -3.511  -4.820   0
   1.55070674  -1.156  -2.232  -3.532  -4.847   0
   1.55071342  -1.156  -2.246  -3.552  -4.873   0
   1.55072010  -1.155  -2.259  -3.573  -4.900   0
   1.55072677  -1.154  -2.272  -3.594  -4.926   0
   1.55073345  -1.152  -2.284  -3.614  -4.953   0
   1.55074000  -1.150  -2.296  -3.634  -4.979   0
   1.55074668  -1.148  -2.308  -3.654  -5.006   0
   1.55075336  -1.146  -2.320  -3.674  -5.033   0
   1.55076003  -1.144  -2.332  -3.694  -5.059   0
   1.55077863  -1.138  -2.340  -3.711  -5.082   0
   1.55079985  -1.135  -2.353  -3.733  -5.112   0
   1.55082107  -1.130  -2.365  -3.755  -5.142   0
   1.55084205  -1.126  -2.378  -3.777  -5.171   0
   1.55086291  -1.122  -2.390  -3.799  -5.201   0
   1.55088353  -1.117  -2.402  -3.820  -5.231   0
   1.55090415  -1.112  -2.414  -3.842  -5.261   0
   1.55092454  -1.107  -2.425  -3.864  -5.291   0
   1.55094469  -1.101  -2.437  -3.885  -5.320   0
   1.55096471  -1.095  -2.448  -3.907  -5.350   0
   1.55098462  -1.089  -2.460  -3.928  -5.380   0
   1.55100441  -1.084  -2.470  -3.948  -5.409   0
   1.55102396  -1.078  -2.480  -3.968  -5.437   0
   1.55104351  -1.071  -2.490  -3.988  -5.466   0
   1.55106270  -1.065  -2.500  -4.008  -5.494   0
   1.55108190  -1.058  -2.510  -4.027  -5.523   0
   1.55110073  -1.051  -2.520  -4.047  -5.552   0
   1.55111957  -1.044  -2.529  -4.066  -5.580   0
   1.55113828  -1.037  -2.539  -4.086  -5.609   0
   1.55115676  -1.029  -2.548  -4.105  -5.637   0
   1.55117500  -1.021  -2.557  -4.124  -5.666   0
   1.55119324  -1.013  -2.566  -4.143  -5.694   0
   1.55121124  -1.004  -2.574  -4.163  -5.723   0
   1.55122912  -0.995  -2.582  -4.181  -5.751   0
   1.55124676  -0.997  -2.596  -4.203  -5.779   0
   1.55126429  -1.001  -2.612  -4.224  -5.807   0
   1.55128169  -1.005  -2.628  -4.246  -5.835   0
   1.55129886  -1.010  -2.643  -4.268  -5.863   0
   1.55131257  -1.013  -2.656  -4.286  -5.886   0
   1.55132616  -1.016  -2.668  -4.303  -5.909   0
   1.55133963  -1.019  -2.681  -4.321  -5.932   0
   1.55135310  -1.022  -2.693  -4.338  -5.955   0
   1.55136645  -1.025  -2.705  -4.356  -5.977   0
   1.55137980  -1.028  -2.717  -4.373  -6.000   0
   1.55139303  -1.031  -2.729  -4.390  -6.022   0
   1.55140960  -1.034  -2.743  -4.411  -6.049   0
   1.55142593  -1.036  -2.757  -4.431  -6.076   0
   1.55144238  -1.039  -2.771  -4.451  -6.103   0
   1.55145872  -1.041  -2.784  -4.471  -6.129   0
   1.55147505  -1.042  -2.797  -4.490  -6.155   0
   1.55149138  -1.054  -2.814  -4.509  -6.180   2
   1.55150771  -1.081  -2.837  -4.528  -6.205   0
   1.55152321  -1.108  -2.860  -4.546  -6.228   0
   1.55154061  -1.140  -2.886  -4.567  -6.253   0
   1.55155873  -1.174  -2.911  -4.585  -6.276   0
   1.55156851  -1.192  -2.920  -4.585  -6.279   0
