   0.15000001  13.766  12.795  11.456   9.868   0
   0.20000000  12.339  11.665  10.496   9.091   0
   0.25000000  11.561  10.978   9.873   8.545   0
   0.30000001  11.060  10.538   9.472   8.194   0
   0.34999999  10.624  10.154   9.121   7.885   0
   0.40000001  10.213   9.790   8.787   7.589   0
   0.44999999   9.732   9.370   8.401   7.247   0
   0.50000000   9.243   8.954   8.027   6.923   0
   0.55000001   8.628   8.450   7.589   6.555   0
   0.60000002   7.733   7.769   7.045   6.143   0
   0.69999999   6.592   6.809   6.238   5.470   0
   0.80000001   5.674   5.970   5.518   4.871   0
   0.89999998   4.966   5.250   4.883   4.343   0
   1.00000000   4.394   4.609   4.312   3.883   0
   1.06490719   4.079   4.228   3.978   3.633   0
   1.10000002   3.921   4.034   3.808   3.509   0
   1.17579377   3.612   3.648   3.479   3.289   0
   1.20000005   3.518   3.534   3.384   3.225   0
   1.24235344   3.364   3.362   3.244   3.130   0
   1.29999995   3.161   3.155   3.074   3.010   0
   1.39999998   2.834   2.869   2.836   2.831   0
   1.50000000   2.545   2.648   2.650   2.679   0
   1.60000002   2.279   2.456   2.485   2.537   0
   1.70000005   2.046   2.290   2.340   2.409   0
   1.75000000   1.938   2.214   2.272   2.349   0
   1.76999998   1.897   2.185   2.246   2.325   0
   1.79999995   1.836   2.141   2.207   2.290   0
   1.89999998   1.642   2.001   2.080   2.175   0
   2.00000000   1.462   1.869   1.959   2.066   0
   2.05733418   1.366   1.796   1.892   2.004   0
   2.20000005   1.135   1.621   1.730   1.855   0
   2.48952794   0.721   1.291   1.421   1.567   0
   2.50000000   0.707   1.279   1.410   1.556   0
   2.84709835   0.267   0.906   1.054   1.218   0
   3.00000000   0.079   0.742   0.897   1.068   0
   3.16136503  -0.107   0.577   0.738   0.914   0
   3.41455507  -0.395   0.318   0.487   0.670   0
   3.50000000  -0.493   0.227   0.399   0.584   0
   3.64965963  -0.662   0.070   0.245   0.433   0
   3.83396101  -0.875  -0.130   0.049   0.239   0
   3.99393845  -1.065  -0.313  -0.132   0.060   0
   4.00000000  -1.073  -0.320  -0.139   0.053   0
   4.14082527  -1.244  -0.487  -0.304  -0.112   0
   4.26457405  -1.403  -0.645  -0.461  -0.270   1
   4.37135983  -1.556  -0.800  -0.617  -0.426   0
   4.46428776  -1.698  -0.948  -0.766  -0.577   0
   4.50000000  -1.758  -1.011  -0.829  -0.642   0
   4.54908895  -1.840  -1.097  -0.916  -0.730   0
   4.58624029  -1.904  -1.164  -0.984  -0.799   0
   4.62114716  -1.963  -1.225  -1.045  -0.861   0
   4.63528633  -1.986  -1.247  -1.066  -0.882   0
   4.66009998  -2.018  -1.272  -1.090  -0.904   3
   4.67249060  -2.023  -1.264  -1.079  -0.890   0
   4.68080425  -2.010  -1.228  -1.037  -0.841   0
   4.68331289  -2.006  -1.204  -1.009  -0.808   0
   4.68470287  -2.012  -1.195  -0.995  -0.790   0
   4.68496275  -2.006  -1.192  -0.993  -0.788   0
   4.68567133  -2.011  -1.225  -1.033  -0.836   0
   4.68649006  -2.142  -1.384  -1.199  -1.010   0
   4.68739700  -2.271  -1.538  -1.358  -1.177   0
   4.68850231  -2.389  -1.686  -1.513  -1.342   0
   4.68954039  -2.481  -1.806  -1.640  -1.478   0
   4.69068861  -2.577  -1.935  -1.776  -1.626   0
   4.69159317  -2.653  -2.040  -1.887  -1.746   0
   4.69251919  -2.732  -2.153  -2.008  -1.878   0
   4.69348907  -2.819  -2.280  -2.143  -2.027   0
   4.69412756  -2.880  -2.370  -2.241  -2.135   0
   4.69476652  -2.941  -2.465  -2.344  -2.249   0
   4.69529486  -2.995  -2.551  -2.437  -2.353   0
   4.69575691  -3.046  -2.635  -2.528  -2.454   0
   4.69617510  -3.090  -2.715  -2.615  -2.552   0
   4.69659281  -3.138  -2.803  -2.711  -2.660   0
   4.69696665  -3.180  -2.887  -2.802  -2.764   0
   4.69727468  -3.214  -2.960  -2.883  -2.857   0
   4.69758224  -3.247  -3.039  -2.972  -2.959   0
   4.69782400  -3.270  -3.105  -3.047  -3.045   0
   4.69808769  -3.289  -3.176  -3.127  -3.140   0
   4.69830751  -3.301  -3.243  -3.205  -3.232   0
   4.69852734  -3.297  -3.298  -3.273  -3.317   0
   4.69872475  -3.282  -3.340  -3.330  -3.396   0
   4.69890070  -3.259  -3.374  -3.382  -3.472   0
   4.69905424  -3.234  -3.378  -3.410  -3.536   0
   4.69927406  -3.197  -3.366  -3.440  -3.627   0
   4.69953728  -3.155  -3.317  -3.456  -3.728   0
   4.69969130  -3.131  -3.277  -3.459  -3.783   3
   4.70002031  -3.089  -3.192  -3.449  -3.870   0
   4.70041561  -3.042  -3.108  -3.430  -3.940   0
   4.70092010  -3.001  -3.044  -3.417  -3.992   0
   4.70160007  -2.994  -3.032  -3.424  -4.022   2
   4.70344114  -3.099  -3.162  -3.494  -4.018   0
   4.70431757  -3.148  -3.236  -3.526  -3.995   0
   4.70521498  -3.195  -3.308  -3.555  -3.964   0
   4.70696449  -3.260  -3.411  -3.587  -3.905   0
   4.70893145  -3.320  -3.496  -3.606  -3.845   0
   4.71111345  -3.373  -3.541  -3.606  -3.782   3
   4.71361971  -3.417  -3.563  -3.596  -3.725   0
   4.71634007  -3.455  -3.568  -3.577  -3.671   0
   4.71938181  -3.489  -3.548  -3.538  -3.606   0
   4.72317600  -3.516  -3.517  -3.491  -3.537   0
   4.72720003  -3.532  -3.470  -3.431  -3.461   0
   4.73246431  -3.534  -3.419  -3.371  -3.388   0
   4.73700428  -3.533  -3.372  -3.315  -3.320   0
   4.74316025  -3.525  -3.316  -3.250  -3.243   0
   4.75055265  -3.513  -3.260  -3.186  -3.165   0
   4.75874186  -3.500  -3.202  -3.119  -3.086   0
   4.76739979  -3.484  -3.148  -3.057  -3.012   0
   4.77765369  -3.468  -3.095  -2.996  -2.940   0
   4.79068375  -3.452  -3.041  -2.934  -2.865   0
   4.80459070  -3.437  -2.992  -2.878  -2.799   0
   4.82279396  -3.424  -2.943  -2.822  -2.733   0
   4.84210825  -3.413  -2.900  -2.771  -2.671   0
   4.86775208  -3.410  -2.865  -2.730  -2.620   0
   4.89892769  -3.445  -2.884  -2.745  -2.630   1
   4.93396664  -3.572  -3.037  -2.905  -2.800   0
   4.94774675  -3.668  -3.169  -3.044  -2.952   0
   4.95437336  -3.749  -3.290  -3.174  -3.096   0
   4.95697117  -3.808  -3.382  -3.276  -3.209   0
   4.95827007  -3.864  -3.483  -3.387  -3.335   0
   4.95893002  -3.908  -3.575  -3.489  -3.453   0
   4.95922804  -3.931  -3.633  -3.554  -3.528   0
   4.95944071  -3.948  -3.692  -3.621  -3.607   0
   4.95958996  -3.956  -3.743  -3.679  -3.678   0
   4.95968866  -3.956  -3.788  -3.732  -3.743   0
   4.95976782  -3.950  -3.833  -3.785  -3.808   0
   4.95984697  -3.941  -3.883  -3.847  -3.885   0
   4.95990658  -3.929  -3.926  -3.901  -3.954   0
   4.95996571  -3.903  -3.962  -3.954  -4.030   0
   4.96000528  -3.885  -3.988  -3.992  -4.086   0
   4.96006489  -3.851  -4.003  -4.034  -4.169   0
   4.96010447  -3.833  -4.003  -4.059  -4.230   0
   4.96018362  -3.810  -3.993  -4.102  -4.348   0
   4.96024323  -3.811  -3.986  -4.133  -4.425   0
   4.96036148  -3.827  -3.987  -4.173  -4.516   3
   4.96079683  -3.785  -3.916  -4.165  -4.583   0
   4.96103430  -3.724  -3.838  -4.117  -4.574   0
   4.96123219  -3.546  -3.613  -3.999  -4.591   0
   4.96145010  -3.057  -3.147  -3.761  -4.594   0
   4.96152878  -2.926  -3.037  -3.687  -4.550   0
   4.96164799  -2.834  -2.985  -3.686  -4.593   4
   4.96216202  -3.117  -3.379  -4.172  -5.150   0
   4.96307135  -3.222  -3.532  -4.360  -5.362   0
   4.96400023  -3.304  -3.651  -4.505  -5.527   0
   4.96484995  -3.367  -3.755  -4.641  -5.686   0
   4.96558046  -3.441  -3.868  -4.781  -5.848   0
   4.96617270  -3.515  -3.980  -4.921  -6.008   0
   4.96664667  -3.587  -4.084  -5.048  -6.152   0
   4.96704102  -3.601  -4.152  -5.155  -6.287   0
   4.96743584  -3.617  -4.232  -5.277  -6.441   0
   4.96775150  -3.726  -4.368  -5.428  -6.603   0
   4.96798801  -3.844  -4.515  -5.594  -6.782   0
   4.96816540  -3.897  -4.616  -5.726  -6.939   0
   4.96834326  -3.888  -4.677  -5.839  -7.091   2
   4.96850109  -3.858  -4.466  -5.500  -6.655   1
   4.96852064  -3.853  -4.468  -5.507  -6.666   0
   4.96865892  -3.872  -4.544  -5.623  -6.812   0
   4.96875715  -3.907  -4.629  -5.743  -6.958   0
   4.96885443  -3.914  -4.649  -5.771  -6.992   0
   4.96895170  -3.920  -4.668  -5.799  -7.027   0
   4.96904802  -3.927  -4.687  -5.826  -7.061   0
   4.96914434  -3.934  -4.706  -5.854  -7.096   0
   4.96924067  -3.940  -4.725  -5.882  -7.131   0
   4.96933699  -3.941  -4.730  -5.890  -7.141   0
   4.96941376  -3.942  -4.733  -5.895  -7.147   0
   4.96951008  -3.942  -4.737  -5.901  -7.156   0
   4.96960640  -3.943  -4.740  -5.905  -7.161   0
   4.96970177  -3.944  -4.742  -5.909  -7.165   0
   4.96979713  -3.944  -4.744  -5.912  -7.169   0
   4.97077036  -3.949  -4.758  -5.934  -7.197   0
   4.97174454  -3.953  -4.773  -5.955  -7.224   0
   4.97272110  -3.957  -4.787  -5.977  -7.251   0
   4.97369957  -3.961  -4.801  -5.998  -7.278   0
   4.97468042  -3.965  -4.815  -6.020  -7.305   0
   4.97566414  -3.969  -4.829  -6.041  -7.333   0
   4.97665071  -3.973  -4.843  -6.062  -7.360   0
   4.97763968  -3.977  -4.857  -6.083  -7.387   0
   4.97863245  -3.980  -4.871  -6.104  -7.414   0
   4.97962856  -3.983  -4.884  -6.125  -7.441   0
   4.98062897  -3.987  -4.898  -6.146  -7.468   0
   4.98163319  -3.990  -4.911  -6.167  -7.494   0
   4.98264217  -3.993  -4.924  -6.188  -7.521   0
   4.98365641  -3.995  -4.937  -6.208  -7.548   0
   4.98467588  -3.998  -4.950  -6.229  -7.575   0
   4.98568821  -4.000  -4.963  -6.249  -7.601   0
   4.98665428  -4.005  -4.976  -6.268  -7.625   0
   4.98757648  -4.011  -4.989  -6.286  -7.647   0
   4.98845911  -4.016  -5.001  -6.303  -7.668   0
   4.98946953  -4.021  -5.015  -6.322  -7.692   0
   4.99043226  -4.027  -5.028  -6.340  -7.715   0
   4.99135160  -4.032  -5.040  -6.358  -7.736   0
   4.99219418  -4.036  -5.051  -6.373  -7.756   0
