   0.15000001  13.765  12.795  11.456   9.868   0
   0.20000000  12.339  11.665  10.496   9.091   0
   0.25000000  11.561  10.978   9.873   8.545   0
   0.30000001  11.059  10.538   9.471   8.193   0
   0.34999999  10.624  10.153   9.120   7.885   0
   0.40000001  10.213   9.790   8.787   7.588   0
   0.44999999   9.731   9.369   8.401   7.246   0
   0.50000000   9.242   8.953   8.026   6.922   0
   0.55000001   8.627   8.449   7.588   6.555   0
   0.60000002   7.731   7.768   7.044   6.142   0
   0.69999999   6.589   6.807   6.235   5.468   0
   0.80000001   5.670   5.966   5.514   4.868   0
   0.89999998   4.961   5.245   4.878   4.339   0
   0.99824536   4.396   4.612   4.315   3.885   0
   1.00000000   4.387   4.601   4.305   3.877   0
   1.00134766   4.380   4.593   4.298   3.872   0
   1.10000002   3.914   4.025   3.800   3.502   0
   1.10452354   3.894   4.000   3.779   3.488   0
   1.20000005   3.511   3.526   3.376   3.218   0
   1.29999995   3.153   3.147   3.067   3.004   0
   1.39999998   2.824   2.860   2.828   2.824   0
   1.50000000   2.533   2.638   2.641   2.671   0
   1.60000002   2.265   2.444   2.474   2.526   0
   1.70000005   2.029   2.276   2.327   2.396   0
   1.75000000   1.921   2.199   2.258   2.335   0
   1.76999998   1.880   2.169   2.231   2.311   0
   1.79999995   1.818   2.125   2.191   2.275   0
   1.89999998   1.621   1.982   2.061   2.157   0
   2.00000000   1.436   1.845   1.936   2.043   0
   2.20000005   1.100   1.588   1.698   1.824   0
   2.25956893   1.009   1.515   1.630   1.761   0
   2.50000000   0.653   1.225   1.356   1.503   0
   2.56126165   0.569   1.154   1.288   1.438   0
   2.82257581   0.216   0.847   0.994   1.156   0
   3.00000000  -0.019   0.637   0.792   0.960   0
   3.05113578  -0.083   0.579   0.736   0.906   0
   3.24448609  -0.331   0.351   0.514   0.688   0
   3.40751576  -0.544   0.151   0.318   0.496   0
   3.50000000  -0.669   0.033   0.201   0.380   0
   3.55901337  -0.747  -0.042   0.127   0.307   0
   3.68091130  -0.920  -0.213  -0.043   0.137   0
   3.78787518  -1.075  -0.368  -0.197  -0.018   0
   3.88024521  -1.222  -0.517  -0.346  -0.169   1
   3.96034527  -1.359  -0.660  -0.490  -0.314   0
   4.00000000  -1.433  -0.738  -0.569  -0.395   0
   4.03404236  -1.496  -0.805  -0.636  -0.464   0
   4.06691265  -1.559  -0.871  -0.703  -0.531   0
   4.09792662  -1.617  -0.930  -0.763  -0.592   0
   4.11092710  -1.641  -0.953  -0.785  -0.614   0
   4.13252163  -1.672  -0.977  -0.807  -0.634   3
   4.14317989  -1.674  -0.967  -0.794  -0.618   0
   4.15080929  -1.667  -0.935  -0.756  -0.573   0
   4.15301561  -1.668  -0.916  -0.733  -0.545   0
   4.15434837  -1.676  -0.906  -0.719  -0.526   0
   4.15450525  -1.671  -0.904  -0.717  -0.524   0
   4.15503550  -1.665  -0.924  -0.743  -0.557   0
   4.15573311  -1.775  -1.062  -0.887  -0.710   0
   4.15653515  -1.900  -1.211  -1.042  -0.872   0
   4.15754890  -2.016  -1.356  -1.193  -1.034   0
   4.15850115  -2.105  -1.473  -1.316  -1.166   0
   4.15957355  -2.195  -1.595  -1.445  -1.305   0
   4.16043377  -2.265  -1.693  -1.550  -1.419   0
   4.16133833  -2.340  -1.800  -1.664  -1.544   0
   4.16225767  -2.419  -1.918  -1.790  -1.683   0
   4.16319084  -2.503  -2.048  -1.931  -1.838   0
   4.16382313  -2.563  -2.146  -2.036  -1.955   0
   4.16434956  -2.614  -2.231  -2.129  -2.058   0
   4.16481543  -2.659  -2.312  -2.217  -2.158   0
   4.16519117  -2.697  -2.385  -2.297  -2.248   0
   4.16558170  -2.737  -2.466  -2.386  -2.349   0
   4.16579199  -2.757  -2.514  -2.438  -2.408   0
   4.16607714  -2.786  -2.581  -2.512  -2.493   0
   4.16636229  -2.810  -2.649  -2.589  -2.583   0
   4.16660261  -2.828  -2.708  -2.656  -2.661   0
   4.16682768  -2.839  -2.766  -2.724  -2.741   0
   4.16706800  -2.841  -2.823  -2.794  -2.827   0
   4.16729259  -2.833  -2.876  -2.862  -2.915   0
   4.16745758  -2.813  -2.900  -2.903  -2.979   0
   4.16762257  -2.790  -2.916  -2.937  -3.040   0
   4.16775751  -2.762  -2.914  -2.959  -3.095   0
   4.16789246  -2.732  -2.898  -2.971  -3.148   0
   4.16801262  -2.699  -2.866  -2.973  -3.197   3
   4.16814756  -2.661  -2.808  -2.962  -3.246   0
   4.16829729  -2.613  -2.726  -2.942  -3.304   0
   4.16841698  -2.573  -2.655  -2.920  -3.349   0
   4.16861200  -2.512  -2.555  -2.883  -3.398   0
   4.16901636  -2.411  -2.417  -2.830  -3.453   0
   4.17025852  -2.199  -2.220  -2.782  -3.566   0
   4.17118597  -2.178  -2.209  -2.794  -3.601   2
   4.17617559  -2.526  -2.536  -2.975  -3.628   0
   4.17812204  -2.645  -2.678  -3.045  -3.611   0
   4.17994404  -2.737  -2.813  -3.101  -3.562   0
   4.18141270  -2.790  -2.899  -3.132  -3.521   0
   4.18419409  -2.856  -3.003  -3.166  -3.465   0
   4.18648291  -2.903  -3.074  -3.185  -3.420   0
   4.18910503  -2.949  -3.116  -3.189  -3.370   3
   4.19268131  -3.001  -3.147  -3.181  -3.308   0
   4.19631243  -3.045  -3.153  -3.159  -3.246   0
   4.20019388  -3.078  -3.136  -3.127  -3.192   0
   4.20456648  -3.106  -3.107  -3.082  -3.125   0
   4.20941210  -3.125  -3.072  -3.034  -3.062   0
   4.21481752  -3.130  -3.026  -2.979  -2.993   0
   4.22031307  -3.133  -2.982  -2.926  -2.928   0
   4.22695923  -3.129  -2.935  -2.870  -2.861   0
   4.23458147  -3.123  -2.884  -2.810  -2.788   0
   4.24261904  -3.115  -2.837  -2.755  -2.722   0
   4.25257349  -3.106  -2.790  -2.701  -2.657   0
   4.26406336  -3.097  -2.741  -2.645  -2.590   0
   4.27744198  -3.088  -2.696  -2.592  -2.526   0
   4.29378414  -3.081  -2.653  -2.542  -2.465   0
   4.31260490  -3.077  -2.614  -2.496  -2.409   0
   4.33774376  -3.086  -2.592  -2.468  -2.371   0
   4.35945892  -3.117  -2.611  -2.484  -2.383   1
   4.39312220  -3.253  -2.778  -2.657  -2.568   0
   4.40376043  -3.334  -2.892  -2.779  -2.701   0
   4.40847349  -3.397  -2.986  -2.880  -2.812   0
   4.41059494  -3.448  -3.074  -2.975  -2.920   0
   4.41160965  -3.490  -3.152  -3.061  -3.018   0
   4.41224384  -3.527  -3.227  -3.145  -3.114   0
   4.41262388  -3.553  -3.293  -3.219  -3.199   0
   4.41286469  -3.573  -3.353  -3.287  -3.278   0
   4.41304207  -3.581  -3.410  -3.352  -3.357   0
   4.41314363  -3.577  -3.447  -3.396  -3.412   0
   4.41315651  -3.576  -3.452  -3.402  -3.419   0
   4.41323805  -3.566  -3.488  -3.446  -3.474   0
   4.41331959  -3.540  -3.532  -3.503  -3.549   0
   4.41338778  -3.508  -3.562  -3.551  -3.620   0
   4.41345549  -3.460  -3.582  -3.599  -3.706   0
   4.41352367  -3.395  -3.564  -3.627  -3.802   0
   4.41357803  -3.337  -3.510  -3.630  -3.884   3
   4.41360521  -3.305  -3.465  -3.626  -3.930   0
   4.41363239  -3.270  -3.406  -3.617  -3.982   0
   4.41367340  -3.240  -3.350  -3.611  -4.040   0
   4.41370058  -3.215  -3.305  -3.601  -4.077   0
   4.41378212  -3.175  -3.232  -3.608  -4.188   0
   4.41398621  -3.138  -3.184  -3.633  -4.295   3
   4.41442156  -2.880  -2.940  -3.501  -4.281   0
   4.41468048  -2.588  -2.690  -3.345  -4.214   4
   4.41482973  -2.589  -2.735  -3.440  -4.351   0
   4.41516972  -2.767  -2.980  -3.745  -4.702   0
   4.41583586  -2.864  -3.120  -3.914  -4.894   0
   4.41657019  -2.953  -3.241  -4.058  -5.053   0
   4.41729021  -3.034  -3.356  -4.195  -5.207   0
   4.41795588  -3.106  -3.466  -4.334  -5.367   0
   4.41856670  -3.172  -3.577  -4.479  -5.537   0
   4.41906929  -3.253  -3.695  -4.624  -5.702   0
   4.41950369  -3.349  -3.821  -4.769  -5.862   0
   4.41986990  -3.391  -3.912  -4.896  -6.014   0
   4.42018223  -3.402  -3.984  -5.008  -6.157   0
   4.42045355  -3.445  -4.072  -5.126  -6.296   0
   4.42072487  -3.549  -4.209  -5.283  -6.468   0
   4.42100954  -3.663  -4.373  -5.480  -6.690   0
   4.42118597  -3.661  -4.444  -5.602  -6.853   2
   4.42133522  -3.676  -4.372  -5.468  -6.670   0
   4.42136240  -3.675  -4.324  -5.387  -6.564   0
   4.42137623  -3.658  -4.250  -5.275  -6.423   1
   4.42145729  -3.654  -4.294  -5.351  -6.524   0
   4.42156601  -3.669  -4.361  -5.455  -6.656   0
   4.42159319  -3.679  -4.383  -5.485  -6.691   0
   4.42167664  -3.686  -4.401  -5.511  -6.724   0
   4.42176008  -3.692  -4.419  -5.538  -6.757   0
   4.42184353  -3.699  -4.438  -5.565  -6.790   0
   4.42192698  -3.705  -4.456  -5.591  -6.823   0
   4.42201042  -3.712  -4.475  -5.618  -6.856   0
   4.42209387  -3.718  -4.493  -5.645  -6.890   0
   4.42217684  -3.725  -4.511  -5.671  -6.923   0
   4.42225885  -3.731  -4.529  -5.697  -6.955   0
   4.42234135  -3.737  -4.546  -5.724  -6.988   0
   4.42242336  -3.741  -4.562  -5.746  -7.017   0
   4.42250586  -3.743  -4.568  -5.756  -7.029   0
   4.42258787  -3.745  -4.572  -5.762  -7.036   0
   4.42267036  -3.746  -4.576  -5.768  -7.044   0
   4.42309713  -3.749  -4.586  -5.782  -7.062   0
   4.42362309  -3.752  -4.597  -5.800  -7.085   0
   4.42415094  -3.755  -4.609  -5.817  -7.107   0
   4.42468071  -3.759  -4.620  -5.835  -7.129   0
   4.42521429  -3.762  -4.632  -5.852  -7.151   0
   4.42588234  -3.765  -4.645  -5.873  -7.177   0
   4.42655134  -3.769  -4.659  -5.894  -7.204   0
   4.42722225  -3.772  -4.672  -5.914  -7.230   0
   4.42789459  -3.776  -4.685  -5.935  -7.257   0
   4.42856836  -3.779  -4.699  -5.955  -7.283   0
   4.42924404  -3.782  -4.712  -5.976  -7.310   0
   4.42992163  -3.785  -4.724  -5.996  -7.336   0
   4.43060112  -3.787  -4.737  -6.016  -7.362   0
   4.43128300  -3.787  -4.749  -6.035  -7.387   0
   4.43196774  -3.786  -4.760  -6.054  -7.413   0
   4.43265486  -3.785  -4.771  -6.073  -7.438   0
   4.43334532  -3.787  -4.783  -6.092  -7.463   0
   4.43403673  -3.793  -4.797  -6.111  -7.488   0
   4.43470240  -3.799  -4.811  -6.130  -7.511   0
   4.43533707  -3.804  -4.824  -6.148  -7.533   0
   4.43594313  -3.809  -4.836  -6.165  -7.554   0
   4.43663645  -3.814  -4.849  -6.184  -7.578   0
   4.43729591  -3.819  -4.862  -6.202  -7.601   0
   4.43792439  -3.824  -4.874  -6.219  -7.622   0
   4.43862200  -3.829  -4.887  -6.238  -7.645   0
   4.43928480  -3.834  -4.900  -6.256  -7.667   0
   4.44000435  -3.839  -4.913  -6.274  -7.691   0
   4.44068766  -3.843  -4.925  -6.292  -7.713   0
   4.44074535  -3.844  -4.926  -6.293  -7.715   0
