   0.15000001  13.860  12.827  11.472   9.864   0
   0.20000000  12.475  11.702  10.514   9.089   0
   0.25000000  11.708  11.012   9.890   8.547   0
   0.30000001  11.209  10.568   9.487   8.197   0
   0.34999999  10.775  10.181   9.134   7.891   0
   0.40000001  10.366   9.815   8.799   7.596   0
   0.44999999   9.877   9.386   8.406   7.252   0
   0.50000000   9.381   8.962   8.024   6.926   0
   0.55000001   8.750   8.449   7.573   6.552   0
   0.60000002   8.051   7.903   7.106   6.171   0
   0.69999999   6.756   6.875   6.251   5.468   0
   0.73926926   6.325   6.509   5.947   5.215   0
   0.80000001   5.753   5.999   5.517   4.858   0
   0.89999998   5.010   5.266   4.875   4.319   0
   1.00000000   4.408   4.616   4.298   3.844   0
   1.03600132   4.217   4.396   4.104   3.694   0
   1.10000002   3.901   4.021   3.774   3.441   0
   1.11809480   3.819   3.920   3.687   3.382   0
   1.20000005   3.468   3.490   3.321   3.133   0
   1.29999995   3.085   3.063   2.972   2.894   0
   1.39637995   2.739   2.754   2.714   2.698   0
   1.39999998   2.726   2.744   2.705   2.691   0
   1.44703269   2.568   2.615   2.596   2.603   0
   1.50000000   2.398   2.484   2.484   2.508   0
   1.58385074   2.139   2.286   2.310   2.354   0
   1.60000002   2.091   2.250   2.278   2.325   0
   1.61529827   2.046   2.215   2.248   2.297   0
   1.66830003   1.893   2.097   2.141   2.199   0
   1.70000005   1.805   2.030   2.079   2.143   0
   1.71831155   1.755   1.991   2.044   2.109   0
   1.75000000   1.671   1.924   1.982   2.051   0
   1.76016021   1.644   1.902   1.962   2.032   0
   1.79999995   1.536   1.814   1.879   1.954   0
   1.85372484   1.394   1.695   1.766   1.847   0
   1.89999998   1.269   1.587   1.663   1.746   0
   1.93096483   1.187   1.516   1.595   1.681   0
   2.00000000   1.001   1.348   1.431   1.520   0
   2.00956702   0.976   1.325   1.408   1.498   0
   2.07406783   0.799   1.156   1.242   1.333   0
   2.12943959   0.639   0.998   1.086   1.175   0
   2.17684984   0.494   0.848   0.936   1.024   0
   2.20000005   0.419   0.768   0.856   0.942   1
   2.21892262   0.362   0.707   0.794   0.879   0
   2.25821280   0.238   0.569   0.655   0.735   0
   2.29348445   0.117   0.433   0.517   0.593   0
   2.30963731   0.061   0.370   0.452   0.526   0
   2.32486033   0.007   0.311   0.394   0.466   0
   2.33234215  -0.020   0.284   0.367   0.439   0
   2.34191680  -0.052   0.261   0.345   0.419   3
   2.34727192  -0.068   0.264   0.352   0.430   0
   2.35090208  -0.080   0.292   0.387   0.476   0
   2.35193086  -0.093   0.311   0.412   0.508   0
   2.35252047  -0.123   0.315   0.423   0.527   0
   2.35258174  -0.116   0.320   0.427   0.531   0
   2.35278225  -0.084   0.320   0.421   0.517   0
   2.35305071  -0.157   0.212   0.307   0.394   0
   2.35346603  -0.266   0.064   0.153   0.230   0
   2.35408902  -0.357  -0.074   0.006   0.070   0
   2.35476637  -0.420  -0.182  -0.111  -0.060   0
   2.35560107  -0.475  -0.295  -0.235  -0.198   0
   2.35631227  -0.511  -0.384  -0.336  -0.313   0
   2.35707784  -0.538  -0.478  -0.444  -0.441   0
   2.35734153  -0.542  -0.508  -0.482  -0.486   0
   2.35783219  -0.545  -0.559  -0.550  -0.572   0
   2.35832906  -0.535  -0.604  -0.616  -0.664   0
   2.35882878  -0.511  -0.624  -0.668  -0.760   0
   2.35932779  -0.474  -0.606  -0.699  -0.860   3
   2.35982800  -0.417  -0.520  -0.697  -0.963   0
   2.36007977  -0.379  -0.446  -0.670  -1.009   0
   2.36032939  -0.328  -0.354  -0.632  -1.052   0
   2.36058068  -0.256  -0.241  -0.581  -1.089   0
   2.36083007  -0.163  -0.119  -0.521  -1.110   0
   2.36133027   0.058   0.113  -0.379  -1.069   0
   2.36183000   0.286   0.328  -0.233  -0.990   4
   2.36238265   0.271   0.283  -0.320  -1.115   0
   2.36305213   0.166   0.158  -0.470  -1.287   0
   2.36375475   0.065   0.043  -0.598  -1.426   0
   2.36448860  -0.037  -0.071  -0.724  -1.562   0
   2.36528683  -0.135  -0.188  -0.855  -1.703   0
   2.36606336  -0.228  -0.300  -0.979  -1.837   0
   2.36692524  -0.313  -0.400  -1.090  -1.957   2
   2.36769176  -0.246  -0.320  -1.000  -1.859   0
   2.36987305  -0.160  -0.216  -0.882  -1.731   0
   2.37690830  -0.090  -0.125  -0.777  -1.614   0
   2.38694906  -0.029  -0.051  -0.687  -1.510   0
   2.40255642  -0.018  -0.023  -0.633  -1.434   4
   2.41647601  -0.244  -0.226  -0.784  -1.541   0
   2.42309546  -0.392  -0.367  -0.888  -1.609   0
   2.42963648  -0.538  -0.511  -0.989  -1.665   0
   2.43531823  -0.666  -0.643  -1.072  -1.695   0
   2.43964481  -0.768  -0.761  -1.140  -1.700   0
   2.44365644  -0.853  -0.874  -1.200  -1.693   0
   2.44804335  -0.932  -0.986  -1.260  -1.680   0
   2.45258927  -0.999  -1.086  -1.314  -1.667   0
   2.45834780  -1.067  -1.186  -1.364  -1.650   0
   2.48606825  -1.302  -1.446  -1.507  -1.641   0
   2.50000000  -1.393  -1.525  -1.563  -1.665   0
   2.50441217  -1.421  -1.549  -1.580  -1.672   0
   2.50686193  -1.437  -1.563  -1.591  -1.681   1
   2.52108335  -1.486  -1.628  -1.680  -1.805   0
   2.52695465  -1.490  -1.649  -1.730  -1.897   0
   2.53001380  -1.477  -1.629  -1.753  -1.975   0
   2.53434324  -1.468  -1.605  -1.771  -2.051   0
   2.53738523  -1.447  -1.557  -1.774  -2.115   3
   2.53804302  -1.414  -1.497  -1.757  -2.160   0
   2.53856349  -1.371  -1.425  -1.733  -2.203   0
   2.53891873  -1.323  -1.353  -1.707  -2.238   0
   2.53923225  -1.255  -1.268  -1.674  -2.269   0
   2.53954077  -1.167  -1.170  -1.632  -2.290   0
   2.53990054  -1.017  -1.026  -1.554  -2.282   0
   2.54013491  -0.806  -0.834  -1.419  -2.199   0
   2.54019284  -0.713  -0.748  -1.353  -2.150   4
   2.54033160  -0.670  -0.744  -1.408  -2.255   0
   2.54040766  -0.773  -0.882  -1.576  -2.447   0
   2.54129863  -0.888  -1.030  -1.751  -2.642   0
   2.54172754  -1.014  -1.188  -1.933  -2.842   0
   2.54204798  -1.120  -1.320  -2.088  -3.013   0
   2.54236841  -1.262  -1.501  -2.299  -3.248   0
   2.54258275  -1.345  -1.618  -2.437  -3.400   0
   2.54290509  -1.439  -1.757  -2.605  -3.589   0
   2.54324126  -1.517  -1.893  -2.778  -3.788   0
   2.54348540  -1.593  -2.006  -2.916  -3.944   0
   2.54371333  -1.670  -2.123  -3.060  -4.106   0
   2.54391336  -1.744  -2.241  -3.207  -4.273   0
   2.54408836  -1.803  -2.351  -3.349  -4.438   0
   2.54427004  -1.856  -2.473  -3.508  -4.625   0
   2.54441261  -1.889  -2.574  -3.649  -4.794   0
   2.54453230  -1.893  -2.652  -3.771  -4.948   0
   2.54464722  -1.931  -2.749  -3.903  -5.106   0
   2.54477835  -1.943  -2.834  -4.032  -5.267   0
   2.54489565  -1.945  -2.910  -4.151  -5.417   0
   2.54496455  -1.939  -2.971  -4.247  -5.541   0
   2.54504967  -1.934  -3.025  -4.334  -5.654   0
   2.54512548  -1.940  -2.970  -4.244  -5.537   1
   2.54517126  -1.931  -3.036  -4.352  -5.679   0
   2.54517365  -1.931  -3.036  -4.353  -5.680   0
   2.54520202  -1.929  -3.050  -4.375  -5.709   0
   2.54523039  -1.927  -3.063  -4.398  -5.739   0
   2.54525876  -1.925  -3.077  -4.421  -5.769   0
   2.54528689  -1.922  -3.090  -4.443  -5.799   0
   2.54531527  -1.920  -3.104  -4.466  -5.829   0
   2.54534364  -1.917  -3.117  -4.488  -5.859   0
   2.54537201  -1.914  -3.130  -4.510  -5.889   0
   2.54540038  -1.911  -3.143  -4.533  -5.919   0
   2.54542851  -1.908  -3.156  -4.555  -5.949   0
   2.54545641  -1.904  -3.168  -4.577  -5.979   0
   2.54548430  -1.901  -3.180  -4.598  -6.006   0
   2.54551244  -1.897  -3.192  -4.618  -6.034   0
   2.54553461  -1.894  -3.201  -4.635  -6.056   0
   2.54556274  -1.891  -3.212  -4.655  -6.084   0
   2.54559064  -1.887  -3.224  -4.675  -6.112   0
   2.54561853  -1.883  -3.235  -4.696  -6.139   0
   2.54568148  -1.876  -3.242  -4.712  -6.162   0
   2.54577351  -1.870  -3.253  -4.731  -6.189   0
   2.54586482  -1.865  -3.263  -4.750  -6.216   0
   2.54595566  -1.860  -3.272  -4.769  -6.242   0
   2.54604578  -1.855  -3.282  -4.786  -6.267   0
   2.54613566  -1.850  -3.291  -4.804  -6.293   0
   2.54622507  -1.845  -3.300  -4.822  -6.318   0
   2.54631400  -1.839  -3.309  -4.839  -6.344   0
   2.54640245  -1.834  -3.318  -4.857  -6.369   0
   2.54649091  -1.828  -3.326  -4.874  -6.394   0
   2.54657888  -1.822  -3.334  -4.891  -6.418   0
   2.54666638  -1.816  -3.343  -4.907  -6.443   0
   2.54675388  -1.813  -3.352  -4.925  -6.467   0
   2.54684138  -1.818  -3.366  -4.943  -6.491   0
   2.54692864  -1.822  -3.379  -4.962  -6.515   0
   2.54701614  -1.826  -3.393  -4.980  -6.538   0
   2.54710364  -1.830  -3.406  -4.998  -6.561   0
   2.54719090  -1.834  -3.419  -5.016  -6.584   0
   2.54727864  -1.838  -3.431  -5.034  -6.607   0
   2.54736638  -1.842  -3.444  -5.051  -6.629   0
   2.54745460  -1.845  -3.456  -5.069  -6.652   0
   2.54754329  -1.849  -3.469  -5.086  -6.674   0
   2.54763246  -1.852  -3.481  -5.103  -6.695   0
   2.54774499  -1.856  -3.495  -5.123  -6.722   0
   2.54785895  -1.860  -3.509  -5.143  -6.748   0
   2.54797459  -1.863  -3.523  -5.163  -6.773   0
   2.54809022  -1.866  -3.536  -5.181  -6.798   0
   2.54820037  -1.869  -3.548  -5.199  -6.820   0
   2.54832530  -1.872  -3.562  -5.218  -6.846   0
   2.54844332  -1.874  -3.574  -5.236  -6.870   0
   2.54855490  -1.876  -3.586  -5.253  -6.892   0
   2.54867768  -1.877  -3.598  -5.271  -6.916   0
   2.54879355  -1.879  -3.609  -5.288  -6.939   0
   2.54891825  -1.880  -3.621  -5.306  -6.962   0
   2.54903555  -1.880  -3.631  -5.322  -6.984   0
   2.54916787  -1.879  -3.640  -5.337  -7.005   2
   2.54924893  -1.889  -3.647  -5.339  -7.011   0
   2.54928422  -1.887  -3.642  -5.333  -7.006   0
   2.54930043  -1.879  -3.632  -5.321  -6.996   0
   2.54930758  -1.866  -3.618  -5.305  -6.981   0
   2.54931045  -1.851  -3.602  -5.288  -6.965   0
   2.54931331  -1.836  -3.586  -5.271  -6.949   0
