   0.15000001  13.765  12.795  11.456   9.868   0
   0.20000000  12.339  11.665  10.496   9.091   0
   0.25000000  11.561  10.978   9.873   8.545   0
   0.30000001  11.060  10.538   9.471   8.193   0
   0.34999999  10.624  10.154   9.120   7.885   0
   0.40000001  10.213   9.790   8.787   7.588   0
   0.44999999   9.731   9.369   8.401   7.246   0
   0.50000000   9.243   8.953   8.027   6.922   0
   0.55000001   8.628   8.450   7.588   6.555   0
   0.60000002   7.732   7.768   7.044   6.143   0
   0.69999999   6.590   6.808   6.237   5.469   0
   0.80000001   5.672   5.968   5.516   4.870   0
   0.89999998   4.964   5.248   4.880   4.341   0
   1.00000000   4.391   4.605   4.309   3.880   0
   1.03263855   4.229   4.410   4.138   3.753   0
   1.10000002   3.918   4.030   3.804   3.505   0
   1.13960159   3.752   3.821   3.625   3.385   0
   1.20000005   3.514   3.530   3.380   3.221   0
   1.21372509   3.464   3.473   3.334   3.190   0
   1.29999995   3.157   3.151   3.070   3.008   0
   1.39999998   2.829   2.865   2.832   2.828   0
   1.50000000   2.539   2.643   2.646   2.675   0
   1.60000002   2.273   2.450   2.480   2.532   0
   1.70000005   2.038   2.284   2.334   2.403   0
   1.75000000   1.930   2.207   2.266   2.342   0
   1.76999998   1.889   2.177   2.239   2.318   0
   1.79999995   1.827   2.133   2.199   2.283   0
   1.89999998   1.632   1.992   2.071   2.167   0
   1.97783840   1.490   1.887   1.975   2.080   0
   2.00000000   1.450   1.858   1.949   2.055   0
   2.20000005   1.119   1.606   1.715   1.840   0
   2.37176299   0.865   1.403   1.525   1.664   0
   2.50000000   0.682   1.254   1.384   1.531   0
   2.70040059   0.418   1.030   1.171   1.328   0
   2.97591043   0.065   0.722   0.876   1.044   0
   3.00000000   0.035   0.695   0.850   1.019   0
   3.22773457  -0.239   0.449   0.612   0.788   0
   3.43227601  -0.487   0.219   0.388   0.569   0
   3.50000000  -0.571   0.141   0.312   0.494   0
   3.61919355  -0.716   0.004   0.177   0.361   0
   3.77020955  -0.907  -0.178  -0.002   0.183   1
   3.89934087  -1.078  -0.346  -0.170   0.016   0
   4.00000000  -1.214  -0.481  -0.304  -0.119   0
   4.01737976  -1.237  -0.505  -0.327  -0.142   0
   4.11797619  -1.389  -0.659  -0.482  -0.298   0
   4.20551729  -1.531  -0.806  -0.629  -0.447   0
   4.28226185  -1.666  -0.949  -0.774  -0.594   0
   4.31715441  -1.729  -1.015  -0.841  -0.663   0
   4.35007668  -1.789  -1.076  -0.902  -0.724   0
   4.36387730  -1.812  -1.099  -0.924  -0.747   0
   4.38672018  -1.843  -1.123  -0.947  -0.767   3
   4.39799452  -1.849  -1.116  -0.937  -0.754   0
   4.40606499  -1.837  -1.080  -0.895  -0.706   0
   4.40839911  -1.834  -1.058  -0.869  -0.674   0
   4.40980911  -1.841  -1.048  -0.854  -0.655   0
   4.41002512  -1.837  -1.045  -0.853  -0.654   0
   4.41054487  -1.838  -1.070  -0.882  -0.690   0
   4.41122818  -1.930  -1.188  -1.006  -0.821   0
   4.41201448  -2.050  -1.333  -1.157  -0.980   0
   4.41300774  -2.171  -1.481  -1.312  -1.144   0
   4.41394043  -2.263  -1.599  -1.435  -1.277   0
   4.41499138  -2.353  -1.720  -1.563  -1.414   0
   4.41583443  -2.423  -1.816  -1.665  -1.524   0
   4.41672087  -2.497  -1.921  -1.777  -1.647   0
   4.41762161  -2.576  -2.036  -1.899  -1.780   0
   4.41853619  -2.659  -2.159  -2.032  -1.927   0
   4.41915560  -2.718  -2.251  -2.131  -2.037   0
   4.41967154  -2.768  -2.331  -2.217  -2.133   0
   4.42012835  -2.814  -2.408  -2.301  -2.226   0
   4.42049646  -2.854  -2.477  -2.376  -2.310   0
   4.42087936  -2.895  -2.552  -2.458  -2.402   0
   4.42108536  -2.916  -2.594  -2.504  -2.454   0
   4.42136478  -2.947  -2.656  -2.572  -2.532   0
   4.42164421  -2.977  -2.721  -2.643  -2.612   0
   4.42187977  -3.001  -2.776  -2.704  -2.683   0
   4.42210054  -3.023  -2.832  -2.766  -2.755   0
   4.42233562  -3.045  -2.894  -2.837  -2.836   0
   4.42255592  -3.059  -2.954  -2.907  -2.918   0
   4.42271757  -3.067  -3.000  -2.959  -2.981   0
   4.42287922  -3.068  -3.039  -3.007  -3.039   0
   4.42301130  -3.065  -3.074  -3.051  -3.095   0
   4.42314386  -3.057  -3.105  -3.093  -3.151   0
   4.42326164  -3.041  -3.123  -3.123  -3.198   0
   4.42339373  -3.022  -3.142  -3.155  -3.250   0
   4.42354012  -2.994  -3.142  -3.178  -3.307   0
   4.42365789  -2.968  -3.134  -3.194  -3.358   0
   4.42384911  -2.923  -3.095  -3.203  -3.433   3
   4.42424536  -2.842  -2.952  -3.182  -3.567   0
   4.42546272  -2.602  -2.617  -3.096  -3.793   0
   4.42637157  -2.543  -2.565  -3.092  -3.841   2
   4.43147993  -2.932  -3.011  -3.304  -3.773   0
   4.43347263  -3.006  -3.127  -3.349  -3.727   0
   4.43533802  -3.065  -3.218  -3.377  -3.674   0
   4.43684149  -3.104  -3.275  -3.390  -3.634   0
   4.43968964  -3.160  -3.327  -3.394  -3.570   3
   4.44203329  -3.198  -3.350  -3.388  -3.523   0
   4.44471741  -3.236  -3.357  -3.371  -3.472   0
   4.44837952  -3.275  -3.342  -3.335  -3.405   0
   4.45209742  -3.305  -3.314  -3.290  -3.337   0
   4.45607233  -3.318  -3.281  -3.247  -3.282   0
   4.46054983  -3.326  -3.234  -3.189  -3.209   0
   4.46551180  -3.329  -3.188  -3.134  -3.142   0
   4.47104740  -3.325  -3.143  -3.081  -3.077   0
   4.47667551  -3.321  -3.102  -3.034  -3.020   0
   4.48348284  -3.312  -3.056  -2.980  -2.956   0
   4.49128962  -3.303  -3.008  -2.924  -2.889   0
   4.49952316  -3.291  -2.963  -2.873  -2.827   0
   4.50000000  -3.290  -2.961  -2.870  -2.824   0
   4.50026798  -3.290  -2.959  -2.868  -2.822   0
   4.51319885  -3.277  -2.904  -2.804  -2.745   0
   4.52699709  -3.263  -2.851  -2.744  -2.673   0
   4.54505587  -3.253  -2.804  -2.689  -2.608   0
   4.56421280  -3.244  -2.760  -2.638  -2.546   0
   4.58964300  -3.244  -2.726  -2.596  -2.493   0
   4.62054968  -3.283  -2.748  -2.615  -2.507   1
   4.65320301  -3.405  -2.897  -2.769  -2.672   0
   4.66604614  -3.496  -3.022  -2.902  -2.817   0
   4.67222166  -3.573  -3.138  -3.028  -2.955   0
   4.67464352  -3.631  -3.234  -3.132  -3.072   0
   4.67585373  -3.687  -3.335  -3.244  -3.199   0
   4.67646885  -3.730  -3.430  -3.349  -3.320   0
   4.67674685  -3.751  -3.490  -3.417  -3.399   0
   4.67694521  -3.766  -3.549  -3.484  -3.480   0
   4.67708397  -3.768  -3.599  -3.542  -3.550   0
   4.67718029  -3.760  -3.640  -3.591  -3.611   0
   4.67725754  -3.749  -3.686  -3.647  -3.681   0
   4.67733431  -3.729  -3.730  -3.705  -3.756   0
   4.67739248  -3.700  -3.760  -3.752  -3.825   0
   4.67745018  -3.666  -3.781  -3.794  -3.897   0
   4.67748880  -3.630  -3.786  -3.822  -3.961   0
   4.67754650  -3.587  -3.764  -3.839  -4.036   0
   4.67758512  -3.550  -3.725  -3.848  -4.108   0
   4.67766237  -3.510  -3.655  -3.860  -4.221   0
   4.67772007  -3.500  -3.617  -3.877  -4.308   0
   4.67783594  -3.504  -3.595  -3.909  -4.412   3
   4.67825985  -3.447  -3.514  -3.893  -4.474   0
   4.67849112  -3.286  -3.338  -3.784  -4.445   0
   4.67868376  -3.050  -3.101  -3.630  -4.379   0
   4.67889547  -2.793  -2.921  -3.595  -4.479   4
   4.67897272  -2.794  -2.946  -3.649  -4.556   0
   4.67908812  -2.812  -2.996  -3.731  -4.666   0
   4.67958927  -2.968  -3.223  -4.013  -4.990   0
   4.68047476  -3.075  -3.370  -4.189  -5.186   0
   4.68137932  -3.166  -3.497  -4.341  -5.357   0
   4.68220711  -3.236  -3.612  -4.490  -5.531   0
   4.68291855  -3.307  -3.729  -4.641  -5.707   0
   4.68349552  -3.395  -3.854  -4.794  -5.880   0
   4.68395710  -3.487  -3.976  -4.936  -6.037   0
   4.68434143  -3.489  -4.043  -5.049  -6.184   0
   4.68472576  -3.512  -4.132  -5.181  -6.349   0
   4.68503332  -3.622  -4.271  -5.338  -6.517   0
   4.68526363  -3.737  -4.412  -5.494  -6.685   0
   4.68543673  -3.789  -4.510  -5.624  -6.839   0
   4.68560934  -3.771  -4.567  -5.734  -6.991   2
   4.68576336  -3.776  -4.426  -5.490  -6.667   0
   4.68578243  -3.763  -4.367  -5.400  -6.553   1
   4.68591690  -3.762  -4.432  -5.510  -6.698   0
   4.68601274  -3.795  -4.507  -5.614  -6.823   0
   4.68610191  -3.802  -4.525  -5.640  -6.856   0
   4.68619108  -3.808  -4.544  -5.667  -6.889   0
   4.68627930  -3.815  -4.562  -5.693  -6.922   0
   4.68636751  -3.821  -4.580  -5.719  -6.955   0
   4.68645573  -3.828  -4.598  -5.746  -6.987   0
   4.68654394  -3.832  -4.610  -5.764  -7.010   0
   4.68661404  -3.835  -4.619  -5.778  -7.028   0
   4.68670225  -3.838  -4.631  -5.795  -7.050   0
   4.68679047  -3.842  -4.642  -5.812  -7.070   0
   4.68687820  -3.846  -4.653  -5.828  -7.091   0
   4.68696547  -3.848  -4.662  -5.841  -7.107   0
   4.68785620  -3.853  -4.678  -5.864  -7.137   0
   4.68874884  -3.857  -4.693  -5.888  -7.166   0
   4.68964338  -3.862  -4.708  -5.911  -7.195   0
   4.69053936  -3.866  -4.724  -5.934  -7.225   0
   4.69143772  -3.870  -4.739  -5.957  -7.254   0
   4.69233894  -3.874  -4.754  -5.980  -7.284   0
   4.69324207  -3.878  -4.768  -6.003  -7.313   0
   4.69414854  -3.881  -4.783  -6.025  -7.342   0
   4.69505739  -3.885  -4.798  -6.048  -7.371   0
   4.69597006  -3.888  -4.812  -6.071  -7.400   0
   4.69688606  -3.891  -4.826  -6.093  -7.429   0
   4.69780588  -3.894  -4.840  -6.115  -7.458   0
   4.69872999  -3.897  -4.854  -6.138  -7.487   0
   4.69965887  -3.896  -4.866  -6.158  -7.515   0
   4.70059299  -3.899  -4.880  -6.180  -7.543   0
   4.70151997  -3.905  -4.896  -6.201  -7.570   0
   4.70240498  -3.911  -4.911  -6.222  -7.595   0
   4.70324945  -3.917  -4.924  -6.241  -7.619   0
   4.70405769  -3.922  -4.937  -6.259  -7.642   0
   4.70498323  -3.928  -4.952  -6.280  -7.668   0
   4.70586538  -3.933  -4.966  -6.299  -7.692   0
   4.70670700  -3.938  -4.979  -6.318  -7.715   0
   4.70747900  -3.943  -4.991  -6.334  -7.736   0
