   0.15000001  13.761  12.792  11.453   9.866   0
   0.20000000  12.335  11.662  10.493   9.088   0
   0.25000000  11.557  10.975   9.870   8.543   0
   0.30000001  11.056  10.534   9.468   8.191   0
   0.34999999  10.620  10.150   9.117   7.882   0
   0.40000001  10.209   9.787   8.784   7.586   0
   0.44999999   9.725   9.363   8.396   7.241   0
   0.50000000   9.233   8.945   8.019   6.915   0
   0.55000001   8.612   8.437   7.577   6.545   0
   0.60000002   7.710   7.749   7.028   6.128   0
   0.69742912   6.580   6.798   6.227   5.460   0
   0.69999999   6.555   6.776   6.208   5.444   0
   0.71298653   6.421   6.657   6.107   5.360   0
   0.80000001   5.630   5.927   5.480   4.839   0
   0.89999998   4.917   5.199   4.836   4.303   0
   1.00000000   4.339   4.546   4.254   3.834   0
   1.01936209   4.240   4.425   4.149   3.755   0
   1.10000002   3.850   3.947   3.730   3.448   0
   1.11141980   3.800   3.884   3.676   3.410   0
   1.20000005   3.431   3.438   3.300   3.158   0
   1.29999995   3.050   3.046   2.978   2.930   0
   1.39278829   2.720   2.765   2.741   2.745   0
   1.39999998   2.695   2.744   2.724   2.731   0
   1.43728554   2.575   2.652   2.645   2.665   0
   1.50000000   2.379   2.504   2.518   2.555   0
   1.59389603   2.093   2.292   2.331   2.389   0
   1.60000002   2.075   2.279   2.319   2.378   0
   1.60984492   2.047   2.258   2.301   2.361   0
   1.69226813   1.812   2.085   2.145   2.219   0
   1.70000005   1.791   2.069   2.131   2.206   0
   1.71781588   1.743   2.033   2.098   2.176   0
   1.75000000   1.656   1.966   2.036   2.119   0
   1.76999998   1.602   1.924   1.997   2.084   0
   1.79999995   1.521   1.860   1.938   2.028   0
   1.81836176   1.473   1.822   1.902   1.994   0
   1.89736211   1.261   1.645   1.733   1.833   0
   1.89999998   1.254   1.638   1.727   1.827   0
   1.95959091   1.092   1.494   1.588   1.692   0
   2.00000000   0.978   1.389   1.485   1.591   0
   2.01750851   0.930   1.343   1.441   1.547   0
   2.07139754   0.774   1.192   1.292   1.398   0
   2.11806059   0.631   1.048   1.148   1.253   0
   2.15853286   0.499   0.911   1.012   1.115   1
   2.19384193   0.377   0.778   0.877   0.976   0
   2.20000005   0.354   0.753   0.852   0.950   0
   2.22753310   0.259   0.649   0.746   0.842   0
   2.24368191   0.202   0.586   0.683   0.777   0
   2.25880122   0.147   0.529   0.625   0.718   0
   2.26474786   0.126   0.508   0.605   0.698   0
   2.27541566   0.090   0.482   0.581   0.676   3
   2.28055334   0.076   0.485   0.587   0.686   0
   2.28405237   0.069   0.512   0.621   0.729   0
   2.28504634   0.055   0.524   0.639   0.754   0
   2.28563547   0.029   0.524   0.644   0.766   0
   2.28571296   0.035   0.528   0.648   0.769   0
   2.28600812   0.041   0.498   0.611   0.722   0
   2.28645396  -0.086   0.337   0.443   0.545   0
   2.28721309  -0.198   0.184   0.283   0.373   0
   2.28816748  -0.280   0.060   0.151   0.229   0
   2.28913951  -0.344  -0.045   0.038   0.105   0
   2.29025459  -0.407  -0.161  -0.088  -0.035   0
   2.29114270  -0.455  -0.258  -0.195  -0.156   0
   2.29204893  -0.501  -0.367  -0.317  -0.294   0
   2.29265738  -0.528  -0.447  -0.408  -0.399   0
   2.29326558  -0.543  -0.523  -0.502  -0.513   0
   2.29382777  -0.543  -0.585  -0.587  -0.625   0
   2.29438877  -0.527  -0.626  -0.662  -0.745   0
   2.29495239  -0.492  -0.620  -0.710  -0.871   0
   2.29523826  -0.467  -0.581  -0.715  -0.936   3
   2.29552388  -0.435  -0.517  -0.705  -0.999   0
   2.29581070  -0.396  -0.429  -0.675  -1.058   0
   2.29609585  -0.340  -0.317  -0.628  -1.110   0
   2.29638243  -0.256  -0.188  -0.569  -1.149   0
   2.29666686  -0.165  -0.075  -0.509  -1.158   0
   2.29723692   0.047   0.142  -0.369  -1.105   0
   2.29750514   0.122   0.210  -0.328  -1.091   4
   2.29809475   0.079   0.146  -0.426  -1.223   0
   2.29886508  -0.026   0.027  -0.562  -1.376   0
   2.29982519  -0.144  -0.104  -0.705  -1.530   0
   2.30088401  -0.248  -0.218  -0.827  -1.660   0
   2.30173230  -0.157  -0.117  -0.717  -1.542   0
   2.30509305  -0.058  -0.005  -0.591  -1.403   0
   2.31306720  -0.034   0.031  -0.536  -1.328   4
   2.32109594  -0.224  -0.142  -0.660  -1.403   0
   2.32634139  -0.398  -0.322  -0.784  -1.464   0
   2.33031774  -0.527  -0.465  -0.870  -1.480   0
   2.33411121  -0.634  -0.606  -0.946  -1.470   0
   2.33752394  -0.709  -0.723  -1.007  -1.452   0
   2.34176898  -0.773  -0.830  -1.064  -1.434   0
   2.34554839  -0.828  -0.921  -1.108  -1.411   0
   2.35004926  -0.884  -1.008  -1.149  -1.386   0
   2.35605574  -0.948  -1.093  -1.183  -1.358   0
   2.36168432  -1.007  -1.141  -1.200  -1.328   0
   2.36830902  -1.069  -1.181  -1.212  -1.300   0
   2.37713003  -1.143  -1.211  -1.215  -1.269   0
   2.39383411  -1.250  -1.246  -1.225  -1.250   0
   2.41272879  -1.351  -1.298  -1.263  -1.273   0
   2.43064427  -1.442  -1.358  -1.315  -1.317   1
   2.45107079  -1.562  -1.513  -1.477  -1.490   0
   2.45553660  -1.594  -1.579  -1.551  -1.575   0
   2.45913029  -1.615  -1.639  -1.622  -1.660   0
   2.46144247  -1.628  -1.683  -1.674  -1.723   0
   2.46759725  -1.642  -1.763  -1.787  -1.879   0
   2.46814156  -1.628  -1.765  -1.812  -1.937   0
   2.46850824  -1.610  -1.767  -1.836  -1.996   0
   2.46879053  -1.589  -1.740  -1.844  -2.051   0
   2.46900082  -1.568  -1.714  -1.850  -2.100   3
   2.46916413  -1.544  -1.665  -1.842  -2.144   0
   2.46932077  -1.508  -1.596  -1.824  -2.194   0
   2.46946716  -1.450  -1.493  -1.784  -2.244   0
   2.46961522  -1.300  -1.280  -1.682  -2.290   0
   2.46968913  -1.133  -1.098  -1.577  -2.276   0
   2.46981406  -0.881  -0.863  -1.435  -2.231   4
   2.46986246  -0.876  -0.871  -1.471  -2.296   0
   2.47061849  -1.101  -1.154  -1.810  -2.683   0
   2.47102809  -1.198  -1.273  -1.948  -2.836   0
   2.47143745  -1.389  -1.501  -2.204  -3.116   0
   2.47174859  -1.563  -1.709  -2.442  -3.377   0
   2.47195673  -1.666  -1.832  -2.580  -3.528   0
   2.47219467  -1.762  -1.957  -2.724  -3.686   0
   2.47247243  -1.871  -2.106  -2.899  -3.880   0
   2.47266698  -1.957  -2.223  -3.038  -4.033   0
   2.47285986  -2.052  -2.351  -3.187  -4.199   0
   2.47303462  -2.147  -2.482  -3.343  -4.374   0
   2.47317433  -2.230  -2.599  -3.484  -4.531   0
   2.47332406  -2.326  -2.734  -3.648  -4.717   0
   2.47344851  -2.403  -2.855  -3.800  -4.892   0
   2.47357821  -2.467  -2.979  -3.965  -5.087   0
   2.47370625  -2.528  -3.101  -4.126  -5.276   0
   2.47378945  -2.558  -3.176  -4.230  -5.402   0
   2.47387266  -2.590  -3.261  -4.351  -5.549   0
   2.47396898  -2.597  -3.280  -4.377  -5.581   0
   2.47404552  -2.587  -3.258  -4.347  -5.545   1
   2.47407031  -2.603  -3.300  -4.407  -5.618   0
   2.47409678  -2.610  -3.318  -4.433  -5.649   0
   2.47411799  -2.616  -3.333  -4.453  -5.674   0
   2.47414446  -2.623  -3.351  -4.479  -5.705   0
   2.47417092  -2.629  -3.368  -4.504  -5.736   0
   2.47419739  -2.636  -3.386  -4.529  -5.768   0
   2.47421861  -2.641  -3.400  -4.549  -5.793   0
   2.47424507  -2.647  -3.417  -4.575  -5.824   0
   2.47427154  -2.653  -3.434  -4.600  -5.855   0
   2.47433066  -2.665  -3.470  -4.653  -5.921   0
   2.47443867  -2.687  -3.536  -4.749  -6.042   0
   2.47454572  -2.707  -3.600  -4.844  -6.162   0
   2.47465181  -2.707  -3.619  -4.876  -6.205   0
   2.47473574  -2.708  -3.632  -4.897  -6.232   0
   2.47481918  -2.708  -3.645  -4.919  -6.260   0
   2.47490168  -2.708  -3.658  -4.940  -6.288   0
   2.47498369  -2.709  -3.671  -4.960  -6.316   0
   2.47506475  -2.709  -3.684  -4.981  -6.343   0
   2.47514534  -2.709  -3.696  -5.002  -6.370   0
   2.47522545  -2.708  -3.708  -5.022  -6.397   0
   2.47530484  -2.708  -3.720  -5.042  -6.424   0
   2.47538352  -2.707  -3.732  -5.062  -6.451   0
   2.47546172  -2.706  -3.744  -5.081  -6.477   0
   2.47553945  -2.705  -3.755  -5.101  -6.504   0
   2.47561669  -2.704  -3.766  -5.120  -6.530   0
   2.47569346  -2.703  -3.777  -5.139  -6.556   0
   2.47577000  -2.701  -3.788  -5.157  -6.581   0
   2.47584581  -2.699  -3.798  -5.176  -6.606   0
   2.47592139  -2.697  -3.808  -5.194  -6.631   0
   2.47599697  -2.695  -3.818  -5.212  -6.656   0
   2.47607183  -2.694  -3.828  -5.229  -6.680   0
   2.47614670  -2.700  -3.842  -5.248  -6.704   0
   2.47622132  -2.705  -3.855  -5.267  -6.727   0
   2.47629571  -2.710  -3.868  -5.285  -6.750   0
   2.47637010  -2.715  -3.880  -5.303  -6.772   0
   2.47644448  -2.719  -3.893  -5.321  -6.794   0
   2.47651887  -2.724  -3.905  -5.338  -6.816   0
   2.47659326  -2.728  -3.917  -5.355  -6.837   0
   2.47666764  -2.732  -3.928  -5.370  -6.857   0
   2.47674227  -2.735  -3.938  -5.386  -6.876   0
   2.47681713  -2.739  -3.948  -5.401  -6.895   0
   2.47689223  -2.742  -3.958  -5.415  -6.914   0
   2.47696781  -2.745  -3.968  -5.430  -6.932   0
   2.47704411  -2.748  -3.978  -5.445  -6.951   0
   2.47714019  -2.751  -3.991  -5.463  -6.974   0
   2.47723722  -2.755  -4.003  -5.481  -6.997   0
   2.47733021  -2.757  -4.014  -5.498  -7.019   0
   2.47743559  -2.760  -4.027  -5.517  -7.044   0
   2.47753477  -2.763  -4.038  -5.534  -7.066   0
   2.47762871  -2.764  -4.048  -5.550  -7.087   0
   2.47773194  -2.766  -4.059  -5.568  -7.110   0
   2.47782898  -2.767  -4.069  -5.584  -7.131   0
   2.47793341  -2.768  -4.080  -5.600  -7.153   0
   2.47804308  -2.768  -4.090  -5.617  -7.176   0
   2.47815657  -2.767  -4.099  -5.634  -7.199   0
   2.47827148  -2.762  -4.105  -5.646  -7.218   0
   2.47837782  -2.747  -4.100  -5.648  -7.227   3
   2.47841477  -2.721  -4.081  -5.634  -7.216   0
   2.47842836  -2.680  -4.047  -5.603  -7.190   0
