   0.15000001  13.762  12.793  11.454   9.866   0
   0.20000000  12.336  11.663  10.494   9.089   0
   0.25000000  11.558  10.976   9.871   8.544   0
   0.30000001  11.057  10.535   9.469   8.191   0
   0.34999999  10.621  10.151   9.118   7.883   0
   0.40000001  10.210   9.788   8.785   7.587   0
   0.44999999   9.726   9.365   8.397   7.243   0
   0.50000000   9.236   8.947   8.021   6.917   0
   0.55000001   8.616   8.440   7.580   6.548   0
   0.60000002   7.716   7.754   7.032   6.132   0
   0.69999999   6.565   6.785   6.216   5.451   0
   0.75643575   6.001   6.283   5.789   5.098   0
   0.80000001   5.638   5.935   5.487   4.845   0
   0.89999998   4.928   5.210   4.846   4.312   0
   1.00000000   4.353   4.562   4.269   3.846   0
   1.08406508   3.941   4.060   3.829   3.521   0
   1.10000002   3.868   3.969   3.750   3.463   0
   1.18313503   3.521   3.539   3.384   3.218   0
   1.20000005   3.455   3.464   3.322   3.176   0
   1.23578990   3.319   3.313   3.200   3.092   0
   1.29999995   3.081   3.077   3.005   2.953   0
   1.39999998   2.734   2.779   2.755   2.759   0
   1.50000000   2.425   2.544   2.555   2.590   0
   1.56754291   2.228   2.399   2.429   2.479   0
   1.60000002   2.135   2.331   2.369   2.426   0
   1.70000005   1.867   2.136   2.194   2.268   0
   1.72879875   1.796   2.083   2.146   2.224   0
   1.75000000   1.743   2.044   2.110   2.192   0
   1.76999998   1.692   2.006   2.076   2.160   0
   1.79999995   1.618   1.949   2.024   2.113   0
   1.87211621   1.446   1.816   1.900   1.998   0
   1.89999998   1.379   1.762   1.850   1.950   0
   1.96878827   1.217   1.630   1.725   1.832   0
   2.00000000   1.142   1.567   1.664   1.774   0
   2.05557394   1.012   1.453   1.555   1.668   0
   2.13533664   0.819   1.278   1.385   1.502   0
   2.20000005   0.657   1.125   1.235   1.354   0
   2.20004177   0.657   1.125   1.235   1.354   0
   2.26615500   0.493   0.966   1.078   1.197   0
   2.32302618   0.344   0.816   0.929   1.046   0
   2.37253618   0.205   0.673   0.786   0.901   1
   2.41566634   0.076   0.534   0.645   0.758   0
   2.45423150  -0.045   0.403   0.513   0.622   0
   2.47202396  -0.105   0.337   0.446   0.553   0
   2.48868203  -0.160   0.279   0.388   0.494   0
   2.49523377  -0.181   0.259   0.368   0.474   0
   2.50000000  -0.195   0.249   0.359   0.466   0
   2.50652814  -0.213   0.235   0.347   0.455   3
   2.51287723  -0.225   0.239   0.354   0.466   0
   2.51712728  -0.226   0.271   0.392   0.513   0
   2.51835179  -0.237   0.284   0.411   0.539   0
   2.51906824  -0.260   0.287   0.420   0.555   0
   2.51916480  -0.253   0.291   0.423   0.557   0
   2.51949978  -0.242   0.269   0.393   0.518   0
   2.51999402  -0.369   0.108   0.227   0.342   0
   2.52062798  -0.472  -0.026   0.086   0.192   0
   2.52151632  -0.561  -0.153  -0.047   0.047   0
   2.52241635  -0.628  -0.256  -0.158  -0.073   0
   2.52346158  -0.696  -0.368  -0.278  -0.206   0
   2.52431536  -0.749  -0.461  -0.379  -0.318   0
   2.52520299  -0.803  -0.564  -0.491  -0.444   0
   2.52610898  -0.855  -0.679  -0.618  -0.587   0
   2.52671647  -0.887  -0.763  -0.713  -0.695   0
   2.52732706  -0.911  -0.850  -0.815  -0.815   0
   2.52763343  -0.919  -0.893  -0.868  -0.880   0
   2.52823925  -0.917  -0.969  -0.972  -1.016   0
   2.52854347  -0.905  -0.994  -1.016  -1.088   0
   2.52885056  -0.885  -1.009  -1.056  -1.162   0
   2.52915764  -0.859  -0.996  -1.078  -1.237   0
   2.52946138  -0.825  -0.946  -1.084  -1.314   3
   2.52976799  -0.784  -0.863  -1.065  -1.386   0
   2.53007460  -0.727  -0.744  -1.020  -1.452   0
   2.53024030  -0.682  -0.666  -0.986  -1.483   0
   2.53042150  -0.622  -0.572  -0.943  -1.510   0
   2.53060269  -0.549  -0.479  -0.897  -1.525   0
   2.53088713  -0.437  -0.358  -0.828  -1.517   0
   2.53124928  -0.289  -0.206  -0.725  -1.470   0
   2.53146458  -0.211  -0.138  -0.682  -1.453   4
   2.53195930  -0.254  -0.204  -0.786  -1.593   0
   2.53256178  -0.360  -0.324  -0.922  -1.745   0
   2.53352547  -0.480  -0.458  -1.068  -1.903   0
   2.53386879  -0.498  -0.477  -1.089  -1.926   0
   2.53698492  -0.392  -0.358  -0.956  -1.779   0
   2.54716015  -0.371  -0.325  -0.903  -1.706   4
   2.55659270  -0.580  -0.515  -1.037  -1.785   0
   2.56104326  -0.742  -0.680  -1.145  -1.830   0
   2.56472516  -0.870  -0.821  -1.226  -1.836   0
   2.56753445  -0.954  -0.931  -1.282  -1.823   0
   2.57032132  -1.024  -1.040  -1.337  -1.800   0
   2.57277966  -1.082  -1.138  -1.383  -1.771   0
   2.57729721  -1.142  -1.239  -1.430  -1.742   0
   2.58144999  -1.197  -1.327  -1.467  -1.708   0
   2.58575702  -1.249  -1.394  -1.488  -1.670   0
   2.59187126  -1.307  -1.445  -1.501  -1.632   0
   2.59791684  -1.360  -1.479  -1.507  -1.597   3
   2.60475397  -1.415  -1.491  -1.497  -1.557   0
   2.61225700  -1.464  -1.490  -1.477  -1.514   0
   2.62068415  -1.510  -1.486  -1.456  -1.475   0
   2.63061619  -1.547  -1.471  -1.430  -1.434   0
   2.64701247  -1.605  -1.473  -1.420  -1.410   0
   2.68011856  -1.729  -1.543  -1.478  -1.455   0
   2.68056130  -1.730  -1.544  -1.479  -1.456   0
   2.70231438  -1.843  -1.682  -1.623  -1.608   0
   2.70959640  -1.895  -1.766  -1.712  -1.707   0
   2.71376443  -1.931  -1.835  -1.788  -1.792   0
   2.71853161  -1.969  -1.923  -1.885  -1.903   0
   2.72118831  -1.986  -2.004  -1.984  -2.023   0
   2.72179270  -1.984  -2.043  -2.038  -2.094   0
   2.72219515  -1.971  -2.068  -2.080  -2.159   0
   2.72253990  -1.953  -2.084  -2.118  -2.230   0
   2.72276974  -1.928  -2.083  -2.142  -2.291   0
   2.72292542  -1.900  -2.057  -2.148  -2.341   0
   2.72303081  -1.868  -2.025  -2.148  -2.385   3
   2.72311664  -1.832  -1.965  -2.131  -2.422   0
   2.72317886  -1.793  -1.903  -2.110  -2.453   0
   2.72322440  -1.753  -1.835  -2.078  -2.472   0
   2.72326970  -1.701  -1.756  -2.037  -2.484   0
   2.72329140  -1.669  -1.711  -2.011  -2.483   0
   2.72336531  -1.528  -1.523  -1.899  -2.475   0
   2.72347784  -1.255  -1.231  -1.761  -2.514   4
   2.72355175  -1.207  -1.208  -1.795  -2.606   0
   2.72367501  -1.245  -1.276  -1.906  -2.757   0
   2.72470832  -1.436  -1.529  -2.215  -3.112   0
   2.72514105  -1.584  -1.706  -2.415  -3.332   0
   2.72546434  -1.712  -1.857  -2.585  -3.516   0
   2.72569990  -1.808  -1.972  -2.715  -3.659   0
   2.72597933  -1.898  -2.088  -2.850  -3.808   0
   2.72634625  -2.008  -2.235  -3.021  -3.996   0
   2.72669387  -2.117  -2.384  -3.197  -4.192   0
   2.72704434  -2.244  -2.558  -3.402  -4.420   0
   2.72725511  -2.333  -2.679  -3.547  -4.581   0
   2.72743869  -2.413  -2.795  -3.687  -4.739   0
   2.72764945  -2.514  -2.941  -3.867  -4.944   0
   2.72781920  -2.602  -3.075  -4.036  -5.138   0
   2.72795868  -2.644  -3.180  -4.180  -5.312   0
   2.72808719  -2.694  -3.290  -4.328  -5.488   0
   2.72822142  -2.748  -3.408  -4.489  -5.681   0
   2.72834468  -2.780  -3.509  -4.637  -5.864   0
   2.72842383  -2.798  -3.554  -4.701  -5.941   0
   2.72857165  -2.769  -3.471  -4.581  -5.793   1
   2.72861552  -2.788  -3.532  -4.670  -5.905   0
   2.72865248  -2.794  -3.550  -4.697  -5.938   0
   2.72868919  -2.801  -3.568  -4.723  -5.971   0
   2.72872591  -2.807  -3.586  -4.750  -6.003   0
   2.72876263  -2.813  -3.605  -4.776  -6.036   0
   2.72879934  -2.820  -3.622  -4.802  -6.069   0
   2.72883582  -2.826  -3.640  -4.829  -6.102   0
   2.72887254  -2.832  -3.658  -4.855  -6.135   0
   2.72890925  -2.838  -3.676  -4.881  -6.167   0
   2.72894597  -2.843  -3.693  -4.907  -6.200   0
   2.72898269  -2.849  -3.711  -4.933  -6.233   0
   2.72901893  -2.855  -3.728  -4.959  -6.266   0
   2.72905517  -2.860  -3.746  -4.985  -6.298   0
   2.72909141  -2.865  -3.761  -5.008  -6.327   0
   2.72912765  -2.867  -3.771  -5.023  -6.347   0
   2.72916389  -2.867  -3.781  -5.038  -6.367   0
   2.72919989  -2.868  -3.790  -5.053  -6.387   0
   2.72923613  -2.869  -3.800  -5.068  -6.406   0
   2.72927237  -2.870  -3.809  -5.083  -6.426   0
   2.72935534  -2.869  -3.819  -5.100  -6.448   0
   2.72947717  -2.869  -3.832  -5.121  -6.476   0
   2.72959852  -2.869  -3.845  -5.142  -6.504   0
   2.72971869  -2.869  -3.857  -5.163  -6.531   0
   2.72983837  -2.869  -3.870  -5.183  -6.559   0
   2.72995758  -2.868  -3.882  -5.203  -6.586   0
   2.73007607  -2.868  -3.894  -5.224  -6.613   0
   2.73019409  -2.867  -3.905  -5.243  -6.640   0
   2.73031139  -2.866  -3.917  -5.263  -6.666   0
   2.73042870  -2.865  -3.928  -5.282  -6.693   0
   2.73054528  -2.863  -3.938  -5.301  -6.718   0
   2.73066163  -2.862  -3.948  -5.318  -6.742   0
   2.73077798  -2.860  -3.958  -5.336  -6.766   0
   2.73089433  -2.858  -3.968  -5.353  -6.790   0
   2.73101020  -2.857  -3.978  -5.370  -6.813   0
   2.73112679  -2.863  -3.991  -5.389  -6.836   0
   2.73124290  -2.868  -4.004  -5.407  -6.859   0
   2.73135972  -2.873  -4.017  -5.425  -6.882   0
   2.73147678  -2.878  -4.030  -5.443  -6.905   0
   2.73159432  -2.882  -4.042  -5.461  -6.927   0
   2.73171258  -2.887  -4.055  -5.479  -6.949   0
   2.73183155  -2.892  -4.067  -5.497  -6.971   0
   2.73195171  -2.896  -4.079  -5.514  -6.993   0
   2.73207283  -2.900  -4.091  -5.531  -7.015   0
   2.73222661  -2.905  -4.106  -5.552  -7.041   0
   2.73238134  -2.909  -4.120  -5.572  -7.067   0
   2.73253226  -2.913  -4.133  -5.592  -7.092   0
   2.73267555  -2.917  -4.145  -5.610  -7.115   0
   2.73283815  -2.921  -4.159  -5.630  -7.141   0
   2.73299217  -2.924  -4.172  -5.649  -7.165   0
   2.73313761  -2.927  -4.183  -5.667  -7.188   0
   2.73329830  -2.930  -4.196  -5.686  -7.212   0
   2.73344970  -2.932  -4.207  -5.703  -7.235   0
   2.73361254  -2.934  -4.219  -5.721  -7.259   0
   2.73376608  -2.935  -4.229  -5.738  -7.281   0
   2.73392820  -2.936  -4.240  -5.756  -7.304   0
   2.73409700  -2.936  -4.250  -5.773  -7.328   0
   2.73426986  -2.935  -4.260  -5.789  -7.350   0
   2.73446274  -2.927  -4.264  -5.802  -7.370   3
   2.73454785  -2.910  -4.255  -5.797  -7.369   0
   2.73458385  -2.889  -4.239  -5.784  -7.359   0
   2.73459911  -2.865  -4.218  -5.766  -7.344   0
   2.73460531  -2.832  -4.190  -5.741  -7.322   0
