   0.15000001  13.767  12.796  11.456   9.868   0
   0.20000000  12.340  11.666  10.497   9.092   0
   0.25000000  11.562  10.979   9.874   8.546   0
   0.30000001  11.061  10.539   9.472   8.194   0
   0.34999999  10.625  10.155   9.121   7.886   0
   0.40000001  10.214   9.791   8.787   7.589   0
   0.44999999   9.733   9.371   8.403   7.248   0
   0.50000000   9.245   8.956   8.029   6.924   0
   0.55000001   8.632   8.453   7.591   6.558   0
   0.60000002   7.738   7.773   7.049   6.146   0
   0.69999999   6.600   6.817   6.244   5.476   0
   0.80000001   5.687   5.982   5.528   4.881   0
   0.89999998   4.983   5.268   4.899   4.357   0
   1.00000000   4.414   4.633   4.334   3.900   0
   1.10000002   3.945   4.062   3.833   3.529   0
   1.20000005   3.543   3.561   3.409   3.249   0
   1.29999995   3.186   3.181   3.100   3.037   0
   1.39999998   2.862   2.900   2.866   2.862   0
   1.50000000   2.576   2.680   2.682   2.711   0
   1.60000002   2.321   2.496   2.524   2.576   0
   1.70000005   2.092   2.335   2.383   2.452   0
   1.75000000   1.986   2.260   2.317   2.393   0
   1.76999998   1.946   2.232   2.292   2.371   0
   1.79999995   1.886   2.189   2.254   2.336   0
   1.89999998   1.700   2.055   2.132   2.227   0
   2.00000000   1.531   1.932   2.021   2.126   0
   2.20000005   1.233   1.712   1.818   1.942   0
   2.20432258   1.227   1.707   1.814   1.938   0
   2.50000000   0.842   1.410   1.538   1.685   0
   3.00000000   0.311   0.980   1.134   1.307   0
   3.50000000  -0.133   0.606   0.779   0.970   0
   4.00000000  -0.520   0.274   0.462   0.668   0
   4.06910944  -0.569   0.231   0.421   0.628   0
   4.50000000  -0.864  -0.027   0.173   0.391   0
   5.00000000  -1.174  -0.301  -0.091   0.136   0
   5.35871029  -1.377  -0.483  -0.266  -0.032   0
   6.00000000  -1.723  -0.796  -0.568  -0.324   0
   6.39065027  -1.926  -0.980  -0.747  -0.497   0
   7.00000000  -2.238  -1.269  -1.027  -0.769   0
   7.17754459  -2.327  -1.351  -1.107  -0.847   0
   7.85249472  -2.664  -1.665  -1.413  -1.146   0
   8.41315746  -2.953  -1.939  -1.682  -1.410   0
   8.89144230  -3.204  -2.177  -1.917  -1.642   0
   9.00000000  -3.266  -2.238  -1.977  -1.702   0
   9.68097973  -3.639  -2.601  -2.338  -2.061   1
  10.29818344  -4.019  -2.986  -2.724  -2.450   0
  10.75819969  -4.364  -3.345  -3.087  -2.822   0
  10.94391537  -4.520  -3.508  -3.254  -2.992   0
  11.00240898  -4.566  -3.555  -3.301  -3.039   0
  11.06951332  -4.596  -3.571  -3.313  -3.047   3
  11.09486675  -4.585  -3.531  -3.264  -2.988   0
  11.09885120  -4.598  -3.526  -3.254  -2.971   0
  11.10088253  -4.588  -3.538  -3.273  -2.998   0
  11.10113621  -4.596  -3.551  -3.286  -3.013   0
  11.10241413  -4.679  -3.658  -3.401  -3.137   0
  11.10357094  -4.779  -3.783  -3.533  -3.280   0
  11.10482788  -4.897  -3.928  -3.688  -3.447   0
  11.10584164  -4.997  -4.055  -3.822  -3.591   0
  11.10683537  -5.104  -4.186  -3.963  -3.744   0
  11.10776806  -5.202  -4.311  -4.096  -3.888   0
  11.10859871  -5.297  -4.434  -4.228  -4.031   0
  11.10945034  -5.395  -4.563  -4.367  -4.182   0
  11.11017990  -5.486  -4.687  -4.500  -4.327   0
  11.11094952  -5.585  -4.827  -4.650  -4.491   0
  11.11159801  -5.677  -4.953  -4.787  -4.643   0
  11.11226654  -5.780  -5.098  -4.944  -4.816   0
  11.11283398  -5.867  -5.221  -5.077  -4.964   0
  11.11338043  -5.950  -5.340  -5.206  -5.107   0
  11.11388683  -6.020  -5.443  -5.318  -5.231   0
  11.11441326  -6.087  -5.545  -5.429  -5.356   0
  11.11479759  -6.131  -5.621  -5.511  -5.446   0
  11.11520386  -6.170  -5.690  -5.585  -5.527   0
  11.11609364  -6.252  -5.841  -5.748  -5.707   0
  11.11702538  -6.313  -5.957  -5.873  -5.844   0
  11.11826038  -6.387  -6.072  -6.002  -5.995   0
  11.12018299  -6.445  -6.139  -6.082  -6.093   0
  11.12210560  -6.476  -6.192  -6.140  -6.159   2
  11.12828922  -6.447  -6.133  -6.066  -6.062   0
  11.13225460  -6.403  -6.063  -5.981  -5.957   0
  11.13808823  -6.357  -5.950  -5.857  -5.817   0
  11.14383698  -6.315  -5.855  -5.753  -5.699   0
  11.15136719  -6.265  -5.742  -5.631  -5.564   0
  11.15967178  -6.213  -5.641  -5.520  -5.440   0
  11.16782665  -6.164  -5.557  -5.428  -5.335   0
  11.17735291  -6.110  -5.470  -5.331  -5.226   0
  11.18972206  -6.051  -5.375  -5.227  -5.108   0
  11.20290756  -5.998  -5.292  -5.136  -5.005   0
  11.21875381  -5.946  -5.209  -5.045  -4.903   0
  11.23841572  -5.891  -5.126  -4.952  -4.799   0
  11.26140594  -5.839  -5.047  -4.865  -4.701   0
  11.28783321  -5.792  -4.976  -4.787  -4.613   0
  11.32289600  -5.749  -4.908  -4.712  -4.529   0
  11.37553310  -5.720  -4.857  -4.654  -4.464   0
  11.42679691  -5.715  -4.838  -4.632  -4.437   1
  11.51267338  -5.823  -4.966  -4.766  -4.579   0
  11.53856182  -5.898  -5.064  -4.870  -4.692   0
  11.55687141  -5.984  -5.172  -4.988  -4.821   0
  11.56707191  -6.050  -5.262  -5.086  -4.929   0
  11.57355595  -6.110  -5.345  -5.175  -5.027   0
  11.57790089  -6.171  -5.433  -5.271  -5.134   0
  11.57985878  -6.210  -5.490  -5.333  -5.203   0
  11.58147621  -6.252  -5.555  -5.405  -5.283   0
  11.58254051  -6.288  -5.614  -5.470  -5.356   0
  11.58327770  -6.319  -5.669  -5.531  -5.425   0
  11.58374882  -6.341  -5.713  -5.580  -5.482   0
  11.58411694  -6.367  -5.763  -5.638  -5.551   0
  11.58436203  -6.388  -5.804  -5.684  -5.605   0
  11.58458710  -6.409  -5.852  -5.737  -5.665   0
  11.58477116  -6.434  -5.907  -5.796  -5.730   0
  11.58514500  -6.495  -6.035  -5.933  -5.879   0
  11.58540916  -6.542  -6.123  -6.029  -5.986   0
  11.58569527  -6.590  -6.216  -6.129  -6.097   0
  11.58598042  -6.633  -6.300  -6.219  -6.196   0
  11.58653069  -6.720  -6.409  -6.349  -6.356   0
  11.58710194  -6.760  -6.492  -6.443  -6.467   0
  11.58823299  -6.755  -6.643  -6.612  -6.666   0
  11.58882141  -6.700  -6.739  -6.745  -6.855   0
  11.58910465  -6.576  -6.743  -6.786  -6.967   3
  11.58938789  -6.337  -6.533  -6.729  -7.109   0
  11.58969212  -5.761  -5.931  -6.467  -7.211   0
  11.58997536  -5.042  -5.358  -6.147  -7.116   4
  11.59010220  -4.989  -5.397  -6.264  -7.291   0
  11.59015656  -4.993  -5.437  -6.335  -7.385   0
  11.59025669  -5.077  -5.570  -6.504  -7.582   0
  11.59079170  -5.212  -5.769  -6.753  -7.867   0
  11.59175110  -5.257  -5.834  -6.831  -7.956   0
  11.59209538  -5.273  -5.856  -6.859  -7.987   0
