   0.15000001  13.860  12.827  11.472   9.864   0
   0.20000000  12.474  11.701  10.513   9.089   0
   0.25000000  11.707  11.012   9.890   8.547   0
   0.30000001  11.208  10.567   9.486   8.197   0
   0.34999999  10.775  10.180   9.134   7.890   0
   0.40000001  10.365   9.814   8.799   7.596   0
   0.44999999   9.876   9.385   8.405   7.251   0
   0.50000000   9.380   8.960   8.023   6.925   0
   0.55000001   8.748   8.447   7.571   6.551   0
   0.60000002   8.047   7.900   7.103   6.169   0
   0.68197966   6.961   7.041   6.388   5.581   0
   0.69999999   6.750   6.870   6.246   5.463   0
   0.71839237   6.537   6.693   6.100   5.342   0
   0.80000001   5.749   5.995   5.513   4.854   0
   0.89999998   5.003   5.259   4.869   4.314   0
   0.99944204   4.403   4.610   4.292   3.840   0
   1.00000000   4.400   4.607   4.289   3.837   0
   1.00581038   4.368   4.571   4.258   3.812   0
   1.10000002   3.890   4.009   3.763   3.432   0
   1.20000005   3.454   3.474   3.307   3.122   0
   1.29999995   3.067   3.046   2.956   2.881   0
   1.35465288   2.866   2.861   2.802   2.765   0
   1.39999998   2.704   2.723   2.687   2.675   0
   1.40392971   2.690   2.712   2.677   2.667   0
   1.50000000   2.370   2.458   2.460   2.484   0
   1.54817104   2.214   2.338   2.355   2.392   0
   1.60000002   2.056   2.216   2.246   2.293   0
   1.63856220   1.938   2.125   2.164   2.218   0
   1.67734623   1.822   2.035   2.082   2.142   0
   1.67932916   1.817   2.031   2.078   2.139   0
   1.70000005   1.760   1.985   2.036   2.099   0
   1.75000000   1.618   1.871   1.929   1.999   0
   1.78301990   1.525   1.794   1.857   1.930   0
   1.79999995   1.477   1.753   1.818   1.892   0
   1.85746193   1.315   1.612   1.683   1.762   0
   1.89999998   1.192   1.501   1.575   1.656   0
   1.91929066   1.137   1.452   1.528   1.609   0
   1.98135281   0.955   1.280   1.359   1.443   0
   2.00000000   0.898   1.224   1.304   1.388   0
   2.03610039   0.789   1.117   1.198   1.280   0
   2.08143258   0.645   0.968   1.049   1.130   1
   2.12066174   0.513   0.826   0.906   0.984   0
   2.15513444   0.391   0.691   0.769   0.842   0
   2.18587565   0.275   0.558   0.634   0.703   0
   2.19984818   0.222   0.496   0.571   0.638   0
   2.20000005   0.221   0.496   0.571   0.637   0
   2.21386790   0.170   0.441   0.516   0.581   0
   2.22099257   0.143   0.414   0.489   0.553   0
   2.23012090   0.110   0.390   0.467   0.533   3
   2.23522663   0.092   0.391   0.472   0.543   0
   2.23868752   0.079   0.418   0.506   0.587   0
   2.23966837   0.062   0.435   0.529   0.619   0
   2.24023056   0.028   0.436   0.538   0.636   0
   2.24029398   0.035   0.442   0.543   0.640   0
   2.24049020   0.072   0.445   0.540   0.629   0
   2.24075317  -0.006   0.330   0.419   0.498   0
   2.24115992  -0.114   0.184   0.266   0.335   0
   2.24176979  -0.196   0.054   0.127   0.184   0
   2.24243283  -0.252  -0.047   0.017   0.061   0
   2.24325013  -0.302  -0.153  -0.100  -0.070   0
   2.24394631  -0.331  -0.234  -0.193  -0.177   0
   2.24469590  -0.350  -0.315  -0.291  -0.294   0
   2.24495387  -0.353  -0.343  -0.326  -0.337   0
   2.24546599  -0.350  -0.387  -0.388  -0.420   0
   2.24598455  -0.339  -0.422  -0.447  -0.509   0
   2.24650598  -0.315  -0.436  -0.495  -0.604   0
   2.24702668  -0.277  -0.404  -0.517  -0.701   3
   2.24754858  -0.221  -0.303  -0.500  -0.798   0
   2.24781108  -0.182  -0.227  -0.473  -0.843   0
   2.24807167  -0.128  -0.132  -0.431  -0.883   0
   2.24833393  -0.053  -0.019  -0.379  -0.914   0
   2.24859428   0.041   0.095  -0.321  -0.927   0
   2.24911594   0.252   0.313  -0.184  -0.878   0
   2.24963737   0.466   0.515  -0.044  -0.800   4
   2.25026870   0.445   0.462  -0.141  -0.935   0
   2.25103354   0.331   0.329  -0.296  -1.110   0
   2.25183606   0.218   0.203  -0.435  -1.261   0
   2.25267410   0.105   0.077  -0.573  -1.409   0
   2.25358558  -0.007  -0.054  -0.718  -1.565   0
   2.25447249  -0.111  -0.178  -0.855  -1.712   0
   2.25545645  -0.207  -0.291  -0.980  -1.846   2
   2.25619602  -0.110  -0.176  -0.852  -1.708   0
   2.25830078  -0.013  -0.058  -0.719  -1.564   0
   2.26508880   0.076   0.049  -0.597  -1.429   0
   2.27477574   0.154   0.143  -0.487  -1.305   0
   2.28983212   0.166   0.173  -0.429  -1.223   4
   2.30293298  -0.074  -0.043  -0.590  -1.338   0
   2.30916357  -0.232  -0.198  -0.706  -1.413   0
   2.31532073  -0.386  -0.349  -0.810  -1.470   0
   2.32066894  -0.503  -0.477  -0.891  -1.494   0
   2.32474184  -0.599  -0.590  -0.955  -1.499   0
   2.32851863  -0.676  -0.695  -1.013  -1.493   0
   2.33264828  -0.749  -0.800  -1.070  -1.482   0
   2.33692813  -0.814  -0.896  -1.123  -1.472   0
   2.34234977  -0.879  -0.993  -1.173  -1.459   0
   2.36845112  -1.088  -1.240  -1.331  -1.503   0
   2.38795257  -1.221  -1.365  -1.428  -1.564   1
   2.40764523  -1.299  -1.451  -1.552  -1.742   0
   2.41241097  -1.295  -1.440  -1.586  -1.833   0
   2.41542697  -1.289  -1.413  -1.594  -1.890   0
   2.41790438  -1.281  -1.388  -1.601  -1.937   0
   2.41960192  -1.264  -1.351  -1.596  -1.977   0
   2.42089844  -1.245  -1.314  -1.588  -2.012   0
   2.42179608  -1.184  -1.217  -1.557  -2.069   0
   2.42277050  -1.028  -1.025  -1.481  -2.135   0
   2.42339468  -0.794  -0.805  -1.358  -2.110   0
   2.42363739  -0.561  -0.594  -1.205  -2.007   4
   2.42374253  -0.566  -0.628  -1.283  -2.123   0
   2.42380738  -0.625  -0.719  -1.403  -2.265   0
   2.42487383  -0.822  -0.968  -1.694  -2.588   0
   2.42521572  -0.939  -1.114  -1.863  -2.774   0
   2.42544317  -1.033  -1.231  -1.997  -2.922   0
   2.42578602  -1.187  -1.426  -2.224  -3.173   0
   2.42617846  -1.315  -1.611  -2.446  -3.420   0
   2.42645216  -1.388  -1.730  -2.595  -3.590   0
   2.42672181  -1.477  -1.864  -2.757  -3.773   0
   2.42696238  -1.563  -1.998  -2.923  -3.961   0
   2.42715883  -1.642  -2.124  -3.081  -4.141   0
   2.42734170  -1.716  -2.253  -3.244  -4.329   0
   2.42748570  -1.763  -2.359  -3.383  -4.492   0
   2.42764664  -1.794  -2.475  -3.549  -4.693   0
   2.42782497  -1.839  -2.612  -3.739  -4.922   0
   2.42792654  -1.853  -2.685  -3.847  -5.055   0
   2.42800212  -1.858  -2.741  -3.935  -5.166   0
   2.42807770  -1.865  -2.819  -4.053  -5.314   0
   2.42817378  -1.864  -2.892  -4.166  -5.459   3
   2.42826152  -1.859  -2.888  -4.163  -5.456   0
   2.42827511  -1.857  -2.921  -4.214  -5.522   0
   2.42828202  -1.855  -2.928  -4.226  -5.538   0
   2.42830467  -1.854  -2.941  -4.248  -5.566   0
   2.42832732  -1.852  -2.954  -4.269  -5.594   0
   2.42834949  -1.851  -2.967  -4.290  -5.622   0
   2.42837167  -1.849  -2.980  -4.311  -5.650   0
   2.42839384  -1.847  -2.992  -4.332  -5.678   0
   2.42841148  -1.845  -3.002  -4.349  -5.700   0
   2.42843366  -1.843  -3.015  -4.370  -5.728   0
   2.42845583  -1.840  -3.027  -4.391  -5.755   0
   2.42847800  -1.838  -3.039  -4.411  -5.783   0
   2.42849588  -1.835  -3.049  -4.428  -5.806   0
   2.42851806  -1.833  -3.061  -4.449  -5.834   0
   2.42853570  -1.830  -3.071  -4.466  -5.856   0
   2.42857146  -1.825  -3.087  -4.495  -5.895   0
   2.42866039  -1.813  -3.126  -4.563  -5.987   0
   2.42874861  -1.805  -3.140  -4.590  -6.025   0
   2.42883611  -1.799  -3.152  -4.612  -6.056   0
   2.42892289  -1.794  -3.163  -4.634  -6.086   0
   2.42900872  -1.788  -3.175  -4.656  -6.116   0
   2.42909384  -1.782  -3.186  -4.676  -6.145   0
   2.42917824  -1.776  -3.196  -4.696  -6.174   0
   2.42926192  -1.771  -3.206  -4.716  -6.202   0
   2.42932820  -1.766  -3.214  -4.732  -6.225   0
   2.42939401  -1.761  -3.222  -4.748  -6.248   0
   2.42945933  -1.756  -3.231  -4.764  -6.271   0
   2.42952418  -1.751  -3.238  -4.779  -6.293   0
   2.42958856  -1.746  -3.246  -4.795  -6.316   0
   2.42965269  -1.740  -3.254  -4.810  -6.338   0
   2.42971611  -1.735  -3.261  -4.825  -6.361   0
   2.42977929  -1.729  -3.268  -4.840  -6.382   0
   2.42984200  -1.729  -3.278  -4.856  -6.404   0
   2.42990446  -1.733  -3.290  -4.872  -6.425   0
   2.42996645  -1.737  -3.302  -4.889  -6.446   0
   2.43002844  -1.741  -3.314  -4.905  -6.467   0
   2.43008971  -1.744  -3.325  -4.921  -6.487   0
   2.43015099  -1.748  -3.337  -4.937  -6.507   0
   2.43021202  -1.751  -3.348  -4.952  -6.527   0
   2.43027282  -1.755  -3.359  -4.967  -6.547   0
   2.43033338  -1.758  -3.370  -4.982  -6.566   0
   2.43039417  -1.761  -3.380  -4.997  -6.585   0
   2.43045473  -1.764  -3.391  -5.012  -6.604   0
   2.43051505  -1.767  -3.401  -5.026  -6.622   0
   2.43057513  -1.769  -3.411  -5.040  -6.640   0
   2.43063545  -1.772  -3.420  -5.053  -6.658   0
   2.43069601  -1.774  -3.430  -5.067  -6.675   0
   2.43075657  -1.776  -3.439  -5.080  -6.692   0
   2.43083239  -1.779  -3.450  -5.096  -6.712   0
   2.43090868  -1.781  -3.461  -5.111  -6.733   0
   2.43098545  -1.784  -3.472  -5.127  -6.753   0
   2.43106294  -1.786  -3.482  -5.142  -6.774   0
   2.43114114  -1.788  -3.493  -5.158  -6.794   0
   2.43121672  -1.789  -3.503  -5.172  -6.813   0
   2.43130255  -1.791  -3.513  -5.188  -6.834   0
   2.43139648  -1.792  -3.524  -5.205  -6.856   0
   2.43148446  -1.793  -3.534  -5.220  -6.877   0
   2.43156743  -1.793  -3.544  -5.234  -6.896   0
   2.43165636  -1.792  -3.553  -5.248  -6.916   2
   2.43175125  -1.811  -3.569  -5.261  -6.934   0
   2.43181515  -1.820  -3.573  -5.262  -6.937   0
   2.43183994  -1.815  -3.566  -5.252  -6.929   0
   2.43184996  -1.803  -3.552  -5.237  -6.915   0
   2.43185353  -1.787  -3.534  -5.218  -6.897   0
   2.43185568  -1.771  -3.518  -5.200  -6.880   0
