   0.15000001  13.798  12.785  11.439   9.841   0
   0.20000000  12.426  11.657  10.472   9.052   0
   0.25000000  11.664  10.973   9.854   8.514   0
   0.30000001  11.160  10.523   9.445   8.159   0
   0.34999999  10.722  10.132   9.089   7.850   0
   0.40000001  10.317   9.772   8.759   7.561   0
   0.44999999   9.811   9.327   8.352   7.204   0
   0.50000000   9.286   8.880   7.949   6.862   0
   0.55000001   8.604   8.332   7.471   6.466   0
   0.60000002   7.854   7.746   6.971   6.058   0
   0.64999574   7.112   7.161   6.483   5.656   0
   0.69416374   6.523   6.678   6.085   5.326   0
   0.69999999   6.454   6.618   6.034   5.284   0
   0.70792496   6.358   6.534   5.964   5.226   0
   0.74372548   5.931   6.161   5.649   4.962   0
   0.77492201   5.602   5.850   5.380   4.734   0
   0.80000001   5.345   5.602   5.164   4.550   0
   0.81161737   5.228   5.489   5.065   4.465   0
   0.83545065   5.004   5.257   4.857   4.287   0
   0.85717833   4.799   5.044   4.665   4.122   0
   0.87739182   4.607   4.842   4.482   3.965   0
   0.89688826   4.427   4.643   4.301   3.809   0
   0.89999998   4.398   4.611   4.272   3.783   0
   0.90601510   4.343   4.549   4.216   3.737   0
   0.93081909   4.101   4.280   3.972   3.532   0
   0.95831555   3.819   3.957   3.679   3.289   0
   0.97326541   3.659   3.774   3.512   3.148   0
   0.98747581   3.497   3.588   3.342   3.005   0
   1.00000000   3.344   3.414   3.181   2.866   0
   1.00226855   3.316   3.382   3.152   2.841   0
   1.00626397   3.263   3.323   3.096   2.793   0
   1.00702596   3.253   3.311   3.085   2.783   0
   1.02385736   3.002   3.038   2.822   2.533   1
   1.03200614   2.857   2.895   2.669   2.361   0
   1.03809071   2.732   2.785   2.538   2.192   0
   1.04151821   2.656   2.734   2.458   2.061   0
   1.04406071   2.607   2.716   2.398   1.933   0
   1.04601622   2.595   2.730   2.361   1.821   0
   1.04762375   2.627   2.777   2.350   1.736   3
   1.04902339   2.717   2.865   2.379   1.698   0
   1.05004001   2.803   2.933   2.403   1.681   0
   1.05182087   2.809   2.906   2.325   1.556   0
   1.05316162   2.702   2.776   2.174   1.386   0
   1.05423546   2.575   2.634   2.020   1.222   0
   1.05516708   2.444   2.493   1.871   1.065   0
   1.05605936   2.297   2.336   1.707   0.893   0
   1.05681407   2.164   2.194   1.558   0.738   0
   1.05749643   2.032   2.051   1.408   0.581   0
   1.05813396   1.900   1.909   1.257   0.424   0
   1.05864692   1.774   1.772   1.113   0.273   0
   1.05915689   1.650   1.632   0.964   0.116   0
   1.05961108   1.530   1.497   0.820  -0.036   0
   1.06002605   1.407   1.360   0.673  -0.190   0
   1.06039977   1.285   1.223   0.527  -0.344   0
   1.06071794   1.175   1.095   0.388  -0.492   0
   1.06101346   1.060   0.964   0.245  -0.644   0
   1.06128097   0.947   0.833   0.102  -0.796   0
   1.06152594   0.835   0.704  -0.039  -0.947   0
   1.06174183   0.729   0.581  -0.175  -1.093   0
   1.06194973   0.630   0.467  -0.300  -1.226   0
   1.06213272   0.559   0.386  -0.390  -1.322   0
   1.06232071   0.656   0.501  -0.260  -1.181   1
   1.06247914   0.549   0.377  -0.396  -1.327   0
   1.06265855   0.437   0.241  -0.549  -1.493   0
   1.06281590   0.337   0.113  -0.692  -1.648   0
   1.06295180   0.246  -0.007  -0.830  -1.797   0
   1.06308389   0.152  -0.132  -0.973  -1.954   0
   1.06319714   0.064  -0.252  -1.112  -2.107   0
   1.06330538  -0.029  -0.377  -1.258  -2.268   0
   1.06339777  -0.112  -0.494  -1.396  -2.420   0
   1.06347787  -0.186  -0.602  -1.527  -2.566   0
   1.06355369  -0.258  -0.712  -1.662  -2.719   0
   1.06361949  -0.317  -0.813  -1.788  -2.864   0
   1.06368196  -0.373  -0.916  -1.918  -3.013   0
   1.06373453  -0.426  -1.015  -2.040  -3.153   0
   1.06378257  -0.462  -1.104  -2.160  -3.294   0
   1.06382740  -0.478  -1.184  -2.276  -3.436   0
   1.06386721  -0.519  -1.274  -2.394  -3.575   0
   1.06390536  -0.558  -1.365  -2.516  -3.718   0
   1.06394136  -0.594  -1.456  -2.640  -3.866   0
   1.06396949  -0.600  -1.516  -2.729  -3.978   2
   1.06396949   1.029   1.053   0.481  -0.287   1
   1.06417644   1.021   1.038   0.455  -0.322   0
   1.06443012   1.012   1.026   0.439  -0.342   0
   1.06460643   1.006   1.018   0.430  -0.352   0
   1.06470752   1.001   1.014   0.426  -0.356   0
   1.06501508   0.987   1.001   0.416  -0.363   0
   1.06533539   0.973   0.988   0.408  -0.368   0
   1.06566715   0.958   0.975   0.399  -0.374   0
   1.06600809   0.944   0.963   0.390  -0.380   0
   1.06636178   0.932   0.952   0.381  -0.387   0
   1.06671071   0.919   0.940   0.372  -0.394   0
   1.06705105   0.907   0.929   0.362  -0.401   0
   1.06738818   0.898   0.919   0.353  -0.410   0
   1.06745529   0.896   0.917   0.351  -0.412   0
   1.06769228   0.890   0.911   0.344  -0.419   0
   1.06799150   0.883   0.902   0.334  -0.430   0
   1.06830275   0.876   0.894   0.323  -0.444   0
   1.06863070   0.868   0.883   0.308  -0.462   0
   1.06898463   0.858   0.869   0.289  -0.487   0
   1.06936121   0.847   0.851   0.262  -0.521   0
   1.06954491   0.837   0.837   0.243  -0.545   0
   1.06975400   0.822   0.817   0.216  -0.578   0
   1.07012725   0.771   0.748   0.125  -0.688   0
   1.07019067   0.743   0.713   0.079  -0.742   0
   1.07023239   0.686   0.643  -0.008  -0.844   0
   1.07024479   0.646   0.585  -0.080  -0.929   0
   1.07025313   0.579   0.491  -0.197  -1.062   0
   1.07025921   0.463   0.342  -0.374  -1.261   0
   1.07026410   0.353   0.206  -0.530  -1.433   0
   1.07026947   0.257   0.086  -0.670  -1.588   0
   1.07027757   0.200   0.015  -0.752  -1.678   0
   1.07030833   0.261   0.093  -0.660  -1.576   0
   1.07032263   0.287   0.126  -0.621  -1.532   1
   1.07040477   0.179  -0.011  -0.781  -1.710   0
   1.07045150   0.054  -0.180  -0.982  -1.935   0
   1.07048666  -0.034  -0.306  -1.132  -2.101   0
   1.07052171  -0.123  -0.438  -1.292  -2.281   0
   1.07055688  -0.222  -0.583  -1.467  -2.477   0
   1.07058084  -0.287  -0.688  -1.598  -2.626   0
   1.07060063  -0.340  -0.786  -1.726  -2.776   0
   1.07061577  -0.394  -0.882  -1.850  -2.920   0
   1.07062840  -0.442  -0.975  -1.969  -3.057   0
   1.07063925  -0.483  -1.065  -2.085  -3.193   0
   1.07064950  -0.518  -1.151  -2.200  -3.329   0
   1.07066095  -0.534  -1.242  -2.334  -3.494   0
   1.07067299  -0.567  -1.341  -2.472  -3.660   0
   1.07067823  -0.583  -1.390  -2.540  -3.742   0
   1.07067943  -0.586  -1.406  -2.564  -3.771   0
   1.07068086  -0.595  -1.436  -2.606  -3.822   0
   1.07068288  -0.598  -1.456  -2.635  -3.859   0
   1.07068491  -0.602  -1.475  -2.665  -3.895   0
   1.07068694  -0.605  -1.494  -2.694  -3.931   0
   1.07068884  -0.606  -1.513  -2.722  -3.966   0
   1.07069087  -0.607  -1.533  -2.752  -4.005   0
   1.07069254  -0.608  -1.550  -2.777  -4.036   0
   1.07069457  -0.609  -1.570  -2.807  -4.074   0
   1.07069659  -0.609  -1.590  -2.837  -4.112   0
   1.07069862  -0.610  -1.609  -2.867  -4.151   0
   1.07070065  -0.610  -1.629  -2.897  -4.189   0
   1.07070231  -0.609  -1.644  -2.921  -4.220   0
   1.07070434  -0.609  -1.664  -2.951  -4.258   0
   1.07070637  -0.608  -1.683  -2.981  -4.296   0
   1.07070839  -0.607  -1.702  -3.011  -4.335   0
   1.07071030  -0.606  -1.720  -3.040  -4.372   0
   1.07071221  -0.605  -1.737  -3.068  -4.407   0
   1.07071364  -0.603  -1.751  -3.089  -4.436   0
   1.07071555  -0.600  -1.767  -3.116  -4.471   0
   1.07071698  -0.598  -1.779  -3.137  -4.498   0
   1.07071888  -0.594  -1.795  -3.163  -4.533   0
   1.07072067  -0.591  -1.810  -3.189  -4.568   0
   1.07072258  -0.587  -1.825  -3.215  -4.604   0
   1.07072437  -0.583  -1.840  -3.241  -4.639   0
   1.07072616  -0.578  -1.855  -3.267  -4.674   0
   1.07072806  -0.574  -1.869  -3.293  -4.709   0
   1.07073104  -0.566  -1.892  -3.334  -4.764   0
   1.07073581  -0.552  -1.915  -3.378  -4.826   0
   1.07074070  -0.545  -1.927  -3.401  -4.859   0
   1.07074547  -0.537  -1.939  -3.425  -4.894   0
   1.07075024  -0.529  -1.951  -3.449  -4.928   0
   1.07075489  -0.521  -1.962  -3.472  -4.962   0
   1.07075953  -0.512  -1.973  -3.494  -4.996   0
   1.07076406  -0.503  -1.984  -3.517  -5.029   0
   1.07076871  -0.493  -1.994  -3.540  -5.063   0
   1.07077324  -0.482  -2.005  -3.563  -5.098   0
   1.07077789  -0.471  -2.015  -3.586  -5.133   0
   1.07078230  -0.460  -2.024  -3.608  -5.166   0
   1.07078671  -0.448  -2.034  -3.630  -5.200   0
   1.07079113  -0.435  -2.042  -3.653  -5.234   0
   1.07079566  -0.435  -2.059  -3.678  -5.268   0
   1.07080007  -0.439  -2.077  -3.704  -5.302   0
   1.07080436  -0.443  -2.095  -3.730  -5.335   0
   1.07080865  -0.447  -2.112  -3.755  -5.368   0
   1.07081282  -0.451  -2.130  -3.781  -5.402   0
   1.07081711  -0.454  -2.147  -3.806  -5.436   0
   1.07082129  -0.456  -2.165  -3.832  -5.470   0
   1.07082558  -0.458  -2.182  -3.857  -5.504   0
   1.07082975  -0.460  -2.199  -3.882  -5.538   0
   1.07083368  -0.461  -2.215  -3.907  -5.571   0
   1.07083774  -0.478  -2.238  -3.932  -5.604   0
   1.07083797  -0.480  -2.239  -3.933  -5.606   0
