   0.15000001  13.866  12.832  11.475   9.866   0
   0.20000000  12.479  11.706  10.518   9.093   0
   0.25000000  11.712  11.016   9.894   8.550   0
   0.30000001  11.214  10.572   9.491   8.201   0
   0.34999999  10.780  10.185   9.138   7.894   0
   0.40000001  10.370   9.819   8.803   7.600   0
   0.44999999   9.886   9.394   8.414   7.259   0
   0.50000000   9.394   8.973   8.034   6.935   0
   0.55000001   8.771   8.466   7.589   6.565   0
   0.60000002   8.080   7.927   7.126   6.190   0
   0.69999999   6.804   6.918   6.290   5.503   0
   0.80000001   5.817   6.061   5.572   4.908   0
   0.89999998   5.083   5.342   4.945   4.380   0
   1.00000000   4.494   4.710   4.385   3.921   0
   1.10000002   4.004   4.140   3.883   3.535   0
   1.20000005   3.581   3.620   3.439   3.232   0
   1.29999995   3.218   3.203   3.098   3.005   0
   1.39999998   2.886   2.894   2.844   2.820   0
   1.50000000   2.592   2.663   2.651   2.668   0
   1.60000002   2.324   2.466   2.485   2.527   0
   1.70000005   2.095   2.306   2.347   2.408   0
   1.75000000   1.988   2.230   2.280   2.348   0
   1.79999995   1.885   2.157   2.215   2.290   0
   1.89999998   1.695   2.020   2.092   2.179   0
   2.00000000   1.523   1.895   1.977   2.075   0
   2.20000005   1.224   1.673   1.773   1.888   0
   2.50000000   0.829   1.365   1.485   1.621   0
   3.00000000   0.292   0.922   1.066   1.225   0
   3.12631440   0.173   0.820   0.969   1.134   0
   3.50000000  -0.150   0.548   0.711   0.889   0
   4.00000000  -0.529   0.226   0.404   0.597   0
   4.50000000  -0.862  -0.061   0.129   0.335   0
   5.00000000  -1.154  -0.315  -0.114   0.102   0
   6.00000000  -1.663  -0.763  -0.544  -0.310   0
   6.25179291  -1.782  -0.869  -0.646  -0.408   0
   7.00000000  -2.117  -1.170  -0.936  -0.687   0
   8.19879341  -2.604  -1.614  -1.366  -1.104   0
   9.00000000  -2.908  -1.893  -1.638  -1.367   0
   9.78720379  -3.187  -2.148  -1.885  -1.607   0
  12.00000000  -3.953  -2.859  -2.582  -2.290   0
  12.04576302  -3.967  -2.873  -2.595  -2.303   0
  13.92130470  -4.568  -3.449  -3.167  -2.872   0
  15.00000000  -4.932  -3.809  -3.525  -3.231   0
  15.24640179  -5.007  -3.883  -3.599  -3.306   1
  16.51400375  -5.439  -4.325  -4.045  -3.756   0
  17.50526428  -5.838  -4.747  -4.476  -4.198   0
  17.91088486  -6.027  -4.951  -4.686  -4.414   0
  18.11543846  -6.121  -5.049  -4.785  -4.516   0
  18.19363022  -6.136  -5.058  -4.792  -4.521   3
  18.24846840  -6.118  -5.019  -4.747  -4.469   0
  18.25630951  -6.109  -4.995  -4.718  -4.433   0
  18.25727844  -6.109  -4.994  -4.716  -4.429   0
  18.26169205  -6.142  -5.041  -4.769  -4.491   0
  18.26305008  -6.185  -5.097  -4.829  -4.555   0
  18.26444244  -6.246  -5.175  -4.912  -4.644   0
  18.26566124  -6.299  -5.251  -4.994  -4.733   0
  18.26688004  -6.369  -5.340  -5.090  -4.838   0
  18.26783752  -6.444  -5.426  -5.183  -4.940   0
  18.26888084  -6.521  -5.520  -5.285  -5.052   0
  18.26975250  -6.582  -5.600  -5.371  -5.147   0
  18.27070808  -6.653  -5.694  -5.471  -5.257   0
  18.27140427  -6.709  -5.768  -5.551  -5.344   0
  18.27227592  -6.772  -5.858  -5.647  -5.448   0
  18.27305794  -6.834  -5.946  -5.741  -5.549   0
  18.27366638  -6.881  -6.015  -5.815  -5.628   0
  18.27436256  -6.947  -6.092  -5.901  -5.725   0
  18.27488327  -7.007  -6.154  -5.970  -5.804   0
  18.27558136  -7.070  -6.237  -6.061  -5.905   0
  18.27627563  -7.130  -6.322  -6.153  -6.007   0
  18.27688408  -7.182  -6.396  -6.233  -6.095   0
  18.27758026  -7.245  -6.493  -6.338  -6.209   0
  18.27862358  -7.329  -6.633  -6.487  -6.373   0
  18.27966690  -7.425  -6.775  -6.645  -6.550   0
  18.28071022  -7.523  -6.905  -6.792  -6.721   0
  18.28175354  -7.589  -7.061  -6.954  -6.893   0
  18.28279686  -7.654  -7.212  -7.115  -7.066   0
  18.28384018  -7.715  -7.349  -7.264  -7.234   0
  18.28488159  -7.773  -7.451  -7.384  -7.380   0
  18.28592491  -7.795  -7.503  -7.450  -7.465   0
  18.28740311  -7.847  -7.580  -7.531  -7.553   0
  18.29105186  -7.889  -7.636  -7.590  -7.616   2
  18.31154060  -7.833  -7.510  -7.441  -7.434   0
  18.32142830  -7.785  -7.421  -7.336  -7.306   0
  18.32796097  -7.740  -7.284  -7.184  -7.132   0
  18.33122253  -7.672  -7.108  -6.999  -6.934   0
  18.33433914  -7.622  -6.978  -6.865  -6.792   0
  18.33738136  -7.555  -6.903  -6.775  -6.685   0
  18.34063721  -7.503  -6.841  -6.702  -6.598   0
  18.34374619  -7.471  -6.787  -6.644  -6.533   0
  18.34685326  -7.447  -6.744  -6.597  -6.482   0
  18.35335350  -7.404  -6.668  -6.516  -6.392   0
  18.35955429  -7.368  -6.606  -6.449  -6.318   0
  18.36582184  -7.340  -6.556  -6.395  -6.259   0
  18.37509727  -7.298  -6.488  -6.322  -6.178   0
  18.38435745  -7.261  -6.432  -6.261  -6.111   0
  18.39331245  -7.229  -6.385  -6.209  -6.054   0
  18.40518188  -7.191  -6.330  -6.149  -5.987   0
  18.41794777  -7.140  -6.281  -6.092  -5.921   0
  18.43345070  -7.089  -6.228  -6.032  -5.850   0
  18.45244408  -7.056  -6.185  -5.984  -5.796   0
  18.47552299  -7.029  -6.140  -5.936  -5.743   0
  18.50899506  -7.007  -6.103  -5.895  -5.698   0
  18.56608582  -6.997  -6.082  -5.871  -5.672   1
  18.71337509  -7.069  -6.176  -5.970  -5.776   0
  18.79434586  -7.122  -6.247  -6.045  -5.857   0
  18.86250687  -7.178  -6.317  -6.120  -5.938   0
  18.91665840  -7.244  -6.383  -6.194  -6.021   0
  18.96179962  -7.317  -6.451  -6.271  -6.111   0
  18.99911880  -7.366  -6.518  -6.344  -6.190   0
  19.03208733  -7.415  -6.586  -6.417  -6.270   0
  19.05933952  -7.456  -6.649  -6.484  -6.343   0
  19.08228493  -7.496  -6.714  -6.553  -6.418   0
  19.10128975  -7.536  -6.780  -6.624  -6.495   0
  19.11806679  -7.578  -6.851  -6.699  -6.577   0
  19.13220406  -7.620  -6.923  -6.778  -6.663   0
  19.14195251  -7.659  -6.989  -6.849  -6.743   0
  19.14970207  -7.706  -7.050  -6.919  -6.824   0
  19.15144157  -7.719  -7.064  -6.936  -6.845   0
  19.15571594  -7.768  -7.111  -6.994  -6.917   0
  19.15927696  -7.799  -7.162  -7.051  -6.981   0
  19.16212654  -7.819  -7.220  -7.110  -7.044   0
  19.16533089  -7.846  -7.305  -7.198  -7.136   0
  19.16755486  -7.869  -7.384  -7.280  -7.222   0
  19.16915894  -7.895  -7.461  -7.364  -7.318   0
  19.17075920  -7.937  -7.585  -7.502  -7.475   0
  19.17191696  -8.013  -7.719  -7.665  -7.680   0
  19.17289543  -8.040  -7.877  -7.841  -7.883   0
  19.17378426  -8.029  -8.036  -8.034  -8.126   0
  19.17440796  -7.973  -8.077  -8.118  -8.275   0
  19.17502975  -7.841  -8.047  -8.140  -8.394   3
  19.17556381  -7.700  -7.929  -8.117  -8.488   0
  19.17600822  -7.532  -7.758  -8.070  -8.568   0
  19.17645264  -7.298  -7.536  -7.989  -8.626   0
  19.17698669  -6.982  -7.273  -7.876  -8.649   0
  19.17734337  -6.722  -7.074  -7.782  -8.644   0
  19.17778778  -6.406  -6.846  -7.668  -8.619   0
  19.17858696  -5.929  -6.538  -7.519  -8.587   4
  19.17893028  -5.956  -6.600  -7.606  -8.693   0
  19.17953110  -6.056  -6.737  -7.770  -8.875   0
  19.18384933  -6.221  -6.953  -8.019  -9.149   0
  19.18585587  -6.257  -6.998  -8.070  -9.204   0
  19.18628120  -6.262  -7.005  -8.079  -9.214   0
