   0.15000001  13.866  12.831  11.475   9.866   0
   0.20000000  12.479  11.706  10.518   9.093   0
   0.25000000  11.712  11.016   9.894   8.550   0
   0.30000001  11.214  10.572   9.491   8.201   0
   0.34999999  10.780  10.185   9.138   7.894   0
   0.40000001  10.370   9.819   8.803   7.600   0
   0.44999999   9.886   9.394   8.414   7.259   0
   0.50000000   9.394   8.973   8.034   6.935   0
   0.55000001   8.771   8.466   7.589   6.565   0
   0.60000002   8.079   7.926   7.126   6.189   0
   0.69999999   6.803   6.917   6.289   5.503   0
   0.80000001   5.815   6.059   5.571   4.907   0
   0.89999998   5.081   5.340   4.943   4.378   0
   1.00000000   4.491   4.707   4.382   3.918   0
   1.10000002   4.001   4.137   3.880   3.532   0
   1.20000005   3.578   3.617   3.436   3.229   0
   1.29999995   3.215   3.201   3.095   3.002   0
   1.39999998   2.884   2.891   2.841   2.817   0
   1.50000000   2.589   2.659   2.648   2.664   0
   1.60000002   2.321   2.463   2.481   2.523   0
   1.70000005   2.091   2.301   2.341   2.402   0
   1.75000000   1.984   2.224   2.274   2.342   0
   1.79999995   1.881   2.151   2.209   2.283   0
   1.89999998   1.690   2.014   2.085   2.172   0
   2.00000000   1.519   1.888   1.970   2.067   0
   2.20000005   1.214   1.657   1.756   1.870   0
   2.36003351   0.994   1.484   1.594   1.719   0
   2.50000000   0.816   1.344   1.463   1.597   0
   3.00000000   0.269   0.897   1.040   1.200   0
   3.50000000  -0.181   0.517   0.679   0.857   0
   4.00000000  -0.568   0.185   0.363   0.556   0
   4.47635984  -0.897  -0.099   0.091   0.295   0
   4.50000000  -0.912  -0.112   0.078   0.283   0
   5.00000000  -1.215  -0.378  -0.177   0.038   0
   5.86866331  -1.692  -0.800  -0.584  -0.352   0
   6.00000000  -1.761  -0.861  -0.643  -0.409   0
   6.97765589  -2.255  -1.311  -1.078  -0.832   1
   7.00000000  -2.266  -1.321  -1.088  -0.841   0
   7.85448694  -2.674  -1.700  -1.458  -1.202   0
   8.56702328  -3.008  -2.013  -1.763  -1.501   0
   9.00000000  -3.223  -2.217  -1.964  -1.699   0
   9.69643593  -3.550  -2.529  -2.272  -2.003   0
  10.55832577  -3.997  -2.969  -2.709  -2.439   1
  11.20672131  -4.390  -3.367  -3.110  -2.844   0
  11.69681454  -4.746  -3.739  -3.489  -3.233   0
  11.89020157  -4.904  -3.906  -3.659  -3.407   0
  11.95932865  -4.961  -3.965  -3.719  -3.469   0
  12.00000000  -4.981  -3.980  -3.732  -3.480   0
  12.01568794  -4.988  -3.985  -3.737  -3.484   3
  12.04927063  -4.974  -3.941  -3.684  -3.419   0
  12.05408859  -4.988  -3.931  -3.667  -3.395   0
  12.05437374  -4.989  -3.931  -3.667  -3.394   0
  12.05637932  -4.980  -3.942  -3.683  -3.417   0
  12.05715656  -5.009  -3.986  -3.732  -3.472   0
  12.05830097  -5.091  -4.093  -3.846  -3.596   0
  12.05911827  -5.168  -4.189  -3.948  -3.707   0
  12.05993557  -5.254  -4.295  -4.062  -3.829   0
  12.06071281  -5.340  -4.402  -4.175  -3.952   0
  12.06148911  -5.428  -4.511  -4.292  -4.078   0
  12.06218433  -5.508  -4.612  -4.400  -4.196   0
  12.06287861  -5.591  -4.720  -4.515  -4.320   0
  12.06349182  -5.664  -4.818  -4.620  -4.434   0
  12.06410503  -5.741  -4.923  -4.733  -4.558   0
  12.06463623  -5.810  -5.017  -4.834  -4.669   0
  12.06516743  -5.884  -5.118  -4.944  -4.791   0
  12.06557655  -5.945  -5.205  -5.038  -4.894   0
  12.06602573  -6.009  -5.297  -5.139  -5.006   0
  12.06643391  -6.077  -5.395  -5.246  -5.126   0
  12.06684303  -6.145  -5.499  -5.359  -5.252   0
  12.06717014  -6.199  -5.583  -5.451  -5.355   0
  12.06753731  -6.258  -5.677  -5.554  -5.472   0
  12.06790543  -6.325  -5.797  -5.686  -5.619   0
  12.06827354  -6.382  -5.917  -5.815  -5.761   0
  12.06847763  -6.421  -6.000  -5.907  -5.863   0
  12.06880474  -6.474  -6.122  -6.039  -6.012   0
  12.06929493  -6.582  -6.303  -6.252  -6.271   0
  12.06978512  -6.621  -6.517  -6.486  -6.537   0
  12.07023430  -6.594  -6.667  -6.677  -6.791   0
  12.07072449  -6.426  -6.635  -6.742  -7.007   3
  12.07121468  -6.125  -6.314  -6.666  -7.200   0
  12.07170486  -5.471  -5.752  -6.438  -7.289   0
  12.07211304  -4.995  -5.413  -6.266  -7.246   0
  12.07268524  -4.821  -5.364  -6.317  -7.368   0
  12.07317638  -4.846  -5.444  -6.437  -7.517   0
  12.07534409  -4.863  -5.482  -6.490  -7.580   2
  12.11134052  -5.005  -5.541  -6.481  -7.522   0
  12.12504673  -5.659  -5.981  -6.697  -7.570   0
  12.12759590  -6.333  -6.532  -6.907  -7.467   0
  12.12886906  -6.529  -6.746  -6.961  -7.356   0
  12.13113689  -6.713  -6.908  -6.979  -7.195   3
  12.13364220  -6.811  -6.916  -6.934  -7.065   0
  12.13606644  -6.854  -6.866  -6.865  -6.959   0
  12.13872719  -6.851  -6.820  -6.798  -6.860   0
  12.14138699  -6.856  -6.758  -6.728  -6.780   0
  12.14654064  -6.853  -6.653  -6.613  -6.649   0
  12.15157032  -6.836  -6.569  -6.520  -6.542   0
  12.15659332  -6.813  -6.500  -6.442  -6.450   0
  12.16405582  -6.756  -6.424  -6.346  -6.326   0
  12.17138767  -6.721  -6.341  -6.253  -6.219   0
  12.17862701  -6.691  -6.265  -6.171  -6.126   0
  12.18699074  -6.658  -6.189  -6.086  -6.031   0
  12.19799900  -6.622  -6.099  -5.990  -5.926   0
  12.20936680  -6.586  -6.015  -5.900  -5.827   0
  12.22295761  -6.546  -5.934  -5.811  -5.729   0
  12.23933029  -6.496  -5.859  -5.726  -5.629   0
  12.25783443  -6.454  -5.785  -5.644  -5.536   0
  12.28108501  -6.409  -5.710  -5.561  -5.442   0
  12.31120491  -6.366  -5.637  -5.481  -5.351   0
  12.36507797  -6.334  -5.578  -5.415  -5.275   0
  12.38219166  -6.332  -5.571  -5.406  -5.265   1
  12.45475578  -6.431  -5.699  -5.543  -5.413   0
  12.48057938  -6.502  -5.799  -5.650  -5.531   0
  12.49983406  -6.568  -5.896  -5.756  -5.648   0
  12.51531887  -6.633  -5.995  -5.864  -5.769   0
  12.52776814  -6.702  -6.091  -5.971  -5.892   0
  12.53635693  -6.750  -6.183  -6.070  -6.000   0
  12.54342937  -6.794  -6.279  -6.171  -6.109   0
  12.55007553  -6.841  -6.383  -6.282  -6.230   0
  12.55470467  -6.884  -6.474  -6.382  -6.342   0
  12.55863380  -6.925  -6.573  -6.490  -6.463   0
  12.56144905  -6.978  -6.656  -6.590  -6.585   0
  12.56338501  -7.019  -6.728  -6.676  -6.691   0
  12.56488228  -7.041  -6.805  -6.761  -6.792   0
  12.56593990  -7.046  -6.873  -6.835  -6.876   0
  12.56677723  -7.042  -6.939  -6.908  -6.959   0
  12.56739426  -7.030  -6.994  -6.969  -7.030   0
  12.56787872  -7.025  -7.021  -7.012  -7.095   0
  12.56827545  -7.009  -7.043  -7.049  -7.156   0
  12.56862831  -6.966  -7.061  -7.080  -7.210   0
  12.56902504  -6.897  -7.053  -7.097  -7.271   3
  12.56933403  -6.810  -7.011  -7.095  -7.331   0
  12.56959820  -6.705  -6.923  -7.074  -7.396   0
  12.56977463  -6.618  -6.835  -7.051  -7.447   0
  12.57003975  -6.447  -6.649  -6.995  -7.524   0
  12.57030392  -6.234  -6.443  -6.918  -7.578   0
  12.57056904  -5.926  -6.190  -6.812  -7.608   0
  12.57078934  -5.596  -5.950  -6.707  -7.611   0
  12.57105446  -5.334  -5.771  -6.625  -7.604   4
  12.57191181  -5.123  -5.702  -6.672  -7.735   0
  12.57491112  -5.049  -5.720  -6.764  -7.879   0
  12.57658672  -5.086  -5.810  -6.887  -8.028   0
  12.57892227  -5.130  -5.898  -7.003  -8.164   0
  12.58207607  -5.169  -5.989  -7.126  -8.309   0
