   0.15000001  13.866  12.832  11.475   9.866   0
   0.20000000  12.479  11.706  10.518   9.093   0
   0.25000000  11.712  11.016   9.894   8.550   0
   0.30000001  11.214  10.572   9.491   8.201   0
   0.34999999  10.780  10.185   9.138   7.894   0
   0.40000001  10.370   9.819   8.803   7.600   0
   0.44999999   9.886   9.394   8.414   7.259   0
   0.50000000   9.394   8.973   8.034   6.935   0
   0.55000001   8.771   8.466   7.589   6.565   0
   0.60000002   8.080   7.927   7.126   6.189   0
   0.69999999   6.804   6.918   6.290   5.503   0
   0.80000001   5.817   6.061   5.572   4.908   0
   0.89999998   5.082   5.341   4.944   4.380   0
   1.00000000   4.493   4.710   4.384   3.920   0
   1.10000002   4.003   4.139   3.883   3.534   0
   1.20000005   3.581   3.619   3.439   3.232   0
   1.29999995   3.217   3.203   3.098   3.005   0
   1.39999998   2.886   2.894   2.843   2.819   0
   1.50000000   2.591   2.662   2.651   2.668   0
   1.60000002   2.324   2.466   2.484   2.526   0
   1.70000005   2.095   2.305   2.346   2.407   0
   1.75000000   1.987   2.229   2.279   2.347   0
   1.79999995   1.885   2.156   2.214   2.289   0
   1.89999998   1.694   2.019   2.091   2.178   0
   2.00000000   1.522   1.894   1.976   2.074   0
   2.20000005   1.222   1.670   1.770   1.885   0
   2.50000000   0.827   1.361   1.481   1.617   0
   2.96689892   0.320   0.942   1.084   1.242   0
   3.00000000   0.287   0.916   1.059   1.218   0
   3.50000000  -0.155   0.543   0.706   0.884   0
   4.00000000  -0.535   0.219   0.397   0.590   0
   4.50000000  -0.870  -0.069   0.121   0.327   0
   5.00000000  -1.163  -0.325  -0.124   0.092   0
   5.76380634  -1.563  -0.676  -0.461  -0.231   0
   6.00000000  -1.678  -0.777  -0.559  -0.325   0
   7.00000000  -2.139  -1.191  -0.958  -0.709   0
   7.67551327  -2.424  -1.451  -1.210  -0.953   0
   9.00000000  -2.946  -1.931  -1.676  -1.405   0
   9.11640549  -2.988  -1.969  -1.713  -1.441   0
  11.32560444  -3.801  -2.725  -2.452  -2.164   0
  12.00000000  -4.054  -2.966  -2.690  -2.400   0
  12.86806774  -4.354  -3.253  -2.974  -2.682   0
  14.16996670  -4.836  -3.727  -3.448  -3.157   1
  15.00000000  -5.168  -4.068  -3.791  -3.504   0
  15.10484028  -5.206  -4.107  -3.831  -3.544   0
  16.01151466  -5.603  -4.526  -4.258  -3.983   0
  16.38252258  -5.792  -4.728  -4.465  -4.196   0
  16.56962204  -5.883  -4.824  -4.563  -4.296   0
  16.64456558  -5.905  -4.839  -4.576  -4.308   3
  16.69712448  -5.888  -4.799  -4.530  -4.254   0
  16.70463943  -5.885  -4.779  -4.504  -4.221   0
  16.70556831  -5.885  -4.778  -4.502  -4.218   0
  16.70935059  -5.908  -4.816  -4.546  -4.269   0
  16.71051598  -5.945  -4.865  -4.599  -4.326   0
  16.71185684  -6.008  -4.946  -4.684  -4.418   0
  16.71303177  -6.061  -5.023  -4.768  -4.510   0
  16.71420670  -6.134  -5.115  -4.867  -4.618   0
  16.71512794  -6.212  -5.205  -4.965  -4.725   0
  16.71613503  -6.288  -5.301  -5.068  -4.838   0
  16.71697426  -6.355  -5.389  -5.162  -4.941   0
  16.71789551  -6.428  -5.485  -5.266  -5.054   0
  16.71856689  -6.491  -5.567  -5.353  -5.150   0
  16.71940422  -6.558  -5.659  -5.452  -5.257   0
  16.72015953  -6.622  -5.752  -5.552  -5.364   0
  16.72074699  -6.680  -5.828  -5.634  -5.456   0
  16.72141647  -6.757  -5.913  -5.729  -5.563   0
  16.72192001  -6.808  -5.984  -5.807  -5.649   0
  16.72258949  -6.875  -6.080  -5.911  -5.764   0
  16.72326088  -6.945  -6.182  -6.021  -5.886   0
  16.72384644  -7.006  -6.270  -6.117  -5.993   0
  16.72451782  -7.082  -6.398  -6.255  -6.144   0
  16.72552299  -7.212  -6.576  -6.455  -6.373   0
  16.72652817  -7.316  -6.785  -6.677  -6.614   0
  16.72753334  -7.414  -6.999  -6.907  -6.865   0
  16.72853851  -7.524  -7.203  -7.137  -7.133   0
  16.72954369  -7.601  -7.397  -7.356  -7.392   0
  16.73054886  -7.604  -7.580  -7.561  -7.628   0
  16.73155403  -7.552  -7.645  -7.673  -7.811   0
  16.73255920  -7.424  -7.611  -7.670  -7.874   0
  16.73398209  -7.457  -7.657  -7.742  -7.982   0
  16.73749924  -7.504  -7.710  -7.801  -8.051   2
  16.75901604  -7.576  -7.738  -7.788  -7.973   0
  16.76939774  -7.641  -7.742  -7.777  -7.925   0
  16.77625656  -7.737  -7.711  -7.691  -7.757   0
  16.77968216  -7.723  -7.470  -7.424  -7.450   0
  16.78295326  -7.634  -7.305  -7.230  -7.215   0
  16.78614616  -7.570  -7.175  -7.085  -7.048   0
  16.78956604  -7.521  -7.068  -6.969  -6.917   0
  16.79283142  -7.488  -6.987  -6.882  -6.823   0
  16.79609489  -7.463  -6.921  -6.813  -6.749   0
  16.80291748  -7.420  -6.810  -6.697  -6.626   0
  16.80942917  -7.374  -6.730  -6.609  -6.527   0
  16.81600761  -7.322  -6.671  -6.539  -6.442   0
  16.82574844  -7.267  -6.586  -6.444  -6.334   0
  16.83547020  -7.226  -6.513  -6.364  -6.246   0
  16.84487152  -7.192  -6.451  -6.297  -6.172   0
  16.85733032  -7.151  -6.378  -6.219  -6.086   0
  16.87073326  -7.109  -6.314  -6.149  -6.008   0
  16.88700867  -7.065  -6.247  -6.076  -5.926   0
  16.90694618  -7.024  -6.185  -6.009  -5.852   0
  16.93116951  -6.981  -6.126  -5.943  -5.777   0
  16.96630096  -6.928  -6.072  -5.880  -5.704   0
  17.02621269  -6.905  -6.045  -5.848  -5.665   1
  17.14732742  -6.997  -6.141  -5.952  -5.781   0
  17.21391487  -7.074  -6.220  -6.040  -5.879   0
  17.26997185  -7.132  -6.296  -6.122  -5.968   0
  17.31450844  -7.187  -6.371  -6.202  -6.056   0
  17.35163689  -7.241  -6.446  -6.283  -6.144   0
  17.38233185  -7.288  -6.520  -6.362  -6.230   0
  17.40945053  -7.335  -6.598  -6.445  -6.321   0
  17.43186569  -7.378  -6.669  -6.521  -6.403   0
  17.45074081  -7.424  -6.745  -6.604  -6.495   0
  17.46637344  -7.474  -6.819  -6.686  -6.587   0
  17.48017502  -7.539  -6.888  -6.768  -6.687   0
  17.49180222  -7.589  -6.967  -6.856  -6.786   0
  17.49982071  -7.618  -7.046  -6.936  -6.871   0
  17.50619698  -7.647  -7.121  -7.014  -6.953   0
  17.50762558  -7.653  -7.140  -7.034  -6.974   0
  17.51166534  -7.679  -7.210  -7.108  -7.053   0
  17.51503181  -7.708  -7.273  -7.177  -7.130   0
  17.51772308  -7.735  -7.335  -7.244  -7.206   0
  17.52075195  -7.769  -7.421  -7.339  -7.312   0
  17.52285385  -7.809  -7.485  -7.416  -7.409   0
  17.52436829  -7.843  -7.544  -7.489  -7.502   0
  17.52588081  -7.861  -7.641  -7.599  -7.632   0
  17.52697563  -7.857  -7.755  -7.724  -7.776   0
  17.52789879  -7.845  -7.842  -7.835  -7.919   0
  17.52873993  -7.795  -7.891  -7.927  -8.077   0
  17.52932930  -7.696  -7.886  -7.955  -8.173   3
  17.52991676  -7.571  -7.794  -7.941  -8.264   0
  17.53042221  -7.443  -7.668  -7.910  -8.336   0
  17.53084183  -7.294  -7.516  -7.864  -8.396   0
  17.53126335  -7.095  -7.330  -7.793  -8.439   0
  17.53176689  -6.815  -7.096  -7.691  -8.458   0
  17.53210258  -6.567  -6.903  -7.600  -8.454   0
  17.53252220  -6.244  -6.670  -7.483  -8.427   0
  17.53327942  -5.801  -6.383  -7.343  -8.397   4
  17.53373718  -5.773  -6.420  -7.432  -8.523   0
  17.53454018  -5.847  -6.537  -7.580  -8.694   0
  17.54031372  -5.970  -6.712  -7.792  -8.932   0
  17.54299736  -6.014  -6.779  -7.872  -9.023   0
  17.54356766  -6.017  -6.787  -7.884  -9.036   0
