   0.15000001  13.862  12.829  11.473   9.865   0
   0.20000000  12.476  11.703  10.515   9.090   0
   0.25000000  11.709  11.014   9.891   8.548   0
   0.30000001  11.210  10.569   9.488   8.198   0
   0.34999999  10.777  10.182   9.135   7.892   0
   0.40000001  10.367   9.816   8.800   7.597   0
   0.44999999   9.880   9.388   8.409   7.254   0
   0.50000000   9.385   8.965   8.027   6.929   0
   0.55000001   8.757   8.454   7.578   6.556   0
   0.60000002   8.060   7.910   7.112   6.177   0
   0.69999999   6.770   6.888   6.263   5.478   0
   0.80000001   5.767   6.012   5.528   4.868   0
   0.82004046   5.602   5.855   5.393   4.754   0
   0.89999998   5.024   5.281   4.889   4.331   0
   1.00000000   4.428   4.638   4.318   3.862   0
   1.10000002   3.926   4.051   3.801   3.463   0
   1.19217718   3.531   3.565   3.386   3.181   0
   1.20000005   3.500   3.527   3.354   3.159   0
   1.28785443   3.170   3.153   3.047   2.952   0
   1.29999995   3.126   3.105   3.008   2.926   0
   1.33847952   2.990   2.979   2.904   2.849   0
   1.39999998   2.779   2.792   2.749   2.731   0
   1.50000000   2.461   2.541   2.537   2.558   0
   1.59818864   2.175   2.327   2.351   2.396   0
   1.60000002   2.170   2.323   2.348   2.393   0
   1.62718105   2.096   2.268   2.299   2.349   0
   1.70000005   1.906   2.125   2.172   2.234   0
   1.75000000   1.783   2.032   2.087   2.156   0
   1.79999995   1.661   1.938   2.001   2.076   0
   1.84289563   1.560   1.859   1.928   2.008   0
   1.89999998   1.426   1.752   1.827   1.914   0
   1.98140430   1.245   1.604   1.688   1.782   0
   2.00000000   1.203   1.570   1.655   1.750   0
   2.10996532   0.963   1.363   1.456   1.558   0
   2.20000005   0.763   1.184   1.283   1.389   0
   2.20907736   0.744   1.167   1.266   1.373   0
   2.30483270   0.536   0.975   1.079   1.188   0
   2.38644743   0.352   0.799   0.906   1.016   0
   2.45674634   0.185   0.634   0.742   0.852   0
   2.50000000   0.077   0.524   0.632   0.740   1
   2.51972103   0.029   0.475   0.583   0.692   0
   2.57446027  -0.111   0.328   0.436   0.541   0
   2.62230754  -0.241   0.187   0.293   0.395   0
   2.66514349  -0.364   0.051   0.155   0.253   0
   2.68480921  -0.422  -0.014   0.090   0.186   0
   2.70326400  -0.477  -0.073   0.030   0.125   0
   2.71228123  -0.504  -0.099   0.004   0.099   0
   2.72410727  -0.536  -0.123  -0.017   0.079   3
   2.73070574  -0.548  -0.118  -0.010   0.091   0
   2.73521566  -0.551  -0.086   0.029   0.139   0
   2.73649716  -0.558  -0.065   0.056   0.174   0
   2.73724031  -0.579  -0.055   0.073   0.198   0
   2.73731875  -0.571  -0.050   0.077   0.202   0
   2.73760962  -0.545  -0.058   0.061   0.177   0
   2.73795056  -0.637  -0.184  -0.070   0.036   0
   2.73845100  -0.757  -0.338  -0.231  -0.135   0
   2.73916674  -0.858  -0.483  -0.384  -0.301   0
   2.73991036  -0.930  -0.600  -0.509  -0.438   0
   2.74080062  -1.001  -0.726  -0.645  -0.589   0
   2.74154353  -1.051  -0.828  -0.757  -0.714   0
   2.74234247  -1.099  -0.941  -0.882  -0.856   0
   2.74289155  -1.125  -1.020  -0.973  -0.961   0
   2.74339318  -1.137  -1.089  -1.056  -1.061   0
   2.74389720  -1.135  -1.153  -1.140  -1.169   0
   2.74440360  -1.113  -1.200  -1.217  -1.283   0
   2.74491239  -1.065  -1.203  -1.269  -1.402   0
   2.74516654  -1.032  -1.177  -1.280  -1.465   3
   2.74541783  -0.992  -1.118  -1.277  -1.529   0
   2.74567199  -0.941  -1.025  -1.246  -1.586   0
   2.74592590  -0.871  -0.905  -1.196  -1.639   0
   2.74617982  -0.767  -0.754  -1.127  -1.682   0
   2.74643350  -0.635  -0.599  -1.048  -1.693   0
   2.74693799  -0.359  -0.329  -0.871  -1.614   0
   2.74718022  -0.238  -0.226  -0.806  -1.581   4
   2.74765396  -0.272  -0.292  -0.918  -1.734   0
   2.74808478  -0.373  -0.411  -1.058  -1.891   0
   2.74873924  -0.460  -0.519  -1.183  -2.030   0
   2.74943662  -0.547  -0.626  -1.305  -2.163   0
   2.75014877  -0.630  -0.726  -1.418  -2.286   0
   2.75078511  -0.684  -0.789  -1.488  -2.362   0
   2.75335097  -0.625  -0.717  -1.406  -2.272   0
   2.76460409  -0.556  -0.625  -1.294  -2.146   0
   2.78455520  -0.547  -0.590  -1.232  -2.061   0
   2.79033136  -0.553  -0.592  -1.227  -2.049   4
   2.80817366  -0.834  -0.843  -1.405  -2.164   0
   2.81749296  -1.069  -1.065  -1.550  -2.234   0
   2.82533479  -1.280  -1.293  -1.673  -2.237   0
   2.83047628  -1.383  -1.428  -1.744  -2.225   0
   2.83427429  -1.445  -1.516  -1.790  -2.212   0
   2.83800793  -1.498  -1.594  -1.829  -2.196   0
   2.84234810  -1.554  -1.676  -1.867  -2.176   0
   2.84741497  -1.611  -1.761  -1.904  -2.152   0
   2.85323453  -1.672  -1.827  -1.929  -2.123   0
   2.86081719  -1.740  -1.891  -1.950  -2.089   0
   2.87030935  -1.815  -1.940  -1.965  -2.056   0
   2.88243914  -1.891  -1.968  -1.971  -2.033   0
   2.90274572  -1.992  -2.023  -2.007  -2.046   0
   2.90532947  -2.005  -2.030  -2.012  -2.050   1
   2.92109799  -2.061  -2.124  -2.119  -2.174   0
   2.92760944  -2.071  -2.176  -2.190  -2.269   0
   2.93100262  -2.064  -2.201  -2.236  -2.348   0
   2.93580508  -2.041  -2.206  -2.289  -2.468   0
   2.93917966  -2.031  -2.198  -2.307  -2.522   0
   2.93990946  -2.026  -2.193  -2.312  -2.539   3
   2.94048667  -1.999  -2.153  -2.308  -2.580   0
   2.94088101  -1.968  -2.100  -2.300  -2.625   0
   2.94122863  -1.927  -2.029  -2.278  -2.671   0
   2.94157100  -1.859  -1.926  -2.241  -2.722   0
   2.94197035  -1.666  -1.687  -2.137  -2.783   0
   2.94223022  -1.380  -1.416  -1.976  -2.734   0
   2.94229460  -1.272  -1.318  -1.905  -2.686   0
   2.94244170  -1.091  -1.167  -1.821  -2.661   4
   2.94252229  -1.136  -1.260  -1.958  -2.832   0
   2.94346762  -1.330  -1.516  -2.265  -3.177   0
   2.94392276  -1.462  -1.683  -2.463  -3.398   0
   2.94426298  -1.578  -1.842  -2.652  -3.609   0
   2.94460273  -1.677  -2.000  -2.847  -3.832   0
   2.94483018  -1.738  -2.094  -2.963  -3.962   0
   2.94517231  -1.822  -2.223  -3.121  -4.140   0
   2.94552922  -1.911  -2.362  -3.294  -4.337   0
   2.94578815  -1.976  -2.469  -3.429  -4.491   0
   2.94602990  -2.041  -2.580  -3.571  -4.655   0
   2.94624233  -2.088  -2.686  -3.710  -4.818   0
   2.94642782  -2.122  -2.784  -3.844  -4.979   0
   2.94662094  -2.152  -2.893  -3.999  -5.167   0
   2.94677210  -2.177  -2.987  -4.135  -5.332   0
   2.94689894  -2.197  -3.076  -4.266  -5.493   0
   2.94702101  -2.203  -3.164  -4.402  -5.665   0
   2.94716001  -2.189  -3.261  -4.560  -5.872   0
   2.94728446  -2.159  -3.347  -4.712  -6.078   0
   2.94735765  -2.164  -3.347  -4.709  -6.072   0
   2.94744802  -2.186  -3.310  -4.638  -5.974   1
   2.94752836  -2.169  -3.341  -4.698  -6.056   0
   2.94757724  -2.141  -3.405  -4.814  -6.215   0
   2.94757962  -2.140  -3.407  -4.818  -6.221   0
   2.94761705  -2.136  -3.420  -4.840  -6.251   0
   2.94765449  -2.133  -3.432  -4.862  -6.281   0
   2.94769168  -2.129  -3.444  -4.884  -6.310   0
   2.94772911  -2.125  -3.456  -4.906  -6.340   0
   2.94776630  -2.120  -3.469  -4.928  -6.369   0
   2.94780374  -2.116  -3.480  -4.949  -6.399   0
   2.94784117  -2.111  -3.492  -4.971  -6.429   0
   2.94787860  -2.106  -3.504  -4.993  -6.458   0
   2.94791555  -2.102  -3.516  -5.014  -6.488   0
   2.94795251  -2.097  -3.526  -5.033  -6.514   0
   2.94798923  -2.095  -3.529  -5.039  -6.524   0
   2.94802618  -2.093  -3.533  -5.046  -6.533   0
   2.94805574  -2.092  -3.535  -5.051  -6.541   0
   2.94809246  -2.090  -3.538  -5.057  -6.550   0
   2.94812942  -2.088  -3.542  -5.063  -6.558   0
   2.94816613  -2.086  -3.545  -5.069  -6.567   0
   2.94824934  -2.083  -3.550  -5.080  -6.583   0
   2.94837046  -2.078  -3.558  -5.095  -6.604   0
   2.94849086  -2.073  -3.565  -5.110  -6.626   0
   2.94861054  -2.068  -3.572  -5.124  -6.647   0
   2.94872952  -2.063  -3.579  -5.139  -6.668   0
   2.94884777  -2.067  -3.591  -5.154  -6.688   0
   2.94896555  -2.071  -3.602  -5.170  -6.708   0
   2.94908309  -2.075  -3.613  -5.185  -6.727   0
   2.94919968  -2.078  -3.624  -5.200  -6.746   0
   2.94931602  -2.082  -3.635  -5.215  -6.765   0
   2.94943213  -2.085  -3.645  -5.229  -6.784   0
   2.94954777  -2.088  -3.655  -5.243  -6.802   0
   2.94966316  -2.091  -3.665  -5.257  -6.819   0
   2.94977832  -2.094  -3.674  -5.270  -6.836   0
   2.94989347  -2.096  -3.683  -5.282  -6.852   0
   2.95000863  -2.099  -3.693  -5.295  -6.868   0
   2.95012379  -2.102  -3.702  -5.308  -6.885   0
   2.95023918  -2.104  -3.711  -5.320  -6.901   0
   2.95035458  -2.107  -3.720  -5.333  -6.917   0
   2.95047021  -2.109  -3.728  -5.345  -6.933   0
   2.95058656  -2.112  -3.737  -5.358  -6.949   0
   2.95070338  -2.114  -3.746  -5.370  -6.965   0
   2.95082116  -2.116  -3.755  -5.382  -6.981   0
   2.95096946  -2.119  -3.765  -5.398  -7.001   0
   2.95111966  -2.121  -3.776  -5.413  -7.021   0
   2.95127201  -2.124  -3.787  -5.428  -7.041   0
   2.95142436  -2.126  -3.797  -5.444  -7.061   0
   2.95156956  -2.128  -3.807  -5.458  -7.079   0
   2.95173430  -2.130  -3.818  -5.474  -7.100   0
   2.95188975  -2.132  -3.828  -5.488  -7.120   0
   2.95203686  -2.134  -3.838  -5.502  -7.138   0
   2.95219874  -2.135  -3.848  -5.517  -7.157   0
   2.95235157  -2.136  -3.857  -5.531  -7.176   0
   2.95251608  -2.137  -3.866  -5.545  -7.195   0
   2.95267057  -2.137  -3.875  -5.558  -7.213   0
   2.95284486  -2.131  -3.878  -5.567  -7.227   0
   2.95295143  -2.117  -3.872  -5.564  -7.228   0
   2.95299816  -2.101  -3.859  -5.554  -7.220   0
   2.95301938  -2.079  -3.841  -5.537  -7.205   2
   2.95302916  -2.052  -3.811  -5.506  -7.176   0
   2.95303297  -2.032  -3.791  -5.484  -7.155   0
   2.95303607  -2.021  -3.779  -5.471  -7.143   0
