   0.15000001  13.863  12.829  11.474   9.865   0
   0.20000000  12.477  11.704  10.516   9.091   0
   0.25000000  11.710  11.014   9.892   8.548   0
   0.30000001  11.211  10.570   9.488   8.199   0
   0.34999999  10.777  10.183   9.136   7.892   0
   0.40000001  10.368   9.816   8.801   7.598   0
   0.44999999   9.881   9.390   8.410   7.255   0
   0.50000000   9.387   8.967   8.029   6.930   0
   0.55000001   8.760   8.457   7.580   6.558   0
   0.60000002   8.064   7.914   7.115   6.180   0
   0.69999999   6.777   6.894   6.268   5.484   0
   0.80000001   5.777   6.022   5.538   4.877   0
   0.86715913   5.252   5.516   5.098   4.506   0
   0.89999998   5.032   5.289   4.896   4.337   0
   1.00000000   4.438   4.649   4.328   3.871   0
   1.10000002   3.938   4.066   3.814   3.474   0
   1.20000005   3.516   3.546   3.371   3.172   0
   1.29999995   3.145   3.126   3.027   2.940   0
   1.39999998   2.803   2.814   2.769   2.749   0
   1.47603810   2.563   2.621   2.607   2.620   0
   1.50000000   2.492   2.569   2.562   2.582   0
   1.51496410   2.448   2.536   2.534   2.558   0
   1.60000002   2.207   2.356   2.380   2.424   0
   1.68677950   1.983   2.190   2.233   2.293   0
   1.70000005   1.951   2.167   2.212   2.274   0
   1.75000000   1.834   2.080   2.133   2.202   0
   1.79999995   1.717   1.992   2.053   2.128   0
   1.89999998   1.494   1.820   1.894   1.980   0
   1.99898469   1.290   1.658   1.743   1.839   1
   2.00000000   1.288   1.657   1.741   1.837   0
   2.00690222   1.274   1.645   1.730   1.827   0
   2.17441368   0.939   1.365   1.464   1.572   0
   2.20000005   0.887   1.321   1.421   1.531   0
   2.31106496   0.677   1.137   1.245   1.361   0
   2.43613434   0.438   0.922   1.036   1.157   0
   2.50000000   0.313   0.806   0.922   1.044   0
   2.54626179   0.226   0.725   0.843   0.966   0
   2.64138842   0.040   0.546   0.667   0.792   0
   2.72307801  -0.128   0.380   0.502   0.626   0
   2.79337168  -0.281   0.225   0.347   0.470   1
   2.85405564  -0.423   0.077   0.198   0.318   0
   2.90709925  -0.555  -0.065   0.055   0.171   0
   2.95458722  -0.678  -0.201  -0.083   0.030   0
   2.97638893  -0.738  -0.267  -0.149  -0.039   0
   2.99684787  -0.794  -0.326  -0.210  -0.100   0
   3.00000000  -0.803  -0.335  -0.218  -0.109   0
   3.00731158  -0.822  -0.354  -0.237  -0.127   0
   3.02204275  -0.855  -0.378  -0.259  -0.148   3
   3.02954912  -0.865  -0.373  -0.251  -0.135   0
   3.03471208  -0.863  -0.339  -0.211  -0.086   0
   3.03619289  -0.867  -0.316  -0.182  -0.050   0
   3.03703618  -0.883  -0.305  -0.164  -0.025   0
   3.03714418  -0.874  -0.299  -0.159  -0.021   0
   3.03743052  -0.844  -0.297  -0.163  -0.032   0
   3.03788543  -0.947  -0.436  -0.310  -0.190   0
   3.03843546  -1.071  -0.591  -0.471  -0.361   0
   3.03918195  -1.176  -0.735  -0.622  -0.524   0
   3.03993392  -1.252  -0.850  -0.745  -0.657   0
   3.04080343  -1.327  -0.971  -0.874  -0.800   0
   3.04152703  -1.383  -1.069  -0.980  -0.917   0
   3.04229498  -1.436  -1.174  -1.095  -1.045   0
   3.04309678  -1.488  -1.290  -1.222  -1.190   0
   3.04363489  -1.518  -1.372  -1.315  -1.296   0
   3.04417109  -1.541  -1.455  -1.412  -1.410   0
   3.04470682  -1.546  -1.537  -1.512  -1.533   0
   3.04523659  -1.521  -1.599  -1.605  -1.663   0
   3.04550409  -1.495  -1.616  -1.644  -1.731   0
   3.04577160  -1.463  -1.606  -1.667  -1.801   0
   3.04603887  -1.422  -1.569  -1.677  -1.872   3
   3.04630065  -1.368  -1.492  -1.664  -1.943   0
   3.04656768  -1.298  -1.373  -1.623  -2.008   0
   3.04687285  -1.174  -1.185  -1.540  -2.071   0
   3.04699826  -1.101  -1.094  -1.497  -2.088   0
   3.04715610  -1.009  -0.989  -1.443  -2.094   0
   3.04740667  -0.855  -0.840  -1.354  -2.067   0
   3.04771161  -0.668  -0.668  -1.237  -2.003   0
   3.04791284  -0.585  -0.598  -1.197  -1.989   4
   3.04824471  -0.630  -0.671  -1.309  -2.135   0
   3.04859805  -0.729  -0.795  -1.457  -2.303   0
   3.04928207  -0.822  -0.916  -1.602  -2.465   0
   3.05008245  -0.917  -1.032  -1.734  -2.611   0
   3.05070591  -0.960  -1.082  -1.790  -2.672   0
   3.06159234  -0.885  -0.986  -1.676  -2.544   0
   3.09253240  -0.912  -0.973  -1.623  -2.459   4
   3.10880446  -1.144  -1.180  -1.768  -2.550   0
   3.11650324  -1.367  -1.380  -1.896  -2.611   0
   3.12223649  -1.537  -1.546  -1.986  -2.621   0
   3.12565136  -1.629  -1.654  -2.040  -2.611   0
   3.12925100  -1.711  -1.758  -2.091  -2.595   0
   3.13305950  -1.782  -1.858  -2.140  -2.576   0
   3.13710523  -1.840  -1.944  -2.181  -2.555   0
   3.14177513  -1.897  -2.029  -2.219  -2.532   0
   3.14701724  -1.955  -2.113  -2.253  -2.504   0
   3.15298939  -2.017  -2.180  -2.276  -2.469   0
   3.15949225  -2.077  -2.233  -2.291  -2.433   0
   3.16620541  -2.134  -2.264  -2.293  -2.395   3
   3.17400765  -2.189  -2.277  -2.283  -2.353   0
   3.18357921  -2.245  -2.285  -2.271  -2.315   0
   3.19813085  -2.308  -2.290  -2.260  -2.287   0
   3.21860671  -2.382  -2.321  -2.280  -2.296   0
   3.23761582  -2.451  -2.431  -2.400  -2.429   0
   3.24310422  -2.467  -2.485  -2.465  -2.505   0
   3.24692106  -2.472  -2.532  -2.525  -2.582   0
   3.24920321  -2.465  -2.564  -2.572  -2.649   0
   3.25545764  -2.428  -2.598  -2.660  -2.815   0
   3.25607586  -2.395  -2.568  -2.667  -2.872   0
   3.25650072  -2.360  -2.524  -2.666  -2.926   0
   3.25684261  -2.315  -2.455  -2.654  -2.982   0
   3.25707459  -2.269  -2.381  -2.629  -3.023   0
   3.25724959  -2.219  -2.307  -2.602  -3.058   0
   3.25737667  -2.160  -2.223  -2.566  -3.086   0
   3.25749469  -2.081  -2.126  -2.523  -3.108   0
   3.25762153  -1.945  -1.980  -2.452  -3.121   0
   3.25776148  -1.731  -1.776  -2.330  -3.081   0
   3.25779223  -1.670  -1.722  -2.293  -3.059   0
   3.25792265  -1.430  -1.505  -2.140  -2.964   4
   3.25802875  -1.372  -1.501  -2.198  -3.069   0
   3.25809169  -1.469  -1.635  -2.364  -3.260   0
   3.25884962  -1.592  -1.799  -2.562  -3.484   0
   3.25927901  -1.695  -1.933  -2.723  -3.666   0
   3.25971341  -1.784  -2.064  -2.882  -3.845   0
   3.26003671  -1.854  -2.171  -3.013  -3.992   0
   3.26036477  -1.918  -2.277  -3.146  -4.144   0
   3.26068783  -1.981  -2.374  -3.265  -4.280   0
   3.26112223  -2.064  -2.503  -3.424  -4.460   0
   3.26144528  -2.130  -2.605  -3.552  -4.604   0
   3.26177788  -2.197  -2.716  -3.693  -4.767   0
   3.26211548  -2.257  -2.839  -3.852  -4.952   0
   3.26240969  -2.298  -2.953  -4.008  -5.138   0
   3.26265526  -2.327  -3.056  -4.155  -5.317   0
   3.26286745  -2.353  -3.157  -4.301  -5.494   0
   3.26301694  -2.372  -3.236  -4.416  -5.635   0
   3.26314235  -2.385  -3.309  -4.525  -5.770   0
   3.26327229  -2.380  -3.381  -4.641  -5.920   0
   3.26337838  -2.373  -3.439  -4.736  -6.045   0
   3.26347470  -2.372  -3.487  -4.811  -6.142   0
   3.26356626  -2.367  -3.530  -4.882  -6.236   0
   3.26373005  -2.404  -3.425  -4.696  -5.984   0
   3.26373959  -2.409  -3.377  -4.619  -5.883   0
   3.26374936  -2.411  -3.352  -4.578  -5.831   1
   3.26377344  -2.406  -3.415  -4.679  -5.961   0
   3.26380706  -2.393  -3.471  -4.774  -6.088   0
   3.26384091  -2.377  -3.515  -4.853  -6.195   0
   3.26388431  -2.361  -3.560  -4.933  -6.304   0
   3.26394391  -2.357  -3.576  -4.961  -6.341   0
   3.26400352  -2.353  -3.592  -4.989  -6.379   0
   3.26406312  -2.349  -3.608  -5.016  -6.416   0
   3.26412296  -2.344  -3.624  -5.044  -6.453   0
   3.26418257  -2.340  -3.640  -5.072  -6.491   0
   3.26424217  -2.334  -3.655  -5.100  -6.529   0
   3.26429009  -2.330  -3.668  -5.122  -6.559   0
   3.26434970  -2.324  -3.682  -5.147  -6.594   0
   3.26440930  -2.320  -3.690  -5.163  -6.615   0
   3.26446915  -2.317  -3.697  -5.176  -6.633   0
   3.26466775  -2.311  -3.707  -5.195  -6.660   0
   3.26490092  -2.305  -3.718  -5.217  -6.690   0
   3.26513410  -2.298  -3.729  -5.238  -6.720   0
   3.26536822  -2.293  -3.739  -5.258  -6.749   0
   3.26560283  -2.287  -3.749  -5.277  -6.777   0
   3.26583862  -2.280  -3.759  -5.296  -6.804   0
   3.26607561  -2.282  -3.772  -5.317  -6.831   0
   3.26631427  -2.287  -3.787  -5.337  -6.858   0
   3.26655459  -2.292  -3.801  -5.357  -6.882   0
   3.26679754  -2.296  -3.815  -5.376  -6.907   0
   3.26704335  -2.301  -3.829  -5.395  -6.931   0
   3.26735425  -2.306  -3.845  -5.418  -6.960   0
   3.26766634  -2.311  -3.862  -5.441  -6.990   0
   3.26797962  -2.316  -3.878  -5.463  -7.019   0
   3.26829362  -2.320  -3.894  -5.486  -7.048   0
   3.26860213  -2.325  -3.910  -5.508  -7.076   0
   3.26889539  -2.329  -3.924  -5.528  -7.103   0
   3.26917481  -2.332  -3.938  -5.548  -7.128   0
   3.26949286  -2.336  -3.954  -5.569  -7.156   0
   3.26979446  -2.340  -3.968  -5.590  -7.182   0
   3.27008104  -2.343  -3.981  -5.609  -7.207   0
   3.27039838  -2.346  -3.996  -5.630  -7.234   0
   3.27069902  -2.349  -4.009  -5.649  -7.260   0
   3.27102423  -2.351  -4.023  -5.669  -7.287   0
   3.27133107  -2.353  -4.036  -5.688  -7.311   0
   3.27165723  -2.355  -4.049  -5.707  -7.337   0
   3.27197719  -2.355  -4.060  -5.726  -7.362   0
   3.27226233  -2.351  -4.066  -5.737  -7.379   3
   3.27239680  -2.341  -4.062  -5.736  -7.381   0
   3.27246690  -2.330  -4.054  -5.730  -7.377   0
   3.27250481  -2.318  -4.045  -5.722  -7.370   0
   3.27252436  -2.305  -4.034  -5.712  -7.361   0
   3.27253413  -2.293  -4.023  -5.702  -7.352   0
   3.27253890  -2.281  -4.012  -5.692  -7.343   0
   3.27254295  -2.267  -4.000  -5.680  -7.332   0
   3.27254725  -2.243  -3.978  -5.659  -7.313   0
   3.27255321  -2.213  -3.951  -5.634  -7.289   0
