   0.15000001  13.749  12.784  11.447   9.862   0
   0.20000000  12.326  11.654  10.485   9.082   0
   0.25000000  11.550  10.968   9.864   8.537   0
   0.30000001  11.047  10.526   9.461   8.184   0
   0.34999999  10.610  10.141   9.109   7.875   0
   0.40000001  10.201   9.780   8.777   7.580   0
   0.44999999   9.708   9.349   8.382   7.229   0
   0.50000000   9.210   8.924   8.000   6.898   0
   0.55000001   8.579   8.409   7.553   6.524   0
   0.60000002   7.667   7.714   6.997   6.102   0
   0.69999999   6.505   6.730   6.168   5.410   0
   0.75042945   5.989   6.271   5.778   5.086   0
   0.80000001   5.561   5.859   5.419   4.786   0
   0.86900336   5.039   5.326   4.948   4.393   0
   0.89999998   4.823   5.097   4.743   4.223   0
   0.95375627   4.485   4.715   4.403   3.948   0
   1.00000000   4.212   4.397   4.119   3.721   0
   1.02435529   4.076   4.232   3.974   3.614   0
   1.07595658   3.802   3.893   3.678   3.399   0
   1.10000002   3.678   3.740   3.545   3.304   0
   1.11041355   3.628   3.678   3.493   3.268   0
   1.16142297   3.382   3.384   3.243   3.095   0
   1.20000005   3.201   3.185   3.079   2.978   0
   1.21385801   3.137   3.115   3.021   2.936   0
   1.24556470   2.984   2.970   2.898   2.841   0
   1.27177739   2.859   2.853   2.798   2.763   0
   1.29387665   2.753   2.760   2.718   2.698   0
   1.29999995   2.725   2.736   2.698   2.681   0
   1.30335867   2.709   2.723   2.686   2.672   0
   1.34022188   2.530   2.573   2.557   2.564   0
   1.37114441   2.379   2.452   2.451   2.471   0
   1.39752698   2.249   2.348   2.358   2.387   0
   1.39999998   2.237   2.338   2.350   2.379   0
   1.40561342   2.210   2.316   2.330   2.361   0
   1.43115687   2.086   2.213   2.236   2.273   0
   1.43286395   2.078   2.206   2.229   2.267   0
   1.46127033   1.939   2.085   2.114   2.156   0
   1.48987699   1.795   1.948   1.981   2.024   0
   1.50000000   1.741   1.895   1.929   1.972   0
   1.50512505   1.714   1.867   1.901   1.943   0
   1.52344251   1.611   1.756   1.789   1.829   0
   1.54048705   1.509   1.642   1.673   1.709   0
   1.54855800   1.458   1.584   1.615   1.649   0
   1.55620694   1.407   1.530   1.560   1.593   0
   1.55825377   1.393   1.516   1.547   1.579   0
   1.56405222   1.347   1.482   1.516   1.552   0
   1.56641090   1.322   1.476   1.516   1.556   3
   1.56803966   1.286   1.476   1.525   1.575   0
   1.56852627   1.251   1.470   1.526   1.583   0
   1.56881320   1.205   1.445   1.506   1.568   0
   1.56892407   1.207   1.436   1.495   1.554   0
   1.56918657   1.137   1.326   1.376   1.425   0
   1.56990445   1.046   1.189   1.230   1.266   0
   1.57138205   0.986   1.080   1.109   1.132   0
   1.57316828   0.934   0.974   0.987   0.991   0
   1.57469940   0.896   0.882   0.874   0.854   0
   1.57580125   0.880   0.823   0.793   0.743   0
   1.57684970   0.873   0.785   0.721   0.625   0
   1.57753420   0.875   0.778   0.683   0.542   0
   1.57819569   0.883   0.796   0.659   0.457   0
   1.57885230   0.897   0.852   0.659   0.373   3
   1.57949519   0.922   0.937   0.684   0.300   0
   1.58012450   0.968   1.044   0.725   0.236   0
   1.58078122   1.036   1.154   0.773   0.196   0
   1.58144486   1.123   1.260   0.830   0.189   0
   1.58244073   1.262   1.402   0.916   0.210   0
   1.58320653   1.341   1.480   0.962   0.220   4
   1.58538401   1.281   1.393   0.835   0.053   0
   1.58709705   1.142   1.238   0.664  -0.133   0
   1.58873475   0.998   1.082   0.499  -0.309   0
   1.59024692   0.857   0.931   0.339  -0.477   0
   1.59178627   0.710   0.773   0.173  -0.650   0
   1.59329903   0.572   0.626   0.020  -0.812   0
   1.59486401   0.432   0.475  -0.140  -0.979   0
   1.59620833   0.317   0.344  -0.281  -1.128   0
   1.59736192   0.210   0.223  -0.411  -1.267   0
   1.59831655   0.106   0.105  -0.538  -1.401   0
   1.59917307  -0.002  -0.017  -0.670  -1.541   0
   1.59998155  -0.117  -0.149  -0.813  -1.693   0
   1.60000002  -0.120  -0.152  -0.817  -1.697   0
   1.60073590  -0.236  -0.282  -0.956  -1.845   0
   1.60150504  -0.351  -0.414  -1.101  -2.001   0
   1.60213625  -0.462  -0.544  -1.243  -2.152   0
   1.60272968  -0.573  -0.672  -1.385  -2.305   0
   1.60335267  -0.682  -0.798  -1.523  -2.453   0
   1.60354543  -0.682  -0.799  -1.524  -2.454   0
   1.60386360  -0.579  -0.677  -1.388  -2.306   0
   1.60394216  -0.548  -0.639  -1.345  -2.258   1
   1.60437703  -0.653  -0.763  -1.483  -2.408   0
   1.60487330  -0.762  -0.889  -1.621  -2.557   0
   1.60531771  -0.872  -1.018  -1.765  -2.713   0
   1.60574543  -0.972  -1.144  -1.906  -2.865   0
   1.60616040  -1.063  -1.266  -2.049  -3.023   0
   1.60645473  -1.129  -1.354  -2.151  -3.136   2
   1.60645473   0.116   0.118  -0.164  -0.602   1
   1.60791266   0.158   0.201  -0.134  -0.648   0
   1.60941458   0.176   0.240  -0.125  -0.684   0
   1.60977066   0.169   0.232  -0.131  -0.687   0
   1.61214721   0.123   0.172  -0.173  -0.704   0
   1.61457062   0.075   0.108  -0.217  -0.718   0
   1.61703610   0.028   0.045  -0.260  -0.732   0
   1.61953747  -0.015  -0.015  -0.301  -0.745   0
   1.62206221  -0.056  -0.073  -0.340  -0.757   0
   1.62236381  -0.061  -0.080  -0.345  -0.758   0
   1.62288094  -0.068  -0.090  -0.352  -0.760   0
   1.62550378  -0.103  -0.140  -0.386  -0.770   0
   1.62814641  -0.137  -0.188  -0.419  -0.781   0
   1.63081050  -0.167  -0.229  -0.448  -0.793   0
   1.63349915  -0.198  -0.268  -0.477  -0.805   0
   1.63613975  -0.224  -0.300  -0.503  -0.823   0
   1.63805187  -0.243  -0.321  -0.521  -0.838   0
   1.63876128  -0.249  -0.328  -0.528  -0.844   0
   1.64126587  -0.271  -0.349  -0.550  -0.869   0
   1.64399385  -0.291  -0.363  -0.573  -0.906   0
   1.64739108  -0.312  -0.371  -0.600  -0.962   0
   1.65033281  -0.321  -0.351  -0.615  -1.029   0
   1.65178847  -0.313  -0.317  -0.616  -1.082   3
   1.65363014  -0.291  -0.259  -0.610  -1.151   0
   1.65795577  -0.203  -0.137  -0.595  -1.270   0
   1.65835202  -0.150  -0.084  -0.578  -1.294   0
   1.65865266  -0.062  -0.004  -0.541  -1.304   0
   1.65874279  -0.007   0.043  -0.515  -1.299   0
   1.65881133   0.036   0.077  -0.503  -1.307   4
   1.65886319  -0.073  -0.051  -0.658  -1.488   0
   1.65890074  -0.184  -0.182  -0.805  -1.652   0
   1.65895760  -0.254  -0.264  -0.898  -1.752   0
   1.65915263  -0.215  -0.217  -0.844  -1.693   1
   1.65965891  -0.341  -0.368  -1.016  -1.883   0
   1.65996230  -0.485  -0.537  -1.206  -2.089   0
   1.66018450  -0.621  -0.699  -1.386  -2.284   0
   1.66031528  -0.761  -0.863  -1.569  -2.482   0
   1.66044605  -0.889  -1.015  -1.739  -2.667   0
   1.66057694  -1.009  -1.156  -1.896  -2.837   0
   1.66070724  -1.113  -1.287  -2.046  -3.003   0
   1.66083121  -1.195  -1.402  -2.184  -3.158   0
   1.66095185  -1.291  -1.530  -2.334  -3.322   0
   1.66105795  -1.378  -1.650  -2.475  -3.479   0
   1.66113234  -1.466  -1.767  -2.612  -3.630   0
   1.66119754  -1.547  -1.879  -2.744  -3.778   0
   1.66126060  -1.627  -1.989  -2.876  -3.926   0
   1.66132474  -1.701  -2.097  -3.008  -4.075   0
   1.66139007  -1.786  -2.219  -3.157  -4.245   0
   1.66139972  -1.835  -2.306  -3.269  -4.376   0
   1.66140723  -1.854  -2.347  -3.324  -4.441   0
   1.66141808  -1.863  -2.367  -3.352  -4.474   0
   1.66142881  -1.872  -2.388  -3.380  -4.507   0
   1.66143954  -1.881  -2.408  -3.407  -4.539   0
   1.66145027  -1.890  -2.428  -3.435  -4.572   0
   1.66146111  -1.899  -2.449  -3.462  -4.605   0
   1.66147184  -1.908  -2.469  -3.490  -4.638   0
   1.66148043  -1.915  -2.485  -3.512  -4.664   0
   1.66148901  -1.922  -2.501  -3.533  -4.690   0
   1.66149974  -1.930  -2.521  -3.561  -4.723   0
   1.66151047  -1.939  -2.541  -3.589  -4.757   0
   1.66152132  -1.947  -2.561  -3.617  -4.790   0
   1.66153204  -1.956  -2.581  -3.644  -4.823   0
   1.66154277  -1.964  -2.601  -3.672  -4.856   0
   1.66155314  -1.972  -2.621  -3.699  -4.889   0
   1.66156352  -1.980  -2.640  -3.726  -4.922   0
   1.66157401  -1.988  -2.660  -3.753  -4.955   0
   1.66158438  -1.996  -2.679  -3.780  -4.988   0
   1.66159475  -2.003  -2.698  -3.807  -5.020   0
   1.66160512  -2.011  -2.717  -3.834  -5.053   0
   1.66161561  -2.018  -2.735  -3.859  -5.084   0
   1.66162598  -2.022  -2.747  -3.877  -5.106   0
   1.66165793  -2.026  -2.762  -3.899  -5.132   0
   1.66169488  -2.033  -2.780  -3.925  -5.164   0
   1.66173160  -2.039  -2.798  -3.951  -5.196   0
   1.66176808  -2.045  -2.816  -3.977  -5.229   0
   1.66180432  -2.051  -2.834  -4.003  -5.261   0
   1.66184020  -2.056  -2.851  -4.028  -5.293   0
   1.66187584  -2.061  -2.868  -4.054  -5.325   0
   1.66191113  -2.066  -2.885  -4.079  -5.357   0
   1.66194630  -2.071  -2.902  -4.105  -5.389   0
   1.66198111  -2.076  -2.919  -4.130  -5.422   0
   1.66201556  -2.081  -2.936  -4.156  -5.454   0
   1.66204989  -2.085  -2.952  -4.181  -5.486   0
   1.66208386  -2.088  -2.968  -4.206  -5.518   0
   1.66211748  -2.089  -2.983  -4.230  -5.549   0
   1.66215086  -2.089  -2.998  -4.254  -5.581   0
   1.66218400  -2.089  -3.013  -4.277  -5.612   0
   1.66221690  -2.089  -3.027  -4.301  -5.643   0
   1.66224945  -2.089  -3.041  -4.324  -5.674   0
   1.66228175  -2.089  -3.056  -4.348  -5.706   0
   1.66231370  -2.088  -3.069  -4.371  -5.737   0
   1.66234541  -2.087  -3.083  -4.394  -5.768   0
   1.66237688  -2.086  -3.097  -4.418  -5.799   0
   1.66240799  -2.084  -3.110  -4.441  -5.831   0
   1.66243887  -2.082  -3.123  -4.464  -5.862   0
   1.66246951  -2.080  -3.137  -4.488  -5.895   0
   1.66249371  -2.078  -3.149  -4.508  -5.923   0
   1.66251791  -2.076  -3.160  -4.528  -5.951   0
   1.66254175  -2.074  -3.171  -4.548  -5.978   0
   1.66256559  -2.071  -3.182  -4.568  -6.006   0
   1.66258919  -2.068  -3.193  -4.588  -6.034   0
   1.66261268  -2.065  -3.203  -4.608  -6.061   0
   1.66263592  -2.061  -3.214  -4.627  -6.088   0
   1.66265917  -2.058  -3.224  -4.646  -6.116   0
   1.66268229  -2.061  -3.238  -4.667  -6.142   0
   1.66270530  -2.067  -3.252  -4.688  -6.169   0
   1.66272819  -2.072  -3.267  -4.709  -6.195   0
   1.66275096  -2.077  -3.281  -4.730  -6.221   0
   1.66277361  -2.082  -3.295  -4.750  -6.247   0
   1.66279638  -2.086  -3.309  -4.770  -6.272   0
   1.66281891  -2.091  -3.323  -4.790  -6.298   0
   1.66284144  -2.095  -3.336  -4.810  -6.323   0
   1.66286385  -2.098  -3.349  -4.829  -6.347   0
   1.66289198  -2.103  -3.365  -4.853  -6.377   0
   1.66292012  -2.107  -3.381  -4.876  -6.407   0
   1.66294813  -2.110  -3.395  -4.898  -6.436   0
   1.66297638  -2.112  -3.409  -4.920  -6.465   0
   1.66300416  -2.114  -3.422  -4.940  -6.491   0
   1.66303003  -2.115  -3.433  -4.958  -6.515   0
   1.66305935  -2.115  -3.445  -4.978  -6.541   0
   1.66309118  -2.114  -3.455  -4.995  -6.566   0
   1.66312468  -2.111  -3.464  -5.011  -6.589   0
   1.66316319  -2.104  -3.470  -5.025  -6.611   0
   1.66318965  -2.097  -3.470  -5.031  -6.621   0
