   0.15000001  13.867  12.832  11.475   9.866   0
   0.20000000  12.479  11.706  10.518   9.093   0
   0.25000000  11.712  11.016   9.894   8.550   0
   0.30000001  11.214  10.572   9.491   8.201   0
   0.34999999  10.780  10.185   9.138   7.894   0
   0.40000001  10.371   9.819   8.803   7.600   0
   0.44999999   9.886   9.394   8.414   7.259   0
   0.50000000   9.394   8.973   8.035   6.936   0
   0.55000001   8.772   8.467   7.589   6.566   0
   0.60000002   8.080   7.927   7.127   6.190   0
   0.69999999   6.805   6.918   6.290   5.504   0
   0.80000001   5.818   6.062   5.573   4.908   0
   0.89999998   5.084   5.343   4.946   4.381   0
   1.00000000   4.495   4.712   4.386   3.922   0
   1.10000002   4.006   4.142   3.885   3.536   0
   1.20000005   3.583   3.621   3.441   3.234   0
   1.29999995   3.220   3.205   3.100   3.007   0
   1.39999998   2.888   2.896   2.845   2.822   0
   1.50000000   2.594   2.665   2.654   2.671   0
   1.60000002   2.326   2.469   2.487   2.529   0
   1.70000005   2.098   2.310   2.351   2.412   0
   1.75000000   1.991   2.234   2.284   2.352   0
   1.79999995   1.888   2.161   2.218   2.294   0
   1.89999998   1.697   2.024   2.096   2.184   0
   2.00000000   1.525   1.900   1.982   2.081   0
   2.20000005   1.231   1.683   1.783   1.900   0
   2.50000000   0.837   1.378   1.499   1.637   0
   3.00000000   0.315   0.952   1.097   1.259   0
   3.50000000  -0.126   0.579   0.743   0.923   0
   4.00000000  -0.500   0.258   0.436   0.631   0
   4.50000000  -0.830  -0.028   0.162   0.368   0
   5.00000000  -1.117  -0.277  -0.076   0.141   0
   6.00000000  -1.606  -0.705  -0.487  -0.252   0
   7.00000000  -2.036  -1.088  -0.854  -0.605   0
   9.00000000  -2.756  -1.739  -1.483  -1.211   0
   9.27380943  -2.845  -1.819  -1.561  -1.286   0
  12.00000000  -3.655  -2.557  -2.277  -1.981   0
  15.00000000  -4.330  -3.179  -2.888  -2.587   0
  19.68738174  -5.158  -3.977  -3.681  -3.381   1
  20.00000000  -5.209  -4.028  -3.732  -3.432   0
  23.52336121  -5.700  -4.514  -4.217  -3.917   1
  27.04076958  -6.234  -5.051  -4.755  -4.455   0
  29.88263130  -6.731  -5.561  -5.269  -4.971   0
  30.00000000  -6.756  -5.587  -5.295  -4.998   0
  32.49346161  -7.150  -6.011  -5.724  -5.428   0
  33.94617844  -7.427  -6.309  -6.031  -5.747   0
  34.91041183  -7.599  -6.496  -6.225  -5.948   0
  34.99870300  -7.600  -6.495  -6.223  -5.945   0
  35.20027161  -7.572  -6.454  -6.176  -5.891   0
  35.22799301  -7.526  -6.395  -6.111  -5.819   0
  35.23672867  -7.505  -6.367  -6.081  -5.786   1
  35.24480820  -7.526  -6.393  -6.109  -5.817   0
  35.25574493  -7.636  -6.513  -6.233  -5.946   0
  35.26221466  -7.703  -6.591  -6.316  -6.034   0
  35.26795197  -7.768  -6.669  -6.398  -6.123   0
  35.27268982  -7.820  -6.739  -6.474  -6.203   0
  35.27882385  -7.910  -6.851  -6.594  -6.334   0
  35.28489685  -8.027  -6.980  -6.735  -6.491   0
  35.29023361  -8.119  -7.085  -6.848  -6.616   0
  35.29957581  -8.200  -7.211  -6.983  -6.763   0
  35.30992126  -8.267  -7.308  -7.087  -6.875   0
  35.33494949  -8.323  -7.384  -7.168  -6.961   0
  35.37625504  -8.290  -7.329  -7.108  -6.896   0
  35.41323090  -8.258  -7.278  -7.053  -6.835   0
  35.47309875  -8.225  -7.224  -6.994  -6.770   0
  35.61968231  -8.202  -7.178  -6.944  -6.714   0
  35.75768280  -8.204  -7.176  -6.941  -6.710   1
  36.34895706  -8.287  -7.292  -7.063  -6.840   0
  36.79651642  -8.376  -7.415  -7.194  -6.982   0
  37.15869522  -8.467  -7.542  -7.329  -7.127   0
  37.44501114  -8.557  -7.670  -7.465  -7.273   0
  37.67324066  -8.660  -7.791  -7.598  -7.420   0
  37.86796188  -8.789  -7.913  -7.737  -7.580   0
  38.02754211  -8.864  -8.037  -7.869  -7.723   0
  38.17385864  -8.947  -8.176  -8.017  -7.885   0
  38.29303360  -9.030  -8.318  -8.170  -8.052   0
  38.39854431  -9.153  -8.487  -8.362  -8.273   0
  38.48379898  -9.279  -8.746  -8.639  -8.577   0
  38.54465485  -9.523  -9.385  -9.350  -9.397   3
  38.59289932  -8.005  -8.449  -9.213 -10.110   0
