   0.15000001  13.759  12.791  11.452   9.865   0
   0.20000000  12.334  11.661  10.492   9.087   0
   0.25000000  11.556  10.974   9.869   8.542   0
   0.30000001  11.055  10.533   9.467   8.190   0
   0.34999999  10.619  10.149   9.116   7.881   0
   0.40000001  10.208   9.786   8.783   7.585   0
   0.44999999   9.722   9.361   8.394   7.240   0
   0.50000000   9.230   8.942   8.016   6.913   0
   0.55000001   8.606   8.432   7.573   6.541   0
   0.60000002   7.702   7.742   7.022   6.123   0
   0.65670460   7.009   7.165   6.536   5.719   0
   0.69999999   6.547   6.768   6.201   5.438   0
   0.80000001   5.620   5.917   5.471   4.831   0
   0.89999998   4.904   5.184   4.823   4.292   0
   0.94571507   4.627   4.876   4.548   4.069   0
   1.00000000   4.321   4.525   4.236   3.818   0
   1.09750319   3.838   3.933   3.718   3.437   0
   1.10000002   3.827   3.919   3.705   3.428   0
   1.19764566   3.411   3.415   3.280   3.141   0
   1.20000005   3.401   3.405   3.271   3.135   0
   1.24495959   3.225   3.209   3.112   3.025   0
   1.29999995   3.011   3.008   2.943   2.901   0
   1.30555999   2.990   2.988   2.927   2.888   0
   1.39999998   2.644   2.698   2.682   2.692   0
   1.46855688   2.416   2.524   2.533   2.564   0
   1.50000000   2.315   2.448   2.466   2.506   0
   1.50567102   2.297   2.435   2.454   2.495   0
   1.58322716   2.043   2.244   2.285   2.343   0
   1.60000002   1.990   2.205   2.250   2.311   1
   1.60100377   1.987   2.203   2.248   2.309   0
   1.66075444   1.801   2.063   2.122   2.193   0
   1.70000005   1.681   1.970   2.036   2.114   0
   1.73476386   1.576   1.886   1.958   2.040   0
   1.75000000   1.530   1.849   1.922   2.007   0
   1.75969505   1.500   1.824   1.899   1.984   0
   1.76999998   1.468   1.796   1.872   1.959   0
   1.79999995   1.375   1.716   1.796   1.885   0
   1.80739033   1.353   1.696   1.777   1.867   0
   1.86005282   1.187   1.544   1.629   1.722   0
   1.89999998   1.055   1.417   1.504   1.597   0
   1.90234303   1.047   1.409   1.496   1.589   0
   1.94274235   0.908   1.271   1.359   1.451   0
   1.97768795   0.780   1.137   1.225   1.315   1
   2.00000000   0.694   1.044   1.131   1.218   0
   2.00870085   0.661   1.008   1.095   1.181   0
   2.03750086   0.546   0.881   0.965   1.048   0
   2.05071640   0.492   0.820   0.904   0.985   0
   2.06306076   0.440   0.765   0.849   0.928   0
   2.06819820   0.418   0.744   0.828   0.908   0
   2.07678986   0.383   0.718   0.804   0.886   3
   2.08111191   0.367   0.719   0.809   0.895   0
   2.08406925   0.354   0.742   0.838   0.933   0
   2.08491468   0.337   0.753   0.855   0.957   0
   2.08541393   0.305   0.748   0.856   0.965   0
   2.08548999   0.312   0.752   0.859   0.967   0
   2.08573961   0.308   0.712   0.812   0.911   0
   2.08614540   0.192   0.561   0.655   0.744   0
   2.08687353   0.088   0.415   0.502   0.580   0
   2.08782029   0.013   0.298   0.378   0.444   0
   2.08879137  -0.042   0.201   0.272   0.327   0
   2.08988428  -0.097   0.094   0.154   0.195   0
   2.09073853  -0.137   0.005   0.055   0.083   0
   2.09159541  -0.172  -0.090  -0.055  -0.043   0
   2.09216475  -0.186  -0.152  -0.131  -0.135   0
   2.09273219  -0.194  -0.214  -0.210  -0.236   0
   2.09331393  -0.188  -0.265  -0.288  -0.347   0
   2.09389877  -0.167  -0.284  -0.347  -0.464   0
   2.09448862  -0.131  -0.237  -0.371  -0.587   3
   2.09478736  -0.104  -0.181  -0.365  -0.649   0
   2.09508848  -0.071  -0.103  -0.340  -0.705   0
   2.09539151  -0.025  -0.002  -0.299  -0.758   0
   2.09569931   0.044   0.115  -0.246  -0.799   0
   2.09601021   0.131   0.226  -0.190  -0.815   0
   2.09664822   0.340   0.446  -0.051  -0.771   0
   2.09697485   0.423   0.527   0.000  -0.753   4
   2.09782767   0.389   0.468  -0.100  -0.892   0
   2.09862661   0.292   0.359  -0.222  -1.028   0
   2.09950376   0.187   0.245  -0.346  -1.163   0
   2.10047102   0.076   0.124  -0.476  -1.301   0
   2.10146546  -0.028   0.010  -0.597  -1.430   0
   2.10168576  -0.047  -0.011  -0.620  -1.453   2
   2.10209036   0.059   0.105  -0.495  -1.320   0
   2.10251212   0.154   0.210  -0.381  -1.197   0
   2.10581589   0.262   0.331  -0.246  -1.048   0
   2.11261368   0.279   0.359  -0.197  -0.978   4
   2.12051034   0.079   0.171  -0.333  -1.062   0
   2.12504840  -0.082   0.007  -0.451  -1.126   0
   2.13023734  -0.229  -0.159  -0.555  -1.154   0
   2.13425779  -0.330  -0.292  -0.632  -1.156   0
   2.13786697  -0.402  -0.397  -0.692  -1.152   0
   2.14120483  -0.459  -0.491  -0.744  -1.141   0
   2.14565754  -0.527  -0.603  -0.805  -1.125   0
   2.15421224  -0.627  -0.749  -0.884  -1.109   0
   2.16397405  -0.735  -0.869  -0.942  -1.088   0
   2.17361307  -0.826  -0.950  -0.991  -1.090   0
   2.18374395  -0.911  -1.008  -1.031  -1.109   0
   2.19458294  -0.997  -1.070  -1.078  -1.136   0
   2.20000005  -1.038  -1.100  -1.101  -1.150   0
   2.20235085  -1.054  -1.110  -1.108  -1.155   0
   2.21998882  -1.167  -1.191  -1.178  -1.213   1
   2.23790359  -1.275  -1.331  -1.327  -1.374   0
   2.24182129  -1.290  -1.384  -1.399  -1.472   0
   2.24497461  -1.298  -1.425  -1.461  -1.562   0
   2.24700332  -1.296  -1.439  -1.499  -1.639   0
   2.25240445  -1.307  -1.454  -1.552  -1.745   0
   2.25288200  -1.285  -1.424  -1.562  -1.808   3
   2.25320387  -1.263  -1.375  -1.557  -1.862   0
   2.25345159  -1.235  -1.318  -1.544  -1.910   0
   2.25363612  -1.206  -1.257  -1.527  -1.955   0
   2.25377941  -1.168  -1.187  -1.502  -1.993   0
   2.25391698  -1.112  -1.098  -1.466  -2.030   0
   2.25404549  -1.033  -0.996  -1.418  -2.052   0
   2.25417542  -0.886  -0.843  -1.329  -2.036   0
   2.25424027  -0.755  -0.711  -1.236  -1.986   0
   2.25435281  -0.637  -0.624  -1.221  -2.042   4
   2.25439620  -0.727  -0.727  -1.343  -2.183   0
   2.25507689  -0.862  -0.894  -1.537  -2.400   0
   2.25544572  -0.972  -1.029  -1.694  -2.573   0
   2.25581455  -1.122  -1.209  -1.896  -2.794   0
   2.25609469  -1.279  -1.396  -2.107  -3.025   0
   2.25628209  -1.408  -1.551  -2.282  -3.217   0
   2.25649619  -1.528  -1.695  -2.447  -3.397   0
   2.25674629  -1.648  -1.854  -2.631  -3.600   0
   2.25692153  -1.734  -1.972  -2.770  -3.754   0
   2.25709534  -1.836  -2.105  -2.923  -3.921   0
   2.25725269  -1.931  -2.236  -3.079  -4.096   0
   2.25737834  -2.016  -2.354  -3.218  -4.251   0
   2.25751305  -2.107  -2.480  -3.371  -4.423   0
   2.25762534  -2.187  -2.597  -3.514  -4.586   0
   2.25774217  -2.265  -2.713  -3.658  -4.750   0
   2.25785732  -2.318  -2.817  -3.796  -4.912   0
   2.25793242  -2.364  -2.913  -3.923  -5.063   0
   2.25800705  -2.405  -3.007  -4.051  -5.216   0
   2.25809383  -2.436  -3.081  -4.154  -5.340   0
   2.25816274  -2.466  -3.147  -4.244  -5.448   0
   2.25818515  -2.476  -3.195  -4.319  -5.542   0
   2.25820661  -2.483  -3.213  -4.344  -5.573   0
   2.25822353  -2.488  -3.228  -4.365  -5.599   0
   2.25824499  -2.495  -3.246  -4.390  -5.630   0
   2.25826621  -2.501  -3.263  -4.416  -5.661   0
   2.25828767  -2.507  -3.280  -4.441  -5.693   0
   2.25830460  -2.512  -3.294  -4.461  -5.718   0
   2.25832605  -2.518  -3.312  -4.487  -5.749   0
   2.25834727  -2.524  -3.329  -4.512  -5.781   0
   2.25839520  -2.528  -3.346  -4.538  -5.814   0
   2.25848198  -2.537  -3.373  -4.579  -5.865   0
   2.25856829  -2.545  -3.401  -4.619  -5.917   0
   2.25865364  -2.550  -3.418  -4.646  -5.951   0
   2.25872135  -2.554  -3.432  -4.668  -5.978   0
   2.25878859  -2.557  -3.447  -4.691  -6.008   0
   2.25885510  -2.558  -3.461  -4.713  -6.037   0
   2.25892115  -2.559  -3.475  -4.735  -6.065   0
   2.25898671  -2.560  -3.489  -4.757  -6.094   0
   2.25905156  -2.560  -3.502  -4.778  -6.122   0
   2.25911593  -2.560  -3.515  -4.800  -6.151   0
   2.25918007  -2.560  -3.528  -4.821  -6.179   0
   2.25924349  -2.560  -3.541  -4.842  -6.207   0
   2.25930667  -2.560  -3.554  -4.863  -6.236   0
   2.25936913  -2.559  -3.566  -4.884  -6.264   0
   2.25943136  -2.559  -3.579  -4.905  -6.291   0
   2.25949335  -2.558  -3.591  -4.926  -6.319   0
   2.25955486  -2.557  -3.603  -4.946  -6.347   0
   2.25961614  -2.556  -3.615  -4.966  -6.374   0
   2.25967717  -2.554  -3.626  -4.986  -6.402   0
   2.25973773  -2.552  -3.637  -5.006  -6.429   0
   2.25979829  -2.551  -3.648  -5.026  -6.456   0
   2.25985861  -2.548  -3.659  -5.045  -6.483   0
   2.25991869  -2.546  -3.670  -5.065  -6.510   0
   2.25997853  -2.543  -3.680  -5.084  -6.536   0
   2.26003861  -2.545  -3.693  -5.103  -6.562   0
   2.26009846  -2.550  -3.707  -5.124  -6.587   0
   2.26015854  -2.556  -3.721  -5.144  -6.613   0
   2.26021838  -2.561  -3.735  -5.164  -6.637   0
   2.26027846  -2.566  -3.749  -5.183  -6.662   0
   2.26033854  -2.571  -3.762  -5.202  -6.686   0
   2.26039886  -2.576  -3.775  -5.221  -6.710   0
   2.26045942  -2.580  -3.788  -5.239  -6.733   0
   2.26052046  -2.584  -3.801  -5.258  -6.756   0
   2.26058173  -2.588  -3.813  -5.276  -6.779   0
   2.26065922  -2.593  -3.828  -5.298  -6.807   0
   2.26073742  -2.597  -3.843  -5.319  -6.834   0
   2.26081252  -2.601  -3.856  -5.339  -6.859   0
   2.26089740  -2.604  -3.870  -5.359  -6.886   0
   2.26097751  -2.607  -3.882  -5.379  -6.911   0
   2.26105309  -2.609  -3.894  -5.397  -6.934   0
   2.26113629  -2.611  -3.906  -5.416  -6.959   0
   2.26121449  -2.612  -3.917  -5.433  -6.982   0
   2.26129866  -2.612  -3.928  -5.451  -7.007   0
   2.26138711  -2.612  -3.939  -5.470  -7.031   0
   2.26147842  -2.611  -3.949  -5.487  -7.056   0
   2.26157117  -2.608  -3.957  -5.502  -7.078   0
   2.26165700  -2.594  -3.954  -5.507  -7.090   3
   2.26168680  -2.571  -3.938  -5.495  -7.082   0
   2.26169801  -2.542  -3.914  -5.474  -7.064   0
