   0.15000001  13.832  12.808  11.457   9.853   0
   0.20000000  12.452  11.681  10.495   9.072   0
   0.25000000  11.688  10.994   9.874   8.532   0
   0.30000001  11.187  10.547   9.468   8.180   0
   0.34999999  10.751  10.158   9.114   7.872   0
   0.40000001  10.344   9.795   8.781   7.580   0
   0.44999999   9.842   9.354   8.377   7.226   0
   0.50000000   9.334   8.920   7.986   6.893   0
   0.55000001   8.679   8.391   7.522   6.509   0
   0.60000002   7.956   7.826   7.039   6.115   0
   0.62166452   7.636   7.577   6.830   5.943   0
   0.69999999   6.613   6.756   6.150   5.382   0
   0.72765595   6.303   6.488   5.926   5.195   0
   0.79029351   5.669   5.916   5.441   4.790   0
   0.80000001   5.580   5.832   5.369   4.729   0
   0.80259293   5.557   5.810   5.349   4.712   0
   0.85158908   5.141   5.400   4.990   4.409   0
   0.89268732   4.821   5.069   4.695   4.158   0
   0.89999998   4.765   5.011   4.643   4.114   0
   0.90402877   4.735   4.979   4.615   4.091   0
   0.94467479   4.447   4.661   4.330   3.856   0
   0.98065358   4.196   4.380   4.078   3.649   0
   1.00000000   4.065   4.229   3.942   3.538   0
   1.00704598   4.019   4.174   3.893   3.501   0
   1.03406966   3.840   3.961   3.706   3.357   0
   1.06024873   3.667   3.754   3.523   3.220   0
   1.08668852   3.489   3.540   3.336   3.080   0
   1.10000002   3.398   3.431   3.241   3.009   0
   1.10321391   3.376   3.406   3.219   2.993   0
   1.11447656   3.298   3.315   3.141   2.935   0
   1.12580705   3.219   3.223   3.061   2.875   0
   1.13695014   3.141   3.134   2.983   2.815   0
   1.14249778   3.103   3.090   2.944   2.785   0
   1.14821029   3.063   3.044   2.904   2.754   0
   1.15671349   3.003   2.980   2.848   2.708   0
   1.16136205   2.971   2.946   2.818   2.683   0
   1.16806018   2.924   2.897   2.775   2.646   0
   1.17259407   2.894   2.865   2.746   2.621   0
   1.17331064   2.889   2.860   2.742   2.618   0
   1.20000005   2.738   2.703   2.593   2.478   0
   1.20063353   2.734   2.699   2.589   2.474   0
   1.20659101   2.691   2.654   2.547   2.434   0
   1.20887303   2.674   2.636   2.530   2.419   0
   1.21770954   2.587   2.545   2.453   2.358   0
   1.22064757   2.534   2.490   2.410   2.332   0
   1.22295618   2.460   2.421   2.353   2.289   0
   1.22341216   2.450   2.410   2.342   2.279   0
   1.22566867   2.422   2.380   2.313   2.249   1
   1.24200988   2.249   2.197   2.128   2.059   0
   1.25502956   2.094   2.033   1.946   1.848   0
   1.26341188   1.979   1.912   1.792   1.643   0
   1.26772380   1.917   1.876   1.705   1.476   0
   1.27023160   1.894   1.900   1.671   1.349   0
   1.27172828   1.894   1.944   1.668   1.265   3
   1.27308083   1.917   2.009   1.680   1.194   0
   1.27424765   1.959   2.075   1.700   1.150   0
   1.27530217   2.013   2.141   1.726   1.126   0
   1.27661026   2.106   2.241   1.781   1.127   0
   1.27787137   2.218   2.343   1.841   1.143   0
   1.27943623   2.329   2.441   1.896   1.157   4
   1.28236413   2.304   2.386   1.801   1.027   0
   1.28448951   2.200   2.265   1.664   0.876   0
   1.28634846   2.069   2.121   1.509   0.711   0
   1.28810990   1.933   1.974   1.353   0.547   0
   1.28963947   1.794   1.823   1.194   0.379   0
   1.29102373   1.659   1.677   1.040   0.218   0
   1.29221678   1.534   1.542   0.897   0.068   0
   1.29334009   1.398   1.395   0.742  -0.095   0
   1.29433155   1.276   1.259   0.597  -0.247   0
   1.29519761   1.154   1.123   0.452  -0.399   0
   1.29599035   1.036   0.989   0.307  -0.553   0
   1.29670954   0.917   0.853   0.161  -0.708   0
   1.29731524   0.808   0.727   0.023  -0.854   0
   1.29788399   0.698   0.600  -0.115  -1.002   0
   1.29841185   0.586   0.470  -0.259  -1.155   0
   1.29887795   0.476   0.341  -0.400  -1.307   0
   1.29929888   0.368   0.216  -0.539  -1.455   0
   1.29971862   0.263   0.094  -0.674  -1.601   0
   1.29997754   0.215   0.039  -0.735  -1.666   0
   1.29999995   0.222   0.047  -0.725  -1.656   0
   1.30031407   0.320   0.162  -0.596  -1.515   0
   1.30035853   0.324   0.169  -0.587  -1.506   1
   1.30072951   0.214   0.041  -0.730  -1.659   0
   1.30109072   0.104  -0.091  -0.878  -1.820   0
   1.30144703   0.005  -0.221  -1.026  -1.980   0
   1.30175233  -0.087  -0.345  -1.167  -2.134   0
   1.30204272  -0.182  -0.472  -1.315  -2.296   0
   1.30229366  -0.272  -0.594  -1.456  -2.451   0
   1.30253136  -0.362  -0.719  -1.603  -2.614   0
   1.30273604  -0.444  -0.835  -1.741  -2.768   0
   1.30292594  -0.522  -0.953  -1.885  -2.930   0
   1.30309117  -0.579  -1.057  -2.022  -3.089   0
   1.30324638  -0.655  -1.175  -2.163  -3.247   0
   1.30338514  -0.706  -1.279  -2.295  -3.400   0
   1.30350733  -0.753  -1.381  -2.427  -3.555   0
   1.30361974  -0.773  -1.467  -2.552  -3.707   0
   1.30372715  -0.817  -1.569  -2.686  -3.865   0
   1.30377507  -0.836  -1.611  -2.742  -3.930   2
   1.30377507   0.833   0.864   0.298  -0.465   1
   1.30433941   0.842   0.867   0.291  -0.479   0
   1.30500424   0.836   0.857   0.277  -0.499   0
   1.30547214   0.829   0.848   0.266  -0.511   0
   1.30573058   0.822   0.842   0.260  -0.516   0
   1.30654490   0.799   0.820   0.242  -0.532   0
   1.30739355   0.777   0.799   0.223  -0.548   0
   1.30825377   0.755   0.777   0.205  -0.564   0
   1.30914783   0.731   0.755   0.186  -0.580   0
   1.31004477   0.708   0.733   0.167  -0.596   0
   1.31094623   0.686   0.712   0.149  -0.612   0
   1.31183112   0.665   0.691   0.131  -0.627   0
   1.31269455   0.647   0.674   0.115  -0.642   0
   1.31352270   0.632   0.658   0.100  -0.656   0
   1.31355977   0.631   0.658   0.100  -0.657   0
   1.31443858   0.618   0.643   0.085  -0.672   0
   1.31529176   0.607   0.631   0.070  -0.688   0
   1.31626928   0.598   0.619   0.054  -0.708   0
   1.31728292   0.591   0.608   0.037  -0.731   0
   1.31835592   0.584   0.594   0.015  -0.759   0
   1.31887507   0.582   0.588   0.002  -0.779   0
   1.31949949   0.577   0.576  -0.020  -0.808   0
   1.32031047   0.558   0.544  -0.071  -0.876   0
   1.32057631   0.537   0.514  -0.113  -0.929   0
   1.32069755   0.503   0.468  -0.175  -1.004   0
   1.32073104   0.469   0.424  -0.230  -1.070   0
   1.32075417   0.415   0.347  -0.326  -1.180   0
   1.32076716   0.327   0.234  -0.459  -1.328   0
   1.32078016   0.220   0.101  -0.614  -1.500   0
   1.32079482   0.114  -0.029  -0.763  -1.664   0
   1.32081079   0.060  -0.094  -0.837  -1.744   0
   1.32092786   0.146   0.011  -0.717  -1.613   1
   1.32115161  -0.010  -0.182  -0.939  -1.857   0
   1.32124627  -0.138  -0.342  -1.124  -2.061   0
   1.32132030  -0.224  -0.458  -1.261  -2.213   0
   1.32139611  -0.310  -0.582  -1.407  -2.377   0
   1.32146811  -0.400  -0.711  -1.562  -2.549   0
   1.32153332  -0.487  -0.836  -1.711  -2.715   0
   1.32158875  -0.554  -0.941  -1.840  -2.862   0
   1.32164145  -0.610  -1.047  -1.980  -3.025   0
   1.32168043  -0.679  -1.163  -2.127  -3.195   0
   1.32170796  -0.733  -1.262  -2.253  -3.339   0
   1.32173336  -0.782  -1.362  -2.380  -3.487   0
   1.32175636  -0.813  -1.449  -2.499  -3.629   0
   1.32177830  -0.835  -1.529  -2.612  -3.766   0
   1.32179368  -0.845  -1.545  -2.631  -3.787   0
   1.32179570  -0.854  -1.589  -2.696  -3.867   0
   1.32179749  -0.870  -1.635  -2.759  -3.942   0
   1.32180035  -0.884  -1.679  -2.822  -4.018   0
   1.32180333  -0.891  -1.709  -2.866  -4.072   0
   1.32180762  -0.894  -1.728  -2.893  -4.106   0
   1.32181180  -0.898  -1.746  -2.920  -4.139   0
   1.32181513  -0.900  -1.760  -2.941  -4.165   0
   1.32181942  -0.904  -1.778  -2.968  -4.198   0
   1.32182276  -0.906  -1.792  -2.989  -4.225   0
   1.32182682  -0.907  -1.809  -3.014  -4.256   0
   1.32183087  -0.909  -1.825  -3.039  -4.287   0
   1.32183480  -0.909  -1.841  -3.063  -4.317   0
   1.32183874  -0.910  -1.857  -3.087  -4.348   0
   1.32184279  -0.911  -1.873  -3.111  -4.379   0
   1.32184601  -0.911  -1.886  -3.131  -4.404   0
   1.32184994  -0.912  -1.902  -3.155  -4.435   0
   1.32185388  -0.912  -1.918  -3.180  -4.466   0
   1.32185793  -0.912  -1.935  -3.205  -4.498   0
   1.32186186  -0.912  -1.951  -3.230  -4.530   0
   1.32186592  -0.911  -1.967  -3.255  -4.562   0
   1.32186985  -0.911  -1.983  -3.280  -4.594   0
   1.32187390  -0.910  -1.999  -3.305  -4.626   0
   1.32187784  -0.909  -2.015  -3.330  -4.658   0
   1.32188177  -0.908  -2.030  -3.355  -4.690   0
   1.32188499  -0.907  -2.043  -3.375  -4.715   0
   1.32188904  -0.904  -2.057  -3.399  -4.747   0
   1.32189298  -0.902  -2.072  -3.423  -4.779   0
   1.32189703  -0.899  -2.086  -3.447  -4.811   0
   1.32190096  -0.896  -2.100  -3.471  -4.843   0
   1.32191098  -0.888  -2.126  -3.516  -4.905   0
   1.32192218  -0.881  -2.144  -3.549  -4.949   0
   1.32193351  -0.876  -2.156  -3.571  -4.980   0
   1.32194471  -0.870  -2.168  -3.594  -5.011   0
   1.32195580  -0.865  -2.181  -3.616  -5.041   0
   1.32196689  -0.859  -2.192  -3.639  -5.072   0
   1.32197785  -0.853  -2.204  -3.661  -5.103   0
   1.32198870  -0.847  -2.216  -3.683  -5.134   0
   1.32199955  -0.841  -2.226  -3.704  -5.164   0
   1.32201028  -0.834  -2.237  -3.724  -5.193   0
   1.32202101  -0.828  -2.247  -3.745  -5.223   0
   1.32203162  -0.821  -2.258  -3.765  -5.253   0
   1.32204199  -0.813  -2.268  -3.785  -5.283   0
   1.32205248  -0.806  -2.277  -3.806  -5.312   0
   1.32206285  -0.798  -2.287  -3.826  -5.342   0
   1.32207310  -0.790  -2.297  -3.846  -5.372   0
   1.32208323  -0.781  -2.306  -3.866  -5.402   0
   1.32209337  -0.772  -2.315  -3.886  -5.431   0
   1.32210338  -0.763  -2.324  -3.906  -5.461   0
   1.32211339  -0.754  -2.332  -3.926  -5.491   0
   1.32212317  -0.744  -2.341  -3.945  -5.520   0
   1.32213295  -0.742  -2.354  -3.966  -5.550   0
   1.32214272  -0.747  -2.370  -3.989  -5.579   0
   1.32215226  -0.751  -2.386  -4.011  -5.608   0
   1.32216179  -0.755  -2.401  -4.034  -5.637   0
   1.32217133  -0.758  -2.417  -4.056  -5.666   0
   1.32218063  -0.762  -2.433  -4.079  -5.695   0
   1.32218993  -0.765  -2.448  -4.101  -5.724   0
   1.32219911  -0.769  -2.464  -4.123  -5.753   0
   1.32220829  -0.772  -2.479  -4.145  -5.782   0
   1.32221735  -0.774  -2.494  -4.167  -5.811   0
   1.32222629  -0.777  -2.509  -4.189  -5.840   0
   1.32223511  -0.779  -2.523  -4.210  -5.869   0
   1.32224405  -0.780  -2.537  -4.231  -5.897   0
   1.32225263  -0.798  -2.557  -4.251  -5.924   2
   1.32226133  -0.827  -2.582  -4.272  -5.950   0
   1.32226992  -0.859  -2.608  -4.293  -5.977   0
   1.32227862  -0.893  -2.636  -4.315  -6.004   0
   1.32228673  -0.927  -2.663  -4.334  -6.028   0
   1.32228851  -0.936  -2.669  -4.338  -6.033   0
