   0.15000001  13.866  12.831  11.475   9.866   0
   0.20000000  12.479  11.706  10.517   9.092   0
   0.25000000  11.712  11.016   9.893   8.550   0
   0.30000001  11.213  10.572   9.490   8.200   0
   0.34999999  10.780  10.185   9.138   7.894   0
   0.40000001  10.370   9.818   8.802   7.599   0
   0.44999999   9.885   9.393   8.413   7.258   0
   0.50000000   9.392   8.971   8.033   6.934   0
   0.55000001   8.768   8.464   7.587   6.564   0
   0.60000002   8.076   7.924   7.124   6.187   0
   0.69999999   6.797   6.912   6.285   5.499   0
   0.80000001   5.807   6.051   5.564   4.900   0
   0.89999998   5.069   5.328   4.932   4.369   0
   1.00000000   4.476   4.691   4.367   3.905   0
   1.10000002   3.984   4.118   3.862   3.515   0
   1.20000005   3.563   3.600   3.420   3.213   0
   1.29999995   3.199   3.184   3.079   2.984   0
   1.39999998   2.869   2.875   2.824   2.800   0
   1.47008777   2.657   2.704   2.681   2.687   0
   1.50000000   2.571   2.638   2.626   2.642   0
   1.50570786   2.555   2.626   2.616   2.633   0
   1.60000002   2.302   2.441   2.459   2.500   0
   1.70000005   2.063   2.270   2.311   2.370   0
   1.75000000   1.955   2.193   2.242   2.309   0
   1.79999995   1.850   2.117   2.175   2.249   0
   1.89999998   1.654   1.975   2.046   2.132   0
   2.00000000   1.477   1.843   1.924   2.021   0
   2.20000005   1.153   1.593   1.692   1.805   0
   2.41778350   0.842   1.346   1.460   1.588   0
   2.50000000   0.730   1.256   1.375   1.509   0
   3.00000000   0.135   0.759   0.902   1.060   0
   3.02819443   0.105   0.732   0.877   1.036   0
   3.49372005  -0.376   0.312   0.474   0.648   0
   3.50000000  -0.382   0.307   0.469   0.643   0
   3.51335216  -0.395   0.295   0.458   0.633   0
   3.89544940  -0.759  -0.031   0.143   0.327   0
   4.00000000  -0.858  -0.120   0.056   0.243   0
   4.23255587  -1.066  -0.309  -0.128   0.064   0
   4.49782515  -1.312  -0.537  -0.350  -0.154   1
   4.50000000  -1.314  -0.538  -0.352  -0.156   0
   4.50837517  -1.322  -0.546  -0.359  -0.163   0
   4.74094343  -1.542  -0.750  -0.559  -0.360   0
   4.93485308  -1.741  -0.945  -0.753  -0.553   0
   5.00000000  -1.810  -1.013  -0.820  -0.620   0
   5.11815262  -1.937  -1.138  -0.944  -0.744   0
   5.26879025  -2.110  -1.312  -1.118  -0.918   0
   5.39415932  -2.268  -1.474  -1.280  -1.083   1
   5.50399065  -2.420  -1.633  -1.440  -1.246   0
   5.60093880  -2.565  -1.786  -1.595  -1.404   0
   5.64444685  -2.634  -1.858  -1.668  -1.479   0
   5.68520880  -2.699  -1.925  -1.736  -1.547   0
   5.70903730  -2.734  -1.960  -1.771  -1.582   0
   5.72983408  -2.757  -1.978  -1.787  -1.597   3
   5.74447298  -2.762  -1.972  -1.779  -1.586   0
   5.75467539  -2.746  -1.933  -1.734  -1.534   0
   5.75768661  -2.736  -1.905  -1.701  -1.496   0
   5.75939512  -2.739  -1.890  -1.682  -1.472   0
   5.75962543  -2.734  -1.887  -1.680  -1.469   0
   5.76020813  -2.729  -1.904  -1.702  -1.498   0
   5.76083612  -2.809  -2.007  -1.811  -1.615   0
   5.76165676  -2.951  -2.176  -1.987  -1.800   0
   5.76268530  -3.093  -2.350  -2.168  -1.992   0
   5.76364422  -3.200  -2.488  -2.314  -2.147   0
   5.76471376  -3.308  -2.632  -2.466  -2.312   0
   5.76556635  -3.393  -2.748  -2.589  -2.446   0
   5.76646042  -3.483  -2.873  -2.723  -2.593   0
   5.76737881  -3.579  -3.011  -2.872  -2.757   0
   5.76830530  -3.680  -3.164  -3.036  -2.939   0
   5.76894617  -3.751  -3.279  -3.161  -3.077   0
   5.76957750  -3.825  -3.404  -3.298  -3.230   0
   5.77004671  -3.882  -3.506  -3.410  -3.358   0
   5.77042818  -3.926  -3.595  -3.508  -3.469   0
   5.77077246  -3.965  -3.681  -3.604  -3.579   0
   5.77106810  -3.996  -3.761  -3.692  -3.681   0
   5.77131510  -4.018  -3.830  -3.770  -3.771   0
   5.77156496  -4.033  -3.904  -3.853  -3.869   0
   5.77176666  -4.041  -3.965  -3.923  -3.952   0
   5.77196789  -4.030  -4.019  -3.991  -4.036   0
   5.77217197  -4.005  -4.063  -4.053  -4.123   0
   5.77232504  -3.976  -4.087  -4.095  -4.189   0
   5.77248049  -3.933  -4.089  -4.124  -4.257   0
   5.77263641  -3.878  -4.060  -4.134  -4.325   3
   5.77279234  -3.812  -3.996  -4.128  -4.392   0
   5.77289391  -3.758  -3.930  -4.115  -4.440   0
   5.77299881  -3.701  -3.847  -4.088  -4.483   0
   5.77310085  -3.631  -3.751  -4.052  -4.522   0
   5.77320004  -3.548  -3.645  -4.010  -4.557   0
   5.77329397  -3.443  -3.525  -3.958  -4.586   0
   5.77338219  -3.309  -3.397  -3.902  -4.604   0
   5.77350569  -3.130  -3.242  -3.828  -4.606   0
   5.77373648  -2.888  -3.039  -3.708  -4.557   0
   5.77381945  -2.798  -2.971  -3.667  -4.537   4
   5.77411985  -2.740  -2.975  -3.740  -4.662   0
   5.77433729  -2.800  -3.073  -3.873  -4.821   0
   5.77579737  -2.848  -3.162  -3.989  -4.956   0
   5.80249453  -2.913  -3.183  -3.973  -4.913   4
   5.81722975  -3.348  -3.511  -4.161  -4.993   0
   5.82131529  -3.829  -3.937  -4.335  -4.922   0
   5.82386398  -3.948  -4.078  -4.388  -4.872   0
   5.82640934  -4.030  -4.187  -4.427  -4.824   0
   5.82982111  -4.119  -4.306  -4.460  -4.757   0
   5.83249140  -4.175  -4.370  -4.474  -4.709   0
   5.83630753  -4.237  -4.418  -4.475  -4.650   3
   5.84018564  -4.293  -4.440  -4.465  -4.590   0
   5.84398556  -4.335  -4.439  -4.443  -4.538   0
   5.84878778  -4.373  -4.416  -4.403  -4.474   0
   5.85406113  -4.403  -4.383  -4.356  -4.407   0
   5.85990715  -4.420  -4.338  -4.300  -4.337   0
   5.86604166  -4.425  -4.288  -4.241  -4.264   0
   5.87319279  -4.426  -4.238  -4.181  -4.191   0
   5.88153601  -4.420  -4.185  -4.119  -4.115   0
   5.89038801  -4.410  -4.131  -4.057  -4.042   0
   5.90016699  -4.399  -4.078  -3.996  -3.970   0
   5.91158438  -4.385  -4.025  -3.937  -3.899   0
   5.92594719  -4.371  -3.971  -3.875  -3.826   0
   5.94426441  -4.361  -3.925  -3.821  -3.760   0
   5.97191000  -4.368  -3.903  -3.792  -3.722   0
   5.98292637  -4.376  -3.903  -3.790  -3.718   1
   6.00000000  -4.431  -3.972  -3.864  -3.798   0
   6.01359129  -4.472  -4.026  -3.921  -3.859   0
   6.02441692  -4.535  -4.124  -4.027  -3.977   0
   6.03452301  -4.597  -4.223  -4.134  -4.096   0
   6.04063511  -4.646  -4.312  -4.231  -4.206   0
   6.04428005  -4.684  -4.396  -4.324  -4.311   0
   6.04669285  -4.720  -4.476  -4.414  -4.415   0
   6.04838753  -4.748  -4.555  -4.503  -4.520   0
   6.04941130  -4.761  -4.631  -4.589  -4.622   0
   6.05009031  -4.758  -4.704  -4.675  -4.726   0
   6.05061579  -4.726  -4.771  -4.759  -4.835   0
   6.05099154  -4.652  -4.796  -4.817  -4.943   0
   6.05113173  -4.600  -4.776  -4.825  -4.992   3
   6.05127621  -4.524  -4.721  -4.817  -5.048   0
   6.05137157  -4.458  -4.652  -4.797  -5.087   0
   6.05139399  -4.438  -4.631  -4.790  -5.099   0
   6.05148411  -4.335  -4.501  -4.743  -5.146   0
   6.05156994  -4.231  -4.371  -4.684  -5.172   0
   6.05161953  -4.142  -4.268  -4.638  -5.193   0
   6.05166912  -4.034  -4.149  -4.584  -5.212   0
   6.05171871  -3.882  -4.005  -4.519  -5.228   0
   6.05177259  -3.689  -3.844  -4.446  -5.235   0
   6.05185843  -3.478  -3.678  -4.362  -5.221   0
   6.05202961  -3.272  -3.548  -4.324  -5.253   4
   6.05228662  -3.263  -3.606  -4.440  -5.411   0
   6.05344868  -3.218  -3.650  -4.550  -5.568   0
   6.05392122  -3.260  -3.740  -4.675  -5.718   0
   6.05464172  -3.310  -3.840  -4.809  -5.876   0
   6.05553722  -3.364  -3.939  -4.941  -6.030   0
   6.05653572  -3.395  -4.026  -5.062  -6.176   0
   6.05770445  -3.428  -4.125  -5.199  -6.340   0
   6.05860329  -3.453  -4.213  -5.323  -6.491   0
   6.05933523  -3.468  -4.294  -5.445  -6.642   0
   6.05996847  -3.501  -4.362  -5.533  -6.745   0
