   0.15000001  13.864  12.830  11.474   9.865   0
   0.20000000  12.478  11.705  10.517   9.091   0
   0.25000000  11.711  11.015   9.893   8.549   0
   0.30000001  11.212  10.571   9.489   8.200   0
   0.34999999  10.779  10.184   9.137   7.893   0
   0.40000001  10.369   9.817   8.801   7.598   0
   0.44999999   9.883   9.391   8.411   7.256   0
   0.50000000   9.390   8.969   8.031   6.932   0
   0.55000001   8.764   8.461   7.584   6.561   0
   0.60000002   8.070   7.919   7.119   6.183   0
   0.69999999   6.788   6.903   6.277   5.491   0
   0.80000001   5.793   6.037   5.551   4.889   0
   0.89999998   5.049   5.307   4.913   4.352   0
   0.98564720   4.531   4.751   4.420   3.947   0
   1.00000000   4.452   4.664   4.342   3.883   0
   1.10000002   3.956   4.087   3.833   3.489   0
   1.20000005   3.538   3.572   3.394   3.190   0
   1.29999995   3.173   3.156   3.053   2.961   0
   1.39999998   2.838   2.846   2.797   2.775   0
   1.50000000   2.533   2.604   2.595   2.613   0
   1.60000002   2.256   2.401   2.421   2.464   0
   1.67730713   2.063   2.260   2.299   2.356   0
   1.70000005   2.011   2.222   2.265   2.326   0
   1.75000000   1.899   2.141   2.192   2.260   0
   1.78291142   1.826   2.087   2.144   2.216   0
   1.79999995   1.788   2.059   2.118   2.193   0
   1.89999998   1.581   1.904   1.976   2.063   0
   2.00000000   1.392   1.759   1.842   1.938   0
   2.13707113   1.146   1.565   1.660   1.767   0
   2.20000005   1.035   1.476   1.576   1.688   0
   2.40746403   0.701   1.199   1.313   1.439   0
   2.50000000   0.556   1.075   1.194   1.325   0
   2.64167786   0.347   0.893   1.020   1.157   0
   2.83374882   0.064   0.641   0.775   0.919   0
   2.99239969  -0.170   0.426   0.566   0.714   0
   3.00000000  -0.182   0.416   0.556   0.704   0
   3.00332642  -0.186   0.411   0.552   0.700   0
   3.14888573  -0.401   0.209   0.353   0.504   0
   3.27341533  -0.591   0.025   0.172   0.324   0
   3.38004255  -0.762  -0.144   0.004   0.156   0
   3.47224069  -0.919  -0.303  -0.155  -0.004   1
   3.50000000  -0.970  -0.355  -0.207  -0.057   0
   3.55816269  -1.074  -0.462  -0.314  -0.166   0
   3.62737370  -1.205  -0.600  -0.453  -0.307   0
   3.68989515  -1.338  -0.742  -0.597  -0.454   0
   3.71781278  -1.400  -0.809  -0.664  -0.523   0
   3.74427509  -1.458  -0.869  -0.725  -0.585   0
   3.75701308  -1.485  -0.895  -0.750  -0.611   0
   3.77431965  -1.514  -0.917  -0.771  -0.629   3
   3.78392267  -1.521  -0.912  -0.763  -0.617   0
   3.79057217  -1.513  -0.877  -0.721  -0.568   0
   3.79250717  -1.510  -0.851  -0.690  -0.530   0
   3.79360247  -1.520  -0.839  -0.674  -0.507   0
   3.79376197  -1.512  -0.834  -0.670  -0.504   0
   3.79420495  -1.500  -0.852  -0.695  -0.538   0
   3.79469752  -1.605  -0.985  -0.833  -0.685   0
   3.79536676  -1.740  -1.148  -1.002  -0.863   0
   3.79624248  -1.856  -1.298  -1.160  -1.032   0
   3.79709840  -1.945  -1.420  -1.289  -1.172   0
   3.79808164  -2.034  -1.550  -1.427  -1.324   0
   3.79887748  -2.102  -1.656  -1.541  -1.448   0
   3.79972243  -2.173  -1.772  -1.666  -1.586   0
   3.80058694  -2.246  -1.899  -1.804  -1.740   0
   3.80117607  -2.295  -1.994  -1.907  -1.856   0
   3.80177498  -2.342  -2.096  -2.019  -1.983   0
   3.80206919  -2.364  -2.151  -2.080  -2.053   0
   3.80261374  -2.400  -2.258  -2.200  -2.192   0
   3.80314898  -2.417  -2.366  -2.327  -2.343   0
   3.80341649  -2.409  -2.412  -2.388  -2.420   0
   3.80368400  -2.392  -2.454  -2.448  -2.502   0
   3.80395126  -2.358  -2.479  -2.499  -2.587   0
   3.80417418  -2.318  -2.469  -2.522  -2.657   0
   3.80436110  -2.275  -2.439  -2.530  -2.717   3
   3.80453944  -2.225  -2.384  -2.524  -2.777   0
   3.80470848  -2.170  -2.298  -2.502  -2.831   0
   3.80483317  -2.123  -2.221  -2.472  -2.867   0
   3.80495763  -2.063  -2.131  -2.435  -2.901   0
   3.80508256  -1.990  -2.027  -2.389  -2.932   0
   3.80521584  -1.884  -1.902  -2.332  -2.956   0
   3.80538487  -1.732  -1.752  -2.256  -2.959   0
   3.80564284  -1.528  -1.565  -2.142  -2.913   0
   3.80590987  -1.373  -1.432  -2.060  -2.877   4
   3.80618382  -1.392  -1.489  -2.163  -3.017   0
   3.80638528  -1.452  -1.579  -2.278  -3.153   0
   3.80682826  -1.538  -1.690  -2.411  -3.301   0
   3.80777740  -1.608  -1.779  -2.513  -3.414   0
   3.82912087  -1.606  -1.749  -2.457  -3.338   0
   3.84485912  -1.633  -1.756  -2.443  -3.308   4
   3.86095428  -1.938  -2.011  -2.609  -3.399   0
   3.86771202  -2.211  -2.253  -2.739  -3.421   0
   3.87199497  -2.373  -2.425  -2.818  -3.398   0
   3.87528896  -2.465  -2.539  -2.870  -3.373   0
   3.87817883  -2.529  -2.628  -2.910  -3.349   0
   3.88173294  -2.592  -2.718  -2.947  -3.317   0
   3.88550591  -2.647  -2.798  -2.978  -3.286   0
   3.89005399  -2.705  -2.879  -3.004  -3.249   0
   3.89541650  -2.766  -2.939  -3.020  -3.204   0
   3.90087104  -2.820  -2.980  -3.026  -3.162   3
   3.90717435  -2.875  -3.001  -3.018  -3.114   0
   3.91349268  -2.922  -2.999  -2.996  -3.064   0
   3.92032075  -2.964  -2.989  -2.968  -3.014   0
   3.92811227  -2.995  -2.964  -2.931  -2.962   0
   3.93664408  -3.020  -2.939  -2.896  -2.913   0
   3.94761801  -3.043  -2.912  -2.858  -2.863   0
   3.96297479  -3.066  -2.883  -2.820  -2.812   0
   3.98606944  -3.111  -2.879  -2.808  -2.788   0
   3.98919749  -3.118  -2.883  -2.810  -2.789   0
   4.00000000  -3.159  -2.941  -2.873  -2.857   0
   4.01050043  -3.195  -2.997  -2.932  -2.922   0
   4.02029324  -3.246  -3.092  -3.036  -3.038   0
   4.02531338  -3.275  -3.169  -3.122  -3.137   0
   4.02875662  -3.293  -3.251  -3.215  -3.247   0
   4.03085375  -3.290  -3.323  -3.303  -3.355   0
   4.03182316  -3.265  -3.360  -3.361  -3.440   0
   4.03234386  -3.236  -3.371  -3.394  -3.505   0
   4.03279257  -3.194  -3.365  -3.421  -3.577   0
   4.03315592  -3.131  -3.316  -3.425  -3.655   3
   4.03343487  -3.039  -3.193  -3.394  -3.735   0
   4.03354406  -2.982  -3.111  -3.364  -3.769   0
   4.03362894  -2.911  -3.015  -3.322  -3.797   0
   4.03371334  -2.829  -2.909  -3.273  -3.820   0
   4.03376198  -2.737  -2.803  -3.221  -3.832   0
   4.03382254  -2.623  -2.687  -3.163  -3.835   0
   4.03388262  -2.458  -2.529  -3.073  -3.814   0
   4.03397894  -2.215  -2.315  -2.935  -3.743   0
   4.03409958  -1.982  -2.127  -2.819  -3.686   4
   4.03418350  -2.000  -2.189  -2.926  -3.827   0
   4.03423166  -2.070  -2.290  -3.053  -3.976   0
   4.03431606  -2.160  -2.409  -3.200  -4.143   0
   4.03530264  -2.235  -2.541  -3.370  -4.340   0
   4.03574800  -2.301  -2.655  -3.515  -4.506   0
   4.03643322  -2.383  -2.783  -3.673  -4.686   0
   4.03705835  -2.449  -2.892  -3.811  -4.844   0
   4.03767157  -2.525  -3.011  -3.960  -5.014   0
   4.03829622  -2.603  -3.139  -4.124  -5.202   0
   4.03878832  -2.652  -3.248  -4.267  -5.371   0
   4.03922081  -2.684  -3.349  -4.409  -5.542   0
   4.03958082  -2.704  -3.440  -4.542  -5.704   0
   4.03989315  -2.726  -3.529  -4.669  -5.861   0
   4.04015732  -2.744  -3.610  -4.789  -6.007   0
   4.04038525  -2.767  -3.691  -4.905  -6.149   0
   4.04068518  -2.823  -3.790  -5.032  -6.295   0
   4.04092550  -2.824  -3.852  -5.128  -6.420   0
   4.04108143  -2.827  -3.787  -5.024  -6.284   0
   4.04111719  -2.824  -3.715  -4.909  -6.137   1
   4.04120111  -2.834  -3.788  -5.021  -6.278   0
   4.04130936  -2.824  -3.852  -5.129  -6.421   0
   4.04136944  -2.808  -3.898  -5.209  -6.529   0
   4.04143810  -2.806  -3.912  -5.232  -6.560   0
   4.04150724  -2.804  -3.925  -5.255  -6.590   0
   4.04157639  -2.801  -3.939  -5.278  -6.620   0
   4.04164553  -2.799  -3.952  -5.301  -6.651   0
   4.04171419  -2.796  -3.966  -5.323  -6.681   0
   4.04178190  -2.793  -3.979  -5.346  -6.711   0
   4.04183674  -2.791  -3.989  -5.363  -6.733   0
   4.04190445  -2.788  -4.001  -5.383  -6.761   0
   4.04195881  -2.785  -4.010  -5.400  -6.783   0
   4.04201365  -2.783  -4.020  -5.416  -6.805   0
   4.04245424  -2.777  -4.030  -5.436  -6.833   0
   4.04288244  -2.773  -4.042  -5.457  -6.861   0
   4.04331207  -2.768  -4.053  -5.478  -6.890   0
   4.04374409  -2.764  -4.064  -5.498  -6.917   0
   4.04417896  -2.759  -4.075  -5.518  -6.945   0
   4.04461670  -2.754  -4.085  -5.537  -6.972   0
   4.04505777  -2.749  -4.094  -5.555  -6.996   0
   4.04561138  -2.743  -4.105  -5.576  -7.025   0
   4.04616594  -2.737  -4.116  -5.597  -7.054   0
   4.04672194  -2.730  -4.126  -5.617  -7.083   0
   4.04727936  -2.724  -4.137  -5.638  -7.111   0
   4.04783821  -2.729  -4.153  -5.660  -7.139   0
   4.04839897  -2.733  -4.168  -5.682  -7.167   0
   4.04896116  -2.737  -4.184  -5.705  -7.195   0
   4.04952526  -2.742  -4.199  -5.726  -7.222   0
   4.05009127  -2.747  -4.214  -5.746  -7.248   0
   4.05065966  -2.751  -4.229  -5.767  -7.275   0
   4.05122471  -2.756  -4.244  -5.788  -7.301   0
   4.05176497  -2.760  -4.258  -5.807  -7.326   0
   4.05227995  -2.764  -4.271  -5.825  -7.349   0
   4.05277157  -2.768  -4.284  -5.843  -7.372   0
   4.05333376  -2.772  -4.298  -5.862  -7.397   0
   4.05386877  -2.776  -4.311  -5.880  -7.420   0
   4.05437851  -2.779  -4.323  -5.898  -7.443   0
   4.05494452  -2.783  -4.336  -5.917  -7.467   0
   4.05548191  -2.786  -4.349  -5.934  -7.490   0
   4.05606556  -2.789  -4.362  -5.953  -7.515   0
   4.05661917  -2.792  -4.374  -5.971  -7.538   0
   4.05720997  -2.795  -4.387  -5.989  -7.562   0
   4.05776978  -2.797  -4.399  -6.006  -7.584   0
   4.05787992  -2.798  -4.401  -6.010  -7.588   0
