   0.15000001  13.839  12.813  11.461   9.856   0
   0.20000000  12.458  11.687  10.500   9.077   0
   0.25000000  11.693  10.999   9.878   8.536   0
   0.30000001  11.192  10.553   9.472   8.184   0
   0.34999999  10.757  10.164   9.119   7.877   0
   0.40000001  10.349   9.800   8.786   7.584   0
   0.44999999   9.848   9.360   8.382   7.230   0
   0.50000000   9.344   8.929   7.993   6.899   0
   0.55000001   8.694   8.404   7.533   6.518   0
   0.60000002   7.977   7.844   7.054   6.127   0
   0.65969640   7.144   7.187   6.506   5.677   0
   0.69999999   6.648   6.784   6.174   5.402   0
   0.77056259   5.889   6.126   5.623   4.943   0
   0.80000001   5.625   5.875   5.407   4.762   0
   0.84870911   5.215   5.477   5.059   4.468   0
   0.89999998   4.830   5.078   4.705   4.169   0
   0.91410828   4.728   4.972   4.611   4.091   0
   0.96427357   4.392   4.599   4.277   3.817   0
   1.00000000   4.161   4.337   4.042   3.625   0
   1.00379169   4.137   4.310   4.018   3.606   0
   1.03769553   3.929   4.063   3.801   3.440   0
   1.06840932   3.744   3.842   3.606   3.293   0
   1.09707963   3.573   3.635   3.425   3.159   0
   1.10000002   3.556   3.614   3.406   3.145   0
   1.10304356   3.538   3.592   3.387   3.131   0
   1.12154329   3.428   3.461   3.274   3.050   0
   1.13750970   3.334   3.350   3.179   2.981   0
   1.15142202   3.251   3.254   3.096   2.921   0
   1.16317677   3.183   3.173   3.027   2.870   0
   1.17500234   3.114   3.098   2.962   2.821   0
   1.18663239   3.049   3.028   2.904   2.776   0
   1.19242251   3.016   2.994   2.874   2.753   0
   1.19838464   2.984   2.959   2.845   2.730   0
   1.20000005   2.975   2.950   2.837   2.724   0
   1.20433271   2.950   2.923   2.814   2.707   0
   1.22323883   2.839   2.806   2.713   2.625   0
   1.23269916   2.783   2.748   2.662   2.583   0
   1.24305320   2.723   2.688   2.608   2.536   0
   1.26897132   2.573   2.540   2.470   2.407   0
   1.29889870   2.398   2.360   2.293   2.231   0
   1.29999995   2.391   2.353   2.286   2.224   0
   1.30892110   2.338   2.297   2.230   2.166   1
   1.31792486   2.283   2.237   2.169   2.104   0
   1.32682109   2.222   2.174   2.107   2.041   0
   1.32780409   2.215   2.167   2.100   2.034   0
   1.33557785   2.143   2.102   2.045   1.989   0
   1.33820152   2.100   2.071   2.024   1.981   0
   1.34005463   2.032   2.022   1.994   1.974   0
   1.34068000   1.977   1.988   1.969   1.959   0
   1.34089398   1.951   1.967   1.952   1.945   0
   1.34277427   1.902   1.890   1.865   1.845   0
   1.35208642   1.764   1.698   1.638   1.569   0
   1.35915244   1.681   1.603   1.495   1.356   0
   1.36251640   1.650   1.597   1.432   1.209   0
   1.36489153   1.645   1.642   1.415   1.091   3
   1.36633182   1.658   1.700   1.423   1.018   0
   1.36759222   1.687   1.767   1.443   0.964   0
   1.36835492   1.718   1.815   1.460   0.938   0
   1.36907768   1.752   1.865   1.482   0.919   0
   1.37010241   1.819   1.941   1.518   0.907   0
   1.37109470   1.892   2.020   1.564   0.914   0
   1.37240112   2.016   2.137   1.636   0.941   0
   1.37367368   2.109   2.220   1.688   0.961   0
   1.37421048   2.141   2.248   1.704   0.966   4
   1.37799013   2.105   2.180   1.592   0.815   0
   1.38062894   1.982   2.040   1.437   0.646   0
   1.38273382   1.861   1.909   1.296   0.496   0
   1.38476217   1.732   1.768   1.147   0.339   0
   1.38650525   1.610   1.634   1.005   0.190   0
   1.38818455   1.481   1.495   0.858   0.036   0
   1.38969517   1.339   1.341   0.695  -0.135   0
   1.39098430   1.208   1.201   0.547  -0.291   0
   1.39222765   1.081   1.058   0.394  -0.451   0
   1.39330947   0.960   0.921   0.246  -0.608   0
   1.39427269   0.842   0.786   0.100  -0.763   0
   1.39512670   0.728   0.655  -0.042  -0.914   0
   1.39589012   0.617   0.525  -0.184  -1.065   0
   1.39658153   0.506   0.396  -0.325  -1.216   0
   1.39719367   0.398   0.271  -0.463  -1.364   0
   1.39774871   0.293   0.149  -0.597  -1.508   0
   1.39825952   0.190   0.029  -0.731  -1.652   0
   1.39878285   0.099  -0.077  -0.849  -1.779   0
   1.39895117   0.074  -0.106  -0.881  -1.814   0
   1.39930737   0.180   0.019  -0.740  -1.661   0
   1.39935422   0.196   0.038  -0.719  -1.637   1
   1.39979649   0.084  -0.092  -0.864  -1.793   0
   1.39999998   0.035  -0.151  -0.930  -1.865   0
   1.40024292  -0.021  -0.219  -1.005  -1.947   0
   1.40066409  -0.120  -0.345  -1.146  -2.099   0
   1.40108478  -0.215  -0.474  -1.297  -2.264   0
   1.40144694  -0.308  -0.599  -1.441  -2.422   0
   1.40175772  -0.396  -0.718  -1.578  -2.573   0
   1.40205657  -0.482  -0.838  -1.721  -2.731   0
   1.40231133  -0.560  -0.950  -1.855  -2.881   0
   1.40255189  -0.634  -1.064  -1.996  -3.039   0
   1.40276003  -0.687  -1.163  -2.125  -3.191   0
   1.40295637  -0.761  -1.276  -2.260  -3.342   0
   1.40312505  -0.808  -1.374  -2.386  -3.487   0
   1.40328431  -0.860  -1.475  -2.513  -3.635   0
   1.40342963  -0.873  -1.553  -2.628  -3.776   0
   1.40354729  -0.907  -1.630  -2.730  -3.897   2
   1.40354729   0.736   0.770   0.210  -0.548   1
   1.40439904   0.753   0.780   0.209  -0.558   0
   1.40545499   0.744   0.769   0.193  -0.578   0
   1.40560091   0.742   0.766   0.191  -0.580   0
   1.40661633   0.720   0.745   0.171  -0.598   0
   1.40782464   0.691   0.717   0.148  -0.618   0
   1.40905631   0.663   0.690   0.124  -0.639   0
   1.41032326   0.632   0.661   0.100  -0.659   0
   1.41163576   0.604   0.633   0.076  -0.680   0
   1.41297674   0.575   0.606   0.052  -0.701   0
   1.41430461   0.549   0.580   0.029  -0.722   0
   1.41561615   0.525   0.557   0.007  -0.742   0
   1.41689241   0.506   0.537  -0.012  -0.760   0
   1.41774523   0.493   0.524  -0.025  -0.772   0
   1.41812623   0.488   0.518  -0.030  -0.778   0
   1.41926479   0.474   0.503  -0.046  -0.794   0
   1.42037964   0.463   0.491  -0.060  -0.810   0
   1.42165864   0.453   0.478  -0.077  -0.830   0
   1.42293584   0.449   0.469  -0.092  -0.851   0
   1.42437994   0.448   0.461  -0.110  -0.878   0
   1.42500174   0.448   0.458  -0.120  -0.893   0
   1.42580223   0.452   0.454  -0.135  -0.917   0
   1.42689586   0.448   0.435  -0.176  -0.978   0
   1.42721057   0.434   0.414  -0.209  -1.021   0
   1.42737377   0.409   0.376  -0.264  -1.091   0
   1.42741668   0.376   0.334  -0.317  -1.154   0
   1.42744350   0.334   0.273  -0.394  -1.244   0
   1.42746389   0.236   0.146  -0.545  -1.413   0
   1.42748165   0.129   0.013  -0.699  -1.582   0
   1.42750263   0.024  -0.114  -0.843  -1.741   0
   1.42752409  -0.010  -0.155  -0.891  -1.794   0
   1.42766595   0.073  -0.054  -0.775  -1.665   1
   1.42791283  -0.030  -0.181  -0.921  -1.826   0
   1.42804945  -0.174  -0.360  -1.127  -2.053   0
   1.42818606  -0.309  -0.531  -1.325  -2.271   0
   1.42832267  -0.428  -0.701  -1.527  -2.496   0
   1.42841375  -0.518  -0.831  -1.681  -2.668   0
   1.42850244  -0.610  -0.963  -1.839  -2.845   0
   1.42858934  -0.693  -1.093  -2.001  -3.027   0
   1.42864752  -0.746  -1.192  -2.131  -3.180   0
   1.42869222  -0.806  -1.296  -2.265  -3.335   0
   1.42872965  -0.860  -1.399  -2.396  -3.485   0
   1.42876256  -0.908  -1.496  -2.519  -3.629   0
   1.42879570  -0.939  -1.590  -2.648  -3.783   0
   1.42882836  -0.962  -1.681  -2.779  -3.942   0
   1.42884350  -0.991  -1.769  -2.902  -4.090   0
   1.42884612  -1.002  -1.808  -2.957  -4.158   0
   1.42885160  -1.006  -1.826  -2.983  -4.190   0
   1.42885709  -1.010  -1.844  -3.010  -4.222   0
   1.42886269  -1.013  -1.861  -3.036  -4.255   0
   1.42886817  -1.016  -1.879  -3.062  -4.287   0
   1.42887366  -1.019  -1.896  -3.088  -4.319   0
   1.42887926  -1.022  -1.913  -3.114  -4.351   0
   1.42888474  -1.023  -1.930  -3.139  -4.383   0
   1.42888916  -1.024  -1.944  -3.159  -4.408   0
   1.42889464  -1.025  -1.960  -3.184  -4.440   0
   1.42890024  -1.026  -1.977  -3.209  -4.472   0
   1.42890573  -1.026  -1.994  -3.234  -4.504   0
   1.42891121  -1.027  -2.010  -3.259  -4.536   0
   1.42891657  -1.027  -2.026  -3.284  -4.567   0
   1.42892182  -1.027  -2.042  -3.308  -4.597   0
   1.42892706  -1.027  -2.057  -3.332  -4.627   0
   1.42893231  -1.027  -2.072  -3.355  -4.658   0
   1.42893744  -1.026  -2.088  -3.379  -4.688   0
   1.42894268  -1.026  -2.103  -3.403  -4.719   0
   1.42894793  -1.025  -2.118  -3.427  -4.749   0
   1.42895317  -1.024  -2.133  -3.451  -4.780   0
   1.42895830  -1.023  -2.149  -3.475  -4.811   0
   1.42896354  -1.021  -2.163  -3.498  -4.842   0
   1.42896879  -1.018  -2.177  -3.522  -4.873   0
   1.42897403  -1.016  -2.191  -3.545  -4.904   0
   1.42897916  -1.013  -2.205  -3.569  -4.936   0
   1.42898440  -1.010  -2.219  -3.592  -4.967   0
   1.42898965  -1.008  -2.227  -3.607  -4.986   0
   1.42899489  -1.005  -2.232  -3.616  -4.999   0
   1.42899907  -1.003  -2.236  -3.624  -5.009   0
   1.42900324  -1.002  -2.240  -3.632  -5.020   0
   1.42900836  -0.999  -2.245  -3.641  -5.033   0
   1.42902398  -0.995  -2.258  -3.663  -5.063   0
   1.42903924  -0.990  -2.270  -3.685  -5.093   0
   1.42905462  -0.985  -2.282  -3.707  -5.123   0
   1.42906988  -0.980  -2.294  -3.729  -5.153   0
   1.42908490  -0.974  -2.305  -3.751  -5.183   0
   1.42909992  -0.969  -2.317  -3.772  -5.213   0
   1.42911470  -0.963  -2.328  -3.794  -5.243   0
   1.42912948  -0.957  -2.339  -3.814  -5.272   0
   1.42914414  -0.951  -2.349  -3.834  -5.301   0
   1.42915857  -0.944  -2.359  -3.854  -5.330   0
   1.42917311  -0.938  -2.369  -3.874  -5.359   0
   1.42918742  -0.931  -2.379  -3.894  -5.388   0
   1.42920160  -0.924  -2.389  -3.914  -5.417   0
   1.42921567  -0.917  -2.399  -3.933  -5.446   0
   1.42922974  -0.909  -2.408  -3.953  -5.475   0
   1.42924356  -0.901  -2.417  -3.973  -5.503   0
   1.42925727  -0.893  -2.426  -3.992  -5.532   0
   1.42927086  -0.884  -2.435  -4.011  -5.561   0
   1.42928445  -0.875  -2.444  -4.031  -5.590   0
   1.42929792  -0.866  -2.452  -4.050  -5.619   0
   1.42931116  -0.860  -2.462  -4.069  -5.648   0
   1.42932439  -0.864  -2.478  -4.091  -5.676   0
   1.42933750  -0.868  -2.493  -4.113  -5.704   0
   1.42935038  -0.872  -2.508  -4.135  -5.732   0
   1.42936325  -0.876  -2.524  -4.157  -5.761   0
   1.42937601  -0.880  -2.539  -4.179  -5.789   0
   1.42938864  -0.884  -2.554  -4.200  -5.817   0
   1.42940116  -0.887  -2.570  -4.222  -5.846   0
   1.42941356  -0.891  -2.585  -4.244  -5.874   0
   1.42942584  -0.894  -2.600  -4.265  -5.902   0
   1.42943811  -0.897  -2.615  -4.287  -5.930   0
   1.42945015  -0.899  -2.629  -4.307  -5.957   0
   1.42946208  -0.901  -2.642  -4.328  -5.984   0
   1.42947412  -0.903  -2.656  -4.348  -6.011   0
   1.42948604  -0.911  -2.672  -4.367  -6.037   2
   1.42949808  -0.939  -2.695  -4.387  -6.063   0
   1.42950976  -0.968  -2.720  -4.407  -6.088   0
   1.42952144  -0.998  -2.745  -4.426  -6.113   0
   1.42953265  -1.028  -2.769  -4.445  -6.136   0
   1.42954457  -1.065  -2.795  -4.461  -6.156   0
   1.42954612  -1.071  -2.799  -4.463  -6.159   0
