   0.15000001  13.760  12.791  11.453   9.866   0
   0.20000000  12.335  11.661  10.492   9.088   0
   0.25000000  11.557  10.975   9.870   8.543   0
   0.30000001  11.055  10.534   9.468   8.190   0
   0.34999999  10.619  10.150   9.117   7.881   0
   0.40000001  10.209   9.787   8.783   7.585   0
   0.44999999   9.724   9.362   8.395   7.241   0
   0.50000000   9.232   8.943   8.017   6.914   0
   0.55000001   8.609   8.434   7.575   6.543   0
   0.60000002   7.706   7.746   7.025   6.126   0
   0.67676061   6.792   6.980   6.381   5.589   0
   0.69999999   6.551   6.772   6.204   5.441   0
   0.80000001   5.626   5.922   5.476   4.835   0
   0.89999998   4.911   5.192   4.830   4.298   0
   0.97473866   4.468   4.696   4.389   3.941   0
   1.00000000   4.331   4.536   4.245   3.826   0
   1.10000002   3.839   3.934   3.718   3.439   0
   1.20000005   3.417   3.422   3.286   3.147   0
   1.27432477   3.129   3.120   3.038   2.973   0
   1.29999995   3.031   3.028   2.962   2.916   0
   1.34846902   2.855   2.873   2.832   2.816   0
   1.39999998   2.672   2.723   2.704   2.713   0
   1.50000000   2.349   2.478   2.494   2.532   0
   1.54915559   2.194   2.363   2.392   2.442   0
   1.60000002   2.036   2.244   2.287   2.347   0
   1.64600360   1.899   2.143   2.196   2.264   0
   1.70000005   1.741   2.024   2.088   2.165   0
   1.73341489   1.647   1.952   2.021   2.103   0
   1.75000000   1.600   1.915   1.987   2.071   0
   1.76999998   1.542   1.868   1.943   2.030   0
   1.79999995   1.456   1.798   1.877   1.967   0
   1.82011664   1.400   1.751   1.832   1.925   0
   1.88409579   1.214   1.588   1.675   1.772   0
   1.89999998   1.167   1.544   1.633   1.731   0
   1.93536043   1.062   1.448   1.539   1.638   0
   1.98395193   0.910   1.302   1.395   1.495   0
   2.00000000   0.858   1.249   1.343   1.443   1
   2.02671838   0.772   1.163   1.257   1.356   0
   2.06544518   0.640   1.025   1.119   1.215   0
   2.09923124   0.519   0.893   0.986   1.079   0
   2.12932920   0.403   0.765   0.856   0.945   0
   2.14314055   0.348   0.705   0.795   0.882   0
   2.15604115   0.296   0.650   0.740   0.826   0
   2.16141009   0.275   0.629   0.719   0.805   0
   2.17055535   0.241   0.603   0.696   0.784   3
   2.17515540   0.226   0.605   0.701   0.793   0
   2.17830276   0.215   0.629   0.732   0.833   0
   2.17920256   0.201   0.642   0.751   0.859   0
   2.17973399   0.170   0.640   0.754   0.869   0
   2.17980289   0.177   0.643   0.757   0.871   0
   2.18004036   0.180   0.613   0.720   0.826   0
   2.18042636   0.070   0.469   0.570   0.666   0
   2.18111920  -0.045   0.313   0.407   0.491   0
   2.18201995  -0.124   0.190   0.275   0.348   0
   2.18294382  -0.185   0.088   0.165   0.226   0
   2.18398404  -0.244  -0.023   0.045   0.093   0
   2.18479705  -0.286  -0.112  -0.055  -0.020   0
   2.18561268  -0.324  -0.209  -0.165  -0.145   0
   2.18615460  -0.347  -0.278  -0.244  -0.238   0
   2.18669462  -0.360  -0.345  -0.327  -0.339   0
   2.18726540  -0.359  -0.407  -0.413  -0.454   0
   2.18783903  -0.343  -0.447  -0.489  -0.579   0
   2.18841791  -0.307  -0.432  -0.535  -0.712   3
   2.18871093  -0.280  -0.380  -0.534  -0.779   0
   2.18900633  -0.245  -0.304  -0.515  -0.842   0
   2.18930364  -0.199  -0.202  -0.476  -0.902   0
   2.18960547  -0.129  -0.075  -0.420  -0.952   0
   2.18991065  -0.034   0.054  -0.358  -0.976   0
   2.19053650   0.194   0.295  -0.207  -0.931   0
   2.19085717   0.283   0.379  -0.155  -0.915   4
   2.19151378   0.237   0.310  -0.260  -1.056   0
   2.19212914   0.153   0.216  -0.367  -1.174   0
   2.19280481   0.064   0.118  -0.474  -1.291   0
   2.19355035  -0.028   0.016  -0.584  -1.409   0
   2.19431663  -0.111  -0.075  -0.681  -1.513   0
   2.19448662  -0.129  -0.095  -0.703  -1.535   0
   2.19489360  -0.062  -0.021  -0.622  -1.449   0
   2.19531775  -0.001   0.047  -0.549  -1.370   0
   2.19864178   0.107   0.168  -0.413  -1.220   0
   2.20000005   0.112   0.176  -0.402  -1.205   0
   2.20603776   0.133   0.206  -0.356  -1.143   4
   2.21403050  -0.058   0.029  -0.483  -1.220   0
   2.21925163  -0.224  -0.141  -0.603  -1.283   0
   2.22320914  -0.344  -0.272  -0.685  -1.307   0
   2.22698402  -0.443  -0.395  -0.755  -1.309   0
   2.23038006  -0.515  -0.502  -0.814  -1.299   0
   2.23460388  -0.582  -0.608  -0.873  -1.288   0
   2.23836374  -0.639  -0.703  -0.924  -1.274   0
   2.24284101  -0.698  -0.799  -0.974  -1.254   0
   2.24881530  -0.763  -0.890  -1.017  -1.234   0
   2.25441289  -0.826  -0.967  -1.049  -1.209   0
   2.26100039  -0.891  -1.019  -1.071  -1.187   0
   2.26976991  -0.968  -1.066  -1.090  -1.169   0
   2.28637099  -1.089  -1.140  -1.137  -1.182   0
   2.30514097  -1.207  -1.209  -1.189  -1.216   0
   2.32292986  -1.311  -1.281  -1.251  -1.268   1
   2.34206343  -1.422  -1.426  -1.404  -1.434   0
   2.34624696  -1.447  -1.492  -1.482  -1.526   0
   2.34961390  -1.461  -1.542  -1.548  -1.614   0
   2.35178018  -1.464  -1.576  -1.598  -1.685   0
   2.35754704  -1.475  -1.618  -1.675  -1.814   0
   2.35805678  -1.457  -1.608  -1.695  -1.875   0
   2.35840034  -1.436  -1.582  -1.705  -1.933   3
   2.35866499  -1.412  -1.539  -1.702  -1.985   0
   2.35886192  -1.388  -1.489  -1.695  -2.033   0
   2.35901499  -1.359  -1.430  -1.677  -2.074   0
   2.35916185  -1.317  -1.351  -1.649  -2.117   0
   2.35929894  -1.253  -1.249  -1.603  -2.151   0
   2.35943747  -1.101  -1.063  -1.506  -2.165   0
   2.35950685  -0.947  -0.905  -1.407  -2.131   0
   2.35962558  -0.759  -0.743  -1.328  -2.137   4
   2.35967135  -0.802  -0.799  -1.407  -2.239   0
   2.36038876  -0.982  -1.024  -1.674  -2.541   0
   2.36077738  -1.085  -1.151  -1.821  -2.705   0
   2.36116600  -1.256  -1.355  -2.050  -2.955   0
   2.36146116  -1.421  -1.553  -2.274  -3.201   0
   2.36165857  -1.537  -1.691  -2.431  -3.373   0
   2.36188436  -1.646  -1.827  -2.585  -3.541   0
   2.36214805  -1.759  -1.980  -2.765  -3.740   0
   2.36233282  -1.846  -2.098  -2.904  -3.894   0
   2.36251569  -1.944  -2.228  -3.055  -4.060   0
   2.36268163  -2.039  -2.359  -3.211  -4.235   0
   2.36281395  -2.123  -2.476  -3.351  -4.391   0
   2.36295605  -2.217  -2.608  -3.510  -4.570   0
   2.36307430  -2.295  -2.726  -3.657  -4.739   0
   2.36319733  -2.371  -2.848  -3.813  -4.919   0
   2.36331892  -2.424  -2.960  -3.961  -5.094   0
   2.36339784  -2.461  -3.045  -4.077  -5.233   0
   2.36347675  -2.498  -3.134  -4.201  -5.382   0
   2.36356831  -2.517  -3.180  -4.266  -5.460   0
   2.36364079  -2.526  -3.202  -4.296  -5.497   0
   2.36366439  -2.539  -3.248  -4.363  -5.580   0
   2.36368823  -2.546  -3.266  -4.388  -5.611   0
   2.36370730  -2.552  -3.280  -4.409  -5.636   0
   2.36373115  -2.559  -3.298  -4.435  -5.668   0
   2.36375475  -2.565  -3.316  -4.460  -5.699   0
   2.36377859  -2.571  -3.333  -4.485  -5.730   0
   2.36379766  -2.576  -3.347  -4.505  -5.755   0
   2.36382151  -2.582  -3.364  -4.531  -5.787   0
   2.36384535  -2.588  -3.382  -4.556  -5.818   0
   2.36389852  -2.597  -3.408  -4.595  -5.868   0
   2.36399579  -2.612  -3.455  -4.664  -5.954   0
   2.36409187  -2.626  -3.500  -4.732  -6.039   0
   2.36418724  -2.631  -3.520  -4.762  -6.078   0
   2.36426282  -2.632  -3.533  -4.783  -6.106   0
   2.36433792  -2.633  -3.547  -4.805  -6.134   0
   2.36441207  -2.634  -3.560  -4.826  -6.162   0
   2.36448598  -2.634  -3.573  -4.848  -6.190   0
   2.36455894  -2.634  -3.586  -4.869  -6.218   0
   2.36463118  -2.634  -3.599  -4.890  -6.246   0
   2.36470318  -2.634  -3.612  -4.911  -6.274   0
   2.36477470  -2.634  -3.624  -4.932  -6.302   0
   2.36484551  -2.634  -3.637  -4.952  -6.329   0
   2.36491585  -2.633  -3.649  -4.972  -6.357   0
   2.36498570  -2.632  -3.661  -4.993  -6.384   0
   2.36505532  -2.632  -3.673  -5.013  -6.411   0
   2.36512446  -2.630  -3.684  -5.032  -6.437   0
   2.36519313  -2.629  -3.695  -5.052  -6.464   0
   2.36526132  -2.628  -3.706  -5.071  -6.490   0
   2.36532950  -2.626  -3.717  -5.090  -6.517   0
   2.36539721  -2.624  -3.728  -5.109  -6.543   0
   2.36546469  -2.622  -3.738  -5.128  -6.568   0
   2.36553192  -2.619  -3.748  -5.146  -6.594   0
   2.36559892  -2.619  -3.759  -5.164  -6.619   0
   2.36566591  -2.624  -3.773  -5.184  -6.643   0
   2.36573291  -2.630  -3.786  -5.203  -6.667   0
   2.36579967  -2.635  -3.800  -5.222  -6.691   0
   2.36586666  -2.640  -3.813  -5.241  -6.714   0
   2.36593366  -2.645  -3.826  -5.259  -6.737   0
   2.36600065  -2.649  -3.838  -5.277  -6.759   0
   2.36606765  -2.653  -3.850  -5.294  -6.781   0
   2.36613488  -2.657  -3.862  -5.311  -6.802   0
   2.36620259  -2.661  -3.873  -5.327  -6.823   0
   2.36627054  -2.665  -3.885  -5.344  -6.844   0
   2.36633921  -2.668  -3.896  -5.360  -6.865   0
   2.36642551  -2.672  -3.910  -5.380  -6.891   0
   2.36651278  -2.676  -3.923  -5.400  -6.916   0
   2.36659646  -2.679  -3.935  -5.418  -6.939   0
   2.36669135  -2.682  -3.948  -5.438  -6.965   0
   2.36678076  -2.685  -3.960  -5.456  -6.989   0
   2.36686492  -2.687  -3.971  -5.473  -7.011   0
   2.36695790  -2.688  -3.983  -5.492  -7.035   0
   2.36704540  -2.689  -3.993  -5.508  -7.057   0
   2.36713910  -2.690  -4.004  -5.526  -7.080   0
   2.36723781  -2.690  -4.014  -5.543  -7.104   0
   2.36733985  -2.689  -4.024  -5.560  -7.127   0
   2.36744332  -2.685  -4.031  -5.574  -7.148   0
   2.36753893  -2.670  -4.027  -5.578  -7.158   3
   2.36757207  -2.646  -4.010  -5.564  -7.149   0
   2.36758471  -2.611  -3.980  -5.539  -7.127   0
