   0.15000001  13.761  12.792  11.454   9.866   0
   0.20000000  12.336  11.662  10.493   9.089   0
   0.25000000  11.558  10.976   9.871   8.543   0
   0.30000001  11.056  10.535   9.469   8.191   0
   0.34999999  10.620  10.151   9.118   7.882   0
   0.40000001  10.210   9.788   8.784   7.586   0
   0.44999999   9.726   9.364   8.396   7.242   0
   0.50000000   9.235   8.946   8.020   6.916   0
   0.55000001   8.614   8.439   7.578   6.546   0
   0.60000002   7.713   7.752   7.030   6.130   0
   0.69999999   6.560   6.781   6.212   5.448   0
   0.73438990   6.211   6.470   5.948   5.229   0
   0.80000001   5.634   5.931   5.483   4.842   0
   0.89999998   4.923   5.205   4.841   4.308   0
   1.00000000   4.346   4.554   4.262   3.840   0
   1.05121589   4.088   4.241   3.988   3.636   0
   1.10000002   3.860   3.959   3.741   3.456   0
   1.14671695   3.660   3.710   3.529   3.313   0
   1.20000005   3.444   3.452   3.312   3.168   0
   1.20731270   3.416   3.420   3.287   3.150   0
   1.29999995   3.066   3.062   2.992   2.942   0
   1.39999998   2.716   2.763   2.740   2.746   0
   1.48695338   2.443   2.555   2.563   2.596   0
   1.50000000   2.404   2.525   2.538   2.574   0
   1.52354228   2.333   2.474   2.493   2.534   0
   1.60000002   2.107   2.306   2.345   2.403   0
   1.65509319   1.955   2.195   2.246   2.314   0
   1.70000005   1.833   2.105   2.165   2.240   0
   1.75000000   1.702   2.008   2.076   2.159   0
   1.76999998   1.651   1.969   2.041   2.126   0
   1.79674268   1.583   1.917   1.992   2.081   0
   1.79999995   1.574   1.910   1.986   2.076   0
   1.89553285   1.334   1.717   1.805   1.905   0
   1.89999998   1.322   1.708   1.796   1.897   0
   1.97215736   1.142   1.554   1.649   1.755   0
   2.00000000   1.070   1.489   1.587   1.695   0
   2.04324913   0.960   1.391   1.491   1.601   0
   2.10843587   0.789   1.230   1.334   1.446   0
   2.16475344   0.633   1.078   1.184   1.296   0
   2.20000005   0.531   0.974   1.081   1.192   1
   2.21313763   0.494   0.938   1.044   1.155   0
   2.26030540   0.356   0.796   0.903   1.012   0
   2.30139542   0.228   0.657   0.763   0.868   0
   2.33813643   0.106   0.526   0.629   0.732   0
   2.35508728   0.047   0.461   0.564   0.665   0
   2.37095714  -0.008   0.403   0.506   0.606   0
   2.37719917  -0.029   0.383   0.486   0.586   0
   2.38818765  -0.062   0.359   0.464   0.566   3
   2.39348030  -0.074   0.363   0.472   0.578   0
   2.39708495  -0.079   0.392   0.508   0.622   0
   2.39810872  -0.091   0.405   0.526   0.648   0
   2.39871573  -0.115   0.406   0.533   0.661   0
   2.39879847  -0.108   0.410   0.536   0.664   0
   2.39909720  -0.100   0.384   0.503   0.621   0
   2.39954829  -0.227   0.223   0.335   0.443   0
   2.40031695  -0.346   0.063   0.168   0.265   0
   2.40128279  -0.436  -0.070   0.027   0.111   0
   2.40226674  -0.505  -0.182  -0.094  -0.022   0
   2.40339541  -0.575  -0.308  -0.230  -0.173   0
   2.40429449  -0.630  -0.415  -0.347  -0.304   0
   2.40521169  -0.682  -0.536  -0.481  -0.456   0
   2.40582776  -0.712  -0.624  -0.582  -0.572   0
   2.40644336  -0.730  -0.709  -0.687  -0.699   0
   2.40695333  -0.728  -0.771  -0.772  -0.812   0
   2.40746260  -0.710  -0.812  -0.846  -0.930   0
   2.40797400  -0.672  -0.805  -0.893  -1.055   0
   2.40823317  -0.645  -0.764  -0.897  -1.119   3
   2.40849233  -0.612  -0.699  -0.887  -1.182   0
   2.40875268  -0.572  -0.610  -0.856  -1.240   0
   2.40901136  -0.514  -0.499  -0.809  -1.291   0
   2.40927124  -0.429  -0.368  -0.749  -1.329   0
   2.40952945  -0.336  -0.252  -0.688  -1.338   0
   2.41004682  -0.124  -0.035  -0.548  -1.286   0
   2.41029024  -0.042   0.039  -0.502  -1.269   4
   2.41077280  -0.083  -0.021  -0.595  -1.394   0
   2.41140318  -0.180  -0.134  -0.726  -1.542   0
   2.41218901  -0.284  -0.250  -0.853  -1.680   0
   2.41305566  -0.369  -0.343  -0.953  -1.788   0
   2.41390729  -0.311  -0.278  -0.882  -1.711   0
   2.41728163  -0.220  -0.176  -0.767  -1.582   0
   2.42528939  -0.199  -0.144  -0.716  -1.514   4
   2.43333864  -0.385  -0.313  -0.837  -1.587   0
   2.43859863  -0.573  -0.503  -0.965  -1.646   0
   2.44258666  -0.710  -0.659  -1.055  -1.653   0
   2.44639134  -0.824  -0.818  -1.137  -1.631   0
   2.44981480  -0.900  -0.942  -1.199  -1.603   0
   2.45407367  -0.964  -1.049  -1.251  -1.576   0
   2.45786572  -1.017  -1.139  -1.292  -1.548   0
   2.46238184  -1.072  -1.210  -1.317  -1.514   0
   2.46841002  -1.134  -1.274  -1.338  -1.479   0
   2.47405982  -1.188  -1.315  -1.351  -1.448   3
   2.48071074  -1.247  -1.331  -1.344  -1.410   0
   2.48956847  -1.311  -1.339  -1.327  -1.364   0
   2.50000000  -1.371  -1.335  -1.304  -1.319   0
   2.51566982  -1.439  -1.352  -1.308  -1.309   0
   2.54797316  -1.577  -1.441  -1.386  -1.376   0
   2.54840493  -1.578  -1.442  -1.388  -1.377   0
   2.57065511  -1.700  -1.591  -1.541  -1.539   0
   2.57810068  -1.750  -1.683  -1.642  -1.652   0
   2.58236146  -1.784  -1.760  -1.728  -1.750   0
   2.58723402  -1.809  -1.831  -1.814  -1.853   0
   2.58994937  -1.816  -1.889  -1.890  -1.953   0
   2.59056687  -1.803  -1.917  -1.937  -2.025   0
   2.59097838  -1.786  -1.923  -1.967  -2.091   0
   2.59133077  -1.761  -1.918  -1.993  -2.163   0
   2.59156561  -1.731  -1.884  -2.000  -2.225   3
   2.59172440  -1.699  -1.833  -1.993  -2.276   0
   2.59183216  -1.665  -1.773  -1.979  -2.318   0
   2.59192014  -1.623  -1.698  -1.948  -2.351   0
   2.59198356  -1.576  -1.620  -1.914  -2.378   0
   2.59203005  -1.524  -1.539  -1.873  -2.394   0
   2.59207654  -1.451  -1.445  -1.821  -2.397   0
   2.59209847  -1.409  -1.394  -1.790  -2.390   0
   2.59216833  -1.250  -1.217  -1.676  -2.353   0
   2.59227419  -1.031  -1.014  -1.577  -2.365   4
   2.59234405  -1.063  -1.068  -1.673  -2.502   0
   2.59246039  -1.137  -1.169  -1.803  -2.658   0
   2.59343433  -1.278  -1.354  -2.029  -2.917   0
   2.59384251  -1.420  -1.524  -2.221  -3.127   0
   2.59414721  -1.559  -1.689  -2.407  -3.329   0
   2.59436917  -1.667  -1.819  -2.554  -3.491   0
   2.59463263  -1.771  -1.945  -2.698  -3.650   0
   2.59497881  -1.886  -2.097  -2.874  -3.843   0
   2.59530640  -1.996  -2.248  -3.052  -4.040   0
   2.59563684  -2.124  -2.423  -3.259  -4.270   0
   2.59583569  -2.216  -2.547  -3.404  -4.431   0
   2.59600854  -2.298  -2.664  -3.546  -4.592   0
   2.59620738  -2.403  -2.814  -3.728  -4.797   0
   2.59636736  -2.493  -2.949  -3.897  -4.991   0
   2.59649897  -2.541  -3.055  -4.042  -5.164   0
   2.59662008  -2.596  -3.165  -4.187  -5.335   0
   2.59674668  -2.647  -3.274  -4.333  -5.509   0
   2.59686279  -2.676  -3.366  -4.467  -5.674   0
   2.59693742  -2.707  -3.437  -4.567  -5.795   0
   2.59707689  -2.670  -3.347  -4.441  -5.641   1
   2.59711814  -2.692  -3.408  -4.528  -5.748   0
   2.59715104  -2.700  -3.427  -4.554  -5.780   0
   2.59718370  -2.706  -3.445  -4.580  -5.812   0
   2.59721613  -2.713  -3.463  -4.606  -5.844   0
   2.59724879  -2.719  -3.481  -4.632  -5.876   0
   2.59728122  -2.725  -3.498  -4.658  -5.908   0
   2.59731388  -2.731  -3.516  -4.683  -5.940   0
   2.59734631  -2.738  -3.534  -4.709  -5.972   0
   2.59737897  -2.744  -3.551  -4.735  -6.005   0
   2.59741139  -2.749  -3.569  -4.761  -6.037   0
   2.59744406  -2.755  -3.586  -4.786  -6.069   0
   2.59747624  -2.761  -3.603  -4.812  -6.101   0
   2.59750843  -2.767  -3.620  -4.837  -6.133   0
   2.59754062  -2.772  -3.637  -4.861  -6.163   0
   2.59757257  -2.776  -3.651  -4.882  -6.190   0
   2.59760475  -2.781  -3.665  -4.903  -6.216   0
   2.59763694  -2.785  -3.679  -4.924  -6.243   0
   2.59766912  -2.787  -3.692  -4.945  -6.269   0
   2.59770107  -2.788  -3.705  -4.964  -6.295   0
   2.59777474  -2.787  -3.715  -4.982  -6.319   0
   2.59788299  -2.788  -3.729  -5.004  -6.348   0
   2.59799051  -2.788  -3.742  -5.026  -6.376   0
   2.59809732  -2.788  -3.755  -5.047  -6.405   0
   2.59820366  -2.788  -3.768  -5.069  -6.433   0
   2.59830928  -2.788  -3.781  -5.090  -6.462   0
   2.59841442  -2.788  -3.794  -5.111  -6.490   0
   2.59851909  -2.787  -3.806  -5.132  -6.518   0
   2.59862351  -2.786  -3.818  -5.152  -6.546   0
   2.59872723  -2.785  -3.830  -5.173  -6.573   0
   2.59883094  -2.784  -3.842  -5.193  -6.600   0
   2.59893417  -2.783  -3.853  -5.212  -6.627   0
   2.59903741  -2.781  -3.864  -5.231  -6.653   0
   2.59914064  -2.779  -3.875  -5.251  -6.679   0
   2.59924364  -2.777  -3.885  -5.269  -6.705   0
   2.59934688  -2.775  -3.896  -5.288  -6.731   0
   2.59945011  -2.777  -3.908  -5.308  -6.757   0
   2.59955359  -2.783  -3.922  -5.328  -6.782   0
   2.59965754  -2.789  -3.937  -5.347  -6.806   0
   2.59976196  -2.794  -3.950  -5.367  -6.831   0
   2.59986687  -2.799  -3.964  -5.386  -6.855   0
   2.59997249  -2.804  -3.978  -5.406  -6.879   0
   2.60007930  -2.809  -3.991  -5.424  -6.903   0
   2.60018682  -2.813  -4.004  -5.443  -6.926   0
   2.60032320  -2.819  -4.019  -5.465  -6.954   0
   2.60046053  -2.823  -4.034  -5.486  -6.981   0
   2.60059452  -2.828  -4.047  -5.506  -7.007   0
   2.60072160  -2.832  -4.060  -5.525  -7.031   0
   2.60086608  -2.836  -4.075  -5.547  -7.058   0
   2.60100269  -2.839  -4.088  -5.566  -7.083   0
   2.60113192  -2.842  -4.100  -5.585  -7.107   0
   2.60127425  -2.845  -4.113  -5.605  -7.133   0
   2.60140872  -2.847  -4.125  -5.623  -7.157   0
   2.60155344  -2.849  -4.137  -5.642  -7.182   0
   2.60168958  -2.850  -4.148  -5.660  -7.205   0
   2.60183358  -2.851  -4.159  -5.678  -7.229   0
   2.60198331  -2.851  -4.170  -5.696  -7.253   0
   2.60213685  -2.850  -4.180  -5.713  -7.277   0
   2.60230803  -2.843  -4.185  -5.726  -7.298   3
   2.60238361  -2.827  -4.176  -5.722  -7.298   0
   2.60241556  -2.807  -4.161  -5.710  -7.289   0
   2.60242915  -2.783  -4.142  -5.693  -7.275   0
   2.60243464  -2.755  -4.118  -5.672  -7.256   0
