   0.15000001  13.766  12.796  11.456   9.868   0
   0.20000000  12.340  11.666  10.496   9.092   0
   0.25000000  11.561  10.979   9.874   8.546   0
   0.30000001  11.060  10.538   9.472   8.194   0
   0.34999999  10.625  10.154   9.121   7.885   0
   0.40000001  10.214   9.791   8.787   7.589   0
   0.44999999   9.733   9.371   8.402   7.247   0
   0.50000000   9.245   8.955   8.028   6.924   0
   0.55000001   8.631   8.453   7.591   6.557   0
   0.60000002   7.737   7.772   7.048   6.146   0
   0.69999999   6.598   6.815   6.243   5.475   0
   0.80000001   5.684   5.979   5.526   4.878   0
   0.89999998   4.979   5.264   4.895   4.354   0
   1.00000000   4.409   4.628   4.329   3.896   0
   1.10000002   3.940   4.056   3.828   3.525   0
   1.20000005   3.538   3.555   3.404   3.244   0
   1.29999995   3.180   3.175   3.094   3.031   0
   1.39999998   2.856   2.893   2.859   2.854   0
   1.50000000   2.570   2.673   2.674   2.703   0
   1.60000002   2.311   2.486   2.514   2.565   0
   1.70000005   2.083   2.324   2.372   2.440   0
   1.75000000   1.978   2.249   2.306   2.381   0
   1.76999998   1.938   2.221   2.281   2.359   0
   1.79999995   1.879   2.178   2.243   2.325   0
   1.82821536   1.824   2.140   2.208   2.293   0
   1.89999998   1.691   2.045   2.122   2.216   0
   2.00000000   1.520   1.921   2.009   2.114   0
   2.20000005   1.211   1.692   1.799   1.923   0
   2.50000000   0.814   1.384   1.512   1.659   0
   3.00000000   0.267   0.936   1.090   1.263   0
   3.02966070   0.238   0.911   1.067   1.241   0
   3.50000000  -0.200   0.538   0.711   0.902   0
   3.89946938  -0.532   0.249   0.434   0.636   0
   4.00000000  -0.613   0.178   0.366   0.571   0
   4.50000000  -0.987  -0.155   0.045   0.261   0
   4.58137321  -1.044  -0.205  -0.004   0.213   0
   5.00000000  -1.327  -0.461  -0.251  -0.027   0
   5.15344477  -1.429  -0.554  -0.342  -0.115   0
   5.61471748  -1.741  -0.842  -0.623  -0.389   0
   6.00000000  -2.003  -1.088  -0.863  -0.625   0
   6.05026579  -2.037  -1.120  -0.894  -0.656   0
   6.38079977  -2.270  -1.342  -1.113  -0.871   0
   6.65864944  -2.477  -1.543  -1.311  -1.068   0
   6.89932537  -2.668  -1.731  -1.498  -1.255   0
   7.00000000  -2.755  -1.817  -1.584  -1.341   0
   7.10543203  -2.844  -1.906  -1.673  -1.431   0
   7.29199171  -3.013  -2.078  -1.845  -1.604   1
   7.45389032  -3.176  -2.247  -2.015  -1.777   0
   7.59316635  -3.328  -2.405  -2.175  -1.940   0
   7.65637970  -3.401  -2.481  -2.252  -2.018   0
   7.71539307  -3.469  -2.551  -2.323  -2.090   0
   7.74847269  -3.504  -2.586  -2.358  -2.125   0
   7.78008986  -3.527  -2.603  -2.373  -2.139   3
   7.80031300  -3.533  -2.602  -2.370  -2.133   0
   7.81431437  -3.515  -2.563  -2.325  -2.080   0
   7.81850290  -3.509  -2.545  -2.303  -2.054   0
   7.82103682  -3.513  -2.535  -2.289  -2.035   0
   7.82183838  -3.514  -2.549  -2.307  -2.057   0
   7.82281971  -3.552  -2.608  -2.371  -2.130   0
   7.82367659  -3.645  -2.719  -2.489  -2.255   0
   7.82470608  -3.775  -2.872  -2.649  -2.424   0
   7.82591629  -3.914  -3.038  -2.823  -2.609   0
   7.82729864  -4.053  -3.213  -3.008  -2.807   0
   7.82830191  -4.150  -3.339  -3.141  -2.951   0
   7.82935429  -4.256  -3.477  -3.288  -3.108   0
   7.83029079  -4.352  -3.607  -3.427  -3.259   0
   7.83100557  -4.427  -3.710  -3.538  -3.380   0
   7.83171177  -4.505  -3.821  -3.656  -3.510   0
   7.83242559  -4.588  -3.941  -3.785  -3.652   0
   7.83295918  -4.655  -4.039  -3.891  -3.769   0
   7.83350086  -4.726  -4.143  -4.004  -3.895   0
   7.83405018  -4.804  -4.261  -4.132  -4.038   0
   7.83459949  -4.886  -4.386  -4.269  -4.192   0
   7.83511591  -4.965  -4.512  -4.407  -4.346   0
   7.83557510  -5.029  -4.621  -4.526  -4.480   0
   7.83591938  -5.078  -4.706  -4.619  -4.587   0
   7.83652544  -5.150  -4.847  -4.772  -4.758   0
   7.83726263  -5.226  -4.982  -4.923  -4.932   0
   7.83829451  -5.287  -5.103  -5.058  -5.087   0
   7.84041357  -5.338  -5.209  -5.173  -5.217   2
   7.84589815  -5.347  -5.153  -5.107  -5.135   0
   7.84915733  -5.329  -5.090  -5.034  -5.048   0
   7.85482979  -5.293  -5.000  -4.929  -4.921   0
   7.85843849  -5.268  -4.941  -4.862  -4.841   0
   7.86427069  -5.238  -4.859  -4.771  -4.737   0
   7.87228203  -5.196  -4.764  -4.665  -4.616   0
   7.87961769  -5.158  -4.687  -4.580  -4.518   0
   7.88859892  -5.116  -4.610  -4.494  -4.420   0
   7.89943790  -5.076  -4.535  -4.411  -4.323   0
   7.91216087  -5.035  -4.460  -4.327  -4.228   0
   7.92692947  -4.994  -4.387  -4.246  -4.135   0
   7.94682598  -4.953  -4.315  -4.165  -4.042   0
   7.96644020  -4.917  -4.251  -4.093  -3.959   0
   7.99145842  -4.885  -4.191  -4.026  -3.882   0
   8.02691746  -4.862  -4.139  -3.967  -3.814   0
   8.08037853  -4.870  -4.125  -3.948  -3.788   1
   8.13818550  -4.998  -4.281  -4.111  -3.961   0
   8.15623569  -5.091  -4.406  -4.245  -4.108   0
   8.16760731  -5.185  -4.534  -4.384  -4.261   0
   8.17289829  -5.268  -4.655  -4.516  -4.408   0
   8.17590523  -5.353  -4.786  -4.659  -4.568   0
   8.17735577  -5.423  -4.907  -4.793  -4.721   0
   8.17808914  -5.475  -5.014  -4.912  -4.858   0
   8.17851353  -5.508  -5.121  -5.032  -4.997   0
   8.17876148  -5.542  -5.220  -5.142  -5.123   0
   8.17893028  -5.582  -5.292  -5.227  -5.227   0
   8.17906666  -5.610  -5.357  -5.304  -5.320   0
   8.17917633  -5.639  -5.421  -5.376  -5.406   0
   8.17934513  -5.677  -5.526  -5.492  -5.538   0
   8.17944908  -5.695  -5.591  -5.561  -5.615   0
   8.17966938  -5.727  -5.696  -5.674  -5.740   0
   8.18129063  -5.678  -5.773  -5.783  -5.901   0
   8.18150425  -5.626  -5.773  -5.799  -5.945   3
   8.18172455  -5.519  -5.714  -5.794  -6.023   0
   8.18193817  -5.332  -5.507  -5.728  -6.126   0
   8.18204784  -5.232  -5.383  -5.664  -6.134   0
   8.18220997  -5.124  -5.255  -5.599  -6.142   0
   8.18233967  -5.159  -5.284  -5.681  -6.285   0
   8.18241787  -5.150  -5.277  -5.712  -6.357   3
   8.18264389  -4.956  -5.110  -5.668  -6.437   0
   8.18366623  -4.356  -4.805  -5.719  -6.783   0
   8.18501091  -4.435  -4.926  -5.872  -6.960   0
   8.18623257  -4.494  -5.014  -5.980  -7.084   0
   8.18718719  -4.547  -5.089  -6.072  -7.188   0
   8.18721962  -4.549  -5.092  -6.075  -7.192   0
