   0.15000001  13.866  12.831  11.475   9.866   0
   0.20000000  12.479  11.706  10.518   9.093   0
   0.25000000  11.712  11.016   9.894   8.550   0
   0.30000001  11.213  10.572   9.490   8.201   0
   0.34999999  10.780  10.185   9.138   7.894   0
   0.40000001  10.370   9.818   8.803   7.599   0
   0.44999999   9.886   9.393   8.413   7.258   0
   0.50000000   9.393   8.972   8.034   6.935   0
   0.55000001   8.770   8.466   7.588   6.565   0
   0.60000002   8.078   7.926   7.125   6.189   0
   0.69999999   6.802   6.916   6.288   5.502   0
   0.80000001   5.814   6.058   5.570   4.905   0
   0.89999998   5.078   5.337   4.940   4.376   0
   1.00000000   4.488   4.704   4.379   3.915   0
   1.10000002   3.997   4.132   3.876   3.528   0
   1.20000005   3.575   3.613   3.433   3.226   0
   1.29999995   3.212   3.197   3.091   2.998   0
   1.39999998   2.880   2.888   2.837   2.813   0
   1.50000000   2.585   2.654   2.643   2.659   0
   1.60000002   2.317   2.458   2.476   2.517   0
   1.70000005   2.085   2.293   2.334   2.394   0
   1.75000000   1.978   2.217   2.266   2.333   0
   1.79999995   1.875   2.143   2.201   2.275   0
   1.89999998   1.685   2.006   2.076   2.162   0
   1.98947740   1.531   1.892   1.972   2.067   0
   2.00000000   1.514   1.879   1.960   2.056   1
   2.00542474   1.505   1.872   1.953   2.050   0
   2.20000005   1.200   1.641   1.739   1.852   0
   2.50000000   0.797   1.324   1.443   1.577   0
   3.00000000   0.240   0.867   1.011   1.170   0
   3.50000000  -0.222   0.474   0.637   0.814   0
   3.52538085  -0.243   0.456   0.619   0.798   0
   4.00000000  -0.626   0.125   0.303   0.495   0
   4.50000000  -0.987  -0.190   0.000   0.204   0
   4.57617331  -1.037  -0.234  -0.042   0.163   0
   5.00000000  -1.309  -0.475  -0.275  -0.061   0
   5.37674284  -1.547  -0.689  -0.481  -0.260   0
   6.00000000  -1.929  -1.037  -0.820  -0.590   0
   6.04080391  -1.954  -1.059  -0.842  -0.611   0
   6.56862736  -2.272  -1.354  -1.129  -0.892   0
   7.00000000  -2.535  -1.602  -1.372  -1.130   0
   7.03783560  -2.558  -1.624  -1.393  -1.151   0
   7.42293358  -2.801  -1.856  -1.622  -1.378   0
   7.75118208  -3.022  -2.072  -1.837  -1.592   0
   8.03499317  -3.221  -2.269  -2.033  -1.788   1
   8.28048134  -3.416  -2.466  -2.231  -1.988   0
   8.49346638  -3.592  -2.647  -2.412  -2.172   0
   8.67600155  -3.772  -2.833  -2.601  -2.365   0
   8.83134651  -3.928  -2.997  -2.767  -2.534   0
   8.90019894  -4.005  -3.077  -2.848  -2.617   0
   8.96511459  -4.077  -3.152  -2.925  -2.696   0
   9.00000000  -4.116  -3.192  -2.965  -2.737   0
   9.00257587  -4.118  -3.195  -2.968  -2.739   0
   9.05260944  -4.146  -3.212  -2.983  -2.751   3
   9.07443237  -4.121  -3.155  -2.916  -2.672   0
   9.07769585  -4.127  -3.141  -2.896  -2.644   0
   9.07895565  -4.114  -3.148  -2.908  -2.664   0
   9.07932281  -4.133  -3.176  -2.939  -2.699   0
   9.08008575  -4.214  -3.279  -3.049  -2.817   0
   9.08097076  -4.339  -3.428  -3.206  -2.984   0
   9.08168125  -4.441  -3.553  -3.336  -3.123   0
   9.08246136  -4.547  -3.682  -3.472  -3.269   0
   9.08325863  -4.654  -3.817  -3.615  -3.422   0
   9.08390045  -4.734  -3.921  -3.726  -3.542   0
   9.08448982  -4.810  -4.020  -3.832  -3.657   0
   9.08504391  -4.882  -4.118  -3.937  -3.771   0
   9.08559895  -4.954  -4.217  -4.043  -3.886   0
   9.08610153  -5.022  -4.314  -4.146  -3.999   0
   9.08658600  -5.089  -4.409  -4.249  -4.112   0
   9.08701897  -5.155  -4.501  -4.349  -4.224   0
   9.08743477  -5.217  -4.592  -4.448  -4.334   0
   9.08781624  -5.277  -4.680  -4.545  -4.442   0
   9.08816242  -5.333  -4.767  -4.639  -4.547   0
   9.08849144  -5.391  -4.858  -4.738  -4.659   0
   9.08880329  -5.444  -4.945  -4.834  -4.767   0
   9.08908081  -5.492  -5.027  -4.924  -4.869   0
   9.08935738  -5.535  -5.114  -5.020  -4.976   0
   9.08961773  -5.574  -5.204  -5.119  -5.087   0
   9.08970356  -5.584  -5.231  -5.148  -5.120   0
   9.08992481  -5.619  -5.308  -5.235  -5.222   0
   9.09014511  -5.656  -5.378  -5.318  -5.322   0
   9.09034824  -5.683  -5.452  -5.402  -5.422   0
   9.09051800  -5.698  -5.516  -5.475  -5.508   0
   9.09070492  -5.707  -5.589  -5.557  -5.605   0
   9.09085751  -5.699  -5.658  -5.634  -5.694   0
   9.09101009  -5.677  -5.705  -5.693  -5.773   0
   9.09112930  -5.654  -5.733  -5.737  -5.838   0
   9.09128189  -5.606  -5.757  -5.782  -5.920   0
   9.09153557  -5.497  -5.700  -5.799  -6.044   3
   9.09172249  -5.380  -5.574  -5.780  -6.149   0
   9.09206104  -5.047  -5.201  -5.656  -6.303   0
   9.09246826  -4.352  -4.648  -5.406  -6.317   0
   9.09267139  -4.225  -4.560  -5.367  -6.316   0
   9.09306812  -4.080  -4.538  -5.444  -6.464   0
   9.09346390  -4.121  -4.630  -5.572  -6.617   0
   9.09541130  -4.141  -4.663  -5.614  -6.665   2
   9.13417625  -4.281  -4.722  -5.608  -6.612   0
   9.14323997  -4.565  -4.913  -5.709  -6.648   0
   9.14627743  -5.075  -5.286  -5.879  -6.654   0
   9.14779568  -5.422  -5.590  -5.992  -6.582   0
   9.14929581  -5.603  -5.792  -6.052  -6.486   0
   9.15081310  -5.707  -5.915  -6.076  -6.401   0
   9.15290928  -5.794  -5.999  -6.084  -6.316   3
   9.15585709  -5.870  -6.033  -6.071  -6.233   0
   9.15853024  -5.914  -6.032  -6.048  -6.174   0
   9.16431427  -5.966  -5.990  -5.981  -6.064   0
   9.17007542  -5.988  -5.929  -5.903  -5.960   0
   9.17549133  -6.000  -5.862  -5.828  -5.874   0
   9.18110561  -5.998  -5.794  -5.753  -5.789   0
   9.18703556  -5.985  -5.733  -5.684  -5.707   0
   9.19480324  -5.963  -5.666  -5.606  -5.612   0
   9.20323467  -5.927  -5.607  -5.533  -5.519   0
   9.21365833  -5.897  -5.537  -5.453  -5.424   0
   9.22517395  -5.874  -5.466  -5.374  -5.334   0
   9.23909664  -5.845  -5.389  -5.289  -5.237   0
   9.25497627  -5.817  -5.317  -5.210  -5.148   0
   9.27244473  -5.788  -5.251  -5.136  -5.064   0
   9.29563904  -5.755  -5.185  -5.061  -4.977   0
   9.35170937  -5.744  -5.139  -5.007  -4.912   0
   9.35299110  -5.744  -5.139  -5.007  -4.912   1
   9.39582539  -5.828  -5.249  -5.125  -5.040   0
   9.41111565  -5.888  -5.340  -5.223  -5.148   0
   9.42143059  -5.940  -5.429  -5.320  -5.256   0
   9.42953110  -5.990  -5.523  -5.421  -5.367   0
   9.43643093  -6.040  -5.624  -5.531  -5.489   0
   9.44087124  -6.078  -5.709  -5.624  -5.592   0
   9.44445229  -6.120  -5.793  -5.717  -5.700   0
   9.44737911  -6.175  -5.867  -5.809  -5.816   0
   9.44958305  -6.206  -5.949  -5.902  -5.927   0
   9.45003128  -6.213  -5.969  -5.924  -5.953   0
   9.45132732  -6.223  -6.041  -6.002  -6.041   0
   9.45274353  -6.220  -6.143  -6.115  -6.170   0
   9.45376682  -6.202  -6.216  -6.207  -6.289   0
   9.45446682  -6.162  -6.256  -6.268  -6.387   0
   9.45494461  -6.095  -6.260  -6.299  -6.464   0
   9.45528507  -6.021  -6.222  -6.303  -6.529   3
   9.45554161  -5.944  -6.160  -6.289  -6.583   0
   9.45572948  -5.871  -6.077  -6.267  -6.625   0
   9.45593357  -5.775  -5.968  -6.231  -6.671   0
   9.45608711  -5.669  -5.849  -6.188  -6.708   0
   9.45624065  -5.538  -5.711  -6.130  -6.738   0
   9.45637703  -5.380  -5.565  -6.065  -6.755   0
   9.45649719  -5.195  -5.407  -5.993  -6.761   0
   9.45661640  -4.971  -5.228  -5.904  -6.751   0
   9.45688915  -4.606  -4.959  -5.761  -6.704   0
   9.45699120  -4.471  -4.868  -5.715  -6.691   4
   9.45750713  -4.362  -4.876  -5.814  -6.856   0
   9.45815372  -4.398  -4.973  -5.956  -7.030   0
   9.46813488  -4.569  -5.342  -6.453  -7.619   0
