   0.15000001  13.866  12.831  11.475   9.866   0
   0.20000000  12.479  11.706  10.518   9.093   0
   0.25000000  11.712  11.016   9.894   8.550   0
   0.30000001  11.214  10.572   9.491   8.201   0
   0.34999999  10.780  10.185   9.138   7.894   0
   0.40000001  10.370   9.818   8.803   7.599   0
   0.44999999   9.886   9.394   8.413   7.258   0
   0.50000000   9.393   8.973   8.034   6.935   0
   0.55000001   8.771   8.466   7.588   6.565   0
   0.60000002   8.079   7.926   7.126   6.189   0
   0.69999999   6.802   6.917   6.289   5.502   0
   0.80000001   5.815   6.059   5.570   4.906   0
   0.89999998   5.079   5.338   4.942   4.377   0
   1.00000000   4.490   4.706   4.381   3.917   0
   1.10000002   3.999   4.135   3.878   3.530   0
   1.20000005   3.577   3.615   3.435   3.228   0
   1.29999995   3.214   3.199   3.094   3.000   0
   1.39999998   2.882   2.890   2.839   2.815   0
   1.50000000   2.587   2.657   2.646   2.662   0
   1.60000002   2.320   2.461   2.479   2.520   0
   1.70000005   2.088   2.297   2.338   2.398   0
   1.75000000   1.981   2.221   2.270   2.338   0
   1.79999995   1.878   2.148   2.205   2.280   0
   1.89999998   1.688   2.010   2.081   2.168   0
   2.00000000   1.516   1.884   1.965   2.062   0
   2.19350481   1.217   1.656   1.754   1.866   0
   2.20000005   1.208   1.649   1.747   1.860   0
   2.50000000   0.808   1.335   1.454   1.588   0
   3.00000000   0.256   0.884   1.027   1.186   0
   3.50000000  -0.199   0.498   0.660   0.838   0
   3.95051813  -0.555   0.192   0.369   0.560   0
   4.00000000  -0.592   0.160   0.338   0.531   0
   4.50000000  -0.945  -0.147   0.043   0.248   0
   5.00000000  -1.253  -0.417  -0.216  -0.001   0
   5.18568277  -1.363  -0.515  -0.310  -0.092   0
   6.00000000  -1.832  -0.936  -0.718  -0.486   0
   6.13049364  -1.904  -1.002  -0.782  -0.548   0
   6.87557173  -2.306  -1.370  -1.140  -0.896   0
   7.00000000  -2.373  -1.432  -1.200  -0.955   0
   7.50835848  -2.642  -1.683  -1.446  -1.196   0
   8.03015804  -2.928  -1.955  -1.714  -1.460   0
   8.46955395  -3.171  -2.189  -1.944  -1.687   0
   8.84408569  -3.400  -2.413  -2.167  -1.910   0
   9.00000000  -3.495  -2.508  -2.261  -2.003   0
   9.16062450  -3.589  -2.600  -2.353  -2.095   1
   9.72318554  -3.973  -2.989  -2.744  -2.490   0
  10.14840031  -4.325  -3.356  -3.116  -2.871   0
  10.31618786  -4.481  -3.520  -3.282  -3.042   0
  10.37616348  -4.537  -3.577  -3.341  -3.102   0
  10.43092346  -4.562  -3.591  -3.351  -3.108   3
  10.45481110  -4.544  -3.543  -3.294  -3.039   0
  10.45838356  -4.554  -3.532  -3.277  -3.015   0
  10.45995331  -4.545  -3.545  -3.296  -3.041   0
  10.46041107  -4.567  -3.578  -3.332  -3.082   0
  10.46124077  -4.645  -3.676  -3.437  -3.195   0
  10.46220207  -4.761  -3.819  -3.588  -3.357   0
  10.46297455  -4.862  -3.943  -3.719  -3.497   0
  10.46382141  -4.973  -4.079  -3.863  -3.653   0
  10.46468830  -5.087  -4.222  -4.016  -3.818   0
  10.46538544  -5.177  -4.340  -4.141  -3.953   0
  10.46602535  -5.262  -4.454  -4.263  -4.086   0
  10.46662807  -5.344  -4.566  -4.384  -4.218   0
  10.46723080  -5.430  -4.688  -4.514  -4.360   0
  10.46777630  -5.513  -4.803  -4.640  -4.499   0
  10.46830368  -5.601  -4.928  -4.776  -4.650   0
  10.46877480  -5.681  -5.046  -4.905  -4.795   0
  10.46922588  -5.762  -5.170  -5.040  -4.946   0
  10.46963978  -5.840  -5.294  -5.176  -5.099   0
  10.47001648  -5.916  -5.427  -5.321  -5.262   0
  10.47037411  -5.983  -5.566  -5.472  -5.430   0
  10.47071266  -6.043  -5.705  -5.624  -5.600   0
  10.47101402  -6.115  -5.819  -5.760  -5.766   0
  10.47131538  -6.163  -5.949  -5.907  -5.941   0
  10.47159767  -6.171  -6.074  -6.044  -6.096   0
  10.47169113  -6.168  -6.112  -6.086  -6.144   0
  10.47185707  -6.156  -6.158  -6.143  -6.216   0
  10.47202301  -6.146  -6.193  -6.192  -6.287   0
  10.47217655  -6.112  -6.214  -6.227  -6.347   0
  10.47230339  -6.080  -6.227  -6.254  -6.398   0
  10.47244358  -6.032  -6.216  -6.268  -6.453   0
  10.47255898  -5.982  -6.186  -6.270  -6.500   3
  10.47267342  -5.929  -6.141  -6.263  -6.543   0
  10.47276211  -5.882  -6.090  -6.252  -6.578   0
  10.47287750  -5.816  -6.015  -6.235  -6.624   0
  10.47306824  -5.695  -5.872  -6.192  -6.692   0
  10.47320843  -5.570  -5.738  -6.144  -6.739   0
  10.47346306  -5.243  -5.449  -6.030  -6.794   0
  10.47376823  -4.737  -5.073  -5.857  -6.786   0
  10.47392178  -4.614  -4.988  -5.817  -6.780   0
  10.47433186  -4.466  -4.955  -5.875  -6.904   0
  10.47474194  -4.480  -5.027  -5.989  -7.048   0
  10.47675610  -4.503  -5.073  -6.052  -7.123   2
  10.51324844  -4.645  -5.133  -6.045  -7.067   0
  10.52396297  -5.126  -5.457  -6.208  -7.110   0
  10.52720547  -5.878  -6.062  -6.446  -7.016   0
  10.52882576  -6.086  -6.294  -6.512  -6.904   0
  10.53042698  -6.212  -6.422  -6.530  -6.795   3
  10.53204632  -6.292  -6.472  -6.523  -6.707   0
  10.53428364  -6.359  -6.474  -6.489  -6.617   0
  10.53742981  -6.403  -6.430  -6.428  -6.522   0
  10.54028225  -6.409  -6.395  -6.378  -6.448   0
  10.54645634  -6.425  -6.297  -6.263  -6.311   0
  10.55260658  -6.420  -6.202  -6.160  -6.194   0
  10.55838680  -6.403  -6.126  -6.076  -6.095   0
  10.56437969  -6.375  -6.061  -5.998  -6.000   0
  10.57070923  -6.334  -6.004  -5.927  -5.909   0
  10.57900143  -6.302  -5.926  -5.840  -5.807   0
  10.58800220  -6.273  -5.850  -5.756  -5.712   0
  10.59913063  -6.239  -5.768  -5.665  -5.609   0
  10.61142445  -6.207  -5.689  -5.579  -5.514   0
  10.62629032  -6.170  -5.608  -5.491  -5.416   0
  10.64324474  -6.132  -5.536  -5.410  -5.324   0
  10.66189766  -6.095  -5.470  -5.336  -5.239   0
  10.68666744  -6.057  -5.402  -5.261  -5.152   0
  10.74655628  -6.032  -5.343  -5.193  -5.072   0
  10.74792671  -6.032  -5.342  -5.192  -5.071   1
  10.80109501  -6.121  -5.458  -5.316  -5.205   0
  10.82007122  -6.191  -5.557  -5.423  -5.325   0
  10.83287144  -6.254  -5.650  -5.524  -5.438   0
  10.84292412  -6.312  -5.745  -5.628  -5.553   0
  10.85148525  -6.368  -5.852  -5.744  -5.680   0
  10.85699463  -6.413  -5.945  -5.843  -5.788   0
  10.86143780  -6.455  -6.034  -5.939  -5.896   0
  10.86506939  -6.496  -6.125  -6.039  -6.008   0
  10.86780453  -6.539  -6.210  -6.136  -6.121   0
  10.86835957  -6.551  -6.226  -6.156  -6.147   0
  10.86992836  -6.595  -6.287  -6.231  -6.242   0
  10.87164307  -6.625  -6.385  -6.341  -6.370   0
  10.87288189  -6.633  -6.484  -6.448  -6.493   0
  10.87372875  -6.620  -6.567  -6.542  -6.600   0
  10.87430668  -6.607  -6.614  -6.606  -6.691   0
  10.87471962  -6.575  -6.644  -6.653  -6.768   0
  10.87502956  -6.518  -6.656  -6.683  -6.830   0
  10.87525654  -6.456  -6.637  -6.690  -6.878   3
  10.87550449  -6.369  -6.576  -6.678  -6.935   0
  10.87569046  -6.272  -6.484  -6.652  -6.990   0
  10.87587643  -6.146  -6.348  -6.610  -7.051   0
  10.87604141  -6.001  -6.189  -6.556  -7.106   0
  10.87618637  -5.839  -6.031  -6.493  -7.142   0
  10.87633038  -5.633  -5.851  -6.416  -7.163   0
  10.87666130  -5.097  -5.454  -6.236  -7.162   0
  10.87678432  -4.939  -5.344  -6.185  -7.156   4
  10.87840080  -4.716  -5.294  -6.273  -7.343   0
  10.88042450  -4.768  -5.431  -6.473  -7.588   0
  10.88720417  -4.858  -5.658  -6.784  -7.961   0
