   0.15000001  13.767  12.796  11.456   9.868   0
   0.20000000  12.340  11.666  10.497   9.092   0
   0.25000000  11.562  10.979   9.874   8.546   0
   0.30000001  11.061  10.539   9.472   8.194   0
   0.34999999  10.625  10.155   9.121   7.886   0
   0.40000001  10.214   9.791   8.788   7.589   0
   0.44999999   9.733   9.371   8.403   7.248   0
   0.50000000   9.245   8.956   8.029   6.924   0
   0.55000001   8.632   8.454   7.592   6.558   0
   0.60000002   7.739   7.774   7.049   6.147   0
   0.69999999   6.601   6.817   6.245   5.476   0
   0.80000001   5.688   5.983   5.529   4.881   0
   0.89999998   4.985   5.270   4.900   4.358   0
   1.00000000   4.416   4.636   4.336   3.902   0
   1.10000002   3.947   4.065   3.836   3.531   0
   1.20000005   3.546   3.564   3.412   3.252   0
   1.29999995   3.188   3.184   3.103   3.040   0
   1.39999998   2.865   2.903   2.869   2.865   0
   1.50000000   2.579   2.684   2.686   2.715   0
   1.60000002   2.325   2.501   2.530   2.582   0
   1.70000005   2.096   2.340   2.389   2.458   0
   1.75000000   1.990   2.265   2.323   2.399   0
   1.76999998   1.950   2.237   2.297   2.376   0
   1.79999995   1.890   2.194   2.259   2.342   0
   1.89999998   1.704   2.060   2.137   2.232   0
   2.00000000   1.533   1.936   2.024   2.130   0
   2.20000005   1.239   1.722   1.829   1.954   0
   2.50000000   0.857   1.426   1.554   1.701   0
   2.72534919   0.607   1.224   1.364   1.523   0
   3.00000000   0.332   1.001   1.155   1.328   0
   3.50000000  -0.104   0.635   0.808   1.000   0
   4.00000000  -0.481   0.313   0.501   0.707   0
   4.50000000  -0.813   0.025   0.226   0.443   0
   5.00000000  -1.108  -0.234  -0.023   0.204   0
   5.26873159  -1.253  -0.362  -0.147   0.086   0
   6.00000000  -1.622  -0.692  -0.464  -0.219   0
   6.98619223  -2.078  -1.104  -0.862  -0.602   0
   7.00000000  -2.084  -1.110  -0.867  -0.607   1
   7.01841784  -2.092  -1.117  -0.874  -0.614   0
   8.34192371  -2.652  -1.630  -1.371  -1.095   0
   9.00000000  -2.927  -1.884  -1.618  -1.336   0
  10.35975170  -3.458  -2.376  -2.101  -1.810   0
  11.83575535  -4.038  -2.928  -2.647  -2.351   0
  12.00000000  -4.107  -2.996  -2.714  -2.418   0
  12.97609997  -4.490  -3.372  -3.089  -2.794   1
  13.90676117  -4.910  -3.796  -3.514  -3.223   0
  14.60507393  -5.266  -4.175  -3.900  -3.616   0
  14.88768291  -5.434  -4.353  -4.083  -3.804   0
  14.99974918  -5.497  -4.419  -4.150  -3.872   0
  15.00000000  -5.498  -4.419  -4.150  -3.872   0
  15.08087826  -5.523  -4.439  -4.168  -3.888   3
  15.13247967  -5.507  -4.398  -4.119  -3.831   0
  15.14029980  -5.500  -4.374  -4.091  -3.798   0
  15.14080429  -5.500  -4.373  -4.089  -3.796   0
  15.14462090  -5.515  -4.401  -4.121  -3.833   0
  15.14521408  -5.528  -4.421  -4.142  -3.856   0
  15.14715099  -5.595  -4.505  -4.233  -3.953   0
  15.14866543  -5.666  -4.594  -4.326  -4.053   0
  15.15009594  -5.741  -4.688  -4.426  -4.159   0
  15.15144253  -5.800  -4.770  -4.515  -4.256   0
  15.15253639  -5.863  -4.854  -4.605  -4.355   0
  15.15379810  -5.944  -4.953  -4.712  -4.473   0
  15.15480804  -6.015  -5.044  -4.811  -4.581   0
  15.15590191  -6.094  -5.147  -4.921  -4.702   0
  15.15682697  -6.172  -5.248  -5.030  -4.821   0
  15.15766811  -6.238  -5.336  -5.125  -4.924   0
  15.15850925  -6.308  -5.430  -5.225  -5.034   0
  15.16027546  -6.463  -5.631  -5.444  -5.273   0
  15.16204071  -6.615  -5.828  -5.657  -5.508   0
  15.16447926  -6.782  -6.056  -5.903  -5.778   0
  15.16733742  -6.915  -6.255  -6.116  -6.010   0
  15.17044735  -7.011  -6.382  -6.255  -6.166   0
  15.17338848  -7.066  -6.442  -6.324  -6.245   2
  15.18607426  -7.031  -6.394  -6.263  -6.168   0
  15.19249344  -6.982  -6.317  -6.177  -6.070   0
  15.19890594  -6.939  -6.240  -6.093  -5.977   0
  15.20839024  -6.877  -6.135  -5.980  -5.852   0
  15.21786213  -6.818  -6.047  -5.884  -5.745   0
  15.23030758  -6.752  -5.949  -5.776  -5.625   0
  15.24240017  -6.696  -5.868  -5.688  -5.527   0
  15.25753021  -6.624  -5.782  -5.591  -5.417   0
  15.27534962  -6.557  -5.697  -5.497  -5.311   0
  15.29559135  -6.506  -5.617  -5.411  -5.217   0
  15.32094002  -6.456  -5.539  -5.326  -5.124   0
  15.35338116  -6.403  -5.463  -5.244  -5.033   0
  15.39963341  -6.358  -5.397  -5.170  -4.950   0
  15.50104713  -6.336  -5.356  -5.124  -4.895   1
  15.65341377  -6.430  -5.466  -5.239  -5.018   0
  15.73594761  -6.507  -5.561  -5.341  -5.129   0
  15.79936504  -6.577  -5.652  -5.437  -5.233   0
  15.84799194  -6.641  -5.741  -5.532  -5.335   0
  15.88229656  -6.702  -5.828  -5.624  -5.435   0
  15.90822220  -6.764  -5.912  -5.716  -5.534   0
  15.92572975  -6.839  -5.993  -5.806  -5.636   0
  15.93815994  -6.908  -6.073  -5.895  -5.737   0
  15.94731617  -6.968  -6.159  -5.988  -5.840   0
  15.94930363  -6.986  -6.184  -6.015  -5.870   0
  15.95393372  -7.037  -6.260  -6.099  -5.962   0
  15.95688057  -7.081  -6.334  -6.179  -6.051   0
  15.95864964  -7.113  -6.399  -6.250  -6.130   0
  15.95982838  -7.142  -6.462  -6.319  -6.208   0
  15.96067047  -7.175  -6.529  -6.394  -6.293   0
  15.96142769  -7.237  -6.605  -6.486  -6.405   0
  15.96201801  -7.278  -6.693  -6.581  -6.512   0
  15.96235466  -7.307  -6.770  -6.661  -6.598   0
  15.96283245  -7.344  -6.866  -6.762  -6.706   0
  15.96331120  -7.398  -6.982  -6.887  -6.845   0
  15.96378899  -7.452  -7.096  -7.012  -6.984   0
  15.96426773  -7.518  -7.200  -7.133  -7.129   0
  15.96474648  -7.576  -7.297  -7.246  -7.266   0
  15.96522427  -7.609  -7.395  -7.354  -7.390   0
  15.96570301  -7.626  -7.484  -7.451  -7.500   0
  15.96618080  -7.624  -7.559  -7.533  -7.593   0
  15.96676350  -7.624  -7.614  -7.604  -7.687   0
  15.96734619  -7.605  -7.652  -7.661  -7.777   0
  15.96783161  -7.550  -7.673  -7.702  -7.856   0
  15.96841431  -7.446  -7.636  -7.711  -7.947   3
  15.96889973  -7.280  -7.492  -7.671  -8.043   0
  15.96938515  -7.030  -7.216  -7.570  -8.127   0
  15.96987152  -6.480  -6.723  -7.342  -8.158   0
  15.97035694  -5.806  -6.217  -7.065  -8.074   4
  15.97071362  -5.790  -6.283  -7.200  -8.262   0
  15.97092724  -5.836  -6.371  -7.323  -8.411   0
  15.97128391  -5.932  -6.506  -7.487  -8.596   0
  15.97185421  -5.988  -6.587  -7.587  -8.710   0
