   0.15000001  13.758  12.757  11.418   9.826   0
   0.20000000  12.394  11.628  10.446   9.028   0
   0.25000000  11.636  10.947   9.830   8.494   0
   0.30000001  11.128  10.494   9.418   8.135   0
   0.34999999  10.687  10.100   9.060   7.824   0
   0.40000001  10.287   9.744   8.734   7.538   0
   0.44999999   9.777   9.298   8.325   7.181   0
   0.50000000   9.232   8.834   7.909   6.829   0
   0.55000001   8.515   8.262   7.410   6.417   0
   0.60000002   7.727   7.647   6.888   5.989   0
   0.61643302   7.456   7.436   6.711   5.844   0
   0.64966130   6.952   7.030   6.375   5.566   0
   0.67876405   6.529   6.682   6.087   5.326   0
   0.69999999   6.249   6.438   5.882   5.155   0
   0.71585649   6.037   6.252   5.724   5.022   0
   0.73833472   5.753   5.992   5.500   4.830   0
   0.75895685   5.505   5.754   5.291   4.651   0
   0.77808028   5.273   5.528   5.093   4.480   0
   0.79614794   5.059   5.312   4.899   4.311   0
   0.80000001   5.014   5.266   4.857   4.275   0
   0.80206817   4.990   5.241   4.834   4.255   0
   0.82001382   4.774   5.015   4.629   4.075   0
   0.84054780   4.509   4.736   4.373   3.851   0
   0.85282803   4.347   4.561   4.211   3.707   0
   0.86606944   4.162   4.357   4.022   3.538   0
   0.87965387   3.955   4.130   3.809   3.347   0
   0.88350677   3.894   4.063   3.746   3.291   0
   0.88695759   3.838   4.002   3.688   3.237   0
   0.88814169   3.818   3.980   3.667   3.217   0
   0.89236039   3.746   3.902   3.592   3.146   0
   0.89999998   3.595   3.742   3.434   2.990   0
   0.90692466   3.453   3.591   3.285   2.843   1
   0.91340262   3.297   3.437   3.117   2.652   0
   0.91742402   3.185   3.335   2.993   2.494   0
   0.92010242   3.119   3.278   2.901   2.353   0
   0.92203599   3.092   3.258   2.837   2.232   0
   0.92357045   3.116   3.281   2.808   2.141   0
   0.92492837   3.191   3.329   2.797   2.073   0
   0.92640251   3.173   3.278   2.697   1.929   0
   0.92737305   3.080   3.162   2.560   1.773   0
   0.92821366   2.958   3.024   2.410   1.612   0
   0.92890209   2.830   2.885   2.262   1.456   0
   0.92955416   2.698   2.744   2.114   1.302   0
   0.93016183   2.560   2.597   1.961   1.143   0
   0.93068886   2.422   2.451   1.809   0.985   0
   0.93118364   2.287   2.307   1.659   0.829   0
   0.93163598   2.151   2.161   1.506   0.669   0
   0.93199849   2.027   2.024   1.362   0.518   0
   0.93234217   1.906   1.889   1.217   0.367   0
   0.93266201   1.782   1.751   1.071   0.213   0
   0.93295604   1.658   1.612   0.923   0.058   0
   0.93321633   1.537   1.476   0.778  -0.095   0
   0.93343216   1.422   1.346   0.637  -0.244   0
   0.93364000   1.306   1.213   0.494  -0.396   0
   0.93382823   1.189   1.079   0.347  -0.551   0
   0.93398839   1.078   0.951   0.209  -0.698   0
   0.93414468   0.967   0.823   0.067  -0.850   0
   0.93428171   0.861   0.701  -0.067  -0.993   0
   0.93441427   0.789   0.619  -0.156  -1.088   0
   0.93453681   0.845   0.687  -0.078  -1.002   1
   0.93465084   0.730   0.554  -0.225  -1.161   0
   0.93475741   0.628   0.428  -0.367  -1.315   0
   0.93485838   0.528   0.298  -0.512  -1.471   0
   0.93494660   0.434   0.175  -0.653  -1.625   0
   0.93503171   0.337   0.045  -0.802  -1.788   0
   0.93510407   0.244  -0.079  -0.946  -1.945   0
   0.93517369   0.151  -0.206  -1.094  -2.108   0
   0.93522948   0.066  -0.323  -1.232  -2.261   0
   0.93528444  -0.015  -0.442  -1.376  -2.422   0
   0.93532562  -0.082  -0.546  -1.503  -2.566   0
   0.93536961  -0.147  -0.658  -1.643  -2.725   0
   0.93540734  -0.199  -0.758  -1.769  -2.870   0
   0.93544018  -0.254  -0.861  -1.897  -3.018   0
   0.93547040  -0.298  -0.961  -2.028  -3.172   0
   0.93549883  -0.328  -1.051  -2.153  -3.321   0
   0.93552381  -0.361  -1.142  -2.278  -3.471   0
   0.93554658  -0.398  -1.235  -2.403  -3.618   0
   0.93556660  -0.423  -1.317  -2.518  -3.757   0
   0.93558466  -0.423  -1.385  -2.623  -3.891   0
   0.93560028  -0.433  -1.450  -2.716  -4.007   2
   0.93560028   1.096   1.133   0.587  -0.158   1
   0.93571085   1.092   1.118   0.558  -0.201   0
   0.93584704   1.085   1.109   0.545  -0.216   0
   0.93598461   1.078   1.100   0.534  -0.228   0
   0.93599111   1.077   1.100   0.534  -0.229   0
   0.93615764   1.068   1.091   0.527  -0.234   0
   0.93633068   1.059   1.083   0.523  -0.236   0
   0.93651175   1.049   1.076   0.520  -0.235   0
   0.93669742   1.039   1.068   0.516  -0.235   0
   0.93688941   1.028   1.060   0.512  -0.235   0
   0.93708009   1.019   1.052   0.507  -0.237   0
   0.93726814   1.011   1.045   0.502  -0.241   0
   0.93738937   1.007   1.040   0.498  -0.245   0
   0.93745214   1.005   1.038   0.495  -0.248   0
   0.93762749   0.999   1.032   0.488  -0.256   0
   0.93780637   0.995   1.025   0.478  -0.269   0
   0.93798977   0.989   1.016   0.465  -0.285   0
   0.93818051   0.982   1.005   0.448  -0.307   0
   0.93837911   0.972   0.990   0.425  -0.337   0
   0.93863624   0.958   0.966   0.388  -0.385   0
   0.93872947   0.945   0.949   0.366  -0.412   0
   0.93884695   0.927   0.924   0.332  -0.454   0
   0.93900043   0.887   0.871   0.263  -0.537   0
   0.93905801   0.851   0.824   0.202  -0.610   0
   0.93908590   0.786   0.743   0.100  -0.730   0
   0.93909347   0.737   0.678   0.018  -0.825   0
   0.93909848   0.662   0.570  -0.117  -0.983   0
   0.93910134   0.565   0.444  -0.268  -1.153   0
   0.93910360   0.475   0.332  -0.399  -1.297   0
   0.93910670   0.368   0.194  -0.561  -1.478   0
   0.93911177   0.276   0.078  -0.698  -1.630   0
   0.93913084   0.368   0.196  -0.557  -1.473   0
   0.93913466   0.370   0.200  -0.553  -1.467   1
   0.93918371   0.278   0.081  -0.694  -1.625   0
   0.93920594   0.187  -0.043  -0.841  -1.790   0
   0.93922651   0.108  -0.162  -0.985  -1.952   0
   0.93924946   0.013  -0.302  -1.155  -2.143   0
   0.93927240  -0.084  -0.452  -1.340  -2.352   0
   0.93928903  -0.154  -0.568  -1.486  -2.520   0
   0.93930560  -0.222  -0.701  -1.662  -2.727   0
   0.93931413  -0.276  -0.802  -1.792  -2.877   0
   0.93932229  -0.323  -0.905  -1.925  -3.032   0
   0.93932897  -0.356  -0.996  -2.049  -3.180   0
   0.93933511  -0.367  -1.072  -2.162  -3.321   0
   0.93934196  -0.400  -1.162  -2.285  -3.467   0
   0.93934906  -0.425  -1.256  -2.420  -3.632   0
   0.93935204  -0.429  -1.356  -2.575  -3.828   0
   0.93935239  -0.429  -1.371  -2.598  -3.858   0
   0.93935353  -0.430  -1.388  -2.624  -3.890   0
   0.93935460  -0.430  -1.405  -2.649  -3.922   0
   0.93935567  -0.431  -1.421  -2.674  -3.954   0
   0.93935680  -0.431  -1.438  -2.700  -3.986   0
   0.93935788  -0.431  -1.454  -2.725  -4.019   0
   0.93935895  -0.430  -1.471  -2.750  -4.051   0
   0.93936008  -0.430  -1.487  -2.776  -4.083   0
   0.93936116  -0.429  -1.503  -2.801  -4.115   0
   0.93936223  -0.428  -1.519  -2.826  -4.148   0
   0.93936336  -0.427  -1.535  -2.851  -4.180   0
   0.93936419  -0.426  -1.547  -2.871  -4.205   0
   0.93936527  -0.425  -1.563  -2.896  -4.238   0
   0.93936640  -0.422  -1.578  -2.921  -4.271   0
   0.93936747  -0.419  -1.593  -2.946  -4.304   0
   0.93936855  -0.416  -1.608  -2.972  -4.338   0
   0.93936968  -0.413  -1.623  -2.997  -4.372   0
   0.93937051  -0.410  -1.634  -3.017  -4.399   0
   0.93937165  -0.406  -1.649  -3.042  -4.433   0
   0.93937272  -0.401  -1.663  -3.067  -4.466   0
   0.93937379  -0.397  -1.677  -3.092  -4.500   0
   0.93937492  -0.392  -1.689  -3.113  -4.529   0
   0.93937600  -0.388  -1.698  -3.130  -4.553   0
   0.93937707  -0.384  -1.707  -3.147  -4.575   0
   0.93937820  -0.380  -1.716  -3.164  -4.598   0
   0.93937922  -0.376  -1.725  -3.180  -4.621   0
   0.93938017  -0.372  -1.733  -3.196  -4.643   0
   0.93938088  -0.369  -1.740  -3.207  -4.659   0
   0.93938178  -0.365  -1.747  -3.222  -4.680   0
   0.93938273  -0.361  -1.755  -3.237  -4.701   0
   0.93938363  -0.357  -1.763  -3.251  -4.722   0
   0.93938452  -0.353  -1.770  -3.266  -4.743   0
   0.93938541  -0.349  -1.778  -3.281  -4.765   0
   0.93938667  -0.343  -1.785  -3.295  -4.785   0
   0.93938899  -0.335  -1.794  -3.315  -4.815   0
   0.93939137  -0.326  -1.804  -3.335  -4.845   0
   0.93939376  -0.317  -1.813  -3.355  -4.875   0
   0.93939608  -0.308  -1.822  -3.375  -4.905   0
   0.93939847  -0.297  -1.830  -3.395  -4.935   0
   0.93940085  -0.287  -1.839  -3.415  -4.966   0
   0.93940318  -0.275  -1.847  -3.435  -4.996   0
   0.93940544  -0.264  -1.854  -3.454  -5.026   0
   0.93940765  -0.252  -1.862  -3.473  -5.056   0
   0.93940985  -0.255  -1.877  -3.495  -5.084   0
   0.93941200  -0.258  -1.892  -3.518  -5.114   0
   0.93941420  -0.261  -1.907  -3.540  -5.143   0
   0.93941641  -0.264  -1.923  -3.562  -5.172   0
   0.93941855  -0.266  -1.938  -3.584  -5.201   0
   0.93942076  -0.268  -1.953  -3.606  -5.230   0
   0.93942297  -0.270  -1.968  -3.628  -5.260   0
   0.93942505  -0.271  -1.982  -3.650  -5.289   0
