   0.15000001  13.565  12.661  11.353   9.796   0
   0.20000000  12.186  11.527  10.369   8.977   0
   0.25000000  11.425  10.857   9.761   8.445   0
   0.30000001  10.907  10.400   9.343   8.077   0
   0.34999999  10.459  10.005   8.982   7.759   0
   0.40000001  10.066   9.660   8.666   7.480   0
   0.44999999   9.561   9.221   8.267   7.128   0
   0.50000000   8.963   8.720   7.820   6.747   0
   0.55000001   8.172   8.086   7.279   6.301   0
   0.55917609   8.003   7.952   7.166   6.210   0
   0.60000002   7.126   7.261   6.615   5.782   0
   0.60041362   7.119   7.255   6.610   5.777   0
   0.62104017   6.779   6.966   6.366   5.572   0
   0.64016283   6.472   6.697   6.136   5.378   0
   0.65816486   6.189   6.442   5.915   5.190   0
   0.67526323   5.912   6.190   5.696   5.003   0
   0.69182992   5.653   5.939   5.473   4.810   0
   0.69999999   5.521   5.809   5.357   4.709   0
   0.71410465   5.278   5.568   5.140   4.519   0
   0.72479224   5.085   5.373   4.962   4.361   0
   0.73799759   4.832   5.104   4.714   4.140   0
   0.75789654   4.367   4.608   4.249   3.717   0
   0.76307547   4.223   4.454   4.103   3.582   0
   0.76642859   4.124   4.349   4.001   3.485   0
   0.76750380   4.091   4.313   3.967   3.452   0
   0.76828402   4.065   4.286   3.940   3.427   1
   0.77501136   3.822   4.030   3.683   3.167   0
   0.77930307   3.630   3.838   3.470   2.920   0
   0.78216720   3.478   3.692   3.280   2.669   0
   0.78291386   3.443   3.657   3.220   2.579   0
   0.78402054   3.406   3.610   3.128   2.430   0
   0.78493434   3.345   3.532   3.008   2.266   0
   0.78567958   3.233   3.399   2.849   2.079   0
   0.78619796   3.113   3.263   2.697   1.913   0
   0.78673697   2.965   3.101   2.526   1.731   0
   0.78718740   2.826   2.952   2.370   1.569   0
   0.78760427   2.672   2.789   2.200   1.391   0
   0.78795892   2.532   2.642   2.048   1.233   0
   0.78829753   2.381   2.483   1.884   1.064   0
   0.78859329   2.235   2.326   1.722   0.896   0
   0.78887427   2.080   2.162   1.551   0.719   0
   0.78909367   1.939   2.012   1.396   0.558   0
   0.78929132   1.807   1.870   1.248   0.404   0
   0.78947711   1.667   1.716   1.086   0.235   0
   0.78964126   1.528   1.564   0.926   0.067   0
   0.78978461   1.395   1.417   0.770  -0.096   0
   0.78991628   1.264   1.270   0.613  -0.261   0
   0.79003263   1.130   1.118   0.451  -0.432   0
   0.79012835   1.005   0.979   0.303  -0.588   0
   0.79021597   0.881   0.838   0.151  -0.749   0
   0.79029644   0.753   0.696  -0.001  -0.909   0
   0.79037058   0.629   0.557  -0.150  -1.067   0
   0.79043132   0.539   0.456  -0.259  -1.182   0
   0.79048580   0.484   0.394  -0.326  -1.252   0
   0.79053670   0.372   0.265  -0.466  -1.402   0
   0.79058129   0.261   0.136  -0.607  -1.553   0
   0.79063928   0.116  -0.044  -0.808  -1.769   0
   0.79067141   0.024  -0.159  -0.938  -1.910   0
   0.79069996  -0.065  -0.272  -1.066  -2.049   0
   0.79072672  -0.157  -0.388  -1.198  -2.192   0
   0.79074812  -0.233  -0.488  -1.312  -2.317   0
   0.79076862  -0.307  -0.588  -1.429  -2.447   0
   0.79078823  -0.388  -0.695  -1.555  -2.585   0
   0.79080427  -0.465  -0.796  -1.672  -2.714   0
   0.79082036  -0.548  -0.907  -1.800  -2.856   0
   0.79083371  -0.617  -1.001  -1.913  -2.982   0
   0.79084527  -0.677  -1.087  -2.017  -3.099   0
   0.79085690  -0.736  -1.174  -2.122  -3.218   0
   0.79086667  -0.779  -1.249  -2.218  -3.328   0
   0.79087472  -0.817  -1.320  -2.308  -3.432   0
   0.79088360  -0.864  -1.404  -2.414  -3.555   0
   0.79089075  -0.900  -1.471  -2.502  -3.657   0
   0.79089695  -0.928  -1.529  -2.579  -3.748   0
   0.79090321  -0.960  -1.595  -2.666  -3.851   0
   0.79090858  -0.980  -1.648  -2.741  -3.942   2
   0.79090858   0.921   0.852   0.838   0.787   1
   0.79094219   0.919   0.846   0.830   0.777   0
   0.79099166   0.917   0.843   0.825   0.770   0
   0.79104406   0.914   0.837   0.817   0.759   0
   0.79109919   0.910   0.829   0.805   0.742   0
   0.79115832   0.907   0.822   0.795   0.726   0
   0.79121941   0.902   0.811   0.779   0.704   0
   0.79128373   0.896   0.796   0.757   0.672   0
   0.79135054   0.889   0.777   0.730   0.633   0
   0.79141790   0.881   0.762   0.703   0.589   0
   0.79148513   0.873   0.751   0.675   0.536   0
   0.79155207   0.864   0.737   0.641   0.473   0
   0.79162109   0.855   0.737   0.613   0.404   0
   0.79169238   0.846   0.745   0.582   0.325   0
   0.79176581   0.837   0.766   0.562   0.244   0
   0.79184341   0.829   0.796   0.546   0.156   0
   0.79192555   0.822   0.830   0.530   0.062   0
   0.79204553   0.810   0.849   0.500  -0.038   0
   0.79208159   0.801   0.848   0.487  -0.068   0
   0.79212934   0.793   0.844   0.470  -0.100   0
   0.79221231   0.774   0.832   0.433  -0.170   0
   0.79225785   0.729   0.796   0.348  -0.317   0
   0.79226798   0.716   0.776   0.267  -0.467   0
   0.79227096   0.694   0.738   0.196  -0.570   0
   0.79227328   0.609   0.625   0.037  -0.774   0
   0.79227424   0.513   0.514  -0.095  -0.927   0
   0.79227513   0.421   0.399  -0.231  -1.083   0
   0.79227626   0.319   0.271  -0.382  -1.252   0
   0.79227793   0.212   0.139  -0.536  -1.423   0
   0.79227859   0.201   0.125  -0.552  -1.442   0
   0.79228789   0.293   0.240  -0.417  -1.291   1
   0.79230678   0.187   0.108  -0.571  -1.462   0
   0.79231799   0.082  -0.021  -0.721  -1.629   0
   0.79232645  -0.021  -0.149  -0.870  -1.795   0
   0.79233599  -0.166  -0.325  -1.071  -2.018   0
   0.79234594  -0.292  -0.503  -1.285  -2.259   0
   0.79235208  -0.383  -0.628  -1.434  -2.424   0
   0.79235709  -0.464  -0.745  -1.575  -2.583   0
   0.79236138  -0.556  -0.871  -1.725  -2.749   0
   0.79236513  -0.643  -0.996  -1.877  -2.923   0
   0.79236829  -0.716  -1.103  -2.008  -3.071   0
   0.79237163  -0.798  -1.221  -2.152  -3.235   0
   0.79237491  -0.858  -1.333  -2.299  -3.408   0
   0.79237646  -0.924  -1.496  -2.524  -3.678   0
   0.79237658  -0.926  -1.502  -2.533  -3.688   0
   0.79237700  -0.935  -1.521  -2.560  -3.721   0
   0.79237741  -0.943  -1.541  -2.587  -3.754   0
   0.79237783  -0.951  -1.561  -2.614  -3.786   0
   0.79237825  -0.959  -1.581  -2.642  -3.819   0
   0.79237866  -0.967  -1.600  -2.668  -3.851   0
   0.79237908  -0.975  -1.619  -2.696  -3.884   0
   0.79237950  -0.983  -1.639  -2.722  -3.917   0
   0.79237992  -0.990  -1.658  -2.750  -3.950   0
   0.79238033  -0.998  -1.677  -2.776  -3.982   0
   0.79238075  -1.005  -1.696  -2.803  -4.015   0
   0.79238117  -1.012  -1.715  -2.830  -4.047   0
   0.79238158  -1.019  -1.734  -2.857  -4.080   0
   0.79238200  -1.026  -1.752  -2.883  -4.113   0
   0.79238242  -1.033  -1.771  -2.910  -4.146   0
   0.79238284  -1.040  -1.790  -2.937  -4.178   0
   0.79238325  -1.046  -1.808  -2.963  -4.210   0
   0.79238367  -1.053  -1.827  -2.990  -4.243   0
   0.79238403  -1.058  -1.841  -3.011  -4.269   0
   0.79238433  -1.062  -1.855  -3.031  -4.295   0
   0.79238480  -1.068  -1.873  -3.058  -4.328   0
   0.79238522  -1.073  -1.890  -3.084  -4.360   0
   0.79238564  -1.079  -1.908  -3.110  -4.394   0
   0.79238605  -1.084  -1.925  -3.135  -4.426   0
   0.79238647  -1.088  -1.941  -3.160  -4.457   0
   0.79238689  -1.090  -1.950  -3.173  -4.474   0
   0.79238731  -1.092  -1.958  -3.187  -4.492   0
   0.79238772  -1.094  -1.967  -3.201  -4.510   0
   0.79238814  -1.094  -1.976  -3.215  -4.528   0
   0.79238856  -1.094  -1.984  -3.228  -4.546   0
   0.79238898  -1.094  -1.992  -3.242  -4.563   0
   0.79238939  -1.094  -2.001  -3.255  -4.581   0
   0.79238981  -1.093  -2.009  -3.269  -4.599   0
   0.79239017  -1.093  -2.015  -3.279  -4.613   0
   0.79239058  -1.093  -2.023  -3.293  -4.631   0
   0.79239124  -1.091  -2.033  -3.309  -4.653   0
   0.79239219  -1.089  -2.046  -3.332  -4.685   0
   0.79239315  -1.086  -2.059  -3.355  -4.716   0
   0.79239416  -1.083  -2.072  -3.378  -4.748   0
   0.79239511  -1.079  -2.084  -3.401  -4.779   0
   0.79239613  -1.075  -2.097  -3.424  -4.812   0
   0.79239708  -1.070  -2.109  -3.448  -4.845   0
   0.79239810  -1.065  -2.121  -3.471  -4.878   0
   0.79239905  -1.058  -2.133  -3.495  -4.912   0
   0.79239976  -1.053  -2.141  -3.512  -4.936   0
