   0.15000001  13.859  12.826  11.471   9.863   0
   0.20000000  12.473  11.701  10.513   9.088   0
   0.25000000  11.707  11.011   9.889   8.546   0
   0.30000001  11.208  10.567   9.486   8.196   0
   0.34999999  10.774  10.179   9.133   7.890   0
   0.40000001  10.365   9.813   8.798   7.595   0
   0.44999999   9.875   9.384   8.404   7.250   0
   0.50000000   9.378   8.959   8.021   6.924   0
   0.55000001   8.745   8.445   7.569   6.549   0
   0.60000002   8.043   7.897   7.100   6.167   0
   0.66202962   7.196   7.232   6.545   5.710   0
   0.69999999   6.743   6.864   6.241   5.458   0
   0.80000001   5.744   5.990   5.508   4.850   0
   0.89999998   4.997   5.252   4.863   4.308   0
   0.96771753   4.575   4.802   4.463   3.979   0
   1.00000000   4.391   4.597   4.280   3.829   0
   1.10000002   3.878   3.995   3.750   3.422   0
   1.17491376   3.544   3.583   3.399   3.182   0
   1.20000005   3.438   3.456   3.291   3.109   0
   1.26426935   3.184   3.170   3.055   2.948   0
   1.29999995   3.047   3.027   2.939   2.866   0
   1.31417274   2.994   2.977   2.898   2.835   0
   1.39999998   2.678   2.699   2.664   2.653   0
   1.47447097   2.421   2.493   2.488   2.506   0
   1.50000000   2.338   2.428   2.432   2.457   0
   1.51329505   2.293   2.394   2.402   2.431   0
   1.57663238   2.086   2.233   2.259   2.302   0
   1.60000002   2.014   2.177   2.208   2.256   0
   1.60935450   1.984   2.153   2.187   2.237   0
   1.64744723   1.861   2.056   2.099   2.155   0
   1.64917731   1.856   2.052   2.095   2.152   0
   1.69571686   1.718   1.940   1.991   2.054   0
   1.70000005   1.705   1.930   1.982   2.045   0
   1.70692861   1.685   1.914   1.967   2.031   0
   1.75000000   1.555   1.806   1.865   1.933   0
   1.78592801   1.447   1.713   1.776   1.848   0
   1.79999995   1.404   1.674   1.739   1.811   0
   1.84569800   1.265   1.549   1.618   1.692   0
   1.89819098   1.099   1.392   1.463   1.539   1
   1.89999998   1.093   1.386   1.457   1.533   0
   1.94501615   0.949   1.244   1.318   1.393   0
   1.98906147   0.800   1.092   1.166   1.240   0
   2.00000000   0.761   1.051   1.124   1.197   0
   2.02770734   0.664   0.946   1.019   1.090   1
   2.06066895   0.544   0.812   0.883   0.949   0
   2.09006262   0.430   0.680   0.749   0.810   0
   2.10342264   0.376   0.618   0.686   0.745   0
   2.11599708   0.324   0.562   0.629   0.687   0
   2.12195230   0.300   0.537   0.604   0.662   0
   2.13007760   0.266   0.513   0.583   0.642   3
   2.13449097   0.248   0.514   0.588   0.652   0
   2.13748074   0.230   0.539   0.620   0.694   0
   2.13832498   0.211   0.553   0.642   0.724   0
   2.13881350   0.173   0.552   0.648   0.739   0
   2.13887143   0.182   0.558   0.653   0.743   0
   2.13904738   0.220   0.561   0.649   0.731   0
   2.13929033   0.136   0.439   0.521   0.593   0
   2.13967896   0.031   0.294   0.368   0.430   0
   2.14028859  -0.049   0.163   0.228   0.276   0
   2.14096761  -0.102   0.060   0.114   0.149   0
   2.14181495  -0.145  -0.047  -0.007   0.010   0
   2.14253807  -0.166  -0.127  -0.104  -0.105   0
   2.14304996  -0.173  -0.181  -0.171  -0.189   0
   2.14375281  -0.163  -0.239  -0.257  -0.307   0
   2.14422727  -0.147  -0.253  -0.300  -0.390   0
   2.14470172  -0.121  -0.243  -0.331  -0.478   0
   2.14517593  -0.083  -0.187  -0.338  -0.567   3
   2.14564919  -0.026  -0.079  -0.308  -0.652   0
   2.14588618   0.016  -0.001  -0.276  -0.690   0
   2.14612412   0.073   0.093  -0.234  -0.724   0
   2.14636064   0.143   0.195  -0.185  -0.747   0
   2.14683962   0.319   0.391  -0.070  -0.728   0
   2.14732432   0.526   0.590   0.064  -0.661   0
   2.14756870   0.624   0.682   0.128  -0.624   4
   2.14823246   0.611   0.635   0.035  -0.756   0
   2.14899015   0.499   0.505  -0.116  -0.925   0
   2.14977312   0.384   0.377  -0.257  -1.078   0
   2.15049171   0.280   0.263  -0.381  -1.212   0
   2.15124369   0.176   0.146  -0.508  -1.347   0
   2.15205622   0.075   0.026  -0.640  -1.489   0
   2.15286064  -0.022  -0.088  -0.767  -1.625   0
   2.15364242  -0.106  -0.187  -0.876  -1.742   0
   2.15377617  -0.119  -0.202  -0.892  -1.759   2
   2.15408754  -0.050  -0.120  -0.801  -1.661   0
   2.15438795   0.018  -0.040  -0.712  -1.565   0
   2.15528464   0.086   0.043  -0.620  -1.466   0
   2.16016245   0.204   0.181  -0.464  -1.296   0
   2.16699839   0.295   0.287  -0.344  -1.163   0
   2.17806435   0.345   0.353  -0.254  -1.053   0
   2.18363881   0.348   0.365  -0.230  -1.017   4
   2.19428873   0.117   0.158  -0.384  -1.127   0
   2.20000005  -0.054  -0.011  -0.511  -1.210   0
   2.20058870  -0.071  -0.028  -0.524  -1.218   0
   2.20638347  -0.229  -0.185  -0.631  -1.273   0
   2.21141720  -0.340  -0.311  -0.709  -1.293   0
   2.21525073  -0.426  -0.417  -0.770  -1.296   0
   2.21880555  -0.499  -0.516  -0.825  -1.293   0
   2.22269297  -0.566  -0.614  -0.880  -1.285   0
   2.22672153  -0.628  -0.706  -0.931  -1.276   0
   2.23182511  -0.691  -0.799  -0.982  -1.267   0
   2.25639820  -0.875  -1.012  -1.143  -1.362   0
   2.27476096  -1.002  -1.149  -1.254  -1.443   0
   2.29680657  -1.110  -1.252  -1.388  -1.620   0
   2.30213547  -1.114  -1.235  -1.415  -1.704   0
   2.30550647  -1.107  -1.206  -1.426  -1.769   0
   2.30827475  -1.095  -1.171  -1.426  -1.821   3
   2.31017137  -1.071  -1.122  -1.418  -1.870   0
   2.31161952  -1.041  -1.072  -1.405  -1.906   0
   2.31262207  -0.978  -0.985  -1.375  -1.951   0
   2.31371021  -0.842  -0.836  -1.316  -1.994   0
   2.31440711  -0.635  -0.644  -1.206  -1.965   0
   2.31467819  -0.424  -0.457  -1.075  -1.882   4
   2.31478310  -0.460  -0.523  -1.182  -2.025   0
   2.31484795  -0.535  -0.630  -1.317  -2.182   0
   2.31591392  -0.700  -0.836  -1.555  -2.444   0
   2.31625557  -0.826  -0.993  -1.736  -2.644   0
   2.31648278  -0.925  -1.115  -1.876  -2.797   0
   2.31682539  -1.067  -1.290  -2.079  -3.021   0
   2.31721759  -1.189  -1.463  -2.284  -3.250   0
   2.31749105  -1.269  -1.584  -2.430  -3.414   0
   2.31776047  -1.359  -1.717  -2.591  -3.594   0
   2.31800103  -1.440  -1.848  -2.755  -3.780   0
   2.31819749  -1.516  -1.970  -2.908  -3.956   0
   2.31838012  -1.599  -2.098  -3.068  -4.137   0
   2.31852412  -1.652  -2.203  -3.203  -4.294   0
   2.31868482  -1.696  -2.318  -3.358  -4.479   0
   2.31886315  -1.740  -2.439  -3.523  -4.675   0
   2.31896448  -1.761  -2.518  -3.637  -4.814   0
   2.31904006  -1.764  -2.582  -3.736  -4.940   0
   2.31911540  -1.787  -2.668  -3.859  -5.089   0
   2.31921148  -1.796  -2.745  -3.976  -5.235   0
   2.31929922  -1.781  -2.771  -4.024  -5.301   0
   2.31931281  -1.780  -2.823  -4.104  -5.403   0
   2.31931973  -1.777  -2.829  -4.116  -5.419   0
   2.31934071  -1.777  -2.844  -4.138  -5.448   0
   2.31936169  -1.775  -2.857  -4.160  -5.477   0
   2.31938219  -1.774  -2.871  -4.182  -5.505   0
   2.31940269  -1.772  -2.884  -4.204  -5.534   0
   2.31942344  -1.770  -2.897  -4.226  -5.563   0
   2.31943989  -1.768  -2.908  -4.243  -5.586   0
   2.31946039  -1.766  -2.921  -4.265  -5.615   0
   2.31948090  -1.764  -2.933  -4.287  -5.644   0
   2.31950140  -1.761  -2.946  -4.308  -5.672   0
   2.31951785  -1.759  -2.956  -4.326  -5.696   0
   2.31953835  -1.756  -2.969  -4.347  -5.724   0
   2.31955481  -1.754  -2.979  -4.365  -5.748   0
   2.31958795  -1.749  -2.992  -4.387  -5.779   0
   2.31967044  -1.741  -3.018  -4.434  -5.842   0
   2.31975222  -1.735  -3.032  -4.459  -5.876   0
   2.31983328  -1.730  -3.044  -4.481  -5.906   0
   2.31991363  -1.724  -3.056  -4.503  -5.936   0
   2.31999326  -1.719  -3.067  -4.525  -5.966   0
   2.32007217  -1.713  -3.079  -4.547  -5.996   0
   2.32015038  -1.708  -3.090  -4.568  -6.026   0
   2.32022786  -1.702  -3.101  -4.589  -6.055   0
   2.32028937  -1.697  -3.110  -4.605  -6.079   0
   2.32035017  -1.692  -3.118  -4.622  -6.103   0
   2.32041073  -1.687  -3.127  -4.639  -6.127   0
   2.32047081  -1.682  -3.136  -4.656  -6.152   0
   2.32053065  -1.677  -3.144  -4.672  -6.176   0
   2.32058978  -1.672  -3.153  -4.689  -6.200   0
   2.32064867  -1.666  -3.161  -4.705  -6.223   0
   2.32070732  -1.661  -3.169  -4.721  -6.247   0
   2.32076550  -1.655  -3.177  -4.738  -6.270   0
   2.32082319  -1.649  -3.184  -4.753  -6.294   0
   2.32088065  -1.643  -3.192  -4.769  -6.317   0
   2.32093811  -1.645  -3.203  -4.786  -6.340   0
   2.32099509  -1.649  -3.216  -4.804  -6.362   0
   2.32105184  -1.653  -3.229  -4.821  -6.384   0
   2.32110834  -1.657  -3.241  -4.838  -6.406   0
   2.32116485  -1.661  -3.253  -4.855  -6.428   0
   2.32122087  -1.664  -3.265  -4.872  -6.449   0
   2.32127714  -1.668  -3.277  -4.888  -6.470   0
   2.32133341  -1.671  -3.289  -4.905  -6.491   0
   2.32138920  -1.675  -3.300  -4.921  -6.512   0
   2.32144499  -1.678  -3.312  -4.937  -6.533   0
   2.32150078  -1.681  -3.323  -4.952  -6.553   0
   2.32155681  -1.684  -3.334  -4.968  -6.573   0
   2.32161307  -1.687  -3.344  -4.983  -6.592   0
   2.32168341  -1.690  -3.357  -5.001  -6.616   0
   2.32175398  -1.693  -3.370  -5.019  -6.640   0
   2.32182527  -1.696  -3.382  -5.037  -6.663   0
   2.32189703  -1.698  -3.394  -5.055  -6.686   0
   2.32196951  -1.700  -3.406  -5.072  -6.708   0
   2.32203960  -1.702  -3.417  -5.088  -6.729   0
   2.32211900  -1.704  -3.429  -5.105  -6.752   0
   2.32220602  -1.705  -3.441  -5.122  -6.776   0
   2.32228756  -1.706  -3.451  -5.138  -6.797   0
   2.32236457  -1.706  -3.461  -5.154  -6.818   0
   2.32244706  -1.715  -3.475  -5.170  -6.840   2
   2.32253504  -1.740  -3.495  -5.185  -6.860   0
   2.32259417  -1.751  -3.502  -5.187  -6.865   0
   2.32261705  -1.748  -3.496  -5.179  -6.858   0
   2.32262635  -1.736  -3.482  -5.164  -6.844   0
   2.32262969  -1.720  -3.465  -5.145  -6.827   0
   2.32263136  -1.704  -3.447  -5.126  -6.809   0
