   0.15000001  13.703  12.753  11.424   9.846   0
   0.20000000  12.291  11.622  10.456   9.055   0
   0.25000000  11.519  10.940   9.838   8.514   0
   0.30000001  11.012  10.495   9.431   8.157   0
   0.34999999  10.573  10.107   9.077   7.846   0
   0.40000001  10.167   9.750   8.749   7.555   0
   0.44999999   9.665   9.311   8.347   7.198   0
   0.50000000   9.149   8.872   7.953   6.857   0
   0.55000001   8.484   8.332   7.487   6.469   0
   0.60000002   7.540   7.608   6.908   6.027   0
   0.60633004   7.449   7.535   6.846   5.976   0
   0.66271222   6.729   6.926   6.334   5.549   0
   0.69999999   6.308   6.553   6.016   5.281   0
   0.71982831   6.080   6.349   5.842   5.136   0
   0.75770295   5.681   5.973   5.515   4.862   0
   0.79070038   5.353   5.653   5.234   4.625   0
   0.80000001   5.267   5.564   5.155   4.558   0
   0.82614279   5.032   5.317   4.933   4.371   0
   0.85276997   4.792   5.063   4.706   4.179   0
   0.87709492   4.581   4.829   4.493   4.000   0
   0.89978850   4.382   4.605   4.290   3.828   0
   0.89999998   4.380   4.603   4.288   3.826   0
   0.92176026   4.186   4.380   4.088   3.664   0
   0.94603509   3.964   4.118   3.852   3.475   0
   0.97404128   3.688   3.788   3.557   3.242   0
   0.99038923   3.519   3.587   3.377   3.100   0
   1.00000000   3.413   3.461   3.264   3.011   0
   1.00989175   3.303   3.330   3.149   2.922   0
   1.02425933   3.133   3.135   2.976   2.786   0
   1.02931011   3.070   3.063   2.912   2.732   0
   1.03537190   2.988   2.972   2.829   2.661   0
   1.03932190   2.932   2.910   2.772   2.611   0
   1.03944063   2.930   2.908   2.770   2.610   0
   1.05423629   2.687   2.647   2.522   2.374   1
   1.06223488   2.524   2.485   2.349   2.181   0
   1.06642497   2.415   2.382   2.228   2.030   0
   1.06893587   2.342   2.329   2.148   1.903   0
   1.07080853   2.279   2.297   2.082   1.776   0
   1.07198822   2.248   2.307   2.053   1.678   0
   1.07331526   2.226   2.342   2.026   1.549   0
   1.07446504   2.234   2.393   2.014   1.442   3
   1.07550454   2.288   2.464   2.024   1.374   0
   1.07672477   2.381   2.549   2.047   1.325   0
   1.07796383   2.351   2.504   1.966   1.205   0
   1.07895792   2.252   2.387   1.827   1.046   0
   1.07990217   2.112   2.233   1.662   0.869   0
   1.08067691   1.980   2.092   1.512   0.711   0
   1.08135402   1.855   1.956   1.370   0.562   0
   1.08201802   1.721   1.813   1.221   0.406   0
   1.08265424   1.579   1.661   1.062   0.240   0
   1.08323348   1.437   1.510   0.904   0.075   0
   1.08372653   1.312   1.376   0.765  -0.070   0
   1.08418143   1.180   1.235   0.617  -0.224   0
   1.08459318   1.056   1.098   0.471  -0.378   0
   1.08497107   0.940   0.967   0.331  -0.525   0
   1.08531857   0.814   0.825   0.179  -0.686   0
   1.08561671   0.696   0.692   0.036  -0.837   0
   1.08589900   0.579   0.559  -0.107  -0.988   0
   1.08614600   0.462   0.427  -0.248  -1.138   0
   1.08636487   0.350   0.300  -0.386  -1.284   0
   1.08656156   0.241   0.179  -0.516  -1.423   0
   1.08674192   0.136   0.059  -0.647  -1.562   0
   1.08691740   0.041  -0.051  -0.767  -1.691   0
   1.08706963  -0.018  -0.119  -0.841  -1.769   0
   1.08720386   0.075  -0.008  -0.717  -1.635   1
   1.08734798  -0.041  -0.143  -0.865  -1.794   0
   1.08749819  -0.164  -0.284  -1.019  -1.958   0
   1.08762884  -0.265  -0.407  -1.157  -2.107   0
   1.08775330  -0.374  -0.541  -1.305  -2.267   0
   1.08785987  -0.467  -0.661  -1.443  -2.417   0
   1.08796096  -0.567  -0.788  -1.587  -2.574   0
   1.08804655  -0.650  -0.901  -1.719  -2.720   0
   1.08812726  -0.735  -1.017  -1.857  -2.874   0
   1.08819640  -0.820  -1.130  -1.988  -3.018   0
   1.08826113  -0.912  -1.247  -2.123  -3.165   0
   1.08831537  -0.991  -1.354  -2.248  -3.303   0
   1.08836651  -1.064  -1.459  -2.375  -3.448   0
   1.08841217  -1.134  -1.556  -2.492  -3.578   0
   1.08845341  -1.190  -1.651  -2.611  -3.716   0
   1.08848679  -1.231  -1.721  -2.700  -3.818   2
   1.08848679   0.744   0.833   0.363  -0.326   1
   1.08869994   0.741   0.829   0.352  -0.345   0
   1.08898425   0.736   0.823   0.341  -0.362   0
   1.08928156   0.729   0.816   0.330  -0.377   0
   1.08939135   0.726   0.813   0.327  -0.381   0
   1.08959949   0.717   0.804   0.319  -0.387   0
   1.08993113   0.704   0.790   0.309  -0.394   0
   1.09027541   0.688   0.774   0.298  -0.398   0
   1.09063613   0.672   0.758   0.288  -0.402   0
   1.09100091   0.658   0.744   0.278  -0.406   0
   1.09136868   0.645   0.730   0.268  -0.412   0
   1.09173036   0.634   0.719   0.259  -0.419   0
   1.09210324   0.624   0.708   0.249  -0.427   0
   1.09242857   0.618   0.701   0.241  -0.436   0
   1.09277713   0.612   0.695   0.232  -0.449   0
   1.09314084   0.606   0.688   0.221  -0.465   0
   1.09351981   0.602   0.683   0.209  -0.486   0
   1.09392035   0.598   0.678   0.193  -0.514   0
   1.09439981   0.590   0.669   0.170  -0.552   0
   1.09457970   0.585   0.663   0.157  -0.573   0
   1.09482002   0.576   0.653   0.136  -0.606   0
   1.09554040   0.555   0.611   0.059  -0.718   0
   1.09559929   0.540   0.589   0.024  -0.765   0
   1.09564424   0.506   0.543  -0.040  -0.847   0
   1.09565783   0.475   0.505  -0.088  -0.906   0
   1.09566820   0.402   0.419  -0.193  -1.028   0
   1.09567451   0.286   0.278  -0.355  -1.209   0
   1.09567988   0.184   0.154  -0.497  -1.367   0
   1.09568906   0.058   0.007  -0.662  -1.546   0
   1.09569538   0.036  -0.020  -0.693  -1.579   0
   1.09573185   0.100   0.057  -0.606  -1.485   1
   1.09582913  -0.040  -0.111  -0.795  -1.692   0
   1.09587240  -0.156  -0.251  -0.953  -1.864   0
   1.09591460  -0.292  -0.412  -1.134  -2.062   0
   1.09593844  -0.402  -0.542  -1.280  -2.220   0
   1.09596169  -0.496  -0.660  -1.416  -2.371   0
   1.09598494  -0.584  -0.776  -1.550  -2.517   0
   1.09601212  -0.664  -0.891  -1.689  -2.674   0
   1.09603465  -0.748  -1.009  -1.831  -2.834   0
   1.09605181  -0.834  -1.125  -1.966  -2.982   0
   1.09606671  -0.920  -1.242  -2.105  -3.137   0
   1.09608078  -1.004  -1.357  -2.242  -3.290   0
   1.09609318  -1.080  -1.466  -2.373  -3.439   0
   1.09610701  -1.157  -1.580  -2.515  -3.601   0
   1.09611583  -1.223  -1.687  -2.649  -3.754   0
   1.09611738  -1.246  -1.751  -2.738  -3.862   0
   1.09611917  -1.273  -1.803  -2.806  -3.942   0
   1.09612107  -1.282  -1.823  -2.834  -3.974   0
   1.09612310  -1.291  -1.843  -2.861  -4.007   0
   1.09612501  -1.300  -1.864  -2.889  -4.040   0
   1.09612703  -1.308  -1.884  -2.916  -4.073   0
   1.09612894  -1.317  -1.904  -2.944  -4.106   0
   1.09613061  -1.324  -1.920  -2.966  -4.133   0
   1.09613252  -1.332  -1.940  -2.994  -4.166   0
   1.09613454  -1.341  -1.960  -3.021  -4.199   0
   1.09613645  -1.349  -1.980  -3.048  -4.232   0
   1.09613848  -1.357  -2.000  -3.076  -4.265   0
   1.09614038  -1.365  -2.019  -3.103  -4.298   0
   1.09614241  -1.373  -2.039  -3.131  -4.331   0
   1.09614432  -1.381  -2.058  -3.158  -4.364   0
   1.09614635  -1.389  -2.078  -3.185  -4.397   0
   1.09614837  -1.396  -2.098  -3.213  -4.431   0
   1.09615028  -1.404  -2.117  -3.241  -4.465   0
   1.09615231  -1.411  -2.137  -3.268  -4.498   0
   1.09615386  -1.417  -2.152  -3.290  -4.525   0
   1.09615576  -1.424  -2.172  -3.318  -4.559   0
   1.09615779  -1.432  -2.191  -3.345  -4.593   0
   1.09615982  -1.439  -2.210  -3.373  -4.626   0
   1.09616172  -1.446  -2.229  -3.400  -4.660   0
   1.09616375  -1.452  -2.248  -3.428  -4.694   0
   1.09616566  -1.457  -2.264  -3.452  -4.724   0
   1.09617126  -1.467  -2.294  -3.497  -4.781   0
   1.09617662  -1.474  -2.321  -3.537  -4.832   0
   1.09618199  -1.478  -2.338  -3.564  -4.866   0
   1.09618735  -1.480  -2.354  -3.588  -4.898   0
   1.09619260  -1.480  -2.369  -3.613  -4.930   0
   1.09619796  -1.480  -2.384  -3.637  -4.962   0
   1.09620333  -1.480  -2.399  -3.662  -4.994   0
   1.09620845  -1.480  -2.414  -3.686  -5.026   0
   1.09621358  -1.479  -2.428  -3.710  -5.058   0
   1.09621871  -1.478  -2.443  -3.734  -5.090   0
   1.09622383  -1.476  -2.457  -3.758  -5.122   0
   1.09622896  -1.475  -2.470  -3.781  -5.155   0
   1.09623396  -1.473  -2.484  -3.805  -5.187   0
   1.09623885  -1.470  -2.497  -3.828  -5.219   0
   1.09624386  -1.467  -2.510  -3.852  -5.251   0
   1.09624875  -1.464  -2.523  -3.875  -5.283   0
   1.09625363  -1.461  -2.536  -3.898  -5.316   0
   1.09625852  -1.457  -2.548  -3.921  -5.348   0
   1.09626329  -1.452  -2.560  -3.944  -5.380   0
   1.09626806  -1.447  -2.572  -3.967  -5.412   0
   1.09627271  -1.441  -2.583  -3.989  -5.444   0
   1.09627748  -1.435  -2.594  -4.012  -5.477   0
   1.09628212  -1.428  -2.604  -4.034  -5.509   0
   1.09628665  -1.423  -2.616  -4.056  -5.541   0
   1.09629118  -1.428  -2.632  -4.081  -5.573   0
   1.09629583  -1.432  -2.649  -4.106  -5.604   0
   1.09630036  -1.437  -2.665  -4.130  -5.636   0
   1.09630477  -1.441  -2.682  -4.155  -5.668   0
   1.09630919  -1.444  -2.698  -4.179  -5.699   0
   1.09631348  -1.447  -2.714  -4.204  -5.731   0
   1.09631789  -1.450  -2.729  -4.228  -5.762   0
   1.09632218  -1.452  -2.744  -4.252  -5.794   0
   1.09632504  -1.453  -2.754  -4.267  -5.814   0
