   0.15000001  13.865  12.831  11.475   9.866   0
   0.20000000  12.478  11.705  10.517   9.092   0
   0.25000000  11.711  11.015   9.893   8.549   0
   0.30000001  11.213  10.571   9.490   8.200   0
   0.34999999  10.779  10.184   9.137   7.894   0
   0.40000001  10.369   9.818   8.802   7.599   0
   0.44999999   9.884   9.392   8.412   7.257   0
   0.50000000   9.391   8.970   8.032   6.933   0
   0.55000001   8.766   8.462   7.585   6.562   0
   0.60000002   8.073   7.921   7.122   6.185   0
   0.69999999   6.793   6.908   6.281   5.495   0
   0.80000001   5.800   6.045   5.558   4.895   0
   0.89999998   5.060   5.318   4.923   4.361   0
   1.00000000   4.464   4.678   4.355   3.894   0
   1.07930994   4.067   4.217   3.949   3.580   0
   1.10000002   3.970   4.102   3.847   3.502   0
   1.14890945   3.757   3.838   3.621   3.346   0
   1.20000005   3.550   3.586   3.406   3.200   0
   1.21316576   3.499   3.525   3.355   3.166   0
   1.29999995   3.187   3.171   3.066   2.972   0
   1.39999998   2.855   2.861   2.811   2.788   0
   1.50000000   2.553   2.622   2.611   2.628   0
   1.60000002   2.280   2.422   2.441   2.483   0
   1.70000005   2.038   2.248   2.289   2.349   0
   1.75000000   1.929   2.168   2.219   2.286   0
   1.79999995   1.821   2.090   2.148   2.223   0
   1.89999998   1.621   1.943   2.014   2.100   0
   2.00000000   1.439   1.805   1.887   1.983   0
   2.01598477   1.411   1.783   1.867   1.964   0
   2.20000005   1.099   1.540   1.640   1.752   0
   2.45811296   0.713   1.226   1.344   1.474   0
   2.50000000   0.652   1.177   1.296   1.429   0
   2.80608940   0.248   0.832   0.967   1.114   0
   3.00000000   0.002   0.617   0.760   0.915   0
   3.10039020  -0.119   0.509   0.656   0.814   0
   3.34138870  -0.410   0.246   0.401   0.565   0
   3.50000000  -0.604   0.067   0.225   0.394   0
   3.55694962  -0.671   0.004   0.164   0.334   0
   3.73124814  -0.880  -0.193  -0.030   0.143   0
   3.88241982  -1.066  -0.370  -0.204  -0.030   0
   4.00000000  -1.224  -0.526  -0.358  -0.185   0
   4.02045822  -1.252  -0.554  -0.386  -0.212   1
   4.13454247  -1.416  -0.719  -0.551  -0.379   0
   4.23287106  -1.570  -0.877  -0.710  -0.539   0
   4.31751585  -1.714  -1.029  -0.863  -0.695   0
   4.39174366  -1.851  -1.175  -1.010  -0.845   0
   4.42550087  -1.916  -1.243  -1.079  -0.916   0
   4.45702219  -1.976  -1.305  -1.141  -0.980   0
   4.46973562  -1.999  -1.327  -1.163  -1.001   0
   4.49083042  -2.028  -1.349  -1.183  -1.019   3
   4.50000000  -2.031  -1.342  -1.174  -1.006   0
   4.50074959  -2.032  -1.341  -1.173  -1.005   0
   4.50852013  -2.018  -1.302  -1.128  -0.952   0
   4.51078224  -2.012  -1.276  -1.096  -0.915   0
   4.51210880  -2.015  -1.259  -1.075  -0.888   0
   4.51231718  -2.007  -1.254  -1.071  -0.885   0
   4.51283598  -2.000  -1.275  -1.099  -0.921   0
   4.51339579  -2.104  -1.405  -1.235  -1.065   0
   4.51414251  -2.243  -1.571  -1.406  -1.246   0
   4.51509571  -2.366  -1.725  -1.567  -1.418   0
   4.51598692  -2.459  -1.847  -1.695  -1.556   0
   4.51700163  -2.552  -1.974  -1.831  -1.703   0
   4.51780891  -2.623  -2.076  -1.939  -1.821   0
   4.51863670  -2.697  -2.186  -2.056  -1.950   0
   4.51950550  -2.775  -2.307  -2.188  -2.095   0
   4.52008486  -2.829  -2.395  -2.283  -2.201   0
   4.52068424  -2.885  -2.490  -2.386  -2.316   0
   4.52126265  -2.943  -2.595  -2.501  -2.444   0
   4.52186203  -2.998  -2.710  -2.626  -2.586   0
   4.52200651  -3.013  -2.742  -2.661  -2.626   0
   4.52235651  -3.041  -2.812  -2.739  -2.716   0
   4.52268553  -3.064  -2.885  -2.821  -2.811   0
   4.52297354  -3.083  -2.952  -2.898  -2.901   0
   4.52322006  -3.089  -3.009  -2.965  -2.981   0
   4.52346659  -3.086  -3.065  -3.034  -3.066   0
   4.52367210  -3.075  -3.109  -3.090  -3.138   0
   4.52387762  -3.047  -3.135  -3.136  -3.210   0
   4.52406263  -3.009  -3.147  -3.174  -3.283   0
   4.52422714  -2.972  -3.142  -3.195  -3.341   0
   4.52437067  -2.928  -3.103  -3.196  -3.398   3
   4.52453518  -2.875  -3.040  -3.187  -3.456   0
   4.52467871  -2.812  -2.947  -3.161  -3.513   0
   4.52478170  -2.762  -2.872  -3.134  -3.549   0
   4.52490473  -2.699  -2.783  -3.097  -3.581   0
   4.52500725  -2.621  -2.681  -3.054  -3.610   0
   4.52510977  -2.521  -2.563  -3.002  -3.635   0
   4.52521276  -2.396  -2.443  -2.946  -3.646   0
   4.52535629  -2.244  -2.306  -2.872  -3.633   0
   4.52558184  -2.044  -2.131  -2.760  -3.577   0
   4.52572536  -1.969  -2.069  -2.725  -3.565   4
   4.52597237  -1.947  -2.101  -2.811  -3.693   0
   4.52615738  -2.026  -2.213  -2.952  -3.856   0
   4.52658892  -2.107  -2.321  -3.082  -4.004   0
   4.52759552  -2.127  -2.345  -3.111  -4.034   0
   4.55785751  -2.161  -2.344  -3.072  -3.968   4
   4.57337427  -2.476  -2.592  -3.227  -4.049   0
   4.57709932  -2.691  -2.771  -3.318  -4.063   0
   4.57951927  -2.829  -2.897  -3.375  -4.049   0
   4.58187771  -2.957  -3.029  -3.431  -4.023   0
   4.58425331  -3.046  -3.135  -3.476  -3.995   0
   4.58678675  -3.112  -3.226  -3.514  -3.965   0
   4.59045267  -3.193  -3.341  -3.558  -3.919   0
   4.59409332  -3.258  -3.428  -3.585  -3.874   0
   4.59828472  -3.321  -3.507  -3.606  -3.826   0
   4.60227156  -3.373  -3.547  -3.610  -3.779   3
   4.60700417  -3.424  -3.572  -3.605  -3.730   0
   4.61255741  -3.474  -3.585  -3.590  -3.676   0
   4.61902475  -3.518  -3.570  -3.557  -3.619   0
   4.62557411  -3.551  -3.548  -3.520  -3.562   0
   4.63293076  -3.577  -3.513  -3.474  -3.502   0
   4.64100885  -3.590  -3.471  -3.421  -3.436   0
   4.65007448  -3.598  -3.427  -3.369  -3.371   0
   4.66228867  -3.605  -3.385  -3.318  -3.307   0
   4.67602825  -3.609  -3.344  -3.269  -3.246   0
   4.69209290  -3.616  -3.309  -3.226  -3.193   0
   4.72033787  -3.646  -3.302  -3.212  -3.168   1
   4.74982214  -3.753  -3.446  -3.364  -3.333   0
   4.75973940  -3.808  -3.542  -3.467  -3.448   0
   4.76583195  -3.853  -3.631  -3.565  -3.558   0
   4.76940155  -3.885  -3.707  -3.649  -3.654   0
   4.77183151  -3.910  -3.801  -3.754  -3.776   0
   4.77303600  -3.914  -3.867  -3.833  -3.872   0
   4.77366495  -3.908  -3.917  -3.894  -3.947   0
   4.77418613  -3.879  -3.955  -3.950  -4.028   0
   4.77459908  -3.830  -3.971  -3.995  -4.116   0
   4.77492237  -3.752  -3.937  -4.012  -4.205   3
   4.77504778  -3.703  -3.894  -4.006  -4.247   0
   4.77515554  -3.639  -3.819  -3.986  -4.292   0
   4.77524519  -3.573  -3.729  -3.952  -4.326   0
   4.77531719  -3.502  -3.634  -3.912  -4.353   0
   4.77537107  -3.443  -3.558  -3.876  -4.367   0
   4.77542496  -3.345  -3.441  -3.818  -4.381   0
   4.77549696  -3.158  -3.244  -3.721  -4.393   0
   4.77555132  -2.981  -3.080  -3.635  -4.384   0
   4.77565908  -2.696  -2.834  -3.488  -4.326   0
   4.77580309  -2.520  -2.733  -3.475  -4.380   4
   4.77587509  -2.538  -2.789  -3.569  -4.502   0
   4.77603722  -2.612  -2.902  -3.712  -4.669   0
   4.77697325  -2.642  -2.997  -3.853  -4.841   0
   4.77744102  -2.707  -3.112  -4.003  -5.015   0
   4.77812433  -2.774  -3.228  -4.151  -5.186   0
   4.77896929  -2.846  -3.345  -4.299  -5.355   0
   4.77970600  -2.901  -3.442  -4.425  -5.502   0
   4.78042459  -2.947  -3.543  -4.560  -5.661   0
   4.78103495  -2.979  -3.638  -4.692  -5.820   0
   4.78153801  -2.999  -3.724  -4.816  -5.972   0
   4.78193283  -3.021  -3.802  -4.928  -6.108   0
   4.78227377  -3.035  -3.874  -5.035  -6.240   0
   4.78268623  -3.098  -3.981  -5.169  -6.392   0
   4.78295517  -3.142  -4.072  -5.289  -6.535   0
   4.78340340  -3.157  -4.088  -5.305  -6.551   0
   4.78352928  -3.156  -4.099  -5.324  -6.575   0
   4.78367233  -3.155  -4.136  -5.386  -6.655   0
   4.78379774  -3.139  -4.204  -5.502  -6.811   0
   4.78380013  -3.148  -4.161  -5.429  -6.714   1
   4.78388119  -3.137  -4.218  -5.526  -6.842   0
   4.78396463  -3.134  -4.232  -5.549  -6.872   0
   4.78404808  -3.132  -4.246  -5.572  -6.903   0
   4.78411484  -3.130  -4.257  -5.591  -6.928   0
   4.78419828  -3.127  -4.270  -5.614  -6.959   0
   4.78428173  -3.125  -4.284  -5.637  -6.989   0
   4.78436470  -3.122  -4.297  -5.660  -7.020   0
   4.78489494  -3.116  -4.311  -5.684  -7.054   0
   4.78556108  -3.112  -4.320  -5.701  -7.076   0
   4.78623199  -3.109  -4.330  -5.718  -7.099   0
   4.78707409  -3.105  -4.341  -5.738  -7.126   0
   4.78791761  -3.101  -4.351  -5.757  -7.153   0
   4.78876305  -3.097  -4.362  -5.776  -7.179   0
   4.78961039  -3.092  -4.372  -5.796  -7.206   0
   4.79045916  -3.088  -4.383  -5.815  -7.232   0
   4.79131031  -3.083  -4.393  -5.834  -7.258   0
   4.79216337  -3.078  -4.403  -5.853  -7.285   0
   4.79301929  -3.073  -4.413  -5.872  -7.311   0
   4.79387712  -3.067  -4.423  -5.891  -7.337   0
   4.79473877  -3.069  -4.436  -5.911  -7.363   0
   4.79560328  -3.073  -4.451  -5.931  -7.388   0
   4.79647112  -3.077  -4.465  -5.952  -7.414   0
   4.79734278  -3.081  -4.479  -5.972  -7.439   0
   4.79821396  -3.085  -4.494  -5.992  -7.464   0
   4.79904938  -3.088  -4.507  -6.012  -7.488   0
   4.79984570  -3.092  -4.520  -6.030  -7.511   0
   4.80060673  -3.095  -4.532  -6.047  -7.533   0
   4.80147696  -3.098  -4.545  -6.066  -7.557   0
   4.80230427  -3.102  -4.558  -6.084  -7.579   0
   4.80309343  -3.106  -4.570  -6.100  -7.600   0
   4.80397034  -3.109  -4.582  -6.118  -7.623   0
   4.80480385  -3.113  -4.594  -6.134  -7.644   0
   4.80570889  -3.117  -4.607  -6.152  -7.667   0
   4.80594635  -3.118  -4.611  -6.157  -7.673   0
