   0.15000001  13.812  12.794  11.447   9.846   0
   0.20000000  12.437  11.667  10.482   9.060   0
   0.25000000  11.674  10.982   9.862   8.522   0
   0.30000001  11.171  10.533   9.454   8.168   0
   0.34999999  10.734  10.143   9.099   7.859   0
   0.40000001  10.328   9.781   8.768   7.569   0
   0.44999999   9.824   9.338   8.362   7.213   0
   0.50000000   9.306   8.896   7.964   6.874   0
   0.55000001   8.635   8.356   7.491   6.483   0
   0.60000002   7.896   7.779   6.999   6.081   0
   0.63151765   7.421   7.410   6.690   5.827   0
   0.68976080   6.645   6.781   6.170   5.397   0
   0.69999999   6.522   6.677   6.084   5.326   0
   0.70473313   6.466   6.629   6.043   5.292   0
   0.74966818   5.947   6.176   5.663   4.974   0
   0.78757966   5.567   5.818   5.354   4.714   0
   0.80000001   5.447   5.702   5.254   4.629   0
   0.83010679   5.167   5.426   5.011   4.422   0
   0.85825211   4.922   5.172   4.783   4.228   0
   0.88345480   4.703   4.944   4.579   4.053   0
   0.89999998   4.564   4.794   4.442   3.937   0
   0.91659480   4.429   4.643   4.307   3.824   0
   0.94153416   4.221   4.412   4.098   3.650   0
   0.96639222   4.011   4.172   3.882   3.472   0
   0.99284917   3.778   3.903   3.639   3.272   0
   1.00000000   3.712   3.826   3.569   3.215   0
   1.01465666   3.580   3.670   3.431   3.108   0
   1.02695346   3.467   3.537   3.312   3.014   0
   1.03818595   3.362   3.413   3.201   2.927   0
   1.05048704   3.240   3.272   3.073   2.823   0
   1.05604827   3.182   3.205   3.012   2.772   0
   1.06334078   3.102   3.115   2.930   2.702   0
   1.06757963   3.054   3.061   2.881   2.660   0
   1.06848407   3.043   3.049   2.870   2.650   0
   1.08840585   2.789   2.774   2.609   2.406   1
   1.09820306   2.637   2.619   2.446   2.229   0
   1.10000002   2.608   2.590   2.415   2.195   0
   1.10648298   2.490   2.486   2.291   2.033   0
   1.10984635   2.423   2.440   2.218   1.912   0
   1.11220491   2.376   2.426   2.169   1.803   0
   1.11415792   2.352   2.438   2.136   1.695   0
   1.11568820   2.352   2.470   2.120   1.606   0
   1.11699510   2.375   2.516   2.118   1.538   3
   1.11814082   2.441   2.585   2.140   1.503   0
   1.11943829   2.555   2.690   2.190   1.495   0
   1.12027264   2.625   2.748   2.216   1.490   0
   1.12231171   2.629   2.719   2.136   1.365   0
   1.12381506   2.520   2.590   1.987   1.198   0
   1.12504137   2.391   2.447   1.834   1.035   0
   1.12622607   2.254   2.299   1.678   0.871   0
   1.12715495   2.120   2.157   1.528   0.714   0
   1.12807715   1.985   2.011   1.374   0.553   0
   1.12889230   1.851   1.865   1.221   0.393   0
   1.12964320   1.720   1.725   1.073   0.238   0
   1.13028073   1.594   1.586   0.925   0.083   0
   1.13086796   1.475   1.451   0.781  -0.068   0
   1.13142490   1.352   1.314   0.634  -0.224   0
   1.13191354   1.231   1.177   0.488  -0.377   0
   1.13235950   1.113   1.043   0.343  -0.532   0
   1.13276041   0.996   0.907   0.195  -0.689   0
   1.13312876   0.877   0.770   0.046  -0.848   0
   1.13344657   0.764   0.640  -0.097  -1.000   0
   1.13373649   0.654   0.512  -0.238  -1.151   0
   1.13400769   0.544   0.385  -0.378  -1.302   0
   1.13434422   0.437   0.261  -0.515  -1.448   0
   1.13454938   0.543   0.387  -0.372  -1.292   0
   1.13457000   0.549   0.394  -0.365  -1.285   1
   1.13478506   0.436   0.263  -0.509  -1.440   0
   1.13500571   0.327   0.132  -0.656  -1.599   0
   1.13520277   0.230   0.006  -0.799  -1.753   0
   1.13539326   0.131  -0.124  -0.948  -1.916   0
   1.13555622   0.040  -0.246  -1.088  -2.069   0
   1.13571191  -0.055  -0.375  -1.237  -2.233   0
   1.13584542  -0.143  -0.496  -1.379  -2.390   0
   1.13596070  -0.224  -0.609  -1.514  -2.540   0
   1.13607037  -0.303  -0.726  -1.655  -2.697   0
   1.13616419  -0.369  -0.831  -1.786  -2.847   0
   1.13625240  -0.430  -0.937  -1.918  -2.998   0
   1.13633120  -0.488  -1.044  -2.052  -3.151   0
   1.13640594  -0.537  -1.147  -2.184  -3.304   0
   1.13646567  -0.558  -1.227  -2.297  -3.442   0
   1.13652289  -0.592  -1.317  -2.420  -3.588   0
   1.13657618  -0.630  -1.408  -2.542  -3.732   0
   1.13662469  -0.673  -1.503  -2.667  -3.879   0
   1.13665259  -0.681  -1.547  -2.733  -3.960   2
   1.13665259   0.973   0.997   0.422  -0.348   1
   1.13695478   0.969   0.985   0.401  -0.378   0
   1.13732457   0.960   0.973   0.384  -0.399   0
   1.13752139   0.953   0.966   0.376  -0.407   0
   1.13772225   0.947   0.960   0.370  -0.413   0
   1.13814723   0.931   0.945   0.359  -0.422   0
   1.13858938   0.913   0.929   0.347  -0.430   0
   1.13904631   0.895   0.913   0.334  -0.439   0
   1.13951111   0.879   0.898   0.323  -0.448   0
   1.13999391   0.864   0.883   0.311  -0.458   0
   1.14046764   0.849   0.869   0.299  -0.468   0
   1.14093387   0.835   0.856   0.287  -0.478   0
   1.14139760   0.822   0.844   0.276  -0.489   0
   1.14168274   0.815   0.836   0.268  -0.496   0
   1.14184678   0.811   0.832   0.264  -0.500   0
   1.14227581   0.803   0.822   0.253  -0.512   0
   1.14271402   0.795   0.813   0.241  -0.527   0
   1.14317465   0.787   0.801   0.226  -0.545   0
   1.14366066   0.777   0.788   0.207  -0.569   0
   1.14417744   0.768   0.772   0.182  -0.602   0
   1.14443839   0.760   0.759   0.163  -0.626   0
   1.14475369   0.744   0.737   0.133  -0.663   0
   1.14515853   0.705   0.684   0.061  -0.751   0
   1.14526808   0.677   0.648   0.013  -0.809   0
   1.14532673   0.628   0.587  -0.063  -0.898   0
   1.14534390   0.589   0.531  -0.132  -0.979   0
   1.14535546   0.522   0.438  -0.247  -1.110   0
   1.14536285   0.417   0.304  -0.404  -1.286   0
   1.14536893   0.318   0.182  -0.546  -1.442   0
   1.14537561   0.225   0.067  -0.678  -1.588   0
   1.14538646   0.157  -0.018  -0.778  -1.699   0
   1.14544368   0.246   0.094  -0.647  -1.553   1
   1.14555466   0.136  -0.045  -0.809  -1.732   0
   1.14560997   0.010  -0.204  -0.995  -1.938   0
   1.14566529  -0.095  -0.355  -1.174  -2.138   0
   1.14572060  -0.207  -0.518  -1.369  -2.356   0
   1.14576614  -0.307  -0.666  -1.548  -2.558   0
   1.14580393  -0.388  -0.796  -1.710  -2.742   0
   1.14582694  -0.441  -0.891  -1.833  -2.884   0
   1.14584708  -0.497  -0.988  -1.959  -3.031   0
   1.14586282  -0.540  -1.079  -2.077  -3.167   0
   1.14587867  -0.587  -1.183  -2.211  -3.325   0
   1.14589179  -0.613  -1.269  -2.331  -3.469   0
   1.14590633  -0.635  -1.357  -2.457  -3.623   0
   1.14592016  -0.670  -1.445  -2.575  -3.763   0
   1.14592206  -0.677  -1.474  -2.619  -3.816   0
   1.14592469  -0.681  -1.494  -2.648  -3.852   0
   1.14592719  -0.685  -1.514  -2.676  -3.887   0
   1.14592922  -0.688  -1.529  -2.699  -3.916   0
   1.14593184  -0.692  -1.549  -2.728  -3.951   0
   1.14593387  -0.694  -1.564  -2.751  -3.980   0
   1.14593613  -0.697  -1.582  -2.778  -4.013   0
   1.14593852  -0.699  -1.599  -2.803  -4.045   0
   1.14594078  -0.700  -1.615  -2.828  -4.077   0
   1.14594316  -0.701  -1.632  -2.854  -4.109   0
   1.14594543  -0.702  -1.649  -2.879  -4.140   0
   1.14594781  -0.702  -1.666  -2.904  -4.172   0
   1.14595008  -0.703  -1.682  -2.929  -4.204   0
   1.14595246  -0.703  -1.699  -2.955  -4.237   0
   1.14595473  -0.703  -1.716  -2.981  -4.270   0
   1.14595711  -0.703  -1.733  -3.007  -4.303   0
   1.14595938  -0.703  -1.749  -3.033  -4.336   0
   1.14596128  -0.702  -1.763  -3.054  -4.363   0
   1.14596355  -0.702  -1.779  -3.079  -4.396   0
   1.14596546  -0.701  -1.793  -3.100  -4.422   0
   1.14596772  -0.700  -1.809  -3.126  -4.455   0
   1.14597011  -0.699  -1.825  -3.152  -4.488   0
   1.14597237  -0.697  -1.841  -3.177  -4.521   0
   1.14597476  -0.695  -1.856  -3.202  -4.555   0
   1.14597702  -0.692  -1.871  -3.227  -4.588   0
   1.14597929  -0.689  -1.886  -3.252  -4.621   0
   1.14598167  -0.685  -1.900  -3.277  -4.654   0
   1.14598393  -0.682  -1.914  -3.302  -4.687   0
   1.14598632  -0.678  -1.929  -3.326  -4.720   0
   1.14598858  -0.674  -1.943  -3.351  -4.753   0
   1.14599097  -0.670  -1.957  -3.375  -4.786   0
   1.14599323  -0.666  -1.970  -3.400  -4.820   0
   1.14599514  -0.662  -1.978  -3.413  -4.838   0
   1.14599741  -0.658  -1.984  -3.425  -4.855   0
   1.14599979  -0.654  -1.990  -3.437  -4.872   0
   1.14600277  -0.650  -1.996  -3.450  -4.890   0
   1.14600885  -0.644  -2.008  -3.472  -4.921   0
   1.14601493  -0.637  -2.019  -3.494  -4.953   0
   1.14602065  -0.630  -2.030  -3.515  -4.983   0
   1.14602649  -0.623  -2.041  -3.536  -5.014   0
   1.14603233  -0.616  -2.051  -3.558  -5.045   0
   1.14603806  -0.608  -2.062  -3.579  -5.076   0
   1.14604390  -0.600  -2.072  -3.600  -5.107   0
   1.14604962  -0.591  -2.082  -3.621  -5.138   0
   1.14605522  -0.582  -2.091  -3.642  -5.169   0
   1.14606082  -0.573  -2.101  -3.662  -5.200   0
   1.14606643  -0.563  -2.110  -3.683  -5.230   0
   1.14607191  -0.553  -2.119  -3.703  -5.262   0
   1.14607751  -0.542  -2.127  -3.724  -5.293   0
   1.14608300  -0.531  -2.136  -3.744  -5.324   0
   1.14608824  -0.529  -2.149  -3.766  -5.354   0
   1.14609361  -0.533  -2.165  -3.789  -5.384   0
   1.14609897  -0.537  -2.182  -3.813  -5.415   0
   1.14610434  -0.541  -2.198  -3.836  -5.445   0
   1.14610958  -0.544  -2.214  -3.860  -5.476   0
   1.14611471  -0.548  -2.230  -3.883  -5.506   0
   1.14611983  -0.551  -2.246  -3.905  -5.536   0
   1.14612496  -0.553  -2.262  -3.928  -5.567   0
   1.14613008  -0.555  -2.277  -3.951  -5.597   0
   1.14613521  -0.557  -2.293  -3.975  -5.628   0
   1.14614022  -0.559  -2.308  -3.997  -5.658   0
   1.14614499  -0.562  -2.323  -4.019  -5.688   2
   1.14614987  -0.593  -2.350  -4.042  -5.718   0
   1.14615476  -0.628  -2.379  -4.065  -5.748   0
   1.14615631  -0.639  -2.389  -4.073  -5.758   0
