   0.15000001  13.867  12.832  11.475   9.866   0
   0.20000000  12.479  11.706  10.518   9.093   0
   0.25000000  11.712  11.016   9.894   8.550   0
   0.30000001  11.214  10.572   9.491   8.201   0
   0.34999999  10.780  10.185   9.138   7.895   0
   0.40000001  10.371   9.819   8.803   7.600   0
   0.44999999   9.886   9.394   8.414   7.259   0
   0.50000000   9.394   8.973   8.035   6.936   0
   0.55000001   8.772   8.467   7.589   6.566   0
   0.60000002   8.080   7.927   7.127   6.190   0
   0.69999999   6.805   6.919   6.291   5.504   0
   0.80000001   5.818   6.062   5.574   4.909   0
   0.89999998   5.084   5.343   4.946   4.381   0
   1.00000000   4.496   4.712   4.387   3.923   0
   1.10000002   4.006   4.143   3.886   3.537   0
   1.20000005   3.583   3.622   3.442   3.234   0
   1.29999995   3.220   3.206   3.100   3.007   0
   1.39999998   2.888   2.896   2.846   2.822   0
   1.50000000   2.594   2.666   2.655   2.672   0
   1.60000002   2.327   2.469   2.488   2.530   0
   1.70000005   2.099   2.311   2.352   2.413   0
   1.75000000   1.992   2.235   2.285   2.354   0
   1.79999995   1.889   2.162   2.220   2.295   0
   1.89999998   1.698   2.026   2.097   2.185   0
   2.00000000   1.526   1.901   1.984   2.082   0
   2.20000005   1.232   1.686   1.787   1.903   0
   2.50000000   0.840   1.382   1.504   1.642   0
   3.00000000   0.321   0.961   1.106   1.269   0
   3.50000000  -0.117   0.590   0.754   0.935   0
   4.00000000  -0.489   0.272   0.451   0.647   0
   4.50000000  -0.815  -0.010   0.181   0.388   0
   5.00000000  -1.103  -0.262  -0.060   0.157   0
   5.42428827  -1.321  -0.452  -0.243  -0.019   0
   6.00000000  -1.589  -0.688  -0.470  -0.235   0
   7.00000000  -2.014  -1.065  -0.831  -0.582   0
   9.00000000  -2.715  -1.696  -1.440  -1.167   0
  11.47527695  -3.441  -2.355  -2.078  -1.785   0
  12.00000000  -3.580  -2.481  -2.201  -1.905   0
  15.00000000  -4.231  -3.080  -2.789  -2.487   0
  19.53294754  -4.925  -3.740  -3.444  -3.144   0
  20.00000000  -4.989  -3.803  -3.506  -3.206   0
  26.38162804  -5.675  -4.476  -4.175  -3.872   0
  30.00000000  -6.046  -4.845  -4.542  -4.238   0
  31.94513512  -6.209  -5.008  -4.705  -4.400   1
  38.42507172  -6.791  -5.593  -5.291  -4.988   0
  40.00000000  -6.948  -5.751  -5.451  -5.150   0
  44.55672073  -7.329  -6.139  -5.842  -5.543   0
  51.26276016  -7.980  -6.826  -6.538  -6.242   0
  54.31324005  -8.308  -7.187  -6.909  -6.623   0
  56.61679840  -8.544  -7.456  -7.188  -6.915   0
  57.02818680  -8.519  -7.411  -7.138  -6.859   0
  57.08550262  -8.463  -7.340  -7.060  -6.773   0
  57.10631943  -8.433  -7.303  -7.021  -6.730   1
  57.13012695  -8.495  -7.373  -7.093  -6.807   0
  57.17202377  -8.667  -7.578  -7.310  -7.037   0
  57.19488144  -8.808  -7.752  -7.498  -7.242   0
  57.21173096  -8.934  -7.890  -7.649  -7.409   0
  57.22631836  -9.006  -7.988  -7.755  -7.527   0
  57.24670410  -9.077  -8.100  -7.876  -7.658   0
  57.26358414  -9.126  -8.175  -7.956  -7.747   0
  57.29559708  -9.188  -8.266  -8.054  -7.853   0
  57.32867050  -9.237  -8.339  -8.132  -7.937   0
  57.40708542  -9.272  -8.387  -8.184  -7.993   2
  57.84312057  -9.259  -8.368  -8.163  -7.970   0
  58.53150177  -9.245  -8.345  -8.137  -7.942   0
  59.92772675  -8.685  -7.575  -7.301  -7.020   4
  60.00000000  -8.694  -7.585  -7.311  -7.031   0
  60.82035065  -8.732  -7.625  -7.353  -7.074   0
  61.33993912  -8.779  -7.679  -7.409  -7.133   0
  61.78658295  -8.821  -7.733  -7.466  -7.193   0
  62.15922165  -8.866  -7.792  -7.527  -7.258   0
  62.45726776  -8.916  -7.851  -7.592  -7.328   0
  62.71788788  -8.975  -7.919  -7.665  -7.409   0
  62.94218826  -9.046  -7.997  -7.751  -7.504   0
  63.12805939  -9.123  -8.080  -7.841  -7.604   0
  63.27675247  -9.170  -8.152  -7.919  -7.691   0
  63.38900375  -9.208  -8.216  -7.988  -7.767   0
  63.50028229  -9.260  -8.299  -8.078  -7.865   0
  63.57427597  -9.305  -8.370  -8.154  -7.949   0
  63.63358307  -9.348  -8.437  -8.227  -8.028   0
  63.69712067  -9.402  -8.518  -8.315  -8.125   0
  63.74013138  -9.452  -8.586  -8.389  -8.207   0
  63.77672195  -9.532  -8.657  -8.472  -8.304   0
  63.81419373  -9.609  -8.745  -8.571  -8.418   0
  63.85050964  -9.664  -8.844  -8.677  -8.532   0
  63.88729858  -9.732  -8.964  -8.806  -8.674   0
  63.92538452  -9.816  -9.114  -8.967  -8.852   0
  63.96353912  -9.950  -9.281  -9.163  -9.083   0
  63.99929810 -10.047  -9.523  -9.417  -9.356   0
  64.03553009 -10.230  -9.911  -9.848  -9.848   0
  64.07141876 -10.287 -10.255 -10.231 -10.292   0
  64.08917999 -10.285 -10.299 -10.300 -10.398   0
  64.10571289 -10.266 -10.307 -10.330 -10.455   0
  64.12474060 -10.231 -10.304 -10.352 -10.508   0
  64.13799286 -10.164 -10.275 -10.353 -10.545   3
  64.17571259  -9.914 -10.146 -10.304 -10.646   0
  64.19896698  -9.505  -9.798 -10.229 -10.839   0
  64.24835968  -9.640  -9.939 -10.370 -10.979   2
  66.86248779  -9.967 -10.231 -10.562 -11.078   0
  66.88832092 -10.163 -10.419 -10.730 -11.229   0
