   0.15000001  13.513  12.626  11.327   9.778   0
   0.20000000  12.147  11.492  10.336   8.947   0
   0.25000000  11.397  10.832   9.737   8.424   0
   0.27469394  11.120  10.587   9.513   8.226   0
   0.30000001  10.868  10.364   9.309   8.046   0
   0.34999999  10.416   9.966   8.946   7.727   0
   0.40000001  10.037   9.634   8.643   7.460   0
   0.44999999   9.521   9.188   8.237   7.103   0
   0.50000000   8.889   8.659   7.767   6.703   0
   0.55000001   8.037   7.979   7.190   6.229   0
   0.60000002   6.939   7.100   6.478   5.665   0
   0.60278225   6.889   7.058   6.442   5.635   0
   0.61973310   6.575   6.788   6.214   5.442   0
   0.63583308   6.293   6.533   5.993   5.254   0
   0.65143234   6.005   6.271   5.765   5.058   0
   0.66757315   5.699   5.982   5.509   4.836   0
   0.67691761   5.522   5.808   5.351   4.697   0
   0.68845230   5.285   5.571   5.135   4.504   0
   0.69999999   5.011   5.294   4.879   4.273   0
   0.71436340   4.633   4.893   4.504   3.932   0
   0.71924484   4.475   4.725   4.345   3.783   0
   0.72240537   4.366   4.610   4.234   3.677   0
   0.72341883   4.329   4.570   4.195   3.641   0
   0.72406429   4.304   4.544   4.170   3.616   1
   0.72963893   4.066   4.295   3.920   3.365   0
   0.73301756   3.890   4.119   3.728   3.148   0
   0.73527640   3.758   3.983   3.562   2.941   0
   0.73586583   3.721   3.944   3.508   2.866   0
   0.73694193   3.659   3.876   3.403   2.718   0
   0.73783028   3.600   3.796   3.284   2.556   0
   0.73855478   3.497   3.680   3.139   2.379   0
   0.73905867   3.395   3.557   2.997   2.219   0
   0.73958254   3.256   3.403   2.830   2.039   0
   0.74002039   3.119   3.254   2.674   1.875   0
   0.74042553   2.969   3.094   2.507   1.701   0
   0.74077016   2.831   2.949   2.356   1.544   0
   0.74109930   2.683   2.793   2.196   1.379   0
   0.74138665   2.537   2.641   2.039   1.217   0
   0.74165964   2.390   2.484   1.877   1.049   0
   0.74187291   2.248   2.333   1.721   0.888   0
   0.74206495   2.112   2.189   1.572   0.733   0
   0.74224550   1.972   2.038   1.415   0.570   0
   0.74240494   1.836   1.889   1.259   0.408   0
   0.74254423   1.703   1.743   1.106   0.249   0
   0.74267215   1.570   1.598   0.954   0.089   0
   0.74278522   1.435   1.447   0.793  -0.079   0
   0.74287820   1.308   1.306   0.643  -0.236   0
   0.74296331   1.182   1.164   0.492  -0.396   0
   0.74304152   1.054   1.021   0.339  -0.557   0
   0.74311358   0.925   0.877   0.185  -0.719   0
   0.74317253   0.816   0.755   0.054  -0.858   0
   0.74322546   0.725   0.654  -0.054  -0.971   0
   0.74327493   0.606   0.520  -0.199  -1.125   0
   0.74331826   0.492   0.389  -0.342  -1.277   0
   0.74337459   0.352   0.228  -0.516  -1.463   0
   0.74340582   0.253   0.105  -0.654  -1.611   0
   0.74343354   0.156  -0.017  -0.791  -1.759   0
   0.74345952   0.058  -0.139  -0.928  -1.907   0
   0.74348032  -0.032  -0.253  -1.057  -2.048   0
   0.74350023  -0.123  -0.369  -1.189  -2.191   0
   0.74351931  -0.210  -0.484  -1.322  -2.337   0
   0.74353486  -0.297  -0.598  -1.453  -2.481   0
   0.74355048  -0.386  -0.717  -1.592  -2.634   0
   0.74356347  -0.465  -0.824  -1.718  -2.774   0
   0.74357474  -0.533  -0.922  -1.838  -2.910   0
   0.74358600  -0.618  -1.034  -1.967  -3.052   0
   0.74359548  -0.676  -1.126  -2.082  -3.183   0
   0.74360329  -0.727  -1.215  -2.194  -3.312   0
   0.74361193  -0.780  -1.311  -2.316  -3.453   0
   0.74361885  -0.830  -1.400  -2.430  -3.584   0
   0.74362493  -0.863  -1.475  -2.530  -3.704   0
   0.74363101  -0.906  -1.558  -2.640  -3.833   0
   0.74363619  -0.936  -1.629  -2.738  -3.952   2
   0.74363619   1.261   1.528   1.604   1.666   1
   0.74366730   1.253   1.515   1.589   1.649   0
   0.74371207   1.239   1.493   1.566   1.624   0
   0.74375927   1.223   1.467   1.539   1.594   0
   0.74380839   1.202   1.435   1.504   1.556   0
   0.74386120   1.178   1.398   1.465   1.513   0
   0.74391747   1.151   1.355   1.418   1.462   0
   0.74397570   1.120   1.305   1.364   1.403   0
   0.74403590   1.086   1.250   1.305   1.338   0
   0.74409670   1.049   1.188   1.238   1.263   0
   0.74415773   1.011   1.120   1.164   1.182   0
   0.74421990   0.968   1.045   1.081   1.090   0
   0.74428284   0.930   0.970   0.997   0.993   0
   0.74434733   0.888   0.889   0.905   0.888   0
   0.74441439   0.855   0.817   0.816   0.780   0
   0.74448460   0.820   0.744   0.726   0.666   0
   0.74455762   0.791   0.684   0.646   0.556   0
   0.74466157   0.757   0.632   0.570   0.444   0
   0.74469709   0.739   0.610   0.536   0.394   0
   0.74472803   0.723   0.591   0.511   0.358   0
   0.74474186   0.715   0.581   0.499   0.342   0
   0.74483740   0.650   0.517   0.405   0.206   0
   0.74485499   0.625   0.497   0.372   0.157   0
   0.74485749   0.610   0.489   0.346   0.107   0
   0.74486452   0.555   0.472   0.268  -0.059   0
   0.74486727   0.483   0.438   0.180  -0.227   0
   0.74486881   0.421   0.429   0.088  -0.439   0
   0.74486917   0.408   0.432   0.056  -0.518   0
   0.74486941   0.407   0.441   0.038  -0.572   0
   0.74486959   0.410   0.453   0.019  -0.628   0
   0.74486983   0.431   0.472   0.005  -0.682   0
   0.74487007   0.452   0.491  -0.011  -0.736   0
   0.74487025   0.461   0.494  -0.033  -0.784   0
   0.74487066   0.456   0.473  -0.085  -0.867   0
   0.74487138   0.411   0.413  -0.172  -0.980   0
   0.74487245   0.334   0.318  -0.293  -1.127   0
   0.74487442   0.270   0.232  -0.400  -1.253   0
   0.74488074   0.309   0.285  -0.336  -1.179   1
   0.74489534   0.244   0.192  -0.455  -1.320   0
   0.74490589   0.163   0.084  -0.588  -1.472   0
   0.74491227   0.089  -0.010  -0.700  -1.600   0
   0.74491835   0.005  -0.117  -0.826  -1.742   0
   0.74492788  -0.112  -0.261  -0.994  -1.930   0
   0.74493545  -0.212  -0.384  -1.136  -2.088   0
   0.74494272  -0.297  -0.505  -1.281  -2.250   0
   0.74494976  -0.388  -0.637  -1.441  -2.430   0
   0.74495560  -0.486  -0.775  -1.607  -2.615   0
   0.74496025  -0.579  -0.910  -1.771  -2.802   0
   0.74496382  -0.666  -1.034  -1.922  -2.971   0
   0.74496663  -0.734  -1.134  -2.045  -3.112   0
   0.74496919  -0.793  -1.224  -2.158  -3.242   0
   0.74497062  -0.841  -1.314  -2.277  -3.383   0
   0.74497110  -0.869  -1.370  -2.351  -3.469   0
   0.74497151  -0.880  -1.393  -2.382  -3.507   0
   0.74497193  -0.890  -1.417  -2.414  -3.544   0
   0.74497241  -0.900  -1.440  -2.446  -3.582   0
   0.74497277  -0.908  -1.458  -2.471  -3.612   0
   0.74497306  -0.916  -1.477  -2.496  -3.642   0
   0.74497354  -0.925  -1.499  -2.527  -3.680   0
   0.74497396  -0.935  -1.522  -2.558  -3.717   0
   0.74497437  -0.944  -1.545  -2.590  -3.755   0
   0.74497479  -0.954  -1.567  -2.621  -3.793   0
   0.74497515  -0.961  -1.585  -2.646  -3.823   0
   0.74497563  -0.970  -1.608  -2.677  -3.861   0
   0.74497604  -0.979  -1.630  -2.708  -3.898   0
   0.74497646  -0.987  -1.652  -2.740  -3.936   0
   0.74497682  -0.994  -1.669  -2.764  -3.966   0
   0.74497724  -1.002  -1.691  -2.795  -4.003   0
   0.74497765  -1.011  -1.713  -2.826  -4.041   0
   0.74497813  -1.019  -1.735  -2.857  -4.079   0
   0.74497855  -1.026  -1.756  -2.887  -4.116   0
   0.74497896  -1.034  -1.778  -2.918  -4.154   0
   0.74497938  -1.041  -1.799  -2.949  -4.192   0
   0.74497986  -1.048  -1.819  -2.979  -4.230   0
   0.74498028  -1.054  -1.839  -3.008  -4.267   0
   0.74498069  -1.060  -1.860  -3.039  -4.305   0
   0.74498111  -1.067  -1.880  -3.069  -4.342   0
   0.74498159  -1.072  -1.900  -3.099  -4.380   0
   0.74498200  -1.078  -1.919  -3.128  -4.417   0
   0.74498236  -1.080  -1.930  -3.144  -4.438   0
   0.74498278  -1.083  -1.942  -3.163  -4.462   0
   0.74498320  -1.086  -1.954  -3.181  -4.486   0
   0.74498391  -1.088  -1.967  -3.203  -4.513   0
   0.74498487  -1.088  -1.984  -3.231  -4.550   0
   0.74498588  -1.086  -1.999  -3.258  -4.587   0
   0.74498689  -1.083  -2.014  -3.284  -4.623   0
   0.74498791  -1.079  -2.029  -3.311  -4.660   0
   0.74498892  -1.075  -2.044  -3.337  -4.696   0
   0.74498910  -1.074  -2.046  -3.342  -4.702   0
