   0.15000001  13.677  12.736  11.410   9.836   0
   0.20000000  12.271  11.604  10.440   9.040   0
   0.25000000  11.501  10.924   9.823   8.501   0
   0.30000001  10.992  10.477   9.415   8.142   0
   0.34999999  10.551  10.088   9.059   7.829   0
   0.40000001  10.148   9.732   8.733   7.540   0
   0.44999999   9.643   9.291   8.329   7.181   0
   0.50000000   9.115   8.844   7.928   6.836   0
   0.55000001   8.431   8.290   7.450   6.439   0
   0.56733263   8.154   8.071   7.266   6.291   0
   0.60000002   7.462   7.546   6.856   5.984   0
   0.60552204   7.382   7.480   6.800   5.938   0
   0.64711016   6.827   7.009   6.404   5.607   0
   0.68239754   6.390   6.626   6.079   5.334   0
   0.69999999   6.183   6.440   5.919   5.199   0
   0.72356218   5.896   6.181   5.696   5.013   0
   0.75047290   5.602   5.894   5.444   4.798   0
   0.77484226   5.333   5.632   5.212   4.601   0
   0.79720271   5.101   5.390   4.995   4.416   0
   0.80000001   5.072   5.360   4.967   4.393   0
   0.80035162   5.069   5.356   4.964   4.390   0
   0.82105958   4.854   5.128   4.759   4.215   0
   0.84112549   4.643   4.901   4.553   4.040   0
   0.86197215   4.420   4.651   4.325   3.845   0
   0.88608706   4.139   4.336   4.036   3.598   0
   0.89999998   3.970   4.142   3.858   3.445   0
   0.90452844   3.915   4.078   3.799   3.396   0
   0.92026335   3.701   3.828   3.572   3.210   0
   0.93623132   3.461   3.546   3.317   3.000   0
   0.94073874   3.389   3.462   3.240   2.935   0
   0.94554871   3.306   3.369   3.153   2.859   0
   0.94857389   3.251   3.306   3.094   2.807   1
   0.94862711   3.250   3.305   3.093   2.807   0
   0.95995992   3.010   3.047   2.842   2.563   0
   0.96547955   2.867   2.910   2.692   2.389   0
   0.96976554   2.731   2.799   2.553   2.196   0
   0.97223568   2.645   2.755   2.464   2.030   0
   0.97405958   2.597   2.755   2.400   1.866   0
   0.97553229   2.604   2.788   2.365   1.736   0
   0.97677809   2.662   2.843   2.355   1.649   0
   0.97772080   2.652   2.821   2.296   1.550   0
   0.97867543   2.565   2.713   2.161   1.387   0
   0.97950566   2.438   2.570   2.003   1.215   0
   0.98022246   2.294   2.415   1.839   1.042   0
   0.98085606   2.147   2.259   1.675   0.870   0
   0.98144633   2.002   2.102   1.512   0.699   0
   0.98196530   1.864   1.955   1.358   0.539   0
   0.98238927   1.743   1.826   1.224   0.399   0
   0.98280376   1.611   1.685   1.077   0.246   0
   0.98318905   1.477   1.543   0.929   0.092   0
   0.98351687   1.353   1.408   0.788  -0.056   0
   0.98382181   1.229   1.272   0.644  -0.207   0
   0.98408663   1.114   1.143   0.507  -0.351   0
   0.98433393   0.997   1.011   0.365  -0.500   0
   0.98455131   0.883   0.883   0.228  -0.644   0
   0.98474878   0.773   0.758   0.094  -0.787   0
   0.98493278   0.659   0.630  -0.044  -0.932   0
   0.98508549   0.553   0.511  -0.172  -1.068   0
   0.98522508   0.448   0.393  -0.299  -1.203   0
   0.98535186   0.344   0.277  -0.424  -1.336   0
   0.98546594   0.251   0.170  -0.540  -1.459   0
   0.98558635   0.172   0.080  -0.639  -1.564   0
   0.98563713   0.146   0.050  -0.671  -1.598   2
   0.98573524   0.208   0.124  -0.588  -1.508   0
   0.98584282   0.088  -0.016  -0.741  -1.672   0
   0.98594970  -0.035  -0.158  -0.897  -1.838   0
   0.98604244  -0.139  -0.284  -1.038  -1.991   0
   0.98612982  -0.247  -0.418  -1.187  -2.152   0
   0.98620427  -0.341  -0.540  -1.327  -2.304   0
   0.98626876  -0.436  -0.659  -1.461  -2.450   0
   0.98632991  -0.526  -0.779  -1.602  -2.605   0
   0.98638254  -0.608  -0.891  -1.733  -2.751   0
   0.98642957  -0.692  -1.003  -1.863  -2.895   0
   0.98647505  -0.783  -1.123  -2.002  -3.047   0
   0.98651165  -0.861  -1.227  -2.125  -3.184   0
   0.98654681  -0.936  -1.334  -2.253  -3.328   0
   0.98657966  -1.013  -1.441  -2.382  -3.473   0
   0.98660833  -1.065  -1.533  -2.499  -3.608   0
   0.98663431  -1.113  -1.624  -2.616  -3.743   0
   0.98665947  -1.156  -1.708  -2.726  -3.872   2
   0.98665947   0.835   0.924   0.466  -0.211   1
   0.98665982  -1.120  -1.636  -2.632  -3.762   2
   0.98678076   0.831   0.919   0.457  -0.222   1
   0.98695648   0.824   0.912   0.447  -0.237   0
   0.98714173   0.819   0.906   0.438  -0.248   0
   0.98727852   0.813   0.900   0.431  -0.256   0
   0.98733658   0.811   0.897   0.429  -0.258   0
   0.98754430   0.802   0.888   0.421  -0.264   0
   0.98776060   0.792   0.877   0.414  -0.267   0
   0.98798496   0.781   0.867   0.408  -0.268   0
   0.98821700   0.770   0.855   0.401  -0.270   0
   0.98844588   0.760   0.846   0.395  -0.272   0
   0.98867619   0.752   0.837   0.388  -0.277   0
   0.98874670   0.750   0.835   0.386  -0.279   0
   0.98889577   0.747   0.831   0.382  -0.285   0
   0.98911738   0.743   0.828   0.375  -0.295   0
   0.98934180   0.741   0.824   0.366  -0.311   0
   0.98957580   0.737   0.820   0.354  -0.330   0
   0.98982191   0.734   0.815   0.340  -0.355   0
   0.99007630   0.728   0.808   0.321  -0.387   0
   0.99048436   0.713   0.791   0.285  -0.445   0
   0.99057847   0.703   0.780   0.269  -0.468   0
   0.99070883   0.693   0.766   0.244  -0.505   0
   0.99091923   0.669   0.729   0.185  -0.585   0
   0.99098474   0.650   0.701   0.142  -0.641   0
   0.99101645   0.608   0.646   0.068  -0.735   0
   0.99102569   0.571   0.601   0.012  -0.802   0
   0.99103272   0.490   0.505  -0.106  -0.941   0
   0.99103630   0.383   0.375  -0.256  -1.109   0
   0.99103999   0.265   0.232  -0.420  -1.290   0
   0.99104345   0.168   0.116  -0.552  -1.435   0
   0.99105120   0.075   0.005  -0.678  -1.572   0
   0.99107838   0.145   0.089  -0.582  -1.468   1
   0.99113661   0.029  -0.050  -0.741  -1.642   0
   0.99116433  -0.091  -0.195  -0.904  -1.821   0
   0.99119383  -0.224  -0.354  -1.084  -2.018   0
   0.99121618  -0.335  -0.487  -1.234  -2.182   0
   0.99123818  -0.441  -0.625  -1.394  -2.358   0
   0.99126071  -0.536  -0.762  -1.559  -2.544   0
   0.99127787  -0.625  -0.886  -1.707  -2.709   0
   0.99129111  -0.711  -1.005  -1.848  -2.866   0
   0.99130255  -0.806  -1.134  -2.000  -3.035   0
   0.99131161  -0.892  -1.252  -2.140  -3.191   0
   0.99132001  -0.962  -1.358  -2.273  -3.344   0
   0.99133027  -1.043  -1.472  -2.412  -3.501   0
   0.99133849  -1.106  -1.594  -2.571  -3.687   0
   0.99133915  -1.114  -1.609  -2.591  -3.711   0
   0.99134040  -1.123  -1.629  -2.618  -3.743   0
   0.99134165  -1.132  -1.649  -2.645  -3.775   0
   0.99134296  -1.140  -1.669  -2.672  -3.807   0
   0.99134398  -1.147  -1.685  -2.693  -3.832   0
   0.99134523  -1.156  -1.705  -2.720  -3.864   0
   0.99134648  -1.165  -1.725  -2.747  -3.896   0
   0.99134749  -1.171  -1.740  -2.768  -3.922   0
   0.99134880  -1.180  -1.760  -2.795  -3.954   0
   0.99135005  -1.188  -1.779  -2.822  -3.986   0
   0.99135131  -1.196  -1.799  -2.849  -4.018   0
   0.99135232  -1.203  -1.814  -2.870  -4.044   0
   0.99135363  -1.211  -1.833  -2.896  -4.076   0
   0.99135488  -1.219  -1.852  -2.923  -4.108   0
   0.99135613  -1.227  -1.872  -2.949  -4.140   0
   0.99135745  -1.234  -1.891  -2.976  -4.172   0
   0.99135870  -1.242  -1.909  -3.002  -4.204   0
   0.99135995  -1.249  -1.928  -3.029  -4.236   0
   0.99136126  -1.257  -1.947  -3.055  -4.268   0
   0.99136251  -1.264  -1.966  -3.081  -4.300   0
   0.99136376  -1.271  -1.984  -3.108  -4.332   0
   0.99136508  -1.278  -2.003  -3.134  -4.364   0
   0.99136633  -1.285  -2.021  -3.159  -4.395   0
   0.99136758  -1.291  -2.037  -3.182  -4.423   0
   0.99136883  -1.297  -2.053  -3.206  -4.451   0
   0.99137014  -1.303  -2.069  -3.229  -4.480   0
   0.99137139  -1.308  -2.085  -3.252  -4.508   0
   0.99137264  -1.314  -2.101  -3.275  -4.537   0
   0.99137390  -1.319  -2.117  -3.298  -4.565   0
   0.99137479  -1.323  -2.129  -3.316  -4.588   0
   0.99137592  -1.328  -2.144  -3.339  -4.616   0
   0.99137712  -1.333  -2.160  -3.361  -4.644   0
   0.99137801  -1.337  -2.172  -3.379  -4.667   0
   0.99137920  -1.342  -2.187  -3.402  -4.695   0
   0.99138033  -1.346  -2.202  -3.424  -4.723   0
   0.99138129  -1.349  -2.214  -3.442  -4.746   0
   0.99138242  -1.351  -2.227  -3.463  -4.773   0
   0.99138480  -1.351  -2.239  -3.482  -4.799   0
   0.99138802  -1.351  -2.253  -3.506  -4.830   0
   0.99139112  -1.350  -2.268  -3.529  -4.860   0
   0.99139428  -1.350  -2.281  -3.552  -4.891   0
   0.99139738  -1.349  -2.295  -3.575  -4.922   0
   0.99140048  -1.348  -2.309  -3.598  -4.952   0
   0.99140364  -1.346  -2.322  -3.620  -4.983   0
   0.99140668  -1.344  -2.335  -3.643  -5.014   0
   0.99140966  -1.342  -2.348  -3.665  -5.044   0
   0.99141270  -1.339  -2.361  -3.688  -5.075   0
   0.99141568  -1.337  -2.373  -3.710  -5.106   0
   0.99141866  -1.333  -2.385  -3.732  -5.136   0
   0.99142164  -1.330  -2.397  -3.754  -5.167   0
   0.99142450  -1.325  -2.408  -3.776  -5.198   0
   0.99142742  -1.321  -2.420  -3.798  -5.228   0
   0.99143028  -1.316  -2.431  -3.819  -5.259   0
   0.99143320  -1.310  -2.441  -3.841  -5.289   0
   0.99143606  -1.304  -2.451  -3.862  -5.320   0
   0.99143887  -1.297  -2.461  -3.883  -5.351   0
   0.99144161  -1.289  -2.471  -3.903  -5.381   0
   0.99144441  -1.289  -2.484  -3.926  -5.412   0
   0.99144715  -1.293  -2.499  -3.949  -5.441   0
   0.99144995  -1.297  -2.515  -3.972  -5.471   0
   0.99145263  -1.300  -2.530  -3.995  -5.501   0
   0.99145526  -1.303  -2.545  -4.018  -5.531   0
   0.99145794  -1.306  -2.560  -4.041  -5.561   0
   0.99145895  -1.307  -2.565  -4.050  -5.572   0
