   0.15000001  13.866  12.831  11.475   9.866   0
   0.20000000  12.479  11.706  10.517   9.092   0
   0.25000000  11.712  11.016   9.893   8.550   0
   0.30000001  11.213  10.572   9.490   8.200   0
   0.34999999  10.780  10.185   9.138   7.894   0
   0.40000001  10.370   9.818   8.802   7.599   0
   0.44999999   9.885   9.393   8.413   7.258   0
   0.50000000   9.392   8.972   8.033   6.934   0
   0.55000001   8.769   8.464   7.587   6.564   0
   0.60000002   8.076   7.924   7.124   6.187   0
   0.69999999   6.798   6.913   6.285   5.499   0
   0.80000001   5.808   6.052   5.565   4.901   0
   0.89999998   5.071   5.329   4.933   4.370   0
   1.00000000   4.479   4.694   4.369   3.907   0
   1.10000002   3.986   4.120   3.865   3.518   0
   1.20000005   3.565   3.602   3.422   3.216   0
   1.29999995   3.202   3.187   3.081   2.987   0
   1.39999998   2.872   2.878   2.827   2.802   0
   1.50000000   2.574   2.641   2.629   2.645   0
   1.54040897   2.462   2.559   2.559   2.586   0
   1.60000002   2.306   2.444   2.462   2.503   0
   1.70000005   2.068   2.274   2.315   2.374   0
   1.75000000   1.960   2.197   2.246   2.313   0
   1.79999995   1.855   2.122   2.180   2.254   0
   1.89999998   1.661   1.981   2.052   2.138   0
   2.00000000   1.484   1.850   1.931   2.027   0
   2.20000005   1.162   1.603   1.701   1.815   0
   2.50000000   0.744   1.270   1.389   1.523   0
   2.55139995   0.680   1.217   1.339   1.475   0
   3.00000000   0.157   0.781   0.924   1.082   0
   3.19961548  -0.050   0.602   0.754   0.920   0
   3.50000000  -0.349   0.342   0.504   0.679   0
   3.71916747  -0.551   0.163   0.332   0.514   0
   4.00000000  -0.806  -0.065   0.112   0.300   0
   4.14703035  -0.932  -0.178   0.003   0.194   0
   4.48739100  -1.219  -0.437  -0.250  -0.051   0
   4.50000000  -1.229  -0.447  -0.259  -0.060   0
   4.78964901  -1.488  -0.688  -0.495  -0.292   0
   5.00000000  -1.680  -0.869  -0.673  -0.469   1
   5.04405308  -1.720  -0.907  -0.711  -0.506   0
   5.25882196  -1.923  -1.103  -0.904  -0.698   0
   5.44477415  -2.112  -1.289  -1.089  -0.883   0
   5.60502481  -2.287  -1.465  -1.264  -1.059   1
   5.73839474  -2.446  -1.628  -1.428  -1.224   0
   5.85523510  -2.599  -1.787  -1.589  -1.388   0
   5.95836973  -2.747  -1.943  -1.746  -1.548   0
   6.00000000  -2.810  -2.009  -1.813  -1.617   0
   6.00957966  -2.825  -2.024  -1.828  -1.632   0
   6.05330896  -2.889  -2.091  -1.895  -1.701   0
   6.07677603  -2.923  -2.124  -1.928  -1.734   0
   6.10151243  -2.948  -2.144  -1.947  -1.751   3
   6.11680269  -2.952  -2.137  -1.938  -1.739   0
   6.12742949  -2.935  -2.099  -1.894  -1.688   0
   6.13056946  -2.925  -2.071  -1.862  -1.651   0
   6.13245106  -2.928  -2.057  -1.843  -1.626   0
   6.13267708  -2.923  -2.054  -1.841  -1.624   0
   6.13342905  -2.920  -2.076  -1.869  -1.660   0
   6.13415003  -3.021  -2.201  -2.001  -1.800   0
   6.13486052  -3.140  -2.342  -2.147  -1.955   0
   6.13568878  -3.256  -2.483  -2.295  -2.110   0
   6.13663340  -3.366  -2.621  -2.440  -2.265   0
   6.13767529  -3.473  -2.762  -2.588  -2.424   0
   6.13850212  -3.555  -2.873  -2.705  -2.552   0
   6.13938951  -3.643  -2.993  -2.835  -2.693   0
   6.14029217  -3.737  -3.125  -2.975  -2.847   0
   6.14090395  -3.802  -3.219  -3.077  -2.959   0
   6.14152575  -3.871  -3.321  -3.187  -3.081   0
   6.14209127  -3.933  -3.418  -3.292  -3.197   0
   6.14259529  -3.991  -3.513  -3.394  -3.311   0
   6.14302301  -4.042  -3.597  -3.487  -3.416   0
   6.14344597  -4.095  -3.689  -3.588  -3.530   0
   6.14381218  -4.140  -3.773  -3.681  -3.635   0
   6.14399576  -4.162  -3.817  -3.730  -3.691   0
   6.14430046  -4.198  -3.896  -3.816  -3.790   0
   6.14460564  -4.231  -3.979  -3.909  -3.896   0
   6.14485455  -4.255  -4.050  -3.988  -3.988   0
   6.14510345  -4.274  -4.126  -4.072  -4.087   0
   6.14535236  -4.283  -4.200  -4.160  -4.192   0
   6.14554071  -4.274  -4.253  -4.225  -4.272   0
   6.14572859  -4.252  -4.297  -4.285  -4.353   0
   6.14591646  -4.215  -4.328  -4.337  -4.436   0
   6.14609909  -4.162  -4.330  -4.371  -4.516   0
   6.14627695  -4.092  -4.290  -4.379  -4.596   3
   6.14638853  -4.040  -4.226  -4.368  -4.646   0
   6.14649010  -3.985  -4.156  -4.351  -4.692   0
   6.14659166  -3.926  -4.074  -4.326  -4.736   0
   6.14668846  -3.858  -3.981  -4.291  -4.773   0
   6.14679003  -3.768  -3.871  -4.247  -4.808   0
   6.14689636  -3.638  -3.731  -4.188  -4.840   0
   6.14701843  -3.446  -3.557  -4.112  -4.861   0
   6.14715004  -3.268  -3.409  -4.038  -4.853   0
   6.14741421  -3.000  -3.197  -3.910  -4.792   4
   6.14774799  -2.935  -3.200  -3.986  -4.924   0
   6.14798594  -2.985  -3.296  -4.119  -5.083   0
   6.14947224  -3.024  -3.370  -4.216  -5.197   0
   6.17728281  -3.105  -3.400  -4.206  -5.159   4
   6.19245052  -3.725  -3.867  -4.448  -5.218   0
   6.19426918  -3.932  -4.048  -4.525  -5.196   0
   6.19517517  -4.037  -4.150  -4.564  -5.168   0
   6.19608116  -4.109  -4.233  -4.594  -5.139   0
   6.19789219  -4.202  -4.347  -4.634  -5.090   0
   6.20049572  -4.280  -4.450  -4.667  -5.040   0
   6.20337772  -4.353  -4.544  -4.692  -4.983   0
   6.20632172  -4.418  -4.617  -4.705  -4.925   3
   6.20908785  -4.466  -4.647  -4.703  -4.877   0
   6.21324110  -4.523  -4.668  -4.690  -4.815   0
   6.21747828  -4.572  -4.664  -4.663  -4.752   0
   6.22270584  -4.610  -4.630  -4.613  -4.680   0
   6.22786808  -4.633  -4.591  -4.563  -4.612   0
   6.23353243  -4.648  -4.546  -4.507  -4.543   0
   6.23966551  -4.649  -4.496  -4.448  -4.472   0
   6.24616098  -4.646  -4.445  -4.389  -4.399   0
   6.25455189  -4.638  -4.390  -4.324  -4.321   0
   6.26408672  -4.626  -4.333  -4.259  -4.243   0
   6.27413607  -4.613  -4.278  -4.196  -4.169   0
   6.28543091  -4.596  -4.223  -4.134  -4.096   0
   6.29956436  -4.580  -4.169  -4.072  -4.022   0
   6.31569433  -4.564  -4.118  -4.014  -3.953   0
   6.33963394  -4.555  -4.075  -3.963  -3.891   0
   6.36925173  -4.573  -4.074  -3.958  -3.880   1
   6.40148640  -4.668  -4.196  -4.087  -4.020   0
   6.41254997  -4.728  -4.287  -4.186  -4.129   0
   6.42287874  -4.797  -4.397  -4.305  -4.262   0
   6.42912579  -4.853  -4.499  -4.416  -4.388   0
   6.43285131  -4.892  -4.587  -4.512  -4.497   0
   6.43531752  -4.933  -4.673  -4.610  -4.611   0
   6.43704987  -4.965  -4.760  -4.709  -4.727   0
   6.43809605  -4.980  -4.842  -4.801  -4.837   0
   6.43879032  -4.977  -4.919  -4.890  -4.943   0
   6.43932724  -4.944  -4.988  -4.976  -5.054   0
   6.43971157  -4.868  -5.012  -5.034  -5.163   0
   6.43985462  -4.815  -4.991  -5.041  -5.212   3
   6.44000292  -4.736  -4.935  -5.033  -5.270   0
   6.44010019  -4.669  -4.867  -5.014  -5.311   0
   6.44012308  -4.650  -4.845  -5.007  -5.321   0
   6.44021225  -4.548  -4.719  -4.964  -5.370   0
   6.44029760  -4.439  -4.584  -4.904  -5.401   0
   6.44034672  -4.360  -4.494  -4.862  -5.415   0
   6.44039536  -4.268  -4.391  -4.816  -5.433   0
   6.44044495  -4.139  -4.269  -4.761  -5.447   0
   6.44049883  -3.965  -4.118  -4.693  -5.457   0
   6.44058371  -3.725  -3.927  -4.602  -5.452   0
   6.44075346  -3.475  -3.759  -4.535  -5.464   4
   6.44100809  -3.422  -3.779  -4.620  -5.596   0
   6.44216156  -3.375  -3.816  -4.721  -5.742   0
   6.44263029  -3.402  -3.891  -4.830  -5.875   0
   6.44334507  -3.444  -3.986  -4.963  -6.034   0
   6.44423342  -3.492  -4.081  -5.091  -6.186   0
   6.44522429  -3.519  -4.164  -5.207  -6.326   0
   6.44638395  -3.549  -4.256  -5.336  -6.481   0
   6.44727564  -3.569  -4.332  -5.444  -6.613   0
   6.44800138  -3.582  -4.400  -5.546  -6.739   0
   6.44862986  -3.607  -4.461  -5.628  -6.837   0
