   0.15000001  13.695  12.748  11.420   9.843   0
   0.20000000  12.285  11.617  10.451   9.051   0
   0.25000000  11.513  10.936   9.834   8.510   0
   0.30000001  11.006  10.490   9.426   8.153   0
   0.34999999  10.566  10.102   9.072   7.841   0
   0.40000001  10.161   9.745   8.744   7.550   0
   0.44999999   9.659   9.305   8.342   7.193   0
   0.50000000   9.139   8.864   7.945   6.851   0
   0.55000001   8.468   8.320   7.476   6.460   0
   0.60000002   7.517   7.590   6.892   6.014   0
   0.64307255   6.946   7.110   6.490   5.678   0
   0.68723971   6.415   6.649   6.098   5.350   0
   0.69999999   6.273   6.521   5.988   5.258   0
   0.73562014   5.864   6.150   5.670   4.992   0
   0.76765585   5.534   5.829   5.388   4.754   0
   0.79620653   5.248   5.545   5.136   4.541   0
   0.80000001   5.213   5.508   5.103   4.513   0
   0.80130869   5.201   5.495   5.092   4.503   0
   0.82713544   4.959   5.240   4.863   4.310   0
   0.85072923   4.737   5.004   4.651   4.130   0
   0.87274063   4.536   4.780   4.447   3.957   0
   0.89406955   4.336   4.554   4.241   3.783   0
   0.89999998   4.277   4.488   4.181   3.732   0
   0.91786617   4.104   4.288   4.001   3.586   0
   0.94503844   3.822   3.954   3.701   3.345   0
   0.96089959   3.649   3.749   3.516   3.196   0
   0.97761512   3.450   3.512   3.304   3.028   0
   0.99457818   3.229   3.253   3.071   2.841   0
   0.99936658   3.163   3.177   3.003   2.784   0
   1.00000000   3.153   3.167   2.993   2.776   0
   1.00399816   3.096   3.103   2.935   2.726   0
   1.00782847   3.037   3.038   2.875   2.673   0
   1.00793755   3.035   3.036   2.873   2.671   0
   1.02153826   2.792   2.775   2.622   2.432   1
   1.02886975   2.631   2.614   2.449   2.237   0
   1.03271353   2.526   2.521   2.337   2.091   0
   1.03501797   2.453   2.473   2.263   1.969   0
   1.03673708   2.397   2.452   2.207   1.850   0
   1.03782022   2.367   2.458   2.177   1.756   0
   1.03903878   2.346   2.481   2.147   1.642   0
   1.04009485   2.351   2.520   2.131   1.547   3
   1.04104960   2.396   2.576   2.134   1.481   0
   1.04217052   2.475   2.646   2.147   1.428   0
   1.04334915   2.448   2.606   2.069   1.309   0
   1.04429483   2.351   2.489   1.930   1.150   0
   1.04519308   2.215   2.340   1.770   0.978   0
   1.04593015   2.082   2.198   1.620   0.820   0
   1.04657423   1.954   2.059   1.474   0.667   0
   1.04720592   1.819   1.914   1.323   0.509   0
   1.04781127   1.677   1.762   1.164   0.343   0
   1.04836237   1.538   1.613   1.009   0.181   0
   1.04883158   1.409   1.476   0.866   0.033   0
   1.04926431   1.276   1.335   0.719  -0.122   0
   1.04965603   1.150   1.196   0.571  -0.276   0
   1.05001569   1.028   1.060   0.426  -0.429   0
   1.05034626   0.903   0.918   0.275  -0.589   0
   1.05062997   0.783   0.782   0.129  -0.742   0
   1.05089855   0.662   0.646  -0.017  -0.897   0
   1.05113363   0.544   0.513  -0.161  -1.050   0
   1.05134189   0.427   0.382  -0.302  -1.199   0
   1.05152905   0.315   0.255  -0.439  -1.344   0
   1.05170071   0.202   0.128  -0.576  -1.490   0
   1.05186760   0.100   0.009  -0.706  -1.629   0
   1.05201256   0.037  -0.062  -0.784  -1.711   0
   1.05213618   0.120   0.036  -0.674  -1.592   1
   1.05226684   0.003  -0.099  -0.823  -1.752   0
   1.05240309  -0.120  -0.241  -0.978  -1.917   0
   1.05252147  -0.223  -0.366  -1.117  -2.068   0
   1.05263436  -0.332  -0.501  -1.267  -2.230   0
   1.05273104  -0.427  -0.623  -1.407  -2.383   0
   1.05282271  -0.530  -0.753  -1.554  -2.542   0
   1.05290043  -0.615  -0.869  -1.690  -2.694   0
   1.05297363  -0.703  -0.989  -1.832  -2.851   0
   1.05303621  -0.790  -1.105  -1.967  -3.000   0
   1.05309486  -0.885  -1.227  -2.107  -3.153   0
   1.05314410  -0.964  -1.336  -2.237  -3.297   0
   1.05319047  -1.042  -1.446  -2.369  -3.446   0
   1.05323184  -1.114  -1.547  -2.492  -3.585   0
   1.05326939  -1.166  -1.644  -2.615  -3.728   0
   1.05329955  -1.206  -1.717  -2.709  -3.837   2
   1.05329955   0.780   0.869   0.400  -0.287   1
   1.05345297   0.774   0.863   0.389  -0.305   0
   1.05367529   0.768   0.855   0.377  -0.321   0
   1.05390954   0.762   0.849   0.368  -0.335   0
   1.05408263   0.756   0.843   0.361  -0.343   0
   1.05416965   0.753   0.839   0.357  -0.346   0
   1.05448151   0.740   0.826   0.346  -0.353   0
   1.05480611   0.724   0.810   0.336  -0.357   0
   1.05514264   0.708   0.794   0.326  -0.360   0
   1.05549073   0.694   0.779   0.317  -0.365   0
   1.05583394   0.682   0.767   0.307  -0.370   0
   1.05617929   0.672   0.756   0.298  -0.378   0
   1.05628490   0.669   0.753   0.295  -0.381   0
   1.05648410   0.665   0.749   0.290  -0.387   0
   1.05678010   0.659   0.743   0.281  -0.399   0
   1.05707991   0.655   0.737   0.271  -0.414   0
   1.05739236   0.651   0.732   0.259  -0.434   0
   1.05772114   0.646   0.727   0.244  -0.461   0
   1.05806077   0.640   0.720   0.225  -0.493   0
   1.05860543   0.621   0.696   0.176  -0.570   0
   1.05873096   0.615   0.687   0.161  -0.591   0
   1.05890501   0.608   0.674   0.140  -0.621   0
   1.05918574   0.594   0.652   0.103  -0.671   0
   1.05927312   0.576   0.625   0.061  -0.727   0
   1.05931544   0.536   0.572  -0.011  -0.819   0
   1.05932784   0.501   0.530  -0.064  -0.882   0
   1.05933726   0.420   0.434  -0.179  -1.017   0
   1.05934155   0.324   0.317  -0.315  -1.168   0
   1.05934608   0.219   0.190  -0.460  -1.329   0
   1.05935013   0.143   0.101  -0.561  -1.439   0
   1.05935943   0.058  -0.001  -0.676  -1.564   0
   1.05938840   0.120   0.073  -0.592  -1.473   1
   1.05946136   0.004  -0.067  -0.750  -1.646   0
   1.05949616  -0.089  -0.177  -0.875  -1.783   0
   1.05953312  -0.214  -0.326  -1.043  -1.966   0
   1.05956113  -0.357  -0.496  -1.233  -2.172   0
   1.05958867  -0.496  -0.673  -1.438  -2.399   0
   1.05961704  -0.608  -0.829  -1.622  -2.605   0
   1.05963850  -0.698  -0.956  -1.776  -2.777   0
   1.05965519  -0.795  -1.087  -1.929  -2.946   0
   1.05966949  -0.895  -1.223  -2.090  -3.126   0
   1.05968082  -0.977  -1.336  -2.224  -3.275   0
   1.05969143  -1.049  -1.442  -2.355  -3.425   0
   1.05970418  -1.133  -1.566  -2.508  -3.600   0
   1.05971456  -1.241  -1.792  -2.808  -3.954   0
   1.05971539  -1.257  -1.821  -2.846  -3.997   0
   1.05971706  -1.266  -1.842  -2.875  -4.032   0
   1.05971873  -1.275  -1.863  -2.904  -4.067   0
   1.05972052  -1.284  -1.884  -2.933  -4.101   0
   1.05972183  -1.291  -1.901  -2.955  -4.128   0
   1.05972350  -1.300  -1.921  -2.984  -4.163   0
   1.05972528  -1.309  -1.942  -3.013  -4.198   0
   1.05972660  -1.315  -1.959  -3.036  -4.225   0
   1.05972838  -1.324  -1.979  -3.064  -4.260   0
   1.05973005  -1.332  -2.000  -3.093  -4.294   0
   1.05973184  -1.340  -2.020  -3.121  -4.329   0
   1.05973315  -1.346  -2.036  -3.144  -4.356   0
   1.05973482  -1.354  -2.056  -3.172  -4.391   0
   1.05973661  -1.362  -2.077  -3.201  -4.426   0
   1.05973828  -1.370  -2.096  -3.229  -4.460   0
   1.05973995  -1.377  -2.116  -3.257  -4.494   0
   1.05974174  -1.384  -2.136  -3.285  -4.529   0
   1.05974340  -1.392  -2.156  -3.314  -4.564   0
   1.05974507  -1.399  -2.175  -3.342  -4.598   0
   1.05974686  -1.406  -2.195  -3.370  -4.632   0
   1.05974853  -1.412  -2.214  -3.398  -4.667   0
   1.05975020  -1.419  -2.233  -3.425  -4.702   0
   1.05975199  -1.423  -2.248  -3.448  -4.731   0
   1.05975366  -1.425  -2.255  -3.459  -4.744   0
   1.05975544  -1.427  -2.263  -3.470  -4.759   0
   1.05975711  -1.429  -2.270  -3.481  -4.772   0
   1.05975878  -1.431  -2.277  -3.492  -4.786   0
   1.05976057  -1.433  -2.284  -3.504  -4.801   0
   1.05976212  -1.435  -2.291  -3.514  -4.814   0
   1.05976343  -1.436  -2.297  -3.523  -4.825   0
   1.05976498  -1.437  -2.303  -3.533  -4.838   0
   1.05976653  -1.437  -2.310  -3.543  -4.851   0
   1.05976772  -1.438  -2.314  -3.551  -4.861   0
   1.05976927  -1.438  -2.321  -3.560  -4.874   0
   1.05977082  -1.438  -2.327  -3.570  -4.887   0
   1.05977213  -1.438  -2.332  -3.578  -4.897   0
   1.05977368  -1.438  -2.338  -3.588  -4.910   0
   1.05977690  -1.438  -2.349  -3.606  -4.934   0
   1.05978119  -1.438  -2.363  -3.629  -4.965   0
   1.05978537  -1.437  -2.378  -3.653  -4.997   0
   1.05978954  -1.436  -2.392  -3.677  -5.028   0
   1.05979383  -1.435  -2.406  -3.700  -5.060   0
   1.05979800  -1.433  -2.419  -3.724  -5.092   0
   1.05980217  -1.432  -2.433  -3.747  -5.124   0
   1.05980635  -1.429  -2.446  -3.771  -5.156   0
   1.05981040  -1.427  -2.459  -3.794  -5.187   0
   1.05981445  -1.424  -2.472  -3.817  -5.219   0
   1.05981839  -1.420  -2.484  -3.840  -5.251   0
   1.05982256  -1.416  -2.497  -3.862  -5.282   0
   1.05982649  -1.412  -2.509  -3.885  -5.315   0
   1.05983031  -1.407  -2.520  -3.908  -5.346   0
   1.05983424  -1.402  -2.531  -3.930  -5.378   0
   1.05983818  -1.396  -2.542  -3.952  -5.410   0
   1.05984199  -1.389  -2.553  -3.974  -5.441   0
   1.05984592  -1.382  -2.563  -3.996  -5.474   0
   1.05984962  -1.380  -2.576  -4.019  -5.505   0
   1.05985343  -1.385  -2.593  -4.043  -5.536   0
   1.05985713  -1.389  -2.609  -4.068  -5.568   0
   1.05986083  -1.393  -2.625  -4.092  -5.599   0
   1.05986464  -1.397  -2.641  -4.117  -5.631   0
   1.05986822  -1.400  -2.657  -4.141  -5.662   0
   1.05987179  -1.403  -2.672  -4.164  -5.693   0
   1.05987537  -1.405  -2.687  -4.188  -5.724   0
   1.05987668  -1.406  -2.693  -4.197  -5.736   0
