   0.15000001  13.867  12.832  11.475   9.866   0
   0.20000000  12.479  11.706  10.518   9.093   0
   0.25000000  11.712  11.016   9.894   8.550   0
   0.30000001  11.214  10.572   9.491   8.201   0
   0.34999999  10.780  10.185   9.138   7.895   0
   0.40000001  10.371   9.819   8.803   7.600   0
   0.44999999   9.886   9.394   8.414   7.259   0
   0.50000000   9.394   8.973   8.035   6.936   0
   0.55000001   8.772   8.467   7.589   6.566   0
   0.60000002   8.080   7.927   7.127   6.190   0
   0.69999999   6.805   6.919   6.290   5.504   0
   0.80000001   5.818   6.062   5.573   4.909   0
   0.89999998   5.084   5.343   4.946   4.381   0
   1.00000000   4.496   4.712   4.387   3.922   0
   1.10000002   4.006   4.143   3.886   3.537   0
   1.20000005   3.583   3.622   3.441   3.234   0
   1.29999995   3.220   3.206   3.100   3.007   0
   1.39999998   2.888   2.896   2.846   2.822   0
   1.50000000   2.594   2.666   2.654   2.671   0
   1.60000002   2.327   2.469   2.488   2.530   0
   1.70000005   2.099   2.311   2.352   2.413   0
   1.75000000   1.991   2.235   2.285   2.353   0
   1.79999995   1.889   2.161   2.219   2.295   0
   1.89999998   1.698   2.025   2.097   2.185   0
   2.00000000   1.526   1.901   1.983   2.082   0
   2.20000005   1.232   1.685   1.786   1.902   0
   2.50000000   0.839   1.381   1.503   1.641   0
   3.00000000   0.319   0.958   1.104   1.266   0
   3.50000000  -0.120   0.587   0.751   0.932   0
   4.00000000  -0.492   0.268   0.447   0.642   0
   4.50000000  -0.820  -0.016   0.175   0.382   0
   5.00000000  -1.108  -0.268  -0.067   0.150   0
   5.09889555  -1.161  -0.314  -0.111   0.108   0
   6.00000000  -1.594  -0.693  -0.475  -0.240   0
   7.00000000  -2.020  -1.071  -0.838  -0.589   0
   9.00000000  -2.727  -1.709  -1.453  -1.180   0
  10.68878078  -3.239  -2.174  -1.903  -1.615   0
  12.00000000  -3.602  -2.504  -2.224  -1.928   0
  15.00000000  -4.260  -3.109  -2.818  -2.516   0
  17.86617470  -4.734  -3.558  -3.263  -2.963   0
  20.00000000  -5.051  -3.866  -3.569  -3.269   0
  23.70917511  -5.481  -4.287  -3.988  -3.689   0
  29.12524605  -6.099  -4.902  -4.601  -4.299   0
  30.00000000  -6.207  -5.010  -4.709  -4.408   1
  33.45373154  -6.554  -5.359  -5.059  -4.759   0
  38.52981186  -7.128  -5.945  -5.649  -5.349   0
  40.00000000  -7.329  -6.154  -5.861  -5.562   0
  43.15401077  -7.665  -6.513  -6.225  -5.928   0
  45.72196579  -7.984  -6.862  -6.583  -6.297   0
  47.66114807  -8.214  -7.118  -6.849  -6.574   0
  48.04158020  -8.193  -7.082  -6.808  -6.526   0
  48.09458542  -8.138  -7.012  -6.731  -6.442   0
  48.11383820  -8.106  -6.972  -6.688  -6.395   1
  48.13072205  -8.147  -7.019  -6.737  -6.447   0
  48.16043091  -8.304  -7.196  -6.923  -6.643   0
  48.17663956  -8.404  -7.325  -7.060  -6.790   0
  48.18858337  -8.488  -7.428  -7.172  -6.912   0
  48.19892883  -8.575  -7.526  -7.279  -7.031   0
  48.21338272  -8.690  -7.656  -7.420  -7.188   0
  48.22534943  -8.739  -7.736  -7.506  -7.281   0
  48.24804688  -8.813  -7.848  -7.626  -7.412   0
  48.27149200  -8.869  -7.931  -7.715  -7.509   0
  48.32708359  -8.914  -7.994  -7.782  -7.581   2
  48.58156204  -8.889  -7.952  -7.736  -7.530   0
  48.98255157  -8.860  -7.907  -7.687  -7.476   0
  49.79293823  -8.551  -7.487  -7.228  -6.965   1
  50.49552536  -8.622  -7.566  -7.313  -7.056   0
  50.94145966  -8.693  -7.644  -7.396  -7.147   0
  51.28562164  -8.770  -7.726  -7.484  -7.245   0
  51.56891251  -8.831  -7.801  -7.566  -7.334   0
  51.80026627  -8.873  -7.869  -7.638  -7.413   0
  51.99437714  -8.919  -7.940  -7.715  -7.498   0
  52.16664886  -8.971  -8.020  -7.801  -7.591   0
  52.31710052  -9.029  -8.108  -7.896  -7.694   0
  52.45373154  -9.098  -8.212  -8.008  -7.816   0
  52.53887558  -9.165  -8.298  -8.102  -7.921   0
  52.63263702  -9.292  -8.411  -8.234  -8.077   0
  52.71111679  -9.364  -8.538  -8.370  -8.224   0
  52.77571487  -9.439  -8.671  -8.513  -8.381   0
  52.82896423  -9.528  -8.829  -8.684  -8.570   0
  52.87212372  -9.660  -8.990  -8.873  -8.795   0
  52.91265869  -9.756  -9.242  -9.136  -9.076   0
  52.94256973  -9.853  -9.484  -9.398  -9.367   0
  52.96908188  -9.989  -9.811  -9.772  -9.812   0
  52.98942566  -9.980 -10.009 -10.021 -10.134   0
  53.00328064  -9.930 -10.023 -10.080 -10.249   0
  53.01423264  -9.878 -10.012 -10.097 -10.304   3
  53.02178574  -9.822  -9.994 -10.090 -10.332   0
  53.02771759  -9.755  -9.965 -10.076 -10.356   0
  53.03144836  -9.693  -9.917 -10.058 -10.377   0
  53.03424835  -9.653  -9.887 -10.047 -10.393   0
  53.03771973  -9.583  -9.826 -10.029 -10.423   0
  53.03915787  -9.545  -9.789 -10.019 -10.438   0
  53.04068375  -9.498  -9.744 -10.006 -10.458   0
  53.04220581  -9.455  -9.702  -9.995 -10.477   0
  53.04373169  -9.406  -9.658  -9.981 -10.492   0
  53.04525757  -9.356  -9.616  -9.968 -10.506   0
  53.04678345  -9.305  -9.573  -9.955 -10.521   0
  53.04830170  -9.254  -9.532  -9.943 -10.535   0
  53.04991150  -9.196  -9.483  -9.925 -10.545   0
  53.05303955  -9.089  -9.395  -9.892 -10.561   0
  53.05617142  -9.008  -9.329  -9.868 -10.575   0
  53.05997849  -8.920  -9.262  -9.842 -10.585   0
  53.06268692  -8.837  -9.200  -9.816 -10.590   0
  53.06818008  -8.749  -9.136  -9.794 -10.603   2
  54.29404831  -9.238  -9.602 -10.191 -10.939   0
