   0.15000001  13.851  12.821  11.467   9.860   0
   0.20000000  12.467  11.695  10.508   9.084   0
   0.25000000  11.701  11.007   9.885   8.542   0
   0.30000001  11.202  10.561   9.480   8.192   0
   0.34999999  10.767  10.173   9.127   7.885   0
   0.40000001  10.359   9.808   8.793   7.591   0
   0.44999999   9.864   9.374   8.395   7.242   0
   0.50000000   9.362   8.945   8.008   6.912   0
   0.55000001   8.721   8.425   7.552   6.534   0
   0.60000002   8.014   7.873   7.079   6.148   0
   0.69999999   6.706   6.833   6.215   5.436   0
   0.78460777   5.830   6.071   5.577   4.906   0
   0.80000001   5.698   5.945   5.469   4.815   0
   0.89999998   4.934   5.187   4.803   4.255   0
   0.91696149   4.817   5.066   4.697   4.167   0
   1.00000000   4.305   4.501   4.193   3.754   0
   1.00595570   4.270   4.462   4.158   3.727   0
   1.06768656   3.932   4.061   3.806   3.458   0
   1.10000002   3.765   3.860   3.629   3.326   0
   1.13894784   3.573   3.622   3.424   3.184   0
   1.17445040   3.404   3.421   3.254   3.066   0
   1.20000005   3.286   3.281   3.135   2.983   0
   1.21142626   3.235   3.226   3.090   2.951   0
   1.26253593   3.009   2.981   2.888   2.805   0
   1.29999995   2.839   2.822   2.752   2.699   0
   1.31030202   2.794   2.780   2.716   2.671   0
   1.35404944   2.601   2.605   2.566   2.548   0
   1.39028680   2.440   2.469   2.447   2.445   0
   1.39999998   2.396   2.433   2.415   2.417   0
   1.43163085   2.253   2.312   2.307   2.322   0
   1.43298507   2.249   2.308   2.303   2.318   0
   1.46956158   2.091   2.172   2.178   2.200   0
   1.50000000   1.956   2.052   2.065   2.092   0
   1.50175929   1.948   2.045   2.058   2.085   0
   1.52722621   1.830   1.933   1.950   1.978   0
   1.55172992   1.715   1.817   1.836   1.864   1
   1.57517505   1.602   1.697   1.715   1.741   0
   1.59737110   1.491   1.573   1.589   1.610   0
   1.60000002   1.478   1.558   1.574   1.594   0
   1.60390043   1.458   1.536   1.551   1.571   0
   1.62285912   1.360   1.419   1.431   1.444   0
   1.63205099   1.312   1.362   1.371   1.381   0
   1.64099097   1.262   1.306   1.313   1.321   0
   1.64474273   1.239   1.283   1.291   1.298   0
   1.65049160   1.197   1.251   1.263   1.275   0
   1.65329719   1.168   1.243   1.262   1.280   3
   1.65519118   1.127   1.247   1.279   1.310   0
   1.65573025   1.088   1.244   1.287   1.327   0
   1.65605068   1.031   1.223   1.276   1.325   0
   1.65610111   1.040   1.228   1.279   1.328   0
   1.65626454   1.045   1.188   1.229   1.267   0
   1.65656602   0.953   1.050   1.080   1.104   0
   1.65720117   0.887   0.932   0.946   0.952   0
   1.65812147   0.854   0.845   0.841   0.826   0
   1.65910423   0.840   0.789   0.763   0.719   0
   1.65991390   0.834   0.755   0.705   0.632   0
   1.66074133   0.838   0.735   0.654   0.536   0
   1.66156161   0.852   0.756   0.623   0.435   3
   1.66210151   0.869   0.802   0.624   0.370   0
   1.66263592   0.895   0.871   0.642   0.308   0
   1.66316915   0.941   0.966   0.678   0.249   0
   1.66370130   1.013   1.083   0.729   0.205   0
   1.66423607   1.104   1.198   0.788   0.191   0
   1.66505623   1.285   1.389   0.910   0.235   0
   1.66591370   1.472   1.564   1.027   0.294   0
   1.66621888   1.520   1.608   1.054   0.303   4
   1.66759348   1.471   1.527   0.935   0.153   0
   1.66862178   1.373   1.413   0.806   0.011   0
   1.66965151   1.263   1.291   0.673  -0.132   0
   1.67071140   1.146   1.162   0.535  -0.279   0
   1.67178118   1.031   1.036   0.401  -0.421   0
   1.67288840   0.911   0.907   0.264  -0.565   0
   1.67401910   0.795   0.782   0.130  -0.706   0
   1.67526054   0.676   0.648  -0.014  -0.859   0
   1.67638028   0.572   0.528  -0.144  -0.997   0
   1.67741799   0.479   0.419  -0.262  -1.123   0
   1.67841458   0.391   0.317  -0.374  -1.242   0
   1.67929280   0.313   0.226  -0.475  -1.349   0
   1.67996955   0.247   0.149  -0.559  -1.440   0
   1.68052399   0.190   0.082  -0.633  -1.519   0
   1.68104076   0.135   0.019  -0.703  -1.594   0
   1.68153477   0.078  -0.048  -0.777  -1.674   0
   1.68198943   0.030  -0.105  -0.840  -1.741   0
   1.68228471   0.025  -0.111  -0.846  -1.748   0
   1.68232405   0.024  -0.111  -0.847  -1.749   0
   1.68274391  -0.026  -0.170  -0.912  -1.819   0
   1.68314242  -0.074  -0.226  -0.974  -1.886   0
   1.68351698  -0.119  -0.278  -1.032  -1.948   0
   1.68388164  -0.157  -0.323  -1.083  -2.003   0
   1.68419266  -0.191  -0.363  -1.128  -2.052   0
   1.68448889  -0.223  -0.402  -1.171  -2.099   0
   1.68474329  -0.251  -0.437  -1.211  -2.142   0
   1.68498313  -0.279  -0.471  -1.249  -2.184   0
   1.68520617  -0.309  -0.508  -1.292  -2.232   0
   1.68536627  -0.333  -0.536  -1.323  -2.265   2
   1.68536627   0.793   0.867   0.374  -0.317   1
   1.68789434   0.841   0.912   0.403  -0.303   0
   1.68900573   0.858   0.928   0.414  -0.299   0
   1.69214296   0.830   0.901   0.390  -0.319   0
   1.69737554   0.784   0.854   0.350  -0.351   0
   1.70000005   0.764   0.835   0.334  -0.364   0
   1.70626545   0.689   0.758   0.264  -0.427   0
   1.71338308   0.607   0.674   0.188  -0.496   0
   1.72030938   0.527   0.592   0.113  -0.564   0
   1.72730017   0.447   0.510   0.039  -0.631   0
   1.73463953   0.365   0.426  -0.038  -0.700   0
   1.74192524   0.285   0.343  -0.114  -0.768   0
   1.74894452   0.211   0.266  -0.185  -0.832   0
   1.75000000   0.200   0.255  -0.195  -0.842   0
   1.75791383   0.107   0.155  -0.286  -0.921   0
   1.76416326   0.039   0.082  -0.353  -0.982   1
   1.78079879  -0.068  -0.030  -0.493  -1.154   0
   1.78795540  -0.024   0.004  -0.514  -1.231   0
   1.79430485   0.092   0.084  -0.513  -1.303   0
   1.79502845   0.106   0.070  -0.573  -1.403   0
   1.79505229   0.096   0.057  -0.591  -1.426   0
   1.79510772  -0.020  -0.092  -0.767  -1.623   0
   1.79515755  -0.112  -0.207  -0.900  -1.769   0
   1.79623699  -0.252  -0.379  -1.098  -1.987   0
   1.79653537  -0.372  -0.524  -1.262  -2.165   0
   1.79678917  -0.504  -0.686  -1.447  -2.369   0
   1.79693818  -0.615  -0.825  -1.608  -2.546   0
   1.79710913  -0.754  -1.011  -1.824  -2.784   0
   1.79726350  -0.853  -1.153  -1.993  -2.972   0
   1.79740667  -0.936  -1.272  -2.136  -3.132   0
   1.79758298  -1.031  -1.418  -2.314  -3.333   0
   1.79768765  -1.083  -1.517  -2.446  -3.487   0
   1.79776466  -1.141  -1.609  -2.561  -3.618   0
   1.79783070  -1.203  -1.706  -2.681  -3.754   0
   1.79790211  -1.257  -1.815  -2.821  -3.917   0
   1.79796267  -1.300  -1.904  -2.935  -4.049   0
   1.79802322  -1.322  -1.997  -3.069  -4.213   0
   1.79802871  -1.325  -2.010  -3.088  -4.236   0
   1.79803979  -1.333  -2.042  -3.132  -4.290   0
   1.79805088  -1.338  -2.060  -3.158  -4.322   0
   1.79806209  -1.342  -2.078  -3.184  -4.353   0
   1.79807305  -1.346  -2.095  -3.209  -4.384   0
   1.79808390  -1.350  -2.112  -3.234  -4.414   0
   1.79809475  -1.354  -2.129  -3.259  -4.445   0
   1.79810548  -1.358  -2.146  -3.283  -4.475   0
   1.79811633  -1.361  -2.163  -3.308  -4.505   0
   1.79812706  -1.365  -2.179  -3.332  -4.536   0
   1.79813778  -1.368  -2.196  -3.357  -4.566   0
   1.79814863  -1.371  -2.213  -3.382  -4.597   0
   1.79815936  -1.375  -2.230  -3.407  -4.628   0
   1.79817021  -1.378  -2.247  -3.433  -4.659   0
   1.79818094  -1.381  -2.264  -3.458  -4.691   0
   1.79819167  -1.383  -2.280  -3.483  -4.722   0
   1.79820251  -1.385  -2.296  -3.507  -4.753   0
   1.79821324  -1.386  -2.312  -3.531  -4.783   0
   1.79822171  -1.386  -2.325  -3.550  -4.806   0
   1.79823208  -1.387  -2.340  -3.573  -4.836   0
   1.79824245  -1.387  -2.355  -3.596  -4.865   0
   1.79825294  -1.388  -2.370  -3.619  -4.894   0
   1.79826331  -1.388  -2.385  -3.642  -4.923   0
   1.79827368  -1.388  -2.400  -3.665  -4.952   0
   1.79829550  -1.388  -2.430  -3.712  -5.012   0
   1.79833424  -1.384  -2.481  -3.792  -5.115   0
   1.79837275  -1.380  -2.498  -3.820  -5.152   0
   1.79841089  -1.378  -2.511  -3.842  -5.182   0
   1.79844880  -1.375  -2.524  -3.864  -5.211   0
   1.79848647  -1.372  -2.537  -3.887  -5.241   0
   1.79852390  -1.369  -2.550  -3.909  -5.271   0
   1.79856086  -1.365  -2.562  -3.931  -5.300   0
   1.79859769  -1.361  -2.575  -3.953  -5.330   0
   1.79863417  -1.358  -2.587  -3.975  -5.359   0
   1.79867041  -1.353  -2.600  -3.996  -5.389   0
   1.79870641  -1.349  -2.612  -4.018  -5.419   0
   1.79874206  -1.344  -2.624  -4.040  -5.448   0
   1.79877734  -1.340  -2.636  -4.061  -5.478   0
   1.79881251  -1.335  -2.647  -4.083  -5.507   0
   1.79884720  -1.329  -2.659  -4.105  -5.537   0
   1.79888177  -1.324  -2.670  -4.126  -5.566   0
   1.79891610  -1.318  -2.682  -4.147  -5.596   0
   1.79894996  -1.312  -2.693  -4.168  -5.625   0
   1.79898369  -1.306  -2.703  -4.188  -5.654   0
   1.79901695  -1.300  -2.713  -4.208  -5.682   0
   1.79905009  -1.294  -2.723  -4.228  -5.711   0
   1.79908299  -1.288  -2.733  -4.247  -5.739   0
   1.79911542  -1.281  -2.743  -4.267  -5.767   0
   1.79914773  -1.274  -2.752  -4.286  -5.796   0
   1.79917967  -1.267  -2.762  -4.305  -5.824   0
   1.79921126  -1.260  -2.771  -4.325  -5.852   0
   1.79924262  -1.252  -2.781  -4.345  -5.882   0
   1.79927373  -1.244  -2.790  -4.365  -5.912   0
   1.79929841  -1.237  -2.798  -4.381  -5.936   0
   1.79932284  -1.230  -2.806  -4.398  -5.961   0
   1.79934728  -1.233  -2.818  -4.416  -5.984   0
   1.79937136  -1.236  -2.831  -4.434  -6.008   0
   1.79939544  -1.240  -2.844  -4.452  -6.031   0
   1.79941940  -1.244  -2.857  -4.470  -6.054   0
   1.79944313  -1.248  -2.870  -4.488  -6.077   0
   1.79946685  -1.251  -2.882  -4.506  -6.100   0
   1.79949033  -1.255  -2.895  -4.524  -6.123   0
   1.79951382  -1.258  -2.907  -4.541  -6.146   0
   1.79953718  -1.262  -2.920  -4.558  -6.168   0
   1.79956067  -1.265  -2.932  -4.576  -6.190   0
   1.79958379  -1.268  -2.944  -4.592  -6.212   0
   1.79960692  -1.270  -2.955  -4.609  -6.234   0
   1.79963589  -1.274  -2.970  -4.630  -6.261   0
   1.79966474  -1.276  -2.983  -4.650  -6.287   0
   1.79969370  -1.279  -2.997  -4.669  -6.313   0
   1.79972267  -1.281  -3.010  -4.688  -6.338   0
   1.79975152  -1.283  -3.023  -4.707  -6.363   0
   1.79978049  -1.285  -3.035  -4.725  -6.387   0
   1.79980898  -1.285  -3.046  -4.742  -6.409   2
   1.79984105  -1.310  -3.068  -4.761  -6.434   0
   1.79987109  -1.335  -3.089  -4.778  -6.456   0
   1.79990339  -1.362  -3.110  -4.794  -6.476   0
   1.79994273  -1.390  -3.128  -4.803  -6.491   0
   1.79995322  -1.380  -3.113  -4.782  -6.473   0
