   0.15000001  13.866  12.832  11.475   9.866   0
   0.20000000  12.479  11.706  10.518   9.093   0
   0.25000000  11.712  11.016   9.894   8.550   0
   0.30000001  11.214  10.572   9.491   8.201   0
   0.34999999  10.780  10.185   9.138   7.894   0
   0.40000001  10.371   9.819   8.803   7.600   0
   0.44999999   9.886   9.394   8.414   7.259   0
   0.50000000   9.394   8.973   8.035   6.936   0
   0.55000001   8.771   8.467   7.589   6.566   0
   0.60000002   8.080   7.927   7.127   6.190   0
   0.69999999   6.804   6.918   6.290   5.504   0
   0.80000001   5.818   6.062   5.573   4.908   0
   0.89999998   5.084   5.343   4.946   4.381   0
   1.00000000   4.495   4.712   4.386   3.922   0
   1.10000002   4.005   4.142   3.885   3.536   0
   1.20000005   3.583   3.621   3.441   3.234   0
   1.29999995   3.219   3.205   3.100   3.007   0
   1.39999998   2.888   2.896   2.845   2.822   0
   1.50000000   2.593   2.665   2.654   2.671   0
   1.60000002   2.326   2.468   2.487   2.529   0
   1.70000005   2.098   2.309   2.350   2.411   0
   1.75000000   1.990   2.233   2.283   2.352   0
   1.79999995   1.888   2.160   2.218   2.293   0
   1.89999998   1.697   2.024   2.095   2.183   0
   2.00000000   1.525   1.899   1.982   2.080   0
   2.20000005   1.230   1.682   1.782   1.898   0
   2.50000000   0.836   1.377   1.498   1.635   0
   3.00000000   0.312   0.948   1.093   1.255   0
   3.50000000  -0.129   0.574   0.738   0.918   0
   4.00000000  -0.505   0.252   0.430   0.624   0
   4.24481583  -0.672   0.108   0.292   0.492   0
   4.50000000  -0.834  -0.032   0.158   0.364   0
   5.00000000  -1.121  -0.281  -0.080   0.136   0
   6.00000000  -1.613  -0.712  -0.494  -0.259   0
   7.00000000  -2.046  -1.097  -0.864  -0.614   0
   8.61185837  -2.641  -1.636  -1.385  -1.117   0
   9.00000000  -2.774  -1.757  -1.502  -1.229   0
  12.00000000  -3.686  -2.588  -2.309  -2.013   0
  13.99679470  -4.165  -3.029  -2.741  -2.440   0
  15.00000000  -4.391  -3.242  -2.951  -2.650   0
  18.00742912  -4.963  -3.792  -3.499  -3.198   0
  20.00000000  -5.325  -4.148  -3.852  -3.552   0
  21.14045334  -5.499  -4.319  -4.023  -3.723   1
  24.30154991  -6.023  -4.847  -4.552  -4.252   0
  26.85553169  -6.511  -5.346  -5.056  -4.759   0
  28.92119026  -6.961  -5.831  -5.548  -5.256   0
  29.78788567  -7.186  -6.073  -5.797  -5.515   0
  30.00000000  -7.238  -6.129  -5.855  -5.575   0
  30.39378929  -7.317  -6.215  -5.944  -5.667   0
  30.47934532  -7.325  -6.222  -5.951  -5.674   0
  30.67468643  -7.302  -6.186  -5.909  -5.626   0
  30.70155525  -7.256  -6.126  -5.843  -5.552   0
  30.71001816  -7.234  -6.098  -5.812  -5.518   1
  30.71722984  -7.259  -6.127  -5.844  -5.552   0
  30.72660446  -7.375  -6.254  -5.976  -5.690   0
  30.73215103  -7.447  -6.339  -6.066  -5.786   0
  30.73706818  -7.509  -6.418  -6.149  -5.876   0
  30.74112892  -7.563  -6.491  -6.227  -5.959   0
  30.74638939  -7.659  -6.607  -6.354  -6.098   0
  30.75159264  -7.795  -6.751  -6.510  -6.272   0
  30.75616837  -7.870  -6.856  -6.624  -6.396   0
  30.76417732  -7.966  -7.000  -6.778  -6.564   0
  30.77304268  -8.042  -7.108  -6.893  -6.687   0
  30.79449844  -8.099  -7.183  -6.972  -6.772   0
  30.83192444  -8.052  -7.107  -6.890  -6.682   0
  30.86542702  -8.005  -7.034  -6.810  -6.594   0
  30.91967010  -7.958  -6.957  -6.727  -6.503   0
  31.05249023  -7.927  -6.899  -6.664  -6.433   0
  31.17753601  -7.931  -6.900  -6.664  -6.432   1
  31.65997505  -8.010  -7.009  -6.778  -6.554   0
  32.02510452  -8.089  -7.117  -6.894  -6.678   0
  32.32054520  -8.166  -7.226  -7.009  -6.802   0
  32.55407715  -8.243  -7.333  -7.124  -6.925   0
  32.74022293  -8.319  -7.440  -7.238  -7.048   0
  32.89902496  -8.417  -7.546  -7.356  -7.181   0
  33.02915955  -8.528  -7.652  -7.476  -7.320   0
  33.14847183  -8.597  -7.766  -7.597  -7.450   0
  33.24564743  -8.664  -7.877  -7.716  -7.579   0
  33.33168030  -8.742  -8.009  -7.857  -7.734   0
  33.40119553  -8.837  -8.173  -8.035  -7.930   0
  33.45080948  -9.033  -8.535  -8.430  -8.371   0
  33.53457642  -7.632  -8.125  -8.957  -9.909   0
