   0.15000001  13.767  12.796  11.456   9.868   0
   0.20000000  12.340  11.666  10.497   9.092   0
   0.25000000  11.562  10.979   9.874   8.546   0
   0.30000001  11.061  10.539   9.472   8.194   0
   0.34999999  10.625  10.155   9.122   7.886   0
   0.40000001  10.214   9.791   8.788   7.589   0
   0.44999999   9.733   9.371   8.403   7.248   0
   0.50000000   9.246   8.956   8.029   6.925   0
   0.55000001   8.633   8.454   7.592   6.558   0
   0.60000002   7.740   7.775   7.050   6.147   0
   0.69999999   6.602   6.818   6.246   5.477   0
   0.80000001   5.690   5.985   5.531   4.883   0
   0.89999998   4.987   5.272   4.902   4.360   0
   1.00000000   4.418   4.639   4.339   3.904   0
   1.10000002   3.950   4.068   3.839   3.534   0
   1.20000005   3.549   3.568   3.415   3.255   0
   1.29999995   3.192   3.188   3.106   3.044   0
   1.39999998   2.869   2.907   2.874   2.870   0
   1.50000000   2.583   2.688   2.690   2.720   0
   1.60000002   2.330   2.508   2.536   2.588   0
   1.70000005   2.101   2.346   2.395   2.465   0
   1.75000000   1.995   2.271   2.329   2.406   0
   1.76999998   1.955   2.243   2.304   2.383   0
   1.79999995   1.895   2.200   2.265   2.349   0
   1.89999998   1.708   2.065   2.143   2.238   0
   2.00000000   1.535   1.940   2.029   2.135   0
   2.20000005   1.248   1.735   1.843   1.969   0
   2.50000000   0.879   1.452   1.581   1.729   0
   3.00000000   0.365   1.038   1.193   1.367   0
   3.50000000  -0.060   0.683   0.856   1.049   0
   4.00000000  -0.431   0.365   0.553   0.759   0
   4.50000000  -0.751   0.090   0.290   0.508   0
   5.00000000  -1.035  -0.158   0.052   0.280   0
   5.35241985  -1.214  -0.316  -0.100   0.135   0
   6.00000000  -1.515  -0.582  -0.355  -0.109   0
   7.00000000  -1.935  -0.958  -0.716  -0.454   0
   9.00000000  -2.648  -1.600  -1.334  -1.049   0
  11.21289921  -3.307  -2.197  -1.914  -1.614   0
  12.00000000  -3.514  -2.386  -2.099  -1.796   0
  15.00000000  -4.134  -2.963  -2.669  -2.369   0
  19.39945030  -4.758  -3.563  -3.264  -2.964   0
  20.00000000  -4.836  -3.640  -3.340  -3.039   0
  26.78831673  -5.548  -4.342  -4.036  -3.730   0
  30.00000000  -5.871  -4.662  -4.355  -4.048   0
  32.54557037  -6.083  -4.873  -4.566  -4.259   1
  39.32469177  -6.693  -5.486  -5.180  -4.874   0
  40.00000000  -6.762  -5.556  -5.251  -4.945   0
  45.59381485  -7.265  -6.066  -5.765  -5.463   0
  52.29175186  -8.001  -6.834  -6.542  -6.245   0
  55.30241394  -8.355  -7.228  -6.946  -6.656   0
  57.52243805  -8.632  -7.545  -7.276  -7.002   0
  57.59083557  -8.640  -7.553  -7.284  -7.010   0
  57.83335114  -8.627  -7.526  -7.253  -6.974   0
  57.87406540  -8.605  -7.493  -7.216  -6.933   0
  57.88977432  -8.595  -7.478  -7.200  -6.914   1
  57.92753601  -8.663  -7.563  -7.291  -7.013   0
  57.95953751  -8.928  -7.886  -7.639  -7.391   0
  57.98080826  -9.105  -8.129  -7.903  -7.683   0
  57.99912643  -9.248  -8.347  -8.137  -7.939   0
  58.02362823  -9.514  -8.655  -8.481  -8.328   0
  58.04540634  -9.679  -8.937  -8.783  -8.656   0
  58.07086563  -9.927  -9.268  -9.160  -9.094   0
  58.12574768 -10.257 -10.242 -10.229 -10.309   0
  58.18717194  -9.831 -10.057 -10.313 -10.772   3
  58.94224930  -9.463  -9.742 -10.239 -10.931   0
  59.82889557  -9.258  -9.606 -10.236 -11.045   0
  60.00000000  -9.218  -9.577 -10.233 -11.066   2
  61.19515228  -9.325  -9.676 -10.314 -11.131   0
  65.95681000  -9.674  -9.992 -10.551 -11.296   0
  66.76980591  -9.778 -10.081 -10.607 -11.324   0
