   0.15000001  13.789  12.779  11.435   9.837   0
   0.20000000  12.419  11.651  10.467   9.047   0
   0.25000000  11.658  10.967   9.849   8.510   0
   0.30000001  11.153  10.517   9.439   8.154   0
   0.34999999  10.715  10.125   9.083   7.844   0
   0.40000001  10.311   9.766   8.754   7.556   0
   0.44999999   9.803   9.320   8.346   7.198   0
   0.50000000   9.275   8.870   7.941   6.855   0
   0.55000001   8.586   8.318   7.458   6.456   0
   0.60000002   7.828   7.726   6.954   6.044   0
   0.63098133   7.346   7.350   6.640   5.786   0
   0.67385727   6.748   6.865   6.239   5.454   0
   0.69999999   6.413   6.582   6.004   5.259   0
   0.72272277   6.134   6.339   5.799   5.087   0
   0.75303835   5.780   6.020   5.527   4.857   0
   0.78009731   5.491   5.743   5.286   4.652   0
   0.80000001   5.280   5.539   5.108   4.500   0
   0.81243581   5.155   5.413   4.996   4.404   0
   0.83356494   4.948   5.198   4.802   4.238   0
   0.85322160   4.752   4.994   4.618   4.079   0
   0.87218094   4.561   4.792   4.435   3.920   0
   0.89169526   4.366   4.577   4.237   3.749   0
   0.89999998   4.281   4.483   4.151   3.675   0
   0.90127283   4.268   4.469   4.138   3.664   0
   0.92789650   3.978   4.144   3.844   3.416   0
   0.94237179   3.816   3.960   3.675   3.273   0
   0.95613116   3.652   3.772   3.503   3.127   0
   0.96984935   3.475   3.571   3.317   2.965   0
   0.97487485   3.405   3.493   3.243   2.900   0
   0.97500706   3.403   3.490   3.241   2.898   0
   0.97985047   3.327   3.408   3.162   2.823   0
   0.98302191   3.276   3.353   3.108   2.772   0
   0.99310356   3.110   3.174   2.934   2.603   1
   1.00000000   2.977   3.046   2.794   2.442   0
   1.00041938   2.970   3.038   2.786   2.433   0
   1.00594234   2.847   2.932   2.658   2.264   0
   1.00905633   2.778   2.883   2.579   2.138   0
   1.01136744   2.731   2.860   2.519   2.019   0
   1.01314569   2.719   2.866   2.480   1.918   0
   1.01460779   2.749   2.902   2.466   1.841   3
   1.01588130   2.825   2.974   2.485   1.801   0
   1.01680648   2.898   3.030   2.501   1.780   0
   1.01849747   2.903   3.003   2.424   1.657   0
   1.01977050   2.800   2.876   2.275   1.488   0
   1.02079034   2.676   2.738   2.124   1.327   0
   1.02167511   2.541   2.591   1.969   1.163   0
   1.02252257   2.398   2.439   1.810   0.997   0
   1.02323937   2.263   2.296   1.660   0.841   0
   1.02388740   2.131   2.153   1.510   0.685   0
   1.02449298   1.997   2.008   1.358   0.526   0
   1.02498019   1.867   1.869   1.212   0.373   0
   1.02546465   1.742   1.728   1.062   0.216   0
   1.02589607   1.620   1.591   0.916   0.061   0
   1.02629030   1.497   1.453   0.768  -0.094   0
   1.02664530   1.371   1.313   0.619  -0.251   0
   1.02694750   1.258   1.182   0.477  -0.402   0
   1.02722824   1.141   1.049   0.332  -0.556   0
   1.02748239   1.025   0.915   0.186  -0.711   0
   1.02771509   0.910   0.782   0.041  -0.865   0
   1.02792025   0.800   0.655  -0.100  -1.017   0
   1.02811778   0.694   0.532  -0.235  -1.161   0
   1.02829158   0.620   0.448  -0.327  -1.259   0
   1.02847040   0.707   0.552  -0.209  -1.131   1
   1.02861321   0.598   0.426  -0.348  -1.280   0
   1.02877486   0.486   0.289  -0.502  -1.447   0
   1.02891684   0.386   0.162  -0.645  -1.601   0
   1.02903926   0.293   0.039  -0.785  -1.753   0
   1.02915835   0.200  -0.086  -0.928  -1.910   0
   1.02926040   0.111  -0.207  -1.069  -2.065   0
   1.02935803   0.017  -0.334  -1.217  -2.228   0
   1.02944136  -0.068  -0.452  -1.357  -2.383   0
   1.02951360  -0.142  -0.561  -1.489  -2.531   0
   1.02958190  -0.216  -0.674  -1.627  -2.687   0
   1.02964115  -0.274  -0.777  -1.756  -2.835   0
   1.02969754  -0.330  -0.881  -1.887  -2.985   0
   1.02974498  -0.387  -0.983  -2.013  -3.129   0
   1.02978826  -0.424  -1.077  -2.139  -3.278   0
   1.02982867  -0.440  -1.159  -2.258  -3.424   0
   1.02986455  -0.484  -1.254  -2.382  -3.569   0
   1.02989900  -0.526  -1.348  -2.508  -3.717   0
   1.02993143  -0.554  -1.439  -2.635  -3.871   0
   1.02995682  -0.559  -1.499  -2.725  -3.984   2
   1.02995682   1.043   1.068   0.500  -0.265   1
   1.03013790   1.042   1.059   0.480  -0.295   0
   1.03035975   1.032   1.046   0.463  -0.314   0
   1.03051400   1.026   1.039   0.455  -0.324   0
   1.03059936   1.022   1.035   0.451  -0.328   0
   1.03085911   1.009   1.024   0.442  -0.334   0
   1.03112972   0.997   1.013   0.435  -0.338   0
   1.03140998   0.983   1.002   0.428  -0.341   0
   1.03169799   0.971   0.992   0.421  -0.346   0
   1.03199685   0.959   0.981   0.413  -0.351   0
   1.03229165   0.948   0.971   0.406  -0.356   0
   1.03257918   0.937   0.961   0.398  -0.363   0
   1.03286409   0.929   0.952   0.390  -0.370   0
   1.03292084   0.927   0.951   0.388  -0.372   0
   1.03313184   0.921   0.944   0.381  -0.379   0
   1.03339815   0.915   0.936   0.372  -0.390   0
   1.03367519   0.909   0.928   0.360  -0.404   0
   1.03396738   0.901   0.917   0.345  -0.423   0
   1.03428245   0.890   0.902   0.325  -0.449   0
   1.03461766   0.878   0.883   0.296  -0.485   0
   1.03478134   0.868   0.869   0.276  -0.510   0
   1.03496754   0.852   0.847   0.247  -0.545   0
   1.03529990   0.802   0.780   0.159  -0.651   0
   1.03535640   0.772   0.741   0.109  -0.711   0
   1.03539360   0.712   0.668   0.018  -0.817   0
   1.03540456   0.670   0.608  -0.057  -0.905   0
   1.03541207   0.598   0.508  -0.180  -1.047   0
   1.03541720   0.486   0.363  -0.353  -1.240   0
   1.03542137   0.379   0.231  -0.505  -1.409   0
   1.03542590   0.284   0.111  -0.645  -1.564   0
   1.03543282   0.221   0.032  -0.738  -1.666   0
   1.03545821   0.294   0.126  -0.627  -1.542   0
   1.03547013   0.314   0.151  -0.597  -1.509   1
   1.03554296   0.211   0.020  -0.752  -1.681   0
   1.03558445   0.087  -0.147  -0.949  -1.901   0
   1.03561568  -0.004  -0.279  -1.107  -2.077   0
   1.03564680  -0.094  -0.413  -1.269  -2.260   0
   1.03567791  -0.191  -0.559  -1.446  -2.459   0
   1.03569913  -0.257  -0.665  -1.578  -2.610   0
   1.03571677  -0.306  -0.761  -1.707  -2.761   0
   1.03573012  -0.365  -0.862  -1.836  -2.910   0
   1.03574133  -0.410  -0.957  -1.958  -3.052   0
   1.03575099  -0.455  -1.051  -2.079  -3.192   0
   1.03576005  -0.477  -1.132  -2.194  -3.331   0
   1.03577018  -0.498  -1.222  -2.324  -3.490   0
   1.03578091  -0.530  -1.318  -2.456  -3.650   0
   1.03578544  -0.547  -1.382  -2.548  -3.762   0
   1.03578663  -0.550  -1.421  -2.609  -3.839   0
   1.03578782  -0.553  -1.450  -2.653  -3.894   0
   1.03578949  -0.554  -1.468  -2.679  -3.927   0
   1.03579116  -0.555  -1.485  -2.705  -3.960   0
   1.03579283  -0.556  -1.502  -2.731  -3.993   0
   1.03579450  -0.557  -1.519  -2.758  -4.026   0
   1.03579617  -0.557  -1.537  -2.785  -4.061   0
   1.03579748  -0.557  -1.552  -2.807  -4.089   0
   1.03579915  -0.557  -1.570  -2.835  -4.124   0
   1.03580081  -0.557  -1.587  -2.862  -4.159   0
   1.03580248  -0.557  -1.605  -2.889  -4.193   0
   1.03580415  -0.556  -1.623  -2.916  -4.228   0
   1.03580558  -0.556  -1.636  -2.938  -4.256   0
   1.03580725  -0.555  -1.654  -2.965  -4.291   0
   1.03580892  -0.553  -1.671  -2.993  -4.326   0
   1.03581059  -0.552  -1.688  -3.020  -4.361   0
   1.03581214  -0.550  -1.704  -3.046  -4.395   0
   1.03581369  -0.547  -1.719  -3.071  -4.428   0
   1.03581488  -0.545  -1.731  -3.091  -4.455   0
   1.03581643  -0.542  -1.745  -3.115  -4.487   0
   1.03581762  -0.539  -1.757  -3.135  -4.514   0
   1.03581917  -0.535  -1.771  -3.160  -4.547   0
   1.03582072  -0.531  -1.785  -3.184  -4.579   0
   1.03582227  -0.527  -1.799  -3.209  -4.613   0
   1.03582370  -0.523  -1.813  -3.233  -4.645   0
   1.03582525  -0.518  -1.826  -3.257  -4.678   0
   1.03582680  -0.514  -1.840  -3.281  -4.711   0
   1.03582931  -0.506  -1.856  -3.312  -4.753   0
   1.03583324  -0.495  -1.873  -3.344  -4.800   0
   1.03583717  -0.488  -1.884  -3.366  -4.832   0
   1.03584111  -0.481  -1.895  -3.388  -4.864   0
   1.03584504  -0.473  -1.906  -3.410  -4.896   0
   1.03584898  -0.464  -1.916  -3.432  -4.928   0
   1.03585279  -0.456  -1.926  -3.453  -4.959   0
   1.03585649  -0.447  -1.936  -3.474  -4.991   0
   1.03586030  -0.437  -1.946  -3.496  -5.023   0
   1.03586411  -0.427  -1.955  -3.517  -5.055   0
   1.03586793  -0.417  -1.965  -3.538  -5.087   0
   1.03587162  -0.406  -1.973  -3.559  -5.118   0
   1.03587520  -0.395  -1.982  -3.580  -5.150   0
   1.03587890  -0.383  -1.990  -3.600  -5.182   0
   1.03588247  -0.381  -2.004  -3.623  -5.213   0
   1.03588617  -0.385  -2.021  -3.647  -5.245   0
   1.03588974  -0.388  -2.037  -3.671  -5.276   0
   1.03589332  -0.392  -2.054  -3.695  -5.306   0
   1.03589678  -0.395  -2.070  -3.718  -5.338   0
   1.03590024  -0.398  -2.086  -3.742  -5.369   0
   1.03590381  -0.400  -2.102  -3.766  -5.400   0
   1.03590727  -0.402  -2.118  -3.789  -5.432   0
   1.03591061  -0.404  -2.134  -3.813  -5.463   0
   1.03591394  -0.405  -2.149  -3.836  -5.494   0
   1.03591728  -0.405  -2.164  -3.858  -5.525   0
   1.03591752  -0.405  -2.164  -3.859  -5.526   0
