   0.15000001  13.865  12.831  11.475   9.866   0
   0.20000000  12.478  11.705  10.517   9.092   0
   0.25000000  11.712  11.016   9.893   8.550   0
   0.30000001  11.213  10.572   9.490   8.200   0
   0.34999999  10.779  10.184   9.138   7.894   0
   0.40000001  10.370   9.818   8.802   7.599   0
   0.44999999   9.885   9.393   8.413   7.258   0
   0.50000000   9.392   8.971   8.033   6.934   0
   0.55000001   8.768   8.464   7.586   6.563   0
   0.60000002   8.075   7.923   7.123   6.187   0
   0.69999999   6.796   6.911   6.284   5.498   0
   0.80000001   5.806   6.050   5.563   4.899   0
   0.89999998   5.067   5.325   4.930   4.367   0
   1.00000000   4.474   4.688   4.365   3.903   0
   1.10000002   3.981   4.114   3.859   3.512   0
   1.20000005   3.560   3.597   3.417   3.210   0
   1.29999995   3.197   3.182   3.076   2.981   0
   1.36528146   2.979   2.973   2.905   2.858   0
   1.39999998   2.867   2.872   2.822   2.797   0
   1.42629814   2.786   2.807   2.767   2.754   0
   1.50000000   2.567   2.635   2.623   2.639   0
   1.60000002   2.297   2.437   2.455   2.497   0
   1.70000005   2.058   2.265   2.306   2.366   0
   1.75000000   1.949   2.188   2.237   2.304   0
   1.79999995   1.844   2.112   2.169   2.244   0
   1.89999998   1.647   1.968   2.039   2.125   0
   2.00000000   1.469   1.835   1.917   2.013   0
   2.20000005   1.142   1.583   1.682   1.795   0
   2.30235481   0.990   1.462   1.569   1.689   0
   2.50000000   0.714   1.240   1.359   1.492   0
   2.86793876   0.262   0.862   0.999   1.151   0
   3.00000000   0.109   0.731   0.874   1.031   0
   3.30654240  -0.221   0.442   0.597   0.765   0
   3.50000000  -0.424   0.261   0.423   0.597   0
   3.67987919  -0.603   0.101   0.268   0.446   0
   3.97458029  -0.895  -0.165   0.010   0.195   1
   4.00000000  -0.920  -0.188  -0.013   0.173   0
   4.24239779  -1.155  -0.405  -0.225  -0.035   0
   4.45619488  -1.364  -0.596  -0.410  -0.217   0
   4.50000000  -1.412  -0.642  -0.456  -0.262   1
   4.64505196  -1.573  -0.803  -0.617  -0.424   0
   4.80744839  -1.756  -0.982  -0.795  -0.601   0
   4.94637489  -1.925  -1.151  -0.964  -0.771   0
   5.00000000  -1.996  -1.224  -1.036  -0.844   0
   5.07057476  -2.090  -1.321  -1.133  -0.942   1
   5.17381716  -2.241  -1.478  -1.292  -1.104   0
   5.26494932  -2.383  -1.629  -1.445  -1.260   0
   5.30584764  -2.451  -1.700  -1.516  -1.333   0
   5.34416437  -2.514  -1.765  -1.582  -1.400   0
   5.36656380  -2.548  -1.799  -1.616  -1.433   0
   5.38597965  -2.571  -1.816  -1.632  -1.448   3
   5.39964628  -2.576  -1.809  -1.622  -1.435   0
   5.40917158  -2.560  -1.770  -1.577  -1.383   0
   5.41198301  -2.551  -1.742  -1.545  -1.345   0
   5.41357803  -2.555  -1.728  -1.526  -1.321   0
   5.41382027  -2.548  -1.724  -1.522  -1.318   0
   5.41439533  -2.540  -1.739  -1.543  -1.346   0
   5.41501474  -2.627  -1.851  -1.661  -1.471   0
   5.41582489  -2.770  -2.020  -1.837  -1.656   0
   5.41683960  -2.906  -2.187  -2.012  -1.841   0
   5.41778564  -3.009  -2.320  -2.151  -1.991   0
   5.41884136  -3.112  -2.459  -2.297  -2.150   0
   5.41968250  -3.193  -2.569  -2.415  -2.277   0
   5.42056513  -3.277  -2.688  -2.543  -2.417   0
   5.42147112  -3.367  -2.819  -2.684  -2.573   0
   5.42238569  -3.462  -2.964  -2.840  -2.746   0
   5.42301798  -3.529  -3.074  -2.959  -2.878   0
   5.42364073  -3.598  -3.194  -3.090  -3.024   0
   5.42410374  -3.651  -3.290  -3.195  -3.143   0
   5.42448044  -3.692  -3.373  -3.286  -3.247   0
   5.42483854  -3.729  -3.457  -3.380  -3.355   0
   5.42514563  -3.759  -3.535  -3.467  -3.455   0
   5.42540312  -3.780  -3.603  -3.544  -3.544   0
   5.42566299  -3.794  -3.674  -3.625  -3.640   0
   5.42587233  -3.799  -3.734  -3.694  -3.722   0
   5.42608166  -3.789  -3.788  -3.760  -3.805   0
   5.42629385  -3.762  -3.828  -3.821  -3.891   0
   5.42645311  -3.732  -3.849  -3.860  -3.956   0
   5.42661524  -3.689  -3.849  -3.887  -4.023   0
   5.42677689  -3.636  -3.817  -3.896  -4.090   3
   5.42693901  -3.571  -3.749  -3.888  -4.157   0
   5.42704487  -3.518  -3.682  -3.873  -4.204   0
   5.42715359  -3.460  -3.598  -3.846  -4.246   0
   5.42725992  -3.391  -3.502  -3.809  -4.284   0
   5.42736340  -3.307  -3.394  -3.764  -4.317   0
   5.42746115  -3.200  -3.271  -3.711  -4.345   0
   5.42755270  -3.067  -3.145  -3.654  -4.361   0
   5.42768145  -2.897  -2.998  -3.582  -4.357   0
   5.42792130  -2.666  -2.800  -3.462  -4.305   0
   5.42800760  -2.584  -2.739  -3.425  -4.288   4
   5.42830515  -2.542  -2.759  -3.512  -4.425   0
   5.42852020  -2.614  -2.867  -3.653  -4.592   0
   5.42996645  -2.673  -2.956  -3.765  -4.720   0
   5.45740938  -2.726  -2.972  -3.744  -4.672   4
   5.47204733  -3.092  -3.249  -3.908  -4.748   0
   5.47610569  -3.505  -3.599  -4.061  -4.717   0
   5.47863722  -3.649  -3.754  -4.123  -4.675   0
   5.48116541  -3.746  -3.875  -4.169  -4.631   0
   5.48455429  -3.838  -4.001  -4.213  -4.574   0
   5.48720646  -3.896  -4.079  -4.236  -4.531   0
   5.49099636  -3.964  -4.162  -4.254  -4.474   3
   5.49484777  -4.026  -4.200  -4.253  -4.416   0
   5.49862146  -4.072  -4.217  -4.242  -4.366   0
   5.50339031  -4.121  -4.220  -4.220  -4.307   0
   5.50862694  -4.159  -4.192  -4.177  -4.242   0
   5.51443195  -4.186  -4.159  -4.130  -4.176   0
   5.52052307  -4.205  -4.118  -4.078  -4.109   0
   5.52762270  -4.210  -4.070  -4.020  -4.038   0
   5.53590584  -4.212  -4.020  -3.960  -3.965   0
   5.54469299  -4.207  -3.968  -3.901  -3.894   0
   5.55439949  -4.198  -3.916  -3.840  -3.822   0
   5.56573105  -4.190  -3.866  -3.783  -3.752   0
   5.57998466  -4.180  -3.814  -3.724  -3.681   0
   5.59815931  -4.173  -3.770  -3.671  -3.617   0
   5.62558365  -4.184  -3.747  -3.641  -3.577   0
   5.63650942  -4.195  -3.750  -3.643  -3.577   1
   5.66648483  -4.295  -3.883  -3.784  -3.730   0
   5.67989922  -4.375  -4.011  -3.922  -3.884   0
   5.68728018  -4.428  -4.103  -4.022  -3.996   0
   5.69223118  -4.475  -4.199  -4.127  -4.115   0
   5.69504213  -4.513  -4.291  -4.230  -4.233   0
   5.69675589  -4.539  -4.373  -4.323  -4.342   0
   5.69754219  -4.549  -4.432  -4.391  -4.423   0
   5.69818783  -4.545  -4.495  -4.466  -4.514   0
   5.69869328  -4.521  -4.555  -4.542  -4.613   0
   5.69908619  -4.460  -4.587  -4.601  -4.715   0
   5.69925451  -4.416  -4.584  -4.620  -4.765   3
   5.69936705  -4.366  -4.554  -4.619  -4.808   0
   5.69950724  -4.284  -4.477  -4.601  -4.864   0
   5.69959116  -4.218  -4.403  -4.577  -4.900   0
   5.69961929  -4.195  -4.373  -4.566  -4.911   0
   5.69969225  -4.099  -4.251  -4.518  -4.948   0
   5.69976473  -3.996  -4.121  -4.458  -4.973   0
   5.69981289  -3.900  -4.014  -4.406  -4.987   0
   5.69986153  -3.780  -3.887  -4.343  -4.994   0
   5.69998217  -3.425  -3.575  -4.193  -4.997   0
   5.70010281  -3.196  -3.418  -4.140  -5.027   4
   5.70022392  -3.116  -3.389  -4.167  -5.098   0
   5.70121479  -3.083  -3.472  -4.344  -5.342   0
   5.70160103  -3.088  -3.511  -4.407  -5.423   0
   5.70215607  -3.138  -3.613  -4.546  -5.588   0
   5.70288038  -3.192  -3.714  -4.680  -5.745   0
   5.70372438  -3.246  -3.811  -4.808  -5.894   0
   5.70456839  -3.279  -3.895  -4.923  -6.031   0
   5.70519447  -3.300  -3.959  -5.011  -6.137   0
   5.70579672  -3.319  -4.022  -5.101  -6.246   0
   5.70627832  -3.336  -4.082  -5.185  -6.348   0
   5.70668745  -3.349  -4.134  -5.262  -6.442   0
   5.70709658  -3.380  -4.202  -5.352  -6.547   0
   5.70728874  -3.391  -4.243  -5.409  -6.618   0
   5.70748138  -3.398  -4.278  -5.464  -6.685   0
   5.70779371  -3.409  -4.282  -5.462  -6.680   0
   5.70781803  -3.409  -4.264  -5.432  -6.642   1
   5.70786572  -3.411  -4.287  -5.468  -6.687   0
   5.70798588  -3.416  -4.316  -5.513  -6.743   0
   5.70803452  -3.418  -4.330  -5.534  -6.770   0
