   0.15000001  13.767  12.796  11.456   9.868   0
   0.20000000  12.340  11.666  10.497   9.092   0
   0.25000000  11.562  10.979   9.874   8.546   0
   0.30000001  11.061  10.539   9.472   8.194   0
   0.34999999  10.625  10.155   9.122   7.886   0
   0.40000001  10.214   9.791   8.788   7.589   0
   0.44999999   9.733   9.371   8.403   7.248   0
   0.50000000   9.246   8.956   8.029   6.925   0
   0.55000001   8.633   8.454   7.592   6.558   0
   0.60000002   7.740   7.774   7.050   6.147   0
   0.69999999   6.601   6.818   6.246   5.477   0
   0.80000001   5.690   5.985   5.531   4.883   0
   0.89999998   4.987   5.272   4.902   4.360   0
   1.00000000   4.418   4.639   4.339   3.904   0
   1.10000002   3.950   4.068   3.839   3.534   0
   1.20000005   3.549   3.567   3.415   3.255   0
   1.29999995   3.191   3.187   3.106   3.043   0
   1.39999998   2.869   2.907   2.873   2.869   0
   1.50000000   2.583   2.688   2.690   2.719   0
   1.60000002   2.330   2.507   2.535   2.587   0
   1.70000005   2.101   2.346   2.395   2.464   0
   1.75000000   1.995   2.271   2.328   2.405   0
   1.76999998   1.955   2.243   2.303   2.382   0
   1.79999995   1.894   2.199   2.265   2.348   0
   1.89999998   1.708   2.065   2.142   2.238   0
   2.00000000   1.535   1.939   2.028   2.135   0
   2.20000005   1.247   1.734   1.842   1.968   0
   2.50000000   0.877   1.450   1.578   1.726   0
   3.00000000   0.362   1.034   1.188   1.362   0
   3.50000000  -0.065   0.677   0.850   1.043   0
   4.00000000  -0.437   0.359   0.547   0.753   0
   4.50000000  -0.759   0.081   0.281   0.499   0
   4.69519520  -0.874  -0.019   0.185   0.407   0
   5.00000000  -1.043  -0.167   0.043   0.271   0
   6.00000000  -1.525  -0.593  -0.366  -0.120   0
   7.00000000  -1.949  -0.972  -0.730  -0.469   0
   9.00000000  -2.672  -1.624  -1.358  -1.073   0
   9.70300484  -2.898  -1.829  -1.557  -1.266   0
  12.00000000  -3.560  -2.433  -2.145  -1.843   0
  15.00000000  -4.200  -3.029  -2.735  -2.435   0
  16.12979889  -4.390  -3.210  -2.914  -2.615   0
  20.00000000  -4.967  -3.772  -3.473  -3.173   0
  21.46593475  -5.147  -3.950  -3.649  -3.348   0
  26.56365013  -5.784  -4.582  -4.279  -3.975   0
  30.00000000  -6.236  -5.036  -4.733  -4.430   1
  34.29350662  -6.798  -5.605  -5.307  -5.009   0
  38.00482941  -7.397  -6.230  -5.939  -5.642   0
  39.60484695  -7.671  -6.535  -6.249  -5.953   0
  40.00000000  -7.744  -6.613  -6.329  -6.036   0
  40.83459091  -7.878  -6.759  -6.479  -6.193   0
  40.88314819  -7.883  -6.764  -6.484  -6.198   2
  41.16653824  -7.875  -6.749  -6.467  -6.177   0
  41.21414185  -7.823  -6.683  -6.396  -6.100   0
  41.23250961  -7.800  -6.649  -6.360  -6.064   0
  41.25031662  -7.834  -6.693  -6.406  -6.110   0
  41.26747513  -7.958  -6.832  -6.550  -6.259   0
  41.27888107  -8.050  -6.939  -6.663  -6.380   0
  41.28870010  -8.124  -7.031  -6.761  -6.485   0
  41.30184174  -8.225  -7.163  -6.902  -6.636   0
  41.31351471  -8.326  -7.281  -7.031  -6.778   0
  41.32716370  -8.448  -7.413  -7.173  -6.936   0
  41.35658646  -8.576  -7.612  -7.388  -7.172   0
  41.38951492  -8.643  -7.713  -7.497  -7.291   2
  41.53808212  -8.633  -7.694  -7.475  -7.266   0
  41.71164703  -8.617  -7.664  -7.442  -7.229   0
  42.09243011  -8.643  -7.692  -7.471  -7.259   0
  46.13706207  -8.982  -9.290  -9.849 -10.596   0
