   0.15000001  13.767  12.796  11.456   9.868   0
   0.20000000  12.340  11.666  10.497   9.092   0
   0.25000000  11.562  10.979   9.874   8.546   0
   0.30000001  11.061  10.539   9.472   8.194   0
   0.34999999  10.625  10.155   9.122   7.886   0
   0.40000001  10.214   9.791   8.788   7.589   0
   0.44999999   9.733   9.371   8.403   7.248   0
   0.50000000   9.246   8.956   8.029   6.925   0
   0.55000001   8.633   8.454   7.592   6.558   0
   0.60000002   7.740   7.774   7.050   6.147   0
   0.69999999   6.601   6.818   6.246   5.477   0
   0.80000001   5.689   5.985   5.531   4.882   0
   0.89999998   4.987   5.272   4.902   4.359   0
   1.00000000   4.418   4.638   4.339   3.904   0
   1.10000002   3.950   4.068   3.839   3.534   0
   1.20000005   3.549   3.567   3.415   3.254   0
   1.29999995   3.191   3.187   3.106   3.043   0
   1.39999998   2.869   2.907   2.873   2.869   0
   1.50000000   2.583   2.688   2.689   2.719   0
   1.60000002   2.330   2.507   2.535   2.587   0
   1.70000005   2.100   2.345   2.394   2.464   0
   1.75000000   1.994   2.270   2.328   2.405   0
   1.76999998   1.954   2.242   2.303   2.382   0
   1.79999995   1.894   2.199   2.264   2.347   0
   1.89999998   1.707   2.064   2.142   2.237   0
   2.00000000   1.535   1.939   2.028   2.135   0
   2.20000005   1.246   1.733   1.841   1.967   0
   2.50000000   0.876   1.448   1.577   1.724   0
   3.00000000   0.359   1.031   1.186   1.360   0
   3.50000000  -0.069   0.673   0.846   1.039   0
   4.00000000  -0.440   0.355   0.543   0.749   0
   4.34999418  -0.671   0.157   0.353   0.568   0
   4.50000000  -0.763   0.076   0.276   0.495   0
   5.00000000  -1.048  -0.172   0.039   0.267   0
   6.00000000  -1.531  -0.600  -0.372  -0.126   0
   7.00000000  -1.957  -0.981  -0.738  -0.477   0
   9.00000000  -2.686  -1.638  -1.372  -1.088   0
   9.02610493  -2.695  -1.646  -1.380  -1.095   0
  12.00000000  -3.588  -2.461  -2.173  -1.871   0
  14.98911858  -4.239  -3.069  -2.776  -2.475   0
  15.00000000  -4.242  -3.072  -2.778  -2.477   0
  19.67441940  -5.003  -3.810  -3.512  -3.213   0
  20.00000000  -5.056  -3.861  -3.563  -3.264   0
  23.77879906  -5.576  -4.378  -4.077  -3.776   1
  27.46855164  -6.127  -4.931  -4.632  -4.332   0
  30.00000000  -6.563  -5.373  -5.077  -4.779   0
  33.12635040  -7.122  -5.958  -5.667  -5.371   0
  34.52098083  -7.390  -6.255  -5.969  -5.674   0
  35.48136520  -7.582  -6.460  -6.180  -5.892   0
  35.52886963  -7.583  -6.460  -6.180  -5.892   2
  35.72056198  -7.552  -6.419  -6.134  -5.840   0
  35.74861908  -7.510  -6.360  -6.072  -5.776   0
  35.75626373  -7.498  -6.342  -6.053  -5.756   0
  35.76748276  -7.523  -6.375  -6.087  -5.791   0
  35.77861786  -7.626  -6.492  -6.207  -5.913   0
  35.78567886  -7.709  -6.587  -6.306  -6.018   0
  35.79274368  -7.783  -6.675  -6.400  -6.119   0
  35.79933548  -7.856  -6.766  -6.497  -6.222   0
  35.80585480  -7.923  -6.855  -6.591  -6.322   0
  35.81890106  -8.065  -7.021  -6.771  -6.520   0
  35.82773590  -8.139  -7.101  -6.857  -6.614   0
  35.84792709  -8.221  -7.198  -6.962  -6.729   0
  35.85901260  -8.235  -7.217  -6.982  -6.750   0
  35.91665649  -8.195  -7.158  -6.917  -6.677   0
  35.97036743  -8.132  -7.089  -6.842  -6.593   0
  36.06620407  -8.070  -7.019  -6.764  -6.507   0
  36.32648468  -8.027  -6.965  -6.703  -6.437   0
  36.45708847  -8.025  -6.961  -6.698  -6.431   1
  37.19638062  -8.151  -7.102  -6.849  -6.593   0
  37.63455963  -8.284  -7.246  -7.003  -6.761   0
  37.97575378  -8.385  -7.380  -7.146  -6.918   0
  38.25109100  -8.472  -7.510  -7.286  -7.070   0
  38.45029449  -8.554  -7.629  -7.414  -7.209   0
  38.61936569  -8.636  -7.748  -7.541  -7.348   0
  38.75082779  -8.720  -7.862  -7.665  -7.483   0
  38.85028839  -8.832  -7.963  -7.781  -7.619   0
  38.91930008  -8.900  -8.049  -7.875  -7.724   0
  38.96719360  -8.944  -8.121  -7.953  -7.808   0
  39.00076294  -8.983  -8.188  -8.024  -7.885   0
  39.01253510  -8.998  -8.213  -8.050  -7.914   0
  39.04647446  -9.050  -8.302  -8.147  -8.019   0
  39.06613159  -9.090  -8.374  -8.224  -8.104   0
  39.07765961  -9.122  -8.430  -8.285  -8.171   0
  39.08647919  -9.152  -8.483  -8.342  -8.234   0
  39.09209061  -9.178  -8.528  -8.391  -8.289   0
  39.09835052  -9.245  -8.585  -8.466  -8.385   0
  39.10365295  -9.306  -8.693  -8.585  -8.520   0
  39.10863876  -9.371  -8.909  -8.806  -8.752   0
  39.11169052  -9.448  -9.081  -8.996  -8.965   0
  39.11491394  -9.562  -9.280  -9.229  -9.248   0
  39.11651993  -9.595  -9.401  -9.363  -9.403   0
  39.11901474  -9.603  -9.591  -9.581  -9.663   0
  39.12150574  -9.557  -9.661  -9.697  -9.852   0
  39.12424850  -9.431  -9.630  -9.727 -10.000   3
  39.12574768  -9.337  -9.557  -9.710 -10.061   0
  39.12724304  -9.234  -9.460  -9.685 -10.114   0
  39.12899017  -9.115  -9.341  -9.650 -10.162   0
  39.13085938  -8.971  -9.208  -9.602 -10.198   0
  39.13388062  -8.600  -8.897  -9.476 -10.244   0
