   0.15000001  13.766  12.796  11.456   9.868   0
   0.20000000  12.340  11.666  10.496   9.092   0
   0.25000000  11.561  10.979   9.873   8.546   0
   0.30000001  11.060  10.538   9.472   8.194   0
   0.34999999  10.625  10.154   9.121   7.885   0
   0.40000001  10.214   9.791   8.787   7.589   0
   0.44999999   9.733   9.371   8.402   7.247   0
   0.50000000   9.245   8.955   8.028   6.924   0
   0.55000001   8.631   8.452   7.591   6.557   0
   0.60000002   7.737   7.772   7.048   6.145   0
   0.69999999   6.597   6.815   6.242   5.474   0
   0.80000001   5.683   5.979   5.525   4.878   0
   0.89999998   4.978   5.263   4.894   4.353   0
   1.00000000   4.408   4.626   4.328   3.895   0
   1.10000002   3.938   4.054   3.826   3.523   0
   1.20000005   3.536   3.554   3.402   3.242   0
   1.29999995   3.178   3.174   3.092   3.029   0
   1.39999998   2.854   2.891   2.857   2.852   0
   1.50000000   2.568   2.671   2.672   2.701   0
   1.60000002   2.309   2.483   2.511   2.562   0
   1.68504977   2.113   2.344   2.389   2.455   0
   1.70000005   2.080   2.321   2.369   2.437   0
   1.72839582   2.019   2.278   2.331   2.403   0
   1.75000000   1.975   2.246   2.303   2.378   0
   1.75553048   1.964   2.238   2.296   2.372   0
   1.76999998   1.935   2.218   2.278   2.356   0
   1.79999995   1.876   2.175   2.240   2.322   0
   1.89999998   1.687   2.041   2.118   2.213   0
   2.00000000   1.516   1.917   2.005   2.110   0
   2.20000005   1.205   1.686   1.794   1.918   0
   2.50000000   0.806   1.376   1.505   1.652   0
   2.85357499   0.407   1.050   1.198   1.363   0
   3.00000000   0.253   0.922   1.077   1.249   0
   3.50000000  -0.219   0.518   0.691   0.882   0
   3.68103242  -0.376   0.382   0.561   0.757   0
   4.00000000  -0.642   0.148   0.336   0.540   0
   4.29729319  -0.872  -0.057   0.138   0.349   0
   4.50000000  -1.027  -0.196   0.003   0.218   0
   4.81665039  -1.250  -0.398  -0.192   0.028   0
   5.00000000  -1.379  -0.516  -0.307  -0.083   0
   5.26638699  -1.569  -0.692  -0.478  -0.251   0
   5.63176823  -1.833  -0.939  -0.720  -0.488   0
   5.93740559  -2.060  -1.153  -0.931  -0.696   0
   6.00000000  -2.107  -1.198  -0.975  -0.740   0
   6.24509430  -2.300  -1.385  -1.160  -0.923   0
   6.47082233  -2.488  -1.570  -1.344  -1.107   0
   6.66455030  -2.665  -1.748  -1.521  -1.285   1
   6.83114195  -2.829  -1.914  -1.688  -1.453   0
   6.97623491  -2.987  -2.077  -1.852  -1.620   0
   7.00000000  -3.015  -2.106  -1.881  -1.650   0
   7.09836197  -3.129  -2.226  -2.002  -1.773   0
   7.15745592  -3.200  -2.300  -2.077  -1.850   0
   7.21262407  -3.267  -2.369  -2.147  -1.920   0
   7.24354792  -3.302  -2.403  -2.181  -1.954   0
   7.27370548  -3.327  -2.423  -2.199  -1.971   3
   7.29299450  -3.331  -2.419  -2.193  -1.962   0
   7.30634880  -3.314  -2.383  -2.151  -1.913   0
   7.31034374  -3.306  -2.360  -2.124  -1.881   0
   7.31276035  -3.310  -2.350  -2.110  -1.862   0
   7.31322241  -3.309  -2.355  -2.116  -1.870   0
   7.31422329  -3.323  -2.390  -2.158  -1.919   0
   7.31509781  -3.413  -2.501  -2.274  -2.044   0
   7.31614828  -3.550  -2.660  -2.440  -2.219   0
   7.31738281  -3.691  -2.828  -2.617  -2.406   0
   7.31879330  -3.829  -3.001  -2.798  -2.600   0
   7.31981707  -3.924  -3.123  -2.928  -2.739   0
   7.32089043  -4.024  -3.256  -3.068  -2.890   0
   7.32184601  -4.117  -3.380  -3.201  -3.034   0
   7.32257509  -4.188  -3.478  -3.306  -3.148   0
   7.32329559  -4.262  -3.583  -3.418  -3.271   0
   7.32402420  -4.342  -3.697  -3.541  -3.406   0
   7.32456827  -4.405  -3.790  -3.641  -3.516   0
   7.32512093  -4.472  -3.889  -3.748  -3.635   0
   7.32568121  -4.547  -4.000  -3.868  -3.769   0
   7.32624197  -4.624  -4.119  -3.998  -3.915   0
   7.32676888  -4.699  -4.240  -4.131  -4.065   0
   7.32723713  -4.766  -4.353  -4.255  -4.204   0
   7.32758808  -4.817  -4.444  -4.355  -4.318   0
   7.32820654  -4.903  -4.604  -4.528  -4.514   0
   7.32895899  -4.984  -4.759  -4.701  -4.711   0
   7.33001137  -5.048  -4.897  -4.854  -4.887   0
   7.33217287  -5.098  -5.005  -4.973  -5.021   2
   7.33753824  -5.113  -4.950  -4.906  -4.938   0
   7.34072638  -5.101  -4.890  -4.838  -4.856   0
   7.34627485  -5.073  -4.803  -4.737  -4.735   0
   7.34980440  -5.049  -4.743  -4.668  -4.653   0
   7.35550928  -5.022  -4.667  -4.583  -4.555   0
   7.36334515  -4.981  -4.573  -4.479  -4.434   0
   7.37052011  -4.947  -4.501  -4.398  -4.340   0
   7.37930441  -4.908  -4.428  -4.316  -4.247   0
   7.38990450  -4.871  -4.355  -4.234  -4.153   0
   7.40234756  -4.833  -4.283  -4.154  -4.060   0
   7.41678953  -4.793  -4.211  -4.074  -3.968   0
   7.43624544  -4.758  -4.145  -4.000  -3.882   0
   7.45542479  -4.723  -4.081  -3.927  -3.799   0
   7.47988462  -4.693  -4.021  -3.860  -3.721   0
   7.51454973  -4.672  -3.970  -3.802  -3.653   0
   7.56680441  -4.683  -3.959  -3.786  -3.630   1
   7.62112570  -4.810  -4.113  -3.947  -3.802   0
   7.63808775  -4.901  -4.236  -4.078  -3.945   0
   7.64877319  -4.992  -4.360  -4.213  -4.094   0
   7.65374565  -5.070  -4.474  -4.337  -4.231   0
   7.65657139  -5.150  -4.598  -4.472  -4.384   0
   7.65793419  -5.216  -4.710  -4.595  -4.524   0
   7.65862370  -5.264  -4.804  -4.701  -4.645   0
   7.65902233  -5.297  -4.892  -4.800  -4.760   0
   7.65925503  -5.321  -4.969  -4.886  -4.859   0
   7.65943813  -5.346  -5.038  -4.964  -4.950   0
   7.65958548  -5.376  -5.101  -5.039  -5.043   0
   7.65970516  -5.402  -5.167  -5.114  -5.133   0
   7.65988827  -5.449  -5.282  -5.243  -5.282   0
   7.66000080  -5.480  -5.357  -5.324  -5.374   0
   7.66023970  -5.524  -5.476  -5.451  -5.514   0
   7.66199636  -5.464  -5.542  -5.546  -5.651   0
   7.66222811  -5.391  -5.542  -5.571  -5.719   3
   7.66246653  -5.240  -5.436  -5.554  -5.832   0
   7.66269827  -4.957  -5.084  -5.424  -5.961   0
   7.66281748  -4.785  -4.893  -5.318  -5.953   0
   7.66299295  -4.632  -4.741  -5.232  -5.937   4
   7.66313362  -4.710  -4.847  -5.395  -6.156   0
   7.66321754  -4.735  -4.891  -5.472  -6.264   0
   7.66346312  -4.613  -4.823  -5.496  -6.369   0
   7.66457129  -4.222  -4.661  -5.570  -6.632   0
   7.66602850  -4.301  -4.783  -5.723  -6.808   0
   7.66735172  -4.366  -4.880  -5.845  -6.948   0
   7.66838741  -4.429  -4.970  -5.955  -7.072   0
   7.66842222  -4.432  -4.974  -5.959  -7.077   0
