   0.15000001  13.780  12.772  11.430   9.834   0
   0.20000000  12.412  11.644  10.461   9.042   0
   0.25000000  11.651  10.961   9.843   8.505   0
   0.30000001  11.146  10.510   9.433   8.149   0
   0.34999999  10.707  10.118   9.076   7.838   0
   0.40000001  10.304   9.759   8.748   7.551   0
   0.44999999   9.795   9.313   8.339   7.192   0
   0.50000000   9.262   8.860   7.932   6.847   0
   0.55000001   8.566   8.302   7.444   6.445   0
   0.56733263   8.283   8.082   7.256   6.293   0
   0.60000002   7.799   7.703   6.935   6.028   0
   0.61252314   7.600   7.548   6.805   5.922   0
   0.65414482   6.981   7.054   6.395   5.583   0
   0.68940592   6.498   6.656   6.065   5.309   0
   0.69999999   6.367   6.542   5.970   5.230   0
   0.70231313   6.338   6.517   5.949   5.212   0
   0.73177260   5.968   6.192   5.675   4.981   0
   0.75806743   5.667   5.911   5.432   4.775   0
   0.78187108   5.405   5.659   5.211   4.586   0
   0.80000001   5.205   5.464   5.040   4.439   0
   0.81060201   5.097   5.352   4.939   4.353   0
   0.82971716   4.899   5.146   4.754   4.193   0
   0.84815419   4.703   4.942   4.568   4.032   0
   0.86713099   4.497   4.722   4.368   3.858   0
   0.88884479   4.254   4.454   4.121   3.643   0
   0.89999998   4.125   4.312   3.990   3.528   0
   0.91245884   3.977   4.147   3.839   3.398   0
   0.92578143   3.806   3.956   3.664   3.248   0
   0.93906420   3.628   3.753   3.476   3.085   0
   0.94393015   3.557   3.674   3.402   3.020   0
   0.94407254   3.555   3.672   3.400   3.018   0
   0.94928479   3.473   3.582   3.314   2.937   0
   0.95269328   3.416   3.520   3.254   2.881   0
   0.96350378   3.223   3.313   3.051   2.682   1
   0.97124213   3.059   3.156   2.878   2.481   0
   0.97603631   2.946   3.058   2.754   2.314   0
   0.97922564   2.871   3.008   2.664   2.160   0
   0.98152620   2.842   2.998   2.603   2.028   0
   0.98335081   2.885   3.043   2.584   1.932   3
   0.98496479   2.994   3.128   2.599   1.878   0
   0.98662150   2.989   3.090   2.510   1.741   0
   0.98771209   2.895   2.974   2.373   1.586   0
   0.98865652   2.774   2.837   2.224   1.427   0
   0.98942983   2.644   2.697   2.075   1.269   0
   0.99016231   2.514   2.558   1.929   1.117   0
   0.99084479   2.377   2.413   1.778   0.960   0
   0.99143666   2.247   2.273   1.632   0.808   0
   0.99199229   2.115   2.131   1.482   0.652   0
   0.99250019   1.973   1.979   1.323   0.485   0
   0.99290729   1.857   1.850   1.186   0.342   0
   0.99329311   1.740   1.718   1.046   0.195   0
   0.99365222   1.621   1.585   0.904   0.046   0
   0.99398232   1.498   1.448   0.758  -0.108   0
   0.99427456   1.379   1.314   0.614  -0.261   0
   0.99451679   1.273   1.192   0.481  -0.402   0
   0.99475008   1.161   1.063   0.341  -0.550   0
   0.99496138   1.051   0.936   0.203  -0.697   0
   0.99514115   0.950   0.819   0.075  -0.833   0
   0.99531662   0.844   0.697  -0.060  -0.978   0
   0.99547040   0.750   0.589  -0.178  -1.104   0
   0.99561924   0.680   0.509  -0.265  -1.198   2
   0.99578387   0.757   0.602  -0.160  -1.082   0
   0.99592417   0.634   0.460  -0.317  -1.251   0
   0.99605525   0.533   0.334  -0.460  -1.406   0
   0.99617946   0.433   0.207  -0.601  -1.558   0
   0.99628800   0.338   0.081  -0.744  -1.714   0
   0.99639267   0.244  -0.045  -0.889  -1.873   0
   0.99648166   0.155  -0.166  -1.030  -2.028   0
   0.99656725   0.060  -0.294  -1.179  -2.192   0
   0.99663591  -0.021  -0.407  -1.313  -2.340   0
   0.99670351  -0.100  -0.524  -1.455  -2.500   0
   0.99675417  -0.164  -0.621  -1.574  -2.634   0
   0.99680823  -0.226  -0.729  -1.709  -2.788   0
   0.99685466  -0.278  -0.827  -1.832  -2.929   0
   0.99689502  -0.334  -0.926  -1.953  -3.068   0
   0.99693221  -0.375  -1.021  -2.079  -3.215   0
   0.99696714  -0.397  -1.106  -2.199  -3.361   0
   0.99699789  -0.430  -1.192  -2.317  -3.501   0
   0.99702591  -0.471  -1.282  -2.435  -3.639   0
   0.99705046  -0.501  -1.361  -2.543  -3.769   0
   0.99707276  -0.513  -1.429  -2.642  -3.891   0
   0.99709195  -0.517  -1.482  -2.722  -3.991   2
   0.99709195   1.057   1.083   0.519  -0.243   1
   0.99724853   1.062   1.081   0.504  -0.268   0
   0.99744052   1.051   1.067   0.488  -0.287   0
   0.99757397   1.046   1.061   0.480  -0.296   0
   0.99764454   1.042   1.057   0.476  -0.299   0
   0.99785936   1.031   1.047   0.468  -0.305   0
   0.99808311   1.020   1.038   0.463  -0.307   0
   0.99831492   1.009   1.029   0.458  -0.309   0
   0.99855316   0.998   1.020   0.452  -0.312   0
   0.99880040   0.987   1.010   0.446  -0.315   0
   0.99904430   0.977   1.001   0.440  -0.319   0
   0.99928224   0.967   0.992   0.433  -0.324   0
   0.99951804   0.960   0.985   0.426  -0.331   0
   0.99956495   0.958   0.983   0.425  -0.332   0
   0.99975145   0.953   0.977   0.418  -0.339   0
   0.99998683   0.947   0.970   0.409  -0.350   0
   1.00023174   0.941   0.962   0.397  -0.364   0
   1.00048983   0.934   0.951   0.382  -0.384   0
   1.00076842   0.923   0.935   0.360  -0.410   0
   1.00106478   0.909   0.915   0.330  -0.449   0
   1.00120938   0.899   0.900   0.309  -0.475   0
   1.00137401   0.881   0.876   0.278  -0.513   0
   1.00166786   0.833   0.812   0.194  -0.615   0
   1.00171781   0.800   0.770   0.139  -0.679   0
   1.00175071   0.737   0.693   0.044  -0.791   0
   1.00176048   0.693   0.631  -0.034  -0.881   0
   1.00176704   0.618   0.526  -0.164  -1.031   0
   1.00177133   0.508   0.384  -0.332  -1.219   0
   1.00177479   0.405   0.257  -0.480  -1.384   0
   1.00177860   0.311   0.137  -0.621  -1.540   0
   1.00178444   0.242   0.049  -0.723  -1.653   0
   1.00180495   0.328   0.159  -0.593  -1.508   0
   1.00181448   0.340   0.176  -0.573  -1.485   1
   1.00187850   0.242   0.050  -0.722  -1.652   0
   1.00191510   0.120  -0.114  -0.916  -1.868   0
   1.00194252   0.027  -0.252  -1.082  -2.054   0
   1.00196981  -0.065  -0.388  -1.247  -2.239   0
   1.00199723  -0.160  -0.534  -1.425  -2.441   0
   1.00201583  -0.227  -0.641  -1.559  -2.593   0
   1.00203145  -0.272  -0.736  -1.688  -2.746   0
   1.00204313  -0.334  -0.842  -1.822  -2.900   0
   1.00205302  -0.378  -0.939  -1.947  -3.046   0
   1.00206149  -0.428  -1.037  -2.073  -3.192   0
   1.00206947  -0.436  -1.113  -2.187  -3.334   0
   1.00207841  -0.462  -1.202  -2.313  -3.487   0
   1.00208783  -0.492  -1.294  -2.441  -3.641   0
   1.00209188  -0.511  -1.373  -2.557  -3.782   0
   1.00209284  -0.507  -1.432  -2.650  -3.903   0
   1.00209391  -0.504  -1.461  -2.696  -3.962   0
   1.00209522  -0.505  -1.477  -2.720  -3.993   0
   1.00209665  -0.505  -1.493  -2.745  -4.023   0
   1.00209796  -0.505  -1.509  -2.769  -4.054   0
   1.00209928  -0.505  -1.525  -2.793  -4.085   0
   1.00210059  -0.505  -1.540  -2.818  -4.117   0
   1.00210166  -0.505  -1.553  -2.837  -4.142   0
   1.00210297  -0.504  -1.569  -2.862  -4.173   0
   1.00210440  -0.504  -1.585  -2.886  -4.205   0
   1.00210571  -0.503  -1.600  -2.911  -4.236   0
   1.00210702  -0.502  -1.616  -2.935  -4.267   0
   1.00210810  -0.501  -1.628  -2.955  -4.292   0
   1.00210941  -0.499  -1.643  -2.979  -4.324   0
   1.00211084  -0.497  -1.658  -3.003  -4.355   0
   1.00211215  -0.494  -1.672  -3.027  -4.387   0
   1.00211346  -0.491  -1.686  -3.050  -4.418   0
   1.00211465  -0.488  -1.699  -3.073  -4.449   0
   1.00211561  -0.486  -1.710  -3.092  -4.473   0
   1.00211692  -0.482  -1.723  -3.115  -4.504   0
   1.00211787  -0.479  -1.734  -3.133  -4.529   0
   1.00211906  -0.475  -1.747  -3.156  -4.560   0
   1.00212026  -0.471  -1.759  -3.179  -4.590   0
   1.00212145  -0.467  -1.772  -3.201  -4.621   0
   1.00212276  -0.463  -1.785  -3.224  -4.652   0
   1.00212395  -0.458  -1.797  -3.247  -4.683   0
   1.00212514  -0.453  -1.810  -3.269  -4.713   0
   1.00212717  -0.446  -1.819  -3.288  -4.741   0
   1.00213027  -0.438  -1.831  -3.311  -4.775   0
   1.00213349  -0.431  -1.841  -3.331  -4.805   0
   1.00213659  -0.424  -1.851  -3.352  -4.834   0
   1.00213981  -0.416  -1.861  -3.372  -4.864   0
   1.00214291  -0.408  -1.870  -3.392  -4.893   0
   1.00214589  -0.400  -1.879  -3.412  -4.923   0
   1.00214899  -0.391  -1.889  -3.431  -4.952   0
   1.00215197  -0.382  -1.898  -3.451  -4.982   0
   1.00215507  -0.373  -1.906  -3.471  -5.011   0
   1.00215805  -0.363  -1.915  -3.490  -5.041   0
   1.00216103  -0.353  -1.923  -3.510  -5.070   0
   1.00216401  -0.342  -1.931  -3.529  -5.100   0
   1.00216687  -0.330  -1.938  -3.548  -5.129   0
   1.00216985  -0.326  -1.949  -3.569  -5.158   0
   1.00217271  -0.330  -1.965  -3.591  -5.187   0
   1.00217557  -0.333  -1.980  -3.613  -5.216   0
   1.00217843  -0.336  -1.995  -3.635  -5.245   0
   1.00218117  -0.339  -2.010  -3.656  -5.273   0
   1.00218403  -0.342  -2.025  -3.678  -5.302   0
   1.00218678  -0.344  -2.040  -3.700  -5.331   0
   1.00218964  -0.346  -2.055  -3.722  -5.360   0
   1.00219238  -0.348  -2.069  -3.743  -5.388   0
   1.00219500  -0.349  -2.083  -3.764  -5.417   0
   1.00219774  -0.350  -2.097  -3.785  -5.445   0
   1.00219774  -0.350  -2.097  -3.786  -5.446   0
