   0.15000001  13.763  12.794  11.455   9.867   0
   0.20000000  12.337  11.664  10.495   9.090   0
   0.25000000  11.559  10.977   9.872   8.544   0
   0.30000001  11.058  10.536   9.470   8.192   0
   0.34999999  10.622  10.152   9.119   7.884   0
   0.40000001  10.212   9.789   8.785   7.587   0
   0.44999999   9.729   9.367   8.399   7.244   0
   0.50000000   9.239   8.950   8.023   6.919   0
   0.55000001   8.621   8.444   7.583   6.551   0
   0.60000002   7.723   7.760   7.037   6.137   0
   0.69999999   6.576   6.795   6.225   5.459   0
   0.80000001   5.650   5.946   5.497   4.854   0
   0.83328581   5.388   5.692   5.275   4.669   0
   0.89999998   4.940   5.223   4.858   4.322   0
   1.00000000   4.368   4.579   4.285   3.860   0
   1.10000002   3.889   3.994   3.773   3.481   0
   1.20000005   3.480   3.492   3.346   3.195   0
   1.29999995   3.113   3.109   3.033   2.976   0
   1.39999998   2.775   2.817   2.789   2.790   0
   1.46800458   2.569   2.659   2.655   2.679   0
   1.50000000   2.476   2.589   2.596   2.629   0
   1.50923097   2.449   2.568   2.579   2.614   0
   1.60000002   2.196   2.384   2.418   2.473   0
   1.70000005   1.945   2.203   2.258   2.330   0
   1.75000000   1.829   2.119   2.182   2.261   0
   1.76999998   1.785   2.087   2.153   2.235   0
   1.78138244   1.759   2.068   2.136   2.220   0
   1.79999995   1.717   2.037   2.108   2.194   0
   1.89999998   1.500   1.874   1.957   2.056   0
   1.96469223   1.365   1.770   1.862   1.967   0
   2.00000000   1.291   1.713   1.808   1.917   0
   2.11017966   1.070   1.533   1.639   1.758   0
   2.20000005   0.890   1.381   1.493   1.619   0
   2.23321128   0.828   1.326   1.442   1.569   0
   2.35279083   0.599   1.124   1.246   1.379   0
   2.45584130   0.398   0.938   1.065   1.202   0
   2.50000000   0.308   0.853   0.981   1.119   0
   2.54792714   0.215   0.764   0.894   1.033   0
   2.63163662   0.045   0.598   0.730   0.869   1
   2.70382547  -0.111   0.443   0.575   0.713   0
   2.76651549  -0.255   0.294   0.426   0.562   0
   2.82119513  -0.390   0.151   0.282   0.415   0
   2.86997175  -0.516   0.015   0.145   0.275   0
   2.89274836  -0.578  -0.051   0.078   0.206   0
   2.91393042  -0.635  -0.111   0.018   0.145   0
   2.92386985  -0.661  -0.136  -0.007   0.120   0
   2.93774414  -0.692  -0.160  -0.029   0.101   3
   2.94525313  -0.702  -0.155  -0.021   0.112   0
   2.95027947  -0.700  -0.124   0.016   0.158   0
   2.95172739  -0.704  -0.105   0.041   0.189   0
   2.95257473  -0.720  -0.098   0.053   0.208   0
   2.95269680  -0.713  -0.093   0.057   0.211   0
   2.95303845  -0.700  -0.109   0.035   0.180   0
   2.95354247  -0.812  -0.252  -0.114   0.022   0
   2.95418906  -0.930  -0.400  -0.268  -0.141   0
   2.95509505  -1.038  -0.544  -0.419  -0.304   0
   2.95601320  -1.120  -0.662  -0.544  -0.440   0
   2.95707941  -1.205  -0.791  -0.683  -0.592   0
   2.95795035  -1.273  -0.900  -0.800  -0.720   0
   2.95885611  -1.342  -1.021  -0.930  -0.865   0
   2.95978022  -1.412  -1.155  -1.076  -1.028   0
   2.96040010  -1.459  -1.254  -1.185  -1.152   0
   2.96102285  -1.502  -1.363  -1.309  -1.294   0
   2.96133590  -1.521  -1.423  -1.376  -1.372   0
   2.96188521  -1.538  -1.524  -1.498  -1.520   0
   2.96216130  -1.532  -1.567  -1.556  -1.596   0
   2.96243978  -1.517  -1.601  -1.612  -1.678   0
   2.96271849  -1.491  -1.620  -1.657  -1.760   0
   2.96299410  -1.458  -1.608  -1.684  -1.845   0
   2.96327233  -1.414  -1.546  -1.686  -1.930   3
   2.96355033  -1.355  -1.434  -1.655  -2.010   0
   2.96370077  -1.314  -1.356  -1.625  -2.049   0
   2.96386528  -1.254  -1.254  -1.581  -2.089   0
   2.96402979  -1.173  -1.138  -1.528  -2.121   0
   2.96428776  -1.029  -0.974  -1.444  -2.133   0
   2.96461654  -0.862  -0.809  -1.339  -2.094   0
   2.96481204  -0.766  -0.723  -1.282  -2.067   0
   2.96505499  -0.795  -0.767  -1.351  -2.159   0
   2.96535110  -0.852  -0.837  -1.442  -2.271   0
   2.96582484  -0.942  -0.942  -1.561  -2.404   0
   2.96599388  -0.953  -0.955  -1.577  -2.421   0
   2.96855330  -0.945  -0.939  -1.553  -2.390   0
   2.97691894  -0.922  -0.904  -1.497  -2.314   4
   2.98698092  -1.225  -1.184  -1.685  -2.409   0
   2.99172997  -1.427  -1.402  -1.803  -2.412   0
   2.99565911  -1.554  -1.579  -1.889  -2.373   0
   2.99865746  -1.628  -1.703  -1.944  -2.332   0
   3.00000000  -1.651  -1.743  -1.963  -2.319   0
   3.00091481  -1.666  -1.768  -1.973  -2.310   0
   3.00462151  -1.727  -1.870  -2.009  -2.261   0
   3.00936127  -1.784  -1.936  -2.025  -2.210   0
   3.01387239  -1.834  -1.975  -2.027  -2.159   3
   3.01856732  -1.883  -1.999  -2.020  -2.109   0
   3.02601814  -1.939  -2.000  -1.995  -2.049   0
   3.03271461  -1.974  -1.983  -1.961  -1.995   0
   3.03959394  -2.003  -1.958  -1.921  -1.937   0
   3.04720664  -2.023  -1.926  -1.879  -1.882   0
   3.05799246  -2.043  -1.895  -1.837  -1.827   0
   3.07039070  -2.063  -1.865  -1.797  -1.774   0
   3.08355331  -2.079  -1.837  -1.761  -1.726   0
   3.10070539  -2.103  -1.817  -1.733  -1.687   0
   3.12789679  -2.168  -1.851  -1.761  -1.707   1
   3.15486646  -2.296  -2.008  -1.924  -1.880   0
   3.16408634  -2.372  -2.125  -2.049  -2.017   0
   3.16692519  -2.415  -2.206  -2.137  -2.116   0
   3.16867590  -2.448  -2.280  -2.217  -2.207   0
   3.16967225  -2.478  -2.353  -2.300  -2.303   0
   3.17030430  -2.494  -2.420  -2.378  -2.394   0
   3.17068267  -2.499  -2.474  -2.443  -2.474   0
   3.17093635  -2.489  -2.519  -2.501  -2.549   0
   3.17110038  -2.462  -2.540  -2.540  -2.611   0
   3.17120481  -2.426  -2.548  -2.567  -2.663   0
   3.17127943  -2.380  -2.527  -2.571  -2.703   0
   3.17131424  -2.349  -2.513  -2.571  -2.726   3
   3.17137504  -2.274  -2.440  -2.550  -2.775   0
   3.17142558  -2.201  -2.329  -2.513  -2.831   0
   3.17145586  -2.157  -2.257  -2.485  -2.863   0
   3.17148113  -2.113  -2.183  -2.456  -2.894   0
   3.17150664  -2.059  -2.098  -2.419  -2.923   0
   3.17153168  -2.002  -2.017  -2.383  -2.947   0
   3.17158222  -1.883  -1.873  -2.316  -2.973   0
   3.17168331  -1.657  -1.661  -2.219  -3.001   4
   3.17180991  -1.630  -1.665  -2.285  -3.127   0
   3.17251253  -1.703  -1.796  -2.475  -3.365   0
   3.17281580  -1.816  -1.936  -2.640  -3.550   0
   3.17309880  -1.912  -2.053  -2.774  -3.699   0
   3.17344737  -2.010  -2.171  -2.908  -3.847   0
   3.17393708  -2.130  -2.316  -3.072  -4.025   0
   3.17439151  -2.221  -2.439  -3.215  -4.183   0
   3.17487097  -2.316  -2.571  -3.373  -4.359   0
   3.17524934  -2.402  -2.686  -3.508  -4.508   0
   3.17566299  -2.503  -2.826  -3.673  -4.692   0
   3.17604113  -2.605  -2.970  -3.848  -4.889   0
   3.17636395  -2.702  -3.110  -4.018  -5.083   0
   3.17664099  -2.794  -3.245  -4.186  -5.274   0
   3.17684770  -2.854  -3.352  -4.326  -5.438   0
   3.17703938  -2.907  -3.462  -4.472  -5.611   0
   3.17718029  -2.947  -3.551  -4.593  -5.756   0
   3.17732143  -2.984  -3.645  -4.726  -5.917   0
   3.17743707  -3.022  -3.734  -4.849  -6.065   0
   3.17754793  -3.057  -3.816  -4.963  -6.204   0
   3.17765880  -3.067  -3.856  -5.024  -6.282   0
   3.17780995  -3.053  -3.787  -4.916  -6.143   0
   3.17782497  -3.034  -3.705  -4.790  -5.984   0
   3.17782998  -3.010  -3.642  -4.702  -5.877   1
   3.17787051  -3.036  -3.712  -4.800  -5.997   0
   3.17790556  -3.048  -3.769  -4.889  -6.110   0
   3.17795587  -3.062  -3.826  -4.976  -6.220   0
   3.17800903  -3.068  -3.844  -5.003  -6.253   0
   3.17806196  -3.074  -3.862  -5.030  -6.287   0
   3.17810464  -3.079  -3.877  -5.051  -6.314   0
   3.17815757  -3.086  -3.895  -5.078  -6.347   0
   3.17821074  -3.092  -3.914  -5.105  -6.381   0
   3.17826366  -3.098  -3.932  -5.132  -6.414   0
   3.17831683  -3.104  -3.950  -5.158  -6.448   0
   3.17836976  -3.110  -3.968  -5.185  -6.481   0
   3.17842293  -3.116  -3.985  -5.211  -6.515   0
   3.17847586  -3.121  -4.003  -5.238  -6.548   0
   3.17852902  -3.127  -4.021  -5.265  -6.582   0
   3.17858219  -3.132  -4.039  -5.291  -6.615   0
   3.17863512  -3.135  -4.055  -5.317  -6.648   0
   3.17868829  -3.136  -4.069  -5.338  -6.677   0
   3.17891121  -3.136  -4.084  -5.363  -6.710   0
   3.17912364  -3.136  -4.097  -5.385  -6.739   0
   3.17933607  -3.136  -4.110  -5.407  -6.768   0
   3.17954850  -3.136  -4.123  -5.428  -6.797   0
   3.17976093  -3.135  -4.136  -5.450  -6.825   0
   3.17997408  -3.135  -4.149  -5.471  -6.854   0
   3.18018818  -3.134  -4.161  -5.492  -6.882   0
   3.18040323  -3.133  -4.173  -5.512  -6.910   0
   3.18061972  -3.132  -4.184  -5.532  -6.936   0
   3.18083811  -3.130  -4.195  -5.550  -6.962   0
   3.18105817  -3.129  -4.205  -5.568  -6.986   0
   3.18133450  -3.127  -4.217  -5.589  -7.014   0
   3.18161130  -3.133  -4.233  -5.611  -7.042   0
   3.18188930  -3.140  -4.249  -5.633  -7.070   0
   3.18216777  -3.146  -4.264  -5.656  -7.098   0
   3.18244743  -3.152  -4.280  -5.678  -7.125   0
   3.18272781  -3.157  -4.296  -5.700  -7.153   0
   3.18299937  -3.163  -4.310  -5.721  -7.179   0
   3.18325758  -3.168  -4.324  -5.741  -7.204   0
   3.18350339  -3.172  -4.337  -5.759  -7.228   0
   3.18378425  -3.177  -4.352  -5.780  -7.255   0
   3.18405080  -3.182  -4.366  -5.800  -7.280   0
   3.18430424  -3.186  -4.378  -5.819  -7.303   0
   3.18458486  -3.190  -4.392  -5.839  -7.329   0
   3.18485069  -3.194  -4.405  -5.858  -7.353   0
   3.18513846  -3.198  -4.418  -5.878  -7.379   0
   3.18541050  -3.201  -4.431  -5.897  -7.403   0
   3.18569946  -3.204  -4.444  -5.916  -7.428   0
   3.18600202  -3.206  -4.457  -5.936  -7.454   0
   3.18631387  -3.208  -4.469  -5.956  -7.480   0
   3.18663239  -3.210  -4.482  -5.975  -7.505   0
   3.18696117  -3.210  -4.493  -5.994  -7.531   0
   3.18717384  -3.204  -4.495  -6.002  -7.543   0
   3.18727446  -3.197  -4.492  -6.002  -7.545   3
   3.18732500  -3.187  -4.486  -5.997  -7.543   0
   3.18735051  -3.176  -4.477  -5.991  -7.538   0
   3.18736267  -3.165  -4.468  -5.983  -7.531   0
   3.18736815  -3.153  -4.458  -5.974  -7.523   0
   3.18737173  -3.139  -4.446  -5.964  -7.514   0
