   0.15000001  13.764  12.795  11.455   9.867   0
   0.20000000  12.338  11.664  10.495   9.090   0
   0.25000000  11.560  10.978   9.872   8.545   0
   0.30000001  11.059  10.537   9.471   8.193   0
   0.34999999  10.623  10.153   9.120   7.884   0
   0.40000001  10.212   9.790   8.786   7.588   0
   0.44999999   9.730   9.368   8.400   7.245   0
   0.50000000   9.241   8.952   8.025   6.921   0
   0.55000001   8.625   8.447   7.586   6.553   0
   0.60000002   7.728   7.765   7.041   6.140   0
   0.69999999   6.583   6.802   6.231   5.464   0
   0.80000001   5.662   5.958   5.507   4.862   0
   0.89999998   4.949   5.233   4.867   4.330   0
   0.91170353   4.875   5.153   4.797   4.273   0
   1.00000000   4.379   4.592   4.297   3.870   0
   1.10000002   3.903   4.012   3.788   3.493   0
   1.20000005   3.498   3.512   3.364   3.209   0
   1.29999995   3.136   3.131   3.053   2.993   0
   1.39999998   2.804   2.843   2.812   2.810   0
   1.50000000   2.509   2.618   2.622   2.653   0
   1.60000002   2.238   2.420   2.452   2.505   0
   1.65637887   2.100   2.322   2.366   2.429   0
   1.70000005   1.997   2.248   2.301   2.371   0
   1.75000000   1.885   2.167   2.228   2.306   0
   1.76999998   1.842   2.136   2.200   2.281   0
   1.79999995   1.778   2.090   2.158   2.243   0
   1.89999998   1.573   1.939   2.021   2.118   0
   2.00000000   1.381   1.795   1.888   1.996   0
   2.20000005   1.021   1.513   1.624   1.750   0
   2.21753931   0.992   1.489   1.602   1.729   0
   2.42001295   0.660   1.210   1.336   1.477   0
   2.50000000   0.528   1.096   1.227   1.371   0
   2.58904099   0.390   0.973   1.108   1.257   0
   2.74113655   0.153   0.758   0.899   1.053   0
   2.87283778  -0.057   0.562   0.709   0.866   0
   2.98613715  -0.245   0.382   0.532   0.691   1
   3.00000000  -0.268   0.360   0.510   0.669   0
   3.09965944  -0.436   0.196   0.347   0.507   0
   3.18783951  -0.593   0.039   0.191   0.350   0
   3.26428390  -0.738  -0.111   0.041   0.198   1
   3.33152699  -0.874  -0.253  -0.103   0.051   0
   3.39157605  -1.004  -0.392  -0.242  -0.092   0
   3.41896629  -1.066  -0.457  -0.308  -0.159   0
   3.44480181  -1.124  -0.518  -0.369  -0.220   0
   3.45586324  -1.148  -0.541  -0.392  -0.243   0
   3.47343326  -1.180  -0.565  -0.415  -0.264   3
   3.48246098  -1.187  -0.559  -0.406  -0.251   0
   3.48865724  -1.180  -0.526  -0.366  -0.204   0
   3.49042201  -1.180  -0.504  -0.340  -0.171   0
   3.49142504  -1.192  -0.495  -0.326  -0.151   0
   3.49156952  -1.185  -0.491  -0.322  -0.148   0
   3.49198031  -1.172  -0.504  -0.341  -0.175   0
   3.49255848  -1.282  -0.643  -0.486  -0.328   0
   3.49325490  -1.403  -0.790  -0.639  -0.490   0
   3.49419284  -1.516  -0.935  -0.791  -0.653   0
   3.49511766  -1.605  -1.055  -0.918  -0.789   0
   3.49617219  -1.694  -1.181  -1.052  -0.935   0
   3.49702740  -1.765  -1.286  -1.163  -1.057   0
   3.49792552  -1.839  -1.400  -1.286  -1.192   0
   3.49884748  -1.917  -1.528  -1.423  -1.344   0
   3.49947238  -1.972  -1.622  -1.526  -1.458   0
   3.50000000  -2.020  -1.710  -1.621  -1.565   0
   3.50045896  -2.060  -1.787  -1.706  -1.661   0
   3.50089145  -2.098  -1.869  -1.796  -1.763   0
   3.50106835  -2.113  -1.902  -1.833  -1.805   0
   3.50143123  -2.139  -1.974  -1.913  -1.897   0
   3.50177431  -2.164  -2.047  -1.996  -1.993   0
   3.50206804  -2.176  -2.112  -2.071  -2.083   0
   3.50233245  -2.181  -2.167  -2.138  -2.165   0
   3.50259638  -2.175  -2.218  -2.205  -2.252   0
   3.50281143  -2.157  -2.243  -2.250  -2.322   0
   3.50302649  -2.134  -2.261  -2.293  -2.398   0
   3.50325084  -2.096  -2.253  -2.317  -2.473   0
   3.50341678  -2.064  -2.217  -2.321  -2.530   3
   3.50357294  -2.030  -2.170  -2.319  -2.587   0
   3.50374842  -1.983  -2.087  -2.298  -2.644   0
   3.50391412  -1.929  -1.988  -2.259  -2.691   0
   3.50402117  -1.884  -1.913  -2.227  -2.719   0
   3.50411868  -1.830  -1.831  -2.191  -2.746   0
   3.50421596  -1.763  -1.745  -2.152  -2.766   0
   3.50434256  -1.669  -1.641  -2.101  -2.779   0
   3.50453711  -1.553  -1.522  -2.033  -2.767   0
   3.50486779  -1.377  -1.364  -1.933  -2.727   0
   3.50528574  -1.408  -1.417  -2.029  -2.866   0
   3.50611973  -1.465  -1.489  -2.115  -2.963   0
   3.51055241  -1.480  -1.493  -2.106  -2.943   4
   3.51752853  -1.692  -1.687  -2.237  -3.011   0
   3.52058554  -1.853  -1.838  -2.324  -3.030   0
   3.52250481  -1.958  -1.945  -2.375  -3.018   0
   3.52445960  -2.048  -2.059  -2.426  -2.991   0
   3.52627778  -2.110  -2.147  -2.466  -2.968   0
   3.52858043  -2.185  -2.268  -2.518  -2.925   0
   3.53182268  -2.248  -2.373  -2.560  -2.880   0
   3.53506684  -2.299  -2.458  -2.585  -2.833   0
   3.53820848  -2.345  -2.507  -2.595  -2.789   0
   3.54151344  -2.392  -2.546  -2.598  -2.741   3
   3.54632878  -2.445  -2.565  -2.585  -2.680   0
   3.55139041  -2.486  -2.555  -2.553  -2.619   0
   3.55621839  -2.517  -2.538  -2.519  -2.562   0
   3.56226015  -2.543  -2.508  -2.474  -2.499   0
   3.56895280  -2.556  -2.466  -2.420  -2.430   0
   3.57617640  -2.566  -2.427  -2.370  -2.368   0
   3.58502340  -2.571  -2.383  -2.317  -2.301   0
   3.59498000  -2.573  -2.340  -2.266  -2.239   0
   3.60551739  -2.573  -2.296  -2.214  -2.175   0
   3.61783171  -2.573  -2.256  -2.167  -2.117   0
   3.63486171  -2.579  -2.221  -2.124  -2.062   0
   3.65593433  -2.593  -2.195  -2.091  -2.018   0
   3.68102598  -2.634  -2.215  -2.106  -2.027   1
   3.70902753  -2.754  -2.361  -2.257  -2.188   0
   3.71905375  -2.828  -2.467  -2.369  -2.310   0
   3.72389007  -2.887  -2.561  -2.470  -2.422   0
   3.72642517  -2.936  -2.650  -2.567  -2.530   0
   3.72755551  -2.976  -2.733  -2.658  -2.635   0
   3.72821760  -3.009  -2.812  -2.747  -2.737   0
   3.72856188  -3.027  -2.873  -2.816  -2.818   0
   3.72878242  -3.034  -2.926  -2.879  -2.893   0
   3.72894120  -3.029  -2.974  -2.935  -2.963   0
   3.72904706  -3.006  -3.003  -2.976  -3.019   0
   3.72909141  -2.992  -3.017  -2.997  -3.047   0
   3.72915936  -2.943  -3.026  -3.025  -3.100   0
   3.72921896  -2.891  -3.024  -3.049  -3.161   0
   3.72927856  -2.824  -2.991  -3.061  -3.237   3
   3.72933841  -2.747  -2.903  -3.047  -3.322   0
   3.72937226  -2.703  -2.835  -3.031  -3.368   0
   3.72939777  -2.661  -2.765  -3.006  -3.407   0
   3.72943187  -2.604  -2.673  -2.972  -3.451   0
   3.72945738  -2.546  -2.586  -2.938  -3.486   0
   3.72952533  -2.405  -2.417  -2.871  -3.541   0
   3.72964478  -2.221  -2.259  -2.836  -3.634   4
   3.72988319  -2.210  -2.278  -2.908  -3.756   0
   3.73039365  -2.140  -2.265  -2.963  -3.868   0
   3.73063183  -2.261  -2.416  -3.140  -4.069   0
   3.73102307  -2.360  -2.541  -3.288  -4.234   0
   3.73160982  -2.463  -2.677  -3.447  -4.410   0
   3.73223042  -2.560  -2.809  -3.602  -4.582   0
   3.73275709  -2.634  -2.918  -3.737  -4.735   0
   3.73325849  -2.723  -3.038  -3.878  -4.891   0
   3.73371720  -2.812  -3.158  -4.019  -5.048   0
   3.73412466  -2.891  -3.273  -4.160  -5.208   0
   3.73448133  -2.963  -3.384  -4.299  -5.368   0
   3.73479533  -3.041  -3.496  -4.435  -5.522   0
   3.73506689  -3.114  -3.602  -4.567  -5.672   0
   3.73530459  -3.140  -3.683  -4.683  -5.814   0
   3.73550820  -3.181  -3.769  -4.799  -5.953   0
   3.73573732  -3.247  -3.891  -4.958  -6.138   0
   3.73590684  -3.286  -3.978  -5.076  -6.280   0
   3.73608494  -3.337  -4.071  -5.198  -6.423   0
   3.73636484  -3.312  -3.947  -5.006  -6.180   0
   3.73638177  -3.309  -3.913  -4.949  -6.107   1
   3.73648357  -3.318  -3.990  -5.073  -6.265   0
   3.73652601  -3.334  -4.038  -5.144  -6.353   0
   3.73659492  -3.341  -4.057  -5.171  -6.387   0
   3.73666310  -3.347  -4.075  -5.198  -6.420   0
   3.73673129  -3.354  -4.094  -5.225  -6.453   0
   3.73679948  -3.361  -4.112  -5.251  -6.486   0
   3.73686767  -3.367  -4.131  -5.278  -6.520   0
   3.73692226  -3.372  -4.145  -5.299  -6.546   0
   3.73699045  -3.379  -4.164  -5.326  -6.579   0
   3.73704481  -3.384  -4.178  -5.348  -6.606   0
   3.73711300  -3.390  -4.196  -5.374  -6.640   0
   3.73718071  -3.396  -4.215  -5.401  -6.673   0
   3.73724818  -3.402  -4.233  -5.428  -6.706   0
   3.73731565  -3.408  -4.250  -5.454  -6.739   0
   3.73738313  -3.411  -4.261  -5.470  -6.759   0
   3.73745060  -3.415  -4.271  -5.485  -6.778   0
   3.73751807  -3.418  -4.281  -5.500  -6.798   0
   3.73758554  -3.421  -4.291  -5.515  -6.817   0
   3.73772454  -3.422  -4.300  -5.529  -6.835   0
   3.73806524  -3.426  -4.315  -5.552  -6.865   0
   3.73840570  -3.431  -4.330  -5.576  -6.894   0
   3.73874688  -3.435  -4.345  -5.599  -6.924   0
   3.73908877  -3.438  -4.360  -5.621  -6.952   0
   3.73943186  -3.441  -4.373  -5.641  -6.979   0
   3.73977661  -3.441  -4.384  -5.660  -7.004   0
   3.74012351  -3.441  -4.396  -5.679  -7.029   0
   3.74047279  -3.440  -4.407  -5.697  -7.053   0
   3.74091077  -3.440  -4.419  -5.718  -7.081   0
   3.74134994  -3.439  -4.431  -5.739  -7.109   0
   3.74179006  -3.438  -4.443  -5.759  -7.137   0
   3.74223113  -3.436  -4.455  -5.780  -7.164   0
   3.74267340  -3.435  -4.467  -5.800  -7.192   0
   3.74311733  -3.433  -4.478  -5.820  -7.220   0
   3.74356270  -3.439  -4.494  -5.842  -7.247   0
   3.74400926  -3.445  -4.509  -5.863  -7.274   0
   3.74445796  -3.451  -4.524  -5.885  -7.301   0
   3.74490476  -3.457  -4.539  -5.906  -7.327   0
   3.74533248  -3.463  -4.554  -5.926  -7.352   0
   3.74573994  -3.468  -4.567  -5.945  -7.376   0
   3.74620461  -3.473  -4.582  -5.967  -7.403   0
   3.74664545  -3.479  -4.596  -5.987  -7.429   0
   3.74706483  -3.483  -4.610  -6.006  -7.453   0
   3.74752903  -3.488  -4.624  -6.027  -7.479   0
   3.74796939  -3.493  -4.638  -6.046  -7.503   0
   3.74838758  -3.497  -4.650  -6.064  -7.526   0
   3.74884176  -3.501  -4.663  -6.084  -7.551   0
   3.74927235  -3.505  -4.676  -6.102  -7.574   0
   3.74973130  -3.509  -4.689  -6.121  -7.598   0
   3.75021315  -3.512  -4.702  -6.140  -7.623   0
   3.75065637  -3.515  -4.713  -6.158  -7.645   0
