   0.15000001  13.767  12.796  11.456   9.868   0
   0.20000000  12.340  11.666  10.497   9.092   0
   0.25000000  11.562  10.979   9.874   8.546   0
   0.30000001  11.061  10.539   9.472   8.194   0
   0.34999999  10.625  10.155   9.122   7.886   0
   0.40000001  10.214   9.791   8.788   7.589   0
   0.44999999   9.733   9.371   8.403   7.248   0
   0.50000000   9.246   8.956   8.029   6.925   0
   0.55000001   8.633   8.454   7.592   6.558   0
   0.60000002   7.740   7.774   7.050   6.147   0
   0.69999999   6.602   6.818   6.246   5.477   0
   0.80000001   5.690   5.985   5.531   4.883   0
   0.89999998   4.987   5.272   4.902   4.360   0
   1.00000000   4.418   4.639   4.339   3.904   0
   1.10000002   3.950   4.068   3.839   3.534   0
   1.20000005   3.549   3.568   3.415   3.255   0
   1.29999995   3.191   3.187   3.106   3.043   0
   1.39999998   2.869   2.907   2.873   2.869   0
   1.50000000   2.583   2.688   2.690   2.719   0
   1.60000002   2.330   2.507   2.536   2.588   0
   1.70000005   2.101   2.346   2.395   2.464   0
   1.75000000   1.995   2.271   2.329   2.405   0
   1.76999998   1.955   2.243   2.303   2.383   0
   1.79999995   1.895   2.200   2.265   2.348   0
   1.89999998   1.708   2.065   2.143   2.238   0
   2.00000000   1.535   1.940   2.029   2.135   0
   2.20000005   1.247   1.734   1.842   1.968   0
   2.50000000   0.878   1.451   1.580   1.727   0
   3.00000000   0.363   1.036   1.191   1.365   0
   3.50000000  -0.063   0.680   0.853   1.046   0
   4.00000000  -0.434   0.362   0.550   0.756   0
   4.50000000  -0.754   0.086   0.286   0.504   0
   4.99051189  -1.034  -0.159   0.051   0.280   0
   5.00000000  -1.039  -0.163   0.047   0.276   0
   5.02036238  -1.050  -0.173   0.038   0.267   0
   6.00000000  -1.520  -0.587  -0.360  -0.114   0
   7.00000000  -1.941  -0.965  -0.722  -0.461   0
   9.00000000  -2.660  -1.611  -1.345  -1.061   0
  10.43066692  -3.103  -2.012  -1.735  -1.439   0
  12.00000000  -3.536  -2.408  -2.121  -1.818   0
  15.00000000  -4.165  -2.994  -2.700  -2.400   0
  17.68924141  -4.575  -3.387  -3.090  -2.792   0
  20.00000000  -4.898  -3.702  -3.403  -3.103   0
  23.97991180  -5.350  -4.148  -3.845  -3.541   0
  29.67464638  -5.987  -4.781  -4.476  -4.170   0
  30.00000000  -6.026  -4.820  -4.515  -4.210   1
  34.27678680  -6.456  -5.252  -4.948  -4.643   0
  39.34386826  -7.052  -5.857  -5.558  -5.258   0
  40.00000000  -7.150  -5.957  -5.659  -5.361   0
  44.05839157  -7.651  -6.481  -6.188  -5.891   0
  46.59502411  -7.990  -6.857  -6.572  -6.278   0
  48.46550369  -8.257  -7.153  -6.879  -6.598   0
  48.52313232  -8.263  -7.159  -6.886  -6.606   0
  48.79342651  -8.255  -7.140  -6.862  -6.577   0
  48.83881378  -8.216  -7.090  -6.808  -6.517   0
  48.85632324  -8.195  -7.063  -6.779  -6.485   1
  48.88280869  -8.256  -7.134  -6.853  -6.565   0
  48.90647888  -8.441  -7.359  -7.092  -6.819   0
  48.92221069  -8.580  -7.531  -7.278  -7.022   0
  48.93575668  -8.729  -7.696  -7.457  -7.222   0
  48.95388031  -8.851  -7.895  -7.673  -7.459   0
  48.96998215  -8.981  -8.091  -7.884  -7.690   0
  48.98881149  -9.206  -8.333  -8.157  -8.001   0
  49.02939987  -9.637  -8.972  -8.863  -8.795   0
  49.07482529  -9.776  -9.379  -9.289  -9.251   0
  49.48078156  -9.838  -9.505  -9.425  -9.402   0
  49.95559311  -9.895  -9.572  -9.498  -9.485   0
  51.00011444 -10.037  -9.751  -9.698  -9.717   0
  54.64910889  -9.398  -9.704 -10.238 -10.960   0
