   0.15000001  13.828  12.805  11.455   9.852   0
   0.20000000  12.449  11.678  10.492   9.070   0
   0.25000000  11.685  10.992   9.871   8.530   0
   0.30000001  11.183  10.544   9.465   8.178   0
   0.34999999  10.747  10.155   9.111   7.869   0
   0.40000001  10.341   9.792   8.778   7.578   0
   0.44999999   9.838   9.351   8.374   7.223   0
   0.50000000   9.328   8.915   7.981   6.889   0
   0.55000001   8.670   8.384   7.516   6.504   0
   0.60000002   7.943   7.816   7.031   6.107   0
   0.60347891   7.891   7.775   6.996   6.079   0
   0.69034708   6.712   6.836   6.217   5.436   0
   0.69999999   6.593   6.739   6.136   5.370   0
   0.70710701   6.512   6.669   6.078   5.321   0
   0.76797575   5.851   6.089   5.590   4.914   0
   0.80000001   5.553   5.806   5.345   4.709   0
   0.82812959   5.300   5.563   5.134   4.530   0
   0.86809570   4.977   5.230   4.838   4.279   0
   0.89999998   4.725   4.968   4.604   4.080   0
   0.91468871   4.617   4.850   4.498   3.992   0
   0.94952548   4.364   4.569   4.246   3.785   0
   0.98086941   4.139   4.315   4.018   3.597   0
   1.00000000   4.004   4.159   3.877   3.482   0
   1.00393498   3.977   4.127   3.849   3.460   0
   1.02935123   3.798   3.915   3.662   3.317   0
   1.05502045   3.618   3.699   3.471   3.173   0
   1.08162236   3.424   3.466   3.267   3.019   0
   1.10000002   3.287   3.305   3.127   2.914   0
   1.10198724   3.272   3.288   3.112   2.903   0
   1.11289454   3.188   3.192   3.028   2.838   0
   1.11832488   3.147   3.146   2.987   2.805   0
   1.12391651   3.104   3.097   2.944   2.771   0
   1.13223982   3.038   3.022   2.877   2.717   0
   1.13679004   3.002   2.981   2.841   2.687   0
   1.14334643   2.948   2.921   2.787   2.642   0
   1.14778435   2.912   2.883   2.752   2.611   0
   1.14833748   2.908   2.879   2.749   2.608   0
   1.19867277   2.408   2.359   2.267   2.170   0
   1.20000005   2.392   2.341   2.249   2.150   1
   1.21202517   2.246   2.186   2.086   1.970   0
   1.22069621   2.121   2.062   1.933   1.773   0
   1.22515321   2.050   2.012   1.841   1.615   0
   1.22774422   2.014   2.014   1.796   1.493   0
   1.22929013   2.002   2.038   1.781   1.412   0
   1.23068702   2.009   2.086   1.781   1.332   3
   1.23189187   2.036   2.144   1.791   1.272   0
   1.23298049   2.073   2.202   1.808   1.232   0
   1.23433077   2.161   2.296   1.851   1.213   0
   1.23563242   2.272   2.403   1.910   1.222   0
   1.23724711   2.401   2.515   1.972   1.236   4
   1.23990273   2.383   2.466   1.882   1.108   0
   1.24183106   2.276   2.341   1.740   0.951   0
   1.24351799   2.143   2.196   1.584   0.785   0
   1.24511671   2.004   2.046   1.425   0.618   0
   1.24650526   1.864   1.894   1.265   0.450   0
   1.24776196   1.727   1.746   1.108   0.286   0
   1.24884534   1.597   1.606   0.960   0.131   0
   1.24986541   1.462   1.460   0.806  -0.031   0
   1.25076592   1.337   1.321   0.658  -0.187   0
   1.25155270   1.215   1.184   0.513  -0.339   0
   1.25227284   1.097   1.050   0.368  -0.493   0
   1.25292611   0.978   0.914   0.220  -0.649   0
   1.25347638   0.867   0.785   0.080  -0.798   0
   1.25399315   0.754   0.655  -0.061  -0.948   0
   1.25447273   0.641   0.524  -0.205  -1.103   0
   1.25489628   0.529   0.394  -0.348  -1.255   0
   1.25527883   0.420   0.267  -0.488  -1.406   0
   1.25566030   0.313   0.143  -0.626  -1.554   0
   1.25589550   0.266   0.089  -0.685  -1.618   0
   1.25616932   0.369   0.211  -0.548  -1.468   0
   1.25621688   0.381   0.225  -0.532  -1.450   1
   1.25650895   0.275   0.103  -0.668  -1.597   0
   1.25683141   0.161  -0.035  -0.822  -1.764   0
   1.25713634   0.058  -0.168  -0.973  -1.928   0
   1.25739706  -0.035  -0.293  -1.116  -2.084   0
   1.25764394  -0.131  -0.422  -1.265  -2.247   0
   1.25785542  -0.221  -0.544  -1.407  -2.404   0
   1.25803912  -0.304  -0.659  -1.543  -2.553   0
   1.25821269  -0.387  -0.776  -1.682  -2.708   0
   1.25836098  -0.460  -0.886  -1.815  -2.858   0
   1.25850296  -0.523  -0.993  -1.952  -3.016   0
   1.25862467  -0.587  -1.099  -2.081  -3.162   0
   1.25873876  -0.641  -1.201  -2.210  -3.310   0
   1.25884402  -0.689  -1.301  -2.338  -3.459   0
   1.25893283  -0.714  -1.385  -2.456  -3.602   0
   1.25901663  -0.745  -1.472  -2.575  -3.743   0
   1.25909138  -0.783  -1.560  -2.692  -3.882   0
   1.25912309  -0.797  -1.594  -2.738  -3.935   2
   1.25912309   0.867   0.897   0.332  -0.431   1
   1.25970578   0.880   0.903   0.326  -0.446   0
   1.26040578   0.872   0.891   0.308  -0.470   0
   1.26071835   0.866   0.884   0.299  -0.480   0
   1.26107609   0.855   0.874   0.290  -0.487   0
   1.26131737   0.847   0.866   0.284  -0.492   0
   1.26161122   0.838   0.857   0.277  -0.498   0
   1.26233542   0.818   0.838   0.261  -0.512   0
   1.26306963   0.798   0.819   0.245  -0.526   0
   1.26383293   0.776   0.799   0.227  -0.540   0
   1.26459873   0.756   0.779   0.211  -0.555   0
   1.26536870   0.737   0.761   0.194  -0.569   0
   1.26612449   0.718   0.742   0.178  -0.583   0
   1.26686215   0.701   0.726   0.164  -0.596   0
   1.26756990   0.687   0.712   0.150  -0.609   0
   1.26760173   0.686   0.711   0.150  -0.610   0
   1.26835620   0.674   0.698   0.136  -0.624   0
   1.26908875   0.664   0.686   0.122  -0.639   0
   1.26992822   0.656   0.675   0.106  -0.659   0
   1.27079880   0.647   0.662   0.088  -0.682   0
   1.27172065   0.640   0.649   0.066  -0.711   0
   1.27216673   0.636   0.641   0.051  -0.732   0
   1.27270341   0.627   0.625   0.027  -0.763   0
   1.27340031   0.604   0.588  -0.028  -0.835   0
   1.27362883   0.579   0.555  -0.073  -0.889   0
   1.27373302   0.541   0.505  -0.139  -0.969   0
   1.27376187   0.506   0.458  -0.199  -1.040   0
   1.27378178   0.445   0.373  -0.304  -1.160   0
   1.27379298   0.356   0.258  -0.438  -1.310   0
   1.27380431   0.248   0.125  -0.593  -1.482   0
   1.27381694   0.143  -0.004  -0.742  -1.645   0
   1.27383089   0.089  -0.069  -0.815  -1.725   0
   1.27392280   0.175   0.036  -0.694  -1.593   1
   1.27412915   0.038  -0.135  -0.892  -1.811   0
   1.27421641  -0.092  -0.297  -1.079  -2.018   0
   1.27428460  -0.179  -0.414  -1.217  -2.169   0
   1.27435458  -0.262  -0.534  -1.360  -2.329   0
   1.27442098  -0.351  -0.662  -1.512  -2.499   0
   1.27448106  -0.437  -0.787  -1.663  -2.668   0
   1.27453220  -0.505  -0.895  -1.796  -2.819   0
   1.27458084  -0.559  -0.996  -1.929  -2.975   0
   1.27461672  -0.632  -1.117  -2.083  -3.151   0
   1.27464211  -0.684  -1.218  -2.211  -3.299   0
   1.27466559  -0.735  -1.320  -2.341  -3.450   0
   1.27468681  -0.766  -1.408  -2.462  -3.594   0
   1.27470696  -0.785  -1.489  -2.579  -3.737   0
   1.27472126  -0.775  -1.425  -2.484  -3.619   1
   1.27472305  -0.794  -1.513  -2.612  -3.776   0
   1.27472472  -0.825  -1.604  -2.737  -3.926   0
   1.27472734  -0.847  -1.680  -2.845  -4.058   0
   1.27473009  -0.849  -1.710  -2.892  -4.117   0
   1.27473366  -0.852  -1.727  -2.918  -4.149   0
   1.27473724  -0.854  -1.744  -2.943  -4.180   0
   1.27473998  -0.855  -1.757  -2.962  -4.204   0
   1.27474356  -0.856  -1.773  -2.986  -4.235   0
   1.27474642  -0.857  -1.786  -3.006  -4.259   0
   1.27474988  -0.858  -1.802  -3.029  -4.289   0
   1.27475321  -0.859  -1.817  -3.053  -4.319   0
   1.27475655  -0.859  -1.833  -3.077  -4.349   0
   1.27475989  -0.859  -1.848  -3.101  -4.380   0
   1.27476323  -0.860  -1.864  -3.124  -4.410   0
   1.27476597  -0.860  -1.876  -3.143  -4.434   0
   1.27476931  -0.860  -1.892  -3.167  -4.464   0
   1.27477264  -0.859  -1.907  -3.191  -4.494   0
   1.27477598  -0.859  -1.922  -3.215  -4.525   0
   1.27477932  -0.858  -1.937  -3.238  -4.555   0
   1.27478266  -0.857  -1.952  -3.262  -4.585   0
   1.27478611  -0.856  -1.967  -3.286  -4.616   0
   1.27478945  -0.855  -1.982  -3.309  -4.646   0
   1.27479279  -0.854  -1.997  -3.333  -4.677   0
   1.27479613  -0.851  -2.011  -3.356  -4.707   0
   1.27479887  -0.849  -2.021  -3.374  -4.731   0
   1.27480221  -0.847  -2.035  -3.397  -4.762   0
   1.27480555  -0.844  -2.048  -3.420  -4.792   0
   1.27480888  -0.841  -2.062  -3.442  -4.822   0
   1.27481222  -0.838  -2.075  -3.465  -4.853   0
   1.27482057  -0.831  -2.086  -3.487  -4.884   0
   1.27483010  -0.825  -2.100  -3.511  -4.917   0
   1.27483964  -0.820  -2.112  -3.533  -4.947   0
   1.27484906  -0.815  -2.124  -3.555  -4.977   0
   1.27485836  -0.809  -2.135  -3.577  -5.007   0
   1.27486765  -0.803  -2.147  -3.599  -5.037   0
   1.27487695  -0.797  -2.158  -3.621  -5.067   0
   1.27488613  -0.791  -2.169  -3.641  -5.096   0
   1.27489519  -0.785  -2.179  -3.661  -5.125   0
   1.27490425  -0.779  -2.189  -3.681  -5.154   0
   1.27491319  -0.772  -2.199  -3.701  -5.183   0
   1.27492213  -0.765  -2.209  -3.720  -5.212   0
   1.27493095  -0.758  -2.218  -3.740  -5.241   0
   1.27493978  -0.750  -2.228  -3.760  -5.270   0
   1.27494848  -0.743  -2.237  -3.779  -5.299   0
   1.27495706  -0.735  -2.246  -3.799  -5.327   0
   1.27496564  -0.726  -2.255  -3.818  -5.356   0
   1.27497411  -0.717  -2.264  -3.837  -5.385   0
   1.27498257  -0.708  -2.272  -3.856  -5.414   0
   1.27499092  -0.699  -2.281  -3.875  -5.442   0
   1.27499926  -0.689  -2.289  -3.894  -5.471   0
   1.27500749  -0.688  -2.301  -3.915  -5.500   0
   1.27501559  -0.692  -2.317  -3.937  -5.528   0
   1.27502370  -0.696  -2.332  -3.959  -5.556   0
   1.27503169  -0.699  -2.347  -3.980  -5.584   0
   1.27503967  -0.703  -2.362  -4.002  -5.612   0
   1.27504754  -0.706  -2.377  -4.023  -5.640   0
   1.27505541  -0.710  -2.392  -4.045  -5.668   0
   1.27506316  -0.713  -2.407  -4.066  -5.696   0
   1.27507079  -0.715  -2.422  -4.087  -5.724   0
   1.27507842  -0.718  -2.436  -4.109  -5.752   0
   1.27508593  -0.720  -2.450  -4.130  -5.780   0
   1.27509344  -0.722  -2.465  -4.150  -5.808   0
   1.27510095  -0.723  -2.478  -4.171  -5.835   0
   1.27510822  -0.736  -2.496  -4.191  -5.862   2
   1.27511549  -0.764  -2.520  -4.211  -5.888   0
   1.27512276  -0.795  -2.546  -4.231  -5.915   0
   1.27513003  -0.827  -2.572  -4.252  -5.941   0
   1.27513683  -0.860  -2.598  -4.272  -5.965   0
   1.27513838  -0.869  -2.605  -4.277  -5.971   0
