   0.15000001  13.847  12.818  11.465   9.859   0
   0.20000000  12.464  11.692  10.505   9.081   0
   0.25000000  11.699  11.004   9.882   8.540   0
   0.30000001  11.199  10.558   9.478   8.189   0
   0.34999999  10.764  10.170   9.124   7.882   0
   0.40000001  10.356   9.805   8.791   7.589   0
   0.44999999   9.858   9.369   8.390   7.238   0
   0.50000000   9.355   8.938   8.002   6.906   0
   0.55000001   8.712   8.418   7.546   6.529   0
   0.60000002   8.001   7.863   7.071   6.141   0
   0.69999999   6.687   6.817   6.201   5.424   0
   0.74091899   6.238   6.432   5.880   5.158   0
   0.80000001   5.674   5.922   5.448   4.798   0
   0.85239267   5.245   5.507   5.087   4.493   0
   0.89999998   4.900   5.151   4.771   4.227   0
   0.94133323   4.623   4.855   4.508   4.011   0
   1.00000000   4.258   4.449   4.145   3.713   0
   1.00636482   4.221   4.405   4.106   3.684   0
   1.05496252   3.945   4.078   3.819   3.464   0
   1.09692287   3.717   3.804   3.578   3.284   0
   1.10000002   3.701   3.784   3.560   3.271   0
   1.12527823   3.569   3.622   3.420   3.172   0
   1.15303075   3.428   3.453   3.276   3.072   0
   1.17612875   3.312   3.316   3.159   2.989   0
   1.19585419   3.216   3.206   3.067   2.923   0
   1.20000005   3.196   3.185   3.049   2.910   0
   1.23021126   3.051   3.029   2.919   2.814   0
   1.26304018   2.891   2.863   2.779   2.707   0
   1.29087043   2.752   2.733   2.668   2.617   0
   1.29999995   2.707   2.691   2.631   2.586   0
   1.30843830   2.665   2.652   2.597   2.559   0
   1.33706498   2.520   2.520   2.481   2.461   0
   1.34744608   2.467   2.475   2.441   2.426   0
   1.36575902   2.378   2.395   2.368   2.358   0
   1.39784741   2.218   2.248   2.231   2.230   0
   1.39999998   2.207   2.238   2.222   2.221   0
   1.40108013   2.202   2.233   2.217   2.217   0
   1.42766786   2.068   2.105   2.094   2.097   0
   1.45371234   1.933   1.968   1.960   1.962   1
   1.47897446   1.799   1.825   1.815   1.812   0
   1.50000000   1.683   1.693   1.679   1.670   0
   1.50641811   1.647   1.650   1.635   1.623   0
   1.51392424   1.603   1.598   1.580   1.564   0
   1.52114105   1.558   1.546   1.527   1.509   0
   1.52422762   1.537   1.524   1.506   1.487   0
   1.52916825   1.496   1.492   1.477   1.463   0
   1.53162563   1.463   1.478   1.472   1.466   3
   1.53329575   1.411   1.466   1.476   1.489   0
   1.53377974   1.365   1.457   1.479   1.502   0
   1.53405344   1.300   1.427   1.460   1.494   0
   1.53411663   1.309   1.430   1.461   1.493   0
   1.53428173   1.302   1.375   1.393   1.411   0
   1.53459942   1.220   1.249   1.254   1.255   0
   1.53530788   1.173   1.155   1.142   1.121   0
   1.53636312   1.150   1.093   1.057   1.008   0
   1.53745031   1.136   1.055   0.991   0.904   0
   1.53831816   1.131   1.036   0.945   0.818   0
   1.53918552   1.134   1.048   0.913   0.726   0
   1.53975487   1.142   1.079   0.908   0.666   3
   1.54031670   1.157   1.124   0.911   0.606   0
   1.54086792   1.180   1.191   0.931   0.550   0
   1.54141796   1.222   1.276   0.963   0.500   0
   1.54196656   1.283   1.368   1.004   0.468   0
   1.54279590   1.403   1.511   1.080   0.459   0
   1.54364908   1.566   1.676   1.187   0.503   0
   1.54485893   1.758   1.854   1.303   0.557   4
   1.54664862   1.713   1.776   1.184   0.403   0
   1.54812217   1.584   1.629   1.021   0.224   0
   1.54959226   1.443   1.473   0.852   0.045   0
   1.55107093   1.298   1.315   0.684  -0.132   0
   1.55261803   1.153   1.158   0.518  -0.307   0
   1.55409229   1.016   1.010   0.361  -0.472   0
   1.55547690   0.894   0.876   0.219  -0.623   0
   1.55691504   0.776   0.742   0.074  -0.776   0
   1.55826449   0.659   0.607  -0.072  -0.931   0
   1.55957925   0.544   0.473  -0.219  -1.087   0
   1.56074262   0.433   0.344  -0.359  -1.237   0
   1.56161618   0.332   0.227  -0.488  -1.373   0
   1.56235063   0.232   0.110  -0.616  -1.511   0
   1.56303990   0.128  -0.011  -0.751  -1.656   0
   1.56366980   0.025  -0.131  -0.884  -1.800   0
   1.56425512  -0.074  -0.248  -1.015  -1.941   0
   1.56483650  -0.164  -0.354  -1.133  -2.068   0
   1.56514847  -0.193  -0.389  -1.172  -2.111   0
   1.56555319  -0.088  -0.262  -1.028  -1.953   0
   1.56558192  -0.080  -0.252  -1.017  -1.941   1
   1.56604517  -0.175  -0.366  -1.144  -2.079   0
   1.56652319  -0.268  -0.481  -1.275  -2.221   0
   1.56701291  -0.356  -0.600  -1.412  -2.371   0
   1.56745410  -0.442  -0.715  -1.544  -2.516   0
   1.56783211  -0.521  -0.822  -1.668  -2.652   0
   1.56819177  -0.599  -0.930  -1.795  -2.792   0
   1.56850040  -0.669  -1.029  -1.912  -2.922   0
   1.56879091  -0.739  -1.130  -2.034  -3.058   0
   1.56904233  -0.792  -1.217  -2.144  -3.185   0
   1.56927872  -0.850  -1.309  -2.257  -3.313   0
   1.56949103  -0.894  -1.389  -2.361  -3.434   0
   1.56969440  -0.947  -1.474  -2.464  -3.550   0
   1.56970036  -0.947  -1.475  -2.466  -3.552   2
   1.56970036   0.614   0.663   0.131  -0.601   0
   1.57117963   0.645   0.691   0.143  -0.604   4
   1.57237053   0.645   0.687   0.134  -0.617   0
   1.57305455   0.631   0.674   0.123  -0.627   0
   1.57512748   0.588   0.632   0.086  -0.659   0
   1.57723558   0.548   0.592   0.051  -0.690   0
   1.57941854   0.509   0.552   0.016  -0.720   0
   1.58166659   0.470   0.512  -0.020  -0.751   0
   1.58394301   0.430   0.472  -0.055  -0.782   0
   1.58627391   0.392   0.432  -0.090  -0.813   0
   1.58854961   0.355   0.395  -0.123  -0.841   0
   1.59080994   0.321   0.360  -0.155  -0.869   0
   1.59304571   0.289   0.327  -0.185  -0.896   0
   1.59529781   0.261   0.298  -0.212  -0.922   0
   1.59716249   0.241   0.278  -0.233  -0.944   0
   1.59925771   0.224   0.258  -0.255  -0.968   0
   1.60149956   0.208   0.241  -0.277  -0.994   0
   1.60373700   0.202   0.232  -0.294  -1.021   0
   1.60627568   0.199   0.227  -0.312  -1.052   0
   1.60739398   0.216   0.237  -0.316  -1.067   0
   1.60869515   0.235   0.247  -0.321  -1.085   0
   1.61029720   0.266   0.263  -0.331  -1.118   0
   1.61079848   0.277   0.265  -0.344  -1.144   0
   1.61106431   0.279   0.255  -0.371  -1.187   0
   1.61113548   0.265   0.234  -0.405  -1.231   0
   1.61118519   0.223   0.177  -0.478  -1.318   0
   1.61121833   0.127   0.052  -0.626  -1.484   0
   1.61124611   0.023  -0.077  -0.775  -1.648   0
   1.61128151  -0.075  -0.198  -0.915  -1.803   0
   1.61130440  -0.097  -0.223  -0.943  -1.832   0
   1.61150932  -0.018  -0.127  -0.832  -1.711   1
   1.61191678  -0.132  -0.266  -0.991  -1.885   0
   1.61211669  -0.277  -0.445  -1.197  -2.111   0
   1.61231637  -0.410  -0.611  -1.388  -2.322   0
   1.61251605  -0.540  -0.782  -1.587  -2.541   0
   1.61264920  -0.629  -0.906  -1.734  -2.704   0
   1.61278784  -0.728  -1.049  -1.905  -2.895   0
   1.61292040  -0.820  -1.187  -2.072  -3.083   0
   1.61301315  -0.878  -1.288  -2.202  -3.232   0
   1.61309540  -0.948  -1.408  -2.356  -3.411   0
   1.61315858  -1.021  -1.527  -2.505  -3.581   0
   1.61321235  -1.077  -1.639  -2.647  -3.745   0
   1.61326075  -1.129  -1.743  -2.781  -3.900   0
   1.61331058  -1.141  -1.823  -2.898  -4.046   0
   1.61335349  -1.204  -2.032  -3.194  -4.403   0
   1.61336017  -1.219  -2.078  -3.258  -4.481   0
   1.61336815  -1.222  -2.095  -3.285  -4.514   0
   1.61337626  -1.225  -2.113  -3.311  -4.546   0
   1.61338425  -1.227  -2.130  -3.337  -4.578   0
   1.61339235  -1.228  -2.147  -3.362  -4.610   0
   1.61340010  -1.229  -2.163  -3.386  -4.641   0
   1.61340785  -1.229  -2.179  -3.410  -4.671   0
   1.61341572  -1.230  -2.195  -3.434  -4.702   0
   1.61342347  -1.230  -2.211  -3.458  -4.733   0
   1.61343122  -1.231  -2.227  -3.483  -4.764   0
   1.61343908  -1.231  -2.243  -3.507  -4.795   0
   1.61344683  -1.231  -2.259  -3.532  -4.827   0
   1.61345470  -1.230  -2.275  -3.557  -4.858   0
   1.61346245  -1.230  -2.291  -3.582  -4.890   0
   1.61347032  -1.229  -2.306  -3.606  -4.921   0
   1.61347795  -1.229  -2.322  -3.630  -4.952   0
   1.61348391  -1.228  -2.334  -3.649  -4.977   0
   1.61349154  -1.226  -2.339  -3.659  -4.989   0
   1.61349905  -1.225  -2.344  -3.666  -4.999   0
   1.61350656  -1.223  -2.348  -3.674  -5.010   0
   1.61351418  -1.222  -2.353  -3.683  -5.022   0
   1.61352170  -1.221  -2.358  -3.692  -5.033   0
   1.61352921  -1.220  -2.364  -3.701  -5.045   0
   1.61353683  -1.219  -2.369  -3.709  -5.057   0
   1.61354434  -1.218  -2.374  -3.718  -5.068   0
   1.61355197  -1.217  -2.379  -3.727  -5.080   0
   1.61355948  -1.215  -2.384  -3.736  -5.092   0
   1.61356699  -1.214  -2.389  -3.745  -5.104   0
   1.61357462  -1.213  -2.395  -3.753  -5.115   0
   1.61358213  -1.212  -2.400  -3.762  -5.127   0
   1.61358964  -1.210  -2.405  -3.771  -5.139   0
   1.61361074  -1.207  -2.415  -3.790  -5.164   0
   1.61363482  -1.203  -2.428  -3.811  -5.194   0
   1.61365879  -1.199  -2.440  -3.833  -5.223   0
   1.61368263  -1.195  -2.452  -3.855  -5.253   0
   1.61370635  -1.190  -2.464  -3.877  -5.282   0
   1.61372972  -1.185  -2.476  -3.898  -5.312   0
   1.61375308  -1.180  -2.488  -3.920  -5.341   0
   1.61377609  -1.175  -2.499  -3.941  -5.371   0
   1.61379910  -1.169  -2.511  -3.963  -5.400   0
   1.61382174  -1.164  -2.522  -3.984  -5.429   0
   1.61384439  -1.158  -2.533  -4.005  -5.459   0
   1.61386681  -1.152  -2.543  -4.025  -5.487   0
   1.61388898  -1.146  -2.553  -4.044  -5.516   0
   1.61391103  -1.140  -2.563  -4.064  -5.544   0
   1.61393285  -1.133  -2.573  -4.083  -5.572   0
   1.61395454  -1.127  -2.583  -4.103  -5.601   0
   1.61397600  -1.120  -2.592  -4.122  -5.629   0
   1.61399734  -1.113  -2.602  -4.142  -5.657   0
   1.61401856  -1.105  -2.611  -4.161  -5.686   0
   1.61403942  -1.097  -2.620  -4.180  -5.714   0
   1.61406016  -1.089  -2.629  -4.199  -5.742   0
   1.61408079  -1.081  -2.638  -4.218  -5.771   0
   1.61410117  -1.072  -2.646  -4.237  -5.799   0
   1.61412144  -1.069  -2.657  -4.257  -5.827   0
   1.61414158  -1.073  -2.673  -4.279  -5.855   0
   1.61416137  -1.078  -2.689  -4.301  -5.884   0
   1.61418116  -1.082  -2.705  -4.323  -5.913   0
   1.61420059  -1.087  -2.720  -4.345  -5.941   0
   1.61421609  -1.090  -2.733  -4.363  -5.964   0
   1.61423147  -1.093  -2.745  -4.380  -5.986   0
   1.61424685  -1.096  -2.757  -4.398  -6.009   0
   1.61426198  -1.099  -2.769  -4.415  -6.031   0
   1.61427724  -1.102  -2.781  -4.432  -6.053   0
   1.61429226  -1.105  -2.793  -4.448  -6.075   0
   1.61430728  -1.107  -2.804  -4.465  -6.096   0
   1.61432612  -1.110  -2.818  -4.485  -6.123   0
   1.61434472  -1.113  -2.832  -4.505  -6.149   0
   1.61436319  -1.115  -2.845  -4.525  -6.175   0
   1.61438179  -1.117  -2.858  -4.544  -6.201   0
   1.61440027  -1.118  -2.871  -4.562  -6.225   0
   1.61441886  -1.123  -2.884  -4.580  -6.250   0
   1.61443734  -1.149  -2.906  -4.598  -6.273   0
   1.61445498  -1.175  -2.928  -4.615  -6.295   0
   1.61447465  -1.204  -2.952  -4.634  -6.318   0
   1.61449528  -1.235  -2.974  -4.649  -6.337   3
   1.61450613  -1.247  -2.977  -4.645  -6.337   0
