   0.15000001  13.866  12.831  11.475   9.866   0
   0.20000000  12.479  11.706  10.518   9.092   0
   0.25000000  11.712  11.016   9.894   8.550   0
   0.30000001  11.213  10.572   9.490   8.201   0
   0.34999999  10.780  10.185   9.138   7.894   0
   0.40000001  10.370   9.818   8.803   7.599   0
   0.44999999   9.886   9.393   8.413   7.258   0
   0.50000000   9.393   8.972   8.034   6.935   0
   0.55000001   8.770   8.465   7.588   6.565   0
   0.60000002   8.078   7.925   7.125   6.188   0
   0.69999999   6.801   6.916   6.288   5.501   0
   0.80000001   5.813   6.057   5.569   4.905   0
   0.89999998   5.077   5.336   4.939   4.375   0
   1.00000000   4.487   4.702   4.378   3.914   0
   1.10000002   3.996   4.131   3.875   3.527   0
   1.20000005   3.574   3.611   3.431   3.224   0
   1.29999995   3.210   3.196   3.090   2.997   0
   1.39999998   2.879   2.886   2.836   2.812   0
   1.50000000   2.583   2.653   2.641   2.657   0
   1.60000002   2.316   2.456   2.474   2.516   0
   1.70000005   2.083   2.291   2.331   2.391   0
   1.75000000   1.976   2.214   2.263   2.331   0
   1.79999995   1.873   2.141   2.198   2.272   0
   1.89999998   1.683   2.003   2.073   2.159   0
   1.90172911   1.680   2.000   2.071   2.157   0
   2.00000000   1.510   1.875   1.956   2.052   0
   2.20000005   1.195   1.636   1.734   1.848   0
   2.50000000   0.790   1.318   1.436   1.571   0
   3.00000000   0.230   0.857   1.001   1.160   0
   3.31437778  -0.070   0.602   0.758   0.929   0
   3.50000000  -0.237   0.459   0.621   0.799   0
   4.00000000  -0.646   0.104   0.282   0.474   0
   4.29636860  -0.867  -0.089   0.097   0.296   0
   4.50000000  -1.013  -0.219  -0.028   0.175   0
   5.00000000  -1.344  -0.512  -0.311  -0.098   0
   5.05420256  -1.380  -0.544  -0.342  -0.128   0
   5.65020418  -1.769  -0.897  -0.685  -0.461   0
   6.00000000  -1.996  -1.107  -0.891  -0.662   0
   6.15697765  -2.096  -1.199  -0.981  -0.750   0
   6.57808447  -2.368  -1.454  -1.231  -0.995   0
   6.93012619  -2.604  -1.679  -1.452  -1.214   0
   7.00000000  -2.653  -1.726  -1.498  -1.260   0
   7.25647116  -2.834  -1.904  -1.674  -1.435   1
   7.52216768  -3.033  -2.100  -1.870  -1.631   0
   7.75198793  -3.224  -2.293  -2.063  -1.826   0
   7.95137930  -3.400  -2.473  -2.244  -2.009   0
   8.12226486  -3.575  -2.655  -2.428  -2.197   0
   8.26769447  -3.731  -2.819  -2.595  -2.367   0
   8.33215237  -3.807  -2.898  -2.675  -2.449   0
   8.39292526  -3.878  -2.972  -2.750  -2.526   0
   8.42782497  -3.918  -3.013  -2.791  -2.568   0
   8.45532799  -3.937  -3.026  -2.803  -2.578   3
   8.47492504  -3.943  -3.025  -2.799  -2.571   0
   8.48855686  -3.925  -2.984  -2.752  -2.516   0
   8.49258995  -3.919  -2.968  -2.733  -2.493   0
   8.49504948  -3.922  -2.954  -2.714  -2.468   0
   8.49529457  -3.919  -2.955  -2.716  -2.471   0
   8.49645233  -3.926  -2.987  -2.755  -2.519   0
   8.49720001  -4.016  -3.099  -2.874  -2.647   0
   8.49790955  -4.126  -3.230  -3.011  -2.793   0
   8.49872494  -4.249  -3.379  -3.167  -2.959   0
   8.49963760  -4.375  -3.536  -3.332  -3.135   0
   8.50038433  -4.475  -3.663  -3.467  -3.280   0
   8.50116062  -4.575  -3.793  -3.606  -3.430   0
   8.50197411  -4.681  -3.936  -3.759  -3.596   0
   8.50281048  -4.792  -4.091  -3.925  -3.777   0
   8.50334454  -4.865  -4.195  -4.036  -3.900   0
   8.50383377  -4.938  -4.299  -4.149  -4.025   0
   8.50427055  -5.004  -4.395  -4.253  -4.141   0
   8.50470734  -5.072  -4.497  -4.364  -4.266   0
   8.50514317  -5.144  -4.609  -4.487  -4.404   0
   8.50551987  -5.207  -4.712  -4.600  -4.530   0
   8.50582790  -5.261  -4.802  -4.699  -4.642   0
   8.50614357  -5.314  -4.901  -4.808  -4.766   0
   8.50633907  -5.341  -4.963  -4.876  -4.843   0
   8.50657558  -5.375  -5.049  -4.970  -4.949   0
   8.50681114  -5.412  -5.127  -5.060  -5.056   0
   8.50704670  -5.445  -5.212  -5.159  -5.173   0
   8.50722694  -5.463  -5.281  -5.237  -5.267   0
   8.50740051  -5.474  -5.353  -5.318  -5.362   0
   8.50758076  -5.470  -5.429  -5.404  -5.464   0
   8.50774765  -5.441  -5.484  -5.474  -5.555   0
   8.50790691  -5.399  -5.514  -5.527  -5.644   0
   8.50805187  -5.347  -5.515  -5.558  -5.720   0
   8.50819778  -5.281  -5.481  -5.569  -5.796   3
   8.50830173  -5.219  -5.423  -5.562  -5.856   0
   8.50841999  -5.134  -5.320  -5.541  -5.925   0
   8.50857162  -5.007  -5.162  -5.492  -6.002   0
   8.50866222  -4.909  -5.053  -5.452  -6.040   0
   8.50875950  -4.784  -4.930  -5.402  -6.066   0
   8.50884914  -4.654  -4.810  -5.348  -6.079   0
   8.50894642  -4.482  -4.672  -5.286  -6.083   0
   8.50913334  -4.141  -4.421  -5.170  -6.076   0
   8.50932026  -4.011  -4.329  -5.126  -6.069   0
   8.50969982  -3.898  -4.331  -5.221  -6.231   0
   8.51009846  -3.936  -4.418  -5.343  -6.377   0
   8.51173115  -3.955  -4.449  -5.383  -6.424   2
   8.54673862  -4.087  -4.505  -5.378  -6.375   0
   8.55742264  -4.694  -4.927  -5.592  -6.431   0
   8.55887794  -5.020  -5.190  -5.699  -6.399   0
   8.55939484  -5.137  -5.297  -5.739  -6.372   0
   8.55990314  -5.221  -5.382  -5.768  -6.340   0
   8.56093502  -5.348  -5.526  -5.812  -6.273   0
   8.56304550  -5.479  -5.685  -5.847  -6.170   0
   8.56488132  -5.551  -5.756  -5.855  -6.102   3
   8.56712151  -5.613  -5.798  -5.852  -6.038   0
   8.57004642  -5.670  -5.815  -5.838  -5.974   0
   8.57309151  -5.708  -5.797  -5.805  -5.915   0
   8.57751846  -5.743  -5.764  -5.753  -5.831   0
   8.58187580  -5.766  -5.720  -5.695  -5.754   0
   8.58604908  -5.777  -5.667  -5.635  -5.686   0
   8.59144497  -5.779  -5.603  -5.564  -5.603   0
   8.59683228  -5.773  -5.546  -5.500  -5.527   0
   8.60246181  -5.756  -5.493  -5.439  -5.453   0
   8.61081028  -5.731  -5.429  -5.362  -5.358   0
   8.61957741  -5.702  -5.372  -5.293  -5.273   0
   8.62934780  -5.681  -5.309  -5.222  -5.190   0
   8.64080334  -5.660  -5.242  -5.148  -5.106   0
   8.65342426  -5.638  -5.180  -5.079  -5.027   0
   8.66866207  -5.614  -5.116  -5.008  -4.946   0
   8.68673038  -5.586  -5.057  -4.942  -4.869   0
   8.71123409  -5.572  -5.019  -4.897  -4.816   0
   8.74734402  -5.574  -4.998  -4.871  -4.783   1
   8.78832817  -5.680  -5.143  -5.028  -4.954   0
   8.80340004  -5.756  -5.270  -5.165  -5.106   0
   8.81282234  -5.822  -5.397  -5.302  -5.258   0
   8.81961918  -5.880  -5.525  -5.441  -5.413   0
   8.82451820  -5.951  -5.644  -5.580  -5.579   0
   8.82749844  -6.002  -5.751  -5.704  -5.729   0
   8.82986927  -6.024  -5.885  -5.850  -5.896   0
   8.83137894  -6.000  -6.004  -5.990  -6.066   0
   8.83256817  -5.911  -6.063  -6.093  -6.244   3
   8.83336067  -5.704  -5.911  -6.078  -6.410   0
   8.83367252  -5.551  -5.735  -6.023  -6.487   0
   8.83393383  -5.332  -5.497  -5.925  -6.543   0
   8.83414459  -5.044  -5.238  -5.803  -6.553   0
   8.83431339  -4.775  -5.015  -5.683  -6.524   0
   8.83444881  -4.605  -4.886  -5.609  -6.492   0
   8.83456612  -4.453  -4.775  -5.550  -6.473   4
   8.83465958  -4.428  -4.787  -5.602  -6.556   0
   8.83473587  -4.376  -4.783  -5.638  -6.621   0
   8.83483791  -4.360  -4.802  -5.684  -6.685   0
   8.83494854  -4.336  -4.818  -5.731  -6.755   0
   8.83503342  -4.301  -4.803  -5.732  -6.767   0
   8.83511925  -4.273  -4.791  -5.733  -6.777   0
   8.83528900  -4.248  -4.779  -5.731  -6.783   0
   8.83553600  -4.234  -4.770  -5.727  -6.782   0
   8.83701420  -4.226  -4.766  -5.725  -6.782   4
   8.83773613  -4.231  -4.799  -5.779  -6.851   0
   8.83857822  -4.244  -4.842  -5.846  -6.934   0
   8.83974171  -4.298  -4.931  -5.959  -7.064   0
   8.84126186  -4.345  -5.020  -6.073  -7.197   0
   8.84278297  -4.378  -5.095  -6.173  -7.315   0
   8.84415817  -4.403  -5.158  -6.259  -7.417   0
   8.84471798  -4.413  -5.183  -6.293  -7.458   0
