   0.15000001  13.751  12.785  11.448   9.863   0
   0.20000000  12.328  11.655  10.487   9.083   0
   0.25000000  11.551  10.969   9.865   8.538   0
   0.30000001  11.049  10.528   9.462   8.185   0
   0.34999999  10.612  10.143   9.110   7.876   0
   0.40000001  10.202   9.781   8.778   7.581   0
   0.44999999   9.711   9.351   8.384   7.231   0
   0.50000000   9.214   8.928   8.003   6.901   0
   0.55000001   8.583   8.412   7.555   6.527   0
   0.60000002   7.673   7.718   7.001   6.105   0
   0.69999999   6.513   6.738   6.175   5.415   0
   0.77295685   5.801   6.091   5.621   4.956   0
   0.80000001   5.573   5.871   5.429   4.795   0
   0.89593542   4.866   5.144   4.786   4.258   0
   0.89999998   4.839   5.115   4.760   4.237   0
   0.90220135   4.825   5.099   4.746   4.225   0
   0.98302662   4.331   4.537   4.245   3.822   0
   1.00000000   4.234   4.423   4.143   3.741   0
   1.05636513   3.931   4.052   3.818   3.503   0
   1.10000002   3.709   3.776   3.577   3.329   0
   1.14567876   3.493   3.513   3.353   3.176   0
   1.19830811   3.252   3.241   3.128   3.018   0
   1.20000005   3.245   3.233   3.121   3.013   0
   1.20243728   3.234   3.221   3.111   3.006   0
   1.24248946   3.051   3.036   2.956   2.891   0
   1.27494419   2.903   2.897   2.838   2.799   0
   1.29999995   2.791   2.797   2.753   2.731   0
   1.30024683   2.790   2.796   2.752   2.731   0
   1.34619534   2.583   2.623   2.603   2.607   0
   1.38427019   2.411   2.485   2.484   2.503   0
   1.39999998   2.339   2.428   2.433   2.459   0
   1.42120719   2.244   2.353   2.368   2.400   0
   1.45418680   2.095   2.236   2.261   2.303   0
   1.48061299   1.976   2.138   2.171   2.218   0
   1.48264420   1.966   2.130   2.164   2.211   0
   1.50000000   1.886   2.060   2.097   2.147   0
   1.51064396   1.835   2.014   2.054   2.104   0
   1.53405118   1.720   1.904   1.947   1.999   0
   1.55614293   1.607   1.791   1.834   1.884   0
   1.57698786   1.497   1.672   1.715   1.763   0
   1.59633291   1.388   1.550   1.591   1.634   0
   1.60000002   1.366   1.526   1.566   1.609   0
   1.60662019   1.327   1.482   1.522   1.563   0
   1.61463487   1.278   1.429   1.468   1.508   0
   1.61737406   1.261   1.413   1.452   1.492   0
   1.62335801   1.219   1.382   1.425   1.467   0
   1.62604308   1.194   1.376   1.424   1.471   3
   1.62789607   1.161   1.380   1.437   1.494   0
   1.62844074   1.128   1.377   1.440   1.504   0
   1.62875164   1.082   1.355   1.424   1.494   0
   1.62885964   1.086   1.350   1.417   1.484   0
   1.62915492   1.017   1.235   1.293   1.349   0
   1.62983632   0.923   1.098   1.147   1.191   0
   1.63113654   0.860   0.989   1.029   1.061   0
   1.63275898   0.809   0.886   0.913   0.929   0
   1.63418925   0.770   0.797   0.807   0.804   0
   1.63525498   0.746   0.729   0.721   0.697   0
   1.63629019   0.735   0.669   0.637   0.582   0
   1.63696361   0.734   0.647   0.591   0.503   0
   1.63763082   0.739   0.638   0.551   0.418   0
   1.63828754   0.750   0.656   0.525   0.330   3
   1.63894248   0.767   0.716   0.527   0.245   0
   1.63959968   0.798   0.810   0.556   0.168   0
   1.63993180   0.823   0.870   0.578   0.132   0
   1.64061141   0.893   0.996   0.632   0.077   0
   1.64131391   0.985   1.114   0.692   0.062   0
   1.64203942   1.097   1.234   0.765   0.077   0
   1.64310670   1.228   1.363   0.844   0.101   4
   1.64497924   1.187   1.298   0.742  -0.039   0
   1.64641035   1.078   1.175   0.604  -0.190   0
   1.64788020   0.955   1.041   0.461  -0.344   0
   1.64933348   0.829   0.905   0.317  -0.495   0
   1.65074348   0.699   0.765   0.170  -0.650   0
   1.65211141   0.576   0.634   0.032  -0.795   0
   1.65358889   0.449   0.497  -0.112  -0.946   0
   1.65498996   0.330   0.368  -0.249  -1.090   0
   1.65634608   0.217   0.238  -0.388  -1.238   0
   1.65743339   0.115   0.123  -0.513  -1.369   0
   1.65835607   0.018   0.013  -0.632  -1.496   0
   1.65914977  -0.074  -0.092  -0.745  -1.617   0
   1.65986693  -0.164  -0.193  -0.854  -1.732   0
   1.66056669  -0.249  -0.291  -0.961  -1.846   0
   1.66114092  -0.327  -0.379  -1.057  -1.948   0
   1.66168094  -0.403  -0.465  -1.151  -2.048   0
   1.66224778  -0.478  -0.553  -1.247  -2.151   0
   1.66242313  -0.489  -0.565  -1.260  -2.166   0
   1.66271269  -0.467  -0.539  -1.230  -2.133   0
   1.66278410  -0.461  -0.531  -1.221  -2.123   1
   1.66317999  -0.535  -0.618  -1.317  -2.226   0
   1.66363168  -0.616  -0.712  -1.420  -2.337   0
   1.66403615  -0.697  -0.806  -1.524  -2.448   0
   1.66442549  -0.776  -0.897  -1.624  -2.555   0
   1.66480327  -0.849  -0.984  -1.722  -2.662   0
   1.66507113  -0.900  -1.044  -1.788  -2.734   2
   1.66507113   0.143   0.105  -0.128  -0.488   1
   1.66733730   0.187   0.209  -0.089  -0.551   0
   1.66835964   0.201   0.238  -0.081  -0.572   0
   1.67051673   0.170   0.198  -0.109  -0.584   0
   1.67414105   0.123   0.132  -0.155  -0.599   0
   1.67787111   0.076   0.066  -0.201  -0.614   0
   1.68167222   0.031   0.003  -0.246  -0.633   0
   1.68561399  -0.015  -0.060  -0.292  -0.651   0
   1.68970931  -0.062  -0.124  -0.336  -0.667   0
   1.69382155  -0.108  -0.185  -0.380  -0.685   0
   1.69795775  -0.152  -0.243  -0.423  -0.705   0
   1.70212150  -0.195  -0.298  -0.465  -0.726   0
   1.70631802  -0.239  -0.349  -0.501  -0.745   0
   1.71043432  -0.278  -0.393  -0.536  -0.769   0
   1.71100914  -0.283  -0.399  -0.540  -0.772   0
   1.71121728  -0.286  -0.402  -0.543  -0.774   0
   1.71313107  -0.310  -0.428  -0.565  -0.792   0
   1.71412599  -0.321  -0.441  -0.576  -0.802   1
   1.71745920  -0.359  -0.480  -0.616  -0.843   0
   1.72035766  -0.389  -0.509  -0.651  -0.886   0
   1.72352612  -0.419  -0.533  -0.692  -0.948   0
   1.72725105  -0.446  -0.532  -0.728  -1.041   0
   1.72868431  -0.446  -0.503  -0.737  -1.107   0
   1.73074126  -0.441  -0.458  -0.743  -1.190   0
   1.73597431  -0.367  -0.308  -0.733  -1.370   0
   1.73633969  -0.294  -0.232  -0.705  -1.399   0
   1.73662341  -0.190  -0.130  -0.656  -1.407   0
   1.73671007  -0.123  -0.072  -0.621  -1.395   0
   1.73677659  -0.057  -0.015  -0.588  -1.387   4
   1.73682714  -0.136  -0.112  -0.712  -1.536   0
   1.73686361  -0.234  -0.223  -0.840  -1.680   0
   1.73692429  -0.306  -0.310  -0.938  -1.787   0
   1.73712790  -0.270  -0.267  -0.889  -1.733   0
   1.73765779  -0.428  -0.456  -1.104  -1.970   0
   1.73791146  -0.553  -0.604  -1.270  -2.150   0
   1.73816407  -0.686  -0.761  -1.445  -2.341   0
   1.73830736  -0.795  -0.890  -1.588  -2.496   0
   1.73844266  -0.949  -1.071  -1.791  -2.716   0
   1.73857796  -1.097  -1.246  -1.986  -2.929   0
   1.73871589  -1.203  -1.384  -2.148  -3.107   0
   1.73885489  -1.306  -1.524  -2.312  -3.289   0
   1.73898697  -1.408  -1.663  -2.475  -3.471   0
   1.73911631  -1.512  -1.802  -2.638  -3.650   0
   1.73920286  -1.584  -1.901  -2.755  -3.780   0
   1.73927653  -1.652  -1.995  -2.867  -3.906   0
   1.73935199  -1.741  -2.118  -3.014  -4.071   0
   1.73942232  -1.826  -2.242  -3.167  -4.245   0
   1.73947465  -1.915  -2.381  -3.342  -4.446   0
   1.73948622  -1.954  -2.476  -3.472  -4.602   0
   1.73949027  -1.964  -2.496  -3.498  -4.632   0
   1.73949993  -1.972  -2.514  -3.523  -4.662   0
   1.73950958  -1.980  -2.533  -3.549  -4.692   0
   1.73951924  -1.988  -2.552  -3.574  -4.723   0
   1.73952889  -1.996  -2.570  -3.599  -4.753   0
   1.73953867  -2.004  -2.589  -3.624  -4.783   0
   1.73954833  -2.012  -2.607  -3.650  -4.813   0
   1.73955798  -2.020  -2.626  -3.675  -4.844   0
   1.73956764  -2.028  -2.644  -3.701  -4.875   0
   1.73957705  -2.035  -2.662  -3.726  -4.905   0
   1.73958445  -2.041  -2.677  -3.746  -4.929   0
   1.73959196  -2.047  -2.691  -3.766  -4.954   0
   1.73960125  -2.055  -2.709  -3.791  -4.984   0
   1.73961055  -2.062  -2.727  -3.816  -5.014   0
   1.73961997  -2.069  -2.745  -3.841  -5.045   0
   1.73962927  -2.076  -2.763  -3.866  -5.075   0
   1.73963857  -2.082  -2.779  -3.888  -5.102   0
   1.73964798  -2.085  -2.787  -3.900  -5.115   0
   1.73965538  -2.088  -2.793  -3.909  -5.126   0
   1.73966467  -2.090  -2.801  -3.920  -5.140   0
   1.73967409  -2.093  -2.809  -3.931  -5.154   0
   1.73968339  -2.096  -2.817  -3.943  -5.168   0
   1.73969269  -2.100  -2.825  -3.954  -5.182   0
   1.73971748  -2.104  -2.837  -3.972  -5.204   0
   1.73975205  -2.110  -2.854  -3.996  -5.234   0
   1.73978651  -2.116  -2.871  -4.021  -5.264   0
   1.73982060  -2.121  -2.888  -4.045  -5.294   0
   1.73985445  -2.126  -2.904  -4.069  -5.325   0
   1.73988819  -2.132  -2.921  -4.094  -5.355   0
   1.73992145  -2.136  -2.937  -4.118  -5.385   0
   1.73995459  -2.141  -2.953  -4.142  -5.415   0
   1.73998737  -2.146  -2.969  -4.165  -5.445   0
   1.74001992  -2.151  -2.984  -4.189  -5.475   0
   1.74005222  -2.155  -3.000  -4.213  -5.505   0
   1.74008429  -2.159  -3.016  -4.237  -5.535   0
   1.74011600  -2.163  -3.031  -4.260  -5.565   0
   1.74014747  -2.167  -3.047  -4.284  -5.595   0
   1.74017882  -2.168  -3.061  -4.306  -5.625   0
   1.74020970  -2.168  -3.074  -4.328  -5.654   0
   1.74024034  -2.169  -3.088  -4.350  -5.683   0
   1.74027085  -2.169  -3.102  -4.372  -5.712   0
   1.74030101  -2.168  -3.115  -4.394  -5.741   0
   1.74033093  -2.168  -3.128  -4.416  -5.770   0
   1.74036050  -2.168  -3.141  -4.438  -5.799   0
   1.74038982  -2.167  -3.154  -4.459  -5.828   0
   1.74041903  -2.166  -3.167  -4.481  -5.857   0
   1.74044788  -2.165  -3.180  -4.504  -5.888   0
   1.74047649  -2.163  -3.194  -4.528  -5.920   0
   1.74050474  -2.162  -3.208  -4.551  -5.952   0
   1.74052715  -2.160  -3.218  -4.570  -5.978   0
   1.74054945  -2.159  -3.229  -4.589  -6.004   0
   1.74057162  -2.157  -3.240  -4.607  -6.029   0
   1.74059355  -2.154  -3.250  -4.626  -6.055   0
   1.74061537  -2.152  -3.260  -4.645  -6.080   0
   1.74063706  -2.150  -3.270  -4.663  -6.106   0
   1.74065852  -2.147  -3.280  -4.681  -6.131   0
   1.74067998  -2.144  -3.290  -4.699  -6.156   0
   1.74070120  -2.140  -3.299  -4.717  -6.181   0
   1.74072254  -2.143  -3.311  -4.735  -6.206   0
   1.74074352  -2.148  -3.325  -4.755  -6.230   0
   1.74076450  -2.153  -3.338  -4.774  -6.254   0
   1.74078548  -2.158  -3.351  -4.793  -6.278   0
   1.74080622  -2.162  -3.364  -4.811  -6.302   0
   1.74082696  -2.166  -3.377  -4.830  -6.325   0
   1.74084771  -2.171  -3.390  -4.848  -6.348   0
   1.74086845  -2.175  -3.402  -4.867  -6.371   0
   1.74088919  -2.178  -3.415  -4.884  -6.394   0
   1.74090993  -2.182  -3.427  -4.902  -6.417   0
   1.74093068  -2.185  -3.438  -4.919  -6.439   0
   1.74095654  -2.189  -3.452  -4.940  -6.466   0
   1.74098241  -2.192  -3.466  -4.961  -6.492   0
   1.74100828  -2.195  -3.479  -4.981  -6.518   0
   1.74103379  -2.197  -3.491  -5.000  -6.543   0
   1.74105799  -2.199  -3.502  -5.017  -6.565   0
   1.74108529  -2.199  -3.513  -5.035  -6.589   0
   1.74111485  -2.199  -3.524  -5.053  -6.614   0
   1.74114621  -2.198  -3.533  -5.070  -6.637   0
   1.74118245  -2.195  -3.542  -5.086  -6.660   0
   1.74125612  -2.186  -3.547  -5.099  -6.682   0
