   0.15000001  13.864  12.830  11.474   9.865   0
   0.20000000  12.477  11.704  10.516   9.091   0
   0.25000000  11.710  11.014   9.892   8.549   0
   0.30000001  11.211  10.570   9.489   8.199   0
   0.34999999  10.778  10.183   9.136   7.893   0
   0.40000001  10.368   9.817   8.801   7.598   0
   0.44999999   9.882   9.390   8.410   7.255   0
   0.50000000   9.388   8.968   8.029   6.931   0
   0.55000001   8.761   8.458   7.581   6.559   0
   0.60000002   8.066   7.915   7.116   6.181   0
   0.69999999   6.780   6.897   6.271   5.486   0
   0.80000001   5.782   6.027   5.542   4.880   0
   0.89172423   5.090   5.348   4.949   4.382   0
   0.89999998   5.035   5.292   4.899   4.340   0
   1.00000000   4.442   4.653   4.332   3.874   0
   1.10000002   3.943   4.072   3.820   3.478   0
   1.20000005   3.522   3.554   3.378   3.177   0
   1.29999995   3.154   3.135   3.034   2.947   0
   1.39999998   2.813   2.823   2.777   2.757   0
   1.50000000   2.504   2.579   2.572   2.591   0
   1.54987848   2.359   2.471   2.480   2.513   0
   1.60000002   2.222   2.370   2.393   2.437   0
   1.70000005   1.969   2.184   2.228   2.289   0
   1.75000000   1.853   2.098   2.151   2.219   0
   1.79999995   1.738   2.012   2.072   2.147   0
   1.87329566   1.579   1.891   1.961   2.045   0
   1.89999998   1.521   1.846   1.920   2.007   0
   2.00000000   1.320   1.688   1.772   1.868   0
   2.09890294   1.127   1.532   1.625   1.729   0
   2.20000005   0.933   1.370   1.471   1.582   0
   2.26997924   0.808   1.263   1.369   1.484   0
   2.42693043   0.525   1.016   1.130   1.253   0
   2.50000000   0.393   0.896   1.014   1.140   0
   2.56362939   0.282   0.796   0.917   1.045   0
   2.68096519   0.073   0.600   0.725   0.856   0
   2.78112435  -0.113   0.422   0.549   0.681   0
   2.86713529  -0.281   0.256   0.384   0.516   0
   2.94114780  -0.435   0.101   0.229   0.359   0
   3.00000000  -0.565  -0.036   0.092   0.219   1
   3.01032948  -0.587  -0.059   0.068   0.196   0
   3.06934762  -0.721  -0.202  -0.076   0.048   0
   3.12169027  -0.846  -0.339  -0.214  -0.094   0
   3.14548898  -0.907  -0.405  -0.281  -0.162   0
   3.16794562  -0.964  -0.464  -0.341  -0.223   0
   3.17755032  -0.987  -0.487  -0.363  -0.246   0
   3.19274211  -1.019  -0.510  -0.384  -0.265   3
   3.20048404  -1.027  -0.504  -0.375  -0.252   0
   3.20580912  -1.026  -0.472  -0.337  -0.205   0
   3.20733643  -1.028  -0.449  -0.308  -0.169   0
   3.20820618  -1.041  -0.437  -0.290  -0.144   0
   3.20832682  -1.032  -0.431  -0.285  -0.140   0
   3.20863032  -1.008  -0.435  -0.295  -0.157   0
   3.20911241  -1.113  -0.574  -0.441  -0.314   0
   3.20969558  -1.240  -0.732  -0.606  -0.489   0
   3.21048665  -1.349  -0.880  -0.761  -0.656   0
   3.21128368  -1.431  -1.000  -0.889  -0.796   0
   3.21220541  -1.513  -1.128  -1.027  -0.946   0
   3.21297216  -1.573  -1.233  -1.139  -1.071   0
   3.21378636  -1.634  -1.348  -1.264  -1.210   0
   3.21463609  -1.693  -1.476  -1.404  -1.369   0
   3.21520638  -1.729  -1.568  -1.508  -1.487   0
   3.21572328  -1.754  -1.654  -1.607  -1.603   0
   3.21623969  -1.762  -1.741  -1.711  -1.729   0
   3.21675062  -1.739  -1.809  -1.808  -1.861   0
   3.21700859  -1.713  -1.826  -1.848  -1.930   0
   3.21726632  -1.680  -1.822  -1.875  -2.001   0
   3.21752405  -1.638  -1.791  -1.888  -2.073   3
   3.21777654  -1.583  -1.719  -1.878  -2.144   0
   3.21803403  -1.512  -1.601  -1.839  -2.211   0
   3.21832824  -1.390  -1.415  -1.759  -2.276   0
   3.21844912  -1.318  -1.322  -1.716  -2.296   0
   3.21860123  -1.222  -1.210  -1.660  -2.307   0
   3.21884274  -1.059  -1.052  -1.568  -2.284   0
   3.21913671  -0.871  -0.881  -1.456  -2.226   0
   3.21933079  -0.780  -0.805  -1.410  -2.208   4
   3.21963120  -0.817  -0.867  -1.511  -2.341   0
   3.21995091  -0.905  -0.985  -1.656  -2.509   0
   3.22057033  -1.003  -1.110  -1.804  -2.674   0
   3.22129512  -1.079  -1.203  -1.911  -2.791   0
   3.22185969  -1.118  -1.251  -1.966  -2.851   0
   3.23247433  -1.067  -1.180  -1.878  -2.752   0
   3.26265717  -1.095  -1.169  -1.826  -2.669   4
   3.27921319  -1.359  -1.401  -1.986  -2.764   0
   3.28704762  -1.601  -1.620  -2.118  -2.814   0
   3.29288220  -1.787  -1.814  -2.215  -2.805   0
   3.29635763  -1.876  -1.922  -2.268  -2.790   0
   3.30002165  -1.948  -2.022  -2.316  -2.770   0
   3.30389810  -2.010  -2.113  -2.358  -2.745   0
   3.30801606  -2.065  -2.195  -2.396  -2.722   0
   3.31276989  -2.120  -2.275  -2.426  -2.693   0
   3.31810617  -2.177  -2.344  -2.450  -2.661   0
   3.32418656  -2.239  -2.405  -2.469  -2.623   0
   3.33080769  -2.297  -2.434  -2.469  -2.580   3
   3.33764315  -2.349  -2.450  -2.460  -2.538   0
   3.34558868  -2.401  -2.453  -2.442  -2.493   0
   3.35533690  -2.446  -2.444  -2.418  -2.451   0
   3.37015963  -2.502  -2.442  -2.402  -2.419   0
   3.39102125  -2.565  -2.461  -2.411  -2.418   0
   3.40976024  -2.637  -2.570  -2.529  -2.546   0
   3.41517210  -2.659  -2.619  -2.584  -2.610   0
   3.41893649  -2.668  -2.667  -2.641  -2.677   0
   3.42118740  -2.673  -2.707  -2.690  -2.736   0
   3.42735696  -2.628  -2.783  -2.825  -2.954   0
   3.42796659  -2.598  -2.770  -2.842  -3.013   0
   3.42838597  -2.564  -2.741  -2.848  -3.069   3
   3.42872310  -2.521  -2.679  -2.840  -3.124   0
   3.42895198  -2.476  -2.612  -2.823  -3.170   0
   3.42912459  -2.431  -2.543  -2.799  -3.206   0
   3.42925000  -2.372  -2.459  -2.766  -3.238   0
   3.42936635  -2.306  -2.369  -2.726  -3.265   0
   3.42949152  -2.169  -2.209  -2.652  -3.290   0
   3.42962980  -1.933  -1.981  -2.524  -3.265   0
   3.42965984  -1.872  -1.928  -2.489  -3.247   0
   3.42979765  -1.615  -1.698  -2.334  -3.157   4
   3.42990947  -1.512  -1.650  -2.352  -3.228   0
   3.42997575  -1.615  -1.795  -2.533  -3.435   0
   3.43077493  -1.759  -1.987  -2.767  -3.701   0
   3.43122792  -1.855  -2.124  -2.934  -3.891   0
   3.43168616  -1.933  -2.248  -3.087  -4.065   0
   3.43202686  -1.990  -2.338  -3.198  -4.191   0
   3.43237305  -2.047  -2.428  -3.310  -4.318   0
   3.43271375  -2.103  -2.515  -3.417  -4.438   0
   3.43317175  -2.182  -2.637  -3.568  -4.610   0
   3.43351245  -2.243  -2.734  -3.690  -4.749   0
   3.43386316  -2.309  -2.843  -3.829  -4.908   0
   3.43421912  -2.360  -2.958  -3.981  -5.087   0
   3.43452954  -2.396  -3.066  -4.129  -5.266   0
   3.43478847  -2.421  -3.162  -4.268  -5.435   0
   3.43501234  -2.449  -3.261  -4.409  -5.606   0
   3.43516970  -2.465  -3.336  -4.519  -5.741   0
   3.43530202  -2.474  -3.402  -4.621  -5.868   0
   3.43543911  -2.471  -3.472  -4.731  -6.011   0
   3.43555093  -2.467  -3.527  -4.820  -6.126   0
   3.43565273  -2.476  -3.566  -4.876  -6.196   0
   3.43574929  -2.482  -3.602  -4.929  -6.263   2
   3.43592191  -2.514  -3.462  -4.692  -5.947   0
   3.43593216  -2.510  -3.421  -4.628  -5.867   0
   3.43594217  -2.512  -3.422  -4.629  -5.868   0
   3.43596768  -2.516  -3.487  -4.730  -5.995   0
   3.43600321  -2.505  -3.540  -4.819  -6.114   0
   3.43603897  -2.494  -3.578  -4.885  -6.202   0
   3.43608451  -2.480  -3.626  -4.968  -6.314   0
   3.43615699  -2.476  -3.644  -5.000  -6.356   0
   3.43622947  -2.472  -3.663  -5.031  -6.398   0
   3.43630195  -2.468  -3.681  -5.063  -6.440   0
   3.43637443  -2.463  -3.699  -5.094  -6.482   0
   3.43644691  -2.458  -3.717  -5.125  -6.525   0
   3.43651962  -2.453  -3.735  -5.157  -6.567   0
   3.43657756  -2.449  -3.749  -5.182  -6.601   0
   3.43665004  -2.442  -3.764  -5.210  -6.640   0
   3.43672252  -2.439  -3.771  -5.221  -6.656   0
   3.43679523  -2.437  -3.775  -5.229  -6.667   0
   3.43703651  -2.432  -3.785  -5.249  -6.694   0
   3.43731976  -2.426  -3.798  -5.272  -6.726   0
   3.43760300  -2.420  -3.809  -5.295  -6.758   0
   3.43788743  -2.413  -3.821  -5.318  -6.789   0
   3.43817258  -2.406  -3.832  -5.340  -6.820   0
   3.43845892  -2.399  -3.843  -5.361  -6.850   0
   3.43874669  -2.393  -3.853  -5.381  -6.879   0
   3.43903661  -2.395  -3.867  -5.402  -6.906   0
   3.43932867  -2.400  -3.882  -5.422  -6.932   0
   3.43962383  -2.405  -3.896  -5.441  -6.956   0
   3.43992233  -2.409  -3.910  -5.461  -6.981   0
   3.44029999  -2.415  -3.927  -5.485  -7.012   0
   3.44067931  -2.420  -3.945  -5.509  -7.043   0
   3.44105959  -2.425  -3.962  -5.533  -7.074   0
   3.44144130  -2.430  -3.979  -5.557  -7.105   0
   3.44181585  -2.435  -3.996  -5.580  -7.134   0
   3.44217229  -2.440  -4.011  -5.602  -7.163   0
   3.44251156  -2.444  -4.026  -5.622  -7.189   0
   3.44289804  -2.448  -4.042  -5.645  -7.219   0
   3.44326448  -2.452  -4.057  -5.667  -7.247   0
   3.44361234  -2.455  -4.072  -5.687  -7.273   0
   3.44399786  -2.459  -4.087  -5.709  -7.302   0
   3.44436312  -2.462  -4.101  -5.729  -7.328   0
   3.44475794  -2.464  -4.116  -5.751  -7.357   0
   3.44513059  -2.466  -4.129  -5.770  -7.383   0
   3.44552684  -2.468  -4.143  -5.791  -7.410   0
   3.44591546  -2.469  -4.156  -5.810  -7.436   0
   3.44626188  -2.466  -4.163  -5.823  -7.455   0
   3.44642520  -2.457  -4.159  -5.823  -7.458   3
   3.44651031  -2.446  -4.152  -5.817  -7.454   0
   3.44655609  -2.434  -4.142  -5.809  -7.447   0
   3.44657993  -2.422  -4.132  -5.800  -7.439   0
   3.44659209  -2.411  -4.123  -5.791  -7.431   0
   3.44659758  -2.402  -4.115  -5.784  -7.424   0
   3.44660258  -2.390  -4.103  -5.773  -7.414   0
   3.44660759  -2.362  -4.078  -5.750  -7.392   0
   3.44661498  -2.326  -4.046  -5.719  -7.364   0
