   0.15000001  13.823  12.802  11.453   9.850   0
   0.20000000  12.445  11.675  10.489   9.067   0
   0.25000000  11.682  10.989   9.868   8.528   0
   0.30000001  11.180  10.541   9.462   8.175   0
   0.34999999  10.743  10.152   9.107   7.866   0
   0.40000001  10.337   9.789   8.775   7.575   0
   0.44999999   9.834   9.347   8.370   7.220   0
   0.50000000   9.322   8.910   7.976   6.885   0
   0.55000001   8.659   8.375   7.508   6.497   0
   0.60000002   7.929   7.805   7.021   6.100   0
   0.67015225   6.947   7.027   6.373   5.566   0
   0.69999999   6.572   6.721   6.121   5.357   0
   0.74628818   6.050   6.267   5.741   5.040   0
   0.79387283   5.580   5.830   5.366   4.726   0
   0.80000001   5.522   5.776   5.319   4.686   0
   0.80531639   5.474   5.729   5.278   4.651   0
   0.84418148   5.134   5.392   4.982   4.399   0
   0.87780392   4.858   5.106   4.727   4.183   0
   0.89999998   4.679   4.919   4.559   4.040   0
   0.91938543   4.534   4.758   4.414   3.920   0
   0.94973445   4.305   4.504   4.186   3.731   0
   0.97767705   4.096   4.267   3.972   3.556   0
   1.00000000   3.929   4.074   3.798   3.413   0
   1.02427530   3.747   3.858   3.607   3.266   0
   1.05010200   3.549   3.621   3.399   3.108   0
   1.07648373   3.338   3.369   3.177   2.939   0
   1.08952975   3.233   3.249   3.071   2.857   0
   1.10000002   3.147   3.150   2.984   2.788   0
   1.10013676   3.146   3.149   2.983   2.787   0
   1.10828388   3.074   3.068   2.910   2.728   0
   1.11273777   3.033   3.023   2.870   2.694   0
   1.11915553   2.973   2.956   2.809   2.642   0
   1.12349963   2.931   2.910   2.767   2.605   0
   1.12389588   2.928   2.906   2.763   2.602   0
   1.16048634   2.538   2.489   2.375   2.247   1
   1.17383659   2.358   2.305   2.180   2.031   0
   1.18126225   2.239   2.195   2.043   1.852   0
   1.18498385   2.174   2.150   1.966   1.723   0
   1.18759298   2.130   2.140   1.915   1.601   0
   1.18975294   2.109   2.170   1.889   1.479   0
   1.19144523   2.128   2.236   1.889   1.380   3
   1.19289029   2.178   2.312   1.909   1.322   0
   1.19415712   2.264   2.403   1.949   1.302   0
   1.19559157   2.392   2.519   2.011   1.308   0
   1.19651377   2.473   2.590   2.049   1.315   4
   1.19889319   2.461   2.545   1.961   1.187   0
   1.20000005   2.389   2.461   1.865   1.081   0
   1.20058930   2.351   2.418   1.815   1.026   0
   1.20211351   2.218   2.272   1.659   0.860   0
   1.20355844   2.076   2.118   1.496   0.689   0
   1.20481360   1.935   1.966   1.336   0.521   0
   1.20594990   1.796   1.815   1.177   0.354   0
   1.20692956   1.661   1.670   1.024   0.195   0
   1.20785213   1.526   1.525   0.870   0.033   0
   1.20866668   1.399   1.382   0.718  -0.127   0
   1.20937836   1.277   1.246   0.573  -0.280   0
   1.21002984   1.158   1.111   0.428  -0.433   0
   1.21062100   1.038   0.974   0.280  -0.590   0
   1.21111882   0.925   0.843   0.137  -0.742   0
   1.21158659   0.809   0.710  -0.007  -0.895   0
   1.21202052   0.696   0.578  -0.152  -1.050   0
   1.21240389   0.583   0.448  -0.296  -1.204   0
   1.21275008   0.473   0.319  -0.438  -1.356   0
   1.21309543   0.363   0.193  -0.578  -1.507   0
   1.21330822   0.317   0.140  -0.636  -1.569   0
   1.21355128   0.423   0.265  -0.495  -1.416   0
   1.21359348   0.437   0.282  -0.476  -1.394   1
   1.21385598   0.328   0.155  -0.616  -1.546   0
   1.21414578   0.214   0.019  -0.769  -1.712   0
   1.21441984   0.109  -0.118  -0.924  -1.879   0
   1.21465421   0.015  -0.244  -1.069  -2.037   0
   1.21487617  -0.082  -0.374  -1.218  -2.201   0
   1.21506631  -0.174  -0.499  -1.364  -2.361   0
   1.21523142  -0.258  -0.616  -1.501  -2.514   0
   1.21538746  -0.342  -0.735  -1.644  -2.673   0
   1.21552074  -0.417  -0.847  -1.780  -2.825   0
   1.21564841  -0.483  -0.957  -1.919  -2.985   0
   1.21575785  -0.547  -1.065  -2.052  -3.135   0
   1.21586049  -0.599  -1.169  -2.184  -3.288   0
   1.21595514  -0.648  -1.271  -2.315  -3.440   0
   1.21603489  -0.667  -1.355  -2.436  -3.589   0
   1.21611023  -0.704  -1.447  -2.560  -3.735   0
   1.21617746  -0.745  -1.542  -2.686  -3.883   0
   1.21620607  -0.758  -1.577  -2.733  -3.940   2
   1.21620607   0.904   0.932   0.362  -0.405   1
   1.21668446   0.910   0.931   0.350  -0.425   0
   1.21725917   0.902   0.918   0.332  -0.448   0
   1.21751571   0.896   0.912   0.325  -0.456   0
   1.21782887   0.887   0.903   0.316  -0.464   0
   1.21839273   0.868   0.885   0.302  -0.475   0
   1.21897316   0.849   0.868   0.288  -0.486   0
   1.21956646   0.830   0.850   0.274  -0.498   0
   1.22018111   0.812   0.833   0.259  -0.510   0
   1.22080290   0.794   0.816   0.245  -0.522   0
   1.22142494   0.777   0.799   0.231  -0.535   0
   1.22203302   0.760   0.783   0.217  -0.547   0
   1.22262907   0.746   0.769   0.204  -0.558   0
   1.22322607   0.733   0.756   0.192  -0.570   0
   1.22328484   0.731   0.754   0.190  -0.571   0
   1.22385359   0.721   0.743   0.179  -0.584   0
   1.22449446   0.712   0.732   0.165  -0.599   0
   1.22513616   0.704   0.721   0.151  -0.616   0
   1.22586334   0.694   0.708   0.132  -0.640   0
   1.22664428   0.686   0.694   0.109  -0.671   0
   1.22703338   0.681   0.684   0.092  -0.693   0
   1.22749698   0.669   0.666   0.066  -0.726   0
   1.22805846   0.642   0.625   0.008  -0.800   0
   1.22824907   0.617   0.592  -0.038  -0.856   0
   1.22834325   0.573   0.536  -0.110  -0.942   0
   1.22836792   0.537   0.486  -0.173  -1.016   0
   1.22838485   0.471   0.395  -0.285  -1.145   0
   1.22839594   0.359   0.253  -0.452  -1.330   0
   1.22840500   0.255   0.124  -0.601  -1.495   0
   1.22841573   0.155   0.001  -0.742  -1.650   0
   1.22842598   0.113  -0.051  -0.801  -1.715   0
   1.22850060   0.201   0.058  -0.676  -1.578   1
   1.22865748   0.084  -0.089  -0.846  -1.765   0
   1.22873056  -0.033  -0.235  -1.016  -1.952   0
   1.22880363  -0.144  -0.384  -1.191  -2.146   0
   1.22887671  -0.249  -0.537  -1.372  -2.348   0
   1.22892547  -0.327  -0.651  -1.509  -2.501   0
   1.22898400  -0.422  -0.793  -1.682  -2.697   0
   1.22902739  -0.490  -0.905  -1.823  -2.858   0
   1.22906542  -0.556  -1.023  -1.978  -3.038   0
   1.22909176  -0.618  -1.137  -2.122  -3.204   0
   1.22911239  -0.667  -1.237  -2.251  -3.354   0
   1.22913098  -0.704  -1.330  -2.375  -3.501   0
   1.22914922  -0.727  -1.417  -2.498  -3.650   0
   1.22917187  -0.781  -1.580  -2.725  -3.922   0
   1.22917509  -0.791  -1.636  -2.808  -4.025   0
   1.22917819  -0.794  -1.653  -2.834  -4.057   0
   1.22918117  -0.797  -1.670  -2.860  -4.090   0
   1.22918427  -0.800  -1.688  -2.886  -4.122   0
   1.22918725  -0.801  -1.704  -2.910  -4.153   0
   1.22918975  -0.802  -1.717  -2.930  -4.178   0
   1.22919273  -0.803  -1.734  -2.955  -4.210   0
   1.22919583  -0.804  -1.751  -2.981  -4.242   0
   1.22919893  -0.805  -1.768  -3.006  -4.275   0
   1.22920191  -0.805  -1.785  -3.032  -4.307   0
   1.22920501  -0.806  -1.801  -3.057  -4.339   0
   1.22920799  -0.806  -1.818  -3.082  -4.371   0
   1.22921109  -0.806  -1.834  -3.108  -4.403   0
   1.22921407  -0.805  -1.850  -3.133  -4.436   0
   1.22921705  -0.805  -1.866  -3.158  -4.467   0
   1.22922003  -0.804  -1.882  -3.182  -4.498   0
   1.22922289  -0.803  -1.897  -3.206  -4.529   0
   1.22922575  -0.802  -1.913  -3.231  -4.561   0
   1.22922873  -0.801  -1.928  -3.255  -4.592   0
   1.22923160  -0.800  -1.943  -3.279  -4.623   0
   1.22923446  -0.797  -1.957  -3.302  -4.654   0
   1.22923732  -0.795  -1.971  -3.326  -4.685   0
   1.22923970  -0.793  -1.982  -3.344  -4.710   0
   1.22924256  -0.790  -1.994  -3.366  -4.738   0
   1.22924554  -0.787  -2.001  -3.378  -4.755   0
   1.22924840  -0.784  -2.008  -3.390  -4.771   0
   1.22925127  -0.782  -2.015  -3.402  -4.788   0
   1.22925425  -0.780  -2.022  -3.415  -4.806   0
   1.22925711  -0.777  -2.030  -3.428  -4.823   0
   1.22925997  -0.775  -2.037  -3.441  -4.841   0
   1.22926283  -0.773  -2.044  -3.454  -4.858   0
   1.22926581  -0.770  -2.051  -3.467  -4.876   0
   1.22926867  -0.767  -2.058  -3.480  -4.893   0
   1.22927153  -0.765  -2.066  -3.493  -4.910   0
   1.22927451  -0.762  -2.073  -3.505  -4.928   0
   1.22927737  -0.759  -2.080  -3.518  -4.946   0
   1.22928321  -0.754  -2.088  -3.534  -4.968   0
   1.22929096  -0.748  -2.099  -3.556  -4.999   0
   1.22929871  -0.742  -2.110  -3.577  -5.028   0
   1.22930634  -0.736  -2.121  -3.598  -5.057   0
   1.22931397  -0.729  -2.131  -3.618  -5.087   0
   1.22932160  -0.722  -2.141  -3.638  -5.116   0
   1.22932899  -0.716  -2.151  -3.658  -5.145   0
   1.22933650  -0.708  -2.161  -3.678  -5.174   0
   1.22934389  -0.701  -2.171  -3.698  -5.204   0
   1.22935128  -0.693  -2.180  -3.718  -5.233   0
   1.22935855  -0.685  -2.189  -3.737  -5.262   0
   1.22936583  -0.676  -2.198  -3.757  -5.291   0
   1.22937298  -0.667  -2.207  -3.776  -5.320   0
   1.22938013  -0.658  -2.216  -3.796  -5.350   0
   1.22938716  -0.649  -2.224  -3.815  -5.379   0
   1.22939420  -0.638  -2.232  -3.834  -5.408   0
   1.22940123  -0.631  -2.242  -3.854  -5.437   0
   1.22940803  -0.635  -2.257  -3.876  -5.465   0
   1.22941494  -0.639  -2.273  -3.898  -5.494   0
   1.22942173  -0.643  -2.288  -3.920  -5.523   0
   1.22942853  -0.646  -2.304  -3.942  -5.551   0
   1.22943521  -0.650  -2.319  -3.964  -5.580   0
   1.22944176  -0.653  -2.334  -3.986  -5.608   0
   1.22944844  -0.656  -2.349  -4.007  -5.637   0
   1.22945487  -0.659  -2.364  -4.029  -5.665   0
   1.22946143  -0.661  -2.379  -4.051  -5.694   0
   1.22946775  -0.663  -2.393  -4.072  -5.722   0
   1.22947419  -0.665  -2.408  -4.093  -5.751   0
   1.22948039  -0.666  -2.421  -4.114  -5.779   0
   1.22948670  -0.680  -2.440  -4.135  -5.806   2
   1.22949290  -0.710  -2.465  -4.155  -5.833   0
   1.22949898  -0.741  -2.491  -4.176  -5.860   0
   1.22950506  -0.775  -2.519  -4.198  -5.887   0
   1.22950816  -0.794  -2.534  -4.210  -5.901   0
