   0.15000001  13.765  12.795  11.455   9.867   0
   0.20000000  12.339  11.665  10.496   9.091   0
   0.25000000  11.560  10.978   9.873   8.545   0
   0.30000001  11.059  10.537   9.471   8.193   0
   0.34999999  10.623  10.153   9.120   7.885   0
   0.40000001  10.213   9.790   8.786   7.588   0
   0.44999999   9.731   9.369   8.401   7.246   0
   0.50000000   9.242   8.953   8.026   6.922   0
   0.55000001   8.626   8.449   7.587   6.554   0
   0.60000002   7.730   7.767   7.043   6.141   0
   0.69999999   6.587   6.805   6.234   5.467   0
   0.80000001   5.668   5.964   5.512   4.867   0
   0.89999998   4.957   5.241   4.874   4.336   0
   0.96852183   4.554   4.792   4.476   4.014   0
   1.00000000   4.385   4.598   4.303   3.875   0
   1.10000002   3.910   4.021   3.796   3.499   0
   1.20000005   3.507   3.522   3.372   3.215   0
   1.29999995   3.148   3.142   3.063   3.001   0
   1.39999998   2.818   2.855   2.823   2.820   0
   1.50000000   2.526   2.632   2.635   2.665   0
   1.60000002   2.257   2.437   2.467   2.520   0
   1.70000005   2.020   2.268   2.319   2.389   0
   1.75000000   1.911   2.190   2.250   2.326   0
   1.76999998   1.869   2.160   2.223   2.302   0
   1.79999995   1.807   2.115   2.182   2.266   0
   1.83514643   1.734   2.063   2.135   2.223   0
   1.89999998   1.607   1.969   2.049   2.146   0
   2.00000000   1.420   1.830   1.922   2.029   0
   2.17063379   1.127   1.606   1.714   1.837   0
   2.20000005   1.078   1.567   1.677   1.803   0
   2.44322085   0.704   1.262   1.389   1.532   0
   2.50000000   0.619   1.190   1.321   1.467   0
   2.67714167   0.368   0.972   1.113   1.267   0
   2.87797785   0.087   0.722   0.871   1.034   0
   3.00000000  -0.084   0.566   0.720   0.886   0
   3.06697059  -0.174   0.483   0.639   0.807   0
   3.22108054  -0.387   0.283   0.443   0.615   0
   3.35434461  -0.578   0.102   0.265   0.438   0
   3.46885848  -0.752  -0.070   0.094   0.267   0
   3.50000000  -0.801  -0.119   0.045   0.218   0
   3.57568955  -0.918  -0.237  -0.072   0.100   1
   3.66288519  -1.064  -0.385  -0.221  -0.050   0
   3.73849821  -1.200  -0.527  -0.363  -0.195   0
   3.80562639  -1.331  -0.666  -0.504  -0.338   0
   3.83617067  -1.393  -0.731  -0.569  -0.405   0
   3.86487913  -1.451  -0.790  -0.629  -0.465   0
   3.87697530  -1.474  -0.812  -0.650  -0.487   0
   3.89677668  -1.504  -0.836  -0.672  -0.507   3
   3.90674663  -1.506  -0.824  -0.658  -0.488   0
   3.91367126  -1.500  -0.793  -0.621  -0.444   0
   3.91565561  -1.503  -0.776  -0.599  -0.417   0
   3.91678739  -1.512  -0.767  -0.586  -0.399   0
   3.91691089  -1.506  -0.764  -0.583  -0.396   0
   3.91741586  -1.496  -0.780  -0.606  -0.427   0
   3.91809678  -1.620  -0.934  -0.766  -0.596   0
   3.91890907  -1.750  -1.091  -0.928  -0.767   0
   3.91996264  -1.869  -1.241  -1.086  -0.936   0
   3.92097211  -1.962  -1.366  -1.218  -1.078   0
   3.92211270  -2.059  -1.500  -1.361  -1.233   0
   3.92303371  -2.136  -1.612  -1.479  -1.363   0
   3.92399836  -2.218  -1.736  -1.612  -1.509   0
   3.92499590  -2.309  -1.878  -1.765  -1.678   0
   3.92567468  -2.374  -1.985  -1.881  -1.806   0
   3.92634320  -2.438  -2.097  -2.003  -1.944   0
   3.92703295  -2.505  -2.229  -2.148  -2.107   0
   3.92751479  -2.550  -2.332  -2.261  -2.236   0
   3.92771196  -2.570  -2.380  -2.314  -2.297   0
   3.92793703  -2.587  -2.432  -2.372  -2.364   0
   3.92814946  -2.604  -2.483  -2.430  -2.431   0
   3.92833161  -2.612  -2.525  -2.480  -2.490   0
   3.92849565  -2.619  -2.565  -2.526  -2.546   0
   3.92865920  -2.619  -2.601  -2.572  -2.603   0
   3.92879248  -2.616  -2.631  -2.610  -2.652   0
   3.92892575  -2.610  -2.659  -2.648  -2.702   0
   3.92906475  -2.595  -2.676  -2.679  -2.751   0
   3.92916799  -2.582  -2.691  -2.704  -2.791   0
   3.92926455  -2.567  -2.695  -2.722  -2.828   0
   3.92937326  -2.547  -2.693  -2.737  -2.869   0
   3.92947602  -2.524  -2.687  -2.750  -2.910   0
   3.92954254  -2.508  -2.671  -2.751  -2.935   0
   3.92960286  -2.492  -2.655  -2.752  -2.959   0
   3.92966318  -2.475  -2.640  -2.753  -2.982   3
   3.92974162  -2.454  -2.607  -2.746  -3.008   0
   3.92986226  -2.419  -2.549  -2.730  -3.044   0
   3.93006730  -2.359  -2.446  -2.693  -3.094   0
   3.93032646  -2.286  -2.316  -2.651  -3.175   0
   3.93084383  -2.045  -2.035  -2.547  -3.281   0
   3.93359303  -1.858  -1.897  -2.522  -3.368   2
   3.94072771  -2.307  -2.309  -2.764  -3.435   0
   3.94385457  -2.498  -2.548  -2.866  -3.369   0
   3.94581795  -2.558  -2.642  -2.907  -3.336   0
   3.94781780  -2.609  -2.725  -2.939  -3.299   0
   3.94967771  -2.649  -2.789  -2.961  -3.267   0
   3.95203376  -2.694  -2.859  -2.980  -3.224   0
   3.95535111  -2.747  -2.913  -2.987  -3.166   3
   3.95867038  -2.792  -2.942  -2.982  -3.114   0
   3.96188545  -2.831  -2.953  -2.971  -3.070   0
   3.96526766  -2.864  -2.946  -2.946  -3.020   0
   3.97019625  -2.901  -2.927  -2.908  -2.956   0
   3.97537732  -2.922  -2.889  -2.855  -2.887   0
   3.98031998  -2.933  -2.848  -2.804  -2.821   0
   3.98650622  -2.940  -2.804  -2.750  -2.754   0
   3.99336004  -2.937  -2.753  -2.690  -2.681   0
   4.00000000  -2.933  -2.710  -2.638  -2.618   0
   4.00038338  -2.932  -2.707  -2.635  -2.615   0
   4.01008940  -2.929  -2.661  -2.581  -2.548   0
   4.02129173  -2.922  -2.612  -2.524  -2.479   0
   4.03433418  -2.915  -2.563  -2.467  -2.411   0
   4.05026484  -2.912  -2.520  -2.417  -2.349   0
   4.06860828  -2.908  -2.479  -2.368  -2.289   0
   4.09310627  -2.917  -2.452  -2.333  -2.244   0
   4.11426401  -2.949  -2.472  -2.351  -2.258   1
   4.14835978  -3.082  -2.631  -2.516  -2.433   0
   4.15913057  -3.162  -2.743  -2.635  -2.562   0
   4.16390181  -3.223  -2.839  -2.738  -2.676   0
   4.16604900  -3.274  -2.927  -2.833  -2.784   0
   4.16707659  -3.315  -3.005  -2.919  -2.881   0
   4.16771841  -3.350  -3.080  -3.003  -2.977   0
   4.16810322  -3.376  -3.146  -3.076  -3.062   0
   4.16834688  -3.391  -3.206  -3.144  -3.143   0
   4.16852617  -3.395  -3.260  -3.208  -3.219   0
   4.16862917  -3.386  -3.297  -3.254  -3.277   0
   4.16864204  -3.385  -3.303  -3.260  -3.285   0
   4.16872072  -3.361  -3.335  -3.303  -3.342   0
   4.16880035  -3.328  -3.370  -3.354  -3.414   0
   4.16886616  -3.280  -3.392  -3.401  -3.493   0
   4.16893196  -3.220  -3.384  -3.430  -3.579   0
   4.16899824  -3.150  -3.326  -3.433  -3.669   3
   4.16905069  -3.079  -3.220  -3.414  -3.754   0
   4.16907692  -3.043  -3.159  -3.397  -3.797   0
   4.16910362  -3.001  -3.089  -3.377  -3.841   0
   4.16914320  -2.959  -3.019  -3.357  -3.889   0
   4.16916943  -2.909  -2.951  -3.337  -3.929   0
   4.16924858  -2.830  -2.862  -3.332  -4.018   0
   4.16944647  -2.801  -2.847  -3.380  -4.133   3
   4.16986847  -2.548  -2.615  -3.226  -4.056   0
   4.17011929  -2.435  -2.559  -3.244  -4.139   0
   4.17026424  -2.497  -2.654  -3.374  -4.298   0
   4.17059374  -2.626  -2.826  -3.584  -4.537   0
   4.17123985  -2.725  -2.963  -3.746  -4.718   0
   4.17195129  -2.808  -3.082  -3.890  -4.880   0
   4.17264986  -2.892  -3.203  -4.038  -5.047   0
   4.17329502  -2.987  -3.333  -4.191  -5.217   0
   4.17388725  -3.066  -3.453  -4.343  -5.392   0
   4.17437458  -3.146  -3.575  -4.495  -5.566   0
   4.17479563  -3.243  -3.704  -4.646  -5.733   0
   4.17515087  -3.303  -3.807  -4.781  -5.893   0
   4.17545319  -3.330  -3.891  -4.902  -6.042   0
   4.17571640  -3.366  -3.978  -5.023  -6.186   0
   4.17597961  -3.448  -4.106  -5.180  -6.365   0
   4.17625570  -3.536  -4.238  -5.341  -6.548   0
   4.17642641  -3.557  -4.319  -5.465  -6.705   2
   4.17657089  -3.550  -4.240  -5.335  -6.535   0
   4.17659760  -3.549  -4.180  -5.233  -6.402   0
   4.17661047  -3.520  -4.096  -5.111  -6.252   1
   4.17668962  -3.533  -4.161  -5.213  -6.381   0
   4.17679453  -3.540  -4.228  -5.321  -6.521   0
   4.17682123  -3.552  -4.254  -5.357  -6.564   0
   4.17689848  -3.558  -4.272  -5.383  -6.596   0
   4.17697573  -3.565  -4.290  -5.409  -6.628   0
   4.17705297  -3.572  -4.308  -5.435  -6.660   0
   4.17713022  -3.578  -4.326  -5.461  -6.693   0
   4.17720747  -3.584  -4.344  -5.487  -6.725   0
   4.17728472  -3.591  -4.362  -5.513  -6.757   0
   4.17736149  -3.597  -4.379  -5.539  -6.789   0
   4.17743778  -3.603  -4.397  -5.564  -6.821   0
   4.17751408  -3.609  -4.414  -5.590  -6.853   0
   4.17759037  -3.614  -4.431  -5.614  -6.884   0
   4.17766619  -3.618  -4.443  -5.632  -6.907   0
   4.17774248  -3.622  -4.454  -5.649  -6.928   0
   4.17781878  -3.626  -4.466  -5.666  -6.949   0
   4.17821407  -3.629  -4.478  -5.685  -6.974   0
   4.17870092  -3.633  -4.493  -5.707  -7.002   0
   4.17919016  -3.637  -4.507  -5.729  -7.029   0
   4.17968082  -3.641  -4.522  -5.751  -7.057   0
   4.18017483  -3.645  -4.535  -5.771  -7.083   0
   4.18079376  -3.648  -4.550  -5.794  -7.112   0
   4.18141365  -3.652  -4.564  -5.816  -7.141   0
   4.18203497  -3.656  -4.578  -5.839  -7.170   0
   4.18265724  -3.659  -4.593  -5.861  -7.198   0
   4.18328142  -3.661  -4.606  -5.883  -7.227   0
   4.18390751  -3.661  -4.619  -5.904  -7.255   0
   4.18453503  -3.660  -4.631  -5.924  -7.283   0
   4.18516445  -3.659  -4.643  -5.945  -7.310   0
   4.18579626  -3.658  -4.655  -5.965  -7.338   0
   4.18642998  -3.657  -4.667  -5.986  -7.365   0
   4.18706656  -3.662  -4.682  -6.007  -7.392   0
   4.18770599  -3.668  -4.697  -6.029  -7.419   0
   4.18834639  -3.674  -4.713  -6.050  -7.446   0
   4.18896294  -3.680  -4.727  -6.071  -7.472   0
   4.18955088  -3.686  -4.741  -6.090  -7.496   0
   4.19011211  -3.691  -4.754  -6.108  -7.519   0
   4.19075441  -3.696  -4.769  -6.129  -7.544   0
   4.19136524  -3.702  -4.783  -6.148  -7.569   0
   4.19194746  -3.706  -4.795  -6.167  -7.592   0
   4.19259310  -3.711  -4.810  -6.187  -7.617   0
   4.19320726  -3.716  -4.823  -6.206  -7.641   0
   4.19387388  -3.721  -4.837  -6.226  -7.666   0
   4.19450665  -3.725  -4.849  -6.244  -7.690   0
   4.19456005  -3.726  -4.851  -6.246  -7.692   0
