   0.15000001  13.866  12.832  11.475   9.866   0
   0.20000000  12.479  11.706  10.518   9.093   0
   0.25000000  11.712  11.016   9.894   8.550   0
   0.30000001  11.214  10.572   9.491   8.201   0
   0.34999999  10.780  10.185   9.138   7.894   0
   0.40000001  10.370   9.819   8.803   7.600   0
   0.44999999   9.886   9.394   8.414   7.259   0
   0.50000000   9.394   8.973   8.034   6.935   0
   0.55000001   8.771   8.466   7.589   6.566   0
   0.60000002   8.080   7.927   7.127   6.190   0
   0.69999999   6.804   6.918   6.290   5.504   0
   0.80000001   5.817   6.061   5.573   4.908   0
   0.89999998   5.083   5.342   4.945   4.380   0
   1.00000000   4.494   4.711   4.385   3.921   0
   1.10000002   4.005   4.141   3.884   3.535   0
   1.20000005   3.582   3.620   3.440   3.233   0
   1.29999995   3.219   3.204   3.099   3.006   0
   1.39999998   2.887   2.895   2.844   2.821   0
   1.50000000   2.592   2.664   2.652   2.669   0
   1.60000002   2.325   2.467   2.486   2.528   0
   1.70000005   2.097   2.308   2.349   2.410   0
   1.75000000   1.989   2.232   2.282   2.350   0
   1.79999995   1.887   2.158   2.216   2.291   0
   1.89999998   1.696   2.022   2.093   2.181   0
   2.00000000   1.524   1.897   1.979   2.078   0
   2.20000005   1.227   1.677   1.777   1.893   0
   2.50000000   0.833   1.370   1.491   1.628   0
   3.00000000   0.301   0.934   1.079   1.239   0
   3.49028325  -0.134   0.564   0.726   0.904   0
   3.50000000  -0.142   0.557   0.720   0.898   0
   3.52587533  -0.163   0.539   0.703   0.882   0
   4.00000000  -0.518   0.237   0.414   0.608   0
   4.50000000  -0.849  -0.047   0.143   0.349   0
   5.00000000  -1.139  -0.299  -0.098   0.118   0
   6.00000000  -1.640  -0.739  -0.521  -0.286   0
   7.00000000  -2.082  -1.133  -0.900  -0.651   0
   7.06593180  -2.109  -1.158  -0.924  -0.674   0
   9.00000000  -2.845  -1.829  -1.574  -1.302   0
  11.28050613  -3.591  -2.511  -2.236  -1.946   0
  12.00000000  -3.819  -2.722  -2.443  -2.149   0
  14.09832382  -4.396  -3.265  -2.978  -2.679   0
  15.00000000  -4.639  -3.499  -3.211  -2.912   0
  16.28956413  -4.947  -3.798  -3.509  -3.211   1
  18.22383499  -5.443  -4.292  -4.004  -3.707   0
  19.73898506  -5.878  -4.743  -4.458  -4.163   0
  20.00000000  -5.968  -4.838  -4.554  -4.261   0
  20.99233818  -6.259  -5.146  -4.869  -4.583   0
  21.62142563  -6.480  -5.381  -5.111  -4.835   0
  21.99540520  -6.592  -5.504  -5.237  -4.964   0
  22.07766151  -6.605  -5.514  -5.246  -4.973   3
  22.17161560  -6.585  -5.475  -5.202  -4.921   0
  22.18473816  -6.560  -5.436  -5.156  -4.867   0
  22.18729782  -6.555  -5.428  -5.147  -4.857   0
  22.19266319  -6.583  -5.465  -5.188  -4.903   0
  22.19480515  -6.629  -5.520  -5.247  -4.967   0
  22.19499969  -6.634  -5.527  -5.254  -4.975   0
  22.19720650  -6.699  -5.607  -5.339  -5.065   0
  22.19894409  -6.753  -5.677  -5.413  -5.143   0
  22.20051384  -6.804  -5.745  -5.485  -5.222   0
  22.20208359  -6.862  -5.818  -5.565  -5.309   0
  22.20369530  -6.941  -5.908  -5.662  -5.416   0
  22.20509529  -7.018  -5.991  -5.753  -5.517   0
  22.20658112  -7.080  -6.075  -5.844  -5.617   0
  22.20787621  -7.138  -6.155  -5.929  -5.710   0
  22.20933914  -7.202  -6.248  -6.029  -5.818   0
  22.21116257  -7.282  -6.364  -6.153  -5.952   0
  22.21328545  -7.376  -6.501  -6.300  -6.111   0
  22.21538544  -7.497  -6.633  -6.446  -6.277   0
  22.21878052  -7.650  -6.819  -6.650  -6.504   0
  22.22378731  -7.769  -7.009  -6.852  -6.722   0
  22.22907257  -7.834  -7.111  -6.960  -6.839   0
  22.23480225  -7.868  -7.159  -7.011  -6.894   2
  22.25189400  -7.815  -7.054  -6.896  -6.766   0
  22.26317406  -7.749  -6.937  -6.772  -6.629   0
  22.27277946  -7.695  -6.843  -6.671  -6.520   0
  22.28366852  -7.626  -6.755  -6.574  -6.411   0
  22.29454422  -7.547  -6.683  -6.490  -6.313   0
  22.31055832  -7.477  -6.601  -6.399  -6.210   0
  22.33168983  -7.425  -6.521  -6.313  -6.116   0
  22.35808563  -7.383  -6.456  -6.242  -6.039   0
  22.39408493  -7.344  -6.393  -6.174  -5.964   0
  22.45645523  -7.312  -6.336  -6.112  -5.895   0
  22.54614639  -7.309  -6.325  -6.099  -5.879   1
  22.81001472  -7.394  -6.437  -6.217  -6.006   0
  23.00021553  -7.472  -6.544  -6.330  -6.126   0
  23.14701843  -7.547  -6.648  -6.441  -6.245   0
  23.25093079  -7.618  -6.747  -6.547  -6.360   0
  23.33736038  -7.717  -6.849  -6.660  -6.489   0
  23.40651703  -7.819  -6.947  -6.772  -6.616   0
  23.46380043  -7.878  -7.044  -6.874  -6.727   0
  23.50699425  -7.937  -7.140  -6.977  -6.838   0
  23.53764153  -7.990  -7.229  -7.072  -6.942   0
  23.56036568  -8.042  -7.319  -7.169  -7.048   0
  23.57185555  -8.079  -7.382  -7.237  -7.123   0
  23.58292580  -8.128  -7.466  -7.328  -7.224   0
  23.59038162  -8.198  -7.534  -7.413  -7.330   0
  23.59512901  -8.254  -7.609  -7.500  -7.434   0
  23.59852028  -8.279  -7.721  -7.613  -7.549   0
  23.60032845  -8.308  -7.831  -7.728  -7.671   0
  23.60168648  -8.351  -7.935  -7.842  -7.800   0
  23.60281563  -8.393  -8.050  -7.968  -7.943   0
  23.60349464  -8.443  -8.124  -8.059  -8.058   0
  23.60439873  -8.487  -8.231  -8.184  -8.209   0
  23.60507774  -8.500  -8.324  -8.286  -8.326   0
  23.60575485  -8.496  -8.417  -8.388  -8.443   0
  23.60643387  -8.490  -8.489  -8.482  -8.567   0
  23.60688591  -8.480  -8.515  -8.528  -8.642   0
  23.60733795  -8.455  -8.530  -8.571  -8.721   0
  23.60801697  -8.369  -8.542  -8.603  -8.806   3
  23.60869598  -8.256  -8.474  -8.595  -8.887   0
  23.60960007  -8.094  -8.326  -8.557  -8.973   0
  23.61050415  -7.868  -8.107  -8.485  -9.049   0
  23.61118317  -7.620  -7.887  -8.401  -9.094   0
  23.61208725  -7.325  -7.655  -8.306  -9.117   0
  23.61299324  -6.981  -7.407  -8.192  -9.111   0
  23.61389732  -6.715  -7.217  -8.093  -9.082   0
  23.61480331  -6.477  -7.066  -8.018  -9.064   4
  23.61531830  -6.549  -7.163  -8.131  -9.189   0
  23.61570549  -6.629  -7.261  -8.241  -9.307   0
  23.61789703  -6.711  -7.359  -8.349  -9.421   0
  23.62034225  -6.765  -7.417  -8.409  -9.481   0
