   0.15000001  13.766  12.796  11.456   9.868   0
   0.20000000  12.340  11.666  10.496   9.092   0
   0.25000000  11.561  10.979   9.874   8.546   0
   0.30000001  11.060  10.538   9.472   8.194   0
   0.34999999  10.625  10.154   9.121   7.886   0
   0.40000001  10.214   9.791   8.787   7.589   0
   0.44999999   9.733   9.371   8.403   7.248   0
   0.50000000   9.245   8.955   8.028   6.924   0
   0.55000001   8.631   8.453   7.591   6.557   0
   0.60000002   7.738   7.773   7.048   6.146   0
   0.69999999   6.598   6.815   6.243   5.475   0
   0.80000001   5.685   5.980   5.527   4.879   0
   0.89999998   4.980   5.265   4.896   4.354   0
   1.00000000   4.410   4.629   4.330   3.897   0
   1.10000002   3.941   4.057   3.829   3.526   0
   1.20000005   3.539   3.557   3.405   3.245   0
   1.29999995   3.181   3.177   3.095   3.032   0
   1.39999998   2.858   2.894   2.861   2.856   0
   1.50000000   2.571   2.675   2.676   2.705   0
   1.60000002   2.314   2.488   2.516   2.568   0
   1.70000005   2.085   2.326   2.375   2.443   0
   1.75000000   1.980   2.252   2.309   2.384   0
   1.76999998   1.940   2.224   2.284   2.362   0
   1.79999995   1.881   2.181   2.245   2.327   0
   1.89999998   1.695   2.048   2.125   2.219   0
   2.00000000   1.524   1.924   2.013   2.118   0
   2.20000005   1.217   1.697   1.804   1.928   0
   2.50000000   0.821   1.390   1.519   1.665   0
   3.00000000   0.278   0.947   1.101   1.274   0
   3.20501661   0.083   0.782   0.945   1.125   0
   3.50000000  -0.182   0.556   0.729   0.920   0
   4.00000000  -0.589   0.203   0.391   0.596   0
   4.14368105  -0.696   0.109   0.300   0.509   0
   4.50000000  -0.955  -0.120   0.080   0.295   0
   4.86953068  -1.201  -0.341  -0.134   0.089   0
   5.00000000  -1.285  -0.417  -0.207   0.018   0
   5.49430466  -1.600  -0.704  -0.486  -0.252   0
   5.98608685  -1.913  -0.994  -0.768  -0.528   1
   6.00000000  -1.921  -1.002  -0.776  -0.536   0
   6.03254175  -1.942  -1.021  -0.795  -0.554   0
   6.45091915  -2.210  -1.274  -1.042  -0.797   0
   6.80334091  -2.446  -1.499  -1.263  -1.015   0
   7.00000000  -2.585  -1.633  -1.396  -1.147   0
   7.10215664  -2.656  -1.702  -1.465  -1.215   0
   7.36890507  -2.852  -1.895  -1.656  -1.406   0
   7.60072899  -3.039  -2.081  -1.842  -1.593   0
   7.80029249  -3.208  -2.253  -2.014  -1.767   1
   7.97347689  -3.375  -2.426  -2.189  -1.945   0
   8.12246132  -3.527  -2.585  -2.349  -2.108   0
   8.19008064  -3.602  -2.663  -2.428  -2.189   0
   8.25320816  -3.672  -2.735  -2.501  -2.263   0
   8.28859329  -3.708  -2.770  -2.537  -2.298   0
   8.32172680  -3.729  -2.785  -2.549  -2.309   3
   8.34292126  -3.736  -2.785  -2.547  -2.305   0
   8.35759544  -3.718  -2.746  -2.502  -2.250   0
   8.36198521  -3.712  -2.730  -2.483  -2.227   0
   8.36464024  -3.718  -2.722  -2.470  -2.209   0
   8.36582661  -3.721  -2.744  -2.498  -2.245   0
   8.36678028  -3.783  -2.825  -2.586  -2.341   0
   8.36761379  -3.877  -2.938  -2.704  -2.467   0
   8.36861420  -4.000  -3.084  -2.858  -2.630   0
   8.36979103  -4.136  -3.247  -3.029  -2.813   0
   8.37113476  -4.277  -3.425  -3.217  -3.014   0
   8.37210941  -4.378  -3.555  -3.355  -3.163   0
   8.37313271  -4.487  -3.698  -3.507  -3.327   0
   8.37404251  -4.588  -3.833  -3.652  -3.484   0
   8.37473774  -4.666  -3.943  -3.769  -3.612   0
   8.37542439  -4.748  -4.059  -3.894  -3.748   0
   8.37611771  -4.835  -4.185  -4.030  -3.899   0
   8.37663651  -4.905  -4.287  -4.141  -4.022   0
   8.37716293  -4.980  -4.397  -4.260  -4.155   0
   8.37769699  -5.062  -4.521  -4.396  -4.307   0
   8.37823105  -5.148  -4.654  -4.540  -4.469   0
   8.37873268  -5.229  -4.783  -4.681  -4.627   0
   8.37917900  -5.293  -4.888  -4.796  -4.756   0
   8.37951374  -5.334  -4.970  -4.884  -4.854   0
   8.38010311  -5.397  -5.090  -5.016  -5.002   0
   8.38082027  -5.467  -5.205  -5.145  -5.153   0
   8.38182259  -5.524  -5.309  -5.262  -5.288   0
   8.38388252  -5.572  -5.410  -5.372  -5.412   2
   8.38947773  -5.579  -5.356  -5.308  -5.332   0
   8.39280319  -5.556  -5.290  -5.231  -5.241   0
   8.39859009  -5.510  -5.197  -5.122  -5.106   0
   8.40227127  -5.486  -5.137  -5.054  -5.028   0
   8.40822124  -5.453  -5.050  -4.959  -4.919   0
   8.41639519  -5.412  -4.954  -4.852  -4.798   0
   8.42387962  -5.369  -4.874  -4.763  -4.696   0
   8.43304348  -5.324  -4.792  -4.672  -4.592   0
   8.44410324  -5.281  -4.715  -4.587  -4.494   0
   8.45708561  -5.237  -4.638  -4.501  -4.396   0
   8.47215652  -5.193  -4.563  -4.418  -4.301   0
   8.49246216  -5.148  -4.486  -4.331  -4.202   0
   8.51248264  -5.111  -4.421  -4.259  -4.119   0
   8.53801918  -5.077  -4.361  -4.192  -4.042   0
   8.57422066  -5.053  -4.309  -4.133  -3.974   0
   8.62880993  -5.057  -4.292  -4.111  -3.946   1
   8.69032383  -5.186  -4.449  -4.276  -4.121   0
   8.70953274  -5.282  -4.576  -4.412  -4.271   0
   8.72163391  -5.378  -4.708  -4.555  -4.429   0
   8.72726440  -5.466  -4.836  -4.695  -4.584   0
   8.73046494  -5.555  -4.974  -4.845  -4.752   0
   8.73200798  -5.631  -5.105  -4.990  -4.918   0
   8.73278904  -5.682  -5.225  -5.123  -5.070   0
   8.73324013  -5.719  -5.351  -5.264  -5.234   0
   8.73350334  -5.767  -5.464  -5.394  -5.388   0
   8.73365593  -5.814  -5.544  -5.489  -5.503   0
   8.73377800  -5.846  -5.614  -5.568  -5.597   0
   8.73387814  -5.869  -5.676  -5.637  -5.677   0
   8.73402977  -5.896  -5.772  -5.741  -5.792   0
   8.73412228  -5.908  -5.826  -5.798  -5.856   0
   8.73432159  -5.929  -5.912  -5.893  -5.964   0
   8.73577976  -5.891  -6.007  -6.022  -6.151   0
   8.73597240  -5.861  -6.003  -6.027  -6.171   3
   8.73617077  -5.797  -5.976  -6.026  -6.213   0
   8.73636246  -5.698  -5.897  -6.003  -6.271   0
   8.73646164  -5.645  -5.845  -5.981  -6.288   0
   8.73660755  -5.557  -5.740  -5.942  -6.322   0
   8.73672390  -5.517  -5.682  -5.943  -6.392   3
   8.73679352  -5.475  -5.625  -5.933  -6.434   0
   8.73699760  -5.236  -5.369  -5.828  -6.497   4
   8.73791790  -4.490  -4.948  -5.867  -6.935   0
   8.73912811  -4.569  -5.069  -6.020  -7.112   0
   8.74022675  -4.622  -5.147  -6.115  -7.220   0
   8.74108696  -4.664  -5.207  -6.189  -7.304   0
   8.74111557  -4.665  -5.209  -6.192  -7.306   0
