   0.15000001  13.738  12.777  11.442   9.858   0
   0.20000000  12.318  11.646  10.479   9.076   0
   0.25000000  11.542  10.962   9.858   8.532   0
   0.30000001  11.039  10.519   9.454   8.178   0
   0.34999999  10.602  10.134   9.102   7.868   0
   0.40000001  10.193   9.773   8.770   7.574   0
   0.44999999   9.696   9.337   8.371   7.219   0
   0.50000000   9.196   8.912   7.989   6.888   0
   0.55000001   8.557   8.391   7.537   6.511   0
   0.60000002   7.637   7.689   6.976   6.084   0
   0.65341192   6.971   7.132   6.508   5.694   0
   0.69999999   6.460   6.690   6.134   5.380   0
   0.76153988   5.836   6.124   5.650   4.978   0
   0.80000001   5.497   5.797   5.363   4.738   0
   0.84009933   5.176   5.470   5.074   4.497   0
   0.89687812   4.758   5.024   4.676   4.165   0
   0.89999998   4.736   5.000   4.655   4.147   0
   0.90070182   4.731   4.995   4.650   4.143   0
   0.94716597   4.419   4.642   4.335   3.888   0
   0.98719269   4.164   4.343   4.067   3.674   0
   1.00000000   4.083   4.247   3.981   3.606   0
   1.02566838   3.928   4.057   3.815   3.484   0
   1.05742943   3.741   3.824   3.612   3.337   0
   1.08724654   3.565   3.609   3.425   3.202   0
   1.10000002   3.489   3.518   3.347   3.146   0
   1.12041640   3.372   3.377   3.226   3.061   0
   1.14365721   3.238   3.228   3.100   2.969   0
   1.16388047   3.119   3.098   2.993   2.889   0
   1.18524170   2.988   2.962   2.878   2.802   0
   1.20000005   2.893   2.873   2.802   2.742   0
   1.21095109   2.819   2.804   2.742   2.694   0
   1.22431159   2.728   2.719   2.668   2.633   0
   1.23633409   2.647   2.644   2.602   2.577   0
   1.24693966   2.577   2.582   2.546   2.528   0
   1.25180233   2.545   2.553   2.520   2.504   0
   1.25639248   2.512   2.525   2.494   2.481   0
   1.26192713   2.467   2.486   2.459   2.450   0
   1.26402688   2.448   2.469   2.444   2.436   0
   1.26825523   2.419   2.442   2.419   2.413   0
   1.27734113   2.369   2.395   2.374   2.370   0
   1.29999995   2.247   2.270   2.251   2.246   0
   1.30097497   2.240   2.263   2.245   2.239   0
   1.30774772   2.192   2.216   2.199   2.194   0
   1.30904710   2.181   2.206   2.190   2.186   0
   1.31762350   2.100   2.137   2.128   2.131   0
   1.32034588   2.055   2.106   2.104   2.114   0
   1.32249427   1.986   2.059   2.067   2.085   0
   1.32301497   1.957   2.035   2.045   2.065   1
   1.32339978   1.939   2.017   2.026   2.045   0
   1.33203948   1.816   1.873   1.878   1.891   0
   1.34579492   1.628   1.637   1.627   1.617   0
   1.35209703   1.523   1.481   1.447   1.404   0
   1.35471761   1.475   1.405   1.345   1.266   0
   1.35635257   1.449   1.363   1.275   1.155   0
   1.35771334   1.429   1.357   1.228   1.048   0
   1.35895443   1.423   1.387   1.203   0.937   3
   1.35970020   1.427   1.429   1.204   0.870   0
   1.36040795   1.433   1.476   1.211   0.810   0
   1.36108136   1.454   1.538   1.229   0.759   0
   1.36172259   1.488   1.603   1.252   0.719   0
   1.36234832   1.527   1.665   1.277   0.692   0
   1.36328077   1.596   1.748   1.316   0.673   0
   1.36435497   1.697   1.852   1.375   0.679   0
   1.36558127   1.769   1.919   1.406   0.671   4
   1.36796331   1.731   1.862   1.312   0.539   0
   1.36969137   1.620   1.736   1.171   0.383   0
   1.37135911   1.492   1.597   1.022   0.225   0
   1.37296283   1.351   1.443   0.860   0.054   0
   1.37443817   1.208   1.290   0.699  -0.116   0
   1.37568378   1.069   1.141   0.544  -0.278   0
   1.37679434   0.943   1.007   0.403  -0.425   0
   1.37784338   0.804   0.859   0.248  -0.588   0
   1.37878430   0.679   0.723   0.105  -0.738   0
   1.37966919   0.551   0.578  -0.050  -0.902   0
   1.38040864   0.436   0.447  -0.192  -1.052   0
   1.38110542   0.317   0.312  -0.338  -1.206   0
   1.38174617   0.199   0.178  -0.482  -1.359   0
   1.38231695   0.087   0.051  -0.619  -1.504   0
   1.38283718  -0.030  -0.080  -0.760  -1.654   0
   1.38333035  -0.156  -0.223  -0.917  -1.822   0
   1.38378453  -0.275  -0.361  -1.067  -1.982   0
   1.38423896  -0.379  -0.481  -1.200  -2.124   0
   1.38440871  -0.388  -0.492  -1.211  -2.136   3
   1.38465071  -0.292  -0.379  -1.084  -1.999   0
   1.38470387  -0.272  -0.355  -1.058  -1.970   0
   1.38504362  -0.389  -0.491  -1.208  -2.132   0
   1.38540101  -0.503  -0.624  -1.354  -2.288   0
   1.38572156  -0.619  -0.759  -1.503  -2.450   0
   1.38599741  -0.716  -0.880  -1.639  -2.597   0
   1.38625777  -0.810  -1.000  -1.776  -2.745   0
   1.38648319  -0.897  -1.113  -1.907  -2.889   0
   1.38669503  -0.981  -1.226  -2.039  -3.035   0
   1.38689315  -1.068  -1.344  -2.176  -3.187   0
   1.38706434  -1.152  -1.455  -2.306  -3.330   0
   1.38722169  -1.236  -1.566  -2.435  -3.472   0
   1.38736355  -1.313  -1.670  -2.557  -3.607   0
   1.38744140  -1.355  -1.727  -2.625  -3.683   2
   1.38744140   0.387   0.472   0.049  -0.584   0
   1.38821101   0.406   0.496   0.053  -0.606   4
   1.38917553   0.410   0.499   0.043  -0.630   0
   1.38964975   0.404   0.493   0.035  -0.640   0
   1.39019978   0.390   0.478   0.023  -0.650   0
   1.39126730   0.359   0.446  -0.001  -0.664   0
   1.39236712   0.325   0.411  -0.026  -0.679   0
   1.39347160   0.296   0.379  -0.050  -0.691   0
   1.39460075   0.268   0.346  -0.074  -0.703   0
   1.39575934   0.239   0.312  -0.098  -0.716   0
   1.39690065   0.211   0.280  -0.121  -0.727   0
   1.39803183   0.185   0.249  -0.143  -0.738   0
   1.39913261   0.162   0.223  -0.164  -0.750   0
   1.40020800   0.142   0.201  -0.182  -0.763   0
   1.40066767   0.132   0.190  -0.190  -0.769   0
   1.40128326   0.126   0.184  -0.198  -0.779   0
   1.40237665   0.116   0.175  -0.212  -0.799   0
   1.40349424   0.109   0.171  -0.225  -0.824   0
   1.40466046   0.107   0.173  -0.238  -0.856   0
   1.40619636   0.109   0.183  -0.253  -0.903   0
   1.40677023   0.118   0.192  -0.258  -0.924   0
   1.40753150   0.132   0.204  -0.267  -0.958   0
   1.40934896   0.165   0.232  -0.293  -1.043   0
   1.40951598   0.189   0.246  -0.299  -1.069   0
   1.40964222   0.210   0.255  -0.313  -1.107   0
   1.40967989   0.213   0.253  -0.327  -1.132   0
   1.40970886   0.193   0.223  -0.373  -1.193   0
   1.40972865   0.082   0.094  -0.524  -1.365   0
   1.40974569  -0.035  -0.046  -0.681  -1.538   0
   1.40977681  -0.149  -0.181  -0.833  -1.704   0
   1.40987718  -0.092  -0.113  -0.758  -1.621   1
   1.41010427  -0.212  -0.256  -0.919  -1.798   0
   1.41023898  -0.352  -0.421  -1.103  -1.998   0
   1.41036880  -0.549  -0.654  -1.364  -2.281   0
   1.41043222  -0.655  -0.780  -1.505  -2.435   0
   1.41049409  -0.760  -0.903  -1.643  -2.585   0
   1.41055846  -0.856  -1.024  -1.781  -2.736   0
   1.41062331  -0.941  -1.139  -1.917  -2.888   0
   1.41069376  -1.031  -1.267  -2.070  -3.058   0
   1.41074669  -1.119  -1.387  -2.211  -3.215   0
   1.41078734  -1.204  -1.501  -2.345  -3.363   0
   1.41082597  -1.299  -1.630  -2.497  -3.532   0
   1.41085827  -1.385  -1.748  -2.637  -3.689   0
   1.41089022  -1.459  -1.856  -2.770  -3.840   0
   1.41092670  -1.562  -2.009  -2.959  -4.055   0
   1.41093361  -1.607  -2.101  -3.080  -4.198   0
   1.41093898  -1.617  -2.121  -3.108  -4.230   0
   1.41094434  -1.626  -2.142  -3.135  -4.263   0
   1.41094971  -1.635  -2.162  -3.163  -4.296   0
   1.41095507  -1.644  -2.182  -3.190  -4.329   0
   1.41096044  -1.653  -2.203  -3.218  -4.361   0
   1.41096580  -1.662  -2.223  -3.246  -4.395   0
   1.41096997  -1.669  -2.240  -3.268  -4.421   0
   1.41097534  -1.678  -2.260  -3.296  -4.455   0
   1.41098070  -1.686  -2.280  -3.324  -4.488   0
   1.41098607  -1.695  -2.301  -3.352  -4.522   0
   1.41099143  -1.703  -2.321  -3.379  -4.555   0
   1.41099572  -1.710  -2.337  -3.402  -4.582   0
   1.41100109  -1.718  -2.357  -3.429  -4.615   0
   1.41100609  -1.726  -2.376  -3.456  -4.647   0
   1.41101015  -1.732  -2.391  -3.477  -4.673   0
   1.41101515  -1.740  -2.410  -3.503  -4.705   0
   1.41102028  -1.748  -2.429  -3.530  -4.737   0
   1.41102529  -1.755  -2.448  -3.557  -4.769   0
   1.41103041  -1.763  -2.467  -3.583  -4.802   0
   1.41103542  -1.770  -2.486  -3.610  -4.835   0
   1.41104054  -1.777  -2.505  -3.637  -4.868   0
   1.41104555  -1.784  -2.524  -3.664  -4.900   0
   1.41105068  -1.792  -2.543  -3.691  -4.933   0
   1.41105568  -1.798  -2.559  -3.714  -4.962   0
   1.41106069  -1.801  -2.568  -3.728  -4.978   0
   1.41106474  -1.803  -2.576  -3.738  -4.991   0
   1.41106880  -1.806  -2.583  -3.749  -5.004   0
   1.41107392  -1.809  -2.592  -3.762  -5.021   0
   1.41107893  -1.812  -2.601  -3.775  -5.037   0
   1.41108406  -1.815  -2.610  -3.789  -5.054   0
   1.41109335  -1.818  -2.621  -3.805  -5.075   0
   1.41110921  -1.823  -2.638  -3.831  -5.107   0
   1.41112483  -1.828  -2.655  -3.856  -5.139   0
   1.41114032  -1.833  -2.672  -3.881  -5.171   0
   1.41115582  -1.837  -2.688  -3.907  -5.203   0
   1.41117120  -1.841  -2.705  -3.932  -5.235   0
   1.41118634  -1.844  -2.720  -3.956  -5.266   0
   1.41120148  -1.844  -2.735  -3.980  -5.297   0
   1.41121638  -1.845  -2.750  -4.003  -5.328   0
   1.41123128  -1.845  -2.764  -4.027  -5.359   0
   1.41124606  -1.845  -2.779  -4.050  -5.390   0
   1.41126072  -1.844  -2.793  -4.074  -5.421   0
   1.41127527  -1.844  -2.807  -4.097  -5.453   0
   1.41128957  -1.843  -2.821  -4.120  -5.483   0
   1.41130388  -1.842  -2.834  -4.143  -5.514   0
   1.41131806  -1.840  -2.848  -4.166  -5.546   0
   1.41133201  -1.839  -2.861  -4.189  -5.577   0
   1.41134608  -1.837  -2.874  -4.212  -5.608   0
   1.41135979  -1.834  -2.887  -4.234  -5.639   0
   1.41137350  -1.832  -2.899  -4.257  -5.670   0
   1.41138721  -1.829  -2.912  -4.279  -5.701   0
   1.41140056  -1.825  -2.924  -4.301  -5.732   0
   1.41141403  -1.821  -2.936  -4.324  -5.763   0
   1.41142726  -1.817  -2.947  -4.346  -5.794   0
   1.41144037  -1.813  -2.958  -4.368  -5.825   0
   1.41145337  -1.808  -2.970  -4.390  -5.857   0
   1.41146624  -1.802  -2.981  -4.413  -5.890   0
   1.41147900  -1.808  -2.999  -4.438  -5.922   0
   1.41149163  -1.814  -3.016  -4.463  -5.953   0
   1.41150165  -1.818  -3.030  -4.483  -5.979   0
   1.41151166  -1.823  -3.044  -4.503  -6.004   0
   1.41152167  -1.827  -3.057  -4.523  -6.030   0
   1.41153145  -1.831  -3.070  -4.543  -6.054   0
   1.41154122  -1.834  -3.083  -4.562  -6.079   0
   1.41155100  -1.838  -3.096  -4.581  -6.104   0
   1.41156077  -1.841  -3.109  -4.600  -6.128   0
   1.41157043  -1.844  -3.121  -4.619  -6.152   0
   1.41157997  -1.846  -3.133  -4.637  -6.175   0
   1.41159189  -1.849  -3.147  -4.659  -6.204   0
   1.41160381  -1.850  -3.161  -4.680  -6.233   0
   1.41161573  -1.851  -3.173  -4.701  -6.260   0
   1.41162765  -1.851  -3.185  -4.721  -6.287   0
   1.41163945  -1.851  -3.196  -4.738  -6.311   0
   1.41165030  -1.849  -3.204  -4.753  -6.332   0
   1.41165817  -1.848  -3.209  -4.763  -6.347   0
