   0.15000001  13.863  12.829  11.473   9.865   0
   0.20000000  12.476  11.703  10.515   9.090   0
   0.25000000  11.710  11.014   9.892   8.548   0
   0.30000001  11.211  10.570   9.488   8.199   0
   0.34999999  10.777  10.182   9.136   7.892   0
   0.40000001  10.368   9.816   8.800   7.597   0
   0.44999999   9.881   9.389   8.409   7.255   0
   0.50000000   9.386   8.966   8.028   6.930   0
   0.55000001   8.758   8.456   7.579   6.557   0
   0.60000002   8.062   7.912   7.113   6.178   0
   0.69999999   6.774   6.891   6.266   5.481   0
   0.80000001   5.772   6.017   5.533   4.873   0
   0.84327078   5.423   5.685   5.245   4.630   0
   0.89999998   5.028   5.285   4.893   4.334   0
   1.00000000   4.433   4.644   4.323   3.867   0
   1.10000002   3.932   4.059   3.808   3.469   0
   1.20000005   3.508   3.537   3.363   3.166   0
   1.29999995   3.136   3.116   3.018   2.933   0
   1.37970841   2.860   2.860   2.806   2.778   0
   1.39999998   2.792   2.804   2.760   2.741   0
   1.43207121   2.688   2.720   2.689   2.685   0
   1.50000000   2.478   2.556   2.551   2.571   0
   1.60000002   2.190   2.341   2.365   2.409   0
   1.65671229   2.039   2.228   2.266   2.321   0
   1.70000005   1.931   2.148   2.194   2.256   0
   1.72753739   1.865   2.099   2.149   2.215   0
   1.75000000   1.811   2.058   2.112   2.181   0
   1.79999995   1.691   1.967   2.028   2.104   0
   1.89999998   1.463   1.789   1.864   1.951   0
   1.91081715   1.439   1.771   1.847   1.935   0
   2.00000000   1.248   1.616   1.701   1.797   0
   2.07910299   1.084   1.479   1.570   1.671   0
   2.20000005   0.832   1.261   1.361   1.470   0
   2.20073128   0.831   1.260   1.360   1.468   0
   2.31982970   0.590   1.044   1.151   1.264   0
   2.42038560   0.382   0.852   0.963   1.079   0
   2.50000000   0.211   0.688   0.801   0.919   0
   2.50867367   0.193   0.671   0.784   0.902   0
   2.58625865   0.025   0.505   0.620   0.737   0
   2.65302062  -0.128   0.349   0.465   0.580   1
   2.71065545  -0.268   0.202   0.316   0.430   0
   2.76103377  -0.398   0.061   0.174   0.283   0
   2.80613613  -0.522  -0.075   0.036   0.141   0
   2.82684207  -0.581  -0.140  -0.030   0.073   0
   2.84627318  -0.637  -0.200  -0.090   0.012   0
   2.85576749  -0.664  -0.227  -0.117  -0.015   0
   2.86829400  -0.695  -0.250  -0.138  -0.034   3
   2.87528300  -0.706  -0.245  -0.130  -0.022   0
   2.88005972  -0.707  -0.213  -0.091   0.026   0
   2.88141727  -0.712  -0.190  -0.062   0.062   0
   2.88220429  -0.730  -0.179  -0.045   0.087   0
   2.88229394  -0.722  -0.174  -0.040   0.091   0
   2.88259792  -0.699  -0.184  -0.058   0.065   0
   2.88295436  -0.791  -0.308  -0.188  -0.074   0
   2.88347721  -0.915  -0.466  -0.353  -0.250   0
   2.88422537  -1.021  -0.616  -0.511  -0.421   0
   2.88500261  -1.101  -0.740  -0.643  -0.565   0
   2.88593292  -1.179  -0.874  -0.787  -0.725   0
   2.88670945  -1.235  -0.984  -0.907  -0.858   0
   2.88754439  -1.289  -1.106  -1.042  -1.011   0
   2.88811803  -1.320  -1.193  -1.141  -1.125   0
   2.88860512  -1.337  -1.267  -1.228  -1.229   0
   2.88909459  -1.340  -1.338  -1.318  -1.340   0
   2.88958645  -1.319  -1.395  -1.403  -1.459   0
   2.89008045  -1.270  -1.407  -1.462  -1.583   0
   2.89032745  -1.235  -1.387  -1.477  -1.649   3
   2.89057159  -1.193  -1.327  -1.474  -1.715   0
   2.89081836  -1.139  -1.233  -1.446  -1.777   0
   2.89106488  -1.065  -1.108  -1.395  -1.833   0
   2.89131141  -0.956  -0.950  -1.323  -1.878   0
   2.89155769  -0.814  -0.786  -1.240  -1.891   0
   2.89204764  -0.522  -0.505  -1.058  -1.809   0
   2.89228296  -0.407  -0.409  -0.999  -1.783   4
   2.89268899  -0.456  -0.488  -1.121  -1.943   0
   2.89305830  -0.555  -0.605  -1.260  -2.100   0
   2.89361954  -0.629  -0.702  -1.374  -2.227   0
   2.89421749  -0.705  -0.796  -1.483  -2.347   0
   2.89482808  -0.776  -0.882  -1.580  -2.453   0
   2.89537382  -0.818  -0.931  -1.635  -2.512   0
   2.89794779  -0.781  -0.886  -1.583  -2.455   0
   2.90923905  -0.718  -0.801  -1.478  -2.336   0
   2.92926478  -0.728  -0.782  -1.432  -2.268   0
   2.93506432  -0.729  -0.779  -1.422  -2.253   4
   2.95315385  -1.026  -1.044  -1.608  -2.368   0
   2.96260476  -1.282  -1.285  -1.759  -2.431   0
   2.97055840  -1.507  -1.540  -1.889  -2.414   0
   2.97577381  -1.606  -1.677  -1.958  -2.390   0
   2.97962689  -1.661  -1.759  -1.998  -2.373   0
   2.98341465  -1.709  -1.830  -2.032  -2.356   0
   2.98781848  -1.761  -1.905  -2.063  -2.333   0
   2.99295974  -1.816  -1.974  -2.090  -2.306   0
   2.99886560  -1.875  -2.037  -2.112  -2.275   0
   3.00000000  -1.885  -2.047  -2.115  -2.269   0
   3.00357342  -1.917  -2.064  -2.117  -2.249   0
   3.01122618  -1.977  -2.100  -2.123  -2.212   3
   3.02061367  -2.038  -2.113  -2.115  -2.176   0
   3.03488350  -2.109  -2.133  -2.116  -2.154   0
   3.05495834  -2.192  -2.175  -2.146  -2.172   0
   3.07416248  -2.259  -2.286  -2.268  -2.310   0
   3.07970548  -2.269  -2.339  -2.337  -2.398   0
   3.08356023  -2.265  -2.381  -2.397  -2.483   0
   3.08586478  -2.250  -2.394  -2.435  -2.556   0
   3.09218025  -2.228  -2.396  -2.485  -2.673   0
   3.09280419  -2.193  -2.364  -2.490  -2.730   3
   3.09323335  -2.157  -2.301  -2.480  -2.783   0
   3.09357834  -2.110  -2.226  -2.460  -2.834   0
   3.09381270  -2.062  -2.150  -2.434  -2.875   0
   3.09398937  -2.006  -2.069  -2.402  -2.906   0
   3.09411740  -1.940  -1.983  -2.365  -2.932   0
   3.09423685  -1.855  -1.884  -2.320  -2.951   0
   3.09436488  -1.721  -1.752  -2.253  -2.952   0
   3.09450626  -1.527  -1.571  -2.137  -2.898   0
   3.09453726  -1.468  -1.517  -2.096  -2.870   0
   3.09466076  -1.244  -1.312  -1.947  -2.770   4
   3.09476137  -1.233  -1.352  -2.043  -2.911   0
   3.09482121  -1.322  -1.475  -2.195  -3.085   0
   3.09553981  -1.424  -1.610  -2.357  -3.267   0
   3.09594703  -1.523  -1.738  -2.509  -3.438   0
   3.09635901  -1.631  -1.878  -2.676  -3.625   0
   3.09666538  -1.716  -2.003  -2.826  -3.793   0
   3.09697652  -1.789  -2.125  -2.981  -3.971   0
   3.09728289  -1.857  -2.233  -3.114  -4.121   0
   3.09769464  -1.946  -2.369  -3.281  -4.309   0
   3.09800100  -2.016  -2.476  -3.413  -4.459   0
   3.09831667  -2.084  -2.590  -3.557  -4.625   0
   3.09863663  -2.153  -2.719  -3.724  -4.818   0
   3.09891558  -2.200  -2.839  -3.886  -5.011   0
   3.09914851  -2.233  -2.949  -4.041  -5.198   0
   3.09934974  -2.258  -3.054  -4.192  -5.383   0
   3.09949136  -2.279  -3.137  -4.312  -5.530   0
   3.09961033  -2.295  -3.215  -4.429  -5.673   0
   3.09973359  -2.289  -3.290  -4.550  -5.829   0
   3.09983420  -2.279  -3.352  -4.652  -5.964   0
   3.09992552  -2.269  -3.408  -4.745  -6.088   0
   3.10001230  -2.250  -3.458  -4.835  -6.209   2
   3.10016751  -2.288  -3.385  -4.698  -6.021   0
   3.10017681  -2.299  -3.329  -4.604  -5.897   0
   3.10018587  -2.308  -3.281  -4.525  -5.792   1
   3.10020876  -2.296  -3.342  -4.628  -5.928   0
   3.10024071  -2.280  -3.401  -4.728  -6.062   0
   3.10027266  -2.260  -3.452  -4.820  -6.188   0
   3.10031390  -2.241  -3.494  -4.897  -6.293   0
   3.10036182  -2.237  -3.508  -4.921  -6.326   0
   3.10040975  -2.233  -3.521  -4.946  -6.359   0
   3.10045767  -2.229  -3.535  -4.970  -6.392   0
   3.10050559  -2.225  -3.549  -4.994  -6.424   0
   3.10055351  -2.220  -3.562  -5.018  -6.457   0
   3.10060143  -2.215  -3.575  -5.042  -6.490   0
   3.10063982  -2.211  -3.586  -5.062  -6.517   0
   3.10068774  -2.206  -3.599  -5.085  -6.548   0
   3.10073590  -2.201  -3.609  -5.104  -6.575   0
   3.10078382  -2.197  -3.619  -5.122  -6.600   0
   3.10094357  -2.191  -3.627  -5.140  -6.625   0
   3.10113072  -2.185  -3.637  -5.158  -6.653   0
   3.10131812  -2.179  -3.647  -5.177  -6.679   0
   3.10150647  -2.173  -3.656  -5.196  -6.706   0
   3.10169482  -2.167  -3.665  -5.214  -6.733   0
   3.10188437  -2.170  -3.678  -5.233  -6.758   0
   3.10207486  -2.174  -3.693  -5.253  -6.784   0
   3.10226655  -2.179  -3.707  -5.273  -6.809   0
   3.10245991  -2.183  -3.721  -5.292  -6.833   0
   3.10265517  -2.188  -3.734  -5.310  -6.857   0
   3.10285258  -2.192  -3.747  -5.329  -6.880   0
   3.10310245  -2.197  -3.763  -5.351  -6.908   0
   3.10335350  -2.201  -3.779  -5.372  -6.936   0
   3.10360503  -2.206  -3.794  -5.393  -6.963   0
   3.10385752  -2.210  -3.809  -5.415  -6.991   0
   3.10410547  -2.214  -3.824  -5.435  -7.017   0
   3.10434127  -2.218  -3.837  -5.455  -7.042   0
   3.10456586  -2.221  -3.850  -5.473  -7.066   0
   3.10482168  -2.225  -3.865  -5.493  -7.093   0
   3.10506415  -2.228  -3.878  -5.513  -7.118   0
   3.10529447  -2.231  -3.891  -5.531  -7.141   0
   3.10554957  -2.234  -3.904  -5.550  -7.167   0
   3.10579133  -2.236  -3.917  -5.569  -7.191   0
   3.10605264  -2.238  -3.930  -5.588  -7.217   0
   3.10629916  -2.240  -3.942  -5.606  -7.240   0
   3.10656142  -2.241  -3.954  -5.624  -7.265   0
   3.10681891  -2.241  -3.965  -5.641  -7.288   0
   3.10704803  -2.236  -3.970  -5.651  -7.303   0
   3.10715628  -2.226  -3.965  -5.649  -7.305   0
   3.10721254  -2.215  -3.957  -5.643  -7.301   0
   3.10724282  -2.202  -3.947  -5.634  -7.293   0
   3.10725856  -2.189  -3.935  -5.624  -7.284   2
   3.10726666  -2.175  -3.923  -5.612  -7.273   0
   3.10727048  -2.160  -3.910  -5.600  -7.262   0
   3.10727382  -2.144  -3.896  -5.587  -7.249   0
   3.10727715  -2.124  -3.877  -5.569  -7.233   0
   3.10728192  -2.100  -3.856  -5.549  -7.214   0
