   0.15000001  13.729  12.738  11.403   9.815   0
   0.20000000  12.372  11.608  10.427   9.012   0
   0.25000000  11.616  10.929   9.813   8.479   0
   0.30000001  11.106  10.473   9.399   8.118   0
   0.34999999  10.663  10.078   9.039   7.805   0
   0.40000001  10.265   9.725   8.716   7.522   0
   0.44999999   9.754   9.278   8.308   7.167   0
   0.50000000   9.191   8.801   7.880   6.805   0
   0.55000001   8.447   8.209   7.365   6.381   0
   0.60000002   7.632   7.573   6.826   5.938   0
   0.61220795   7.422   7.410   6.689   5.826   0
   0.63963294   6.984   7.055   6.395   5.583   0
   0.66425586   6.598   6.740   6.134   5.365   0
   0.68679708   6.278   6.461   5.899   5.167   0
   0.69999999   6.093   6.298   5.761   5.050   0
   0.71669638   5.851   6.083   5.577   4.894   0
   0.73475504   5.611   5.853   5.376   4.720   0
   0.75181657   5.380   5.630   5.178   4.549   0
   0.76865542   5.145   5.400   4.973   4.369   0
   0.78711492   4.889   5.133   4.730   4.154   0
   0.79834098   4.727   4.964   4.573   4.014   0
   0.80000001   4.702   4.937   4.549   3.992   0
   0.80648804   4.605   4.835   4.454   3.907   0
   0.81900996   4.397   4.616   4.251   3.724   0
   0.83185625   4.165   4.367   4.018   3.513   0
   0.83549982   4.097   4.293   3.947   3.448   0
   0.83876312   4.034   4.224   3.882   3.387   0
   0.83967578   4.016   4.205   3.863   3.369   0
   0.84293181   3.949   4.134   3.794   3.304   0
   0.85416061   3.687   3.857   3.518   3.027   1
   0.85971510   3.531   3.702   3.348   2.834   0
   0.86362720   3.411   3.584   3.201   2.647   0
   0.86587429   3.350   3.526   3.106   2.503   0
   0.86755794   3.342   3.513   3.045   2.385   0
   0.86895198   3.385   3.529   3.004   2.287   0
   0.86917228   3.392   3.532   2.997   2.271   0
   0.87038207   3.361   3.472   2.894   2.128   0
   0.87131363   3.266   3.351   2.748   1.961   0
   0.87202239   3.145   3.214   2.599   1.801   0
   0.87265605   3.014   3.071   2.446   1.639   0
   0.87323117   2.878   2.926   2.295   1.482   0
   0.87374777   2.742   2.781   2.144   1.325   0
   0.87424237   2.590   2.622   1.978   1.154   0
   0.87469310   2.446   2.469   1.820   0.990   0
   0.87505859   2.318   2.331   1.676   0.840   0
   0.87539315   2.183   2.183   1.520   0.677   0
   0.87568599   2.058   2.044   1.373   0.523   0
   0.87594616   1.939   1.911   1.232   0.375   0
   0.87618643   1.819   1.777   1.090   0.226   0
   0.87640131   1.702   1.646   0.950   0.079   0
   0.87659085   1.581   1.512   0.806  -0.073   0
   0.87675869   1.468   1.384   0.668  -0.218   0
   0.87690842   1.359   1.258   0.531  -0.363   0
   0.87704009   1.251   1.134   0.397  -0.506   0
   0.87716097   1.146   1.014   0.266  -0.645   0
   0.87727278   1.044   0.896   0.137  -0.784   0
   0.87738460   0.944   0.782   0.012  -0.917   0
   0.87746394   0.895   0.727  -0.048  -0.981   2
   0.87754834   0.934   0.774   0.006  -0.920   0
   0.87764156   0.821   0.643  -0.139  -1.077   0
   0.87772423   0.721   0.518  -0.279  -1.228   0
   0.87780476   0.618   0.385  -0.429  -1.390   0
   0.87787467   0.524   0.261  -0.570  -1.544   0
   0.87794250   0.423   0.127  -0.723  -1.711   0
   0.87799972   0.327  -0.001  -0.871  -1.872   0
   0.87804848   0.244  -0.114  -1.003  -2.019   0
   0.87809515   0.152  -0.240  -1.152  -2.183   0
   0.87813544   0.074  -0.354  -1.289  -2.336   0
   0.87817365  -0.006  -0.477  -1.441  -2.508   0
   0.87820333  -0.062  -0.578  -1.565  -2.650   0
   0.87823302  -0.117  -0.682  -1.695  -2.799   0
   0.87825847  -0.170  -0.784  -1.824  -2.947   0
   0.87828177  -0.214  -0.884  -1.955  -3.101   0
   0.87830091  -0.243  -0.965  -2.067  -3.234   0
   0.87831998  -0.278  -1.056  -2.189  -3.380   0
   0.87833697  -0.309  -1.141  -2.307  -3.521   0
   0.87834966  -0.333  -1.212  -2.406  -3.640   0
   0.87836456  -0.341  -1.287  -2.516  -3.778   0
   0.87837726  -0.340  -1.353  -2.618  -3.908   0
   0.87838787  -0.351  -1.415  -2.708  -4.019   2
   0.87838787   1.121   1.164   0.657  -0.049   1
   0.87847483   1.106   1.143   0.615  -0.112   0
   0.87858480   1.097   1.134   0.603  -0.127   0
   0.87865829   1.092   1.128   0.596  -0.135   0
   0.87869942   1.090   1.126   0.594  -0.137   0
   0.87881798   1.083   1.119   0.589  -0.140   0
   0.87894207   1.077   1.113   0.587  -0.139   0
   0.87907207   1.070   1.107   0.585  -0.136   0
   0.87920612   1.062   1.100   0.583  -0.133   0
   0.87934500   1.055   1.093   0.580  -0.131   0
   0.87948513   1.048   1.087   0.576  -0.133   0
   0.87955189   1.046   1.084   0.574  -0.136   0
   0.87960202   1.044   1.082   0.571  -0.138   0
   0.87969953   1.041   1.078   0.566  -0.145   0
   0.87979668   1.038   1.075   0.559  -0.155   0
   0.87989587   1.035   1.070   0.551  -0.168   0
   0.87999928   1.031   1.065   0.540  -0.185   0
   0.88010699   1.024   1.056   0.525  -0.206   0
   0.88022208   1.014   1.044   0.505  -0.233   0
   0.88037872   1.002   1.025   0.475  -0.274   0
   0.88042575   0.999   1.019   0.464  -0.290   0
   0.88048780   0.993   1.009   0.447  -0.312   0
   0.88078177   0.902   0.883   0.278  -0.519   0
   0.88080496   0.861   0.831   0.210  -0.600   0
   0.88081777   0.802   0.756   0.114  -0.714   0
   0.88082165   0.754   0.692   0.033  -0.810   0
   0.88082457   0.686   0.593  -0.093  -0.957   0
   0.88082695   0.569   0.441  -0.275  -1.162   0
   0.88082933   0.443   0.280  -0.464  -1.373   0
   0.88083279   0.336   0.142  -0.627  -1.554   0
   0.88083375   0.315   0.116  -0.658  -1.588   0
   0.88084614   0.398   0.224  -0.529  -1.444   0
   0.88084978   0.405   0.232  -0.519  -1.433   1
   0.88088721   0.296   0.091  -0.687  -1.621   0
   0.88090920   0.182  -0.074  -0.887  -1.847   0
   0.88092709   0.085  -0.219  -1.063  -2.045   0
   0.88094163  -0.003  -0.355  -1.230  -2.234   0
   0.88095087  -0.058  -0.447  -1.346  -2.367   0
   0.88096082  -0.113  -0.549  -1.480  -2.523   0
   0.88097084  -0.183  -0.675  -1.645  -2.715   0
   0.88097739  -0.233  -0.782  -1.783  -2.876   0
   0.88098294  -0.273  -0.880  -1.914  -3.031   0
   0.88098758  -0.295  -0.965  -2.034  -3.178   0
   0.88099194  -0.317  -1.047  -2.151  -3.319   0
   0.88099664  -0.344  -1.131  -2.269  -3.462   0
   0.88100117  -0.363  -1.228  -2.412  -3.638   0
   0.88100189  -0.362  -1.264  -2.470  -3.712   0
   0.88100219  -0.365  -1.281  -2.494  -3.742   0
   0.88100290  -0.365  -1.296  -2.517  -3.772   0
   0.88100380  -0.366  -1.315  -2.546  -3.808   0
   0.88100469  -0.367  -1.334  -2.574  -3.844   0
   0.88100559  -0.367  -1.353  -2.603  -3.881   0
   0.88100642  -0.367  -1.371  -2.632  -3.917   0
   0.88100737  -0.367  -1.390  -2.661  -3.954   0
   0.88100821  -0.366  -1.408  -2.689  -3.990   0
   0.88100910  -0.366  -1.426  -2.717  -4.026   0
   0.88101000  -0.365  -1.445  -2.746  -4.063   0
   0.88101089  -0.363  -1.463  -2.774  -4.099   0
   0.88101178  -0.362  -1.481  -2.803  -4.136   0
   0.88101268  -0.360  -1.498  -2.831  -4.172   0
   0.88101351  -0.357  -1.514  -2.858  -4.208   0
   0.88101441  -0.353  -1.530  -2.886  -4.245   0
   0.88101530  -0.350  -1.546  -2.913  -4.281   0
   0.88101619  -0.346  -1.562  -2.940  -4.318   0
   0.88101709  -0.342  -1.578  -2.967  -4.355   0
   0.88101798  -0.337  -1.593  -2.994  -4.391   0
   0.88101888  -0.332  -1.608  -3.021  -4.428   0
   0.88101971  -0.326  -1.625  -3.051  -4.468   0
   0.88102061  -0.320  -1.642  -3.082  -4.511   0
   0.88102150  -0.313  -1.659  -3.113  -4.553   0
   0.88102239  -0.306  -1.675  -3.143  -4.594   0
   0.88102311  -0.300  -1.688  -3.166  -4.627   0
   0.88102400  -0.294  -1.697  -3.185  -4.655   0
   0.88102490  -0.289  -1.704  -3.199  -4.674   0
   0.88102573  -0.284  -1.711  -3.212  -4.694   0
   0.88102663  -0.279  -1.717  -3.225  -4.714   0
   0.88102752  -0.274  -1.724  -3.238  -4.733   0
   0.88102841  -0.269  -1.730  -3.252  -4.752   0
   0.88102931  -0.263  -1.735  -3.264  -4.771   0
   0.88103122  -0.252  -1.746  -3.287  -4.805   0
   0.88103312  -0.241  -1.756  -3.310  -4.840   0
   0.88103503  -0.228  -1.765  -3.333  -4.875   0
   0.88103694  -0.214  -1.775  -3.357  -4.912   0
   0.88103890  -0.199  -1.784  -3.381  -4.949   0
   0.88104081  -0.191  -1.796  -3.406  -4.986   0
   0.88104272  -0.195  -1.815  -3.433  -5.022   0
   0.88104463  -0.198  -1.834  -3.460  -5.057   0
   0.88104653  -0.201  -1.853  -3.488  -5.093   0
   0.88104820  -0.203  -1.868  -3.511  -5.125   0
