   0.15000001  13.767  12.796  11.456   9.868   0
   0.20000000  12.340  11.666  10.497   9.092   0
   0.25000000  11.562  10.979   9.874   8.546   0
   0.30000001  11.061  10.539   9.472   8.194   0
   0.34999999  10.625  10.155   9.121   7.886   0
   0.40000001  10.214   9.791   8.788   7.589   0
   0.44999999   9.733   9.371   8.403   7.248   0
   0.50000000   9.246   8.956   8.029   6.924   0
   0.55000001   8.632   8.454   7.592   6.558   0
   0.60000002   7.739   7.774   7.049   6.147   0
   0.69999999   6.601   6.818   6.245   5.477   0
   0.80000001   5.689   5.984   5.530   4.882   0
   0.89999998   4.985   5.271   4.901   4.358   0
   1.00000000   4.417   4.637   4.337   3.902   0
   1.10000002   3.948   4.066   3.837   3.532   0
   1.20000005   3.547   3.565   3.413   3.253   0
   1.29999995   3.189   3.185   3.104   3.041   0
   1.39999998   2.867   2.904   2.871   2.867   0
   1.50000000   2.580   2.685   2.687   2.716   0
   1.60000002   2.327   2.503   2.531   2.583   0
   1.70000005   2.097   2.342   2.391   2.460   0
   1.75000000   1.992   2.267   2.324   2.401   0
   1.76999998   1.952   2.239   2.299   2.378   0
   1.79999995   1.892   2.196   2.261   2.344   0
   1.89999998   1.705   2.061   2.139   2.234   0
   2.00000000   1.533   1.937   2.026   2.132   0
   2.20000005   1.242   1.726   1.833   1.959   0
   2.50000000   0.863   1.434   1.562   1.709   0
   3.00000000   0.340   1.008   1.163   1.336   0
   3.04859996   0.295   0.970   1.126   1.301   0
   3.50000000  -0.094   0.646   0.818   1.010   0
   4.00000000  -0.468   0.327   0.515   0.721   0
   4.50000000  -0.796   0.043   0.243   0.461   0
   5.00000000  -1.088  -0.212  -0.002   0.226   0
   5.98875237  -1.584  -0.653  -0.426  -0.180   0
   6.00000000  -1.589  -0.658  -0.430  -0.185   0
   6.05240583  -1.614  -0.680  -0.452  -0.205   0
   7.00000000  -2.039  -1.064  -0.821  -0.561   0
   8.03098392  -2.460  -1.447  -1.192  -0.919   0
   9.00000000  -2.835  -1.790  -1.524  -1.241   0
   9.57466125  -3.042  -1.979  -1.708  -1.420   0
  11.97184372  -3.873  -2.752  -2.467  -2.168   1
  12.00000000  -3.883  -2.761  -2.476  -2.177   0
  13.79382801  -4.443  -3.301  -3.012  -2.712   1
  15.00000000  -4.841  -3.693  -3.405  -3.107   0
  15.13891220  -4.882  -3.734  -3.445  -3.147   1
  16.43794823  -5.322  -4.182  -3.896  -3.599   0
  17.44196129  -5.730  -4.612  -4.331  -4.041   0
  17.84878731  -5.914  -4.811  -4.535  -4.251   0
  18.04028130  -5.999  -4.899  -4.625  -4.343   0
  18.12803650  -6.015  -4.909  -4.632  -4.348   3
  18.18382835  -5.987  -4.862  -4.579  -4.287   0
  18.19228554  -5.971  -4.832  -4.545  -4.249   0
  18.19283104  -5.971  -4.831  -4.544  -4.247   0
  18.19775009  -5.995  -4.869  -4.586  -4.293   0
  18.19851494  -6.015  -4.893  -4.611  -4.321   0
  18.20067787  -6.085  -4.977  -4.700  -4.415   0
  18.20236969  -6.152  -5.056  -4.785  -4.506   0
  18.20396805  -6.222  -5.143  -4.876  -4.604   0
  18.20547104  -6.282  -5.224  -4.962  -4.696   0
  18.20669365  -6.331  -5.293  -5.038  -4.779   0
  18.20810318  -6.405  -5.386  -5.138  -4.890   0
  18.20923042  -6.484  -5.476  -5.236  -4.997   0
  18.21045303  -6.559  -5.574  -5.341  -5.111   0
  18.21148682  -6.626  -5.660  -5.433  -5.213   0
  18.21242523  -6.683  -5.735  -5.514  -5.301   0
  18.21336555  -6.738  -5.809  -5.593  -5.387   0
  18.21533775  -6.837  -5.950  -5.744  -5.550   0
  18.21730995  -6.933  -6.080  -5.883  -5.701   0
  18.22003365  -7.069  -6.222  -6.041  -5.879   0
  18.22322655  -7.151  -6.328  -6.155  -6.004   0
  18.22669983  -7.215  -6.413  -6.246  -6.102   0
  18.22998619  -7.240  -6.443  -6.277  -6.136   2
  18.24273109  -7.194  -6.368  -6.195  -6.043   0
  18.24917984  -7.154  -6.308  -6.130  -5.971   0
  18.25562286  -7.096  -6.246  -6.059  -5.890   0
  18.26515198  -7.019  -6.164  -5.967  -5.783   0
  18.27466965  -6.972  -6.096  -5.893  -5.702   0
  18.28717422  -6.923  -6.022  -5.812  -5.614   0
  18.29932594  -6.887  -5.966  -5.752  -5.548   0
  18.31452751  -6.848  -5.904  -5.685  -5.475   0
  18.33243370  -6.811  -5.846  -5.621  -5.404   0
  18.35277367  -6.773  -5.791  -5.561  -5.337   0
  18.37824631  -6.738  -5.738  -5.503  -5.272   0
  18.41084862  -6.704  -5.688  -5.448  -5.211   0
  18.45733452  -6.667  -5.646  -5.401  -5.157   0
  18.55927467  -6.636  -5.607  -5.357  -5.105   1
  18.76269341  -6.740  -5.717  -5.474  -5.230   0
  18.87285423  -6.820  -5.806  -5.568  -5.333   0
  18.95748711  -6.881  -5.884  -5.651  -5.423   0
  19.02237511  -6.938  -5.959  -5.731  -5.510   0
  19.06814957  -6.984  -6.026  -5.804  -5.589   0
  19.10273933  -7.030  -6.093  -5.875  -5.667   0
  19.12609673  -7.073  -6.156  -5.943  -5.741   0
  19.14268303  -7.116  -6.220  -6.011  -5.815   0
  19.15489578  -7.159  -6.284  -6.081  -5.891   0
  19.15754890  -7.172  -6.302  -6.101  -5.912   0
  19.16330528  -7.218  -6.364  -6.168  -5.987   0
  19.16696930  -7.277  -6.423  -6.236  -6.067   0
  19.16916847  -7.333  -6.480  -6.303  -6.145   0
  19.17063522  -7.372  -6.543  -6.372  -6.223   0
  19.17168045  -7.416  -6.617  -6.453  -6.313   0
  19.17262268  -7.465  -6.707  -6.550  -6.420   0
  19.17335510  -7.508  -6.787  -6.636  -6.514   0
  19.17377472  -7.542  -6.848  -6.702  -6.587   0
  19.17427635  -7.579  -6.912  -6.771  -6.664   0
  19.17477608  -7.627  -6.981  -6.849  -6.752   0
  19.17527771  -7.692  -7.047  -6.929  -6.850   0
  19.17577934  -7.738  -7.119  -7.008  -6.940   0
  19.17627907  -7.768  -7.197  -7.088  -7.024   0
  19.17678070  -7.794  -7.268  -7.161  -7.101   0
  19.17728043  -7.818  -7.334  -7.230  -7.173   0
  19.17778206  -7.844  -7.395  -7.295  -7.244   0
  19.17877579  -7.891  -7.500  -7.411  -7.374   0
  19.17976952  -7.944  -7.619  -7.544  -7.528   0
  19.18059731  -8.003  -7.708  -7.655  -7.670   0
  19.18159103  -8.037  -7.898  -7.865  -7.914   0
  19.18241882  -8.022  -8.037  -8.041  -8.145   0
  19.18324661  -7.857  -8.043  -8.112  -8.341   3
  19.18407631  -7.290  -7.489  -7.919  -8.554   0
  19.18490410  -6.243  -6.652  -7.487  -8.483   4
  19.18512344  -6.201  -6.678  -7.571  -8.613   0
  19.18525314  -6.186  -6.701  -7.629  -8.697   0
  19.18547249  -6.331  -6.865  -7.802  -8.875   0
  19.18582153  -6.447  -7.037  -8.016  -9.121   0
