   0.15000001  13.867  12.832  11.475   9.866   0
   0.20000000  12.479  11.706  10.518   9.093   0
   0.25000000  11.712  11.016   9.894   8.550   0
   0.30000001  11.214  10.572   9.491   8.201   0
   0.34999999  10.780  10.185   9.138   7.894   0
   0.40000001  10.371   9.819   8.803   7.600   0
   0.44999999   9.886   9.394   8.414   7.259   0
   0.50000000   9.394   8.973   8.035   6.936   0
   0.55000001   8.772   8.467   7.589   6.566   0
   0.60000002   8.080   7.927   7.127   6.190   0
   0.69999999   6.805   6.919   6.290   5.504   0
   0.80000001   5.818   6.062   5.573   4.909   0
   0.89999998   5.084   5.343   4.946   4.381   0
   1.00000000   4.496   4.712   4.387   3.922   0
   1.10000002   4.006   4.142   3.886   3.537   0
   1.20000005   3.583   3.622   3.441   3.234   0
   1.29999995   3.220   3.205   3.100   3.007   0
   1.39999998   2.888   2.896   2.846   2.822   0
   1.50000000   2.594   2.665   2.654   2.671   0
   1.60000002   2.327   2.469   2.487   2.530   0
   1.70000005   2.099   2.310   2.351   2.412   0
   1.75000000   1.991   2.234   2.284   2.353   0
   1.79999995   1.889   2.161   2.219   2.294   0
   1.89999998   1.698   2.025   2.096   2.184   0
   2.00000000   1.525   1.900   1.983   2.081   0
   2.20000005   1.231   1.684   1.785   1.901   0
   2.50000000   0.838   1.380   1.501   1.639   0
   3.00000000   0.317   0.955   1.101   1.263   0
   3.50000000  -0.122   0.583   0.747   0.928   0
   4.00000000  -0.496   0.263   0.442   0.637   0
   4.50000000  -0.824  -0.021   0.169   0.375   0
   4.75936460  -0.979  -0.156   0.040   0.252   0
   5.00000000  -1.113  -0.273  -0.072   0.145   0
   6.00000000  -1.600  -0.699  -0.480  -0.246   0
   7.00000000  -2.028  -1.079  -0.846  -0.596   0
   9.00000000  -2.740  -1.723  -1.467  -1.194   0
   9.95619011  -3.040  -1.995  -1.731  -1.449   0
  12.00000000  -3.627  -2.529  -2.249  -1.953   0
  15.00000000  -4.293  -3.142  -2.851  -2.549   0
  16.34162903  -4.531  -3.366  -3.073  -2.772   0
  20.00000000  -5.120  -3.937  -3.640  -3.340   0
  21.30744553  -5.283  -4.096  -3.799  -3.499   0
  26.17486954  -5.902  -4.708  -4.410  -4.111   1
  30.00000000  -6.428  -5.239  -4.942  -4.643   0
  33.54492188  -6.876  -5.698  -5.402  -5.102   0
  37.32210159  -7.424  -6.280  -5.993  -5.697   0
  38.99069977  -7.705  -6.585  -6.307  -6.021   0
  40.00000000  -7.865  -6.761  -6.489  -6.211   0
  40.12210846  -7.882  -6.779  -6.508  -6.231   0
  40.47110367  -7.866  -6.752  -6.477  -6.194   0
  40.51973724  -7.813  -6.684  -6.401  -6.111   0
  40.53740311  -7.779  -6.641  -6.355  -6.060   1
  40.54895020  -7.800  -6.666  -6.382  -6.088   0
  40.56927490  -7.932  -6.810  -6.531  -6.244   0
  40.58036041  -8.010  -6.903  -6.629  -6.350   0
  40.58852768  -8.074  -6.983  -6.715  -6.442   0
  40.59560394  -8.133  -7.063  -6.800  -6.532   0
  40.60549164  -8.243  -7.190  -6.939  -6.686   0
  40.61367416  -8.344  -7.299  -7.057  -6.817   0
  40.62920380  -8.445  -7.436  -7.204  -6.978   0
  40.64523697  -8.506  -7.527  -7.302  -7.085   0
  40.68325424  -8.560  -7.604  -7.384  -7.173   0
  40.80292511  -8.524  -7.541  -7.315  -7.097   0
  40.99144363  -8.488  -7.479  -7.247  -7.021   0
  41.37211990  -8.460  -7.420  -7.183  -6.949   1
  42.17372513  -8.523  -7.503  -7.269  -7.040   0
  42.68370056  -8.576  -7.577  -7.348  -7.125   0
  43.07788086  -8.632  -7.656  -7.432  -7.215   0
  43.40270615  -8.687  -7.736  -7.517  -7.307   0
  43.66822052  -8.743  -7.815  -7.602  -7.399   0
  43.89115143  -8.797  -7.894  -7.686  -7.490   0
  44.08911133  -8.855  -7.977  -7.775  -7.586   0
  44.26208115  -8.932  -8.063  -7.870  -7.693   0
  44.41923523  -9.039  -8.158  -7.980  -7.822   0
  44.51719666  -9.088  -8.237  -8.065  -7.914   0
  44.62510681  -9.143  -8.332  -8.166  -8.024   0
  44.71544647  -9.200  -8.431  -8.272  -8.140   0
  44.78982162  -9.258  -8.533  -8.382  -8.260   0
  44.85114288  -9.322  -8.644  -8.503  -8.395   0
  44.90084839  -9.416  -8.748  -8.628  -8.547   0
  44.94753647  -9.492  -8.903  -8.795  -8.730   0
  44.98199081  -9.544  -9.069  -8.965  -8.909   0
  45.01253891  -9.636  -9.283  -9.200  -9.172   0
  45.03597260  -9.731  -9.442  -9.389  -9.405   0
  45.05193329  -9.755  -9.539  -9.498  -9.531   0
  45.06455612  -9.760  -9.613  -9.578  -9.623   0
  45.07325363  -9.751  -9.668  -9.639  -9.693   0
  45.08009338  -9.741  -9.717  -9.698  -9.766   0
  45.08439255  -9.737  -9.739  -9.734  -9.823   0
  45.08761597  -9.731  -9.756  -9.766  -9.874   0
  45.09161758  -9.705  -9.770  -9.812  -9.961   0
  45.09327698  -9.672  -9.772  -9.829 -10.001   0
  45.09503174  -9.633  -9.770  -9.849 -10.052   0
  45.09679031  -9.579  -9.754  -9.849 -10.090   3
  45.09854507  -9.527  -9.737  -9.847 -10.126   0
  45.10029984  -9.463  -9.690  -9.836 -10.163   0
  45.10205841  -9.392  -9.634  -9.823 -10.202   0
  45.10381317  -9.315  -9.559  -9.804 -10.239   0
  45.10566711  -9.241  -9.489  -9.787 -10.273   0
  45.10927200  -9.089  -9.356  -9.746 -10.320   0
  45.11288071  -8.950  -9.241  -9.706 -10.349   0
  45.11726761  -8.806  -9.122  -9.661 -10.369   0
  45.12038422  -8.645  -8.998  -9.608 -10.377   0
  45.12671661  -8.488  -8.883  -9.566 -10.397   2
  45.57380295  -8.588  -8.994  -9.673 -10.498   0
