   0.15000001  13.764  12.794  11.455   9.867   0
   0.20000000  12.338  11.664  10.495   9.090   0
   0.25000000  11.560  10.977   9.872   8.544   0
   0.30000001  11.058  10.537   9.470   8.193   0
   0.34999999  10.622  10.152   9.119   7.884   0
   0.40000001  10.212   9.789   8.786   7.588   0
   0.44999999   9.729   9.367   8.399   7.245   0
   0.50000000   9.239   8.950   8.024   6.920   0
   0.55000001   8.622   8.445   7.584   6.552   0
   0.60000002   7.725   7.762   7.039   6.138   0
   0.69999999   6.579   6.797   6.227   5.461   0
   0.80000001   5.654   5.951   5.501   4.857   0
   0.85911089   5.213   5.509   5.113   4.534   0
   0.89999998   4.943   5.226   4.861   4.325   0
   1.00000000   4.372   4.584   4.290   3.864   0
   1.10000002   3.894   4.001   3.778   3.485   0
   1.20000005   3.487   3.499   3.353   3.200   0
   1.29999995   3.122   3.117   3.040   2.982   0
   1.39999998   2.786   2.827   2.798   2.797   0
   1.50000000   2.489   2.599   2.606   2.638   0
   1.55281842   2.341   2.491   2.513   2.557   0
   1.60000002   2.212   2.398   2.431   2.486   0
   1.70000005   1.964   2.220   2.274   2.345   0
   1.75000000   1.850   2.137   2.199   2.278   0
   1.76999998   1.806   2.105   2.171   2.252   0
   1.79999995   1.740   2.057   2.127   2.212   0
   1.85549319   1.622   1.970   2.047   2.140   0
   1.89999998   1.528   1.899   1.982   2.080   0
   2.00000000   1.326   1.745   1.840   1.948   0
   2.03770447   1.253   1.688   1.786   1.898   0
   2.20000005   0.942   1.434   1.547   1.673   0
   2.34409666   0.682   1.210   1.332   1.467   0
   2.46961355   0.455   1.006   1.134   1.275   0
   2.50000000   0.398   0.954   1.084   1.225   0
   2.58441710   0.249   0.816   0.949   1.092   0
   2.68634176   0.061   0.637   0.773   0.919   0
   2.77459860  -0.110   0.471   0.608   0.754   0
   2.85070896  -0.266   0.315   0.453   0.598   1
   2.91680455  -0.411   0.165   0.303   0.446   0
   2.97445488  -0.546   0.021   0.159   0.299   0
   3.00000000  -0.609  -0.046   0.090   0.229   0
   3.03060246  -0.682  -0.124   0.012   0.148   0
   3.05507731  -0.742  -0.188  -0.053   0.082   0
   3.07816315  -0.799  -0.247  -0.112   0.022   0
   3.08804727  -0.822  -0.270  -0.134   0.000   0
   3.10393381  -0.854  -0.294  -0.156  -0.020   3
   3.11209631  -0.863  -0.289  -0.149  -0.009   0
   3.11769843  -0.859  -0.257  -0.110   0.038   0
   3.11929393  -0.862  -0.237  -0.085   0.070   0
   3.12020087  -0.877  -0.229  -0.072   0.089   0
   3.12033653  -0.869  -0.225  -0.068   0.092   0
   3.12073874  -0.856  -0.241  -0.091   0.061   0
   3.12130475  -0.977  -0.392  -0.249  -0.106   0
   3.12198639  -1.093  -0.536  -0.398  -0.265   0
   3.12290478  -1.197  -0.674  -0.543  -0.420   0
   3.12381005  -1.278  -0.787  -0.662  -0.549   0
   3.12484217  -1.360  -0.907  -0.791  -0.689   0
   3.12567949  -1.423  -1.006  -0.896  -0.806   0
   3.12655854  -1.491  -1.115  -1.014  -0.935   0
   3.12746119  -1.560  -1.236  -1.145  -1.081   0
   3.12807274  -1.607  -1.325  -1.242  -1.190   0
   3.12868977  -1.655  -1.423  -1.349  -1.311   0
   3.12930083  -1.701  -1.530  -1.468  -1.446   0
   3.12960911  -1.720  -1.586  -1.531  -1.520   0
   3.13015103  -1.744  -1.688  -1.651  -1.661   0
   3.13047004  -1.749  -1.746  -1.722  -1.749   0
   3.13075900  -1.742  -1.795  -1.788  -1.834   0
   3.13102365  -1.722  -1.819  -1.834  -1.910   0
   3.13126445  -1.698  -1.829  -1.870  -1.983   0
   3.13150501  -1.667  -1.821  -1.896  -2.060   0
   3.13172150  -1.629  -1.770  -1.896  -2.124   3
   3.13187766  -1.598  -1.718  -1.885  -2.171   0
   3.13204002  -1.561  -1.648  -1.867  -2.220   0
   3.13220239  -1.515  -1.562  -1.834  -2.263   0
   3.13236451  -1.454  -1.458  -1.789  -2.302   0
   3.13252687  -1.370  -1.341  -1.735  -2.333   0
   3.13269496  -1.272  -1.227  -1.679  -2.347   0
   3.13296533  -1.123  -1.075  -1.588  -2.327   0
   3.13328958  -0.963  -0.931  -1.495  -2.284   0
   3.13369775  -1.008  -0.998  -1.604  -2.433   0
   3.13412380  -1.097  -1.101  -1.720  -2.563   0
   3.13445854  -1.119  -1.129  -1.753  -2.599   0
   3.14404440  -1.108  -1.100  -1.700  -2.523   4
   3.15229583  -1.338  -1.310  -1.843  -2.599   0
   3.15681195  -1.548  -1.518  -1.959  -2.616   0
   3.15979004  -1.663  -1.658  -2.028  -2.596   0
   3.16140413  -1.727  -1.751  -2.071  -2.573   0
   3.16518188  -1.804  -1.876  -2.129  -2.534   0
   3.16732669  -1.849  -1.955  -2.163  -2.504   0
   3.17024446  -1.895  -2.029  -2.188  -2.468   0
   3.17407227  -1.955  -2.108  -2.210  -2.415   0
   3.17896724  -2.011  -2.160  -2.216  -2.360   3
   3.18362594  -2.059  -2.183  -2.209  -2.307   0
   3.18847513  -2.102  -2.181  -2.185  -2.253   0
   3.19617057  -2.149  -2.165  -2.145  -2.183   0
   3.20308733  -2.180  -2.141  -2.105  -2.126   0
   3.21019340  -2.196  -2.106  -2.059  -2.066   0
   3.21805763  -2.210  -2.072  -2.016  -2.010   0
   3.22920036  -2.224  -2.033  -1.967  -1.948   0
   3.24200964  -2.234  -1.995  -1.919  -1.887   0
   3.25561047  -2.247  -1.966  -1.883  -1.840   0
   3.27333522  -2.267  -1.944  -1.854  -1.799   0
   3.30143929  -2.324  -1.970  -1.874  -1.811   1
   3.32865334  -2.455  -2.132  -2.042  -1.990   0
   3.33795929  -2.535  -2.256  -2.174  -2.135   0
   3.34082484  -2.575  -2.329  -2.253  -2.223   0
   3.34259200  -2.611  -2.399  -2.329  -2.309   0
   3.34359789  -2.641  -2.470  -2.409  -2.401   0
   3.34423614  -2.665  -2.541  -2.488  -2.493   0
   3.34461784  -2.676  -2.597  -2.554  -2.572   0
   3.34487414  -2.675  -2.647  -2.616  -2.648   0
   3.34503961  -2.660  -2.686  -2.667  -2.714   0
   3.34514499  -2.630  -2.700  -2.697  -2.765   0
   3.34522033  -2.594  -2.708  -2.720  -2.808   0
   3.34525561  -2.567  -2.697  -2.722  -2.830   0
   3.34531808  -2.500  -2.666  -2.724  -2.881   3
   3.34537005  -2.431  -2.599  -2.710  -2.940   0
   3.34540105  -2.389  -2.533  -2.691  -2.978   0
   3.34542704  -2.349  -2.472  -2.672  -3.013   0
   3.34545326  -2.305  -2.397  -2.644  -3.048   0
   3.34547901  -2.260  -2.323  -2.614  -3.077   0
   3.34553099  -2.152  -2.169  -2.546  -3.125   0
   3.34563494  -1.885  -1.889  -2.425  -3.185   4
   3.34576488  -1.793  -1.829  -2.442  -3.276   0
   3.34648681  -1.863  -1.972  -2.663  -3.563   0
   3.34679842  -1.982  -2.118  -2.832  -3.752   0
   3.34708905  -2.068  -2.223  -2.954  -3.887   0
   3.34744740  -2.156  -2.330  -3.076  -4.022   0
   3.34795070  -2.264  -2.467  -3.232  -4.192   0
   3.34841728  -2.349  -2.585  -3.372  -4.347   0
   3.34891009  -2.438  -2.711  -3.524  -4.518   0
   3.34929895  -2.522  -2.823  -3.656  -4.664   0
   3.34972382  -2.623  -2.960  -3.817  -4.844   0
   3.35011244  -2.716  -3.097  -3.985  -5.035   0
   3.35044384  -2.806  -3.229  -4.149  -5.221   0
   3.35072875  -2.898  -3.362  -4.310  -5.404   0
   3.35094118  -2.939  -3.454  -4.438  -5.558   0
   3.35113811  -2.992  -3.559  -4.577  -5.721   0
   3.35128284  -3.036  -3.648  -4.695  -5.860   0
   3.35142803  -3.075  -3.740  -4.823  -6.014   0
   3.35154676  -3.108  -3.821  -4.935  -6.151   0
   3.35166073  -3.145  -3.895  -5.035  -6.271   0
   3.35177445  -3.148  -3.900  -5.041  -6.278   0
   3.35192990  -3.135  -3.841  -4.950  -6.161   0
   3.35194540  -3.122  -3.764  -4.828  -6.006   0
   3.35195065  -3.110  -3.730  -4.779  -5.947   1
   3.35199189  -3.125  -3.778  -4.851  -6.036   0
   3.35202813  -3.132  -3.820  -4.916  -6.118   0
   3.35207987  -3.148  -3.880  -5.007  -6.233   0
   3.35214090  -3.155  -3.899  -5.036  -6.268   0
   3.35220170  -3.162  -3.919  -5.064  -6.304   0
   3.35225034  -3.167  -3.935  -5.087  -6.332   0
   3.35231113  -3.174  -3.954  -5.115  -6.367   0
   3.35237217  -3.181  -3.974  -5.144  -6.403   0
   3.35243297  -3.187  -3.993  -5.172  -6.438   0
   3.35249376  -3.194  -4.012  -5.200  -6.473   0
   3.35255456  -3.200  -4.031  -5.228  -6.509   0
   3.35261559  -3.207  -4.050  -5.257  -6.544   0
   3.35267639  -3.213  -4.069  -5.285  -6.580   0
   3.35273743  -3.219  -4.088  -5.313  -6.615   0
   3.35279822  -3.225  -4.107  -5.341  -6.651   0
   3.35285902  -3.231  -4.126  -5.369  -6.687   0
   3.35292006  -3.235  -4.140  -5.390  -6.713   0
   3.35317564  -3.237  -4.157  -5.418  -6.750   0
   3.35341930  -3.238  -4.171  -5.440  -6.779   0
   3.35366297  -3.238  -4.184  -5.462  -6.807   0
   3.35390663  -3.238  -4.197  -5.483  -6.836   0
   3.35415030  -3.238  -4.210  -5.505  -6.864   0
   3.35439491  -3.238  -4.223  -5.526  -6.892   0
   3.35464048  -3.238  -4.235  -5.546  -6.920   0
   3.35488701  -3.237  -4.247  -5.566  -6.947   0
   3.35513544  -3.236  -4.258  -5.585  -6.972   0
   3.35538602  -3.235  -4.268  -5.602  -6.996   0
   3.35563850  -3.234  -4.278  -5.619  -7.019   0
   3.35595536  -3.232  -4.290  -5.640  -7.047   0
   3.35627294  -3.230  -4.301  -5.660  -7.075   0
   3.35659170  -3.235  -4.316  -5.682  -7.102   0
   3.35691118  -3.241  -4.331  -5.704  -7.130   0
   3.35723186  -3.247  -4.347  -5.726  -7.157   0
   3.35755348  -3.253  -4.362  -5.747  -7.184   0
   3.35786510  -3.258  -4.377  -5.768  -7.210   0
   3.35816121  -3.263  -4.391  -5.788  -7.235   0
   3.35844302  -3.268  -4.404  -5.806  -7.258   0
   3.35876513  -3.274  -4.419  -5.827  -7.285   0
   3.35907102  -3.278  -4.432  -5.847  -7.310   0
   3.35936189  -3.283  -4.445  -5.866  -7.333   0
   3.35968351  -3.287  -4.459  -5.886  -7.359   0
   3.35998845  -3.292  -4.472  -5.905  -7.383   0
   3.36031842  -3.296  -4.486  -5.925  -7.408   0
   3.36063051  -3.299  -4.499  -5.944  -7.432   0
   3.36096191  -3.303  -4.512  -5.964  -7.457   0
   3.36130881  -3.306  -4.525  -5.984  -7.483   0
   3.36166644  -3.310  -4.539  -6.004  -7.509   0
   3.36203170  -3.312  -4.552  -6.024  -7.535   0
   3.36240888  -3.314  -4.564  -6.044  -7.561   0
   3.36265254  -3.312  -4.570  -6.054  -7.576   0
   3.36276793  -3.309  -4.571  -6.058  -7.582   0
   3.36282611  -3.306  -4.569  -6.058  -7.583   0
   3.36285520  -3.301  -4.566  -6.056  -7.582   2
   3.36286926  -3.296  -4.563  -6.053  -7.579   0
   3.36287546  -3.291  -4.558  -6.049  -7.576   0
   3.36287975  -3.285  -4.553  -6.045  -7.573   0
