   0.15000001  13.540  12.644  11.341   9.788   0
   0.20000000  12.167  11.510  10.353   8.963   0
   0.25000000  11.408  10.842   9.747   8.432   0
   0.30000001  10.889  10.383   9.327   8.062   0
   0.34999999  10.439   9.987   8.965   7.744   0
   0.40000001  10.048   9.644   8.651   7.467   0
   0.44999999   9.542   9.206   8.253   7.116   0
   0.50000000   8.929   8.692   7.795   6.727   0
   0.55000001   8.109   8.037   7.237   6.268   0
   0.60000002   7.040   7.187   6.552   5.729   0
   0.60263550   6.995   7.149   6.520   5.702   0
   0.62119144   6.674   6.875   6.288   5.506   0
   0.63865995   6.382   6.615   6.065   5.316   0
   0.65525162   6.102   6.361   5.845   5.128   0
   0.67132735   5.821   6.102   5.618   4.934   0
   0.68796104   5.535   5.821   5.366   4.713   0
   0.69759095   5.361   5.649   5.210   4.576   0
   0.69999999   5.316   5.604   5.169   4.540   0
   0.70366859   5.246   5.534   5.105   4.483   0
   0.71648908   4.978   5.260   4.854   4.258   0
   0.73580807   4.500   4.751   4.377   3.824   0
   0.74083608   4.349   4.590   4.224   3.683   0
   0.74409151   4.245   4.479   4.118   3.581   0
   0.74513537   4.210   4.441   4.081   3.546   0
   0.74584651   4.185   4.415   4.055   3.521   0
   0.75198305   3.944   4.162   3.802   3.266   1
   0.75580609   3.760   3.979   3.599   3.034   0
   0.75835949   3.618   3.838   3.421   2.805   0
   0.75902539   3.582   3.800   3.364   2.722   0
   0.76011688   3.533   3.743   3.265   2.574   0
   0.76101792   3.472   3.664   3.146   2.411   0
   0.76175284   3.365   3.540   2.994   2.229   0
   0.76226401   3.254   3.410   2.847   2.066   0
   0.76279545   3.111   3.252   2.678   1.885   0
   0.76323962   2.972   3.103   2.522   1.722   0
   0.76365066   2.820   2.942   2.354   1.546   0
   0.76400030   2.681   2.795   2.202   1.389   0
   0.76433420   2.532   2.638   2.040   1.222   0
   0.76462573   2.386   2.484   1.881   1.056   0
   0.76490277   2.235   2.323   1.714   0.884   0
   0.76511908   2.093   2.172   1.559   0.723   0
   0.76531392   1.958   2.029   1.410   0.569   0
   0.76549709   1.820   1.877   1.251   0.403   0
   0.76565892   1.682   1.726   1.092   0.238   0
   0.76580024   1.548   1.580   0.938   0.076   0
   0.76593006   1.417   1.434   0.783  -0.086   0
   0.76604474   1.282   1.282   0.622  -0.256   0
   0.76613909   1.156   1.142   0.473  -0.412   0
   0.76622546   1.032   1.001   0.321  -0.572   0
   0.76630479   0.903   0.859   0.169  -0.733   0
   0.76637793   0.777   0.717   0.017  -0.893   0
   0.76643777   0.677   0.606  -0.103  -1.020   0
   0.76649147   0.603   0.524  -0.190  -1.111   0
   0.76654166   0.489   0.393  -0.332  -1.263   0
   0.76658565   0.376   0.263  -0.475  -1.415   0
   0.76664281   0.234   0.092  -0.662  -1.616   0
   0.76667446   0.139  -0.027  -0.796  -1.761   0
   0.76670259   0.046  -0.145  -0.928  -1.904   0
   0.76672894  -0.049  -0.264  -1.063  -2.049   0
   0.76675010  -0.134  -0.371  -1.185  -2.183   0
   0.76677030  -0.215  -0.479  -1.309  -2.319   0
   0.76678962  -0.299  -0.590  -1.438  -2.461   0
   0.76680541  -0.381  -0.697  -1.563  -2.598   0
   0.76682127  -0.467  -0.812  -1.696  -2.745   0
   0.76683444  -0.541  -0.913  -1.816  -2.878   0
   0.76684582  -0.605  -1.005  -1.927  -3.004   0
   0.76685727  -0.679  -1.105  -2.045  -3.135   0
   0.76686692  -0.728  -1.188  -2.150  -3.255   0
   0.76687485  -0.772  -1.268  -2.251  -3.372   0
   0.76688361  -0.822  -1.358  -2.365  -3.504   0
   0.76689065  -0.865  -1.436  -2.466  -3.621   0
   0.76689678  -0.896  -1.502  -2.555  -3.726   0
   0.76690292  -0.933  -1.576  -2.653  -3.842   0
   0.76690823  -0.958  -1.639  -2.740  -3.947   2
   0.76690823   1.039   1.141   1.182   1.199   1
   0.76693696   1.034   1.131   1.171   1.186   0
   0.76697928   1.028   1.119   1.158   1.171   0
   0.76702410   1.021   1.105   1.142   1.154   0
   0.76707119   1.010   1.085   1.120   1.129   0
   0.76712179   1.001   1.064   1.096   1.101   0
   0.76717401   0.987   1.036   1.063   1.063   0
   0.76722896   0.971   1.001   1.023   1.017   0
   0.76728612   0.952   0.961   0.978   0.964   0
   0.76734376   0.933   0.918   0.926   0.902   0
   0.76740122   0.914   0.873   0.870   0.832   0
   0.76745850   0.893   0.821   0.806   0.753   0
   0.76751751   0.875   0.781   0.747   0.669   0
   0.76757848   0.856   0.736   0.683   0.575   0
   0.76764131   0.838   0.712   0.629   0.477   0
   0.76770771   0.821   0.699   0.578   0.373   0
   0.76777792   0.803   0.702   0.532   0.265   0
   0.76788056   0.777   0.710   0.496   0.160   0
   0.76791143   0.763   0.709   0.478   0.115   0
   0.76795226   0.745   0.706   0.457   0.066   0
   0.76802319   0.702   0.690   0.405  -0.041   0
   0.76806223   0.676   0.703   0.359  -0.172   0
   0.76807088   0.700   0.761   0.305  -0.368   0
   0.76807344   0.687   0.743   0.241  -0.485   0
   0.76807541   0.628   0.655   0.090  -0.699   0
   0.76807630   0.539   0.547  -0.045  -0.861   0
   0.76807714   0.437   0.427  -0.189  -1.029   0
   0.76807815   0.337   0.298  -0.344  -1.204   0
   0.76807976   0.235   0.170  -0.495  -1.374   0
   0.76808035   0.230   0.162  -0.505  -1.387   0
   0.76808709   0.295   0.245  -0.406  -1.275   1
   0.76810378   0.196   0.120  -0.552  -1.439   0
   0.76811367   0.090  -0.013  -0.710  -1.616   0
   0.76812112  -0.018  -0.148  -0.868  -1.793   0
   0.76812953  -0.145  -0.303  -1.046  -1.990   0
   0.76813829  -0.269  -0.471  -1.245  -2.213   0
   0.76814371  -0.352  -0.589  -1.387  -2.372   0
   0.76814812  -0.435  -0.706  -1.527  -2.528   0
   0.76815194  -0.520  -0.824  -1.669  -2.687   0
   0.76815528  -0.603  -0.945  -1.816  -2.854   0
   0.76815808  -0.685  -1.059  -1.953  -3.008   0
   0.76816100  -0.757  -1.168  -2.089  -3.164   0
   0.76816392  -0.826  -1.276  -2.225  -3.321   0
   0.76816529  -0.876  -1.386  -2.373  -3.497   0
   0.76816535  -0.880  -1.392  -2.381  -3.506   0
   0.76816571  -0.889  -1.412  -2.408  -3.537   0
   0.76816607  -0.897  -1.431  -2.434  -3.569   0
   0.76816636  -0.906  -1.451  -2.461  -3.601   0
   0.76816672  -0.914  -1.470  -2.487  -3.632   0
   0.76816708  -0.922  -1.489  -2.514  -3.664   0
   0.76816744  -0.930  -1.509  -2.540  -3.696   0
   0.76816779  -0.938  -1.528  -2.567  -3.727   0
   0.76816809  -0.946  -1.547  -2.593  -3.759   0
   0.76816845  -0.954  -1.566  -2.619  -3.791   0
   0.76816881  -0.962  -1.585  -2.646  -3.823   0
   0.76816916  -0.970  -1.604  -2.672  -3.854   0
   0.76816952  -0.977  -1.623  -2.698  -3.886   0
   0.76816982  -0.985  -1.641  -2.724  -3.918   0
   0.76817018  -0.992  -1.660  -2.750  -3.950   0
   0.76817054  -0.999  -1.678  -2.776  -3.981   0
   0.76817089  -1.006  -1.697  -2.802  -4.013   0
   0.76817125  -1.013  -1.715  -2.829  -4.045   0
   0.76817149  -1.019  -1.730  -2.849  -4.070   0
   0.76817179  -1.024  -1.744  -2.870  -4.095   0
   0.76817214  -1.031  -1.762  -2.896  -4.127   0
   0.76817250  -1.037  -1.780  -2.922  -4.159   0
   0.76817280  -1.043  -1.798  -2.948  -4.190   0
   0.76817316  -1.050  -1.816  -2.973  -4.222   0
   0.76817352  -1.055  -1.833  -2.998  -4.253   0
   0.76817387  -1.060  -1.849  -3.021  -4.282   0
   0.76817423  -1.065  -1.864  -3.044  -4.311   0
   0.76817453  -1.069  -1.879  -3.067  -4.339   0
   0.76817489  -1.074  -1.894  -3.090  -4.368   0
   0.76817524  -1.078  -1.910  -3.113  -4.397   0
   0.76817560  -1.083  -1.925  -3.135  -4.426   0
   0.76817596  -1.087  -1.940  -3.158  -4.454   0
   0.76817632  -1.091  -1.955  -3.181  -4.483   0
   0.76817656  -1.094  -1.966  -3.199  -4.506   0
   0.76817691  -1.097  -1.981  -3.221  -4.535   0
   0.76817745  -1.095  -1.992  -3.239  -4.559   0
   0.76817822  -1.094  -2.005  -3.262  -4.590   0
   0.76817906  -1.092  -2.018  -3.285  -4.621   0
   0.76817989  -1.090  -2.031  -3.307  -4.652   0
   0.76818067  -1.087  -2.044  -3.330  -4.682   0
   0.76818150  -1.084  -2.056  -3.352  -4.713   0
   0.76818228  -1.080  -2.069  -3.375  -4.744   0
   0.76818311  -1.076  -2.081  -3.397  -4.775   0
   0.76818389  -1.071  -2.092  -3.419  -4.806   0
   0.76818448  -1.067  -2.100  -3.435  -4.829   0
