   0.15000001  13.766  12.795  11.456   9.868   0
   0.20000000  12.339  11.665  10.496   9.091   0
   0.25000000  11.561  10.978   9.873   8.545   0
   0.30000001  11.060  10.538   9.472   8.194   0
   0.34999999  10.624  10.154   9.121   7.885   0
   0.40000001  10.213   9.790   8.787   7.589   0
   0.44999999   9.732   9.370   8.402   7.247   0
   0.50000000   9.243   8.954   8.027   6.923   0
   0.55000001   8.629   8.451   7.589   6.556   0
   0.60000002   7.734   7.770   7.045   6.144   0
   0.69999999   6.593   6.810   6.238   5.471   0
   0.80000001   5.676   5.972   5.519   4.873   0
   0.89999998   4.969   5.253   4.885   4.345   0
   1.00000000   4.396   4.612   4.316   3.885   0
   1.09818387   3.933   4.048   3.820   3.518   0
   1.10000002   3.925   4.038   3.812   3.512   0
   1.20000005   3.522   3.538   3.387   3.229   0
   1.27165687   3.264   3.252   3.155   3.070   0
   1.29999995   3.164   3.158   3.077   3.013   0
   1.32227373   3.089   3.088   3.018   2.971   0
   1.39999998   2.838   2.873   2.839   2.834   0
   1.50000000   2.550   2.653   2.654   2.683   0
   1.60000002   2.285   2.461   2.490   2.541   0
   1.70000005   2.053   2.296   2.346   2.414   0
   1.75000000   1.946   2.220   2.278   2.354   0
   1.76999998   1.905   2.191   2.252   2.331   0
   1.79999995   1.844   2.148   2.213   2.296   0
   1.89999998   1.651   2.009   2.087   2.182   0
   2.00000000   1.473   1.878   1.968   2.074   0
   2.15005565   1.227   1.694   1.798   1.919   0
   2.20000005   1.150   1.635   1.743   1.869   0
   2.50000000   0.728   1.300   1.430   1.577   0
   2.60936069   0.589   1.184   1.320   1.473   0
   3.00000000   0.119   0.783   0.939   1.110   1
   3.01416302   0.103   0.770   0.925   1.097   0
   3.34434247  -0.262   0.447   0.614   0.797   0
   3.50000000  -0.430   0.296   0.468   0.655   0
   3.63385653  -0.571   0.167   0.343   0.533   0
   3.86623263  -0.820  -0.064   0.118   0.312   0
   4.00000000  -0.966  -0.202  -0.018   0.178   0
   4.06991148  -1.039  -0.270  -0.085   0.112   0
   4.24390411  -1.229  -0.451  -0.264  -0.065   0
   4.39561272  -1.404  -0.622  -0.433  -0.234   0
   4.50000000  -1.534  -0.751  -0.561  -0.363   0
   4.53499985  -1.578  -0.795  -0.605  -0.407   0
   4.64957380  -1.732  -0.952  -0.762  -0.566   1
   4.74879265  -1.877  -1.102  -0.913  -0.718   0
   4.83521318  -2.014  -1.246  -1.058  -0.866   0
   4.87470150  -2.079  -1.314  -1.127  -0.936   0
   4.91180372  -2.139  -1.376  -1.189  -0.999   0
   4.92683220  -2.162  -1.398  -1.211  -1.021   0
   4.95290756  -2.194  -1.423  -1.235  -1.043   3
   4.96592903  -2.197  -1.413  -1.222  -1.027   0
   4.97466564  -2.185  -1.379  -1.182  -0.980   0
   4.97730207  -2.179  -1.355  -1.154  -0.946   0
   4.97876310  -2.184  -1.345  -1.139  -0.928   0
   4.97905111  -2.178  -1.341  -1.136  -0.925   0
   4.97976208  -2.182  -1.372  -1.174  -0.971   0
   4.98058367  -2.308  -1.524  -1.332  -1.138   0
   4.98149395  -2.438  -1.679  -1.493  -1.306   0
   4.98260307  -2.558  -1.828  -1.649  -1.471   0
   4.98364544  -2.653  -1.950  -1.777  -1.609   0
   4.98479795  -2.752  -2.083  -1.918  -1.760   0
   4.98570585  -2.829  -2.188  -2.029  -1.881   0
   4.98663568  -2.910  -2.302  -2.151  -2.013   0
   4.98760891  -2.999  -2.430  -2.288  -2.164   0
   4.98825026  -3.060  -2.520  -2.384  -2.270   0
   4.98889112  -3.124  -2.616  -2.488  -2.385   0
   4.98942137  -3.179  -2.703  -2.581  -2.489   0
   4.98988533  -3.230  -2.785  -2.670  -2.588   0
   4.99030495  -3.278  -2.865  -2.758  -2.685   0
   4.99072456  -3.327  -2.951  -2.851  -2.791   0
   4.99109983  -3.372  -3.036  -2.943  -2.895   0
   4.99140882  -3.409  -3.109  -3.024  -2.987   0
   4.99171782  -3.445  -3.186  -3.110  -3.086   0
   4.99196053  -3.473  -3.251  -3.183  -3.169   0
   4.99222517  -3.499  -3.325  -3.265  -3.265   0
   4.99244595  -3.518  -3.390  -3.339  -3.352   0
   4.99266624  -3.531  -3.457  -3.416  -3.442   0
   4.99286461  -3.530  -3.513  -3.483  -3.524   0
   4.99304104  -3.525  -3.562  -3.544  -3.602   0
   4.99319553  -3.513  -3.594  -3.591  -3.668   0
   4.99341583  -3.492  -3.623  -3.645  -3.759   0
   4.99368048  -3.469  -3.636  -3.691  -3.855   0
   4.99383450  -3.455  -3.629  -3.707  -3.904   0
   4.99416542  -3.429  -3.598  -3.726  -3.988   0
   4.99456215  -3.402  -3.554  -3.736  -4.064   0
   4.99506855  -3.385  -3.512  -3.739  -4.124   0
   4.99575090  -3.388  -3.508  -3.751  -4.157   2
   4.99759960  -3.454  -3.604  -3.792  -4.129   0
   4.99847889  -3.486  -3.647  -3.808  -4.112   0
   4.99938011  -3.516  -3.688  -3.817  -4.082   0
   5.00000000  -3.537  -3.716  -3.823  -4.061   0
   5.00017262  -3.542  -3.723  -3.824  -4.056   0
   5.00279045  -3.614  -3.778  -3.823  -3.973   0
   5.00540113  -3.659  -3.779  -3.795  -3.901   0
   5.00957632  -3.704  -3.759  -3.749  -3.820   0
   5.01383448  -3.735  -3.716  -3.686  -3.730   0
   5.01803350  -3.745  -3.668  -3.626  -3.654   0
   5.02277327  -3.744  -3.609  -3.557  -3.571   0
   5.02884531  -3.738  -3.550  -3.490  -3.491   0
   5.03522158  -3.727  -3.491  -3.422  -3.409   0
   5.04326344  -3.712  -3.432  -3.354  -3.328   0
   5.05212736  -3.693  -3.368  -3.281  -3.242   0
   5.06027794  -3.675  -3.312  -3.216  -3.166   0
   5.07159710  -3.654  -3.254  -3.151  -3.088   0
   5.08469439  -3.635  -3.199  -3.087  -3.013   0
   5.10100508  -3.618  -3.147  -3.028  -2.944   0
   5.11995316  -3.602  -3.097  -2.971  -2.875   0
   5.14110708  -3.589  -3.050  -2.917  -2.810   0
   5.16942215  -3.584  -3.013  -2.873  -2.756   0
   5.20300913  -3.616  -3.030  -2.886  -2.765   1
   5.23927307  -3.735  -3.173  -3.034  -2.922   0
   5.25326777  -3.823  -3.290  -3.159  -3.057   0
   5.26063871  -3.895  -3.396  -3.272  -3.182   0
   5.26477337  -3.972  -3.512  -3.398  -3.323   0
   5.26632023  -4.028  -3.606  -3.502  -3.439   0
   5.26714563  -4.074  -3.691  -3.596  -3.547   0
   5.26768446  -4.113  -3.781  -3.696  -3.663   0
   5.26794004  -4.134  -3.844  -3.768  -3.748   0
   5.26810074  -4.145  -3.894  -3.825  -3.816   0
   5.26822424  -4.146  -3.945  -3.884  -3.888   0
   5.26832867  -4.147  -4.003  -3.953  -3.972   0
   5.26841211  -4.148  -4.062  -4.022  -4.057   0
   5.26848459  -4.138  -4.117  -4.090  -4.142   0
   5.26855946  -4.120  -4.172  -4.162  -4.238   0
   5.26861620  -4.105  -4.210  -4.217  -4.317   0
   5.26870728  -4.091  -4.256  -4.294  -4.444   0
   5.26881695  -4.098  -4.288  -4.364  -4.571   0
   5.26904249  -4.120  -4.306  -4.414  -4.663   3
   5.26965141  -4.015  -4.185  -4.354  -4.678   0
   5.26978827  -3.931  -4.071  -4.305  -4.708   0
   5.26992512  -3.787  -3.876  -4.215  -4.749   0
   5.27003241  -3.659  -3.725  -4.129  -4.740   0
   5.27019596  -3.503  -3.559  -4.006  -4.666   0
   5.27034044  -3.631  -3.699  -4.177  -4.870   0
   5.27040482  -3.722  -3.797  -4.283  -4.985   0
   5.27050161  -3.794  -3.875  -4.378  -5.097   3
   5.27104044  -3.350  -3.562  -4.300  -5.234   4
   5.27184916  -3.344  -3.667  -4.501  -5.510   0
   5.27277899  -3.424  -3.782  -4.642  -5.669   0
   5.27365160  -3.486  -3.881  -4.769  -5.816   0
   5.27436590  -3.552  -3.979  -4.889  -5.953   0
   5.27504253  -3.622  -4.085  -5.022  -6.106   0
   5.27557182  -3.688  -4.181  -5.140  -6.241   0
   5.27605057  -3.699  -4.249  -5.250  -6.380   0
   5.27641916  -3.730  -4.324  -5.354  -6.506   0
   5.27669191  -3.841  -4.444  -5.477  -6.632   0
   5.27687645  -3.902  -4.534  -5.585  -6.753   0
   5.27705288  -3.938  -4.607  -5.684  -6.870   0
   5.27723408  -3.931  -4.654  -5.768  -6.983   0
   5.27730894  -3.950  -4.562  -5.597  -6.753   0
   5.27731705  -3.912  -4.475  -5.479  -6.611   1
   5.27743721  -3.902  -4.518  -5.558  -6.716   0
   5.27759743  -3.941  -4.591  -5.654  -6.830   0
   5.27763748  -3.954  -4.627  -5.706  -6.895   0
