   0.15000001  13.858  12.826  11.471   9.863   0
   0.20000000  12.473  11.700  10.512   9.088   0
   0.25000000  11.706  11.011   9.889   8.546   0
   0.30000001  11.207  10.566   9.485   8.196   0
   0.34999999  10.773  10.179   9.132   7.889   0
   0.40000001  10.364   9.813   8.797   7.595   0
   0.44999999   9.874   9.383   8.403   7.249   0
   0.50000000   9.376   8.957   8.020   6.922   0
   0.55000001   8.741   8.442   7.567   6.547   0
   0.60000002   8.039   7.893   7.097   6.164   0
   0.64266318   7.436   7.424   6.704   5.841   0
   0.69999999   6.739   6.860   6.238   5.456   0
   0.80000001   5.738   5.984   5.503   4.846   0
   0.89999998   4.989   5.244   4.856   4.301   0
   0.93700004   4.748   4.993   4.634   4.118   0
   1.00000000   4.381   4.585   4.269   3.820   0
   1.07596433   3.983   4.120   3.860   3.505   0
   1.10000002   3.865   3.979   3.736   3.411   0
   1.15005505   3.637   3.695   3.492   3.244   0
   1.20000005   3.421   3.436   3.273   3.095   0
   1.22784579   3.307   3.304   3.163   3.021   0
   1.29999995   3.024   3.004   2.918   2.848   0
   1.38206506   2.714   2.725   2.684   2.667   0
   1.39999998   2.648   2.671   2.638   2.630   0
   1.43055069   2.538   2.581   2.561   2.566   0
   1.50000000   2.299   2.392   2.397   2.424   0
   1.54111528   2.156   2.280   2.298   2.336   0
   1.58844447   2.001   2.158   2.189   2.235   0
   1.60000002   1.963   2.128   2.162   2.210   0
   1.61808109   1.902   2.080   2.117   2.169   1
   1.61956680   1.897   2.076   2.113   2.165   0
   1.65987635   1.765   1.967   2.013   2.071   0
   1.70000005   1.639   1.862   1.914   1.975   0
   1.71063876   1.605   1.834   1.887   1.950   0
   1.75000000   1.478   1.722   1.780   1.846   0
   1.77405834   1.400   1.652   1.713   1.780   0
   1.79999995   1.314   1.572   1.634   1.703   0
   1.82284963   1.238   1.500   1.564   1.634   0
   1.86601186   1.088   1.352   1.417   1.486   0
   1.89999998   0.966   1.225   1.291   1.358   0
   1.90133154   0.961   1.220   1.286   1.353   0
   1.93774855   0.827   1.076   1.142   1.205   1
   1.96975148   0.703   0.938   1.002   1.061   0
   1.99806452   0.586   0.804   0.866   0.920   0
   2.00000000   0.578   0.795   0.856   0.910   0
   2.01122379   0.531   0.740   0.801   0.853   0
   2.02324724   0.480   0.684   0.743   0.794   0
   2.02894115   0.455   0.659   0.719   0.769   0
   2.03672457   0.420   0.634   0.696   0.748   3
   2.04095197   0.401   0.634   0.700   0.757   0
   2.04381585   0.380   0.656   0.731   0.798   0
   2.04462457   0.358   0.670   0.751   0.827   0
   2.04509234   0.316   0.665   0.755   0.839   0
   2.04514885   0.324   0.671   0.760   0.844   0
   2.04532099   0.362   0.672   0.753   0.828   0
   2.04555869   0.277   0.549   0.624   0.689   0
   2.04593897   0.177   0.408   0.476   0.531   0
   2.04653525   0.106   0.287   0.344   0.385   0
   2.04719949   0.059   0.192   0.239   0.267   0
   2.04802847   0.020   0.094   0.127   0.139   0
   2.04873586   0.006   0.025   0.041   0.034   0
   2.04923630   0.002  -0.018  -0.017  -0.041   0
   2.04997969   0.012  -0.070  -0.097  -0.156   0
   2.05048132   0.028  -0.084  -0.140  -0.237   0
   2.05098319   0.051  -0.067  -0.166  -0.323   0
   2.05148435   0.088  -0.008  -0.168  -0.409   3
   2.05198479   0.142   0.101  -0.136  -0.491   0
   2.05223513   0.183   0.177  -0.105  -0.528   0
   2.05248666   0.239   0.269  -0.064  -0.561   0
   2.05273676   0.307   0.366  -0.017  -0.582   0
   2.05324316   0.469   0.549   0.090  -0.566   0
   2.05375552   0.678   0.748   0.227  -0.493   0
   2.05401373   0.766   0.834   0.286  -0.459   4
   2.05479455   0.769   0.800   0.203  -0.585   0
   2.05568576   0.650   0.661   0.043  -0.764   0
   2.05660653   0.522   0.519  -0.113  -0.933   0
   2.05745149   0.404   0.390  -0.253  -1.082   0
   2.05833530   0.286   0.259  -0.394  -1.233   0
   2.05929065   0.172   0.126  -0.541  -1.390   0
   2.06023622   0.063  -0.003  -0.682  -1.541   0
   2.06115508  -0.038  -0.122  -0.813  -1.681   0
   2.06131220  -0.050  -0.135  -0.828  -1.697   2
   2.06159306   0.048  -0.020  -0.700  -1.560   0
   2.06186438   0.145   0.096  -0.572  -1.422   0
   2.06267357   0.245   0.215  -0.440  -1.280   0
   2.06707692   0.358   0.344  -0.297  -1.124   0
   2.07324958   0.462   0.460  -0.166  -0.981   0
   2.08324504   0.523   0.540  -0.064  -0.858   0
   2.08828187   0.515   0.540  -0.050  -0.834   4
   2.09926295   0.287   0.334  -0.206  -0.945   0
   2.10568094   0.096   0.145  -0.350  -1.044   0
   2.11069632  -0.059  -0.008  -0.456  -1.100   0
   2.11470675  -0.163  -0.125  -0.531  -1.124   0
   2.11818624  -0.252  -0.232  -0.593  -1.131   0
   2.13154984  -0.466  -0.525  -0.771  -1.146   0
   2.15100551  -0.640  -0.742  -0.934  -1.232   0
   2.17140508  -0.801  -0.929  -1.088  -1.342   0
   2.18953109  -0.910  -1.031  -1.204  -1.481   0
   2.19802713  -0.932  -1.023  -1.247  -1.595   0
   2.20000005  -0.926  -1.001  -1.249  -1.632   0
   2.20058846  -0.924  -0.995  -1.250  -1.642   0
   2.20361590  -0.909  -0.953  -1.250  -1.702   3
   2.20568991  -0.868  -0.886  -1.234  -1.756   0
   2.20727348  -0.824  -0.824  -1.217  -1.796   0
   2.20836973  -0.763  -0.749  -1.192  -1.831   0
   2.20955920  -0.657  -0.648  -1.151  -1.852   0
   2.21032119  -0.476  -0.484  -1.054  -1.819   0
   2.21061754  -0.288  -0.320  -0.944  -1.757   4
   2.21072221  -0.354  -0.418  -1.081  -1.927   0
   2.21078682  -0.444  -0.541  -1.231  -2.098   0
   2.21185017  -0.578  -0.703  -1.416  -2.301   0
   2.21219087  -0.712  -0.871  -1.609  -2.513   0
   2.21241736  -0.818  -0.999  -1.755  -2.673   0
   2.21275926  -0.941  -1.152  -1.932  -2.868   0
   2.21315026  -1.063  -1.315  -2.123  -3.079   0
   2.21342325  -1.148  -1.436  -2.266  -3.237   0
   2.21369195  -1.241  -1.569  -2.425  -3.415   0
   2.21393156  -1.316  -1.696  -2.586  -3.600   0
   2.21412754  -1.390  -1.815  -2.736  -3.771   0
   2.21430969  -1.475  -1.942  -2.889  -3.943   0
   2.21445346  -1.537  -2.046  -3.022  -4.096   0
   2.21461368  -1.589  -2.157  -3.166  -4.264   0
   2.21479154  -1.637  -2.263  -3.305  -4.427   0
   2.21489263  -1.664  -2.349  -3.425  -4.572   0
   2.21496797  -1.666  -2.420  -3.537  -4.713   0
   2.21504331  -1.702  -2.512  -3.662  -4.862   0
   2.21513891  -1.719  -2.593  -3.781  -5.009   0
   2.21522641  -1.701  -2.653  -3.886  -5.147   0
   2.21524000  -1.702  -2.723  -3.993  -5.283   0
   2.21524692  -1.698  -2.729  -4.005  -5.299   0
   2.21526647  -1.698  -2.744  -4.028  -5.329   0
   2.21528578  -1.697  -2.759  -4.051  -5.359   0
   2.21530485  -1.696  -2.774  -4.075  -5.389   0
   2.21532393  -1.695  -2.788  -4.097  -5.419   0
   2.21534276  -1.693  -2.802  -4.120  -5.448   0
   2.21535802  -1.691  -2.813  -4.138  -5.472   0
   2.21537709  -1.689  -2.826  -4.161  -5.502   0
   2.21539617  -1.687  -2.840  -4.183  -5.532   0
   2.21541524  -1.685  -2.853  -4.206  -5.562   0
   2.21543026  -1.683  -2.864  -4.224  -5.586   0
   2.21544933  -1.680  -2.877  -4.246  -5.615   0
   2.21546459  -1.678  -2.888  -4.264  -5.639   0
   2.21549511  -1.672  -2.896  -4.280  -5.662   0
   2.21557164  -1.668  -2.910  -4.306  -5.697   0
   2.21564722  -1.664  -2.923  -4.328  -5.727   0
   2.21572232  -1.659  -2.935  -4.350  -5.757   0
   2.21579671  -1.654  -2.947  -4.372  -5.787   0
   2.21587038  -1.650  -2.959  -4.394  -5.817   0
   2.21594357  -1.644  -2.971  -4.416  -5.847   0
   2.21601582  -1.639  -2.983  -4.438  -5.877   0
   2.21608758  -1.633  -2.994  -4.459  -5.907   0
   2.21614456  -1.629  -3.004  -4.477  -5.932   0
   2.21620107  -1.623  -3.014  -4.497  -5.958   0
   2.21625710  -1.618  -3.023  -4.514  -5.984   0
   2.21631289  -1.613  -3.033  -4.532  -6.010   0
   2.21636796  -1.608  -3.042  -4.550  -6.035   0
   2.21642303  -1.603  -3.051  -4.568  -6.061   0
   2.21647739  -1.598  -3.060  -4.585  -6.086   0
   2.21653152  -1.592  -3.069  -4.603  -6.112   0
   2.21658540  -1.586  -3.078  -4.620  -6.137   0
   2.21663904  -1.580  -3.086  -4.637  -6.162   0
   2.21669221  -1.574  -3.095  -4.654  -6.187   0
   2.21674538  -1.568  -3.103  -4.671  -6.212   0
   2.21679807  -1.562  -3.111  -4.688  -6.236   0
   2.21685052  -1.558  -3.120  -4.705  -6.261   0
   2.21690297  -1.562  -3.134  -4.724  -6.285   0
   2.21695518  -1.567  -3.147  -4.743  -6.309   0
   2.21700716  -1.571  -3.161  -4.761  -6.332   0
   2.21705914  -1.575  -3.174  -4.780  -6.356   0
   2.21711135  -1.579  -3.187  -4.798  -6.379   0
   2.21716285  -1.583  -3.200  -4.816  -6.402   0
   2.21721458  -1.586  -3.213  -4.834  -6.425   0
   2.21726632  -1.590  -3.225  -4.851  -6.448   0
   2.21731830  -1.593  -3.238  -4.868  -6.470   0
   2.21737027  -1.597  -3.250  -4.886  -6.492   0
   2.21743536  -1.601  -3.265  -4.907  -6.519   0
   2.21750093  -1.604  -3.279  -4.927  -6.546   0
   2.21756673  -1.608  -3.293  -4.947  -6.572   0
   2.21763325  -1.611  -3.307  -4.967  -6.598   0
   2.21770024  -1.613  -3.320  -4.986  -6.623   0
   2.21776509  -1.615  -3.332  -5.003  -6.646   0
   2.21783876  -1.617  -3.344  -5.022  -6.670   0
   2.21791935  -1.618  -3.357  -5.040  -6.695   0
   2.21799493  -1.619  -3.367  -5.057  -6.718   0
   2.21806622  -1.619  -3.378  -5.074  -6.740   0
   2.21814251  -1.640  -3.398  -5.092  -6.764   0
   2.21822381  -1.669  -3.421  -5.109  -6.787   0
   2.21827865  -1.683  -3.430  -5.113  -6.794   3
   2.21829987  -1.681  -3.425  -5.105  -6.787   0
   2.21830845  -1.670  -3.412  -5.091  -6.774   0
   2.21831155  -1.654  -3.395  -5.073  -6.757   0
   2.21831274  -1.637  -3.377  -5.053  -6.738   0
