   0.15000001  13.727  12.769  11.436   9.854   0
   0.20000000  12.309  11.638  10.471   9.069   0
   0.25000000  11.534  10.955   9.851   8.526   0
   0.30000001  11.030  10.511   9.447   8.171   0
   0.34999999  10.592  10.125   9.094   7.861   0
   0.40000001  10.185   9.765   8.763   7.567   0
   0.44999999   9.686   9.329   8.363   7.212   0
   0.50000000   9.180   8.899   7.977   6.878   0
   0.55000001   8.533   8.371   7.520   6.497   0
   0.60000002   7.604   7.661   6.952   6.064   0
   0.68386292   6.578   6.795   6.224   5.456   0
   0.69999999   6.411   6.646   6.095   5.348   0
   0.75980729   5.790   6.080   5.610   4.944   0
   0.80000001   5.422   5.723   5.298   4.682   0
   0.81840384   5.267   5.565   5.158   4.565   0
   0.86203986   4.918   5.198   4.830   4.290   0
   0.89992613   4.631   4.883   4.547   4.053   0
   0.89999998   4.630   4.882   4.546   4.053   0
   0.90160906   4.619   4.869   4.534   4.043   0
   0.93378848   4.385   4.604   4.298   3.851   0
   0.96277642   4.180   4.364   4.083   3.679   0
   0.98939216   3.991   4.141   3.883   3.520   0
   1.00000000   3.915   4.050   3.801   3.456   0
   1.01802075   3.792   3.898   3.669   3.358   0
   1.04543626   3.599   3.660   3.460   3.206   0
   1.07493329   3.382   3.401   3.236   3.044   0
   1.10000002   3.188   3.175   3.043   2.901   1
   1.10024905   3.186   3.173   3.041   2.900   0
   1.12270248   3.011   2.986   2.882   2.776   0
   1.13391638   2.922   2.891   2.800   2.710   0
   1.14455366   2.834   2.800   2.720   2.645   0
   1.15748680   2.725   2.696   2.627   2.564   0
   1.16322851   2.670   2.644   2.580   2.523   0
   1.17096758   2.577   2.556   2.501   2.454   0
   1.17670238   2.513   2.494   2.444   2.402   0
   1.20000005   2.238   2.221   2.183   2.152   1
   1.20013165   2.236   2.220   2.182   2.150   0
   1.21119833   2.065   2.035   1.992   1.949   0
   1.21806955   1.935   1.876   1.820   1.755   0
   1.22165024   1.859   1.789   1.707   1.603   0
   1.22338927   1.819   1.748   1.638   1.492   0
   1.22482181   1.785   1.728   1.584   1.387   0
   1.22607386   1.758   1.735   1.548   1.281   0
   1.22680306   1.750   1.760   1.537   1.211   0
   1.22747505   1.748   1.797   1.536   1.144   3
   1.22810388   1.754   1.839   1.539   1.085   0
   1.22867000   1.779   1.899   1.555   1.035   0
   1.22953188   1.820   1.970   1.575   0.982   0
   1.23036897   1.878   2.041   1.603   0.953   0
   1.23143029   1.971   2.132   1.644   0.938   0
   1.23212945   2.025   2.180   1.665   0.928   4
   1.23382676   1.970   2.106   1.557   0.785   0
   1.23508573   1.848   1.969   1.403   0.615   0
   1.23623574   1.716   1.826   1.250   0.452   0
   1.23729253   1.584   1.682   1.099   0.293   0
   1.23830986   1.450   1.538   0.948   0.135   0
   1.23918176   1.316   1.395   0.798  -0.021   0
   1.24004948   1.176   1.245   0.642  -0.185   0
   1.24077117   1.044   1.104   0.494  -0.340   0
   1.24146020   0.912   0.963   0.347  -0.495   0
   1.24210763   0.787   0.823   0.196  -0.653   0
   1.24268389   0.663   0.682   0.045  -0.812   0
   1.24316788   0.545   0.548  -0.098  -0.964   0
   1.24363589   0.426   0.414  -0.243  -1.118   0
   1.24404860   0.309   0.282  -0.386  -1.269   0
   1.24443543   0.188   0.145  -0.533  -1.425   0
   1.24479401   0.069   0.011  -0.679  -1.580   0
   1.24510455  -0.044  -0.118  -0.819  -1.729   0
   1.24539769  -0.155  -0.246  -0.958  -1.878   0
   1.24572563  -0.240  -0.345  -1.067  -1.995   0
   1.24589610  -0.133  -0.218  -0.924  -1.840   0
   1.24592745  -0.118  -0.200  -0.905  -1.819   1
   1.24615693  -0.228  -0.328  -1.047  -1.972   0
   1.24638891  -0.342  -0.460  -1.191  -2.126   0
   1.24661982  -0.457  -0.595  -1.340  -2.286   0
   1.24681973  -0.560  -0.723  -1.483  -2.441   0
   1.24699104  -0.652  -0.841  -1.617  -2.587   0
   1.24715376  -0.748  -0.964  -1.758  -2.740   0
   1.24730647  -0.836  -1.084  -1.900  -2.898   0
   1.24743819  -0.920  -1.199  -2.035  -3.048   0
   1.24756110  -1.011  -1.319  -2.174  -3.202   0
   1.24766672  -1.100  -1.434  -2.307  -3.346   0
   1.24776113  -1.180  -1.543  -2.436  -3.490   0
   1.24784815  -1.255  -1.648  -2.562  -3.632   0
   1.24791276  -1.308  -1.722  -2.652  -3.734   2
   1.24791276   0.575   0.665   0.206  -0.472   1
   1.24831879   0.579   0.669   0.198  -0.491   0
   1.24882269   0.578   0.666   0.188  -0.512   0
   1.24934340   0.570   0.658   0.176  -0.528   0
   1.24934757   0.570   0.658   0.175  -0.528   0
   1.25004840   0.546   0.634   0.155  -0.543   0
   1.25077367   0.519   0.605   0.135  -0.554   0
   1.25139678   0.497   0.583   0.118  -0.564   0
   1.25145304   0.495   0.581   0.117  -0.565   0
   1.25213730   0.472   0.557   0.100  -0.575   0
   1.25284362   0.450   0.534   0.083  -0.586   0
   1.25353992   0.429   0.513   0.066  -0.597   0
   1.25422549   0.411   0.494   0.052  -0.607   0
   1.25489151   0.395   0.478   0.037  -0.618   0
   1.25552595   0.380   0.462   0.024  -0.630   0
   1.25556433   0.381   0.463   0.024  -0.630   0
   1.25623834   0.371   0.452   0.011  -0.645   0
   1.25692797   0.362   0.443  -0.002  -0.662   0
   1.25758898   0.360   0.440  -0.013  -0.683   0
   1.25835538   0.357   0.435  -0.029  -0.711   0
   1.25929189   0.356   0.433  -0.047  -0.748   0
   1.25963938   0.358   0.434  -0.057  -0.771   0
   1.26012635   0.357   0.432  -0.074  -0.805   0
   1.26142383   0.361   0.421  -0.122  -0.890   0
   1.26153183   0.363   0.414  -0.145  -0.930   0
   1.26161397   0.350   0.390  -0.188  -0.992   0
   1.26163864   0.332   0.366  -0.222  -1.036   0
   1.26165748   0.280   0.302  -0.303  -1.133   0
   1.26166940   0.164   0.165  -0.461  -1.310   0
   1.26167941   0.064   0.043  -0.603  -1.468   0
   1.26169801  -0.049  -0.088  -0.746  -1.622   0
   1.26176381   0.005  -0.024  -0.675  -1.544   1
   1.26190794  -0.104  -0.154  -0.822  -1.705   0
   1.26200759  -0.245  -0.321  -1.009  -1.909   0
   1.26208186  -0.373  -0.474  -1.180  -2.095   0
   1.26212382  -0.502  -0.626  -1.352  -2.282   0
   1.26216435  -0.628  -0.775  -1.518  -2.463   0
   1.26220775  -0.733  -0.911  -1.675  -2.636   0
   1.26225674  -0.821  -1.034  -1.822  -2.800   0
   1.26229692  -0.910  -1.156  -1.966  -2.960   0
   1.26232886  -0.999  -1.280  -2.114  -3.124   0
   1.26235926  -1.103  -1.420  -2.279  -3.308   0
   1.26238322  -1.197  -1.547  -2.428  -3.474   0
   1.26240373  -1.271  -1.656  -2.562  -3.626   0
   1.26242650  -1.353  -1.770  -2.699  -3.780   0
   1.26243985  -1.410  -1.871  -2.830  -3.933   0
   1.26244032  -1.414  -1.877  -2.838  -3.942   0
   1.26244307  -1.422  -1.893  -2.859  -3.968   0
   1.26244640  -1.431  -1.913  -2.886  -3.999   0
   1.26244915  -1.438  -1.929  -2.907  -4.025   0
   1.26245260  -1.447  -1.949  -2.934  -4.056   0
   1.26245534  -1.454  -1.965  -2.956  -4.082   0
   1.26245868  -1.463  -1.985  -2.982  -4.113   0
   1.26246214  -1.472  -2.004  -3.009  -4.145   0
   1.26246548  -1.480  -2.024  -3.035  -4.177   0
   1.26246893  -1.489  -2.043  -3.062  -4.209   0
   1.26247239  -1.497  -2.063  -3.089  -4.240   0
   1.26247573  -1.506  -2.082  -3.115  -4.272   0
   1.26247919  -1.514  -2.102  -3.142  -4.304   0
   1.26248264  -1.522  -2.121  -3.168  -4.336   0
   1.26248598  -1.531  -2.140  -3.195  -4.367   0
   1.26248920  -1.538  -2.159  -3.221  -4.399   0
   1.26249170  -1.545  -2.175  -3.242  -4.424   0
   1.26249433  -1.551  -2.190  -3.263  -4.450   0
   1.26249695  -1.557  -2.205  -3.284  -4.475   0
   1.26250017  -1.565  -2.224  -3.310  -4.507   0
   1.26250339  -1.573  -2.242  -3.337  -4.539   0
   1.26250660  -1.580  -2.261  -3.363  -4.570   0
   1.26250982  -1.587  -2.280  -3.389  -4.602   0
   1.26251304  -1.595  -2.298  -3.415  -4.634   0
   1.26251566  -1.600  -2.313  -3.436  -4.659   0
   1.26251829  -1.606  -2.328  -3.457  -4.684   0
   1.26252151  -1.613  -2.346  -3.483  -4.716   0
   1.26252472  -1.620  -2.364  -3.508  -4.748   0
   1.26252794  -1.627  -2.382  -3.534  -4.780   0
   1.26253116  -1.633  -2.400  -3.560  -4.811   0
   1.26253438  -1.639  -2.417  -3.584  -4.840   0
   1.26253760  -1.645  -2.433  -3.608  -4.869   0
   1.26254094  -1.651  -2.449  -3.631  -4.898   0
   1.26254416  -1.656  -2.465  -3.654  -4.927   0
   1.26254988  -1.658  -2.476  -3.672  -4.950   0
   1.26255953  -1.662  -2.493  -3.697  -4.982   0
   1.26256907  -1.667  -2.509  -3.722  -5.013   0
   1.26257861  -1.671  -2.525  -3.747  -5.045   0
   1.26258802  -1.675  -2.541  -3.771  -5.076   0
   1.26259744  -1.675  -2.556  -3.794  -5.107   0
   1.26260674  -1.676  -2.571  -3.818  -5.138   0
   1.26261592  -1.676  -2.585  -3.841  -5.168   0
   1.26262510  -1.676  -2.599  -3.864  -5.199   0
   1.26263416  -1.676  -2.613  -3.887  -5.229   0
   1.26264322  -1.675  -2.627  -3.910  -5.260   0
   1.26265216  -1.675  -2.641  -3.933  -5.291   0
   1.26266110  -1.674  -2.654  -3.956  -5.321   0
   1.26266980  -1.672  -2.668  -3.978  -5.352   0
   1.26267862  -1.671  -2.681  -4.001  -5.382   0
   1.26268733  -1.669  -2.694  -4.024  -5.413   0
   1.26269591  -1.666  -2.706  -4.046  -5.443   0
   1.26270449  -1.664  -2.719  -4.068  -5.474   0
   1.26271284  -1.661  -2.731  -4.090  -5.504   0
   1.26272130  -1.658  -2.743  -4.112  -5.535   0
   1.26272964  -1.654  -2.755  -4.134  -5.566   0
   1.26273787  -1.650  -2.766  -4.156  -5.596   0
   1.26274610  -1.646  -2.777  -4.177  -5.627   0
   1.26275420  -1.641  -2.788  -4.199  -5.657   0
   1.26276219  -1.635  -2.799  -4.220  -5.688   0
   1.26277018  -1.630  -2.809  -4.241  -5.718   0
   1.26277804  -1.629  -2.822  -4.263  -5.748   0
   1.26278591  -1.634  -2.838  -4.287  -5.778   0
   1.26279366  -1.639  -2.855  -4.311  -5.808   0
   1.26280141  -1.644  -2.871  -4.334  -5.839   0
   1.26280892  -1.648  -2.886  -4.358  -5.868   0
   1.26281500  -1.652  -2.899  -4.376  -5.893   0
   1.26282108  -1.655  -2.912  -4.396  -5.917   0
   1.26282704  -1.658  -2.924  -4.414  -5.941   0
   1.26283300  -1.661  -2.936  -4.433  -5.965   0
   1.26283884  -1.663  -2.948  -4.451  -5.989   0
   1.26284623  -1.665  -2.963  -4.474  -6.019   0
   1.26285362  -1.667  -2.977  -4.496  -6.048   0
   1.26286089  -1.668  -2.990  -4.517  -6.076   0
   1.26286817  -1.669  -3.002  -4.538  -6.104   0
   1.26287460  -1.668  -3.012  -4.555  -6.127   0
