   0.15000001  13.766  12.796  11.456   9.868   0
   0.20000000  12.339  11.666  10.496   9.091   0
   0.25000000  11.561  10.979   9.873   8.546   0
   0.30000001  11.060  10.538   9.472   8.194   0
   0.34999999  10.624  10.154   9.121   7.885   0
   0.40000001  10.214   9.791   8.787   7.589   0
   0.44999999   9.732   9.370   8.402   7.247   0
   0.50000000   9.244   8.955   8.028   6.924   0
   0.55000001   8.630   8.452   7.590   6.557   0
   0.60000002   7.736   7.772   7.047   6.145   0
   0.69999999   6.596   6.813   6.241   5.473   0
   0.80000001   5.681   5.977   5.524   4.877   0
   0.89999998   4.976   5.261   4.892   4.351   0
   1.00000000   4.405   4.623   4.325   3.893   0
   1.10000002   3.935   4.050   3.822   3.520   0
   1.20000005   3.533   3.550   3.398   3.239   0
   1.29999995   3.175   3.170   3.088   3.025   0
   1.39999998   2.850   2.886   2.852   2.847   0
   1.50000000   2.564   2.666   2.667   2.696   0
   1.59028769   2.327   2.493   2.519   2.568   0
   1.60000002   2.303   2.476   2.504   2.555   0
   1.70000005   2.073   2.314   2.362   2.430   0
   1.75000000   1.968   2.240   2.297   2.372   0
   1.76999998   1.927   2.211   2.271   2.349   0
   1.79999995   1.867   2.168   2.233   2.315   0
   1.89999998   1.678   2.033   2.110   2.205   0
   2.00000000   1.504   1.907   1.995   2.101   0
   2.20000005   1.191   1.673   1.781   1.905   0
   2.50000000   0.788   1.359   1.488   1.635   0
   2.56708837   0.707   1.293   1.426   1.576   0
   3.00000000   0.220   0.888   1.043   1.215   0
   3.25432348  -0.034   0.670   0.835   1.017   0
   3.50000000  -0.269   0.467   0.640   0.830   0
   3.80940557  -0.546   0.223   0.405   0.603   0
   4.00000000  -0.713   0.073   0.260   0.463   0
   4.24785280  -0.919  -0.113   0.080   0.288   0
   4.50000000  -1.126  -0.302  -0.103   0.109   0
   4.62849283  -1.226  -0.394  -0.192   0.022   0
   4.93496895  -1.472  -0.622  -0.416  -0.197   0
   5.00000000  -1.526  -0.673  -0.466  -0.246   0
   5.22355843  -1.714  -0.851  -0.641  -0.419   0
   5.45798349  -1.918  -1.047  -0.834  -0.611   0
   5.66228676  -2.105  -1.230  -1.016  -0.791   0
   5.83900404  -2.282  -1.406  -1.191  -0.968   1
   5.99185991  -2.447  -1.573  -1.358  -1.136   0
   6.00000000  -2.456  -1.582  -1.367  -1.145   0
   6.00895643  -2.465  -1.592  -1.378  -1.156   0
   6.13658619  -2.619  -1.751  -1.537  -1.318   0
   6.24737453  -2.763  -1.902  -1.690  -1.473   0
   6.29706192  -2.832  -1.974  -1.763  -1.548   0
   6.34324455  -2.895  -2.038  -1.828  -1.613   0
   6.36117792  -2.917  -2.060  -1.849  -1.635   0
   6.39175606  -2.946  -2.084  -1.871  -1.655   3
   6.40731955  -2.949  -2.076  -1.861  -1.641   0
   6.41836309  -2.933  -2.040  -1.819  -1.593   0
   6.42161560  -2.925  -2.017  -1.792  -1.561   0
   6.42350960  -2.928  -2.006  -1.777  -1.541   0
   6.42378521  -2.924  -2.004  -1.776  -1.540   0
   6.42479181  -2.937  -2.042  -1.821  -1.594   0
   6.42560959  -3.038  -2.164  -1.949  -1.730   0
   6.42663097  -3.177  -2.326  -2.118  -1.908   0
   6.42784977  -3.314  -2.492  -2.290  -2.091   0
   6.42924452  -3.445  -2.658  -2.465  -2.277   0
   6.43025351  -3.536  -2.776  -2.590  -2.411   0
   6.43131399  -3.630  -2.903  -2.725  -2.556   0
   6.43241596  -3.732  -3.043  -2.873  -2.717   0
   6.43328333  -3.816  -3.159  -2.999  -2.854   0
   6.43410349  -3.899  -3.279  -3.127  -2.995   0
   6.43474722  -3.971  -3.382  -3.238  -3.118   0
   6.43539619  -4.046  -3.496  -3.361  -3.254   0
   6.43588877  -4.107  -3.591  -3.463  -3.367   0
   6.43637657  -4.171  -3.691  -3.572  -3.491   0
   6.43686914  -4.239  -3.803  -3.696  -3.630   0
   6.43719578  -4.285  -3.884  -3.784  -3.730   0
   6.43750668  -4.330  -3.966  -3.875  -3.832   0
   6.43778133  -4.370  -4.042  -3.959  -3.928   0
   6.43804026  -4.408  -4.118  -4.041  -4.022   0
   6.43833590  -4.450  -4.205  -4.137  -4.131   0
   6.43892145  -4.520  -4.362  -4.312  -4.332   0
   6.43955326  -4.562  -4.480  -4.444  -4.485   0
   6.44032955  -4.587  -4.571  -4.547  -4.604   0
   6.44203758  -4.606  -4.647  -4.635  -4.711   2
   6.44659710  -4.650  -4.613  -4.586  -4.639   0
   6.45006847  -4.658  -4.550  -4.510  -4.547   0
   6.45374632  -4.651  -4.484  -4.435  -4.456   0
   6.45802450  -4.634  -4.409  -4.348  -4.352   0
   6.46305704  -4.612  -4.337  -4.265  -4.254   0
   6.47017670  -4.585  -4.258  -4.177  -4.151   0
   6.47682381  -4.555  -4.186  -4.096  -4.057   0
   6.48447752  -4.525  -4.117  -4.019  -3.967   0
   6.49358654  -4.493  -4.046  -3.939  -3.875   0
   6.50398207  -4.460  -3.979  -3.863  -3.787   0
   6.51402044  -4.429  -3.918  -3.794  -3.707   0
   6.52742052  -4.400  -3.858  -3.727  -3.629   0
   6.54581928  -4.368  -3.793  -3.653  -3.543   0
   6.56563950  -4.337  -3.729  -3.582  -3.461   0
   6.58770227  -4.314  -3.678  -3.525  -3.394   0
   6.61968994  -4.304  -3.640  -3.480  -3.340   0
   6.65495777  -4.318  -3.638  -3.474  -3.328   1
   6.70133686  -4.447  -3.794  -3.638  -3.503   0
   6.71524239  -4.536  -3.915  -3.766  -3.643   0
   6.72308207  -4.613  -4.021  -3.881  -3.770   0
   6.72744465  -4.686  -4.128  -3.996  -3.898   0
   6.72960615  -4.752  -4.230  -4.108  -4.024   0
   6.73071575  -4.803  -4.316  -4.202  -4.131   0
   6.73144341  -4.849  -4.400  -4.297  -4.239   0
   6.73180437  -4.876  -4.461  -4.365  -4.319   0
   6.73205042  -4.896  -4.516  -4.428  -4.392   0
   6.73207140  -4.897  -4.521  -4.433  -4.398   0
   6.73221207  -4.908  -4.566  -4.484  -4.459   0
   6.73233461  -4.920  -4.617  -4.541  -4.527   0
   6.73245764  -4.943  -4.681  -4.617  -4.617   0
   6.73253918  -4.961  -4.734  -4.677  -4.688   0
   6.73262119  -4.990  -4.797  -4.748  -4.772   0
   6.73278475  -5.044  -4.924  -4.888  -4.931   0
   6.73445606  -5.036  -5.110  -5.105  -5.197   0
   6.73471928  -4.975  -5.112  -5.132  -5.263   0
   6.73484659  -4.936  -5.098  -5.136  -5.294   3
   6.73497820  -4.859  -5.052  -5.128  -5.344   0
   6.73510981  -4.764  -4.952  -5.082  -5.366   0
   6.73530483  -4.676  -4.828  -5.075  -5.497   0
   6.73537302  -4.665  -4.800  -5.090  -5.565   3
   6.73549986  -4.544  -4.644  -5.050  -5.664   0
   6.73615313  -3.791  -4.134  -4.978  -5.992   4
   6.73720074  -3.934  -4.340  -5.228  -6.274   0
   6.73837471  -4.003  -4.445  -5.359  -6.424   0
   6.73941612  -4.062  -4.534  -5.471  -6.553   0
   6.74033070  -4.115  -4.616  -5.575  -6.674   0
   6.74105072  -4.169  -4.696  -5.674  -6.787   0
   6.74159765  -4.211  -4.755  -5.745  -6.867   0
