   0.15000001  13.758  12.790  11.452   9.865   0
   0.20000000  12.333  11.660  10.491   9.087   0
   0.25000000  11.556  10.974   9.869   8.542   0
   0.30000001  11.054  10.533   9.467   8.189   0
   0.34999999  10.618  10.148   9.115   7.880   0
   0.40000001  10.208   9.785   8.782   7.584   0
   0.44999999   9.721   9.360   8.393   7.239   0
   0.50000000   9.228   8.940   8.014   6.911   0
   0.55000001   8.603   8.429   7.570   6.539   0
   0.60000002   7.697   7.738   7.018   6.120   0
   0.63724303   7.227   7.349   6.692   5.848   0
   0.69999999   6.543   6.765   6.198   5.436   0
   0.80000001   5.615   5.912   5.466   4.827   0
   0.89999998   4.896   5.176   4.815   4.285   0
   0.91755569   4.787   5.055   4.708   4.198   0
   1.00000000   4.311   4.513   4.224   3.809   0
   1.06424677   3.984   4.114   3.875   3.551   0
   1.10000002   3.813   3.902   3.690   3.417   0
   1.16078091   3.547   3.574   3.410   3.228   0
   1.20000005   3.384   3.385   3.254   3.122   0
   1.21627116   3.318   3.313   3.195   3.081   0
   1.29365170   3.011   3.007   2.941   2.896   0
   1.29999995   2.986   2.984   2.922   2.882   0
   1.37709451   2.697   2.739   2.714   2.716   0
   1.39999998   2.614   2.671   2.657   2.669   0
   1.41950357   2.547   2.620   2.613   2.631   0
   1.50000000   2.273   2.412   2.432   2.473   0
   1.53878629   2.141   2.312   2.344   2.394   0
   1.59726250   1.944   2.164   2.211   2.273   0
   1.60000002   1.935   2.157   2.205   2.268   0
   1.61535144   1.886   2.120   2.171   2.237   0
   1.66178656   1.731   2.001   2.062   2.136   0
   1.69977975   1.609   1.902   1.969   2.048   0
   1.70000005   1.608   1.901   1.969   2.047   0
   1.70783758   1.583   1.880   1.949   2.028   0
   1.72735667   1.518   1.825   1.896   1.978   0
   1.75000000   1.443   1.759   1.834   1.917   0
   1.76999998   1.376   1.699   1.775   1.860   0
   1.78558457   1.323   1.651   1.729   1.815   0
   1.79999995   1.272   1.602   1.681   1.768   0
   1.82795823   1.175   1.509   1.590   1.677   0
   1.86584675   1.036   1.371   1.453   1.539   1
   1.89859688   0.910   1.239   1.320   1.403   0
   1.89999998   0.904   1.232   1.314   1.397   0
   1.92574859   0.800   1.119   1.199   1.279   0
   1.95185912   0.688   0.995   1.073   1.149   0
   1.96367645   0.635   0.937   1.014   1.089   0
   1.97475481   0.584   0.882   0.959   1.032   0
   1.97999096   0.561   0.858   0.936   1.009   0
   1.98728132   0.528   0.834   0.914   0.989   3
   1.99134362   0.510   0.834   0.917   0.996   0
   1.99411535   0.494   0.854   0.944   1.033   0
   1.99491322   0.475   0.863   0.960   1.055   0
   1.99537790   0.440   0.856   0.958   1.061   0
   1.99545717   0.447   0.860   0.961   1.062   0
   1.99570131   0.437   0.812   0.905   0.997   0
   1.99610603   0.316   0.655   0.743   0.825   0
   1.99686420   0.219   0.514   0.595   0.665   0
   1.99787247   0.150   0.400   0.472   0.531   0
   1.99890363   0.095   0.301   0.363   0.410   0
   2.00000000   0.043   0.194   0.246   0.277   0
   2.00072956   0.016   0.125   0.166   0.187   0
   2.00162268  -0.013   0.035   0.059   0.061   0
   2.00221610  -0.026  -0.027  -0.017  -0.033   0
   2.00280738  -0.024  -0.077  -0.088  -0.130   0
   2.00339818  -0.013  -0.110  -0.152  -0.236   0
   2.00399208   0.008  -0.106  -0.196  -0.346   0
   2.00459123   0.045  -0.040  -0.206  -0.461   3
   2.00489450   0.071   0.022  -0.189  -0.514   0
   2.00520015   0.105   0.100  -0.161  -0.565   0
   2.00550795   0.154   0.200  -0.120  -0.612   0
   2.00582051   0.220   0.306  -0.072  -0.646   0
   2.00613618   0.295   0.399  -0.023  -0.655   0
   2.00678396   0.486   0.598   0.104  -0.612   0
   2.00711560   0.564   0.676   0.156  -0.590   4
   2.00814676   0.540   0.626   0.061  -0.728   0
   2.00911236   0.430   0.502  -0.077  -0.882   0
   2.01017261   0.310   0.372  -0.219  -1.034   0
   2.01134157   0.180   0.231  -0.369  -1.193   0
   2.01254320   0.056   0.095  -0.513  -1.347   0
   2.01280951   0.035   0.072  -0.537  -1.371   2
   2.01321101   0.179   0.231  -0.367  -1.190   0
   2.01362967   0.310   0.373  -0.213  -1.025   0
   2.01690912   0.418   0.494  -0.079  -0.876   0
   2.02365613   0.424   0.512  -0.039  -0.814   4
   2.03152061   0.238   0.336  -0.169  -0.898   0
   2.03603911   0.074   0.169  -0.292  -0.970   0
   2.04120517  -0.059   0.022  -0.388  -1.005   0
   2.04520726  -0.162  -0.105  -0.464  -1.016   0
   2.04879928  -0.237  -0.214  -0.528  -1.015   0
   2.05212140  -0.301  -0.314  -0.585  -1.008   0
   2.05655217  -0.373  -0.431  -0.652  -0.999   0
   2.06506324  -0.466  -0.568  -0.739  -1.010   0
   2.07477260  -0.571  -0.701  -0.815  -1.015   0
   2.08435702  -0.668  -0.802  -0.877  -1.025   0
   2.09442711  -0.762  -0.888  -0.935  -1.044   0
   2.10519791  -0.856  -0.958  -0.985  -1.066   0
   2.11689281  -0.953  -1.027  -1.036  -1.095   0
   2.12861872  -1.041  -1.097  -1.096  -1.143   1
   2.14134502  -1.120  -1.204  -1.215  -1.281   0
   2.14541793  -1.139  -1.255  -1.282  -1.371   0
   2.14807606  -1.145  -1.281  -1.333  -1.457   0
   2.15083289  -1.143  -1.290  -1.382  -1.565   0
   2.15517187  -1.150  -1.287  -1.421  -1.659   0
   2.15575409  -1.135  -1.254  -1.421  -1.704   3
   2.15605712  -1.113  -1.204  -1.415  -1.757   0
   2.15629244  -1.086  -1.144  -1.398  -1.803   0
   2.15646839  -1.052  -1.078  -1.377  -1.845   0
   2.15664554  -0.999  -0.985  -1.342  -1.893   0
   2.15683103  -0.887  -0.842  -1.280  -1.933   0
   2.15699172  -0.720  -0.672  -1.179  -1.911   0
   2.15705490  -0.591  -0.548  -1.087  -1.851   4
   2.15715671  -0.536  -0.523  -1.127  -1.955   0
   2.15720963  -0.645  -0.648  -1.268  -2.112   0
   2.15797043  -0.809  -0.846  -1.496  -2.363   0
   2.15826774  -0.926  -0.988  -1.657  -2.540   0
   2.15856886  -1.074  -1.165  -1.856  -2.758   0
   2.15884209  -1.268  -1.396  -2.117  -3.043   0
   2.15901351  -1.391  -1.543  -2.284  -3.226   0
   2.15916300  -1.486  -1.660  -2.416  -3.370   0
   2.15934467  -1.586  -1.796  -2.576  -3.547   0
   2.15951395  -1.692  -1.936  -2.738  -3.726   0
   2.15966654  -1.797  -2.077  -2.903  -3.908   0
   2.15980053  -1.896  -2.214  -3.065  -4.089   0
   2.15996647  -2.022  -2.390  -3.277  -4.326   0
   2.16010666  -2.129  -2.540  -3.459  -4.532   0
   2.16020632  -2.196  -2.646  -3.592  -4.686   0
   2.16027570  -2.247  -2.741  -3.716  -4.830   0
   2.16034532  -2.293  -2.841  -3.852  -4.992   0
   2.16043472  -2.339  -2.949  -3.999  -5.168   0
   2.16049695  -2.382  -3.042  -4.126  -5.319   0
   2.16050506  -2.395  -3.072  -4.166  -5.368   0
   2.16052270  -2.402  -3.117  -4.238  -5.459   0
   2.16053653  -2.408  -3.131  -4.258  -5.484   0
   2.16055393  -2.415  -3.149  -4.283  -5.515   0
   2.16056752  -2.420  -3.163  -4.303  -5.539   0
   2.16058493  -2.426  -3.181  -4.328  -5.570   0
   2.16060209  -2.432  -3.198  -4.353  -5.600   0
   2.16061926  -2.438  -3.215  -4.378  -5.631   0
   2.16063666  -2.444  -3.232  -4.402  -5.662   0
   2.16065383  -2.450  -3.248  -4.427  -5.692   0
   2.16067100  -2.453  -3.258  -4.441  -5.711   0
   2.16068816  -2.455  -3.265  -4.453  -5.725   0
   2.16074610  -2.459  -3.279  -4.474  -5.752   0
   2.16081357  -2.463  -3.295  -4.497  -5.782   0
   2.16088057  -2.468  -3.311  -4.521  -5.811   0
   2.16094685  -2.473  -3.327  -4.545  -5.842   0
   2.16101265  -2.478  -3.344  -4.572  -5.876   0
   2.16107774  -2.483  -3.362  -4.599  -5.910   0
   2.16114235  -2.485  -3.379  -4.625  -5.944   0
   2.16120648  -2.486  -3.395  -4.650  -5.977   0
   2.16126990  -2.487  -3.411  -4.676  -6.010   0
   2.16133285  -2.487  -3.426  -4.701  -6.044   0
   2.16139507  -2.488  -3.442  -4.726  -6.077   0
   2.16145682  -2.488  -3.457  -4.751  -6.110   0
   2.16150594  -2.487  -3.469  -4.771  -6.136   0
   2.16155457  -2.487  -3.481  -4.791  -6.163   0
   2.16160274  -2.487  -3.493  -4.811  -6.190   0
   2.16165042  -2.486  -3.505  -4.831  -6.217   0
   2.16169810  -2.485  -3.517  -4.850  -6.243   0
   2.16174507  -2.484  -3.528  -4.870  -6.270   0
   2.16179156  -2.483  -3.539  -4.889  -6.296   0
   2.16183805  -2.481  -3.550  -4.908  -6.322   0
   2.16188431  -2.480  -3.561  -4.927  -6.348   0
   2.16193008  -2.478  -3.572  -4.946  -6.374   0
   2.16197562  -2.476  -3.582  -4.965  -6.399   0
   2.16202092  -2.474  -3.592  -4.983  -6.424   0
   2.16206598  -2.472  -3.602  -5.001  -6.449   0
   2.16211057  -2.469  -3.612  -5.019  -6.474   0
   2.16215515  -2.470  -3.623  -5.037  -6.498   0
   2.16219974  -2.475  -3.636  -5.056  -6.522   0
   2.16224384  -2.480  -3.650  -5.075  -6.546   0
   2.16228795  -2.485  -3.663  -5.093  -6.569   0
   2.16233182  -2.490  -3.676  -5.112  -6.592   0
   2.16237593  -2.495  -3.688  -5.130  -6.615   0
   2.16241980  -2.499  -3.701  -5.147  -6.637   0
   2.16246343  -2.503  -3.713  -5.165  -6.659   0
   2.16250730  -2.507  -3.724  -5.182  -6.680   0
   2.16255116  -2.511  -3.736  -5.198  -6.701   0
   2.16259527  -2.515  -3.747  -5.215  -6.722   0
   2.16263914  -2.518  -3.758  -5.230  -6.742   0
   2.16268325  -2.521  -3.768  -5.246  -6.762   0
   2.16273880  -2.524  -3.781  -5.264  -6.786   0
   2.16279483  -2.527  -3.793  -5.282  -6.809   0
   2.16285086  -2.530  -3.804  -5.300  -6.831   0
   2.16290498  -2.532  -3.815  -5.316  -6.853   0
   2.16296577  -2.534  -3.826  -5.334  -6.876   0
   2.16302299  -2.535  -3.837  -5.350  -6.898   0
   2.16308594  -2.536  -3.847  -5.368  -6.921   0
   2.16314483  -2.536  -3.857  -5.384  -6.942   0
   2.16320777  -2.536  -3.866  -5.400  -6.964   0
   2.16327405  -2.535  -3.875  -5.415  -6.986   0
   2.16334224  -2.532  -3.883  -5.430  -7.007   0
   2.16341949  -2.519  -3.882  -5.437  -7.022   3
   2.16345453  -2.476  -3.850  -5.412  -7.003   0
