   0.15000001  13.694  12.713  11.385   9.802   0
   0.20000000  12.344  11.582  10.404   8.991   0
   0.25000000  11.591  10.906   9.793   8.460   0
   0.30000001  11.078  10.448   9.375   8.097   0
   0.34999999  10.633  10.051   9.014   7.782   0
   0.40000001  10.238   9.700   8.693   7.503   0
   0.44999999   9.728   9.256   8.288   7.150   0
   0.50000000   9.139   8.759   7.843   6.776   0
   0.55000001   8.357   8.140   7.306   6.333   0
   0.60000002   7.504   7.473   6.742   5.870   0
   0.60275775   7.454   7.434   6.710   5.843   0
   0.62596118   7.058   7.114   6.443   5.621   0
   0.64720291   6.698   6.820   6.199   5.418   0
   0.66689277   6.384   6.552   5.974   5.227   0
   0.68543386   6.096   6.298   5.757   5.044   0
   0.69999999   5.865   6.092   5.582   4.894   0
   0.70995373   5.713   5.950   5.457   4.786   0
   0.72585493   5.470   5.714   5.248   4.603   0
   0.74328655   5.186   5.436   4.998   4.383   0
   0.75388753   5.008   5.257   4.836   4.238   0
   0.76683050   4.783   5.021   4.617   4.039   0
   0.78413516   4.437   4.656   4.275   3.727   0
   0.78794611   4.355   4.569   4.193   3.651   0
   0.79120946   4.281   4.492   4.119   3.580   0
   0.79301453   4.240   4.448   4.076   3.540   1
   0.79331833   4.233   4.441   4.069   3.533   0
   0.80000001   4.056   4.255   3.884   3.349   0
   0.80453360   3.930   4.122   3.751   3.215   0
   0.80922198   3.778   3.967   3.583   3.028   0
   0.81252974   3.654   3.845   3.437   2.849   0
   0.81443167   3.598   3.780   3.339   2.711   0
   0.81585765   3.574   3.750   3.269   2.596   0
   0.81703889   3.595   3.741   3.211   2.490   0
   0.81722564   3.596   3.738   3.199   2.471   0
   0.81830895   3.553   3.667   3.086   2.319   0
   0.81914318   3.454   3.542   2.938   2.151   0
   0.81977797   3.328   3.399   2.781   1.982   0
   0.82034558   3.198   3.257   2.630   1.823   0
   0.82086074   3.062   3.111   2.478   1.665   0
   0.82132363   2.922   2.963   2.324   1.505   0
   0.82176673   2.773   2.807   2.162   1.337   0
   0.82217062   2.629   2.655   2.006   1.175   0
   0.82249808   2.490   2.508   1.852   1.016   0
   0.82279789   2.357   2.363   1.701   0.859   0
   0.82306033   2.226   2.218   1.548   0.699   0
   0.82329351   2.103   2.080   1.402   0.547   0
   0.82350886   1.978   1.941   1.255   0.392   0
   0.82370144   1.855   1.804   1.108   0.239   0
   0.82387131   1.732   1.667   0.962   0.085   0
   0.82402176   1.611   1.532   0.818  -0.067   0
   0.82415599   1.495   1.399   0.674  -0.219   0
   0.82427400   1.382   1.269   0.533  -0.369   0
   0.82438236   1.269   1.140   0.394  -0.517   0
   0.82448256   1.158   1.012   0.253  -0.668   0
   0.82458276   1.044   0.883   0.112  -0.817   0
   0.82465386   0.999   0.831   0.057  -0.876   0
   0.82470858   1.024   0.863   0.094  -0.834   1
   0.82478398   0.914   0.735  -0.049  -0.988   0
   0.82485086   0.813   0.609  -0.190  -1.140   0
   0.82491601   0.711   0.475  -0.340  -1.303   0
   0.82497263   0.613   0.348  -0.484  -1.459   0
   0.82502753   0.514   0.217  -0.635  -1.624   0
   0.82507384   0.414   0.085  -0.787  -1.789   0
   0.82511330   0.329  -0.032  -0.924  -1.941   0
   0.82515103   0.237  -0.159  -1.074  -2.107   0
   0.82518363   0.154  -0.278  -1.216  -2.265   0
   0.82521456   0.078  -0.398  -1.364  -2.433   0
   0.82523859   0.019  -0.504  -1.495  -2.583   0
   0.82526261  -0.040  -0.615  -1.634  -2.743   0
   0.82528323  -0.095  -0.718  -1.765  -2.892   0
   0.82530206  -0.138  -0.820  -1.898  -3.049   0
   0.82531756  -0.162  -0.905  -2.018  -3.194   0
   0.82533300  -0.207  -1.003  -2.148  -3.347   0
   0.82534671  -0.237  -1.090  -2.269  -3.491   0
   0.82535702  -0.261  -1.171  -2.380  -3.626   0
   0.82536906  -0.256  -1.241  -2.491  -3.769   0
   0.82537937  -0.264  -1.316  -2.602  -3.908   0
   0.82538795  -0.272  -1.380  -2.696  -4.025   2
   0.82538795   1.114   1.163   0.723   0.088   1
   0.82544595   1.111   1.157   0.684   0.014   0
   0.82551932   1.106   1.151   0.676   0.003   0
   0.82556832   1.103   1.148   0.671  -0.004   0
   0.82559615   1.101   1.146   0.669  -0.005   0
   0.82567638   1.095   1.139   0.664  -0.009   0
   0.82576030   1.087   1.132   0.661  -0.008   0
   0.82584828   1.078   1.124   0.660  -0.003   0
   0.82593900   1.070   1.117   0.659   0.003   0
   0.82603300   1.061   1.110   0.657   0.007   0
   0.82612783   1.057   1.105   0.655   0.008   0
   0.82617301   1.055   1.102   0.653   0.007   0
   0.82621849   1.053   1.101   0.651   0.004   0
   0.82630694   1.051   1.099   0.645  -0.006   0
   0.82639503   1.053   1.099   0.638  -0.020   0
   0.82648504   1.054   1.098   0.628  -0.040   0
   0.82657886   1.056   1.096   0.614  -0.067   0
   0.82667655   1.052   1.089   0.595  -0.098   0
   0.82678097   1.043   1.077   0.569  -0.137   0
   0.82692301   1.023   1.053   0.530  -0.193   0
   0.82696569   1.013   1.040   0.510  -0.221   0
   0.82702202   0.995   1.019   0.479  -0.261   0
   0.82728869   0.928   0.919   0.334  -0.446   0
   0.82730973   0.892   0.871   0.271  -0.521   0
   0.82732129   0.823   0.781   0.152  -0.666   0
   0.82732481   0.762   0.704   0.054  -0.783   0
   0.82732749   0.670   0.570  -0.117  -0.983   0
   0.82732904   0.571   0.439  -0.276  -1.163   0
   0.82733059   0.466   0.303  -0.437  -1.342   0
   0.82733279   0.375   0.185  -0.578  -1.500   0
   0.82733339   0.368   0.175  -0.589  -1.512   0
   0.82734150   0.454   0.288  -0.453  -1.360   0
   0.82734388   0.458   0.293  -0.448  -1.353   4
   0.82737100   0.352   0.154  -0.614  -1.541   0
   0.82738692   0.243   0.007  -0.791  -1.741   0
   0.82739991   0.150  -0.135  -0.965  -1.937   0
   0.82741040   0.051  -0.288  -1.153  -2.150   0
   0.82741708  -0.011  -0.394  -1.288  -2.305   0
   0.82742429  -0.060  -0.500  -1.433  -2.477   0
   0.82743156  -0.145  -0.641  -1.613  -2.684   0
   0.82743627  -0.192  -0.741  -1.741  -2.834   0
   0.82744032  -0.231  -0.838  -1.870  -2.987   0
   0.82744366  -0.250  -0.919  -1.988  -3.131   0
   0.82744682  -0.274  -1.004  -2.107  -3.275   0
   0.82745028  -0.290  -1.084  -2.225  -3.419   0
   0.82745349  -0.315  -1.173  -2.352  -3.575   0
   0.82745409  -0.306  -1.235  -2.455  -3.708   0
   0.82745427  -0.309  -1.248  -2.474  -3.731   0
   0.82745475  -0.310  -1.261  -2.494  -3.756   0
   0.82745528  -0.310  -1.277  -2.518  -3.787   0
   0.82745582  -0.310  -1.293  -2.542  -3.818   0
   0.82745641  -0.310  -1.309  -2.567  -3.849   0
   0.82745695  -0.310  -1.325  -2.591  -3.880   0
   0.82745749  -0.310  -1.341  -2.616  -3.912   0
   0.82745808  -0.309  -1.356  -2.640  -3.942   0
   0.82745862  -0.308  -1.372  -2.664  -3.973   0
   0.82745916  -0.307  -1.387  -2.688  -4.005   0
   0.82745975  -0.306  -1.402  -2.712  -4.036   0
   0.82746029  -0.305  -1.417  -2.736  -4.067   0
   0.82746083  -0.303  -1.432  -2.760  -4.098   0
   0.82746142  -0.300  -1.446  -2.783  -4.129   0
   0.82746196  -0.297  -1.459  -2.807  -4.160   0
   0.82746249  -0.294  -1.473  -2.830  -4.191   0
   0.82746309  -0.291  -1.487  -2.853  -4.222   0
   0.82746363  -0.288  -1.500  -2.876  -4.253   0
   0.82746416  -0.284  -1.513  -2.899  -4.284   0
   0.82746476  -0.280  -1.526  -2.922  -4.315   0
   0.82746530  -0.276  -1.540  -2.946  -4.347   0
   0.82746583  -0.271  -1.553  -2.969  -4.379   0
   0.82746643  -0.266  -1.566  -2.993  -4.411   0
   0.82746696  -0.261  -1.579  -3.016  -4.442   0
   0.82746738  -0.257  -1.589  -3.035  -4.468   0
   0.82746798  -0.252  -1.600  -3.057  -4.498   0
   0.82746851  -0.246  -1.611  -3.077  -4.526   0
   0.82746905  -0.241  -1.622  -3.096  -4.554   0
   0.82746965  -0.236  -1.632  -3.115  -4.581   0
   0.82747018  -0.230  -1.641  -3.134  -4.608   0
   0.82747072  -0.225  -1.651  -3.153  -4.635   0
   0.82747132  -0.218  -1.658  -3.168  -4.657   0
   0.82747251  -0.209  -1.667  -3.188  -4.687   0
   0.82747370  -0.199  -1.676  -3.207  -4.717   0
   0.82747489  -0.189  -1.684  -3.227  -4.746   0
   0.82747614  -0.178  -1.692  -3.247  -4.776   0
   0.82747734  -0.167  -1.700  -3.266  -4.806   0
   0.82747853  -0.155  -1.707  -3.285  -4.836   0
   0.82747972  -0.142  -1.714  -3.304  -4.866   0
   0.82748097  -0.134  -1.724  -3.324  -4.895   0
   0.82748216  -0.137  -1.739  -3.346  -4.924   0
   0.82748318  -0.139  -1.752  -3.366  -4.951   0
