   0.15000001  13.713  12.726  11.394   9.809   0
   0.20000000  12.359  11.596  10.416   9.002   0
   0.25000000  11.604  10.918   9.804   8.470   0
   0.30000001  11.092  10.461   9.387   8.108   0
   0.34999999  10.649  10.065   9.027   7.794   0
   0.40000001  10.252   9.713   8.705   7.513   0
   0.44999999   9.741   9.268   8.298   7.159   0
   0.50000000   9.167   8.781   7.863   6.791   0
   0.55000001   8.405   8.177   7.338   6.359   0
   0.60000002   7.573   7.527   6.787   5.907   0
   0.62092167   7.214   7.243   6.551   5.711   0
   0.64482433   6.828   6.927   6.289   5.493   0
   0.66670614   6.481   6.638   6.048   5.291   0
   0.68698937   6.184   6.377   5.826   5.104   0
   0.69999999   5.990   6.206   5.681   4.980   0
   0.71400565   5.780   6.016   5.517   4.840   0
   0.73058540   5.547   5.790   5.318   4.668   0
   0.74694872   5.307   5.557   5.111   4.486   0
   0.76488692   5.033   5.284   4.864   4.268   0
   0.77579594   4.867   5.111   4.705   4.126   0
   0.78911501   4.648   4.880   4.490   3.932   0
   0.80000001   4.450   4.671   4.295   3.754   0
   0.80894041   4.275   4.486   4.122   3.596   0
   0.81248361   4.202   4.408   4.048   3.527   0
   0.81565696   4.134   4.336   3.979   3.462   0
   0.81644386   4.117   4.318   3.961   3.445   0
   0.81925392   4.053   4.250   3.896   3.382   0
   0.82897580   3.806   3.989   3.635   3.121   1
   0.83408654   3.655   3.835   3.466   2.931   0
   0.83768898   3.532   3.714   3.319   2.748   0
   0.83975917   3.474   3.653   3.223   2.607   0
   0.84131074   3.457   3.631   3.157   2.491   0
   0.84259576   3.490   3.635   3.107   2.388   0
   0.84279883   3.494   3.635   3.098   2.371   0
   0.84394401   3.457   3.570   2.990   2.224   0
   0.84482580   3.360   3.446   2.843   2.056   0
   0.84549677   3.236   3.306   2.690   1.892   0
   0.84609663   3.106   3.164   2.538   1.731   0
   0.84664112   2.970   3.019   2.387   1.574   0
   0.84713030   2.832   2.872   2.234   1.415   0
   0.84759855   2.682   2.714   2.070   1.246   0
   0.84802532   2.537   2.562   1.913   1.083   0
   0.84837139   2.404   2.419   1.764   0.928   0
   0.84868819   2.270   2.273   1.610   0.768   0
   0.84896547   2.142   2.131   1.460   0.611   0
   0.84921187   2.021   1.996   1.317   0.461   0
   0.84943938   1.898   1.859   1.172   0.309   0
   0.84964287   1.778   1.725   1.029   0.159   0
   0.84982234   1.657   1.589   0.884   0.006   0
   0.84998131   1.540   1.458   0.743  -0.143   0
   0.85012317   1.427   1.328   0.603  -0.291   0
   0.85024786   1.316   1.202   0.465  -0.437   0
   0.85036230   1.208   1.077   0.330  -0.581   0
   0.85046816   1.101   0.954   0.195  -0.726   0
   0.85057408   0.994   0.832   0.062  -0.867   0
   0.85064918   0.947   0.779   0.004  -0.928   0
   0.85071832   0.979   0.818   0.050  -0.877   1
   0.85080242   0.867   0.689  -0.094  -1.033   0
   0.85087693   0.767   0.563  -0.235  -1.184   0
   0.85094959   0.664   0.430  -0.384  -1.347   0
   0.85101265   0.568   0.305  -0.527  -1.501   0
   0.85107386   0.468   0.172  -0.679  -1.668   0
   0.85112548   0.370   0.042  -0.829  -1.831   0
   0.85116947   0.286  -0.073  -0.964  -1.980   0
   0.85121161   0.195  -0.200  -1.113  -2.145   0
   0.85124791   0.114  -0.316  -1.252  -2.300   0
   0.85128236   0.036  -0.438  -1.403  -2.471   0
   0.85130912  -0.022  -0.541  -1.530  -2.616   0
   0.85133594  -0.079  -0.648  -1.665  -2.771   0
   0.85135889  -0.132  -0.751  -1.794  -2.920   0
   0.85137993  -0.176  -0.852  -1.927  -3.075   0
   0.85139716  -0.203  -0.935  -2.042  -3.214   0
   0.85141438  -0.242  -1.029  -2.169  -3.363   0
   0.85142970  -0.273  -1.116  -2.288  -3.506   0
   0.85144120  -0.297  -1.192  -2.393  -3.633   0
   0.85145462  -0.299  -1.264  -2.504  -3.774   0
   0.85146606  -0.302  -1.335  -2.610  -3.908   0
   0.85147566  -0.312  -1.398  -2.702  -4.022   2
   0.85147566   1.113   1.162   0.689   0.019   1
   0.85154772   1.108   1.150   0.650  -0.049   0
   0.85163885   1.102   1.142   0.640  -0.062   0
   0.85169971   1.098   1.138   0.634  -0.070   0
   0.85173404   1.095   1.136   0.632  -0.071   0
   0.85183287   1.089   1.129   0.627  -0.074   0
   0.85193628   1.082   1.122   0.624  -0.073   0
   0.85204470   1.074   1.115   0.622  -0.069   0
   0.85215646   1.066   1.108   0.621  -0.065   0
   0.85227227   1.058   1.101   0.619  -0.062   0
   0.85238910   1.052   1.095   0.615  -0.063   0
   0.85244477   1.049   1.092   0.613  -0.064   0
   0.85249251   1.048   1.091   0.611  -0.067   0
   0.85258538   1.046   1.088   0.606  -0.075   0
   0.85267788   1.046   1.087   0.599  -0.088   0
   0.85277241   1.045   1.084   0.589  -0.104   0
   0.85287094   1.043   1.080   0.577  -0.126   0
   0.85297352   1.038   1.073   0.560  -0.152   0
   0.85308319   1.028   1.060   0.537  -0.185   0
   0.85323238   1.010   1.038   0.502  -0.234   0
   0.85327715   1.001   1.028   0.486  -0.256   0
   0.85333627   0.994   1.014   0.463  -0.287   0
   0.85361630   0.915   0.901   0.306  -0.483   0
   0.85363841   0.876   0.851   0.241  -0.561   0
   0.85365057   0.812   0.769   0.133  -0.690   0
   0.85365427   0.758   0.698   0.043  -0.797   0
   0.85365707   0.678   0.582  -0.105  -0.970   0
   0.85365897   0.570   0.440  -0.276  -1.163   0
   0.85366094   0.455   0.291  -0.451  -1.358   0
   0.85366380   0.356   0.164  -0.602  -1.527   0
   0.85366458   0.341   0.146  -0.623  -1.550   0
   0.85367471   0.426   0.256  -0.491  -1.402   0
   0.85367769   0.431   0.263  -0.483  -1.393   1
   0.85370988   0.324   0.123  -0.651  -1.581   0
   0.85372877   0.213  -0.033  -0.839  -1.794   0
   0.85374409   0.118  -0.177  -1.014  -1.991   0
   0.85375655   0.024  -0.322  -1.192  -2.192   0
   0.85376447  -0.034  -0.420  -1.317  -2.336   0
   0.85377306  -0.087  -0.524  -1.456  -2.500   0
   0.85378164  -0.164  -0.658  -1.629  -2.700   0
   0.85378724  -0.213  -0.761  -1.762  -2.855   0
   0.85379207  -0.252  -0.859  -1.892  -3.009   0
   0.85379601  -0.272  -0.942  -2.011  -3.154   0
   0.85379970  -0.296  -1.025  -2.129  -3.297   0
   0.85380375  -0.317  -1.107  -2.247  -3.440   0
   0.85380763  -0.339  -1.200  -2.382  -3.606   0
   0.85380828  -0.334  -1.249  -2.462  -3.710   0
   0.85380858  -0.337  -1.265  -2.484  -3.737   0
   0.85380912  -0.338  -1.279  -2.506  -3.764   0
   0.85380983  -0.338  -1.296  -2.532  -3.798   0
   0.85381055  -0.338  -1.314  -2.558  -3.831   0
   0.85381126  -0.339  -1.331  -2.585  -3.865   0
   0.85381198  -0.339  -1.348  -2.612  -3.899   0
   0.85381269  -0.338  -1.365  -2.638  -3.933   0
   0.85381341  -0.338  -1.382  -2.664  -3.966   0
   0.85381413  -0.337  -1.399  -2.691  -4.000   0
   0.85381484  -0.336  -1.416  -2.717  -4.034   0
   0.85381556  -0.335  -1.432  -2.743  -4.067   0
   0.85381627  -0.333  -1.449  -2.770  -4.101   0
   0.85381699  -0.331  -1.465  -2.795  -4.135   0
   0.85381770  -0.329  -1.480  -2.821  -4.169   0
   0.85381842  -0.325  -1.495  -2.846  -4.203   0
   0.85381913  -0.322  -1.510  -2.871  -4.236   0
   0.85381985  -0.318  -1.524  -2.897  -4.270   0
   0.85382056  -0.315  -1.539  -2.922  -4.304   0
   0.85382128  -0.311  -1.553  -2.947  -4.337   0
   0.85382205  -0.306  -1.567  -2.972  -4.371   0
   0.85382271  -0.301  -1.582  -2.998  -4.407   0
   0.85382348  -0.296  -1.598  -3.026  -4.445   0
   0.85382420  -0.290  -1.613  -3.053  -4.482   0
   0.85382485  -0.284  -1.627  -3.080  -4.519   0
   0.85382545  -0.278  -1.639  -3.102  -4.548   0
   0.85382617  -0.273  -1.649  -3.122  -4.577   0
   0.85382688  -0.268  -1.658  -3.138  -4.600   0
   0.85382760  -0.263  -1.666  -3.154  -4.624   0
   0.85382831  -0.258  -1.674  -3.170  -4.647   0
   0.85382903  -0.252  -1.683  -3.186  -4.670   0
   0.85382974  -0.247  -1.691  -3.202  -4.694   0
   0.85383046  -0.241  -1.697  -3.216  -4.714   0
   0.85383201  -0.231  -1.706  -3.237  -4.746   0
   0.85383356  -0.220  -1.716  -3.259  -4.778   0
   0.85383511  -0.209  -1.725  -3.280  -4.811   0
   0.85383666  -0.196  -1.733  -3.302  -4.844   0
   0.85383821  -0.183  -1.742  -3.323  -4.878   0
   0.85383976  -0.169  -1.750  -3.345  -4.911   0
   0.85384130  -0.163  -1.762  -3.368  -4.944   0
   0.85384285  -0.166  -1.779  -3.392  -4.976   0
   0.85384440  -0.169  -1.796  -3.417  -5.009   0
   0.85384578  -0.171  -1.810  -3.439  -5.038   0
