   0.15000001  13.731  12.772  11.438   9.855   0
   0.20000000  12.313  11.641  10.474   9.071   0
   0.25000000  11.537  10.957   9.854   8.528   0
   0.30000001  11.033  10.514   9.449   8.173   0
   0.34999999  10.596  10.128   9.097   7.863   0
   0.40000001  10.188   9.768   8.766   7.570   0
   0.44999999   9.689   9.332   8.366   7.215   0
   0.50000000   9.186   8.904   7.981   6.882   0
   0.55000001   8.542   8.379   7.526   6.502   0
   0.60000002   7.617   7.672   6.961   6.071   0
   0.61525768   7.408   7.501   6.818   5.953   0
   0.69999999   6.429   6.662   6.110   5.360   0
   0.71779746   6.237   6.491   5.964   5.239   0
   0.78261620   5.606   5.902   5.455   4.814   0
   0.80000001   5.451   5.751   5.322   4.703   0
   0.84376776   5.095   5.385   4.998   4.432   0
   0.88875610   4.752   5.018   4.670   4.157   0
   0.89999998   4.671   4.928   4.588   4.089   0
   0.92927903   4.464   4.694   4.379   3.919   0
   0.96244603   4.236   4.430   4.143   3.730   0
   0.99232358   4.034   4.190   3.929   3.560   0
   1.00000000   3.982   4.128   3.873   3.516   0
   1.02235365   3.837   3.950   3.717   3.401   0
   1.04983270   3.657   3.727   3.522   3.258   0
   1.07810473   3.467   3.497   3.323   3.116   0
   1.10000002   3.314   3.316   3.167   3.003   0
   1.11339879   3.224   3.214   3.081   2.939   0
   1.13519144   3.071   3.049   2.942   2.834   0
   1.15835798   2.900   2.870   2.789   2.715   0
   1.16992795   2.812   2.787   2.716   2.653   0
   1.18090308   2.728   2.707   2.645   2.593   0
   1.19424689   2.624   2.608   2.555   2.514   0
   1.20000005   2.572   2.559   2.511   2.475   0
   1.20443821   2.515   2.506   2.465   2.436   0
   1.20644236   2.484   2.477   2.438   2.413   0
   1.21047819   2.442   2.437   2.400   2.377   0
   1.21509635   2.403   2.399   2.364   2.342   0
   1.24108112   2.104   2.108   2.085   2.070   1
   1.25250709   1.939   1.924   1.896   1.871   0
   1.25960159   1.814   1.770   1.727   1.678   0
   1.26329863   1.737   1.668   1.599   1.510   0
   1.26509428   1.699   1.620   1.522   1.391   0
   1.26657343   1.668   1.605   1.468   1.280   0
   1.26786613   1.647   1.621   1.434   1.167   0
   1.26861918   1.642   1.649   1.425   1.096   3
   1.26931298   1.645   1.694   1.429   1.030   0
   1.26996231   1.659   1.749   1.440   0.970   0
   1.27054679   1.688   1.811   1.459   0.925   0
   1.27143681   1.739   1.889   1.486   0.882   0
   1.27230108   1.804   1.967   1.523   0.865   0
   1.27339685   1.897   2.054   1.564   0.855   0
   1.27411890   1.945   2.098   1.583   0.845   4
   1.27598262   1.891   2.025   1.475   0.702   0
   1.27736485   1.774   1.894   1.328   0.539   0
   1.27862740   1.644   1.752   1.177   0.380   0
   1.27978730   1.516   1.613   1.030   0.225   0
   1.28090382   1.387   1.474   0.884   0.072   0
   1.28186059   1.251   1.328   0.732  -0.087   0
   1.28281271   1.106   1.174   0.571  -0.256   0
   1.28360450   0.977   1.036   0.427  -0.407   0
   1.28436041   0.846   0.896   0.279  -0.562   0
   1.28507066   0.724   0.758   0.132  -0.717   0
   1.28570282   0.600   0.618  -0.019  -0.877   0
   1.28623354   0.484   0.487  -0.160  -1.025   0
   1.28674698   0.366   0.353  -0.304  -1.178   0
   1.28719962   0.251   0.223  -0.445  -1.327   0
   1.28762388   0.130   0.087  -0.591  -1.482   0
   1.28801715   0.012  -0.047  -0.736  -1.637   0
   1.28835762  -0.097  -0.171  -0.872  -1.782   0
   1.28867912  -0.203  -0.293  -1.005  -1.924   0
   1.28903866  -0.290  -0.395  -1.116  -2.043   0
   1.28923297  -0.181  -0.265  -0.971  -1.885   0
   1.28926861  -0.171  -0.254  -0.958  -1.872   1
   1.28952062  -0.277  -0.377  -1.095  -2.019   0
   1.28977549  -0.389  -0.507  -1.237  -2.171   0
   1.29002905  -0.503  -0.640  -1.383  -2.329   0
   1.29024851  -0.603  -0.765  -1.523  -2.480   0
   1.29043663  -0.693  -0.879  -1.654  -2.622   0
   1.29061520  -0.785  -0.997  -1.788  -2.769   0
   1.29078293  -0.872  -1.114  -1.926  -2.922   0
   1.29092753  -0.953  -1.225  -2.056  -3.066   0
   1.29106259  -1.037  -1.338  -2.189  -3.212   0
   1.29117858  -1.120  -1.446  -2.313  -3.349   0
   1.29128218  -1.202  -1.554  -2.438  -3.486   0
   1.29137766  -1.269  -1.650  -2.554  -3.618   0
   1.29144871  -1.322  -1.723  -2.642  -3.716   2
   1.29144871   0.518   0.609   0.159  -0.507   1
   1.29198098   0.528   0.618   0.154  -0.529   0
   1.29264879   0.527   0.616   0.142  -0.551   0
   1.29310501   0.520   0.608   0.133  -0.563   0
   1.29336262   0.513   0.601   0.126  -0.569   0
   1.29413044   0.488   0.575   0.106  -0.583   0
   1.29491603   0.460   0.547   0.085  -0.595   0
   1.29572332   0.434   0.520   0.065  -0.606   0
   1.29655468   0.407   0.492   0.045  -0.618   0
   1.29741287   0.381   0.466   0.025  -0.630   0
   1.29825854   0.358   0.441   0.006  -0.642   0
   1.29909098   0.339   0.419  -0.011  -0.653   0
   1.29989946   0.322   0.400  -0.027  -0.665   0
   1.30066943   0.306   0.383  -0.042  -0.678   0
   1.30071247   0.306   0.383  -0.042  -0.679   0
   1.30146742   0.296   0.374  -0.054  -0.695   0
   1.30223966   0.287   0.366  -0.067  -0.714   0
   1.30297983   0.284   0.363  -0.079  -0.736   0
   1.30383801   0.284   0.361  -0.093  -0.764   0
   1.30488646   0.285   0.361  -0.110  -0.801   0
   1.30527544   0.288   0.364  -0.119  -0.823   0
   1.30582047   0.291   0.365  -0.133  -0.856   0
   1.30727267   0.303   0.364  -0.175  -0.939   0
   1.30739343   0.311   0.363  -0.193  -0.975   0
   1.30748546   0.307   0.348  -0.229  -1.031   0
   1.30751300   0.294   0.329  -0.258  -1.070   0
   1.30753422   0.252   0.276  -0.328  -1.156   0
   1.30754781   0.136   0.140  -0.485  -1.331   0
   1.30755937   0.032   0.014  -0.629  -1.491   0
   1.30758083  -0.075  -0.110  -0.766  -1.639   0
   1.30764818  -0.022  -0.048  -0.697  -1.564   1
   1.30781388  -0.129  -0.175  -0.840  -1.721   0
   1.30792856  -0.273  -0.346  -1.031  -1.928   0
   1.30801380  -0.404  -0.502  -1.206  -2.119   0
   1.30806208  -0.537  -0.660  -1.384  -2.312   0
   1.30810869  -0.665  -0.810  -1.551  -2.495   0
   1.30815864  -0.769  -0.945  -1.708  -2.668   0
   1.30821490  -0.868  -1.080  -1.867  -2.845   0
   1.30826116  -0.955  -1.201  -2.010  -3.004   0
   1.30829775  -1.044  -1.323  -2.156  -3.166   0
   1.30833280  -1.152  -1.468  -2.326  -3.354   0
   1.30836022  -1.247  -1.597  -2.477  -3.522   0
   1.30838382  -1.323  -1.707  -2.612  -3.675   0
   1.30841005  -1.404  -1.822  -2.752  -3.834   0
   1.30842543  -1.468  -1.932  -2.894  -3.999   0
   1.30842590  -1.471  -1.940  -2.903  -4.010   0
   1.30842912  -1.479  -1.956  -2.925  -4.036   0
   1.30843306  -1.488  -1.977  -2.953  -4.069   0
   1.30843627  -1.496  -1.993  -2.975  -4.095   0
   1.30844021  -1.505  -2.013  -3.002  -4.127   0
   1.30844343  -1.512  -2.030  -3.025  -4.154   0
   1.30844736  -1.522  -2.050  -3.052  -4.186   0
   1.30845141  -1.531  -2.070  -3.079  -4.219   0
   1.30845535  -1.539  -2.090  -3.107  -4.251   0
   1.30845940  -1.548  -2.111  -3.134  -4.284   0
   1.30846334  -1.557  -2.131  -3.161  -4.317   0
   1.30846739  -1.565  -2.151  -3.189  -4.350   0
   1.30847132  -1.574  -2.170  -3.216  -4.382   0
   1.30847538  -1.582  -2.191  -3.244  -4.416   0
   1.30847919  -1.591  -2.211  -3.272  -4.449   0
   1.30848300  -1.599  -2.230  -3.299  -4.482   0
   1.30848598  -1.605  -2.246  -3.321  -4.508   0
   1.30848908  -1.612  -2.262  -3.342  -4.534   0
   1.30849206  -1.618  -2.277  -3.364  -4.560   0
   1.30849588  -1.626  -2.297  -3.391  -4.593   0
   1.30849957  -1.634  -2.316  -3.418  -4.626   0
   1.30850339  -1.641  -2.335  -3.445  -4.658   0
   1.30850720  -1.649  -2.354  -3.472  -4.691   0
   1.30851090  -1.656  -2.373  -3.499  -4.724   0
   1.30851400  -1.662  -2.388  -3.520  -4.750   0
   1.30851698  -1.668  -2.403  -3.541  -4.776   0
   1.30852079  -1.675  -2.422  -3.568  -4.809   0
   1.30852449  -1.682  -2.441  -3.595  -4.842   0
   1.30852830  -1.689  -2.460  -3.622  -4.874   0
   1.30853212  -1.695  -2.477  -3.646  -4.905   0
   1.30853593  -1.699  -2.488  -3.664  -4.926   0
   1.30853963  -1.702  -2.499  -3.680  -4.946   0
   1.30854344  -1.706  -2.510  -3.695  -4.965   0
   1.30854726  -1.709  -2.520  -3.710  -4.984   0
   1.30855405  -1.711  -2.530  -3.726  -5.005   0
   1.30856526  -1.716  -2.547  -3.751  -5.037   0
   1.30857646  -1.720  -2.564  -3.777  -5.069   0
   1.30858755  -1.725  -2.580  -3.802  -5.101   0
   1.30859852  -1.729  -2.597  -3.827  -5.133   0
   1.30860949  -1.729  -2.611  -3.851  -5.164   0
   1.30862033  -1.730  -2.626  -3.874  -5.195   0
   1.30863118  -1.730  -2.641  -3.898  -5.226   0
   1.30864179  -1.730  -2.655  -3.921  -5.257   0
   1.30865252  -1.730  -2.670  -3.945  -5.288   0
   1.30866301  -1.729  -2.684  -3.968  -5.319   0
   1.30867350  -1.728  -2.698  -3.991  -5.350   0
   1.30868387  -1.727  -2.711  -4.015  -5.382   0
   1.30869412  -1.726  -2.725  -4.038  -5.413   0
   1.30870450  -1.724  -2.738  -4.061  -5.444   0
   1.30871451  -1.722  -2.751  -4.083  -5.475   0
   1.30872464  -1.720  -2.764  -4.106  -5.506   0
   1.30873454  -1.717  -2.777  -4.129  -5.537   0
   1.30874443  -1.714  -2.789  -4.151  -5.568   0
   1.30875432  -1.711  -2.801  -4.174  -5.600   0
   1.30876398  -1.707  -2.813  -4.196  -5.631   0
   1.30877364  -1.703  -2.825  -4.218  -5.662   0
   1.30878317  -1.699  -2.836  -4.240  -5.693   0
   1.30879259  -1.694  -2.847  -4.262  -5.724   0
   1.30880213  -1.688  -2.858  -4.284  -5.755   0
   1.30881143  -1.683  -2.869  -4.306  -5.786   0
   1.30882061  -1.688  -2.886  -4.330  -5.817   0
   1.30882978  -1.694  -2.903  -4.355  -5.849   0
   1.30883884  -1.699  -2.920  -4.379  -5.880   0
   1.30884790  -1.704  -2.936  -4.404  -5.911   0
   1.30885673  -1.709  -2.953  -4.428  -5.942   0
   1.30886376  -1.712  -2.966  -4.447  -5.967   0
   1.30887091  -1.715  -2.978  -4.466  -5.992   0
   1.30887783  -1.718  -2.991  -4.486  -6.016   0
   1.30888474  -1.721  -3.003  -4.504  -6.040   0
   1.30889165  -1.723  -3.015  -4.522  -6.064   0
   1.30890024  -1.725  -3.029  -4.545  -6.094   0
   1.30890882  -1.726  -3.043  -4.567  -6.123   0
   1.30891740  -1.727  -3.056  -4.588  -6.151   0
   1.30892587  -1.727  -3.067  -4.607  -6.177   0
   1.30893350  -1.726  -3.077  -4.623  -6.199   0
