   0.15000001  13.767  12.796  11.456   9.868   0
   0.20000000  12.340  11.666  10.497   9.092   0
   0.25000000  11.562  10.979   9.874   8.546   0
   0.30000001  11.061  10.539   9.472   8.194   0
   0.34999999  10.625  10.155   9.121   7.886   0
   0.40000001  10.214   9.791   8.787   7.589   0
   0.44999999   9.733   9.371   8.403   7.248   0
   0.50000000   9.245   8.956   8.029   6.924   0
   0.55000001   8.632   8.454   7.592   6.558   0
   0.60000002   7.739   7.774   7.049   6.147   0
   0.69999999   6.600   6.817   6.245   5.476   0
   0.80000001   5.688   5.983   5.529   4.881   0
   0.89999998   4.984   5.270   4.900   4.358   0
   1.00000000   4.415   4.635   4.336   3.901   0
   1.10000002   3.947   4.064   3.836   3.531   0
   1.20000005   3.546   3.564   3.411   3.251   0
   1.29999995   3.188   3.184   3.102   3.039   0
   1.39999998   2.865   2.902   2.869   2.865   0
   1.50000000   2.579   2.683   2.685   2.714   0
   1.60000002   2.324   2.500   2.528   2.580   0
   1.70000005   2.095   2.339   2.388   2.457   0
   1.75000000   1.989   2.264   2.322   2.398   0
   1.76999998   1.949   2.236   2.296   2.375   0
   1.79999995   1.889   2.193   2.258   2.341   0
   1.89999998   1.703   2.059   2.136   2.231   0
   2.00000000   1.532   1.935   2.024   2.129   0
   2.20000005   1.238   1.720   1.827   1.952   0
   2.50000000   0.853   1.422   1.549   1.696   0
   2.58492494   0.756   1.343   1.476   1.627   0
   3.00000000   0.328   0.996   1.150   1.323   0
   3.50000000  -0.110   0.629   0.802   0.993   0
   4.00000000  -0.489   0.305   0.493   0.699   0
   4.50000000  -0.824   0.015   0.215   0.433   0
   4.92353296  -1.077  -0.208   0.001   0.227   0
   5.00000000  -1.121  -0.246  -0.036   0.191   0
   6.00000000  -1.642  -0.712  -0.485  -0.240   0
   6.55229425  -1.907  -0.952  -0.716  -0.462   0
   7.00000000  -2.114  -1.141  -0.898  -0.639   0
   7.79832745  -2.465  -1.462  -1.210  -0.940   0
   8.78557491  -2.895  -1.860  -1.597  -1.318   0
   9.00000000  -2.987  -1.945  -1.680  -1.399   0
   9.63703632  -3.246  -2.186  -1.916  -1.630   0
  11.01007175  -3.829  -2.739  -2.461  -2.170   0
  12.00000000  -4.278  -3.176  -2.897  -2.606   1
  12.84148693  -4.677  -3.581  -3.303  -3.015   0
  13.48630905  -5.032  -3.957  -3.686  -3.405   0
  13.74726963  -5.199  -4.134  -3.867  -3.592   0
  13.85075188  -5.263  -4.199  -3.933  -3.659   0
  13.92621708  -5.287  -4.214  -3.945  -3.668   3
  13.96309376  -5.275  -4.176  -3.899  -3.613   0
  13.96871853  -5.281  -4.164  -3.882  -3.592   0
  13.96885204  -5.281  -4.163  -3.882  -3.591   0
  13.97189903  -5.283  -4.184  -3.908  -3.623   0
  13.97226048  -5.293  -4.199  -3.923  -3.640   0
  13.97356701  -5.349  -4.271  -4.001  -3.723   0
  13.97461987  -5.409  -4.345  -4.080  -3.807   0
  13.97563076  -5.472  -4.425  -4.164  -3.897   0
  13.97668362  -5.534  -4.508  -4.253  -3.993   0
  13.97760963  -5.592  -4.586  -4.336  -4.084   0
  13.97840977  -5.656  -4.665  -4.422  -4.178   0
  13.97925091  -5.724  -4.750  -4.513  -4.278   0
  13.98000813  -5.785  -4.828  -4.597  -4.370   0
  13.98072338  -5.851  -4.912  -4.688  -4.469   0
  13.98148060  -5.920  -5.002  -4.785  -4.575   0
  13.98215389  -5.988  -5.092  -4.881  -4.680   0
  13.98274231  -6.049  -5.173  -4.968  -4.775   0
  13.98328876  -6.106  -5.250  -5.051  -4.865   0
  13.98383617  -6.163  -5.329  -5.136  -4.958   0
  13.98438263  -6.230  -5.412  -5.227  -5.058   0
  13.98555946  -6.368  -5.597  -5.427  -5.279   0
  13.98665237  -6.492  -5.767  -5.610  -5.480   0
  13.98799706  -6.618  -5.943  -5.801  -5.690   0
  13.98976135  -6.746  -6.128  -6.002  -5.913   0
  13.99202919  -6.853  -6.293  -6.181  -6.111   0
  13.99651909  -6.939  -6.448  -6.343  -6.284   2
  14.00188160  -6.930  -6.407  -6.298  -6.235   0
  14.00701427  -6.912  -6.352  -6.239  -6.170   0
  14.01159000  -6.884  -6.285  -6.169  -6.093   0
  14.01608562  -6.843  -6.221  -6.096  -6.009   0
  14.02265167  -6.783  -6.136  -6.000  -5.897   0
  14.02920341  -6.737  -6.055  -5.911  -5.799   0
  14.03552341  -6.696  -5.987  -5.837  -5.716   0
  14.04374886  -6.645  -5.908  -5.751  -5.620   0
  14.05389977  -6.589  -5.823  -5.658  -5.516   0
  14.06361961  -6.541  -5.751  -5.579  -5.429   0
  14.07538605  -6.489  -5.675  -5.497  -5.337   0
  14.08856869  -6.437  -5.605  -5.419  -5.249   0
  14.10495567  -6.375  -5.529  -5.334  -5.154   0
  14.12368488  -6.327  -5.458  -5.256  -5.067   0
  14.14799976  -6.281  -5.385  -5.176  -4.980   0
  14.17796993  -6.235  -5.318  -5.103  -4.899   0
  14.21861839  -6.197  -5.261  -5.041  -4.829   0
  14.29566956  -6.179  -5.226  -5.001  -4.782   1
  14.46851063  -6.354  -5.438  -5.225  -5.022   0
  14.52548027  -6.448  -5.566  -5.361  -5.168   0
  14.56003952  -6.529  -5.677  -5.480  -5.297   0
  14.58343697  -6.622  -5.782  -5.596  -5.428   0
  14.59970284  -6.711  -5.896  -5.720  -5.566   0
  14.60970592  -6.787  -6.005  -5.839  -5.697   0
  14.61435318  -6.836  -6.076  -5.916  -5.782   0
  14.61829185  -6.896  -6.172  -6.021  -5.898   0
  14.62060165  -6.942  -6.260  -6.117  -6.005   0
  14.62209702  -6.987  -6.346  -6.213  -6.116   0
  14.62311649  -7.050  -6.445  -6.330  -6.256   0
  14.62379742  -7.092  -6.567  -6.459  -6.396   0
  14.62413692  -7.126  -6.660  -6.557  -6.502   0
  14.62477875  -7.207  -6.833  -6.746  -6.714   0
  14.62551308  -7.334  -7.036  -6.982  -6.996   0
  14.62624645  -7.399  -7.246  -7.211  -7.258   0
  14.62693405  -7.409  -7.391  -7.377  -7.455   0
  14.62730122  -7.412  -7.430  -7.435  -7.540   0
  14.62785721  -7.358  -7.472  -7.494  -7.636   0
  14.62837982  -7.269  -7.452  -7.512  -7.723   3
  14.62865829  -7.196  -7.401  -7.500  -7.770   0
  14.62890148  -7.120  -7.329  -7.479  -7.813   0
  14.62917995  -6.988  -7.186  -7.431  -7.872   0
  14.62942314  -6.825  -7.007  -7.361  -7.917   0
  14.62966633  -6.579  -6.766  -7.251  -7.942   0
  14.62990952  -6.163  -6.421  -7.083  -7.939   0
  14.63004875  -5.942  -6.253  -6.989  -7.908   0
  14.63015366  -5.775  -6.124  -6.915  -7.880   0
  14.63025761  -5.595  -5.998  -6.844  -7.853   4
  14.63037491  -5.587  -6.028  -6.906  -7.939   0
  14.63043308  -5.594  -6.052  -6.944  -7.988   0
  14.63049126  -5.601  -6.076  -6.983  -8.037   0
  14.63072586  -5.641  -6.167  -7.116  -8.202   0
  14.63175106  -5.778  -6.378  -7.385  -8.514   0
