   0.15000001  13.766  12.796  11.456   9.868   0
   0.20000000  12.339  11.665  10.496   9.091   0
   0.25000000  11.561  10.979   9.873   8.546   0
   0.30000001  11.060  10.538   9.472   8.194   0
   0.34999999  10.624  10.154   9.121   7.885   0
   0.40000001  10.213   9.791   8.787   7.589   0
   0.44999999   9.732   9.370   8.402   7.247   0
   0.50000000   9.244   8.954   8.028   6.923   0
   0.55000001   8.630   8.451   7.590   6.556   0
   0.60000002   7.735   7.771   7.046   6.144   0
   0.69999999   6.595   6.812   6.240   5.472   0
   0.80000001   5.679   5.975   5.522   4.875   0
   0.89999998   4.972   5.257   4.889   4.348   0
   1.00000000   4.401   4.618   4.321   3.889   0
   1.10000002   3.930   4.045   3.818   3.516   0
   1.20000005   3.528   3.544   3.393   3.234   0
   1.29999995   3.170   3.165   3.083   3.020   0
   1.39999998   2.845   2.880   2.846   2.841   0
   1.44678938   2.706   2.770   2.753   2.767   0
   1.50000000   2.558   2.660   2.661   2.689   0
   1.50226235   2.552   2.655   2.657   2.686   0
   1.60000002   2.295   2.469   2.497   2.549   0
   1.70000005   2.064   2.306   2.355   2.423   0
   1.75000000   1.958   2.231   2.289   2.364   0
   1.76999998   1.917   2.202   2.263   2.341   0
   1.79999995   1.857   2.159   2.224   2.307   0
   1.89999998   1.666   2.022   2.100   2.195   0
   2.00000000   1.490   1.894   1.983   2.089   0
   2.20000005   1.173   1.657   1.765   1.890   0
   2.33321452   0.985   1.510   1.628   1.763   0
   2.50000000   0.762   1.333   1.463   1.609   0
   2.90056491   0.288   0.938   1.089   1.256   0
   3.00000000   0.176   0.844   0.999   1.171   0
   3.37317848  -0.208   0.509   0.678   0.862   0
   3.50000000  -0.336   0.396   0.569   0.758   0
   3.77126360  -0.596   0.163   0.344   0.539   0
   4.00000000  -0.814  -0.036   0.151   0.351   0
   4.09129715  -0.897  -0.112   0.077   0.279   0
   4.35555124  -1.139  -0.336  -0.142   0.065   0
   4.50000000  -1.273  -0.461  -0.264  -0.056   0
   4.60148859  -1.367  -0.549  -0.351  -0.142   0
   4.80135822  -1.566  -0.740  -0.540  -0.329   0
   4.97340441  -1.746  -0.916  -0.715  -0.504   1
   5.00000000  -1.775  -0.945  -0.744  -0.532   0
   5.13698721  -1.926  -1.096  -0.893  -0.683   0
   5.27146530  -2.087  -1.259  -1.057  -0.847   0
   5.38777637  -2.239  -1.415  -1.214  -1.007   0
   5.48934364  -2.382  -1.565  -1.366  -1.161   0
   5.53546906  -2.451  -1.638  -1.439  -1.236   0
   5.57873058  -2.515  -1.704  -1.504  -1.302   0
   5.59600496  -2.539  -1.727  -1.528  -1.325   0
   5.62564611  -2.571  -1.753  -1.552  -1.348   3
   5.64012241  -2.574  -1.745  -1.541  -1.334   0
   5.65019989  -2.559  -1.708  -1.500  -1.286   0
   5.65318298  -2.554  -1.686  -1.473  -1.253   0
   5.65486193  -2.557  -1.675  -1.458  -1.234   0
   5.65515995  -2.552  -1.672  -1.455  -1.232   0
   5.65596104  -2.564  -1.709  -1.499  -1.283   0
   5.65688801  -2.679  -1.850  -1.646  -1.439   0
   5.65790224  -2.815  -2.010  -1.813  -1.615   0
   5.65912867  -2.945  -2.169  -1.979  -1.791   0
   5.66026735  -3.046  -2.298  -2.115  -1.935   0
   5.66150188  -3.150  -2.436  -2.261  -2.092   0
   5.66247511  -3.231  -2.547  -2.378  -2.219   0
   5.66349030  -3.318  -2.668  -2.507  -2.359   0
   5.66452646  -3.413  -2.800  -2.648  -2.514   0
   5.66524458  -3.481  -2.898  -2.754  -2.631   0
   5.66592026  -3.549  -2.999  -2.863  -2.751   0
   5.66652489  -3.614  -3.098  -2.969  -2.869   0
   5.66706562  -3.675  -3.194  -3.073  -2.984   0
   5.66754484  -3.731  -3.287  -3.174  -3.097   0
   5.66795254  -3.783  -3.375  -3.270  -3.204   0
   5.66837072  -3.836  -3.469  -3.374  -3.323   0
   5.66871786  -3.880  -3.554  -3.467  -3.430   0
   5.66906452  -3.924  -3.647  -3.570  -3.547   0
   5.66933775  -3.960  -3.725  -3.657  -3.647   0
   5.66958523  -3.988  -3.800  -3.740  -3.742   0
   5.66985846  -4.018  -3.882  -3.831  -3.848   0
   5.67007017  -4.036  -3.945  -3.901  -3.929   0
   5.67031765  -4.046  -4.005  -3.972  -4.014   0
   5.67064524  -4.054  -4.077  -4.058  -4.120   0
   5.67085695  -4.051  -4.110  -4.102  -4.178   0
   5.67128420  -4.044  -4.156  -4.167  -4.270   0
   5.67180061  -4.033  -4.183  -4.213  -4.346   0
   5.67253256  -4.028  -4.196  -4.244  -4.405   0
   5.67322826  -4.029  -4.203  -4.263  -4.442   2
   5.67598772  -4.090  -4.239  -4.267  -4.400   0
   5.67782545  -4.125  -4.241  -4.253  -4.360   0
   5.68042755  -4.164  -4.219  -4.210  -4.286   0
   5.68302250  -4.190  -4.186  -4.162  -4.217   0
   5.68717289  -4.203  -4.124  -4.085  -4.121   0
   5.69140577  -4.201  -4.060  -4.009  -4.028   0
   5.69558048  -4.192  -4.005  -3.946  -3.954   0
   5.70029259  -4.182  -3.956  -3.890  -3.887   0
   5.70633030  -4.165  -3.894  -3.820  -3.804   0
   5.71267128  -4.146  -3.833  -3.752  -3.724   0
   5.72066927  -4.122  -3.768  -3.678  -3.637   0
   5.72948694  -4.097  -3.704  -3.606  -3.552   0
   5.73759556  -4.075  -3.650  -3.544  -3.480   0
   5.74885893  -4.046  -3.585  -3.471  -3.395   0
   5.76189470  -4.021  -3.529  -3.407  -3.320   0
   5.77813292  -3.998  -3.473  -3.344  -3.246   0
   5.79700327  -3.973  -3.415  -3.278  -3.170   0
   5.81807852  -3.954  -3.365  -3.221  -3.103   0
   5.84630299  -3.944  -3.327  -3.176  -3.048   0
   5.87980223  -3.967  -3.333  -3.179  -3.046   1
   5.91730976  -4.082  -3.472  -3.323  -3.199   0
   5.93178940  -4.173  -3.594  -3.453  -3.341   0
   5.93941736  -4.256  -3.713  -3.581  -3.481   0
   5.94369602  -4.344  -3.845  -3.724  -3.642   0
   5.94529772  -4.400  -3.936  -3.825  -3.754   0
   5.94615173  -4.446  -4.017  -3.915  -3.857   0
   5.94670916  -4.484  -4.097  -4.004  -3.961   0
   5.94697380  -4.503  -4.153  -4.067  -4.034   0
   5.94714022  -4.516  -4.196  -4.116  -4.093   0
   5.94726372  -4.522  -4.240  -4.167  -4.154   0
   5.94736767  -4.532  -4.291  -4.226  -4.225   0
   5.94745111  -4.543  -4.342  -4.286  -4.297   0
   5.94752312  -4.554  -4.393  -4.344  -4.367   0
   5.94759798  -4.570  -4.458  -4.418  -4.453   0
   5.94765472  -4.582  -4.510  -4.477  -4.523   0
   5.94774532  -4.610  -4.595  -4.572  -4.632   0
   5.94785500  -4.632  -4.678  -4.668  -4.748   0
   5.94808054  -4.624  -4.698  -4.692  -4.779   0
   5.94868803  -4.576  -4.705  -4.720  -4.840   0
   5.94882441  -4.561  -4.706  -4.727  -4.857   0
   5.94896126  -4.544  -4.704  -4.733  -4.875   0
   5.94906807  -4.529  -4.694  -4.732  -4.886   0
   5.94923115  -4.507  -4.679  -4.727  -4.897   0
   5.94937563  -4.506  -4.684  -4.740  -4.924   0
   5.94944000  -4.508  -4.688  -4.748  -4.937   0
   5.94953632  -4.496  -4.685  -4.756  -4.961   3
   5.95007420  -3.639  -3.751  -4.358  -5.180   4
   5.95088148  -3.553  -3.887  -4.727  -5.739   0
   5.95180941  -3.644  -4.014  -4.880  -5.911   0
   5.95268011  -3.711  -4.108  -4.993  -6.038   0
   5.95339298  -3.762  -4.181  -5.083  -6.139   0
   5.95406866  -3.808  -4.252  -5.171  -6.240   0
   5.95459700  -3.845  -4.309  -5.243  -6.324   0
   5.95507479  -3.880  -4.367  -5.318  -6.412   0
   5.95544291  -3.910  -4.414  -5.379  -6.483   0
   5.95571518  -3.941  -4.459  -5.435  -6.546   0
   5.95589876  -3.961  -4.490  -5.473  -6.590   0
   5.95607519  -3.975  -4.517  -5.509  -6.633   0
   5.95625639  -3.990  -4.542  -5.540  -6.667   0
   5.95633078  -3.997  -4.545  -5.540  -6.665   3
   5.95633888  -3.995  -4.541  -5.534  -6.658   0
   5.95645857  -4.006  -4.558  -5.555  -6.682   0
   5.95661879  -4.023  -4.581  -5.582  -6.712   0
   5.95665884  -4.027  -4.588  -5.590  -6.721   0
