   0.15000001  13.767  12.796  11.456   9.868   0
   0.20000000  12.340  11.666  10.497   9.092   0
   0.25000000  11.562  10.979   9.874   8.546   0
   0.30000001  11.061  10.539   9.472   8.194   0
   0.34999999  10.625  10.155   9.121   7.886   0
   0.40000001  10.214   9.791   8.788   7.589   0
   0.44999999   9.733   9.371   8.403   7.248   0
   0.50000000   9.246   8.956   8.029   6.925   0
   0.55000001   8.633   8.454   7.592   6.558   0
   0.60000002   7.739   7.774   7.050   6.147   0
   0.69999999   6.601   6.818   6.245   5.477   0
   0.80000001   5.689   5.984   5.530   4.882   0
   0.89999998   4.986   5.272   4.902   4.359   0
   1.00000000   4.417   4.638   4.338   3.903   0
   1.10000002   3.949   4.067   3.838   3.533   0
   1.20000005   3.548   3.566   3.414   3.254   0
   1.29999995   3.190   3.186   3.105   3.042   0
   1.39999998   2.868   2.906   2.872   2.868   0
   1.50000000   2.582   2.687   2.688   2.718   0
   1.60000002   2.328   2.505   2.533   2.586   0
   1.70000005   2.099   2.344   2.393   2.462   0
   1.75000000   1.993   2.269   2.327   2.403   0
   1.76999998   1.953   2.241   2.301   2.380   0
   1.79999995   1.893   2.198   2.263   2.346   0
   1.89999998   1.706   2.063   2.141   2.236   0
   2.00000000   1.534   1.938   2.027   2.133   0
   2.20000005   1.244   1.730   1.838   1.963   0
   2.50000000   0.871   1.442   1.570   1.718   0
   3.00000000   0.351   1.022   1.176   1.350   0
   3.50000000  -0.081   0.659   0.832   1.024   0
   3.69262743  -0.231   0.532   0.710   0.908   0
   4.00000000  -0.452   0.343   0.531   0.737   0
   4.50000000  -0.777   0.062   0.262   0.481   0
   5.00000000  -1.064  -0.189   0.022   0.250   0
   6.00000000  -1.555  -0.624  -0.396  -0.150   0
   7.00000000  -1.989  -1.013  -0.771  -0.510   0
   7.37418270  -2.140  -1.149  -0.901  -0.636   0
   9.00000000  -2.748  -1.701  -1.435  -1.151   0
  11.89435577  -3.663  -2.539  -2.252  -1.950   0
  12.00000000  -3.694  -2.568  -2.280  -1.979   0
  15.00000000  -4.437  -3.271  -2.978  -2.678   0
  17.76792336  -5.027  -3.848  -3.553  -3.254   0
  19.96803474  -5.532  -4.353  -4.058  -3.758   0
  20.00000000  -5.540  -4.361  -4.066  -3.767   1
  21.84165955  -5.961  -4.791  -4.499  -4.201   0
  23.53708076  -6.422  -5.281  -4.994  -4.697   0
  24.24145699  -6.646  -5.522  -5.240  -4.950   0
  24.63642502  -6.770  -5.652  -5.374  -5.088   0
  24.73031616  -6.775  -5.654  -5.374  -5.086   3
  24.82334900  -6.734  -5.600  -5.314  -5.019   0
  24.83720016  -6.709  -5.559  -5.270  -4.974   0
  24.83927345  -6.706  -5.553  -5.264  -4.968   0
  24.84563446  -6.724  -5.582  -5.294  -4.998   0
  24.84681129  -6.736  -5.597  -5.310  -5.014   0
  24.85029411  -6.805  -5.675  -5.391  -5.099   0
  24.85318565  -6.871  -5.749  -5.469  -5.181   0
  24.85588646  -6.936  -5.827  -5.551  -5.269   0
  24.85828209  -6.994  -5.897  -5.626  -5.349   0
  24.86053276  -7.044  -5.962  -5.695  -5.422   0
  24.86276054  -7.097  -6.033  -5.770  -5.503   0
  24.86453819  -7.146  -6.096  -5.839  -5.578   0
  24.86778450  -7.258  -6.224  -5.977  -5.729   0
  24.87043762  -7.355  -6.325  -6.087  -5.850   0
  24.87482262  -7.436  -6.447  -6.217  -5.993   0
  24.87956238  -7.508  -6.549  -6.326  -6.112   0
  24.89051056  -7.593  -6.666  -6.451  -6.245   0
  24.89607811  -7.605  -6.680  -6.465  -6.261   2
  24.91484451  -7.566  -6.616  -6.396  -6.184   0
  24.92882156  -7.531  -6.561  -6.335  -6.117   0
  24.94270515  -7.500  -6.511  -6.281  -6.057   0
  24.96093369  -7.472  -6.460  -6.226  -5.996   0
  24.98802948  -7.442  -6.408  -6.169  -5.932   0
  25.01902008  -7.384  -6.348  -6.103  -5.858   0
  25.06213951  -7.334  -6.294  -6.044  -5.792   0
  25.12452888  -7.300  -6.253  -5.998  -5.740   0
  25.28673172  -7.282  -6.225  -5.965  -5.701   1
  25.70896149  -7.402  -6.361  -6.109  -5.856   0
  25.96509361  -7.530  -6.493  -6.251  -6.011   0
  26.15500069  -7.615  -6.604  -6.370  -6.140   0
  26.30094528  -7.696  -6.726  -6.501  -6.283   0
  26.39908409  -7.777  -6.845  -6.628  -6.421   0
  26.46456146  -7.860  -6.966  -6.759  -6.563   0
  26.50558281  -7.957  -7.099  -6.902  -6.721   0
  26.51966667  -8.042  -7.175  -6.990  -6.825   0
  26.53150177  -8.135  -7.294  -7.122  -6.973   0
  26.53676033  -8.208  -7.428  -7.266  -7.131   0
  26.53960800  -8.280  -7.562  -7.412  -7.291   0
  26.54136086  -8.345  -7.679  -7.539  -7.433   0
  26.54267502  -8.432  -7.772  -7.652  -7.571   0
  26.54398918  -8.503  -7.904  -7.796  -7.732   0
  26.54464531  -8.527  -7.987  -7.880  -7.819   0
  26.54563713  -8.572  -8.114  -8.013  -7.960   0
  26.54682732  -8.644  -8.273  -8.186  -8.154   0
  26.54821396  -8.747  -8.439  -8.382  -8.392   0
  26.54999733  -8.809  -8.672  -8.639  -8.688   0
  26.55141068  -8.806  -8.789  -8.777  -8.856   0
  26.55203819  -8.808  -8.821  -8.825  -8.928   0
  26.55266380  -8.782  -8.846  -8.865  -8.993   0
  26.55344963  -8.743  -8.862  -8.899  -9.062   0
  26.55392075  -8.711  -8.862  -8.916  -9.110   3
  26.55454826  -8.646  -8.829  -8.914  -9.160   0
  26.55517578  -8.571  -8.780  -8.903  -9.210   0
  26.55564499  -8.491  -8.711  -8.885  -9.257   0
  26.55627251  -8.383  -8.600  -8.852  -9.306   0
  26.55674362  -8.268  -8.485  -8.814  -9.346   0
  26.55705643  -8.137  -8.358  -8.768  -9.379   0
  26.55752754  -7.956  -8.195  -8.698  -9.400   0
  26.55784035  -7.760  -8.033  -8.619  -9.398   4
  26.55867386  -7.696  -8.032  -8.717  -9.580   0
