   0.15000001  13.767  12.796  11.456   9.868   0
   0.20000000  12.340  11.666  10.497   9.092   0
   0.25000000  11.562  10.979   9.874   8.546   0
   0.30000001  11.061  10.539   9.472   8.194   0
   0.34999999  10.625  10.155   9.121   7.886   0
   0.40000001  10.214   9.791   8.788   7.589   0
   0.44999999   9.733   9.371   8.403   7.248   0
   0.50000000   9.246   8.956   8.029   6.925   0
   0.55000001   8.633   8.454   7.592   6.558   0
   0.60000002   7.739   7.774   7.050   6.147   0
   0.69999999   6.601   6.818   6.245   5.477   0
   0.80000001   5.689   5.985   5.530   4.882   0
   0.89999998   4.986   5.272   4.902   4.359   0
   1.00000000   4.418   4.638   4.338   3.903   0
   1.10000002   3.949   4.067   3.838   3.533   0
   1.20000005   3.548   3.567   3.414   3.254   0
   1.29999995   3.191   3.187   3.105   3.042   0
   1.39999998   2.868   2.906   2.872   2.868   0
   1.50000000   2.582   2.687   2.689   2.718   0
   1.60000002   2.329   2.506   2.534   2.586   0
   1.70000005   2.099   2.344   2.393   2.463   0
   1.75000000   1.994   2.270   2.327   2.404   0
   1.76999998   1.954   2.241   2.302   2.381   0
   1.79999995   1.893   2.198   2.263   2.346   0
   1.89999998   1.707   2.063   2.141   2.236   0
   2.00000000   1.534   1.939   2.028   2.134   0
   2.20000005   1.245   1.731   1.839   1.965   0
   2.50000000   0.872   1.444   1.573   1.720   0
   3.00000000   0.354   1.025   1.180   1.354   0
   3.50000000  -0.076   0.665   0.837   1.030   0
   3.91175222  -0.387   0.400   0.585   0.789   0
   4.00000000  -0.448   0.347   0.535   0.741   0
   4.50000000  -0.772   0.068   0.268   0.486   0
   5.00000000  -1.058  -0.182   0.028   0.256   0
   6.00000000  -1.546  -0.615  -0.387  -0.141   0
   7.00000000  -1.978  -1.001  -0.759  -0.498   0
   7.88821363  -2.321  -1.311  -1.057  -0.785   0
   9.00000000  -2.725  -1.678  -1.412  -1.128   0
  12.00000000  -3.653  -2.526  -2.239  -1.937   0
  12.78070354  -3.846  -2.706  -2.416  -2.114   0
  15.00000000  -4.363  -3.196  -2.902  -2.602   0
  16.35842514  -4.627  -3.449  -3.154  -2.855   0
  19.48573875  -5.220  -4.033  -3.737  -3.438   0
  20.00000000  -5.327  -4.140  -3.843  -3.545   1
  22.01101685  -5.690  -4.504  -4.208  -3.910   0
  24.39964104  -6.199  -5.024  -4.730  -4.431   0
  26.29362106  -6.675  -5.527  -5.239  -4.943   0
  27.08049011  -6.902  -5.774  -5.491  -5.199   0
  27.52171707  -7.029  -5.909  -5.629  -5.342   2
  27.61797905  -7.027  -5.903  -5.622  -5.332   0
  27.71336555  -6.986  -5.848  -5.562  -5.265   0
  27.72756767  -6.960  -5.807  -5.518  -5.222   0
  27.72969437  -6.956  -5.800  -5.511  -5.215   0
  27.73579597  -6.972  -5.824  -5.536  -5.239   0
  27.73692322  -6.978  -5.832  -5.544  -5.248   0
  27.74080276  -7.040  -5.904  -5.619  -5.323   0
  27.74402237  -7.100  -5.971  -5.687  -5.395   0
  27.74703026  -7.167  -6.047  -5.767  -5.480   0
  27.74969482  -7.218  -6.108  -5.832  -5.550   0
  27.75220108  -7.265  -6.166  -5.894  -5.616   0
  27.75468063  -7.313  -6.228  -5.959  -5.686   0
  27.75666046  -7.352  -6.280  -6.015  -5.745   0
  27.76027489  -7.432  -6.381  -6.124  -5.863   0
  27.76322937  -7.503  -6.462  -6.212  -5.960   0
  27.76811218  -7.633  -6.599  -6.360  -6.123   0
  27.77338791  -7.692  -6.687  -6.454  -6.226   0
  27.78557587  -7.766  -6.794  -6.568  -6.349   0
  27.79177666  -7.778  -6.809  -6.584  -6.366   0
  27.81011772  -7.752  -6.764  -6.534  -6.311   0
  27.82377815  -7.734  -6.731  -6.498  -6.270   0
  27.83734703  -7.716  -6.697  -6.461  -6.229   0
  27.85516167  -7.688  -6.654  -6.414  -6.177   0
  27.88164520  -7.639  -6.600  -6.355  -6.111   0
  27.91193390  -7.593  -6.552  -6.303  -6.052   0
  27.95408058  -7.560  -6.514  -6.261  -6.005   0
  28.01506424  -7.537  -6.486  -6.229  -5.969   0
  28.17363739  -7.520  -6.460  -6.199  -5.933   1
  28.67846680  -7.648  -6.604  -6.352  -6.098   0
  28.98473549  -7.779  -6.742  -6.500  -6.260   0
  29.21183014  -7.868  -6.861  -6.627  -6.398   0
  29.38636398  -7.960  -6.998  -6.774  -6.558   0
  29.50373077  -8.051  -7.130  -6.917  -6.713   0
  29.58204079  -8.146  -7.268  -7.064  -6.874   0
  29.63110161  -8.286  -7.420  -7.234  -7.067   0
  29.64794540  -8.367  -7.509  -7.334  -7.181   0
  29.66064072  -8.445  -7.645  -7.480  -7.340   0
  29.66628265  -8.529  -7.802  -7.650  -7.526   0
  29.66933632  -8.615  -7.958  -7.819  -7.715   0
  29.67121696  -8.729  -8.065  -7.955  -7.885   0
  29.67262840  -8.770  -8.197  -8.089  -8.026   0
  29.67403793  -8.823  -8.359  -8.256  -8.202   0
  29.67474365  -8.859  -8.437  -8.342  -8.298   0
  29.67575645  -8.915  -8.565  -8.482  -8.455   0
  29.67697144  -9.009  -8.709  -8.655  -8.669   0
  29.67838669  -9.059  -8.909  -8.874  -8.922   0
  29.68021011  -9.049  -9.094  -9.107  -9.226   0
  29.68145561  -8.982  -9.122  -9.177  -9.366   0
  29.68200874  -8.931  -9.102  -9.183  -9.417   3
  29.68255997  -8.870  -9.075  -9.181  -9.465   0
  29.68325233  -8.786  -9.005  -9.165  -9.521   0
  29.68366814  -8.731  -8.954  -9.152  -9.553   0
  29.68421936  -8.657  -8.880  -9.133  -9.590   0
  29.68477249  -8.580  -8.804  -9.110  -9.619   0
  29.68518639  -8.517  -8.740  -9.089  -9.640   0
  29.68573952  -8.432  -8.659  -9.060  -9.663   0
  29.68615341  -8.353  -8.588  -9.031  -9.675   0
  29.68642998  -8.294  -8.536  -9.009  -9.682   0
  29.68684578  -8.211  -8.463  -8.978  -9.691   0
  29.68712044  -8.139  -8.405  -8.951  -9.693   0
  29.68757057  -8.047  -8.336  -8.929  -9.713   0
