   0.15000001  13.865  12.831  11.475   9.866   0
   0.20000000  12.478  11.705  10.517   9.092   0
   0.25000000  11.711  11.016   9.893   8.550   0
   0.30000001  11.213  10.571   9.490   8.200   0
   0.34999999  10.779  10.184   9.138   7.894   0
   0.40000001  10.370   9.818   8.802   7.599   0
   0.44999999   9.885   9.392   8.412   7.258   0
   0.50000000   9.392   8.971   8.033   6.934   0
   0.55000001   8.768   8.463   7.586   6.563   0
   0.60000002   8.075   7.923   7.123   6.186   0
   0.69999999   6.795   6.910   6.283   5.497   0
   0.80000001   5.804   6.048   5.561   4.898   0
   0.89999998   5.065   5.323   4.928   4.365   0
   1.00000000   4.471   4.685   4.362   3.900   0
   1.10000002   3.977   4.111   3.856   3.509   0
   1.19911420   3.560   3.598   3.417   3.210   0
   1.20000005   3.557   3.594   3.414   3.207   0
   1.28620923   3.241   3.231   3.115   3.007   0
   1.29999995   3.194   3.179   3.073   2.978   0
   1.32448363   3.112   3.095   3.004   2.930   0
   1.39999998   2.864   2.869   2.819   2.794   0
   1.50000000   2.563   2.631   2.619   2.635   0
   1.60000002   2.292   2.432   2.451   2.493   0
   1.70000005   2.052   2.260   2.301   2.361   0
   1.75000000   1.943   2.182   2.232   2.299   0
   1.79999995   1.837   2.105   2.163   2.237   0
   1.89999998   1.640   1.961   2.032   2.118   0
   2.00000000   1.460   1.826   1.908   2.004   0
   2.20000005   1.130   1.571   1.670   1.783   0
   2.50000000   0.696   1.221   1.341   1.474   0
   2.72384095   0.411   0.983   1.114   1.258   0
   3.00000000   0.078   0.699   0.842   0.999   0
   3.12939286  -0.067   0.572   0.720   0.881   0
   3.46133947  -0.431   0.248   0.408   0.579   0
   3.50000000  -0.473   0.210   0.371   0.544   0
   3.75463104  -0.738  -0.032   0.136   0.314   0
   3.98589182  -0.982  -0.258  -0.085   0.098   0
   4.00000000  -0.997  -0.272  -0.098   0.085   1
   4.00147581  -0.998  -0.273  -0.099   0.083   0
   4.20313168  -1.208  -0.468  -0.290  -0.104   0
   4.37584257  -1.406  -0.661  -0.481  -0.294   0
   4.50000000  -1.557  -0.809  -0.628  -0.441   0
   4.52512884  -1.587  -0.838  -0.657  -0.470   0
   4.65589714  -1.755  -1.007  -0.826  -0.640   0
   4.76915073  -1.913  -1.169  -0.988  -0.804   1
   4.86719513  -2.064  -1.327  -1.147  -0.966   0
   4.95252323  -2.205  -1.477  -1.299  -1.121   0
   4.99106884  -2.273  -1.547  -1.371  -1.193   0
   5.00000000  -2.288  -1.563  -1.387  -1.210   0
   5.02357864  -2.329  -1.605  -1.429  -1.253   0
   5.04463434  -2.362  -1.638  -1.461  -1.285   0
   5.06275988  -2.384  -1.654  -1.476  -1.298   3
   5.07551861  -2.389  -1.647  -1.466  -1.285   0
   5.08441114  -2.374  -1.608  -1.421  -1.233   0
   5.08703613  -2.366  -1.580  -1.388  -1.195   0
   5.08852530  -2.370  -1.566  -1.369  -1.170   0
   5.08877659  -2.363  -1.561  -1.365  -1.167   0
   5.08934307  -2.352  -1.575  -1.386  -1.194   0
   5.08995295  -2.446  -1.694  -1.511  -1.328   0
   5.09075069  -2.589  -1.864  -1.687  -1.512   0
   5.09174967  -2.719  -2.025  -1.855  -1.691   0
   5.09268141  -2.817  -2.152  -1.989  -1.835   0
   5.09372044  -2.916  -2.285  -2.129  -1.987   0
   5.09454918  -2.992  -2.391  -2.241  -2.109   0
   5.09541798  -3.071  -2.503  -2.362  -2.241   0
   5.09631014  -3.156  -2.628  -2.496  -2.390   0
   5.09721041  -3.244  -2.765  -2.645  -2.554   0
   5.09783268  -3.307  -2.869  -2.757  -2.679   0
   5.09844589  -3.372  -2.983  -2.881  -2.818   0
   5.09890175  -3.420  -3.073  -2.979  -2.928   0
   5.09927273  -3.457  -3.151  -3.065  -3.026   0
   5.09964132  -3.493  -3.233  -3.157  -3.131   0
   5.09995842  -3.521  -3.309  -3.242  -3.229   0
   5.10022354  -3.542  -3.376  -3.317  -3.317   0
   5.10049105  -3.554  -3.445  -3.397  -3.411   0
   5.10070705  -3.558  -3.502  -3.464  -3.492   0
   5.10092258  -3.547  -3.555  -3.529  -3.574   0
   5.10114145  -3.519  -3.594  -3.588  -3.658   0
   5.10130548  -3.488  -3.611  -3.625  -3.723   0
   5.10147238  -3.446  -3.608  -3.651  -3.789   0
   5.10163927  -3.394  -3.573  -3.658  -3.855   3
   5.10180616  -3.330  -3.502  -3.648  -3.922   0
   5.10191536  -3.279  -3.433  -3.631  -3.967   0
   5.10202742  -3.221  -3.350  -3.603  -4.009   0
   5.10213709  -3.152  -3.253  -3.565  -4.045   0
   5.10224342  -3.066  -3.143  -3.518  -4.078   0
   5.10234404  -2.956  -3.017  -3.464  -4.105   0
   5.10243893  -2.825  -2.893  -3.407  -4.118   0
   5.10257101  -2.665  -2.754  -3.335  -4.109   0
   5.10281801  -2.443  -2.562  -3.215  -4.053   0
   5.10290718  -2.370  -2.507  -3.183  -4.039   4
   5.10320139  -2.343  -2.542  -3.283  -4.188   0
   5.10341358  -2.427  -2.660  -3.433  -4.362   0
   5.10484219  -2.493  -2.748  -3.540  -4.484   0
   5.13284683  -2.537  -2.759  -3.514  -4.430   4
   5.14734745  -2.831  -2.986  -3.654  -4.502   0
   5.15136719  -3.165  -3.256  -3.784  -4.508   0
   5.15387440  -3.343  -3.427  -3.854  -4.474   0
   5.15637875  -3.460  -3.562  -3.909  -4.436   0
   5.15973520  -3.557  -3.693  -3.961  -4.388   0
   5.16236210  -3.619  -3.778  -3.990  -4.348   0
   5.16611576  -3.692  -3.874  -4.017  -4.294   0
   5.16993046  -3.757  -3.946  -4.032  -4.240   0
   5.17366743  -3.808  -3.981  -4.033  -4.192   3
   5.17839003  -3.861  -3.997  -4.019  -4.135   0
   5.18357611  -3.909  -3.996  -3.994  -4.075   0
   5.18932438  -3.947  -3.974  -3.956  -4.014   0
   5.19535542  -3.972  -3.940  -3.909  -3.950   0
   5.20238543  -3.992  -3.901  -3.857  -3.884   0
   5.21058655  -3.999  -3.853  -3.800  -3.813   0
   5.21928549  -4.000  -3.804  -3.743  -3.744   0
   5.22889471  -3.998  -3.754  -3.684  -3.673   0
   5.24011183  -3.992  -3.704  -3.627  -3.604   0
   5.25421953  -3.987  -3.656  -3.571  -3.536   0
   5.27220583  -3.985  -3.614  -3.521  -3.474   0
   5.29934120  -3.997  -3.590  -3.489  -3.432   0
   5.31015062  -4.011  -3.597  -3.495  -3.436   1
   5.33872700  -4.110  -3.727  -3.634  -3.586   0
   5.35151482  -4.182  -3.845  -3.760  -3.727   0
   5.35855103  -4.231  -3.934  -3.857  -3.836   0
   5.36327076  -4.275  -4.026  -3.957  -3.949   0
   5.36595011  -4.312  -4.118  -4.060  -4.068   0
   5.36758375  -4.332  -4.199  -4.153  -4.177   0
   5.36833334  -4.337  -4.257  -4.220  -4.257   0
   5.36894894  -4.330  -4.319  -4.294  -4.348   0
   5.36943054  -4.294  -4.368  -4.363  -4.444   0
   5.36980534  -4.226  -4.382  -4.411  -4.543   0
   5.36996555  -4.177  -4.358  -4.416  -4.590   3
   5.37007284  -4.124  -4.322  -4.413  -4.635   0
   5.37020636  -4.037  -4.223  -4.384  -4.689   0
   5.37028694  -3.968  -4.133  -4.350  -4.720   0
   5.37031364  -3.948  -4.108  -4.340  -4.729   0
   5.37038803  -3.837  -3.967  -4.277  -4.760   0
   5.37046194  -3.704  -3.810  -4.202  -4.782   0
   5.37051153  -3.577  -3.677  -4.138  -4.792   0
   5.37056112  -3.429  -3.534  -4.061  -4.784   0
   5.37068462  -3.122  -3.275  -3.924  -4.757   4
   5.37080860  -2.947  -3.181  -3.926  -4.833   0
   5.37093258  -2.941  -3.221  -4.014  -4.957   0
   5.37194681  -2.932  -3.311  -4.179  -5.174   0
   5.37234211  -2.961  -3.378  -4.273  -5.288   0
   5.37291098  -3.013  -3.480  -4.409  -5.448   0
   5.37365198  -3.071  -3.583  -4.542  -5.603   0
   5.37451601  -3.127  -3.682  -4.673  -5.754   0
   5.37538004  -3.168  -3.776  -4.800  -5.905   0
   5.37602139  -3.191  -3.850  -4.902  -6.029   0
   5.37663794  -3.212  -3.927  -5.013  -6.164   0
   5.37713099  -3.232  -3.998  -5.114  -6.287   0
   5.37754965  -3.246  -4.065  -5.213  -6.408   0
   5.37796831  -3.303  -4.156  -5.325  -6.534   0
   5.37816525  -3.321  -4.216  -5.411  -6.639   0
   5.37836218  -3.327  -4.268  -5.492  -6.742   0
   5.37868214  -3.334  -4.237  -5.436  -6.669   0
   5.37870693  -3.332  -4.194  -5.367  -6.580   1
   5.37875605  -3.334  -4.238  -5.437  -6.669   0
   5.37887907  -3.337  -4.285  -5.513  -6.767   0
   5.37892866  -3.337  -4.309  -5.552  -6.817   0
