   0.15000001  13.805  12.790  11.443   9.843   0
   0.20000000  12.431  11.662  10.477   9.057   0
   0.25000000  11.669  10.977   9.858   8.518   0
   0.30000001  11.166  10.528   9.450   8.164   0
   0.34999999  10.728  10.138   9.094   7.855   0
   0.40000001  10.323   9.777   8.764   7.565   0
   0.44999999   9.818   9.333   8.357   7.209   0
   0.50000000   9.297   8.889   7.957   6.868   0
   0.55000001   8.620   8.345   7.482   6.475   0
   0.60000002   7.877   7.764   6.986   6.070   0
   0.61304373   7.676   7.608   6.856   5.963   0
   0.66958314   6.878   6.971   6.327   5.527   0
   0.69999999   6.490   6.650   6.061   5.306   0
   0.72849768   6.152   6.355   5.814   5.100   0
   0.76533854   5.747   5.989   5.502   4.837   0
   0.79744166   5.425   5.680   5.234   4.610   0
   0.80000001   5.399   5.656   5.212   4.592   0
   0.80723917   5.328   5.587   5.152   4.541   0
   0.83460909   5.075   5.331   4.924   4.346   0
   0.85911751   4.854   5.101   4.718   4.170   0
   0.88146073   4.651   4.889   4.527   4.006   0
   0.89999998   4.490   4.712   4.366   3.868   0
   0.91164780   4.389   4.600   4.265   3.784   0
   0.93571681   4.175   4.361   4.049   3.604   0
   0.96133399   3.938   4.091   3.805   3.402   0
   0.98973185   3.661   3.771   3.515   3.162   0
   1.00000000   3.556   3.650   3.405   3.070   0
   1.00793147   3.477   3.557   3.322   3.005   0
   1.01987410   3.352   3.411   3.190   2.898   0
   1.02527320   3.292   3.342   3.127   2.845   0
   1.03235316   3.209   3.248   3.040   2.771   0
   1.03646851   3.158   3.191   2.987   2.725   0
   1.03729999   3.148   3.179   2.976   2.715   0
   1.05563843   2.894   2.903   2.712   2.467   1
   1.06459022   2.746   2.756   2.557   2.295   0
   1.07126641   2.618   2.640   2.421   2.122   0
   1.07502449   2.540   2.587   2.339   1.988   0
   1.07781088   2.485   2.572   2.277   1.848   0
   1.07995319   2.470   2.593   2.241   1.725   0
   1.08171391   2.506   2.651   2.234   1.632   3
   1.08324671   2.610   2.755   2.273   1.596   0
   1.08435988   2.709   2.836   2.306   1.583   0
   1.08623469   2.715   2.808   2.227   1.456   0
   1.08764601   2.605   2.675   2.073   1.284   0
   1.08877647   2.474   2.530   1.916   1.117   0
   1.08975708   2.347   2.395   1.773   0.967   0
   1.09069622   2.196   2.234   1.604   0.790   0
   1.09149051   2.066   2.092   1.455   0.635   0
   1.09220862   1.933   1.949   1.305   0.478   0
   1.09287965   1.802   1.809   1.157   0.323   0
   1.09341943   1.680   1.674   1.015   0.173   0
   1.09395611   1.557   1.536   0.866   0.017   0
   1.09443414   1.439   1.403   0.724  -0.133   0
   1.09487081   1.316   1.266   0.578  -0.287   0
   1.09526408   1.200   1.134   0.435  -0.438   0
   1.09559894   1.091   1.008   0.299  -0.583   0
   1.09590983   0.979   0.879   0.159  -0.731   0
   1.09619129   0.868   0.751   0.019  -0.880   0
   1.09644902   0.759   0.625  -0.119  -1.028   0
   1.09667635   0.657   0.507  -0.250  -1.169   0
   1.09689510   0.567   0.403  -0.365  -1.292   0
   1.09708762   0.499   0.324  -0.452  -1.385   0
   1.09728527   0.604   0.449  -0.310  -1.230   1
   1.09746015   0.500   0.328  -0.444  -1.374   0
   1.09765828   0.387   0.193  -0.595  -1.538   0
   1.09783196   0.288   0.065  -0.740  -1.695   0
   1.09798205   0.198  -0.054  -0.875  -1.842   0
   1.09812772   0.105  -0.178  -1.018  -1.998   0
   1.09825277   0.017  -0.296  -1.155  -2.148   0
   1.09837234  -0.074  -0.420  -1.300  -2.308   0
   1.09847426  -0.156  -0.535  -1.435  -2.458   0
   1.09856272  -0.230  -0.642  -1.564  -2.602   0
   1.09864640  -0.300  -0.749  -1.696  -2.752   0
   1.09871900  -0.359  -0.849  -1.820  -2.893   0
   1.09878790  -0.415  -0.951  -1.949  -3.040   0
   1.09884596  -0.464  -1.046  -2.068  -3.177   0
   1.09889913  -0.500  -1.131  -2.180  -3.309   0
   1.09894848  -0.515  -1.209  -2.293  -3.449   0
   1.09899247  -0.554  -1.295  -2.407  -3.582   0
   1.09903467  -0.590  -1.382  -2.523  -3.719   0
   1.09907436  -0.632  -1.473  -2.643  -3.860   0
   1.09910548  -0.640  -1.532  -2.732  -3.971   2
   1.09910548   1.005   1.028   0.455  -0.315   1
   1.09936619   0.996   1.012   0.428  -0.351   0
   1.09968519   0.987   1.000   0.411  -0.371   0
   1.09985495   0.981   0.993   0.404  -0.379   0
   1.10002303   0.975   0.987   0.398  -0.385   0
   1.10037875   0.960   0.974   0.388  -0.392   0
   1.10074878   0.944   0.960   0.378  -0.399   0
   1.10113120   0.928   0.946   0.368  -0.406   0
   1.10152030   0.914   0.933   0.358  -0.413   0
   1.10192466   0.901   0.920   0.348  -0.421   0
   1.10232139   0.888   0.908   0.338  -0.429   0
   1.10271180   0.875   0.896   0.327  -0.438   0
   1.10310018   0.864   0.885   0.317  -0.447   0
   1.10333908   0.857   0.878   0.311  -0.453   0
   1.10348392   0.854   0.874   0.307  -0.457   0
   1.10386276   0.846   0.865   0.297  -0.469   0
   1.10424984   0.838   0.856   0.285  -0.483   0
   1.10465670   0.830   0.844   0.269  -0.501   0
   1.10508597   0.820   0.830   0.250  -0.526   0
   1.10554254   0.809   0.813   0.223  -0.560   0
   1.10577297   0.800   0.799   0.204  -0.585   0
   1.10605168   0.783   0.777   0.173  -0.622   0
   1.10640931   0.743   0.723   0.101  -0.710   0
   1.10650611   0.714   0.685   0.051  -0.770   0
   1.10655797   0.660   0.618  -0.031  -0.866   0
   1.10657310   0.620   0.562  -0.103  -0.950   0
   1.10658336   0.552   0.466  -0.221  -1.085   0
   1.10658991   0.444   0.327  -0.385  -1.269   0
   1.10659552   0.338   0.197  -0.535  -1.434   0
   1.10660160   0.242   0.077  -0.674  -1.588   0
   1.10661137   0.179  -0.002  -0.765  -1.689   0
   1.10666311   0.266   0.109  -0.635  -1.544   1
   1.10676038   0.156  -0.030  -0.798  -1.724   0
   1.10680890   0.037  -0.185  -0.981  -1.928   0
   1.10685742  -0.067  -0.334  -1.157  -2.125   0
   1.10690594  -0.175  -0.493  -1.349  -2.340   0
   1.10694587  -0.274  -0.639  -1.525  -2.538   0
   1.10697889  -0.353  -0.767  -1.686  -2.720   0
   1.10699904  -0.401  -0.862  -1.813  -2.870   0
   1.10701668  -0.462  -0.966  -1.944  -3.020   0
   1.10703051  -0.504  -1.059  -2.064  -3.161   0
   1.10704446  -0.552  -1.162  -2.198  -3.317   0
   1.10705590  -0.568  -1.243  -2.316  -3.462   0
   1.10706866  -0.594  -1.331  -2.440  -3.612   0
   1.10708082  -0.627  -1.421  -2.563  -3.759   0
   1.10708249  -0.635  -1.451  -2.607  -3.812   0
   1.10708463  -0.639  -1.470  -2.634  -3.845   0
   1.10708678  -0.642  -1.488  -2.660  -3.878   0
   1.10708845  -0.645  -1.502  -2.682  -3.905   0
   1.10709059  -0.648  -1.520  -2.708  -3.938   0
   1.10709238  -0.651  -1.534  -2.730  -3.964   0
   1.10709429  -0.652  -1.550  -2.754  -3.995   0
   1.10709620  -0.653  -1.567  -2.779  -4.026   0
   1.10709810  -0.654  -1.583  -2.803  -4.057   0
   1.10710001  -0.655  -1.599  -2.827  -4.088   0
   1.10710204  -0.655  -1.615  -2.852  -4.119   0
   1.10710394  -0.656  -1.631  -2.876  -4.149   0
   1.10710585  -0.656  -1.647  -2.900  -4.180   0
   1.10710776  -0.656  -1.663  -2.925  -4.211   0
   1.10710979  -0.656  -1.679  -2.949  -4.243   0
   1.10711169  -0.656  -1.695  -2.974  -4.274   0
   1.10711360  -0.656  -1.711  -2.998  -4.305   0
   1.10711515  -0.655  -1.723  -3.018  -4.330   0
   1.10711706  -0.655  -1.739  -3.043  -4.362   0
   1.10711861  -0.654  -1.751  -3.062  -4.387   0
   1.10712063  -0.653  -1.767  -3.086  -4.418   0
   1.10712254  -0.652  -1.782  -3.111  -4.449   0
   1.10712445  -0.650  -1.797  -3.135  -4.481   0
   1.10712636  -0.647  -1.811  -3.159  -4.512   0
   1.10712838  -0.645  -1.825  -3.182  -4.544   0
   1.10713029  -0.642  -1.839  -3.206  -4.575   0
   1.10713220  -0.639  -1.853  -3.229  -4.606   0
   1.10713410  -0.635  -1.866  -3.253  -4.638   0
   1.10713613  -0.632  -1.880  -3.276  -4.669   0
   1.10713804  -0.628  -1.893  -3.299  -4.700   0
   1.10713995  -0.624  -1.906  -3.322  -4.732   0
   1.10714185  -0.620  -1.919  -3.346  -4.763   0
   1.10714340  -0.616  -1.928  -3.361  -4.784   0
   1.10714543  -0.612  -1.937  -3.379  -4.808   0
   1.10714734  -0.608  -1.947  -3.396  -4.833   0
   1.10714984  -0.602  -1.954  -3.411  -4.853   0
   1.10715497  -0.596  -1.965  -3.432  -4.883   0
   1.10715997  -0.589  -1.975  -3.452  -4.913   0
   1.10716486  -0.583  -1.986  -3.473  -4.942   0
   1.10716963  -0.576  -1.996  -3.493  -4.972   0
   1.10717452  -0.569  -2.006  -3.513  -5.002   0
   1.10717928  -0.561  -2.016  -3.534  -5.031   0
   1.10718417  -0.553  -2.025  -3.554  -5.061   0
   1.10718894  -0.545  -2.035  -3.574  -5.091   0
   1.10719359  -0.536  -2.044  -3.594  -5.120   0
   1.10719824  -0.527  -2.053  -3.613  -5.150   0
   1.10720289  -0.518  -2.062  -3.633  -5.179   0
   1.10720754  -0.508  -2.070  -3.653  -5.209   0
   1.10721219  -0.498  -2.078  -3.672  -5.239   0
   1.10721684  -0.487  -2.086  -3.692  -5.268   0
   1.10722125  -0.480  -2.096  -3.712  -5.297   0
   1.10722566  -0.484  -2.112  -3.734  -5.326   0
   1.10723019  -0.488  -2.128  -3.756  -5.355   0
   1.10723460  -0.491  -2.143  -3.778  -5.384   0
   1.10723901  -0.495  -2.159  -3.801  -5.413   0
   1.10724330  -0.498  -2.174  -3.822  -5.442   0
   1.10724759  -0.501  -2.189  -3.844  -5.471   0
   1.10725188  -0.503  -2.204  -3.866  -5.500   0
   1.10725617  -0.505  -2.218  -3.888  -5.529   0
   1.10726035  -0.507  -2.233  -3.910  -5.558   0
   1.10726452  -0.509  -2.247  -3.931  -5.586   0
   1.10726857  -0.510  -2.261  -3.952  -5.615   0
   1.10727262  -0.517  -2.278  -3.974  -5.643   2
   1.10727680  -0.548  -2.304  -3.995  -5.672   0
   1.10727799  -0.558  -2.312  -4.002  -5.681   0
