   0.15000001  13.849  12.820  11.466   9.860   0
   0.20000000  12.466  11.694  10.507   9.083   0
   0.25000000  11.700  11.005   9.884   8.541   0
   0.30000001  11.200  10.560   9.479   8.191   0
   0.34999999  10.766  10.172   9.126   7.883   0
   0.40000001  10.357   9.807   8.792   7.590   0
   0.44999999   9.861   9.371   8.393   7.240   0
   0.50000000   9.358   8.941   8.005   6.909   0
   0.55000001   8.717   8.422   7.549   6.531   0
   0.60000002   8.008   7.868   7.075   6.145   0
   0.69999999   6.697   6.825   6.208   5.431   0
   0.76245052   6.027   6.249   5.728   5.031   0
   0.80000001   5.687   5.934   5.459   4.807   0
   0.87653941   5.084   5.342   4.941   4.371   0
   0.89999998   4.918   5.170   4.788   4.242   0
   0.97219276   4.452   4.665   4.339   3.873   0
   1.00000000   4.283   4.476   4.170   3.735   0
   1.03657234   4.077   4.233   3.956   3.571   0
   1.08662879   3.805   3.909   3.671   3.355   0
   1.10000002   3.735   3.825   3.597   3.300   0
   1.11484993   3.660   3.731   3.517   3.244   0
   1.14960146   3.486   3.521   3.337   3.119   0
   1.17795384   3.349   3.358   3.197   3.022   0
   1.20000005   3.245   3.237   3.095   2.950   0
   1.22616231   3.125   3.107   2.988   2.872   0
   1.26670492   2.937   2.909   2.823   2.749   0
   1.29999995   2.780   2.763   2.698   2.649   0
   1.31358731   2.717   2.705   2.648   2.609   0
   1.34874189   2.552   2.556   2.519   2.501   0
   1.37825036   2.410   2.435   2.412   2.408   0
   1.38895106   2.357   2.391   2.373   2.374   0
   1.39999998   2.308   2.347   2.332   2.335   0
   1.42121649   2.210   2.259   2.251   2.261   0
   1.45282292   2.062   2.124   2.125   2.140   0
   1.48417807   1.911   1.981   1.987   2.005   0
   1.50000000   1.832   1.903   1.910   1.928   0
   1.50343776   1.815   1.886   1.893   1.911   1
   1.52375805   1.711   1.774   1.780   1.796   0
   1.54306626   1.611   1.661   1.664   1.674   0
   1.56140053   1.514   1.547   1.545   1.547   0
   1.57008529   1.466   1.490   1.485   1.483   0
   1.57842493   1.417   1.433   1.428   1.422   0
   1.58198881   1.394   1.410   1.404   1.398   0
   1.58724487   1.353   1.377   1.376   1.375   0
   1.58985889   1.321   1.364   1.371   1.378   3
   1.59163511   1.275   1.362   1.383   1.405   0
   1.59214997   1.231   1.355   1.388   1.421   0
   1.59244108   1.170   1.330   1.373   1.415   0
   1.59249640   1.179   1.334   1.376   1.416   0
   1.59265256   1.180   1.290   1.319   1.347   0
   1.59295273   1.088   1.151   1.170   1.185   0
   1.59362221   1.035   1.047   1.048   1.041   0
   1.59461963   1.007   0.974   0.953   0.921   0
   1.59564734   0.994   0.921   0.877   0.814   0
   1.59646773   0.989   0.899   0.828   0.728   0
   1.59728789   0.993   0.899   0.790   0.636   0
   1.59782624   1.002   0.915   0.772   0.571   0
   1.59835756   1.015   0.957   0.772   0.509   3
   1.59887886   1.037   1.019   0.787   0.451   0
   1.59939909   1.075   1.102   0.817   0.396   0
   1.59991801   1.134   1.202   0.860   0.353   0
   1.60000002   1.145   1.219   0.868   0.348   0
   1.60013700   1.164   1.246   0.880   0.339   0
   1.60070372   1.250   1.350   0.935   0.332   0
   1.60157275   1.417   1.526   1.047   0.371   0
   1.60248113   1.613   1.709   1.174   0.442   0
   1.60280442   1.646   1.739   1.189   0.443   4
   1.60453534   1.601   1.661   1.069   0.286   0
   1.60582983   1.483   1.526   0.918   0.121   0
   1.60712576   1.358   1.386   0.767  -0.040   0
   1.60845900   1.223   1.239   0.610  -0.205   0
   1.60980439   1.094   1.099   0.461  -0.362   0
   1.61119628   0.964   0.959   0.313  -0.518   0
   1.61261737   0.838   0.822   0.166  -0.673   0
   1.61417687   0.717   0.685   0.019  -0.829   0
   1.61558294   0.604   0.553  -0.124  -0.981   0
   1.61688554   0.492   0.424  -0.265  -1.130   0
   1.61813593   0.385   0.299  -0.401  -1.276   0
   1.61923754   0.280   0.177  -0.535  -1.419   0
   1.62008631   0.180   0.061  -0.663  -1.557   0
   1.62078130   0.086  -0.050  -0.786  -1.689   0
   1.62142909  -0.007  -0.158  -0.907  -1.819   0
   1.62204826  -0.102  -0.269  -1.029  -1.951   0
   1.62261784  -0.162  -0.340  -1.109  -2.037   0
   1.62298775  -0.090  -0.252  -1.010  -1.929   0
   1.62303710  -0.080  -0.241  -0.997  -1.915   1
   1.62356305  -0.171  -0.349  -1.118  -2.046   0
   1.62406206  -0.256  -0.452  -1.234  -2.172   0
   1.62453115  -0.333  -0.551  -1.347  -2.295   0
   1.62498772  -0.408  -0.651  -1.461  -2.420   0
   1.62537706  -0.476  -0.744  -1.569  -2.538   0
   1.62574792  -0.543  -0.836  -1.678  -2.658   0
   1.62606621  -0.606  -0.924  -1.781  -2.772   0
   1.62636650  -0.666  -1.011  -1.885  -2.889   0
   1.62664557  -0.715  -1.092  -1.988  -3.008   0
   1.62684584  -0.764  -1.159  -2.066  -3.093   2
   1.62684584   0.581   0.634   0.115  -0.603   0
   1.62882924   0.634   0.684   0.146  -0.592   4
   1.62970161   0.633   0.683   0.143  -0.597   0
   1.63136828   0.611   0.661   0.124  -0.612   0
   1.63415444   0.575   0.625   0.094  -0.636   0
   1.63716543   0.539   0.589   0.064  -0.660   0
   1.64042675   0.504   0.553   0.034  -0.685   0
   1.64394987   0.465   0.514   0.002  -0.710   0
   1.64776933   0.426   0.475  -0.032  -0.736   0
   1.65189552   0.385   0.434  -0.066  -0.764   0
   1.65623283   0.343   0.391  -0.101  -0.793   0
   1.66073024   0.303   0.351  -0.136  -0.821   0
   1.66543591   0.262   0.310  -0.171  -0.850   0
   1.67037737   0.222   0.269  -0.207  -0.881   0
   1.67215168   0.209   0.256  -0.219  -0.892   0
   1.67503738   0.190   0.236  -0.237  -0.909   0
   1.67952168   0.164   0.208  -0.265  -0.936   0
   1.68438673   0.140   0.183  -0.292  -0.966   0
   1.68927979   0.124   0.165  -0.317  -0.997   0
   1.69532406   0.120   0.157  -0.339  -1.034   0
   1.69800770   0.120   0.155  -0.348  -1.051   0
   1.70000005   0.118   0.154  -0.345  -1.042   1
   1.70124876   0.116   0.152  -0.352  -1.055   0
   1.70283759   0.129   0.162  -0.355  -1.070   0
   1.70485604   0.149   0.180  -0.355  -1.090   0
   1.70788121   0.213   0.226  -0.345  -1.113   0
   1.70882249   0.248   0.250  -0.342  -1.127   0
   1.70930922   0.276   0.264  -0.351  -1.157   0
   1.70943737   0.275   0.256  -0.371  -1.186   0
   1.70952702   0.245   0.214  -0.429  -1.258   0
   1.70958948   0.144   0.089  -0.575  -1.423   0
   1.70963943   0.043  -0.038  -0.721  -1.583   0
   1.70970809  -0.047  -0.148  -0.847  -1.721   0
   1.70974565  -0.058  -0.162  -0.864  -1.740   0
   1.71014464   0.001  -0.089  -0.779  -1.646   1
   1.71106458  -0.111  -0.228  -0.940  -1.824   0
   1.71144259  -0.247  -0.391  -1.123  -2.024   0
   1.71172094  -0.350  -0.516  -1.266  -2.179   0
   1.71202374  -0.480  -0.676  -1.450  -2.382   0
   1.71229517  -0.605  -0.837  -1.636  -2.585   0
   1.71257246  -0.710  -0.984  -1.809  -2.777   0
   1.71280622  -0.811  -1.127  -1.978  -2.965   0
   1.71297228  -0.892  -1.250  -2.130  -3.137   0
   1.71308899  -0.961  -1.360  -2.265  -3.290   0
   1.71319950  -1.024  -1.474  -2.413  -3.462   0
   1.71328545  -1.090  -1.578  -2.543  -3.611   0
   1.71337748  -1.149  -1.684  -2.677  -3.765   0
   1.71346343  -1.199  -1.799  -2.827  -3.940   0
   1.71348178  -1.233  -1.871  -2.922  -4.051   0
   1.71349406  -1.239  -1.890  -2.947  -4.081   0
   1.71350384  -1.244  -1.905  -2.968  -4.106   0
   1.71351612  -1.249  -1.923  -2.993  -4.136   0
   1.71352816  -1.254  -1.940  -3.018  -4.167   0
   1.71353769  -1.258  -1.954  -3.038  -4.192   0
   1.71354961  -1.263  -1.972  -3.064  -4.222   0
   1.71356142  -1.267  -1.990  -3.089  -4.253   0
   1.71357334  -1.271  -2.007  -3.114  -4.284   0
   1.71358526  -1.275  -2.024  -3.139  -4.314   0
   1.71359718  -1.279  -2.042  -3.164  -4.345   0
   1.71360898  -1.283  -2.059  -3.189  -4.376   0
   1.71361840  -1.286  -2.072  -3.209  -4.400   0
   1.71362984  -1.290  -2.089  -3.234  -4.431   0
   1.71364141  -1.294  -2.106  -3.258  -4.461   0
   1.71365285  -1.297  -2.123  -3.283  -4.491   0
   1.71366429  -1.300  -2.139  -3.308  -4.522   0
   1.71367586  -1.303  -2.156  -3.332  -4.552   0
   1.71368730  -1.306  -2.172  -3.357  -4.583   0
   1.71369874  -1.309  -2.189  -3.382  -4.613   0
   1.71371031  -1.312  -2.205  -3.406  -4.644   0
   1.71372175  -1.313  -2.221  -3.430  -4.674   0
   1.71373320  -1.314  -2.237  -3.454  -4.703   0
   1.71374476  -1.315  -2.252  -3.477  -4.733   0
   1.71375585  -1.316  -2.267  -3.500  -4.762   0
   1.71376705  -1.316  -2.280  -3.519  -4.786   0
   1.71377587  -1.316  -2.290  -3.534  -4.806   0
   1.71378696  -1.316  -2.302  -3.553  -4.830   0
   1.71379805  -1.316  -2.314  -3.572  -4.853   0
   1.71380687  -1.316  -2.324  -3.587  -4.872   0
   1.71381795  -1.316  -2.336  -3.605  -4.896   0
   1.71382904  -1.316  -2.346  -3.621  -4.916   0
   1.71387053  -1.315  -2.361  -3.644  -4.946   0
   1.71391165  -1.314  -2.375  -3.667  -4.975   0
   1.71395242  -1.313  -2.390  -3.690  -5.004   0
   1.71399295  -1.312  -2.404  -3.712  -5.034   0
   1.71403325  -1.310  -2.418  -3.735  -5.063   0
   1.71407318  -1.308  -2.431  -3.757  -5.093   0
   1.71411276  -1.305  -2.445  -3.779  -5.122   0
   1.71415210  -1.302  -2.457  -3.801  -5.151   0
   1.71419120  -1.299  -2.470  -3.823  -5.181   0
   1.71422994  -1.296  -2.483  -3.845  -5.210   0
   1.71426833  -1.292  -2.495  -3.867  -5.239   0
   1.71430659  -1.288  -2.508  -3.889  -5.269   0
   1.71434450  -1.284  -2.520  -3.910  -5.298   0
   1.71438205  -1.280  -2.532  -3.932  -5.327   0
   1.71441925  -1.276  -2.544  -3.953  -5.356   0
   1.71445632  -1.271  -2.556  -3.975  -5.386   0
   1.71449304  -1.266  -2.568  -3.996  -5.415   0
   1.71452940  -1.261  -2.579  -4.018  -5.444   0
   1.71456552  -1.256  -2.591  -4.039  -5.473   0
   1.71460140  -1.250  -2.602  -4.060  -5.503   0
   1.71463692  -1.245  -2.613  -4.081  -5.532   0
   1.71467197  -1.239  -2.623  -4.101  -5.560   0
   1.71470690  -1.233  -2.634  -4.121  -5.588   0
   1.71474159  -1.227  -2.644  -4.140  -5.617   0
   1.71477592  -1.221  -2.653  -4.160  -5.645   0
   1.71481001  -1.215  -2.663  -4.179  -5.673   0
   1.71484363  -1.208  -2.673  -4.198  -5.701   0
   1.71487713  -1.201  -2.682  -4.217  -5.729   0
   1.71491027  -1.194  -2.691  -4.236  -5.756   0
   1.71494305  -1.187  -2.700  -4.255  -5.785   0
   1.71497560  -1.179  -2.710  -4.275  -5.813   0
   1.71500790  -1.171  -2.719  -4.294  -5.841   0
   1.71503985  -1.163  -2.727  -4.313  -5.870   0
   1.71507144  -1.155  -2.736  -4.332  -5.898   0
   1.71509659  -1.159  -2.749  -4.350  -5.921   0
   1.71512151  -1.163  -2.762  -4.368  -5.944   0
   1.71514642  -1.167  -2.775  -4.386  -5.967   0
   1.71517098  -1.171  -2.788  -4.403  -5.990   0
   1.71519554  -1.174  -2.800  -4.421  -6.012   0
   1.71521986  -1.178  -2.812  -4.438  -6.035   0
   1.71524417  -1.181  -2.825  -4.456  -6.057   0
   1.71526837  -1.184  -2.837  -4.473  -6.079   0
   1.71529233  -1.187  -2.849  -4.490  -6.101   0
   1.71531630  -1.190  -2.861  -4.507  -6.123   0
   1.71534026  -1.193  -2.873  -4.523  -6.145   0
   1.71536422  -1.196  -2.884  -4.540  -6.166   0
   1.71539366  -1.199  -2.898  -4.560  -6.193   0
   1.71542323  -1.202  -2.912  -4.580  -6.219   0
   1.71545279  -1.204  -2.925  -4.599  -6.244   0
   1.71548235  -1.206  -2.938  -4.618  -6.270   0
   1.71551192  -1.208  -2.951  -4.637  -6.294   0
   1.71554136  -1.209  -2.963  -4.655  -6.318   0
   1.71557069  -1.215  -2.976  -4.672  -6.341   0
   1.71560359  -1.243  -2.999  -4.691  -6.366   0
   1.71563435  -1.269  -3.021  -4.708  -6.388   0
   1.71566820  -1.298  -3.044  -4.726  -6.410   0
   1.71569908  -1.323  -3.060  -4.734  -6.423   3
   1.71570837  -1.323  -3.056  -4.725  -6.416   0
