   0.15000001  13.624  12.700  11.384   9.817   0
   0.20000000  12.231  11.568  10.406   9.010   0
   0.25000000  11.465  10.892   9.794   8.474   0
   0.30000001  10.952  10.440   9.381   8.111   0
   0.34999999  10.508  10.049   9.023   7.796   0
   0.40000001  10.109   9.698   8.702   7.512   0
   0.44999999   9.602   9.257   8.299   7.156   0
   0.50000000   9.045   8.786   7.877   6.794   0
   0.55000001   8.314   8.198   7.373   6.377   0
   0.60000002   7.310   7.418   6.748   5.894   0
   0.60503078   7.236   7.356   6.696   5.850   0
   0.63246840   6.832   7.012   6.407   5.608   0
   0.65712130   6.482   6.708   6.148   5.390   0
   0.67969596   6.178   6.433   5.911   5.189   0
   0.69999999   5.899   6.181   5.692   5.004   0
   0.70825118   5.792   6.077   5.601   4.926   0
   0.72667062   5.549   5.840   5.390   4.746   0
   0.74410367   5.312   5.607   5.183   4.568   0
   0.76133090   5.080   5.367   4.966   4.379   0
   0.78036529   4.809   5.080   4.704   4.150   0
   0.79204458   4.633   4.893   4.531   3.996   0
   0.80000001   4.506   4.756   4.404   3.883   0
   0.81274009   4.294   4.521   4.187   3.692   0
   0.83100504   3.934   4.120   3.813   3.360   0
   0.83543831   3.834   4.011   3.709   3.265   0
   0.83935094   3.741   3.909   3.612   3.175   0
   0.83998519   3.725   3.891   3.595   3.159   0
   0.84166139   3.680   3.843   3.547   3.113   0
   0.84900904   3.466   3.616   3.322   2.888   1
   0.85356027   3.306   3.464   3.151   2.685   0
   0.85664344   3.174   3.350   3.006   2.490   0
   0.85875654   3.089   3.288   2.891   2.300   0
   0.86006886   3.072   3.276   2.825   2.163   0
   0.86111248   3.073   3.262   2.762   2.044   0
   0.86191124   3.019   3.195   2.664   1.913   0
   0.86264008   2.919   3.074   2.520   1.746   0
   0.86322230   2.802   2.942   2.375   1.589   0
   0.86375672   2.669   2.799   2.223   1.427   0
   0.86425406   2.535   2.655   2.073   1.270   0
   0.86471784   2.396   2.509   1.921   1.111   0
   0.86511928   2.255   2.359   1.764   0.949   0
   0.86551672   2.110   2.203   1.604   0.782   0
   0.86586750   1.970   2.054   1.449   0.621   0
   0.86617190   1.830   1.905   1.294   0.460   0
   0.86644197   1.696   1.763   1.145   0.305   0
   0.86668974   1.557   1.611   0.987   0.141   0
   0.86691684   1.427   1.469   0.836  -0.018   0
   0.86710143   1.305   1.333   0.692  -0.169   0
   0.86726904   1.185   1.199   0.549  -0.319   0
   0.86741108   1.077   1.077   0.419  -0.456   0
   0.86754632   0.961   0.946   0.279  -0.604   0
   0.86765784   0.852   0.823   0.147  -0.743   0
   0.86776084   0.743   0.701   0.016  -0.882   0
   0.86785197   0.641   0.586  -0.109  -1.014   0
   0.86793637   0.533   0.467  -0.236  -1.148   0
   0.86801058   0.441   0.363  -0.348  -1.268   0
   0.86810166   0.354   0.262  -0.458  -1.385   0
   0.86810839   0.351   0.259  -0.462  -1.389   2
   0.86815166   0.377   0.291  -0.425  -1.348   0
   0.86822701   0.256   0.151  -0.577  -1.510   0
   0.86829370   0.134   0.011  -0.730  -1.674   0
   0.86835402   0.029  -0.120  -0.877  -1.832   0
   0.86840570  -0.069  -0.242  -1.014  -1.980   0
   0.86845523  -0.172  -0.373  -1.162  -2.142   0
   0.86849612  -0.270  -0.497  -1.302  -2.294   0
   0.86853278  -0.361  -0.616  -1.440  -2.445   0
   0.86856723  -0.446  -0.732  -1.577  -2.597   0
   0.86859953  -0.541  -0.860  -1.726  -2.762   0
   0.86862540  -0.629  -0.974  -1.858  -2.906   0
   0.86864907  -0.711  -1.085  -1.989  -3.053   0
   0.86867064  -0.788  -1.193  -2.119  -3.199   0
   0.86869216  -0.863  -1.305  -2.256  -3.354   0
   0.86870944  -0.916  -1.402  -2.379  -3.495   0
   0.86872452  -0.966  -1.492  -2.495  -3.629   0
   0.86873960  -1.012  -1.583  -2.613  -3.768   0
   0.86875254  -1.051  -1.663  -2.720  -3.895   0
   0.86875468  -1.055  -1.676  -2.739  -3.917   2
   0.86875468   0.855   0.882   0.566   0.077   1
   0.86881286   0.852   0.880   0.563   0.073   0
   0.86890042   0.849   0.879   0.558   0.061   0
   0.86899275   0.844   0.875   0.552   0.053   0
   0.86908954   0.841   0.874   0.548   0.044   0
   0.86919051   0.837   0.870   0.544   0.040   0
   0.86929625   0.833   0.867   0.539   0.033   0
   0.86940664   0.830   0.863   0.535   0.029   0
   0.86952162   0.826   0.859   0.531   0.024   0
   0.86963719   0.824   0.861   0.527   0.013   0
   0.86975145   0.823   0.866   0.524  -0.003   0
   0.86986428   0.824   0.874   0.520  -0.024   0
   0.86997974   0.828   0.888   0.515  -0.054   0
   0.87009823   0.836   0.903   0.510  -0.087   0
   0.87022221   0.840   0.914   0.499  -0.125   0
   0.87035036   0.838   0.919   0.483  -0.167   0
   0.87049180   0.837   0.916   0.460  -0.213   0
   0.87065190   0.823   0.900   0.422  -0.277   0
   0.87072343   0.811   0.886   0.397  -0.313   0
   0.87080497   0.793   0.866   0.368  -0.354   0
   0.87094682   0.757   0.826   0.308  -0.436   0
   0.87098211   0.736   0.794   0.257  -0.504   0
   0.87099934   0.691   0.731   0.166  -0.623   0
   0.87100434   0.651   0.680   0.099  -0.708   0
   0.87100834   0.542   0.552  -0.057  -0.890   0
   0.87100983   0.453   0.442  -0.187  -1.038   0
   0.87101138   0.358   0.326  -0.321  -1.187   0
   0.87101310   0.261   0.207  -0.457  -1.338   0
   0.87101591   0.166   0.092  -0.589  -1.483   0
   0.87101680   0.157   0.081  -0.601  -1.496   0
   0.87103093   0.231   0.171  -0.498  -1.382   1
   0.87106204   0.120   0.036  -0.654  -1.555   0
   0.87107688   0.014  -0.092  -0.799  -1.714   0
   0.87109226  -0.106  -0.237  -0.965  -1.897   0
   0.87110388  -0.213  -0.366  -1.113  -2.060   0
   0.87111539  -0.321  -0.514  -1.288  -2.255   0
   0.87112647  -0.415  -0.649  -1.451  -2.438   0
   0.87113547  -0.502  -0.770  -1.594  -2.598   0
   0.87114215  -0.588  -0.886  -1.730  -2.748   0
   0.87114793  -0.672  -1.004  -1.873  -2.909   0
   0.87115330  -0.759  -1.125  -2.018  -3.071   0
   0.87115782  -0.832  -1.234  -2.152  -3.226   0
   0.87116277  -0.905  -1.344  -2.290  -3.384   0
   0.87116760  -0.959  -1.448  -2.425  -3.541   0
   0.87116849  -0.980  -1.500  -2.497  -3.628   0
   0.87116921  -0.989  -1.521  -2.526  -3.662   0
   0.87116992  -0.998  -1.542  -2.554  -3.695   0
   0.87117070  -1.007  -1.563  -2.582  -3.729   0
   0.87117141  -1.016  -1.584  -2.610  -3.763   0
   0.87117213  -1.025  -1.604  -2.638  -3.796   0
   0.87117285  -1.033  -1.624  -2.667  -3.830   0
   0.87117362  -1.042  -1.645  -2.695  -3.864   0
   0.87117434  -1.050  -1.665  -2.722  -3.897   0
   0.87117505  -1.059  -1.685  -2.751  -3.931   0
   0.87117565  -1.065  -1.701  -2.773  -3.958   0
   0.87117636  -1.073  -1.721  -2.801  -3.992   0
   0.87117714  -1.081  -1.741  -2.829  -4.026   0
   0.87117785  -1.089  -1.761  -2.857  -4.059   0
   0.87117857  -1.097  -1.781  -2.884  -4.093   0
   0.87117934  -1.105  -1.801  -2.912  -4.127   0
   0.87118006  -1.112  -1.820  -2.940  -4.161   0
   0.87118077  -1.120  -1.840  -2.967  -4.194   0
   0.87118155  -1.127  -1.859  -2.995  -4.228   0
   0.87118226  -1.134  -1.879  -3.023  -4.262   0
   0.87118298  -1.141  -1.897  -3.050  -4.295   0
   0.87118375  -1.148  -1.917  -3.077  -4.329   0
   0.87118447  -1.155  -1.936  -3.105  -4.363   0
   0.87118518  -1.161  -1.954  -3.132  -4.396   0
   0.87118590  -1.167  -1.973  -3.159  -4.430   0
   0.87118667  -1.173  -1.991  -3.186  -4.464   0
   0.87118739  -1.179  -2.009  -3.214  -4.499   0
   0.87118798  -1.184  -2.026  -3.238  -4.529   0
   0.87118858  -1.188  -2.042  -3.262  -4.559   0
   0.87118930  -1.194  -2.062  -3.292  -4.598   0
   0.87119001  -1.196  -2.080  -3.320  -4.634   0
   0.87119061  -1.197  -2.092  -3.340  -4.660   0
   0.87119174  -1.195  -2.103  -3.358  -4.684   0
   0.87119347  -1.194  -2.117  -3.382  -4.717   0
   0.87119514  -1.193  -2.132  -3.407  -4.750   0
   0.87119687  -1.191  -2.146  -3.431  -4.782   0
   0.87119859  -1.189  -2.160  -3.455  -4.815   0
   0.87120032  -1.187  -2.174  -3.480  -4.849   0
   0.87120199  -1.184  -2.188  -3.505  -4.883   0
   0.87120372  -1.180  -2.202  -3.529  -4.917   0
   0.87120533  -1.176  -2.215  -3.553  -4.950   0
   0.87120688  -1.172  -2.227  -3.576  -4.982   0
   0.87120849  -1.167  -2.239  -3.599  -5.014   0
   0.87121010  -1.161  -2.250  -3.622  -5.047   0
   0.87121165  -1.155  -2.262  -3.645  -5.080   0
   0.87121326  -1.148  -2.272  -3.667  -5.112   0
   0.87121487  -1.140  -2.283  -3.690  -5.145   0
   0.87121642  -1.131  -2.293  -3.713  -5.179   0
   0.87121803  -1.124  -2.304  -3.736  -5.213   0
   0.87121886  -1.126  -2.313  -3.750  -5.231   0
