   0.15000001  13.640  12.711  11.391   9.823   0
   0.20000000  12.243  11.578  10.416   9.019   0
   0.25000000  11.475  10.902   9.802   8.482   0
   0.30000001  10.964  10.451   9.391   8.120   0
   0.34999999  10.520  10.060   9.033   7.806   0
   0.40000001  10.121   9.708   8.711   7.520   0
   0.44999999   9.614   9.267   8.308   7.164   0
   0.50000000   9.066   8.804   7.892   6.807   0
   0.55000001   8.351   8.226   7.397   6.396   0
   0.56693941   8.065   8.001   7.207   6.243   0
   0.60000002   7.353   7.456   6.780   5.921   0
   0.62350863   7.018   7.171   6.540   5.720   0
   0.65178424   6.614   6.828   6.251   5.479   0
   0.67719001   6.286   6.532   5.997   5.263   0
   0.69999999   5.990   6.264   5.764   5.066   0
   0.70905054   5.870   6.153   5.669   4.985   0
   0.72951239   5.614   5.905   5.450   4.799   0
   0.74848479   5.374   5.669   5.240   4.619   0
   0.76644117   5.148   5.439   5.034   4.442   0
   0.78418553   4.924   5.202   4.818   4.254   0
   0.80000001   4.709   4.973   4.609   4.071   0
   0.80855697   4.591   4.848   4.494   3.972   0
   0.82209069   4.400   4.636   4.298   3.800   0
   0.83792847   4.149   4.356   4.039   3.574   0
   0.85675943   3.798   3.963   3.674   3.252   0
   0.86133009   3.703   3.857   3.574   3.162   0
   0.86536402   3.614   3.757   3.479   3.074   0
   0.86601794   3.599   3.740   3.463   3.059   1
   0.86774641   3.554   3.693   3.416   3.014   0
   0.87532330   3.350   3.476   3.201   2.799   0
   0.88035095   3.182   3.320   3.024   2.585   0
   0.88375437   3.043   3.206   2.874   2.376   0
   0.88608581   2.959   3.152   2.759   2.171   0
   0.88753325   2.953   3.154   2.698   2.027   0
   0.88859463   2.964   3.147   2.638   1.911   0
   0.88940704   2.902   3.071   2.534   1.775   0
   0.89014840   2.793   2.940   2.382   1.603   0
   0.89074051   2.670   2.805   2.235   1.445   0
   0.89128417   2.539   2.664   2.086   1.287   0
   0.89179003   2.403   2.519   1.935   1.130   0
   0.89226180   2.265   2.373   1.783   0.972   0
   0.89267015   2.126   2.224   1.628   0.811   0
   0.89307439   1.981   2.069   1.467   0.644   0
   0.89343125   1.844   1.923   1.316   0.486   0
   0.89374095   1.706   1.776   1.163   0.327   0
   0.89401567   1.577   1.638   1.019   0.176   0
   0.89426774   1.441   1.490   0.863   0.014   0
   0.89449877   1.315   1.350   0.715  -0.142   0
   0.89468658   1.199   1.220   0.576  -0.288   0
   0.89485705   1.084   1.091   0.439  -0.432   0
   0.89500159   0.982   0.976   0.315  -0.563   0
   0.89513916   0.870   0.850   0.179  -0.706   0
   0.89525259   0.765   0.732   0.053  -0.840   0
   0.89535743   0.662   0.616  -0.072  -0.972   0
   0.89545012   0.566   0.508  -0.188  -1.096   0
   0.89553601   0.465   0.396  -0.308  -1.222   0
   0.89561152   0.384   0.303  -0.409  -1.329   0
   0.89570415   0.308   0.216  -0.504  -1.431   0
   0.89571100   0.305   0.212  -0.509  -1.436   2
   0.89576375   0.340   0.254  -0.461  -1.383   0
   0.89584708   0.216   0.111  -0.616  -1.549   0
   0.89592087   0.093  -0.030  -0.771  -1.714   0
   0.89598757  -0.012  -0.160  -0.916  -1.871   0
   0.89604467  -0.107  -0.280  -1.050  -2.016   0
   0.89609951  -0.210  -0.410  -1.198  -2.177   0
   0.89614475  -0.307  -0.533  -1.337  -2.328   0
   0.89618522  -0.398  -0.651  -1.474  -2.478   0
   0.89622337  -0.481  -0.766  -1.610  -2.629   0
   0.89625913  -0.576  -0.893  -1.758  -2.792   0
   0.89628768  -0.660  -1.002  -1.884  -2.931   0
   0.89631391  -0.740  -1.111  -2.012  -3.073   0
   0.89633775  -0.816  -1.217  -2.139  -3.216   0
   0.89636153  -0.894  -1.330  -2.277  -3.372   0
   0.89638066  -0.946  -1.423  -2.395  -3.507   0
   0.89639729  -0.993  -1.509  -2.505  -3.635   0
   0.89641398  -1.038  -1.597  -2.620  -3.769   0
   0.89642829  -1.074  -1.672  -2.720  -3.887   0
   0.89643067  -1.080  -1.685  -2.737  -3.908   2
   0.89643067   0.876   0.947   0.556  -0.036   1
   0.89650422   0.873   0.944   0.552  -0.041   0
   0.89661217   0.870   0.943   0.546  -0.054   0
   0.89672542   0.865   0.939   0.540  -0.063   0
   0.89684463   0.862   0.935   0.534  -0.072   0
   0.89692169   0.859   0.932   0.530  -0.076   0
   0.89697373   0.856   0.930   0.529  -0.076   0
   0.89711589   0.850   0.923   0.523  -0.081   0
   0.89726466   0.843   0.915   0.518  -0.082   0
   0.89742064   0.836   0.906   0.512  -0.084   0
   0.89754200   0.831   0.900   0.508  -0.087   0
   0.89757311   0.832   0.901   0.507  -0.090   0
   0.89771265   0.829   0.900   0.503  -0.098   0
   0.89784968   0.828   0.901   0.498  -0.110   0
   0.89799023   0.829   0.905   0.492  -0.129   0
   0.89813089   0.829   0.909   0.484  -0.152   0
   0.89827722   0.827   0.910   0.473  -0.179   0
   0.89843047   0.828   0.910   0.458  -0.210   0
   0.89859515   0.824   0.904   0.437  -0.248   0
   0.89880979   0.811   0.889   0.406  -0.299   0
   0.89887732   0.803   0.880   0.388  -0.326   0
   0.89896935   0.788   0.864   0.361  -0.365   0
   0.89931005   0.736   0.797   0.263  -0.497   0
   0.89933485   0.710   0.761   0.211  -0.565   0
   0.89935368   0.662   0.697   0.123  -0.677   0
   0.89935935   0.620   0.645   0.055  -0.759   0
   0.89936382   0.517   0.525  -0.087  -0.924   0
   0.89936608   0.415   0.398  -0.237  -1.093   0
   0.89936852   0.294   0.253  -0.402  -1.275   0
   0.89937180   0.184   0.118  -0.558  -1.448   0
   0.89937413   0.155   0.084  -0.596  -1.488   0
   0.89939106   0.223   0.166  -0.502  -1.386   1
   0.89942759   0.122   0.043  -0.643  -1.541   0
   0.89945191  -0.007  -0.113  -0.821  -1.736   0
   0.89947164  -0.132  -0.263  -0.992  -1.925   0
   0.89948529  -0.248  -0.402  -1.149  -2.097   0
   0.89949775  -0.354  -0.547  -1.321  -2.288   0
   0.89950901  -0.430  -0.659  -1.456  -2.442   0
   0.89952075  -0.520  -0.783  -1.605  -2.607   0
   0.89953029  -0.613  -0.908  -1.752  -2.770   0
   0.89953738  -0.698  -1.028  -1.895  -2.931   0
   0.89954412  -0.790  -1.155  -2.046  -3.099   0
   0.89954954  -0.859  -1.260  -2.178  -3.252   0
   0.89955539  -0.933  -1.367  -2.310  -3.402   0
   0.89956158  -0.989  -1.471  -2.444  -3.558   0
   0.89956218  -1.004  -1.502  -2.485  -3.605   0
   0.89956307  -1.013  -1.522  -2.512  -3.638   0
   0.89956397  -1.022  -1.542  -2.539  -3.670   0
   0.89956486  -1.031  -1.562  -2.566  -3.702   0
   0.89956576  -1.039  -1.582  -2.594  -3.735   0
   0.89956665  -1.048  -1.602  -2.621  -3.767   0
   0.89956737  -1.055  -1.618  -2.642  -3.793   0
   0.89956826  -1.063  -1.638  -2.669  -3.825   0
   0.89956915  -1.072  -1.658  -2.696  -3.858   0
   0.89957005  -1.080  -1.677  -2.723  -3.890   0
   0.89957094  -1.088  -1.697  -2.750  -3.922   0
   0.89957184  -1.096  -1.716  -2.777  -3.954   0
   0.89957273  -1.104  -1.735  -2.804  -3.987   0
   0.89957362  -1.112  -1.755  -2.831  -4.019   0
   0.89957452  -1.120  -1.774  -2.857  -4.051   0
   0.89957541  -1.127  -1.793  -2.884  -4.084   0
   0.89957613  -1.133  -1.808  -2.905  -4.110   0
   0.89957702  -1.141  -1.827  -2.932  -4.142   0
   0.89957792  -1.148  -1.846  -2.959  -4.174   0
   0.89957881  -1.155  -1.865  -2.985  -4.207   0
   0.89957952  -1.161  -1.880  -3.006  -4.233   0
   0.89958042  -1.168  -1.898  -3.033  -4.265   0
   0.89958131  -1.175  -1.917  -3.059  -4.297   0
   0.89958203  -1.180  -1.932  -3.080  -4.323   0
   0.89958292  -1.187  -1.950  -3.107  -4.356   0
   0.89958382  -1.194  -1.969  -3.134  -4.389   0
   0.89958465  -1.200  -1.987  -3.160  -4.422   0
   0.89958555  -1.206  -2.005  -3.187  -4.454   0
   0.89958644  -1.212  -2.023  -3.213  -4.487   0
   0.89958733  -1.217  -2.040  -3.238  -4.519   0
   0.89958799  -1.221  -2.053  -3.257  -4.543   0
   0.89958876  -1.226  -2.068  -3.280  -4.572   0
   0.89958948  -1.231  -2.084  -3.303  -4.601   0
   0.89959025  -1.235  -2.099  -3.327  -4.630   0
   0.89959085  -1.237  -2.110  -3.344  -4.653   0
   0.89959157  -1.238  -2.124  -3.366  -4.681   0
   0.89959216  -1.239  -2.135  -3.383  -4.704   0
   0.89959371  -1.238  -2.147  -3.402  -4.729   0
   0.89959580  -1.237  -2.161  -3.426  -4.761   0
   0.89959788  -1.236  -2.174  -3.449  -4.792   0
   0.89959997  -1.235  -2.188  -3.472  -4.823   0
   0.89960206  -1.233  -2.202  -3.495  -4.854   0
   0.89960414  -1.231  -2.215  -3.518  -4.885   0
   0.89960605  -1.228  -2.227  -3.541  -4.916   0
   0.89960802  -1.225  -2.240  -3.563  -4.947   0
   0.89960992  -1.222  -2.252  -3.586  -4.978   0
   0.89961183  -1.218  -2.264  -3.608  -5.009   0
   0.89961380  -1.214  -2.276  -3.630  -5.040   0
   0.89961571  -1.209  -2.287  -3.652  -5.071   0
   0.89961767  -1.204  -2.299  -3.674  -5.102   0
   0.89961958  -1.198  -2.309  -3.696  -5.133   0
   0.89962155  -1.192  -2.320  -3.717  -5.164   0
   0.89962345  -1.184  -2.330  -3.738  -5.195   0
   0.89962536  -1.176  -2.339  -3.759  -5.226   0
   0.89962715  -1.168  -2.348  -3.780  -5.257   0
   0.89962894  -1.172  -2.364  -3.804  -5.288   0
   0.89963073  -1.176  -2.379  -3.827  -5.318   0
   0.89963096  -1.176  -2.381  -3.830  -5.322   0
