   0.15000001  13.769  12.765  11.424   9.830   0
   0.20000000  12.403  11.636  10.454   9.035   0
   0.25000000  11.644  10.955   9.837   8.500   0
   0.30000001  11.137  10.502   9.426   8.142   0
   0.34999999  10.698  10.110   9.068   7.831   0
   0.40000001  10.296   9.752   8.741   7.545   0
   0.44999999   9.786   9.306   8.332   7.187   0
   0.50000000   9.248   8.848   7.921   6.838   0
   0.55000001   8.542   8.283   7.428   6.432   0
   0.60000002   7.766   7.677   6.913   6.010   0
   0.63500899   7.214   7.243   6.551   5.712   0
   0.66923863   6.720   6.841   6.219   5.437   0
   0.69921839   6.323   6.503   5.937   5.202   0
   0.69999999   6.313   6.494   5.930   5.196   0
   0.71110743   6.169   6.368   5.823   5.106   0
   0.73665971   5.843   6.078   5.577   4.898   0
   0.75979114   5.579   5.825   5.355   4.708   0
   0.78101254   5.334   5.589   5.148   4.530   0
   0.80000001   5.119   5.375   4.958   4.366   0
   0.80686021   5.045   5.298   4.889   4.306   0
   0.82478935   4.847   5.092   4.701   4.144   0
   0.84324336   4.634   4.868   4.499   3.967   0
   0.86435902   4.380   4.595   4.247   3.747   0
   0.87698716   4.225   4.424   4.089   3.607   0
   0.89060366   4.047   4.228   3.907   3.445   0
   0.89999998   3.916   4.083   3.772   3.325   0
   0.90925622   3.782   3.936   3.636   3.206   0
   0.91396773   3.710   3.856   3.561   3.139   1
   0.91411948   3.708   3.854   3.559   3.137   0
   0.91967261   3.618   3.755   3.465   3.051   0
   0.92330045   3.556   3.686   3.399   2.990   0
   0.93478626   3.335   3.451   3.167   2.761   0
   0.94187850   3.177   3.296   2.997   2.566   0
   0.94627649   3.065   3.197   2.874   2.404   0
   0.94920385   2.995   3.143   2.782   2.256   0
   0.95131618   2.965   3.128   2.720   2.130   0
   0.95299196   3.001   3.162   2.696   2.037   3
   0.95447469   3.092   3.228   2.698   1.976   0
   0.95603794   3.081   3.184   2.603   1.835   0
   0.95706713   2.988   3.068   2.466   1.680   0
   0.95795852   2.866   2.931   2.317   1.520   0
   0.95868838   2.737   2.791   2.168   1.363   0
   0.95937973   2.606   2.651   2.022   1.210   0
   0.96002400   2.468   2.505   1.870   1.052   0
   0.96058261   2.334   2.362   1.721   0.897   0
   0.96110713   2.201   2.219   1.571   0.740   0
   0.96158665   2.062   2.070   1.414   0.577   0
   0.96197093   1.942   1.937   1.274   0.430   0
   0.96233523   1.823   1.804   1.132   0.281   0
   0.96267426   1.702   1.668   0.987   0.129   0
   0.96298587   1.578   1.530   0.840  -0.025   0
   0.96326178   1.458   1.395   0.696  -0.178   0
   0.96349049   1.348   1.269   0.559  -0.323   0
   0.96371078   1.233   1.138   0.418  -0.473   0
   0.96391028   1.120   1.007   0.275  -0.624   0
   0.96407998   1.014   0.885   0.142  -0.766   0
   0.96424568   0.905   0.760   0.004  -0.914   0
   0.96439087   0.805   0.645  -0.122  -1.049   0
   0.96453142   0.734   0.564  -0.211  -1.143   2
   0.96467441   0.801   0.644  -0.119  -1.042   0
   0.96480119   0.682   0.507  -0.271  -1.206   0
   0.96491969   0.581   0.381  -0.414  -1.360   0
   0.96503198   0.480   0.253  -0.557  -1.515   0
   0.96513009   0.386   0.128  -0.698  -1.669   0
   0.96522474   0.290   0.000  -0.846  -1.830   0
   0.96530521   0.200  -0.122  -0.988  -1.986   0
   0.96538252   0.106  -0.250  -1.137  -2.150   0
   0.96544462   0.022  -0.365  -1.273  -2.301   0
   0.96550572  -0.057  -0.483  -1.415  -2.461   0
   0.96555150  -0.123  -0.583  -1.539  -2.600   0
   0.96560043  -0.186  -0.694  -1.676  -2.757   0
   0.96564239  -0.238  -0.793  -1.800  -2.900   0
   0.96567881  -0.294  -0.893  -1.925  -3.043   0
   0.96571249  -0.337  -0.991  -2.054  -3.193   0
   0.96574408  -0.362  -1.078  -2.176  -3.341   0
   0.96577185  -0.395  -1.167  -2.298  -3.486   0
   0.96579719  -0.435  -1.258  -2.419  -3.629   0
   0.96581942  -0.463  -1.339  -2.531  -3.764   0
   0.96583951  -0.468  -1.407  -2.632  -3.891   0
   0.96585685  -0.475  -1.466  -2.719  -3.999   2
   0.96585685   1.075   1.106   0.550  -0.204   1
   0.96597999   1.078   1.100   0.531  -0.234   0
   0.96613157   1.070   1.089   0.517  -0.251   0
   0.96628481   1.062   1.080   0.506  -0.263   0
   0.96629250   1.062   1.080   0.506  -0.264   0
   0.96649033   1.051   1.070   0.498  -0.270   0
   0.96669590   1.041   1.061   0.493  -0.273   0
   0.96691102   1.030   1.053   0.488  -0.273   0
   0.96713161   1.019   1.044   0.484  -0.275   0
   0.96735966   1.007   1.034   0.478  -0.277   0
   0.96758604   0.997   1.026   0.472  -0.280   0
   0.96780944   0.988   1.017   0.466  -0.285   0
   0.96795338   0.984   1.013   0.461  -0.290   0
   0.96802455   0.982   1.010   0.459  -0.292   0
   0.96822339   0.976   1.003   0.450  -0.301   0
   0.96842617   0.971   0.996   0.441  -0.314   0
   0.96863407   0.965   0.988   0.428  -0.330   0
   0.96885026   0.958   0.976   0.411  -0.351   0
   0.96907538   0.947   0.961   0.389  -0.379   0
   0.96936679   0.931   0.935   0.350  -0.429   0
   0.96947253   0.918   0.918   0.329  -0.455   0
   0.96960562   0.899   0.892   0.293  -0.498   0
   0.96977955   0.864   0.846   0.233  -0.571   0
   0.96984482   0.827   0.799   0.172  -0.643   0
   0.96987647   0.761   0.718   0.071  -0.762   0
   0.96988499   0.714   0.653  -0.010  -0.856   0
   0.96989071   0.639   0.547  -0.142  -1.009   0
   0.96989387   0.544   0.423  -0.290  -1.174   0
   0.96989644   0.457   0.315  -0.415  -1.314   0
   0.96989989   0.352   0.181  -0.573  -1.489   0
   0.96990561   0.260   0.064  -0.710  -1.641   0
   0.96992677   0.354   0.185  -0.566  -1.481   0
   0.96993107   0.358   0.191  -0.559  -1.473   1
   0.96998638   0.265   0.070  -0.702  -1.633   0
   0.97001141   0.170  -0.054  -0.850  -1.797   0
   0.97003460   0.087  -0.179  -1.000  -1.966   0
   0.97006047  -0.011  -0.325  -1.176  -2.164   0
   0.97008640  -0.112  -0.477  -1.363  -2.375   0
   0.97010511  -0.185  -0.596  -1.512  -2.545   0
   0.97012383  -0.254  -0.731  -1.691  -2.756   0
   0.97013348  -0.310  -0.833  -1.821  -2.905   0
   0.97014266  -0.358  -0.938  -1.958  -3.065   0
   0.97015017  -0.395  -1.032  -2.084  -3.214   0
   0.97015709  -0.405  -1.107  -2.196  -3.353   0
   0.97016484  -0.434  -1.195  -2.318  -3.500   0
   0.97017288  -0.463  -1.299  -2.465  -3.679   0
   0.97017622  -0.465  -1.418  -2.651  -3.915   0
   0.97017664  -0.464  -1.431  -2.672  -3.943   0
   0.97017789  -0.464  -1.449  -2.699  -3.976   0
   0.97017920  -0.464  -1.466  -2.726  -4.010   0
   0.97018045  -0.464  -1.484  -2.752  -4.044   0
   0.97018176  -0.464  -1.501  -2.779  -4.078   0
   0.97018307  -0.464  -1.518  -2.806  -4.112   0
   0.97018433  -0.463  -1.535  -2.832  -4.146   0
   0.97018564  -0.462  -1.552  -2.858  -4.180   0
   0.97018689  -0.461  -1.569  -2.885  -4.214   0
   0.97018820  -0.460  -1.585  -2.911  -4.248   0
   0.97018945  -0.458  -1.602  -2.937  -4.282   0
   0.97019047  -0.456  -1.614  -2.958  -4.309   0
   0.97019178  -0.453  -1.629  -2.984  -4.343   0
   0.97019303  -0.450  -1.645  -3.010  -4.378   0
   0.97019434  -0.446  -1.661  -3.038  -4.415   0
   0.97019559  -0.442  -1.677  -3.065  -4.452   0
   0.97019690  -0.438  -1.692  -3.092  -4.488   0
   0.97019792  -0.434  -1.705  -3.114  -4.517   0
   0.97019917  -0.429  -1.720  -3.141  -4.554   0
   0.97020048  -0.424  -1.735  -3.168  -4.591   0
   0.97020173  -0.418  -1.750  -3.195  -4.627   0
   0.97020304  -0.413  -1.760  -3.214  -4.654   0
   0.97020429  -0.408  -1.767  -3.228  -4.674   0
   0.97020561  -0.404  -1.773  -3.239  -4.691   0
   0.97020686  -0.401  -1.779  -3.251  -4.708   0
   0.97020811  -0.397  -1.785  -3.263  -4.724   0
   0.97020918  -0.394  -1.790  -3.273  -4.739   0
   0.97021002  -0.392  -1.795  -3.282  -4.751   0
   0.97021109  -0.388  -1.800  -3.292  -4.766   0
   0.97021216  -0.385  -1.805  -3.302  -4.782   0
   0.97021323  -0.382  -1.811  -3.313  -4.797   0
   0.97021431  -0.378  -1.816  -3.323  -4.812   0
   0.97021538  -0.374  -1.821  -3.334  -4.827   0
   0.97021681  -0.370  -1.827  -3.346  -4.845   0
   0.97021955  -0.361  -1.837  -3.367  -4.876   0
   0.97022235  -0.352  -1.846  -3.388  -4.907   0
   0.97022510  -0.342  -1.856  -3.408  -4.938   0
   0.97022790  -0.332  -1.865  -3.429  -4.969   0
   0.97023064  -0.321  -1.873  -3.450  -5.001   0
   0.97023344  -0.309  -1.882  -3.471  -5.033   0
   0.97023624  -0.297  -1.890  -3.492  -5.065   0
   0.97023886  -0.285  -1.898  -3.511  -5.096   0
   0.97024143  -0.287  -1.913  -3.534  -5.125   0
   0.97024399  -0.290  -1.929  -3.556  -5.155   0
   0.97024655  -0.293  -1.945  -3.579  -5.185   0
   0.97024912  -0.296  -1.960  -3.602  -5.215   0
   0.97025168  -0.299  -1.976  -3.625  -5.245   0
   0.97025424  -0.302  -1.992  -3.648  -5.276   0
   0.97025681  -0.304  -2.007  -3.671  -5.306   0
   0.97025937  -0.305  -2.023  -3.694  -5.338   0
   0.97026187  -0.306  -2.037  -3.717  -5.368   0
