   0.15000001  13.767  12.796  11.456   9.868   0
   0.20000000  12.340  11.666  10.497   9.092   0
   0.25000000  11.562  10.979   9.874   8.546   0
   0.30000001  11.061  10.539   9.472   8.194   0
   0.34999999  10.625  10.155   9.121   7.886   0
   0.40000001  10.214   9.791   8.788   7.589   0
   0.44999999   9.733   9.371   8.403   7.248   0
   0.50000000   9.245   8.956   8.029   6.924   0
   0.55000001   8.632   8.454   7.592   6.558   0
   0.60000002   7.739   7.774   7.049   6.147   0
   0.69999999   6.601   6.818   6.245   5.477   0
   0.80000001   5.688   5.984   5.530   4.882   0
   0.89999998   4.985   5.271   4.901   4.358   0
   1.00000000   4.416   4.636   4.337   3.902   0
   1.10000002   3.948   4.065   3.837   3.532   0
   1.20000005   3.547   3.565   3.413   3.252   0
   1.29999995   3.189   3.185   3.103   3.040   0
   1.39999998   2.866   2.904   2.870   2.866   0
   1.50000000   2.580   2.685   2.686   2.716   0
   1.60000002   2.326   2.502   2.531   2.583   0
   1.70000005   2.097   2.341   2.390   2.459   0
   1.75000000   1.991   2.266   2.324   2.400   0
   1.76999998   1.951   2.238   2.298   2.377   0
   1.79999995   1.891   2.195   2.260   2.343   0
   1.89999998   1.704   2.060   2.138   2.233   0
   2.00000000   1.533   1.936   2.025   2.131   0
   2.20000005   1.241   1.724   1.831   1.957   0
   2.50000000   0.860   1.430   1.558   1.705   0
   2.87340212   0.460   1.105   1.253   1.419   0
   3.00000000   0.336   1.004   1.158   1.331   0
   3.50000000  -0.099   0.641   0.813   1.005   0
   4.00000000  -0.474   0.321   0.509   0.715   0
   4.50000000  -0.804   0.035   0.235   0.453   0
   5.00000000  -1.097  -0.222  -0.012   0.216   0
   5.61721706  -1.419  -0.507  -0.286  -0.047   0
   6.00000000  -1.605  -0.674  -0.446  -0.201   0
   7.00000000  -2.060  -1.085  -0.843  -0.583   0
   7.50764942  -2.276  -1.282  -1.033  -0.766   0
   8.92341232  -2.843  -1.801  -1.536  -1.253   0
   9.00000000  -2.873  -1.829  -1.563  -1.280   0
  11.13666534  -3.667  -2.565  -2.285  -1.989   0
  12.00000000  -3.983  -2.867  -2.583  -2.285   0
  12.73720455  -4.232  -3.105  -2.819  -2.521   1
  14.05253983  -4.707  -3.574  -3.288  -2.990   0
  15.00000000  -5.095  -3.967  -3.683  -3.389   0
  15.90431786  -5.488  -4.381  -4.102  -3.815   0
  16.27528000  -5.667  -4.574  -4.300  -4.019   0
  16.44989395  -5.750  -4.660  -4.388  -4.108   0
  16.53441048  -5.770  -4.674  -4.400  -4.119   3
  16.58814049  -5.750  -4.632  -4.351  -4.061   0
  16.59628487  -5.736  -4.603  -4.318  -4.023   0
  16.59680939  -5.735  -4.602  -4.317  -4.022   0
  16.60114479  -5.756  -4.635  -4.354  -4.064   0
  16.60181999  -5.776  -4.660  -4.379  -4.091   0
  16.60386658  -5.841  -4.742  -4.467  -4.185   0
  16.60546875  -5.910  -4.825  -4.556  -4.280   0
  16.60698128  -5.985  -4.917  -4.652  -4.383   0
  16.60840607  -6.042  -4.997  -4.739  -4.476   0
  16.60956192  -6.095  -5.072  -4.820  -4.565   0
  16.61089706  -6.176  -5.170  -4.926  -4.682   0
  16.61196518  -6.249  -5.260  -5.023  -4.789   0
  16.61312103  -6.325  -5.359  -5.129  -4.905   0
  16.61409950  -6.398  -5.453  -5.231  -5.016   0
  16.61499023  -6.460  -5.535  -5.319  -5.112   0
  16.61587906  -6.523  -5.618  -5.408  -5.210   0
  16.61774826  -6.644  -5.790  -5.592  -5.408   0
  16.61961555  -6.788  -5.954  -5.772  -5.610   0
  16.62219429  -6.927  -6.139  -5.972  -5.828   0
  16.62521553  -7.040  -6.292  -6.136  -6.008   0
  16.62850571  -7.113  -6.401  -6.252  -6.133   0
  16.63161469  -7.146  -6.450  -6.303  -6.187   2
  16.64438248  -7.118  -6.384  -6.231  -6.106   0
  16.65084267  -7.077  -6.313  -6.154  -6.022   0
  16.65729523  -7.030  -6.243  -6.078  -5.936   0
  16.66683960  -6.967  -6.149  -5.976  -5.824   0
  16.67637253  -6.912  -6.071  -5.890  -5.729   0
  16.68889618  -6.832  -5.984  -5.792  -5.616   0
  16.70106697  -6.776  -5.915  -5.715  -5.529   0
  16.71629333  -6.728  -5.841  -5.635  -5.441   0
  16.73422623  -6.682  -5.768  -5.556  -5.355   0
  16.75459671  -6.640  -5.702  -5.484  -5.276   0
  16.78010750  -6.593  -5.635  -5.411  -5.194   0
  16.81275558  -6.549  -5.572  -5.342  -5.117   0
  16.85930443  -6.518  -5.522  -5.287  -5.055   0
  16.96137238  -6.499  -5.486  -5.245  -5.007   1
  17.13768387  -6.590  -5.593  -5.358  -5.126   0
  17.23317146  -6.659  -5.680  -5.450  -5.226   0
  17.30653763  -6.728  -5.766  -5.542  -5.326   0
  17.36278915  -6.786  -5.847  -5.629  -5.421   0
  17.40247154  -6.841  -5.925  -5.712  -5.510   0
  17.43245888  -6.894  -6.001  -5.793  -5.598   0
  17.45270920  -6.944  -6.074  -5.872  -5.683   0
  17.46708679  -6.999  -6.146  -5.950  -5.770   0
  17.47767639  -7.071  -6.221  -6.035  -5.867   0
  17.47997475  -7.094  -6.243  -6.060  -5.896   0
  17.48513985  -7.147  -6.312  -6.136  -5.982   0
  17.48842621  -7.191  -6.378  -6.209  -6.063   0
  17.49039841  -7.229  -6.440  -6.277  -6.139   0
  17.49171257  -7.261  -6.503  -6.346  -6.215   0
  17.49265099  -7.296  -6.574  -6.424  -6.302   0
  17.49349594  -7.341  -6.663  -6.520  -6.409   0
  17.49415398  -7.390  -6.744  -6.610  -6.511   0
  17.49452972  -7.441  -6.802  -6.680  -6.596   0
  17.49501991  -7.492  -6.875  -6.762  -6.691   0
  17.49551201  -7.532  -6.976  -6.867  -6.803   0
  17.49600220  -7.574  -7.080  -6.976  -6.918   0
  17.49649239  -7.618  -7.180  -7.082  -7.034   0
  17.49698257  -7.664  -7.273  -7.184  -7.147   0
  17.49747467  -7.703  -7.359  -7.276  -7.251   0
  17.49796486  -7.746  -7.427  -7.356  -7.348   0
  17.49845505  -7.791  -7.484  -7.427  -7.439   0
  17.49922752  -7.821  -7.573  -7.527  -7.556   0
  17.50000000  -7.836  -7.672  -7.636  -7.682   0
  17.50064278  -7.827  -7.761  -7.735  -7.795   0
  17.50141716  -7.806  -7.842  -7.850  -7.962   0
  17.50205994  -7.695  -7.866  -7.913  -8.106   3
  17.50270462  -7.463  -7.676  -7.862  -8.243   0
  17.50334930  -6.908  -7.116  -7.636  -8.359   0
  17.50399208  -6.024  -6.434  -7.276  -8.279   4
  17.50428772  -5.995  -6.480  -7.386  -8.438   0
  17.50446510  -6.011  -6.536  -7.476  -8.554   0
  17.50476074  -6.131  -6.685  -7.644  -8.736   0
  17.50523186  -6.218  -6.812  -7.801  -8.915   0
