   0.15000001  13.757  12.789  11.451   9.865   0
   0.20000000  12.332  11.659  10.490   9.086   0
   0.25000000  11.555  10.973   9.868   8.541   0
   0.30000001  11.053  10.532   9.466   8.189   0
   0.34999999  10.617  10.147   9.115   7.879   0
   0.40000001  10.207   9.785   8.782   7.584   0
   0.44999999   9.719   9.359   8.391   7.237   0
   0.50000000   9.226   8.938   8.013   6.909   0
   0.55000001   8.600   8.426   7.568   6.537   0
   0.60000002   7.692   7.734   7.015   6.117   0
   0.61835814   7.448   7.535   6.848   5.979   0
   0.69999999   6.538   6.760   6.194   5.432   0
   0.80000001   5.608   5.905   5.460   4.822   0
   0.88362247   4.997   5.282   4.909   4.363   0
   0.89999998   4.887   5.166   4.807   4.277   0
   1.00000000   4.299   4.499   4.212   3.799   0
   1.03199816   4.132   4.296   4.034   3.666   0
   1.10000002   3.797   3.883   3.673   3.404   0
   1.12505090   3.685   3.743   3.554   3.323   0
   1.20000005   3.363   3.363   3.235   3.106   0
   1.26384115   3.104   3.092   3.012   2.946   0
   1.29999995   2.958   2.956   2.897   2.861   0
   1.33327460   2.830   2.846   2.804   2.786   0
   1.39999998   2.577   2.639   2.627   2.641   0
   1.45945561   2.366   2.476   2.487   2.519   0
   1.50000000   2.225   2.370   2.393   2.436   0
   1.55242765   2.037   2.227   2.266   2.321   0
   1.59791112   1.875   2.104   2.154   2.218   0
   1.60000002   1.868   2.098   2.149   2.214   0
   1.61635530   1.811   2.054   2.109   2.176   0
   1.65330982   1.679   1.948   2.010   2.083   0
   1.66102183   1.652   1.926   1.989   2.063   0
   1.68958998   1.552   1.838   1.905   1.981   0
   1.70000005   1.514   1.804   1.873   1.950   0
   1.71214342   1.471   1.766   1.836   1.915   0
   1.74588931   1.348   1.651   1.724   1.803   0
   1.75000000   1.333   1.637   1.710   1.789   0
   1.75577319   1.311   1.617   1.690   1.770   0
   1.76999998   1.257   1.563   1.636   1.716   0
   1.79069149   1.175   1.483   1.558   1.638   0
   1.79999995   1.137   1.443   1.518   1.597   0
   1.82130110   1.051   1.352   1.427   1.504   1
   1.84900808   0.932   1.223   1.296   1.370   0
   1.87353086   0.820   1.098   1.170   1.240   0
   1.88466883   0.767   1.041   1.112   1.180   0
   1.89508510   0.716   0.985   1.056   1.123   0
   1.89856029   0.699   0.969   1.039   1.106   0
   1.89999998   0.692   0.963   1.035   1.102   0
   1.90519643   0.666   0.945   1.018   1.087   3
   1.90890348   0.649   0.945   1.022   1.095   0
   1.91143334   0.629   0.962   1.047   1.129   0
   1.91216159   0.608   0.970   1.060   1.150   0
   1.91258574   0.571   0.961   1.057   1.153   0
   1.91267467   0.579   0.963   1.058   1.153   0
   1.91292405   0.559   0.905   0.993   1.078   0
   1.91333747   0.442   0.752   0.834   0.909   0
   1.91411209   0.354   0.623   0.697   0.761   0
   1.91514206   0.291   0.516   0.582   0.635   0
   1.91619527   0.242   0.424   0.481   0.522   0
   1.91736639   0.192   0.320   0.364   0.391   0
   1.91827083   0.159   0.235   0.266   0.278   0
   1.91917253   0.138   0.150   0.162   0.151   0
   1.91976798   0.133   0.099   0.093   0.060   0
   1.92006540   0.134   0.075   0.058   0.012   0
   1.92064071   0.144   0.047   0.001  -0.085   0
   1.92121685   0.161   0.050  -0.039  -0.186   0
   1.92179668   0.189   0.101  -0.052  -0.289   3
   1.92208862   0.209   0.147  -0.045  -0.339   0
   1.92238367   0.234   0.211  -0.025  -0.386   0
   1.92268014   0.266   0.286   0.004  -0.430   0
   1.92297888   0.313   0.374   0.041  -0.469   0
   1.92328250   0.369   0.461   0.082  -0.495   0
   1.92390263   0.516   0.633   0.180  -0.489   0
   1.92454326   0.680   0.797   0.287  -0.447   0
   1.92486227   0.722   0.835   0.305  -0.450   4
   1.92613208   0.652   0.740   0.172  -0.620   0
   1.92719269   0.541   0.615   0.035  -0.770   0
   1.92833185   0.420   0.484  -0.106  -0.920   0
   1.92960739   0.284   0.339  -0.260  -1.083   0
   1.93092418   0.155   0.197  -0.410  -1.242   0
   1.93179047   0.079   0.115  -0.497  -1.334   2
   1.93196261   0.194   0.241  -0.362  -1.190   0
   1.93204010   0.293   0.350  -0.245  -1.066   0
   1.93218625   0.401   0.467  -0.120  -0.932   0
   1.93260670   0.518   0.594   0.019  -0.781   0
   1.94039834   0.572   0.667   0.119  -0.654   4
   1.94973314   0.346   0.449  -0.045  -0.760   0
   1.95699024   0.130   0.226  -0.205  -0.848   0
   1.96335602  -0.035   0.026  -0.332  -0.880   0
   1.96792769  -0.134  -0.117  -0.418  -0.884   0
   1.97244275  -0.210  -0.235  -0.489  -0.885   0
   1.97706366  -0.268  -0.321  -0.546  -0.896   0
   1.98420799  -0.349  -0.434  -0.623  -0.918   0
   1.99258518  -0.441  -0.554  -0.702  -0.943   0
   1.99966288  -0.519  -0.648  -0.761  -0.959   0
   2.00000000  -0.522  -0.653  -0.764  -0.959   0
   2.00876355  -0.612  -0.747  -0.824  -0.975   0
   2.01945353  -0.716  -0.841  -0.888  -0.995   0
   2.03105736  -0.821  -0.917  -0.940  -1.016   0
   2.04268789  -0.916  -0.994  -1.004  -1.066   1
   2.05390811  -0.988  -1.096  -1.122  -1.206   0
   2.05750108  -1.003  -1.136  -1.183  -1.298   0
   2.05984640  -1.006  -1.154  -1.228  -1.386   0
   2.06227922  -1.004  -1.141  -1.262  -1.480   0
   2.06610942  -1.010  -1.129  -1.292  -1.567   3
   2.06662321  -0.991  -1.084  -1.286  -1.615   0
   2.06689072  -0.966  -1.026  -1.273  -1.666   0
   2.06709838  -0.937  -0.965  -1.255  -1.710   0
   2.06725383  -0.897  -0.894  -1.229  -1.748   0
   2.06741023  -0.837  -0.805  -1.195  -1.788   0
   2.06757402  -0.736  -0.687  -1.142  -1.814   0
   2.06771588  -0.589  -0.536  -1.048  -1.785   0
   2.06777143  -0.470  -0.423  -0.963  -1.728   4
   2.06786823  -0.439  -0.422  -1.024  -1.851   0
   2.06791854  -0.555  -0.554  -1.172  -2.014   0
   2.06864071  -0.697  -0.726  -1.370  -2.233   0
   2.06892300  -0.817  -0.871  -1.534  -2.413   0
   2.06920886  -0.953  -1.033  -1.717  -2.613   0
   2.06946826  -1.128  -1.241  -1.951  -2.868   0
   2.06963086  -1.269  -1.409  -2.140  -3.075   0
   2.06977296  -1.376  -1.535  -2.281  -3.228   0
   2.06994534  -1.478  -1.672  -2.443  -3.408   0
   2.07010603  -1.580  -1.810  -2.603  -3.585   0
   2.07025099  -1.686  -1.949  -2.765  -3.763   0
   2.07037807  -1.783  -2.083  -2.924  -3.939   0
   2.07053566  -1.907  -2.253  -3.126  -4.165   0
   2.07066870  -2.001  -2.385  -3.284  -4.343   0
   2.07076335  -2.076  -2.496  -3.422  -4.500   0
   2.07082939  -2.147  -2.602  -3.553  -4.650   0
   2.07089543  -2.187  -2.696  -3.682  -4.804   0
   2.07098007  -2.231  -2.795  -3.817  -4.965   0
   2.07103920  -2.277  -2.892  -3.946  -5.119   0
   2.07104707  -2.308  -2.957  -4.034  -5.223   0
   2.07106376  -2.316  -3.005  -4.108  -5.317   0
   2.07107639  -2.322  -3.019  -4.129  -5.342   0
   2.07109213  -2.329  -3.037  -4.154  -5.373   0
   2.07110453  -2.334  -3.052  -4.175  -5.398   0
   2.07112026  -2.341  -3.070  -4.200  -5.429   0
   2.07113600  -2.348  -3.088  -4.226  -5.460   0
   2.07115173  -2.355  -3.106  -4.251  -5.491   0
   2.07116747  -2.362  -3.123  -4.276  -5.522   0
   2.07118297  -2.368  -3.140  -4.301  -5.553   0
   2.07119870  -2.372  -3.154  -4.322  -5.579   0
   2.07121444  -2.376  -3.167  -4.341  -5.603   0
   2.07126713  -2.381  -3.181  -4.362  -5.629   0
   2.07132864  -2.386  -3.198  -4.387  -5.660   0
   2.07138944  -2.391  -3.214  -4.411  -5.691   0
   2.07145000  -2.396  -3.231  -4.436  -5.722   0
   2.07150984  -2.400  -3.248  -4.461  -5.754   0
   2.07156920  -2.405  -3.265  -4.487  -5.787   0
   2.07162809  -2.410  -3.282  -4.513  -5.820   0
   2.07168627  -2.414  -3.298  -4.539  -5.853   0
   2.07174420  -2.415  -3.314  -4.563  -5.884   0
   2.07180142  -2.416  -3.329  -4.587  -5.916   0
   2.07185817  -2.416  -3.344  -4.611  -5.948   0
   2.07191443  -2.417  -3.359  -4.635  -5.979   0
   2.07195902  -2.417  -3.371  -4.655  -6.005   0
   2.07200336  -2.417  -3.383  -4.676  -6.033   0
   2.07204723  -2.416  -3.396  -4.696  -6.061   0
   2.07209063  -2.416  -3.409  -4.717  -6.088   0
   2.07213402  -2.416  -3.421  -4.738  -6.116   0
   2.07217669  -2.415  -3.433  -4.758  -6.143   0
   2.07221937  -2.414  -3.445  -4.778  -6.171   0
   2.07226157  -2.413  -3.457  -4.798  -6.198   0
   2.07230353  -2.412  -3.468  -4.818  -6.225   0
   2.07234526  -2.410  -3.479  -4.838  -6.252   0
   2.07238674  -2.409  -3.491  -4.857  -6.278   0
   2.07242799  -2.407  -3.502  -4.877  -6.305   0
   2.07246900  -2.405  -3.512  -4.896  -6.331   0
   2.07250977  -2.402  -3.523  -4.915  -6.358   0
   2.07255030  -2.400  -3.533  -4.934  -6.384   0
   2.07259083  -2.397  -3.543  -4.952  -6.410   0
   2.07263112  -2.397  -3.554  -4.971  -6.435   0
   2.07267118  -2.402  -3.568  -4.991  -6.460   0
   2.07271123  -2.408  -3.582  -5.011  -6.485   0
   2.07275128  -2.413  -3.596  -5.030  -6.509   0
   2.07279134  -2.418  -3.609  -5.050  -6.534   0
   2.07283115  -2.422  -3.623  -5.069  -6.557   0
   2.07287097  -2.427  -3.636  -5.087  -6.581   0
   2.07291102  -2.431  -3.648  -5.106  -6.604   0
   2.07295108  -2.436  -3.661  -5.124  -6.627   0
   2.07299089  -2.439  -3.673  -5.141  -6.650   0
   2.07303119  -2.443  -3.685  -5.159  -6.672   0
   2.07308173  -2.447  -3.699  -5.180  -6.699   0
   2.07313275  -2.451  -3.713  -5.200  -6.725   0
   2.07318401  -2.454  -3.726  -5.220  -6.750   0
   2.07323313  -2.457  -3.738  -5.238  -6.774   0
   2.07328844  -2.459  -3.751  -5.258  -6.800   0
   2.07334065  -2.461  -3.762  -5.275  -6.822   0
   2.07339787  -2.461  -3.773  -5.294  -6.847   0
   2.07345152  -2.462  -3.783  -5.310  -6.869   0
   2.07350898  -2.461  -3.793  -5.328  -6.893   0
   2.07356930  -2.460  -3.803  -5.344  -6.915   0
   2.07363129  -2.458  -3.811  -5.359  -6.937   0
   2.07370162  -2.446  -3.813  -5.370  -6.956   3
   2.07373619  -2.414  -3.790  -5.353  -6.946   0
