   0.15000001  13.865  12.830  11.474   9.865   0
   0.20000000  12.478  11.705  10.517   9.092   0
   0.25000000  11.711  11.015   9.893   8.549   0
   0.30000001  11.212  10.571   9.489   8.200   0
   0.34999999  10.779  10.184   9.137   7.893   0
   0.40000001  10.369   9.817   8.802   7.599   0
   0.44999999   9.883   9.391   8.411   7.257   0
   0.50000000   9.390   8.970   8.031   6.933   0
   0.55000001   8.765   8.461   7.584   6.561   0
   0.60000002   8.071   7.920   7.120   6.184   0
   0.69999999   6.790   6.905   6.278   5.493   0
   0.80000001   5.795   6.040   5.554   4.891   0
   0.89999998   5.053   5.311   4.917   4.355   0
   1.00000000   4.456   4.669   4.346   3.887   0
   1.01732051   4.363   4.564   4.255   3.815   0
   1.10000002   3.960   4.091   3.837   3.492   0
   1.10080659   3.956   4.086   3.833   3.489   0
   1.20000005   3.542   3.577   3.399   3.194   0
   1.29999995   3.178   3.162   3.058   2.965   0
   1.39999998   2.844   2.851   2.803   2.780   0
   1.50000000   2.540   2.611   2.601   2.618   0
   1.60000002   2.265   2.409   2.429   2.471   0
   1.70000005   2.021   2.232   2.274   2.335   0
   1.75000000   1.910   2.151   2.202   2.270   0
   1.79999995   1.801   2.071   2.130   2.204   0
   1.84970069   1.699   1.995   2.061   2.141   0
   1.89999998   1.597   1.919   1.991   2.077   0
   2.00000000   1.409   1.776   1.859   1.955   0
   2.20000005   1.060   1.501   1.601   1.714   0
   2.22900748   1.013   1.463   1.565   1.680   0
   2.50000000   0.594   1.115   1.235   1.367   0
   2.53119302   0.549   1.077   1.199   1.332   0
   2.78142905   0.197   0.771   0.904   1.048   0
   2.98366117  -0.086   0.518   0.659   0.810   0
   3.00000000  -0.109   0.497   0.639   0.791   0
   3.17333984  -0.344   0.280   0.427   0.583   0
   3.32713890  -0.558   0.078   0.228   0.387   0
   3.45871782  -0.749  -0.106   0.047   0.206   0
   3.50000000  -0.811  -0.168  -0.014   0.145   0
   3.58049941  -0.929  -0.284  -0.130   0.029   0
   3.68043971  -1.087  -0.443  -0.288  -0.130   1
   3.76660299  -1.234  -0.594  -0.440  -0.284   0
   3.83986831  -1.369  -0.737  -0.583  -0.430   0
   3.90605211  -1.504  -0.880  -0.728  -0.578   0
   3.93560553  -1.566  -0.947  -0.795  -0.647   0
   3.96361780  -1.625  -1.008  -0.857  -0.710   0
   3.97710204  -1.652  -1.035  -0.884  -0.737   0
   3.99562430  -1.682  -1.058  -0.905  -0.756   3
   4.00000000  -1.685  -1.057  -0.903  -0.752   0
   4.00654554  -1.689  -1.052  -0.896  -0.743   0
   4.01341677  -1.677  -1.012  -0.850  -0.689   0
   4.01542234  -1.672  -0.985  -0.819  -0.651   0
   4.01657343  -1.683  -0.976  -0.805  -0.631   0
   4.01674461  -1.675  -0.972  -0.801  -0.628   0
   4.01722813  -1.665  -0.992  -0.828  -0.664   0
   4.01773930  -1.771  -1.124  -0.965  -0.810   0
   4.01842117  -1.905  -1.285  -1.133  -0.987   0
   4.01931620  -2.022  -1.435  -1.290  -1.154   0
   4.02016783  -2.111  -1.554  -1.416  -1.291   0
   4.02113247  -2.199  -1.679  -1.549  -1.436   0
   4.02189875  -2.266  -1.780  -1.656  -1.553   0
   4.02272129  -2.335  -1.888  -1.773  -1.682   0
   4.02355719  -2.408  -2.008  -1.902  -1.825   0
   4.02412415  -2.457  -2.094  -1.996  -1.930   0
   4.02469063  -2.508  -2.188  -2.098  -2.044   0
   4.02527142  -2.555  -2.289  -2.209  -2.171   0
   4.02555466  -2.577  -2.344  -2.270  -2.240   0
   4.02611780  -2.618  -2.460  -2.399  -2.389   0
   4.02648354  -2.635  -2.538  -2.489  -2.495   0
   4.02676487  -2.641  -2.596  -2.559  -2.579   0
   4.02701807  -2.629  -2.639  -2.617  -2.654   0
   4.02724266  -2.612  -2.675  -2.670  -2.727   0
   4.02746773  -2.580  -2.699  -2.715  -2.802   0
   4.02765036  -2.545  -2.693  -2.737  -2.863   0
   4.02783298  -2.502  -2.669  -2.749  -2.926   3
   4.02801561  -2.447  -2.615  -2.746  -2.991   0
   4.02815628  -2.401  -2.541  -2.727  -3.039   0
   4.02829647  -2.344  -2.452  -2.696  -3.083   0
   4.02843714  -2.274  -2.347  -2.654  -3.125   0
   4.02853537  -2.215  -2.264  -2.618  -3.150   0
   4.02863359  -2.134  -2.167  -2.574  -3.171   0
   4.02873182  -2.041  -2.066  -2.528  -3.186   0
   4.02887201  -1.908  -1.938  -2.461  -3.184   0
   4.02911091  -1.709  -1.762  -2.352  -3.136   0
   4.02934933  -1.572  -1.644  -2.281  -3.105   4
   4.02965975  -1.589  -1.715  -2.410  -3.280   0
   4.02988577  -1.673  -1.830  -2.552  -3.442   0
   4.03059101  -1.769  -1.952  -2.694  -3.600   0
   4.03107071  -1.778  -1.962  -2.705  -3.612   0
   4.06628418  -1.809  -1.952  -2.651  -3.525   4
   4.08155823  -2.089  -2.180  -2.801  -3.610   0
   4.08701086  -2.331  -2.386  -2.912  -3.636   0
   4.09037304  -2.485  -2.533  -2.980  -3.622   0
   4.09267282  -2.573  -2.633  -3.024  -3.602   0
   4.09592962  -2.669  -2.754  -3.077  -3.572   0
   4.09935284  -2.744  -2.857  -3.122  -3.540   0
   4.10274267  -2.805  -2.945  -3.156  -3.506   0
   4.10657597  -2.862  -3.024  -3.183  -3.469   0
   4.11099529  -2.919  -3.099  -3.206  -3.430   0
   4.11581039  -2.973  -3.145  -3.215  -3.386   0
   4.12104511  -3.025  -3.177  -3.215  -3.341   0
   4.12741470  -3.079  -3.197  -3.206  -3.292   0
   4.13415051  -3.126  -3.185  -3.175  -3.237   0
   4.14066410  -3.161  -3.167  -3.142  -3.184   0
   4.14861250  -3.191  -3.138  -3.100  -3.126   0
   4.15814114  -3.211  -3.103  -3.055  -3.068   0
   4.16972017  -3.230  -3.070  -3.013  -3.013   0
   4.18342066  -3.243  -3.036  -2.969  -2.957   0
   4.20283270  -3.267  -3.016  -2.941  -2.918   0
   4.21612930  -3.293  -3.022  -2.944  -2.916   1
   4.23927641  -3.376  -3.138  -3.067  -3.049   0
   4.24984598  -3.430  -3.236  -3.173  -3.167   0
   4.25526476  -3.469  -3.319  -3.264  -3.270   0
   4.25898075  -3.493  -3.400  -3.355  -3.376   0
   4.26124430  -3.499  -3.479  -3.447  -3.486   0
   4.26229048  -3.487  -3.531  -3.516  -3.575   0
   4.26285267  -3.465  -3.561  -3.562  -3.643   0
   4.26333666  -3.428  -3.570  -3.598  -3.718   0
   4.26372910  -3.369  -3.547  -3.618  -3.800   3
   4.26402998  -3.282  -3.457  -3.606  -3.885   0
   4.26414776  -3.226  -3.385  -3.585  -3.925   0
   4.26423931  -3.164  -3.299  -3.552  -3.959   0
   4.26433086  -3.087  -3.195  -3.506  -3.987   0
   4.26438284  -3.014  -3.102  -3.461  -4.003   0
   4.26444864  -2.909  -2.980  -3.401  -4.014   0
   4.26451063  -2.753  -2.825  -3.318  -4.007   0
   4.26461029  -2.454  -2.558  -3.163  -3.959   0
   4.26473427  -2.210  -2.356  -3.039  -3.899   4
   4.26482153  -2.171  -2.363  -3.096  -3.994   0
   4.26487112  -2.203  -2.424  -3.184  -4.104   0
   4.26495838  -2.284  -2.536  -3.325  -4.266   0
   4.26597834  -2.375  -2.699  -3.539  -4.516   0
   4.26643848  -2.440  -2.814  -3.686  -4.686   0
   4.26714706  -2.518  -2.940  -3.843  -4.865   0
   4.26779318  -2.583  -3.044  -3.974  -5.014   0
   4.26842690  -2.649  -3.152  -4.111  -5.172   0
   4.26907253  -2.718  -3.272  -4.267  -5.353   0
   4.26958179  -2.758  -3.374  -4.404  -5.515   0
   4.27002859  -2.786  -3.470  -4.540  -5.679   0
   4.27040100  -2.808  -3.559  -4.668  -5.836   0
   4.27072382  -2.828  -3.643  -4.790  -5.986   0
   4.27099657  -2.853  -3.720  -4.899  -6.117   0
   4.27123213  -2.886  -3.795  -4.999  -6.235   0
   4.27154255  -2.933  -3.881  -5.110  -6.364   0
   4.27179050  -2.939  -3.891  -5.123  -6.379   0
   4.27195168  -2.937  -3.870  -5.089  -6.336   0
   4.27198887  -2.936  -3.847  -5.053  -6.290   1
   4.27207565  -2.941  -3.906  -5.145  -6.408   0
   4.27218723  -2.929  -3.965  -5.246  -6.541   0
   4.27224970  -2.915  -4.002  -5.313  -6.632   0
   4.27232599  -2.913  -4.017  -5.337  -6.664   0
   4.27240229  -2.910  -4.031  -5.361  -6.696   0
   4.27247858  -2.908  -4.045  -5.385  -6.727   0
   4.27255535  -2.905  -4.060  -5.409  -6.759   0
   4.27263117  -2.902  -4.074  -5.433  -6.791   0
   4.27270651  -2.899  -4.087  -5.456  -6.823   0
   4.27276659  -2.897  -4.094  -5.467  -6.837   0
   4.27284193  -2.895  -4.100  -5.479  -6.853   0
   4.27290249  -2.894  -4.106  -5.488  -6.866   0
   4.27296257  -2.892  -4.111  -5.497  -6.878   0
   4.27345037  -2.887  -4.122  -5.518  -6.906   0
   4.27392483  -2.883  -4.133  -5.537  -6.932   0
   4.27440023  -2.879  -4.143  -5.556  -6.958   0
   4.27487850  -2.876  -4.152  -5.573  -6.981   0
   4.27535963  -2.872  -4.162  -5.590  -7.005   0
   4.27584457  -2.867  -4.171  -5.608  -7.029   0
   4.27633286  -2.863  -4.180  -5.624  -7.051   0
   4.27694559  -2.858  -4.190  -5.644  -7.078   0
   4.27755976  -2.853  -4.200  -5.663  -7.106   0
   4.27817488  -2.847  -4.211  -5.683  -7.133   0
   4.27879190  -2.841  -4.220  -5.702  -7.160   0
   4.27941084  -2.835  -4.230  -5.721  -7.187   0
   4.28003120  -2.839  -4.245  -5.742  -7.213   0
   4.28065348  -2.843  -4.260  -5.764  -7.239   0
   4.28127813  -2.847  -4.275  -5.785  -7.266   0
   4.28190470  -2.851  -4.290  -5.806  -7.292   0
   4.28253365  -2.855  -4.304  -5.826  -7.318   0
   4.28315926  -2.860  -4.318  -5.846  -7.343   0
   4.28375721  -2.864  -4.332  -5.864  -7.366   0
   4.28432751  -2.868  -4.344  -5.881  -7.388   0
   4.28487158  -2.871  -4.356  -5.898  -7.410   0
   4.28549385  -2.875  -4.370  -5.917  -7.433   0
   4.28608561  -2.879  -4.382  -5.934  -7.456   0
   4.28665018  -2.883  -4.394  -5.951  -7.477   0
   4.28727627  -2.886  -4.407  -5.969  -7.501   0
   4.28787184  -2.890  -4.419  -5.986  -7.522   0
   4.28851748  -2.893  -4.432  -6.004  -7.546   0
   4.28913021  -2.896  -4.444  -6.021  -7.568   0
   4.28978443  -2.899  -4.456  -6.038  -7.591   0
   4.29040384  -2.902  -4.468  -6.055  -7.613   0
   4.29052544  -2.902  -4.470  -6.058  -7.617   0
