   0.15000001  14.428  13.147  11.682   9.959   0
   0.20000000  12.967  12.019  10.732   9.194   0
   0.25000000  12.276  11.391  10.163   8.698   0
   0.30000001  11.741  10.905   9.723   8.314   0
   0.34999999  11.294  10.500   9.357   7.997   0
   0.40000001  10.801  10.049   8.943   7.633   0
   0.44999999  10.318   9.619   8.559   7.310   0
   0.50000000   9.742   9.123   8.118   6.944   0
   0.55000001   9.008   8.524   7.596   6.527   0
   0.57133180   8.640   8.240   7.352   6.333   0
   0.60000002   8.173   7.882   7.043   6.086   0
   0.60282558   8.121   7.843   7.010   6.060   0
   0.64316237   7.433   7.323   6.574   5.708   0
   0.67720461   6.903   6.909   6.232   5.429   0
   0.69999999   6.560   6.637   6.010   5.246   0
   0.71875501   6.308   6.423   5.831   5.097   0
   0.74395496   5.974   6.137   5.592   4.895   0
   0.76673418   5.691   5.883   5.375   4.712   0
   0.78763580   5.449   5.653   5.176   4.541   0
   0.80000001   5.305   5.517   5.057   4.439   0
   0.81785464   5.099   5.318   4.882   4.284   0
   0.83591264   4.902   5.116   4.698   4.123   0
   0.85426956   4.695   4.901   4.502   3.949   0
   0.87497282   4.447   4.643   4.265   3.738   0
   0.88694698   4.300   4.489   4.123   3.610   0
   0.89960295   4.144   4.321   3.966   3.467   0
   0.89999998   4.139   4.316   3.961   3.462   0
   0.90314913   4.099   4.273   3.921   3.427   0
   0.91320884   3.969   4.132   3.788   3.307   0
   0.91606027   3.931   4.090   3.749   3.271   0
   0.91766071   3.909   4.066   3.726   3.250   0
   0.92365700   3.823   3.974   3.638   3.167   0
   0.92784351   3.760   3.907   3.573   3.106   0
   0.94237256   3.521   3.654   3.323   2.857   1
   0.95063913   3.367   3.500   3.156   2.670   0
   0.95649856   3.254   3.388   3.019   2.498   0
   0.96023393   3.194   3.332   2.926   2.358   0
   0.96279818   3.203   3.334   2.878   2.254   0
   0.96481788   3.277   3.390   2.874   2.189   0
   0.96682197   3.385   3.456   2.871   2.125   0
   0.96833557   3.376   3.407   2.784   2.006   0
   0.96932983   3.321   3.329   2.686   1.892   0
   0.97048444   3.193   3.184   2.526   1.720   0
   0.97141159   3.066   3.044   2.377   1.564   0
   0.97222894   2.933   2.899   2.224   1.403   0
   0.97300059   2.792   2.748   2.065   1.237   0
   0.97365052   2.659   2.607   1.916   1.081   0
   0.97425473   2.529   2.464   1.765   0.924   0
   0.97477144   2.409   2.327   1.620   0.772   0
   0.97525215   2.290   2.192   1.475   0.618   0
   0.97569376   2.162   2.046   1.320   0.455   0
   0.97608399   2.040   1.908   1.170   0.297   0
   0.97642046   1.925   1.774   1.025   0.142   0
   0.97672808   1.807   1.638   0.878  -0.015   0
   0.97701252   1.685   1.499   0.727  -0.175   0
   0.97726417   1.568   1.364   0.579  -0.332   0
   0.97748923   1.458   1.232   0.433  -0.488   0
   0.97768939   1.353   1.108   0.295  -0.637   0
   0.97792524   1.257   0.990   0.164  -0.778   0
   0.97799379   1.235   0.963   0.134  -0.810   0
   0.97815496   1.315   1.070   0.258  -0.673   1
   0.97828907   1.226   0.958   0.132  -0.810   0
   0.97845453   1.123   0.825  -0.019  -0.974   0
   0.97859693   1.029   0.700  -0.160  -1.128   0
   0.97873765   0.928   0.566  -0.314  -1.296   0
   0.97885770   0.839   0.443  -0.456  -1.452   0
   0.97896135   0.755   0.322  -0.598  -1.609   0
   0.97904742   0.682   0.213  -0.728  -1.755   0
   0.97913253   0.600   0.095  -0.868  -1.910   0
   0.97920698   0.533  -0.014  -1.002  -2.061   0
   0.97927165   0.476  -0.116  -1.127  -2.204   0
   0.97933018   0.422  -0.221  -1.258  -2.356   0
   0.97938365   0.366  -0.328  -1.391  -2.507   0
   0.97942990   0.325  -0.420  -1.509  -2.645   0
   0.97947377   0.285  -0.516  -1.634  -2.791   0
   0.97951156   0.250  -0.606  -1.753  -2.932   0
   0.97954768   0.219  -0.696  -1.874  -3.075   0
   0.97957861   0.198  -0.777  -1.984  -3.209   0
   0.97960758   0.185  -0.856  -2.095  -3.346   0
   0.97963315   0.178  -0.928  -2.200  -3.478   0
   0.97965664   0.193  -0.989  -2.298  -3.606   0
   0.97967976   0.219  -1.046  -2.397  -3.738   0
   0.97969913   0.184  -1.136  -2.514  -3.876   0
   0.97971928   0.185  -1.205  -2.618  -4.009   0
   0.97972304   0.185  -1.218  -2.638  -4.035   2
   0.97972304   1.314   1.251   0.608  -0.193   1
   0.97984970   1.299   1.226   0.572  -0.238   0
   0.98002350   1.286   1.210   0.552  -0.261   0
   0.98010808   1.280   1.204   0.545  -0.268   0
   0.98020482   1.275   1.199   0.541  -0.272   0
   0.98039472   1.266   1.192   0.537  -0.273   0
   0.98059297   1.256   1.186   0.535  -0.271   0
   0.98079735   1.248   1.180   0.533  -0.270   0
   0.98100638   1.240   1.174   0.530  -0.271   0
   0.98122036   1.232   1.167   0.525  -0.274   0
   0.98143578   1.223   1.160   0.521  -0.276   0
   0.98164910   1.214   1.152   0.515  -0.281   0
   0.98186040   1.206   1.144   0.508  -0.286   0
   0.98192614   1.203   1.141   0.506  -0.288   0
   0.98207164   1.199   1.136   0.500  -0.295   0
   0.98228735   1.191   1.128   0.490  -0.306   0
   0.98250777   1.183   1.117   0.477  -0.321   0
   0.98274219   1.172   1.102   0.458  -0.343   0
   0.98299009   1.157   1.082   0.432  -0.374   0
   0.98338062   1.124   1.036   0.372  -0.446   0
   0.98347139   1.110   1.019   0.350  -0.472   0
   0.98360002   1.090   0.992   0.316  -0.511   0
   0.98391438   1.045   0.928   0.234  -0.608   0
   0.98395848   1.022   0.883   0.172  -0.683   0
   0.98398721   0.957   0.789   0.056  -0.815   0
   0.98399574   0.908   0.717  -0.032  -0.916   0
   0.98400223   0.804   0.571  -0.214  -1.124   0
   0.98400503   0.726   0.461  -0.350  -1.279   0
   0.98400730   0.668   0.373  -0.458  -1.403   0
   0.98400998   0.612   0.285  -0.565  -1.524   0
   0.98401445   0.560   0.204  -0.662  -1.632   0
   0.98402971   0.609   0.285  -0.562  -1.519   0
   0.98404127   0.631   0.320  -0.521  -1.472   1
   0.98410112   0.555   0.195  -0.673  -1.644   0
   0.98412710   0.496   0.094  -0.799  -1.789   0
   0.98415309   0.418  -0.039  -0.967  -1.981   0
   0.98417908   0.327  -0.210  -1.189  -2.239   0
   0.98419970   0.279  -0.342  -1.365  -2.449   0
   0.98421443   0.239  -0.443  -1.498  -2.606   0
   0.98422801   0.218  -0.546  -1.644  -2.784   0
   0.98423678   0.183  -0.639  -1.768  -2.930   0
   0.98424399   0.184  -0.714  -1.882  -3.074   0
   0.98425061   0.168  -0.795  -1.996  -3.214   0
   0.98425680   0.158  -0.870  -2.104  -3.348   0
   0.98426378   0.170  -0.943  -2.218  -3.497   0
   0.98427033   0.222  -0.990  -2.315  -3.634   0
   0.98427397   0.220  -1.090  -2.464  -3.821   0
   0.98427474   0.237  -1.115  -2.510  -3.885   0
   0.98427600   0.241  -1.130  -2.535  -3.919   0
   0.98427731   0.246  -1.145  -2.559  -3.952   0
   0.98427856   0.252  -1.160  -2.584  -3.985   0
   0.98427981   0.257  -1.174  -2.608  -4.019   0
   0.98428112   0.262  -1.189  -2.633  -4.052   0
   0.98428237   0.269  -1.202  -2.656  -4.085   0
   0.98428369   0.276  -1.215  -2.680  -4.119   0
   0.98428494   0.284  -1.228  -2.703  -4.152   0
   0.98428625   0.291  -1.241  -2.727  -4.186   0
   0.98428750   0.299  -1.253  -2.750  -4.219   0
   0.98428881   0.307  -1.266  -2.774  -4.252   0
   0.98429006   0.315  -1.278  -2.797  -4.286   0
   0.98429132   0.324  -1.291  -2.821  -4.319   0
   0.98429239   0.331  -1.301  -2.841  -4.348   0
   0.98429364   0.341  -1.314  -2.866  -4.384   0
   0.98429489   0.351  -1.327  -2.891  -4.420   0
   0.98429620   0.360  -1.340  -2.916  -4.456   0
   0.98429745   0.371  -1.353  -2.941  -4.492   0
   0.98429847   0.379  -1.363  -2.961  -4.521   0
   0.98429978   0.390  -1.376  -2.986  -4.557   0
   0.98430103   0.400  -1.387  -3.010  -4.593   0
   0.98430234   0.400  -1.393  -3.022  -4.619   0
   0.98430359   0.401  -1.396  -3.029  -4.637   0
   0.98430485   0.401  -1.400  -3.036  -4.652   0
   0.98430592   0.401  -1.403  -3.042  -4.666   0
   0.98430699   0.400  -1.406  -3.048  -4.679   0
   0.98430783   0.400  -1.409  -3.053  -4.690   0
   0.98430890   0.399  -1.412  -3.059  -4.703   0
   0.98430973   0.398  -1.415  -3.064  -4.714   0
   0.98431081   0.397  -1.418  -3.070  -4.728   0
   0.98431188   0.396  -1.422  -3.076  -4.741   0
   0.98431295   0.394  -1.426  -3.082  -4.755   0
   0.98431402   0.393  -1.429  -3.088  -4.768   0
   0.98431671   0.389  -1.437  -3.101  -4.797   0
   0.98431927   0.385  -1.444  -3.113  -4.824   2
   0.98432183   0.363  -1.462  -3.130  -4.853   0
   0.98432440   0.334  -1.483  -3.149  -4.882   0
   0.98432696   0.302  -1.506  -3.169  -4.913   0
   0.98432952   0.267  -1.531  -3.190  -4.944   0
   0.98433208   0.229  -1.558  -3.213  -4.976   0
   0.98433465   0.189  -1.587  -3.236  -5.008   0
   0.98433715   0.145  -1.617  -3.260  -5.041   0
   0.98433971   0.098  -1.649  -3.285  -5.075   0
   0.98434228   0.046  -1.685  -3.313  -5.111   0
   0.98434484  -0.010  -1.722  -3.341  -5.147   0
   0.98434740  -0.070  -1.763  -3.371  -5.184   0
   0.98434973  -0.131  -1.803  -3.401  -5.219   0
   0.98435152  -0.180  -1.835  -3.424  -5.247   0
