   0.15000001  14.487  13.189  11.716   9.983   0
   0.20000000  13.022  12.070  10.778   9.235   0
   0.25000000  12.338  11.449  10.217   8.748   0
   0.30000001  11.807  10.967   9.780   8.367   0
   0.34999999  11.364  10.565   9.417   8.051   0
   0.40000001  10.862  10.105   8.995   7.679   0
   0.44999999  10.390   9.685   8.618   7.361   0
   0.50000000   9.853   9.217   8.202   7.013   0
   0.55000001   9.184   8.667   7.720   6.627   0
   0.56734061   8.913   8.452   7.536   6.483   0
   0.60000002   8.436   8.084   7.217   6.225   0
   0.69999999   6.974   6.968   6.284   5.475   0
   0.77968097   6.056   6.217   5.668   4.969   0
   0.80000001   5.853   6.042   5.523   4.850   0
   0.89999998   5.053   5.275   4.857   4.283   0
   0.92036825   4.913   5.134   4.733   4.179   0
   1.00000000   4.404   4.597   4.254   3.776   0
   1.01404202   4.322   4.506   4.174   3.712   0
   1.08046210   3.949   4.084   3.801   3.417   0
   1.10000002   3.845   3.963   3.694   3.332   0
   1.14003503   3.639   3.717   3.482   3.180   0
   1.17221522   3.483   3.528   3.320   3.066   0
   1.19843102   3.360   3.383   3.196   2.979   0
   1.20000005   3.353   3.375   3.189   2.974   0
   1.21811402   3.269   3.277   3.106   2.916   0
   1.26081562   3.074   3.055   2.920   2.784   0
   1.29552734   2.922   2.894   2.785   2.684   0
   1.29999995   2.903   2.874   2.768   2.671   0
   1.31562304   2.837   2.803   2.709   2.627   0
   1.34973025   2.690   2.662   2.588   2.529   0
   1.35937941   2.649   2.624   2.555   2.501   0
   1.38683128   2.532   2.515   2.459   2.421   0
   1.39999998   2.476   2.463   2.414   2.382   0
   1.41023433   2.433   2.423   2.378   2.352   0
   1.45249140   2.252   2.261   2.232   2.221   0
   1.49510944   2.068   2.095   2.078   2.077   0
   1.50000000   2.047   2.075   2.059   2.059   0
   1.51955903   1.961   1.994   1.982   1.985   0
   1.54860091   1.833   1.868   1.860   1.864   0
   1.57679117   1.709   1.740   1.733   1.735   1
   1.60000002   1.605   1.628   1.619   1.618   0
   1.61457372   1.542   1.557   1.547   1.542   0
   1.63791323   1.439   1.434   1.419   1.407   0
   1.64999998   1.385   1.368   1.349   1.330   0
   1.65920210   1.344   1.319   1.296   1.271   0
   1.66846633   1.302   1.267   1.240   1.209   0
   1.67714798   1.258   1.218   1.187   1.151   0
   1.68181908   1.231   1.190   1.159   1.123   0
   1.68683255   1.193   1.159   1.133   1.102   0
   1.68984830   1.156   1.137   1.122   1.104   3
   1.69189179   1.100   1.126   1.131   1.132   0
   1.69247210   1.045   1.113   1.133   1.151   0
   1.69280648   0.973   1.088   1.122   1.152   0
   1.69284475   0.983   1.095   1.127   1.157   0
   1.69296825   1.043   1.108   1.127   1.144   0
   1.69314659   0.981   1.003   1.008   1.008   0
   1.69347084   0.919   0.896   0.883   0.861   0
   1.69402242   0.893   0.824   0.786   0.733   0
   1.69468629   0.888   0.795   0.728   0.635   0
   1.69530284   0.892   0.791   0.693   0.558   0
   1.69599462   0.906   0.808   0.667   0.476   3
   1.69672036   0.932   0.868   0.670   0.397   0
   1.69720590   0.959   0.928   0.688   0.348   0
   1.69769490   1.004   1.010   0.719   0.301   0
   1.69817400   1.072   1.112   0.763   0.263   0
   1.69865203   1.157   1.221   0.818   0.249   0
   1.69936502   1.332   1.402   0.933   0.289   0
   1.70000005   1.531   1.587   1.060   0.361   0
   1.70055020   1.704   1.745   1.173   0.433   0
   1.70079029   1.742   1.774   1.186   0.433   4
   1.70187426   1.719   1.712   1.084   0.297   0
   1.70280242   1.617   1.590   0.942   0.140   0
   1.70378828   1.489   1.443   0.781  -0.033   0
   1.70475268   1.360   1.300   0.625  -0.199   0
   1.70564306   1.240   1.167   0.481  -0.352   0
   1.70668602   1.112   1.019   0.319  -0.525   0
   1.70766902   0.993   0.879   0.166  -0.690   0
   1.70854127   0.885   0.752   0.027  -0.839   0
   1.70949268   0.774   0.619  -0.120  -0.997   0
   1.71039581   0.670   0.493  -0.261  -1.148   0
   1.71128857   0.568   0.369  -0.400  -1.298   0
   1.71218944   0.462   0.243  -0.541  -1.451   0
   1.71311212   0.362   0.120  -0.680  -1.602   0
   1.71399224   0.261  -0.002  -0.819  -1.754   0
   1.71496630   0.172  -0.118  -0.951  -1.897   0
   1.71543968   0.149  -0.150  -0.988  -1.938   2
   1.71567345   0.162  -0.131  -0.965  -1.913   0
   1.71866918   1.402   1.405   0.801   0.033   0
   1.72229338   1.407   1.404   0.792   0.018   2
   1.72806740   1.350   1.348   0.741  -0.029   0
   1.73832762   1.241   1.245   0.648  -0.114   0
   1.74798369   1.142   1.147   0.556  -0.202   0
   1.75000000   1.121   1.126   0.536  -0.221   0
   1.75987101   1.016   1.021   0.436  -0.316   0
   1.77744591   0.818   0.822   0.247  -0.498   0
   1.79490697   0.627   0.626   0.059  -0.678   0
   1.79999995   0.571   0.569   0.005  -0.731   0
   1.80505419   0.515   0.512  -0.050  -0.784   1
   1.82664764   0.380   0.361  -0.219  -0.968   0
   1.83702374   0.450   0.389  -0.249  -1.044   0
   1.84395111   0.421   0.323  -0.361  -1.194   0
   1.84418714   0.364   0.232  -0.479  -1.333   0
   1.84422648   0.331   0.182  -0.539  -1.402   0
   1.84427154   0.243   0.067  -0.675  -1.554   0
   1.84546971   0.088  -0.129  -0.903  -1.804   0
   1.84587491  -0.001  -0.243  -1.035  -1.951   0
   1.84624624  -0.140  -0.426  -1.252  -2.193   0
   1.84654462  -0.265  -0.610  -1.469  -2.434   0
   1.84677541  -0.365  -0.763  -1.653  -2.641   0
   1.84691048  -0.431  -0.868  -1.781  -2.784   0
   1.84709632  -0.516  -1.008  -1.956  -2.983   0
   1.84728205  -0.595  -1.148  -2.134  -3.188   0
   1.84737778  -0.626  -1.239  -2.256  -3.335   0
   1.84746230  -0.673  -1.343  -2.390  -3.490   0
   1.84753549  -0.707  -1.436  -2.515  -3.638   0
   1.84759748  -0.727  -1.516  -2.626  -3.772   0
   1.84767067  -0.761  -1.628  -2.778  -3.955   0
   1.84768760  -0.772  -1.695  -2.876  -4.075   0
   1.84769821  -0.772  -1.711  -2.900  -4.105   0
   1.84770870  -0.772  -1.727  -2.923  -4.135   0
   1.84771907  -0.773  -1.742  -2.946  -4.164   0
   1.84772933  -0.773  -1.757  -2.969  -4.194   0
   1.84773970  -0.773  -1.773  -2.992  -4.223   0
   1.84775007  -0.772  -1.788  -3.016  -4.252   0
   1.84776032  -0.772  -1.804  -3.039  -4.282   0
   1.84777069  -0.772  -1.819  -3.062  -4.312   0
   1.84778094  -0.771  -1.834  -3.085  -4.341   0
   1.84779084  -0.770  -1.849  -3.108  -4.370   0
   1.84780085  -0.769  -1.864  -3.131  -4.399   0
   1.84781075  -0.768  -1.879  -3.153  -4.429   0
   1.84781885  -0.767  -1.891  -3.172  -4.452   0
   1.84782875  -0.766  -1.905  -3.194  -4.481   0
   1.84783876  -0.764  -1.920  -3.217  -4.510   0
   1.84784877  -0.763  -1.935  -3.240  -4.540   0
   1.84785664  -0.761  -1.947  -3.259  -4.563   0
   1.84786665  -0.760  -1.961  -3.281  -4.593   0
   1.84787655  -0.758  -1.976  -3.304  -4.622   0
   1.84788620  -0.755  -1.990  -3.327  -4.651   0
   1.84789586  -0.753  -2.004  -3.349  -4.680   0
   1.84790540  -0.751  -2.018  -3.371  -4.708   0
   1.84791505  -0.748  -2.032  -3.394  -4.737   0
   1.84792471  -0.745  -2.045  -3.414  -4.764   0
   1.84793425  -0.743  -2.055  -3.431  -4.785   0
   1.84794199  -0.741  -2.063  -3.442  -4.800   0
   1.84795165  -0.739  -2.072  -3.457  -4.819   0
   1.84796119  -0.737  -2.081  -3.471  -4.838   0
   1.84797084  -0.735  -2.089  -3.486  -4.856   0
   1.84798050  -0.733  -2.098  -3.499  -4.874   0
   1.84798813  -0.731  -2.104  -3.510  -4.889   0
   1.84799778  -0.728  -2.112  -3.523  -4.907   0
   1.84801793  -0.725  -2.120  -3.537  -4.926   0
   1.84805393  -0.719  -2.132  -3.557  -4.954   0
   1.84808958  -0.713  -2.142  -3.576  -4.982   0
   1.84812498  -0.707  -2.153  -3.596  -5.009   0
   1.84816015  -0.701  -2.163  -3.615  -5.037   0
   1.84819508  -0.694  -2.174  -3.635  -5.064   0
   1.84822965  -0.688  -2.184  -3.654  -5.092   0
   1.84826410  -0.681  -2.194  -3.673  -5.119   0
   1.84829819  -0.674  -2.205  -3.692  -5.147   0
   1.84833205  -0.667  -2.215  -3.712  -5.174   0
   1.84836578  -0.660  -2.225  -3.731  -5.202   0
   1.84839928  -0.653  -2.235  -3.750  -5.229   0
   1.84843242  -0.646  -2.245  -3.769  -5.257   0
   1.84846532  -0.638  -2.254  -3.788  -5.284   0
   1.84849799  -0.630  -2.264  -3.807  -5.312   0
   1.84853041  -0.622  -2.274  -3.826  -5.339   0
   1.84856260  -0.614  -2.283  -3.845  -5.366   0
   1.84859443  -0.606  -2.293  -3.864  -5.394   0
   1.84862614  -0.598  -2.302  -3.883  -5.421   0
   1.84865749  -0.589  -2.311  -3.902  -5.448   0
   1.84868872  -0.580  -2.321  -3.920  -5.476   0
   1.84871960  -0.572  -2.330  -3.939  -5.503   0
   1.84875023  -0.562  -2.339  -3.958  -5.530   0
   1.84878051  -0.553  -2.347  -3.976  -5.557   0
   1.84881067  -0.544  -2.356  -3.995  -5.585   0
   1.84884059  -0.540  -2.363  -4.009  -5.610   0
   1.84887016  -0.541  -2.370  -4.021  -5.635   0
   1.84889948  -0.543  -2.376  -4.032  -5.660   0
   1.84892869  -0.546  -2.383  -4.043  -5.684   0
   1.84895754  -0.549  -2.390  -4.055  -5.709   0
   1.84898615  -0.560  -2.400  -4.068  -5.734   2
   1.84901440  -0.581  -2.417  -4.083  -5.759   0
   1.84904253  -0.603  -2.434  -4.099  -5.785   0
   1.84907031  -0.628  -2.453  -4.116  -5.812   0
   1.84909797  -0.653  -2.472  -4.133  -5.838   0
   1.84911990  -0.675  -2.488  -4.148  -5.860   0
   1.84914160  -0.698  -2.505  -4.162  -5.882   0
   1.84916329  -0.722  -2.523  -4.177  -5.904   0
   1.84918475  -0.747  -2.541  -4.193  -5.926   0
   1.84920609  -0.773  -2.559  -4.208  -5.948   0
   1.84922755  -0.801  -2.579  -4.225  -5.970   0
   1.84924865  -0.829  -2.599  -4.241  -5.993   0
   1.84926975  -0.858  -2.619  -4.257  -6.015   0
   1.84929085  -0.888  -2.640  -4.274  -6.037   0
   1.84931707  -0.926  -2.667  -4.296  -6.066   0
   1.84934306  -0.967  -2.695  -4.317  -6.094   0
   1.84936905  -1.008  -2.723  -4.340  -6.122   0
   1.84939504  -1.051  -2.753  -4.362  -6.150   0
   1.84942102  -1.096  -2.783  -4.385  -6.178   0
   1.84944701  -1.142  -2.814  -4.408  -6.206   0
   1.84947312  -1.189  -2.846  -4.432  -6.234   0
   1.84949911  -1.238  -2.878  -4.455  -6.261   0
   1.84952581  -1.291  -2.913  -4.480  -6.289   0
   1.84955454  -1.336  -2.930  -4.487  -6.310   3
   1.84956670  -1.358  -2.929  -4.476  -6.311   0
   1.84957027  -1.327  -2.893  -4.442  -6.291   0
   1.84957111  -1.300  -2.862  -4.413  -6.273   0
