   0.15000001  14.495  13.194  11.720   9.986   0
   0.20000000  13.030  12.076  10.784   9.240   0
   0.25000000  12.346  11.456  10.224   8.754   0
   0.30000001  11.815  10.974   9.787   8.373   0
   0.34999999  11.372  10.573   9.424   8.058   0
   0.40000001  10.873  10.116   9.004   7.687   0
   0.44999999  10.403   9.696   8.629   7.371   0
   0.50000000   9.872   9.234   8.217   7.027   0
   0.55000001   9.213   8.691   7.743   6.646   0
   0.60000002   8.475   8.115   7.245   6.249   0
   0.69999999   7.025   7.010   6.319   5.504   0
   0.72605449   6.699   6.753   6.108   5.331   0
   0.80000001   5.916   6.100   5.572   4.891   0
   0.89999998   5.112   5.337   4.912   4.330   0
   1.00000000   4.490   4.691   4.340   3.850   0
   1.07194722   4.119   4.278   3.977   3.562   0
   1.10000002   3.985   4.124   3.840   3.455   0
   1.13921010   3.801   3.904   3.652   3.320   0
   1.20000005   3.537   3.585   3.378   3.128   0
   1.21874487   3.460   3.493   3.300   3.076   0
   1.29999995   3.143   3.128   2.998   2.873   0
   1.39999998   2.791   2.778   2.712   2.669   0
   1.48146391   2.516   2.544   2.516   2.514   0
   1.50000000   2.456   2.496   2.476   2.481   0
   1.52768719   2.367   2.423   2.413   2.429   0
   1.60000002   2.152   2.258   2.270   2.302   0
   1.64999998   2.011   2.149   2.173   2.215   0
   1.66124058   1.980   2.125   2.151   2.195   0
   1.70000005   1.874   2.040   2.075   2.124   0
   1.73270202   1.787   1.972   2.012   2.066   0
   1.75000000   1.741   1.934   1.978   2.034   0
   1.79999995   1.608   1.826   1.877   1.938   0
   1.85786450   1.463   1.707   1.765   1.833   0
   1.89999998   1.356   1.618   1.681   1.752   0
   1.97555566   1.170   1.459   1.529   1.606   0
   2.00000000   1.109   1.405   1.477   1.555   0
   2.06806040   0.943   1.258   1.335   1.416   0
   2.15005779   0.739   1.069   1.150   1.234   0
   2.20000005   0.609   0.943   1.026   1.111   0
   2.22002697   0.559   0.895   0.978   1.062   0
   2.28329277   0.394   0.730   0.815   0.898   0
   2.33786869   0.245   0.575   0.660   0.741   1
   2.38475943   0.110   0.429   0.513   0.590   0
   2.42605686  -0.016   0.288   0.370   0.442   0
   2.46256733  -0.133   0.152   0.231   0.298   0
   2.47939992  -0.187   0.088   0.166   0.230   0
   2.49533367  -0.241   0.028   0.105   0.167   0
   2.50000000  -0.257   0.012   0.089   0.151   0
   2.50532603  -0.274  -0.004   0.072   0.135   0
   2.51503015  -0.305  -0.026   0.053   0.117   3
   2.52101636  -0.325  -0.026   0.057   0.126   0
   2.52512050  -0.338   0.004   0.095   0.175   0
   2.52628827  -0.355   0.023   0.121   0.209   0
   2.52695942  -0.385   0.032   0.137   0.235   0
   2.52701664  -0.377   0.038   0.142   0.239   0
   2.52723002  -0.323   0.055   0.153   0.242   0
   2.52750707  -0.391  -0.054   0.036   0.114   0
   2.52791429  -0.505  -0.210  -0.127  -0.061   0
   2.52836800  -0.575  -0.321  -0.246  -0.190   0
   2.52895212  -0.633  -0.428  -0.362  -0.318   0
   2.52966857  -0.679  -0.535  -0.480  -0.453   0
   2.53028512  -0.706  -0.619  -0.576  -0.562   0
   2.53073025  -0.713  -0.669  -0.639  -0.638   0
   2.53142452  -0.710  -0.738  -0.731  -0.758   0
   2.53190231  -0.696  -0.774  -0.790  -0.842   0
   2.53239369  -0.666  -0.788  -0.836  -0.931   0
   2.53288746  -0.622  -0.762  -0.859  -1.020   3
   2.53338337  -0.555  -0.673  -0.851  -1.112   0
   2.53363132  -0.512  -0.600  -0.824  -1.151   0
   2.53387642  -0.457  -0.511  -0.786  -1.188   0
   2.53412437  -0.380  -0.400  -0.735  -1.221   0
   2.53436923  -0.277  -0.270  -0.672  -1.242   0
   2.53461409  -0.157  -0.141  -0.602  -1.238   0
   2.53507638   0.100   0.102  -0.440  -1.155   0
   2.53553843   0.336   0.310  -0.296  -1.065   4
   2.53621411   0.292   0.220  -0.443  -1.258   0
   2.53679585   0.187   0.094  -0.589  -1.423   0
   2.53751707   0.094  -0.024  -0.725  -1.573   0
   2.53829241   0.002  -0.142  -0.862  -1.723   0
   2.53913236  -0.097  -0.268  -1.006  -1.882   0
   2.53999949  -0.204  -0.399  -1.154  -2.041   0
   2.54086208  -0.302  -0.519  -1.290  -2.190   0
   2.54127145  -0.329  -0.551  -1.327  -2.230   2
   2.54326630  -0.240  -0.439  -1.196  -2.086   0
   2.55079174  -0.151  -0.324  -1.064  -1.939   0
   2.55969954  -0.071  -0.220  -0.941  -1.803   0
   2.56833434  -0.005  -0.127  -0.830  -1.678   0
   2.57820964   0.048  -0.047  -0.727  -1.558   0
   2.58832312   0.038  -0.039  -0.694  -1.504   4
   2.59821391  -0.191  -0.239  -0.842  -1.612   0
   2.60274768  -0.375  -0.401  -0.961  -1.693   0
   2.60682821  -0.521  -0.538  -1.052  -1.741   0
   2.60987520  -0.647  -0.655  -1.120  -1.762   0
   2.61244845  -0.741  -0.758  -1.177  -1.766   0
   2.61495209  -0.825  -0.852  -1.227  -1.766   0
   2.61811686  -0.895  -0.940  -1.276  -1.765   0
   2.65308380  -1.187  -1.297  -1.524  -1.864   0
   2.68439054  -1.388  -1.538  -1.695  -1.950   1
   2.70799398  -1.464  -1.597  -1.795  -2.102   0
   2.71529055  -1.455  -1.567  -1.812  -2.181   0
   2.72166920  -1.422  -1.502  -1.809  -2.263   0
   2.72378135  -1.374  -1.435  -1.789  -2.303   0
   2.72545981  -1.310  -1.357  -1.763  -2.339   0
   2.72761273  -1.186  -1.229  -1.715  -2.377   0
   2.72957778  -0.948  -1.023  -1.613  -2.370   0
   2.73038983  -0.690  -0.804  -1.467  -2.284   0
   2.73062849  -0.577  -0.714  -1.410  -2.252   4
   2.73077011  -0.601  -0.793  -1.534  -2.412   0
   2.73086023  -0.694  -0.922  -1.692  -2.591   0
   2.73216677  -0.863  -1.159  -1.983  -2.921   0
   2.73255897  -0.953  -1.304  -2.162  -3.124   0
   2.73295116  -1.044  -1.442  -2.327  -3.309   0
   2.73334503  -1.107  -1.553  -2.468  -3.471   0
   2.73377538  -1.182  -1.678  -2.625  -3.650   0
   2.73411131  -1.238  -1.782  -2.758  -3.803   0
   2.73444486  -1.277  -1.885  -2.898  -3.970   0
   2.73474431  -1.327  -1.998  -3.044  -4.140   0
   2.73500299  -1.370  -2.108  -3.189  -4.312   0
   2.73520398  -1.387  -2.195  -3.312  -4.462   0
   2.73540258  -1.421  -2.300  -3.456  -4.634   0
   2.73556709  -1.423  -2.385  -3.586  -4.796   0
   2.73573995  -1.429  -2.485  -3.732  -4.981   0
   2.73590016  -1.426  -2.578  -3.874  -5.161   0
   2.73607945  -1.411  -2.677  -4.030  -5.362   0
   2.73616910  -1.381  -2.731  -4.126  -5.491   0
   2.73626733  -1.378  -2.747  -4.152  -5.525   0
   2.73636127  -1.376  -2.733  -4.133  -5.501   1
   2.73642516  -1.328  -2.808  -4.272  -5.698   0
   2.73643589  -1.318  -2.829  -4.310  -5.751   0
   2.73646402  -1.312  -2.839  -4.328  -5.777   0
   2.73649240  -1.306  -2.850  -4.347  -5.804   0
   2.73651481  -1.302  -2.858  -4.362  -5.826   0
   2.73654318  -1.295  -2.868  -4.381  -5.852   0
   2.73657084  -1.289  -2.878  -4.400  -5.879   0
   2.73659873  -1.283  -2.888  -4.418  -5.905   0
   2.73662663  -1.276  -2.898  -4.437  -5.932   0
   2.73665452  -1.270  -2.908  -4.456  -5.958   0
   2.73668218  -1.263  -2.918  -4.474  -5.985   0
   2.73671007  -1.257  -2.927  -4.493  -6.011   0
   2.73673797  -1.250  -2.937  -4.511  -6.038   0
   2.73676562  -1.243  -2.947  -4.530  -6.064   0
   2.73681164  -1.234  -2.957  -4.551  -6.095   0
   2.73692870  -1.217  -2.976  -4.589  -6.150   0
   2.73702192  -1.210  -2.984  -4.605  -6.172   0
   2.73711419  -1.203  -2.991  -4.620  -6.194   0
   2.73720574  -1.195  -2.998  -4.635  -6.216   0
   2.73729682  -1.188  -3.006  -4.649  -6.238   0
   2.73738718  -1.181  -3.013  -4.664  -6.259   0
   2.73747683  -1.174  -3.019  -4.679  -6.281   0
   2.73756599  -1.171  -3.026  -4.691  -6.301   0
   2.73765469  -1.184  -3.036  -4.702  -6.320   2
   2.73774290  -1.197  -3.047  -4.713  -6.339   0
   2.73783064  -1.211  -3.059  -4.724  -6.358   0
   2.73791790  -1.226  -3.070  -4.735  -6.376   0
   2.73800468  -1.242  -3.082  -4.747  -6.395   0
   2.73809123  -1.258  -3.095  -4.758  -6.414   0
   2.73817730  -1.274  -3.108  -4.770  -6.433   0
   2.73826313  -1.292  -3.121  -4.782  -6.451   0
   2.73834872  -1.310  -3.134  -4.794  -6.470   0
   2.73843408  -1.328  -3.148  -4.806  -6.488   0
   2.73851919  -1.347  -3.162  -4.819  -6.507   0
   2.73860431  -1.366  -3.176  -4.831  -6.525   0
   2.73868942  -1.386  -3.191  -4.844  -6.544   0
   2.73877454  -1.407  -3.206  -4.856  -6.562   0
   2.73885965  -1.428  -3.221  -4.869  -6.580   0
   2.73894477  -1.450  -3.237  -4.882  -6.599   0
   2.73902988  -1.473  -3.253  -4.896  -6.617   0
   2.73913693  -1.502  -3.274  -4.913  -6.640   0
   2.73924446  -1.531  -3.295  -4.930  -6.663   0
   2.73935246  -1.562  -3.316  -4.947  -6.686   0
   2.73946166  -1.594  -3.338  -4.964  -6.709   0
   2.73957205  -1.627  -3.361  -4.982  -6.732   0
   2.73968339  -1.660  -3.384  -5.000  -6.755   0
   2.73979092  -1.692  -3.406  -5.017  -6.776   0
   2.73991323  -1.729  -3.431  -5.036  -6.800   0
   2.74004769  -1.771  -3.459  -5.057  -6.826   0
   2.74015641  -1.808  -3.484  -5.075  -6.848   0
   2.74026752  -1.847  -3.509  -5.093  -6.869   0
   2.74040103  -1.898  -3.540  -5.114  -6.892   0
   2.74046683  -1.928  -3.556  -5.121  -6.898   3
   2.74049687  -1.947  -3.562  -5.120  -6.895   0
   2.74051142  -1.933  -3.546  -5.102  -6.879   0
   2.74051809  -1.910  -3.521  -5.077  -6.855   0
   2.74052095  -1.894  -3.504  -5.059  -6.838   0
   2.74052238  -1.882  -3.491  -5.046  -6.825   0
   2.74052405  -1.869  -3.477  -5.031  -6.811   0
   2.74052596  -1.854  -3.461  -5.015  -6.796   0
