   0.15000001  14.467  13.174  11.704   9.975   0
   0.20000000  13.003  12.053  10.762   9.221   0
   0.25000000  12.317  11.429  10.199   8.731   0
   0.30000001  11.784  10.945   9.760   8.349   0
   0.34999999  11.340  10.543   9.396   8.033   0
   0.40000001  10.832  10.077   8.967   7.654   0
   0.44999999  10.364   9.660   8.596   7.342   0
   0.50000000   9.814   9.184   8.172   6.988   0
   0.55000001   9.124   8.617   7.677   6.591   0
   0.60000002   8.348   8.015   7.157   6.176   0
   0.67592174   7.165   7.117   6.405   5.571   0
   0.69999999   6.840   6.861   6.195   5.400   0
   0.75042468   6.216   6.349   5.774   5.053   0
   0.79768717   5.709   5.905   5.403   4.745   0
   0.80000001   5.687   5.884   5.385   4.730   0
   0.81323057   5.563   5.768   5.285   4.644   0
   0.85292095   5.200   5.424   4.986   4.388   0
   0.88716435   4.921   5.139   4.731   4.169   0
   0.89999998   4.817   5.032   4.636   4.087   0
   0.92902398   4.584   4.793   4.423   3.907   0
   0.95642829   4.378   4.569   4.221   3.735   0
   0.98143137   4.190   4.362   4.034   3.578   0
   1.00000000   4.049   4.207   3.894   3.458   0
   1.01206815   3.959   4.106   3.804   3.386   0
   1.03722394   3.773   3.893   3.613   3.232   0
   1.06210673   3.585   3.676   3.419   3.075   0
   1.08571029   3.405   3.469   3.233   2.924   0
   1.09669209   3.321   3.374   3.146   2.853   0
   1.10000002   3.295   3.344   3.119   2.830   0
   1.10065961   3.289   3.337   3.113   2.825   0
   1.10436845   3.256   3.299   3.079   2.797   0
   1.10947526   3.210   3.246   3.031   2.758   0
   1.11322010   3.177   3.208   2.996   2.729   0
   1.11680090   3.145   3.172   2.963   2.700   0
   1.12010384   3.120   3.144   2.937   2.678   0
   1.12744844   3.065   3.083   2.880   2.628   0
   1.16736472   2.661   2.642   2.462   2.246   1
   1.18190265   2.500   2.485   2.292   2.048   0
   1.19067729   2.391   2.393   2.172   1.878   0
   1.19546258   2.326   2.359   2.099   1.738   0
   1.19896400   2.320   2.397   2.072   1.611   0
   1.20000005   2.327   2.417   2.070   1.574   0
   1.20111465   2.345   2.444   2.069   1.538   3
   1.20290244   2.395   2.506   2.084   1.495   0
   1.20450354   2.489   2.598   2.128   1.487   0
   1.20640600   2.664   2.751   2.220   1.520   0
   1.20840573   2.810   2.872   2.289   1.542   4
   1.21172011   2.814   2.826   2.194   1.408   0
   1.21409106   2.699   2.689   2.038   1.236   0
   1.21603239   2.568   2.544   1.882   1.071   0
   1.21778011   2.431   2.395   1.724   0.905   0
   1.21928966   2.294   2.248   1.569   0.743   0
   1.22066772   2.160   2.103   1.415   0.582   0
   1.22188687   2.033   1.962   1.266   0.424   0
   1.22294414   1.910   1.823   1.117   0.268   0
   1.22393405   1.787   1.682   0.966   0.109   0
   1.22479868   1.669   1.546   0.819  -0.046   0
   1.22557318   1.552   1.412   0.673  -0.202   0
   1.22627831   1.434   1.276   0.526  -0.358   0
   1.22689390   1.320   1.143   0.381  -0.512   0
   1.22743762   1.211   1.014   0.239  -0.664   0
   1.22793710   1.103   0.887   0.098  -0.815   0
   1.22838771   0.997   0.761  -0.042  -0.966   0
   1.22882533   0.893   0.635  -0.183  -1.119   0
   1.22925413   0.830   0.554  -0.275  -1.219   0
   1.22956181   0.916   0.668  -0.142  -1.072   0
   1.22960818   0.925   0.680  -0.129  -1.057   1
   1.22993040   0.828   0.558  -0.267  -1.207   0
   1.23025715   0.734   0.437  -0.404  -1.356   0
   1.23057961   0.647   0.317  -0.541  -1.508   0
   1.23087656   0.558   0.195  -0.682  -1.662   0
   1.23113334   0.474   0.078  -0.818  -1.812   0
   1.23138130   0.392  -0.042  -0.961  -1.971   0
   1.23159695   0.314  -0.157  -1.098  -2.123   0
   1.23178244   0.241  -0.266  -1.229  -2.270   0
   1.23196125   0.170  -0.379  -1.367  -2.425   0
   1.23211432   0.117  -0.480  -1.493  -2.571   0
   1.23226082   0.067  -0.585  -1.625  -2.724   0
   1.23238719   0.019  -0.685  -1.752  -2.871   0
   1.23250580  -0.022  -0.784  -1.881  -3.023   0
   1.23260868  -0.057  -0.877  -2.005  -3.168   0
   1.23270488  -0.087  -0.968  -2.128  -3.315   0
   1.23278880  -0.108  -1.049  -2.239  -3.450   0
   1.23286486  -0.126  -1.134  -2.357  -3.594   0
   1.23293531  -0.129  -1.205  -2.462  -3.727   0
   1.23299694  -0.122  -1.271  -2.564  -3.858   0
   1.23305511  -0.098  -1.328  -2.661  -3.987   0
   1.23306739  -0.106  -1.344  -2.681  -4.010   2
   1.23306739   1.162   1.099   0.448  -0.358   1
   1.23346341   1.154   1.085   0.427  -0.385   0
   1.23392618   1.144   1.071   0.409  -0.406   0
   1.23439264   1.135   1.061   0.396  -0.422   0
   1.23441243   1.135   1.060   0.396  -0.422   0
   1.23501813   1.121   1.047   0.385  -0.431   0
   1.23564422   1.102   1.031   0.374  -0.439   0
   1.23627949   1.087   1.017   0.362  -0.447   0
   1.23695433   1.071   1.003   0.351  -0.457   0
   1.23763204   1.056   0.989   0.339  -0.468   0
   1.23830330   1.042   0.976   0.327  -0.478   0
   1.23896837   1.029   0.963   0.315  -0.489   0
   1.23961782   1.016   0.950   0.303  -0.500   0
   1.24027443   1.003   0.937   0.291  -0.512   0
   1.24034750   1.002   0.936   0.290  -0.513   0
   1.24092162   0.992   0.926   0.279  -0.524   0
   1.24158359   0.981   0.913   0.266  -0.539   0
   1.24227965   0.969   0.900   0.250  -0.556   0
   1.24312496   0.954   0.881   0.227  -0.582   0
   1.24391866   0.938   0.860   0.199  -0.615   0
   1.24427247   0.930   0.848   0.183  -0.635   0
   1.24476135   0.914   0.825   0.153  -0.672   0
   1.24627841   0.852   0.736   0.038  -0.806   0
   1.24637759   0.826   0.692  -0.018  -0.872   0
   1.24645424   0.776   0.615  -0.115  -0.985   0
   1.24647748   0.735   0.555  -0.191  -1.071   0
   1.24649525   0.645   0.431  -0.341  -1.241   0
   1.24650431   0.554   0.312  -0.482  -1.399   0
   1.24651384   0.459   0.189  -0.628  -1.562   0
   1.24653137   0.388   0.081  -0.759  -1.710   0
   1.24661386   0.455   0.184  -0.633  -1.568   1
   1.24677408   0.372   0.060  -0.782  -1.734   0
   1.24685311   0.299  -0.053  -0.918  -1.887   0
   1.24692798   0.216  -0.189  -1.085  -2.077   0
   1.24697006   0.141  -0.314  -1.240  -2.254   0
   1.24701047   0.069  -0.435  -1.392  -2.427   0
   1.24705076   0.017  -0.538  -1.528  -2.586   0
   1.24709761  -0.022  -0.643  -1.667  -2.751   0
   1.24713099  -0.068  -0.740  -1.789  -2.892   0
   1.24715984  -0.091  -0.834  -1.920  -3.052   0
   1.24718344  -0.128  -0.937  -2.058  -3.215   0
   1.24720144  -0.139  -1.018  -2.176  -3.360   0
   1.24721849  -0.146  -1.095  -2.289  -3.501   0
   1.24723518  -0.161  -1.174  -2.400  -3.638   0
   1.24725294  -0.164  -1.216  -2.460  -3.714   0
   1.24726880  -0.118  -1.396  -2.754  -4.099   0
   1.24727011  -0.107  -1.409  -2.778  -4.132   0
   1.24727249  -0.104  -1.421  -2.798  -4.157   0
   1.24727547  -0.101  -1.435  -2.821  -4.188   0
   1.24727857  -0.097  -1.449  -2.843  -4.218   0
   1.24728155  -0.092  -1.462  -2.865  -4.248   0
   1.24728453  -0.088  -1.475  -2.888  -4.278   0
   1.24728751  -0.084  -1.489  -2.910  -4.308   0
   1.24729049  -0.079  -1.502  -2.932  -4.338   0
   1.24729359  -0.074  -1.515  -2.954  -4.368   0
   1.24729657  -0.069  -1.528  -2.976  -4.398   0
   1.24729955  -0.062  -1.539  -2.997  -4.428   0
   1.24730194  -0.057  -1.549  -3.013  -4.452   0
   1.24730468  -0.051  -1.560  -3.034  -4.481   0
   1.24730706  -0.046  -1.569  -3.050  -4.504   0
   1.24730992  -0.039  -1.580  -3.070  -4.533   0
   1.24731278  -0.033  -1.591  -3.091  -4.562   0
   1.24731505  -0.027  -1.599  -3.107  -4.585   0
   1.24731791  -0.020  -1.610  -3.127  -4.613   0
   1.24732018  -0.015  -1.619  -3.143  -4.637   0
   1.24732304  -0.008  -1.629  -3.164  -4.665   0
   1.24732590  -0.002  -1.636  -3.176  -4.684   0
   1.24732876   0.003  -1.640  -3.186  -4.699   0
   1.24733162   0.008  -1.646  -3.196  -4.714   0
   1.24733448   0.012  -1.651  -3.207  -4.728   0
   1.24733675   0.015  -1.655  -3.215  -4.740   0
   1.24733961   0.020  -1.660  -3.225  -4.755   0
   1.24734247   0.024  -1.665  -3.236  -4.770   0
   1.24734533   0.028  -1.671  -3.246  -4.785   0
   1.24734819   0.033  -1.676  -3.256  -4.800   0
   1.24735105   0.037  -1.681  -3.266  -4.815   0
   1.24735391   0.042  -1.686  -3.277  -4.829   0
   1.24735677   0.046  -1.691  -3.287  -4.844   0
   1.24735963   0.051  -1.696  -3.297  -4.859   0
   1.24736249   0.056  -1.701  -3.308  -4.874   0
   1.24736536   0.060  -1.706  -3.317  -4.888   0
   1.24737263   0.070  -1.715  -3.336  -4.916   0
   1.24738002   0.073  -1.721  -3.349  -4.942   0
   1.24738741   0.073  -1.726  -3.360  -4.967   0
   1.24739456   0.073  -1.732  -3.371  -4.992   0
   1.24740183   0.072  -1.738  -3.383  -5.018   0
   1.24740899   0.071  -1.744  -3.394  -5.043   0
   1.24741602   0.068  -1.751  -3.406  -5.068   0
   1.24742317   0.065  -1.758  -3.417  -5.093   0
   1.24743021   0.062  -1.765  -3.429  -5.118   0
   1.24743712   0.057  -1.772  -3.440  -5.143   0
   1.24744403   0.043  -1.785  -3.454  -5.169   0
   1.24745083   0.018  -1.804  -3.471  -5.196   0
   1.24745762  -0.009  -1.824  -3.489  -5.222   0
   1.24746442  -0.038  -1.845  -3.507  -5.250   0
   1.24747109  -0.068  -1.867  -3.526  -5.278   0
   1.24747777  -0.101  -1.890  -3.545  -5.305   0
   1.24748433  -0.135  -1.915  -3.565  -5.334   0
   1.24749088  -0.172  -1.940  -3.586  -5.363   0
   1.24749732  -0.211  -1.967  -3.608  -5.392   0
   1.24750376  -0.252  -1.996  -3.630  -5.422   0
   1.24751019  -0.295  -2.025  -3.654  -5.452   0
   1.24751651  -0.340  -2.057  -3.678  -5.482   0
   1.24752283  -0.389  -2.089  -3.702  -5.513   0
   1.24752903  -0.440  -2.124  -3.728  -5.545   0
   1.24753523  -0.494  -2.160  -3.755  -5.577   0
   1.24754131  -0.551  -2.197  -3.783  -5.609   0
   1.24754739  -0.582  -2.206  -3.785  -5.633   0
   1.24755335  -0.611  -2.212  -3.787  -5.657   3
   1.24755907  -0.639  -2.217  -3.785  -5.678   0
   1.24756408  -0.675  -2.216  -3.774  -5.696   0
   1.24756420  -0.675  -2.216  -3.773  -5.696   0
