   0.15000001  14.436  13.152  11.687   9.962   0
   0.20000000  12.974  12.026  10.738   9.199   0
   0.25000000  12.284  11.399  10.170   8.705   0
   0.30000001  11.749  10.913   9.730   8.321   0
   0.34999999  11.303  10.509   9.364   8.004   0
   0.40000001  10.807  10.055   8.948   7.637   0
   0.44999999  10.327   9.627   8.566   7.316   0
   0.50000000   9.756   9.134   8.128   6.952   0
   0.55000001   9.031   8.542   7.612   6.540   0
   0.60000002   8.209   7.909   7.066   6.104   0
   0.62046164   7.854   7.641   6.841   5.924   0
   0.66197854   7.179   7.127   6.412   5.576   0
   0.69701672   6.661   6.718   6.077   5.302   0
   0.69999999   6.618   6.684   6.048   5.278   0
   0.70972770   6.483   6.573   5.957   5.202   0
   0.73883456   6.106   6.252   5.689   4.978   0
   0.76473856   5.782   5.969   5.452   4.778   0
   0.78815413   5.520   5.723   5.239   4.597   0
   0.80000001   5.389   5.598   5.131   4.504   0
   0.80048800   5.383   5.593   5.126   4.501   0
   0.82136339   5.153   5.373   4.932   4.332   0
   0.84070933   4.953   5.169   4.749   4.171   0
   0.85927194   4.759   4.969   4.567   4.011   0
   0.87814182   4.556   4.758   4.374   3.841   0
   0.89942366   4.316   4.506   4.143   3.635   0
   0.89999998   4.309   4.499   4.137   3.629   0
   0.90872985   4.213   4.393   4.040   3.545   0
   0.91945678   4.092   4.262   3.918   3.436   0
   0.92921001   3.976   4.136   3.801   3.332   0
   0.93956000   3.850   3.999   3.673   3.216   0
   0.94249368   3.813   3.959   3.635   3.182   0
   0.94419867   3.791   3.935   3.612   3.161   0
   0.95058376   3.706   3.843   3.524   3.079   0
   0.95503908   3.643   3.775   3.459   3.018   0
   0.97048557   3.407   3.526   3.212   2.772   1
   0.97946233   3.254   3.372   3.045   2.585   0
   0.98581851   3.133   3.259   2.908   2.410   0
   0.98986793   3.076   3.206   2.816   2.268   0
   0.99264657   3.075   3.206   2.767   2.161   0
   0.99483448   3.145   3.265   2.766   2.096   3
   0.99700505   3.288   3.363   2.789   2.051   0
   0.99864393   3.297   3.334   2.718   1.945   0
   0.99972039   3.256   3.268   2.629   1.839   0
   1.00000000   3.228   3.236   2.594   1.801   0
   1.00096738   3.135   3.128   2.474   1.671   0
   1.00207138   3.001   2.980   2.316   1.504   0
   1.00298393   2.865   2.832   2.159   1.339   0
   1.00383317   2.724   2.681   1.999   1.172   0
   1.00459039   2.586   2.533   1.844   1.010   0
   1.00522923   2.461   2.396   1.698   0.857   0
   1.00583458   2.334   2.252   1.546   0.697   0
   1.00637197   2.215   2.115   1.399   0.542   0
   1.00684786   2.087   1.970   1.244   0.379   0
   1.00727534   1.968   1.834   1.097   0.223   0
   1.00765228   1.853   1.700   0.950   0.066   0
   1.00799489   1.734   1.564   0.802  -0.090   0
   1.00829744   1.617   1.430   0.657  -0.244   0
   1.00857377   1.503   1.297   0.512  -0.399   0
   1.00884604   1.383   1.154   0.354  -0.569   0
   1.00908422   1.272   1.023   0.207  -0.726   0
   1.00937843   1.179   0.906   0.077  -0.867   0
   1.00956571   1.261   1.016   0.205  -0.726   1
   1.00974011   1.162   0.892   0.065  -0.878   0
   1.00991249   1.069   0.770  -0.073  -1.028   0
   1.01007152   0.976   0.647  -0.213  -1.181   0
   1.01022637   0.877   0.516  -0.363  -1.345   0
   1.01036072   0.790   0.395  -0.502  -1.498   0
   1.01047623   0.709   0.278  -0.641  -1.652   0
   1.01058865   0.625   0.153  -0.790  -1.817   0
   1.01068473   0.544   0.036  -0.929  -1.972   0
   1.01076794   0.478  -0.073  -1.062  -2.122   0
   1.01084757   0.417  -0.183  -1.198  -2.278   0
   1.01091266   0.366  -0.287  -1.329  -2.430   0
   1.01097333   0.310  -0.394  -1.462  -2.582   0
   1.01103401   0.264  -0.499  -1.597  -2.740   0
   1.01108503   0.223  -0.602  -1.733  -2.900   0
   1.01112890   0.191  -0.694  -1.856  -3.046   0
   1.01116788   0.162  -0.782  -1.973  -3.186   0
   1.01120460   0.146  -0.866  -2.091  -3.331   0
   1.01123655   0.131  -0.946  -2.204  -3.470   0
   1.01126671   0.146  -1.013  -2.311  -3.610   0
   1.01129591   0.177  -1.073  -2.417  -3.752   0
   1.01131988   0.142  -1.165  -2.538  -3.894   0
   1.01134419   0.139  -1.239  -2.646  -4.032   2
   1.01134419   1.300   1.236   0.590  -0.213   1
   1.01152134   1.282   1.208   0.549  -0.265   0
   1.01173866   1.270   1.192   0.530  -0.287   0
   1.01183200   1.264   1.186   0.524  -0.293   0
   1.01196349   1.258   1.181   0.519  -0.297   0
   1.01219404   1.249   1.174   0.515  -0.298   0
   1.01243484   1.239   1.167   0.512  -0.298   0
   1.01268137   1.230   1.160   0.508  -0.299   0
   1.01293755   1.222   1.153   0.504  -0.301   0
   1.01320088   1.212   1.145   0.499  -0.304   0
   1.01346171   1.204   1.137   0.493  -0.308   0
   1.01371717   1.195   1.129   0.487  -0.313   0
   1.01397276   1.186   1.121   0.480  -0.319   0
   1.01410043   1.181   1.117   0.476  -0.322   0
   1.01423395   1.178   1.113   0.472  -0.327   0
   1.01449656   1.170   1.104   0.462  -0.338   0
   1.01476312   1.162   1.093   0.449  -0.352   0
   1.01504278   1.151   1.080   0.433  -0.371   0
   1.01535594   1.136   1.060   0.408  -0.400   0
   1.01567876   1.118   1.035   0.374  -0.441   0
   1.01584482   1.104   1.015   0.349  -0.471   0
   1.01603258   1.082   0.986   0.312  -0.514   0
   1.01660240   1.018   0.897   0.199  -0.645   0
   1.01664603   0.995   0.852   0.137  -0.721   0
   1.01667929   0.931   0.759   0.023  -0.851   0
   1.01668930   0.881   0.688  -0.065  -0.951   0
   1.01669705   0.779   0.545  -0.241  -1.151   0
   1.01670039   0.700   0.437  -0.372  -1.301   0
   1.01670396   0.630   0.328  -0.507  -1.455   0
   1.01670849   0.563   0.225  -0.632  -1.595   0
   1.01671171   0.539   0.189  -0.674  -1.642   0
   1.01673901   0.603   0.292  -0.548  -1.500   0
   1.01674592   0.611   0.302  -0.537  -1.487   1
   1.01681304   0.539   0.189  -0.674  -1.641   0
   1.01685798   0.454   0.046  -0.853  -1.846   0
   1.01688802   0.373  -0.092  -1.025  -2.043   0
   1.01690507   0.316  -0.197  -1.161  -2.200   0
   1.01692224   0.270  -0.296  -1.291  -2.353   0
   1.01693988   0.238  -0.392  -1.420  -2.508   0
   1.01695645   0.197  -0.490  -1.547  -2.657   0
   1.01697218   0.178  -0.591  -1.691  -2.832   0
   1.01698267   0.140  -0.687  -1.818  -2.982   0
   1.01699090   0.143  -0.758  -1.928  -3.122   0
   1.01699901   0.126  -0.841  -2.044  -3.264   0
   1.01700664   0.116  -0.919  -2.156  -3.403   0
   1.01701427   0.128  -0.985  -2.260  -3.538   0
   1.01702166   0.177  -1.028  -2.349  -3.666   0
   1.01702523   0.166  -1.103  -2.457  -3.798   0
   1.01702666   0.187  -1.144  -2.528  -3.894   0
   1.01702797   0.191  -1.157  -2.549  -3.923   0
   1.01702940   0.196  -1.170  -2.571  -3.952   0
   1.01703084   0.200  -1.183  -2.593  -3.982   0
   1.01703215   0.205  -1.196  -2.615  -4.012   0
   1.01703358   0.209  -1.210  -2.637  -4.042   0
   1.01703501   0.214  -1.223  -2.659  -4.072   0
   1.01703632   0.219  -1.236  -2.681  -4.102   0
   1.01703751   0.224  -1.245  -2.698  -4.126   0
   1.01703882   0.230  -1.257  -2.720  -4.156   0
   1.01704025   0.237  -1.268  -2.741  -4.186   0
   1.01704156   0.244  -1.280  -2.762  -4.217   0
   1.01704299   0.251  -1.291  -2.783  -4.246   0
   1.01704443   0.258  -1.303  -2.804  -4.276   0
   1.01704574   0.265  -1.314  -2.825  -4.306   0
   1.01704717   0.272  -1.325  -2.846  -4.336   0
   1.01704848   0.280  -1.336  -2.867  -4.366   0
   1.01704979   0.287  -1.347  -2.887  -4.395   0
   1.01705110   0.295  -1.357  -2.908  -4.425   0
   1.01705229   0.303  -1.368  -2.928  -4.454   0
   1.01705337   0.309  -1.376  -2.944  -4.477   0
   1.01705456   0.317  -1.387  -2.965  -4.506   0
   1.01705587   0.325  -1.397  -2.985  -4.535   0
   1.01705706   0.334  -1.407  -3.005  -4.565   0
   1.01705837   0.342  -1.418  -3.025  -4.594   0
   1.01705968   0.351  -1.428  -3.045  -4.623   0
   1.01706088   0.354  -1.435  -3.061  -4.650   0
   1.01706219   0.354  -1.442  -3.073  -4.677   0
   1.01706421   0.355  -1.446  -3.082  -4.699   0
   1.01706731   0.354  -1.452  -3.093  -4.725   0
   1.01707053   0.353  -1.458  -3.105  -4.752   0
   1.01707363   0.352  -1.464  -3.117  -4.778   0
   1.01707673   0.349  -1.471  -3.129  -4.804   0
   1.01707971   0.346  -1.478  -3.140  -4.830   0
   1.01708281   0.342  -1.485  -3.152  -4.856   0
   1.01708579   0.333  -1.496  -3.165  -4.882   2
   1.01708889   0.306  -1.515  -3.183  -4.910   0
   1.01709187   0.278  -1.536  -3.201  -4.938   0
   1.01709485   0.248  -1.558  -3.220  -4.967   0
   1.01709771   0.215  -1.581  -3.240  -4.996   0
   1.01710069   0.180  -1.606  -3.260  -5.025   0
   1.01710355   0.143  -1.632  -3.282  -5.055   0
   1.01710641   0.103  -1.660  -3.304  -5.085   0
   1.01710939   0.060  -1.689  -3.327  -5.116   0
   1.01711226   0.015  -1.720  -3.351  -5.147   0
   1.01711500  -0.033  -1.753  -3.376  -5.179   0
   1.01711774  -0.084  -1.787  -3.402  -5.212   0
   1.01712060  -0.139  -1.824  -3.429  -5.245   0
   1.01712334  -0.198  -1.863  -3.457  -5.279   0
   1.01712608  -0.258  -1.901  -3.484  -5.313   0
   1.01712751  -0.276  -1.906  -3.486  -5.325   0
