   0.15000001  14.483  13.186  11.713   9.981   0
   0.20000000  13.018  12.066  10.775   9.232   0
   0.25000000  12.334  11.445  10.213   8.744   0
   0.30000001  11.802  10.962   9.776   8.363   0
   0.34999999  11.358  10.560   9.412   8.047   0
   0.40000001  10.855  10.099   8.988   7.673   0
   0.44999999  10.382   9.677   8.611   7.355   0
   0.50000000   9.844   9.209   8.194   7.007   0
   0.55000001   9.170   8.655   7.711   6.619   0
   0.60000002   8.416   8.068   7.203   6.214   0
   0.69999999   6.943   6.944   6.264   5.457   0
   0.71782398   6.713   6.762   6.115   5.335   0
   0.80000001   5.816   6.007   5.493   4.824   0
   0.83274502   5.533   5.742   5.264   4.628   0
   0.89999998   5.005   5.226   4.814   4.246   0
   0.91823715   4.875   5.094   4.696   4.146   0
   0.97604972   4.484   4.684   4.332   3.840   0
   1.00000000   4.333   4.518   4.183   3.717   0
   1.03650665   4.109   4.270   3.964   3.540   0
   1.07993412   3.859   3.981   3.707   3.336   0
   1.10000002   3.744   3.849   3.589   3.243   0
   1.10686600   3.705   3.803   3.550   3.214   0
   1.13162029   3.570   3.641   3.410   3.113   0
   1.15222907   3.459   3.508   3.294   3.030   0
   1.16970134   3.367   3.397   3.199   2.962   0
   1.18481970   3.291   3.309   3.123   2.907   0
   1.19805920   3.226   3.234   3.060   2.861   0
   1.20000005   3.217   3.224   3.051   2.855   0
   1.20500314   3.191   3.194   3.025   2.836   0
   1.23181498   3.053   3.036   2.890   2.735   0
   1.25453603   2.939   2.913   2.784   2.653   0
   1.26675558   2.879   2.849   2.729   2.609   0
   1.27892447   2.819   2.787   2.675   2.565   0
   1.29999995   2.715   2.678   2.579   2.485   0
   1.30907786   2.671   2.633   2.539   2.451   0
   1.33678067   2.535   2.492   2.412   2.341   0
   1.36552262   2.392   2.351   2.279   2.216   0
   1.39534879   2.242   2.198   2.131   2.071   0
   1.39999998   2.219   2.174   2.107   2.045   0
   1.41749227   2.130   2.080   2.013   1.950   1
   1.44146490   2.009   1.951   1.880   1.807   0
   1.46450734   1.888   1.824   1.742   1.652   0
   1.47554719   1.829   1.759   1.672   1.572   0
   1.48619068   1.768   1.693   1.601   1.495   2
   1.48979449   1.744   1.668   1.577   1.470   0
   1.49595940   1.688   1.614   1.533   1.438   0
   1.49865687   1.645   1.575   1.509   1.435   0
   1.50000000   1.602   1.545   1.497   1.444   0
   1.50028813   1.592   1.540   1.495   1.447   0
   1.50078535   1.529   1.505   1.480   1.455   0
   1.50107777   1.441   1.454   1.448   1.443   0
   1.50111663   1.454   1.462   1.454   1.447   0
   1.50124311   1.502   1.472   1.444   1.414   0
   1.50144076   1.437   1.375   1.328   1.275   0
   1.50181937   1.396   1.317   1.245   1.157   0
   1.50251675   1.379   1.290   1.186   1.052   0
   1.50337315   1.376   1.295   1.153   0.967   0
   1.50415289   1.379   1.318   1.141   0.902   0
   1.50499737   1.392   1.361   1.139   0.832   3
   1.50585175   1.423   1.434   1.157   0.765   0
   1.50641453   1.459   1.500   1.181   0.725   0
   1.50696969   1.512   1.575   1.212   0.695   0
   1.50778913   1.611   1.692   1.272   0.683   0
   1.50860596   1.748   1.832   1.359   0.712   0
   1.50942647   1.940   2.009   1.482   0.784   0
   1.51058209   2.138   2.182   1.597   0.846   4
   1.51265478   2.103   2.098   1.462   0.672   0
   1.51398599   1.983   1.960   1.308   0.504   0
   1.51539361   1.841   1.802   1.138   0.323   0
   1.51669407   1.711   1.658   0.983   0.159   0
   1.51800203   1.580   1.514   0.830  -0.002   0
   1.51943147   1.445   1.364   0.668  -0.173   0
   1.52079630   1.327   1.227   0.520  -0.330   0
   1.52228248   1.208   1.088   0.368  -0.492   0
   1.52377224   1.088   0.948   0.216  -0.654   0
   1.52505636   0.975   0.816   0.071  -0.809   0
   1.52628827   0.865   0.686  -0.072  -0.963   0
   1.52737999   0.765   0.565  -0.208  -1.109   0
   1.52835619   0.667   0.448  -0.338  -1.249   0
   1.52913642   0.576   0.339  -0.461  -1.382   0
   1.52980030   0.490   0.235  -0.578  -1.509   0
   1.53047776   0.412   0.137  -0.689  -1.630   0
   1.53082776   0.392   0.110  -0.719  -1.663   0
   1.53146803   0.472   0.216  -0.596  -1.527   1
   1.53209543   0.377   0.095  -0.734  -1.678   0
   1.53267729   0.292  -0.021  -0.868  -1.825   0
   1.53323793   0.208  -0.138  -1.004  -1.975   0
   1.53379285   0.122  -0.261  -1.147  -2.133   0
   1.53426802   0.047  -0.372  -1.279  -2.280   0
   1.53472495  -0.032  -0.490  -1.421  -2.439   0
   1.53512037  -0.103  -0.598  -1.551  -2.584   0
   1.53546345  -0.168  -0.700  -1.678  -2.728   0
   1.53578806  -0.209  -0.794  -1.799  -2.870   0
   1.53609741  -0.267  -0.899  -1.929  -3.018   0
   1.53636038  -0.305  -0.991  -2.048  -3.158   0
   1.53661120  -0.344  -1.085  -2.171  -3.302   0
   1.53682482  -0.385  -1.178  -2.290  -3.441   0
   1.53702617  -0.399  -1.255  -2.400  -3.576   0
   1.53721833  -0.435  -1.344  -2.518  -3.714   0
   1.53722751  -0.437  -1.348  -2.523  -3.719   2
   1.53722751   0.998   0.956   0.326  -0.463   1
   1.53862858   1.001   0.952   0.314  -0.482   0
   1.54034424   0.986   0.935   0.294  -0.505   0
   1.54087245   0.979   0.928   0.287  -0.511   0
   1.54230952   0.960   0.909   0.271  -0.525   0
   1.54414725   0.933   0.884   0.249  -0.545   0
   1.54604852   0.907   0.859   0.226  -0.565   0
   1.54801393   0.880   0.833   0.203  -0.587   0
   1.55005980   0.852   0.806   0.178  -0.610   0
   1.55213201   0.824   0.779   0.153  -0.633   0
   1.55418050   0.798   0.752   0.129  -0.656   0
   1.55621815   0.772   0.727   0.105  -0.678   0
   1.55825448   0.749   0.704   0.083  -0.700   0
   1.56023633   0.727   0.682   0.062  -0.720   0
   1.56054246   0.724   0.679   0.058  -0.724   0
   1.56225514   0.708   0.662   0.041  -0.741   0
   1.56432164   0.691   0.644   0.022  -0.761   0
   1.56673980   0.675   0.624   0.000  -0.785   0
   1.56888115   0.663   0.610  -0.019  -0.807   0
   1.57148159   0.656   0.595  -0.041  -0.837   0
   1.57253826   0.653   0.589  -0.053  -0.852   0
   1.57391930   0.649   0.579  -0.071  -0.877   0
   1.57812643   0.616   0.525  -0.149  -0.975   0
   1.57842195   0.598   0.497  -0.190  -1.026   0
   1.57864916   0.566   0.440  -0.266  -1.116   0
   1.57871783   0.536   0.393  -0.326  -1.187   0
   1.57876992   0.466   0.292  -0.449  -1.327   0
   1.57879603   0.378   0.179  -0.582  -1.474   0
   1.57882476   0.281   0.054  -0.728  -1.636   0
   1.57887650   0.198  -0.052  -0.852  -1.773   0
   1.57909465   0.279   0.052  -0.730  -1.638   1
   1.57955396   0.180  -0.074  -0.877  -1.801   0
   1.57977307   0.101  -0.184  -1.009  -1.950   0
   1.57997787   0.004  -0.324  -1.174  -2.133   0
   1.58009171  -0.076  -0.449  -1.325  -2.302   0
   1.58020163  -0.158  -0.576  -1.480  -2.477   0
   1.58031178  -0.228  -0.689  -1.619  -2.635   0
   1.58043396  -0.293  -0.800  -1.758  -2.794   0
   1.58053505  -0.338  -0.895  -1.885  -2.942   0
   1.58062768  -0.386  -0.998  -2.016  -3.096   0
   1.58069837  -0.431  -1.101  -2.149  -3.251   0
   1.58075774  -0.447  -1.192  -2.279  -3.410   0
   1.58080399  -0.488  -1.287  -2.402  -3.553   0
   1.58084881  -0.496  -1.363  -2.515  -3.693   0
   1.58089924  -0.517  -1.449  -2.635  -3.838   0
   1.58092332  -0.512  -1.431  -2.610  -3.809   1
   1.58092821  -0.526  -1.493  -2.695  -3.913   0
   1.58093262  -0.534  -1.548  -2.775  -4.012   0
   1.58093929  -0.536  -1.606  -2.860  -4.119   0
   1.58094442  -0.542  -1.638  -2.906  -4.176   0
   1.58095217  -0.541  -1.654  -2.930  -4.207   0
   1.58095992  -0.539  -1.670  -2.954  -4.238   0
   1.58096766  -0.538  -1.685  -2.978  -4.269   0
   1.58097541  -0.536  -1.701  -3.002  -4.300   0
   1.58098316  -0.535  -1.716  -3.026  -4.331   0
   1.58098936  -0.533  -1.729  -3.046  -4.356   0
   1.58099711  -0.531  -1.744  -3.070  -4.387   0
   1.58100486  -0.529  -1.760  -3.095  -4.418   0
   1.58101249  -0.526  -1.775  -3.119  -4.449   0
   1.58102000  -0.524  -1.790  -3.143  -4.480   0
   1.58102751  -0.521  -1.805  -3.167  -4.511   0
   1.58103502  -0.518  -1.820  -3.191  -4.542   0
   1.58104253  -0.515  -1.835  -3.215  -4.573   0
   1.58104992  -0.512  -1.850  -3.238  -4.604   0
   1.58105755  -0.508  -1.864  -3.261  -4.634   0
   1.58106494  -0.504  -1.878  -3.283  -4.664   0
   1.58107245  -0.500  -1.891  -3.305  -4.694   0
   1.58107996  -0.495  -1.904  -3.327  -4.724   0
   1.58108747  -0.490  -1.917  -3.349  -4.754   0
   1.58109498  -0.484  -1.929  -3.371  -4.785   0
   1.58110249  -0.477  -1.940  -3.392  -4.815   0
   1.58111000  -0.471  -1.952  -3.414  -4.845   0
   1.58111751  -0.464  -1.959  -3.427  -4.865   0
   1.58114147  -0.457  -1.970  -3.449  -4.896   0
   1.58116519  -0.449  -1.981  -3.469  -4.925   0
   1.58118892  -0.442  -1.992  -3.489  -4.954   0
   1.58121240  -0.434  -2.002  -3.510  -4.983   0
   1.58123565  -0.426  -2.013  -3.530  -5.012   0
   1.58125865  -0.418  -2.023  -3.550  -5.041   0
   1.58128166  -0.410  -2.033  -3.570  -5.070   0
   1.58130443  -0.402  -2.044  -3.590  -5.100   0
   1.58132708  -0.393  -2.054  -3.610  -5.129   0
   1.58134949  -0.384  -2.064  -3.630  -5.158   0
   1.58137190  -0.375  -2.074  -3.650  -5.187   0
   1.58139396  -0.366  -2.083  -3.670  -5.216   0
   1.58141589  -0.357  -2.093  -3.690  -5.245   0
   1.58143771  -0.347  -2.103  -3.710  -5.274   0
   1.58145928  -0.337  -2.112  -3.730  -5.303   0
   1.58148074  -0.327  -2.121  -3.750  -5.332   0
   1.58150208  -0.317  -2.130  -3.769  -5.361   0
   1.58152318  -0.318  -2.137  -3.781  -5.387   0
   1.58154416  -0.319  -2.143  -3.793  -5.413   0
   1.58156502  -0.321  -2.150  -3.805  -5.439   0
   1.58158565  -0.324  -2.157  -3.817  -5.466   0
   1.58160603  -0.327  -2.164  -3.829  -5.492   0
   1.58162630  -0.335  -2.174  -3.842  -5.518   2
   1.58164644  -0.358  -2.192  -3.858  -5.545   0
   1.58166635  -0.383  -2.210  -3.875  -5.572   0
   1.58168602  -0.409  -2.230  -3.893  -5.600   0
   1.58170569  -0.437  -2.251  -3.912  -5.628   0
   1.58172512  -0.468  -2.273  -3.931  -5.657   0
   1.58174431  -0.500  -2.296  -3.951  -5.686   0
   1.58176339  -0.534  -2.321  -3.971  -5.715   0
   1.58178234  -0.570  -2.347  -3.993  -5.745   0
   1.58180106  -0.609  -2.374  -4.015  -5.775   0
   1.58181953  -0.650  -2.402  -4.038  -5.806   0
   1.58183801  -0.693  -2.432  -4.061  -5.837   0
   1.58185637  -0.737  -2.463  -4.085  -5.868   0
   1.58187449  -0.784  -2.495  -4.110  -5.899   0
   1.58189273  -0.833  -2.528  -4.135  -5.930   0
   1.58191073  -0.884  -2.563  -4.161  -5.962   0
   1.58192873  -0.938  -2.598  -4.187  -5.993   0
   1.58194673  -0.993  -2.635  -4.214  -6.025   0
   1.58196449  -1.051  -2.673  -4.242  -6.056   0
   1.58198118  -1.082  -2.680  -4.242  -6.076   3
   1.58199453  -1.118  -2.682  -4.232  -6.087   0
   1.58199739  -1.086  -2.642  -4.195  -6.071   0
