   0.15000001  14.498  13.196  11.721   9.988   0
   0.20000000  13.033  12.079  10.787   9.243   0
   0.25000000  12.350  11.460  10.227   8.757   0
   0.30000001  11.819  10.978   9.790   8.376   0
   0.34999999  11.376  10.576   9.428   8.061   0
   0.40000001  10.878  10.121   9.009   7.692   0
   0.44999999  10.409   9.702   8.634   7.375   0
   0.50000000   9.881   9.242   8.225   7.034   0
   0.55000001   9.226   8.703   7.754   6.656   0
   0.60000002   8.496   8.133   7.261   6.263   0
   0.69999999   7.063   7.042   6.347   5.529   0
   0.80000001   5.959   6.139   5.607   4.922   0
   0.89999998   5.170   5.396   4.968   4.382   0
   1.00000000   4.561   4.766   4.412   3.919   0
   1.10000002   4.056   4.204   3.914   3.518   0
   1.20000005   3.621   3.681   3.465   3.200   0
   1.29999995   3.240   3.232   3.090   2.951   0
   1.38348460   2.965   2.945   2.860   2.794   0
   1.39999998   2.912   2.897   2.820   2.765   0
   1.47482622   2.661   2.677   2.638   2.626   0
   1.50000000   2.579   2.612   2.583   2.581   0
   1.53312969   2.483   2.535   2.519   2.531   0
   1.60000002   2.303   2.402   2.407   2.436   0
   1.64999998   2.179   2.313   2.332   2.373   0
   1.70000005   2.059   2.226   2.256   2.306   0
   1.75000000   1.970   2.164   2.204   2.261   0
   1.79999995   1.861   2.086   2.133   2.198   0
   1.89999998   1.662   1.939   2.001   2.077   0
   2.00000000   1.478   1.801   1.874   1.960   0
   2.20000005   1.148   1.546   1.636   1.738   0
   2.50000000   0.721   1.206   1.316   1.438   0
   2.59815145   0.595   1.103   1.218   1.345   0
   3.00000000   0.122   0.708   0.843   0.989   0
   3.28511906  -0.173   0.456   0.602   0.759   0
   3.50000000  -0.384   0.274   0.429   0.593   0
   3.81072426  -0.674   0.019   0.182   0.355   0
   4.00000000  -0.851  -0.142   0.026   0.203   0
   4.21808910  -1.037  -0.307  -0.134   0.048   0
   4.50000000  -1.276  -0.524  -0.344  -0.156   0
   4.58933449  -1.353  -0.595  -0.413  -0.223   0
   4.87605810  -1.608  -0.831  -0.645  -0.451   0
   5.00000000  -1.722  -0.939  -0.751  -0.555   0
   5.13731146  -1.847  -1.058  -0.867  -0.671   0
   5.35357714  -2.055  -1.259  -1.066  -0.868   0
   5.53653431  -2.244  -1.445  -1.251  -1.054   0
   5.69712925  -2.422  -1.624  -1.430  -1.234   1
   5.83611679  -2.590  -1.797  -1.604  -1.409   0
   5.95555305  -2.753  -1.966  -1.775  -1.584   0
   6.00000000  -2.819  -2.036  -1.846  -1.656   0
   6.06465626  -2.916  -2.139  -1.950  -1.763   0
   6.11089039  -2.989  -2.217  -2.029  -1.844   0
   6.15406227  -3.058  -2.289  -2.102  -1.918   0
   6.17839336  -3.094  -2.325  -2.138  -1.954   0
   6.20124674  -3.120  -2.345  -2.157  -1.972   3
   6.21589899  -3.124  -2.339  -2.148  -1.960   0
   6.22605705  -3.108  -2.298  -2.102  -1.906   0
   6.22905159  -3.097  -2.269  -2.068  -1.867   0
   6.23083210  -3.099  -2.252  -2.046  -1.839   0
   6.23103952  -3.094  -2.249  -2.043  -1.836   0
   6.23169613  -3.083  -2.263  -2.063  -1.864   0
   6.23234797  -3.176  -2.383  -2.190  -2.001   0
   6.23298883  -3.300  -2.533  -2.346  -2.165   0
   6.23374701  -3.425  -2.686  -2.507  -2.335   0
   6.23461342  -3.542  -2.838  -2.666  -2.506   0
   6.23532724  -3.631  -2.954  -2.789  -2.639   0
   6.23608971  -3.721  -3.075  -2.918  -2.780   0
   6.23688602  -3.812  -3.203  -3.056  -2.931   0
   6.23770666  -3.908  -3.342  -3.206  -3.096   0
   6.23827314  -3.975  -3.444  -3.316  -3.218   0
   6.23883915  -4.042  -3.553  -3.433  -3.348   0
   6.23940992  -4.113  -3.669  -3.560  -3.492   0
   6.23998499  -4.182  -3.796  -3.701  -3.650   0
   6.24024391  -4.211  -3.857  -3.767  -3.725   0
   6.24060249  -4.249  -3.942  -3.862  -3.834   0
   6.24091387  -4.279  -4.023  -3.952  -3.937   0
   6.24116898  -4.299  -4.092  -4.029  -4.027   0
   6.24142313  -4.313  -4.164  -4.110  -4.122   0
   6.24162626  -4.317  -4.221  -4.176  -4.202   0
   6.24183369  -4.308  -4.274  -4.242  -4.283   0
   6.24203682  -4.286  -4.321  -4.305  -4.366   0
   6.24218750  -4.258  -4.350  -4.348  -4.430   0
   6.24234295  -4.217  -4.355  -4.378  -4.493   0
   6.24249840  -4.165  -4.344  -4.399  -4.559   0
   6.24265385  -4.097  -4.301  -4.402  -4.626   3
   6.24280977  -4.014  -4.208  -4.385  -4.695   0
   6.24291277  -3.950  -4.124  -4.360  -4.738   0
   6.24301672  -3.875  -4.029  -4.327  -4.778   0
   6.24312019  -3.785  -3.921  -4.285  -4.814   0
   6.24322414  -3.661  -3.788  -4.231  -4.845   0
   6.24332762  -3.484  -3.626  -4.162  -4.867   0
   6.24343157  -3.290  -3.468  -4.089  -4.869   0
   6.24358225  -3.073  -3.294  -3.995  -4.838   0
   6.24382687  -2.766  -3.069  -3.858  -4.768   4
   6.24406910  -2.658  -3.056  -3.925  -4.892   0
   6.24421787  -2.681  -3.148  -4.061  -5.059   0
   6.24441051  -2.719  -3.241  -4.190  -5.212   0
   6.24539614  -2.753  -3.328  -4.309  -5.355   0
   6.24793863  -2.763  -3.354  -4.347  -5.400   2
   6.30471802  -2.862  -3.365  -4.297  -5.308   0
   6.31799412  -2.922  -3.397  -4.310  -5.306   0
   6.33606815  -3.367  -3.696  -4.479  -5.381   0
   6.33978891  -3.787  -3.993  -4.610  -5.384   0
   6.34164000  -3.968  -4.137  -4.666  -5.364   0
   6.34330988  -4.073  -4.230  -4.701  -5.343   0
   6.34624672  -4.193  -4.349  -4.747  -5.313   0
   6.34899616  -4.294  -4.460  -4.788  -5.277   0
   6.35280848  -4.390  -4.575  -4.828  -5.230   0
   6.35648251  -4.467  -4.668  -4.854  -5.183   0
   6.35995436  -4.530  -4.735  -4.869  -5.136   0
   6.36439276  -4.596  -4.800  -4.880  -5.085   0
   6.36929846  -4.656  -4.832  -4.878  -5.033   0
   6.37511349  -4.711  -4.845  -4.862  -4.978   0
   6.38121986  -4.760  -4.845  -4.840  -4.924   0
   6.38783216  -4.794  -4.817  -4.801  -4.867   0
   6.39573812  -4.825  -4.786  -4.758  -4.809   0
   6.40526915  -4.847  -4.747  -4.710  -4.748   0
   6.41599321  -4.859  -4.709  -4.664  -4.690   0
   6.42875099  -4.873  -4.674  -4.621  -4.636   0
   6.45685673  -4.899  -4.661  -4.600  -4.604   1
   6.48179245  -4.961  -4.769  -4.719  -4.738   0
   6.49029446  -4.987  -4.842  -4.800  -4.830   0
   6.49717522  -4.998  -4.915  -4.882  -4.927   0
   6.50301647  -4.994  -4.994  -4.974  -5.037   0
   6.50713253  -4.965  -5.053  -5.051  -5.141   0
   6.51016283  -4.915  -5.076  -5.105  -5.241   0
   6.51238823  -4.855  -5.053  -5.125  -5.321   0
   6.51424026  -4.777  -4.987  -5.127  -5.406   3
   6.51524973  -4.697  -4.898  -5.111  -5.473   0
   6.51646900  -4.523  -4.696  -5.057  -5.582   0
   6.51770830  -4.336  -4.509  -4.987  -5.635   0
   6.51828337  -4.088  -4.302  -4.905  -5.666   0
   6.51866531  -3.876  -4.138  -4.833  -5.669   0
   6.51898432  -3.640  -3.978  -4.758  -5.655   0
   6.51951265  -3.359  -3.798  -4.675  -5.644   0
   6.51998663  -3.113  -3.657  -4.611  -5.635   4
   6.52037239  -3.036  -3.659  -4.667  -5.730   0
   6.52062702  -3.022  -3.707  -4.753  -5.842   0
   6.52261734  -3.018  -3.785  -4.875  -5.997   0
   6.52326202  -3.021  -3.832  -4.945  -6.085   0
   6.52416039  -3.021  -3.900  -5.051  -6.218   0
   6.52519417  -3.019  -3.976  -5.171  -6.369   0
   6.52624464  -3.031  -4.056  -5.289  -6.514   0
   6.52708673  -3.028  -4.119  -5.386  -6.636   0
   6.52772141  -3.006  -4.163  -5.464  -6.742   0
   6.52835131  -3.006  -4.212  -5.540  -6.839   0
