   0.15000001  14.474  13.179  11.708   9.978   0
   0.20000000  13.009  12.058  10.767   9.225   0
   0.25000000  12.324  11.436  10.205   8.736   0
   0.30000001  11.792  10.952   9.767   8.354   0
   0.34999999  11.347  10.550   9.403   8.039   0
   0.40000001  10.841  10.086   8.976   7.661   0
   0.44999999  10.371   9.667   8.602   7.347   0
   0.50000000   9.826   9.194   8.181   6.996   0
   0.55000001   9.143   8.633   7.691   6.603   0
   0.60000002   8.376   8.037   7.176   6.191   0
   0.62567657   7.952   7.717   6.905   5.977   0
   0.69999999   6.883   6.895   6.224   5.424   0
   0.73019791   6.495   6.586   5.970   5.215   0
   0.79293895   5.808   5.998   5.483   4.813   0
   0.80000001   5.742   5.937   5.431   4.770   0
   0.80912036   5.659   5.859   5.364   4.712   0
   0.85931653   5.215   5.439   5.000   4.402   0
   0.89999998   4.898   5.116   4.713   4.156   0
   0.91407251   4.790   5.006   4.615   4.074   0
   0.95099229   4.517   4.720   4.361   3.859   0
   0.98341250   4.291   4.473   4.138   3.671   0
   1.00000000   4.176   4.346   4.023   3.575   0
   1.02030957   4.037   4.192   3.887   3.465   0
   1.04864395   3.850   3.976   3.695   3.311   0
   1.07571876   3.669   3.767   3.509   3.163   0
   1.10000002   3.507   3.579   3.341   3.030   0
   1.10984385   3.440   3.500   3.272   2.978   0
   1.12086213   3.365   3.412   3.194   2.919   0
   1.13079655   3.298   3.334   3.125   2.865   0
   1.13956213   3.240   3.267   3.065   2.817   0
   1.14356589   3.213   3.235   3.036   2.794   0
   1.14741933   3.185   3.204   3.008   2.772   0
   1.15272534   3.149   3.162   2.971   2.742   0
   1.15661609   3.123   3.133   2.945   2.721   0
   1.16033649   3.098   3.105   2.920   2.700   0
   1.16607249   3.066   3.070   2.889   2.674   0
   1.17867303   2.999   2.996   2.821   2.614   1
   1.20000005   2.894   2.887   2.712   2.505   0
   1.21176636   2.824   2.813   2.639   2.431   0
   1.22080350   2.767   2.755   2.580   2.371   0
   1.22845089   2.715   2.700   2.525   2.317   0
   1.22978902   2.705   2.688   2.515   2.308   0
   1.23806727   2.624   2.597   2.438   2.252   0
   1.24064815   2.574   2.536   2.394   2.232   0
   1.24265409   2.489   2.438   2.324   2.200   0
   1.24314785   2.451   2.400   2.293   2.178   1
   1.24345613   2.440   2.388   2.280   2.165   0
   1.25306284   2.333   2.274   2.153   2.015   0
   1.26851356   2.169   2.129   1.953   1.735   0
   1.27569342   2.102   2.106   1.871   1.550   0
   1.27970052   2.099   2.158   1.850   1.413   3
   1.28150046   2.126   2.210   1.858   1.357   0
   1.28305888   2.171   2.269   1.878   1.325   0
   1.28479326   2.251   2.355   1.917   1.309   0
   1.28625929   2.342   2.446   1.967   1.316   0
   1.28757310   2.459   2.550   2.034   1.347   0
   1.28913558   2.578   2.651   2.096   1.374   0
   1.29077923   2.672   2.728   2.140   1.389   4
   1.29482949   2.655   2.665   2.033   1.247   0
   1.29772437   2.541   2.531   1.882   1.081   0
   1.29999995   2.420   2.397   1.738   0.929   0
   1.30015063   2.413   2.389   1.729   0.919   0
   1.30250955   2.277   2.241   1.572   0.755   0
   1.30465221   2.136   2.090   1.413   0.588   0
   1.30650151   2.000   1.942   1.255   0.423   0
   1.30812788   1.870   1.797   1.101   0.261   0
   1.30952120   1.748   1.658   0.953   0.104   0
   1.31082761   1.624   1.516   0.800  -0.057   0
   1.31193101   1.507   1.381   0.654  -0.212   0
   1.31296301   1.390   1.246   0.507  -0.369   0
   1.31380773   1.274   1.114   0.364  -0.521   0
   1.31459415   1.166   0.985   0.222  -0.672   0
   1.31531751   1.055   0.855   0.078  -0.826   0
   1.31596398   0.948   0.727  -0.063  -0.978   0
   1.31655324   0.845   0.603  -0.202  -1.128   0
   1.31710780   0.745   0.483  -0.338  -1.275   0
   1.31754160   0.702   0.426  -0.402  -1.345   0
   1.31793308   0.787   0.539  -0.270  -1.199   0
   1.31796741   0.790   0.543  -0.265  -1.193   1
   1.31839859   0.694   0.423  -0.402  -1.343   0
   1.31883502   0.603   0.303  -0.539  -1.492   0
   1.31926143   0.518   0.185  -0.675  -1.642   0
   1.31964028   0.431   0.066  -0.812  -1.793   0
   1.32000601   0.338  -0.062  -0.961  -1.956   0
   1.32032394   0.262  -0.177  -1.098  -2.109   0
   1.32062554   0.179  -0.299  -1.244  -2.272   0
   1.32088578   0.106  -0.413  -1.383  -2.428   0
   1.32111001   0.047  -0.516  -1.511  -2.575   0
   1.32132256  -0.009  -0.624  -1.646  -2.730   0
   1.32150555  -0.062  -0.725  -1.772  -2.874   0
   1.32166553  -0.100  -0.818  -1.892  -3.016   0
   1.32181716  -0.137  -0.912  -2.016  -3.162   0
   1.32195890  -0.174  -1.009  -2.144  -3.312   0
   1.32209575  -0.199  -1.097  -2.266  -3.458   0
   1.32219148  -0.205  -1.170  -2.372  -3.591   0
   1.32230186  -0.232  -1.260  -2.493  -3.739   0
   1.32239926  -0.234  -1.335  -2.604  -3.879   0
   1.32248497  -0.232  -1.402  -2.706  -4.008   2
   1.32248497   1.105   1.045   0.397  -0.406   1
   1.32320309   1.096   1.030   0.375  -0.435   0
   1.32404983   1.082   1.013   0.354  -0.459   0
   1.32430220   1.078   1.009   0.349  -0.464   0
   1.32489300   1.067   0.998   0.340  -0.472   0
   1.32574511   1.050   0.983   0.327  -0.483   0
   1.32660925   1.033   0.967   0.315  -0.493   0
   1.32751036   1.016   0.951   0.301  -0.505   0
   1.32843900   0.999   0.935   0.286  -0.518   0
   1.32938755   0.981   0.918   0.272  -0.531   0
   1.33032143   0.965   0.902   0.258  -0.544   0
   1.33124173   0.949   0.887   0.243  -0.557   0
   1.33214235   0.935   0.873   0.230  -0.570   0
   1.33284461   0.925   0.862   0.220  -0.580   0
   1.33305788   0.921   0.859   0.216  -0.584   0
   1.33400893   0.908   0.845   0.202  -0.598   0
   1.33499610   0.896   0.831   0.187  -0.615   0
   1.33603215   0.884   0.817   0.169  -0.634   0
   1.33717203   0.870   0.799   0.147  -0.661   0
   1.33835518   0.854   0.778   0.120  -0.692   0
   1.33890581   0.846   0.765   0.101  -0.716   0
   1.33959889   0.832   0.743   0.072  -0.752   0
   1.34151351   0.778   0.668  -0.025  -0.866   0
   1.34166384   0.755   0.629  -0.076  -0.926   0
   1.34177840   0.710   0.556  -0.170  -1.036   0
   1.34181285   0.671   0.498  -0.242  -1.119   0
   1.34183908   0.580   0.374  -0.391  -1.286   0
   1.34185231   0.486   0.252  -0.536  -1.448   0
   1.34186661   0.388   0.126  -0.685  -1.614   0
   1.34189224   0.324   0.032  -0.798  -1.742   0
   1.34200299   0.393   0.133  -0.676  -1.603   1
   1.34223044   0.303   0.000  -0.837  -1.786   0
   1.34233963   0.222  -0.120  -0.979  -1.944   0
   1.34243262   0.142  -0.248  -1.135  -2.121   0
   1.34248638   0.067  -0.370  -1.285  -2.291   0
   1.34253967  -0.007  -0.492  -1.438  -2.464   0
   1.34259284  -0.071  -0.602  -1.576  -2.623   0
   1.34264898  -0.100  -0.689  -1.697  -2.768   0
   1.34269857  -0.147  -0.789  -1.822  -2.914   0
   1.34273469  -0.181  -0.874  -1.934  -3.046   0
   1.34276521  -0.206  -0.957  -2.048  -3.182   0
   1.34279227  -0.226  -1.043  -2.169  -3.329   0
   1.34281480  -0.235  -1.117  -2.277  -3.463   0
   1.34283769  -0.252  -1.198  -2.391  -3.602   0
   1.34286201  -0.271  -1.285  -2.512  -3.750   0
   1.34287870  -0.279  -1.318  -2.556  -3.805   0
   1.34288096  -0.275  -1.346  -2.601  -3.862   0
   1.34288251  -0.271  -1.371  -2.640  -3.913   0
   1.34288514  -0.264  -1.397  -2.682  -3.969   0
   1.34289110  -0.252  -1.450  -2.768  -4.080   0
   1.34289527  -0.250  -1.466  -2.792  -4.112   0
   1.34289956  -0.248  -1.481  -2.817  -4.143   0
   1.34290385  -0.246  -1.497  -2.841  -4.174   0
   1.34290731  -0.244  -1.509  -2.861  -4.199   0
   1.34291077  -0.241  -1.521  -2.880  -4.224   0
   1.34291494  -0.239  -1.536  -2.904  -4.256   0
   1.34291923  -0.236  -1.552  -2.928  -4.287   0
   1.34292352  -0.232  -1.567  -2.953  -4.318   0
   1.34292781  -0.228  -1.580  -2.975  -4.348   0
   1.34293211  -0.224  -1.594  -2.998  -4.379   0
   1.34293640  -0.219  -1.608  -3.021  -4.411   0
   1.34294057  -0.215  -1.622  -3.044  -4.442   0
   1.34294486  -0.210  -1.636  -3.067  -4.474   0
   1.34294832  -0.206  -1.647  -3.086  -4.499   0
   1.34295261  -0.199  -1.659  -3.108  -4.531   0
   1.34295690  -0.192  -1.672  -3.131  -4.563   0
   1.34296107  -0.185  -1.684  -3.153  -4.594   0
   1.34296536  -0.179  -1.696  -3.175  -4.626   0
   1.34296882  -0.173  -1.706  -3.193  -4.651   0
   1.34297311  -0.166  -1.718  -3.215  -4.683   0
   1.34298193  -0.151  -1.739  -3.255  -4.740   0
   1.34299386  -0.132  -1.767  -3.309  -4.817   0
   1.34300542  -0.116  -1.785  -3.345  -4.869   0
   1.34301710  -0.107  -1.795  -3.366  -4.899   0
   1.34302866  -0.097  -1.806  -3.387  -4.929   0
   1.34304011  -0.087  -1.816  -3.407  -4.959   0
   1.34305155  -0.077  -1.825  -3.428  -4.989   0
   1.34306288  -0.067  -1.835  -3.448  -5.019   0
   1.34307408  -0.057  -1.845  -3.469  -5.049   0
   1.34308529  -0.051  -1.852  -3.484  -5.078   0
   1.34309638  -0.051  -1.858  -3.497  -5.105   0
   1.34310734  -0.052  -1.865  -3.509  -5.132   0
   1.34311831  -0.054  -1.871  -3.521  -5.159   0
   1.34312916  -0.056  -1.878  -3.533  -5.186   0
   1.34313989  -0.059  -1.886  -3.545  -5.213   0
   1.34315050  -0.063  -1.893  -3.558  -5.240   0
   1.34316123  -0.068  -1.902  -3.571  -5.267   2
   1.34317160  -0.092  -1.920  -3.588  -5.295   0
   1.34318209  -0.119  -1.941  -3.606  -5.324   0
   1.34319246  -0.148  -1.962  -3.625  -5.353   0
   1.34320271  -0.179  -1.985  -3.645  -5.383   0
   1.34321284  -0.213  -2.009  -3.666  -5.413   0
   1.34322298  -0.248  -2.034  -3.687  -5.443   0
   1.34323299  -0.286  -2.061  -3.709  -5.474   0
   1.34324300  -0.327  -2.090  -3.732  -5.506   0
   1.34325278  -0.370  -2.120  -3.756  -5.537   0
   1.34326255  -0.416  -2.151  -3.781  -5.570   0
   1.34327233  -0.465  -2.185  -3.807  -5.603   0
   1.34328187  -0.516  -2.220  -3.833  -5.636   0
   1.34329140  -0.571  -2.257  -3.861  -5.671   0
   1.34330082  -0.629  -2.296  -3.890  -5.706   0
   1.34331012  -0.690  -2.337  -3.920  -5.741   0
   1.34331942  -0.734  -2.357  -3.933  -5.769   0
   1.34332860  -0.764  -2.364  -3.934  -5.793   3
   1.34333599  -0.792  -2.368  -3.932  -5.812   0
   1.34334123  -0.804  -2.348  -3.904  -5.816   0
