   0.15000001  14.497  13.196  11.721   9.987   0
   0.20000000  13.033  12.079  10.786   9.242   0
   0.25000000  12.349  11.459  10.227   8.756   0
   0.30000001  11.819  10.977   9.790   8.376   0
   0.34999999  11.375  10.576   9.427   8.061   0
   0.40000001  10.877  10.120   9.008   7.691   0
   0.44999999  10.408   9.701   8.633   7.374   0
   0.50000000   9.880   9.241   8.223   7.033   0
   0.55000001   9.224   8.701   7.752   6.654   0
   0.60000002   8.493   8.130   7.259   6.261   0
   0.69999999   7.057   7.037   6.343   5.525   0
   0.80000001   5.952   6.132   5.601   4.917   0
   0.89999998   5.157   5.382   4.954   4.370   0
   1.00000000   4.538   4.742   4.389   3.897   0
   1.08265066   4.120   4.278   3.979   3.568   0
   1.10000002   4.041   4.187   3.899   3.504   0
   1.13179672   3.894   4.013   3.749   3.397   0
   1.20000005   3.606   3.665   3.450   3.185   0
   1.21052563   3.563   3.613   3.405   3.155   0
   1.29999995   3.226   3.217   3.076   2.937   0
   1.39999998   2.895   2.880   2.804   2.749   0
   1.50000000   2.562   2.595   2.567   2.566   0
   1.60000002   2.282   2.382   2.388   2.418   0
   1.64999998   2.157   2.291   2.311   2.352   0
   1.70000005   2.036   2.202   2.233   2.282   0
   1.75000000   1.939   2.135   2.175   2.232   0
   1.79999995   1.829   2.053   2.101   2.165   0
   1.89999998   1.625   1.899   1.962   2.037   0
   2.00000000   1.435   1.754   1.827   1.912   0
   2.04123449   1.360   1.696   1.773   1.862   0
   2.20000005   1.090   1.483   1.573   1.674   0
   2.50000000   0.635   1.116   1.227   1.347   0
   2.52102184   0.606   1.092   1.204   1.325   0
   2.87690735   0.131   0.687   0.816   0.954   0
   3.00000000  -0.026   0.550   0.684   0.826   0
   3.18023801  -0.243   0.358   0.499   0.647   0
   3.42296553  -0.535   0.094   0.242   0.397   0
   3.50000000  -0.629   0.008   0.158   0.315   0
   3.64240193  -0.797  -0.148   0.006   0.165   0
   3.81787777  -1.008  -0.348  -0.191  -0.029   0
   3.96779084  -1.200  -0.533  -0.374  -0.211   0
   4.00000000  -1.244  -0.576  -0.417  -0.254   0
   4.10526991  -1.384  -0.715  -0.554  -0.391   0
   4.22218418  -1.553  -0.885  -0.724  -0.562   1
   4.32289553  -1.710  -1.048  -0.887  -0.728   0
   4.41027880  -1.860  -1.205  -1.046  -0.890   0
   4.48571777  -2.001  -1.356  -1.199  -1.047   0
   4.50000000  -2.029  -1.386  -1.229  -1.078   0
   4.52062368  -2.071  -1.430  -1.274  -1.124   0
   4.55117130  -2.131  -1.493  -1.338  -1.189   0
   4.56589127  -2.158  -1.520  -1.365  -1.216   0
   4.58474398  -2.186  -1.542  -1.384  -1.234   3
   4.59529161  -2.190  -1.533  -1.373  -1.219   0
   4.60260057  -2.176  -1.492  -1.326  -1.163   0
   4.60474014  -2.169  -1.463  -1.292  -1.122   0
   4.60598373  -2.172  -1.445  -1.269  -1.093   0
   4.60614538  -2.164  -1.439  -1.263  -1.088   0
   4.60661173  -2.147  -1.452  -1.283  -1.117   0
   4.60711670  -2.250  -1.582  -1.420  -1.263   0
   4.60779667  -2.395  -1.757  -1.601  -1.455   0
   4.60847616  -2.499  -1.889  -1.739  -1.602   0
   4.60927200  -2.595  -2.017  -1.875  -1.748   0
   4.61016464  -2.689  -2.150  -2.016  -1.902   0
   4.61090136  -2.761  -2.256  -2.130  -2.027   0
   4.61165762  -2.833  -2.368  -2.251  -2.161   0
   4.61245251  -2.908  -2.492  -2.385  -2.309   0
   4.61297560  -2.956  -2.581  -2.481  -2.417   0
   4.61351824  -3.004  -2.677  -2.586  -2.535   0
   4.61378908  -3.028  -2.728  -2.642  -2.599   0
   4.61432266  -3.069  -2.834  -2.759  -2.732   0
   4.61483669  -3.103  -2.947  -2.887  -2.881   0
   4.61510324  -3.110  -3.004  -2.954  -2.960   0
   4.61536932  -3.110  -3.062  -3.024  -3.045   0
   4.61563587  -3.092  -3.112  -3.090  -3.131   0
   4.61584520  -3.067  -3.140  -3.135  -3.198   0
   4.61603546  -3.031  -3.157  -3.174  -3.264   0
   4.61624432  -2.980  -3.147  -3.197  -3.333   0
   4.61639643  -2.931  -3.111  -3.200  -3.387   3
   4.61656761  -2.871  -3.049  -3.191  -3.445   0
   4.61668158  -2.819  -2.979  -3.173  -3.487   0
   4.61681461  -2.755  -2.891  -3.142  -3.528   0
   4.61692905  -2.679  -2.791  -3.102  -3.565   0
   4.61706209  -2.578  -2.666  -3.049  -3.599   0
   4.61719513  -2.437  -2.515  -2.982  -3.625   0
   4.61730909  -2.278  -2.369  -2.913  -3.629   0
   4.61747980  -2.086  -2.209  -2.825  -3.602   0
   4.61772680  -1.863  -2.022  -2.707  -3.542   0
   4.61782169  -1.791  -1.972  -2.680  -3.532   4
   4.61810875  -1.748  -2.007  -2.786  -3.690   0
   4.61829996  -1.804  -2.109  -2.927  -3.859   0
   4.61858702  -1.873  -2.212  -3.055  -4.005   0
   4.61925602  -1.924  -2.306  -3.176  -4.145   0
   4.62093687  -1.960  -2.366  -3.250  -4.229   2
   4.65793705  -1.986  -2.332  -3.177  -4.129   0
   4.68714285  -2.063  -2.370  -3.180  -4.106   0
   4.70626211  -2.373  -2.601  -3.324  -4.185   0
   4.71330595  -2.684  -2.839  -3.450  -4.223   0
   4.71792459  -2.900  -3.018  -3.531  -4.214   0
   4.72099304  -3.032  -3.141  -3.583  -4.197   0
   4.72394848  -3.126  -3.243  -3.626  -4.175   0
   4.72763395  -3.217  -3.350  -3.670  -4.146   0
   4.73124123  -3.287  -3.440  -3.707  -4.118   0
   4.73572063  -3.360  -3.534  -3.741  -4.081   0
   4.74052143  -3.428  -3.616  -3.767  -4.042   0
   4.74587870  -3.494  -3.689  -3.787  -3.999   0
   4.75162506  -3.554  -3.733  -3.794  -3.956   0
   4.75848436  -3.612  -3.760  -3.791  -3.912   0
   4.76682663  -3.668  -3.779  -3.784  -3.870   0
   4.77771997  -3.721  -3.774  -3.762  -3.824   0
   4.79498434  -3.782  -3.776  -3.748  -3.790   0
   4.80543184  -3.809  -3.785  -3.753  -3.792   1
   4.83050871  -3.850  -3.898  -3.884  -3.948   0
   4.83784533  -3.843  -3.947  -3.949  -4.033   0
   4.84372807  -3.815  -3.968  -3.999  -4.125   0
   4.84655952  -3.785  -3.965  -4.025  -4.190   0
   4.84888220  -3.740  -3.944  -4.040  -4.257   0
   4.85047007  -3.689  -3.884  -4.037  -4.317   0
   4.85186529  -3.629  -3.808  -4.024  -4.379   0
   4.85296345  -3.548  -3.702  -3.996  -4.441   0
   4.85381746  -3.442  -3.574  -3.951  -4.495   0
   4.85444450  -3.258  -3.389  -3.881  -4.544   0
   4.85498476  -2.987  -3.165  -3.787  -4.567   0
   4.85561132  -2.615  -2.885  -3.637  -4.519   0
   4.85616875  -2.331  -2.710  -3.568  -4.527   4
   4.85625553  -2.295  -2.700  -3.576  -4.548   0
   4.85646057  -2.301  -2.786  -3.712  -4.721   0
   4.85664654  -2.331  -2.867  -3.827  -4.858   0
   4.85817432  -2.361  -2.963  -3.965  -5.026   0
   4.85876989  -2.375  -3.050  -4.094  -5.185   0
   4.85957098  -2.421  -3.157  -4.233  -5.347   0
   4.86044645  -2.442  -3.255  -4.372  -5.517   0
   4.86119127  -2.441  -3.338  -4.502  -5.680   0
   4.86191797  -2.468  -3.454  -4.666  -5.878   0
   4.86242056  -2.451  -3.528  -4.788  -6.037   0
   4.86292362  -2.441  -3.620  -4.931  -6.221   0
   4.86335182  -2.481  -3.755  -5.115  -6.445   0
   4.86370564  -2.422  -3.878  -5.336  -6.743   0
   4.86404133  -2.419  -3.919  -5.401  -6.827   0
   4.86413622  -2.416  -3.922  -5.406  -6.836   0
   4.86423063  -2.413  -3.924  -5.411  -6.844   0
   4.86432457  -2.409  -3.926  -5.417  -6.852   0
   4.86441851  -2.406  -3.929  -5.422  -6.860   0
   4.86451149  -2.403  -3.931  -5.428  -6.869   0
   4.86460495  -2.400  -3.934  -5.433  -6.877   0
   4.86469746  -2.397  -3.936  -5.439  -6.885   0
   4.86478996  -2.393  -3.939  -5.444  -6.893   0
   4.86486387  -2.391  -3.940  -5.448  -6.900   0
   4.86495543  -2.387  -3.943  -5.454  -6.908   0
   4.86504745  -2.385  -3.946  -5.460  -6.917   0
   4.86513901  -2.383  -3.949  -5.466  -6.926   0
   4.86523008  -2.380  -3.953  -5.473  -6.935   0
   4.86532068  -2.378  -3.957  -5.480  -6.945   0
   4.86541176  -2.376  -3.960  -5.486  -6.954   0
   4.86550236  -2.373  -3.964  -5.493  -6.964   0
   4.86559248  -2.371  -3.967  -5.499  -6.973   0
   4.86568260  -2.369  -3.970  -5.506  -6.982   0
   4.86577272  -2.366  -3.974  -5.513  -6.992   0
   4.86586237  -2.364  -3.977  -5.519  -7.001   0
   4.86595201  -2.362  -3.981  -5.526  -7.010   0
   4.86604118  -2.359  -3.984  -5.532  -7.020   0
   4.86613035  -2.357  -3.988  -5.539  -7.029   0
   4.86622000  -2.355  -3.991  -5.545  -7.038   0
   4.86630917  -2.352  -3.994  -5.552  -7.047   0
   4.86639786  -2.350  -3.998  -5.558  -7.057   0
   4.86648607  -2.347  -4.001  -5.564  -7.066   0
   4.86655712  -2.345  -4.004  -5.570  -7.073   0
   4.86664581  -2.343  -4.007  -5.576  -7.082   0
   4.86673450  -2.341  -4.011  -5.582  -7.091   0
   4.86682272  -2.338  -4.014  -5.589  -7.101   0
   4.86691141  -2.335  -4.016  -5.594  -7.108   0
   4.86779451  -2.330  -4.026  -5.612  -7.134   0
   4.86867952  -2.333  -4.041  -5.632  -7.160   0
   4.86956787  -2.337  -4.055  -5.652  -7.185   0
   4.87045908  -2.340  -4.069  -5.672  -7.211   0
   4.87135363  -2.343  -4.083  -5.691  -7.236   0
   4.87225103  -2.346  -4.097  -5.711  -7.262   0
   4.87315273  -2.349  -4.112  -5.730  -7.287   0
   4.87405729  -2.352  -4.126  -5.750  -7.313   0
   4.87493229  -2.354  -4.139  -5.769  -7.337   0
   4.87576580  -2.357  -4.152  -5.786  -7.360   0
   4.87656212  -2.359  -4.164  -5.803  -7.382   0
   4.87747192  -2.362  -4.177  -5.822  -7.407   0
   4.87833643  -2.364  -4.190  -5.840  -7.430   0
   4.87916088  -2.366  -4.202  -5.857  -7.452   0
   4.88007593  -2.368  -4.215  -5.875  -7.476   0
   4.88094616  -2.372  -4.227  -5.892  -7.499   2
   4.88177490  -2.393  -4.243  -5.906  -7.520   0
   4.88267708  -2.417  -4.261  -5.921  -7.543   0
   4.88353443  -2.440  -4.278  -5.936  -7.565   0
   4.88397074  -2.453  -4.286  -5.943  -7.576   0
