   0.15000001  14.481  13.184  11.712   9.981   0
   0.20000000  13.016  12.064  10.773   9.231   0
   0.25000000  12.332  11.443  10.211   8.742   0
   0.30000001  11.800  10.960   9.774   8.361   0
   0.34999999  11.356  10.558   9.410   8.045   0
   0.40000001  10.852  10.096   8.986   7.670   0
   0.44999999  10.380   9.675   8.609   7.353   0
   0.50000000   9.840   9.206   8.191   7.005   0
   0.55000001   9.165   8.651   7.706   6.615   0
   0.60000002   8.408   8.062   7.198   6.209   0
   0.68221253   7.162   7.115   6.404   5.572   0
   0.69999999   6.930   6.933   6.255   5.450   0
   0.79312122   5.864   6.051   5.529   4.853   0
   0.80000001   5.801   5.993   5.480   4.813   0
   0.81010681   5.712   5.909   5.408   4.751   0
   0.87886530   5.139   5.363   4.934   4.348   0
   0.89999998   4.983   5.204   4.793   4.228   0
   0.94867516   4.635   4.848   4.478   3.962   0
   0.99550605   4.331   4.515   4.180   3.713   0
   1.00000000   4.302   4.484   4.152   3.689   0
   1.00537395   4.268   4.446   4.118   3.662   0
   1.04749691   4.009   4.155   3.860   3.455   0
   1.08459055   3.790   3.903   3.636   3.277   0
   1.10000002   3.699   3.798   3.543   3.203   0
   1.11018825   3.641   3.728   3.482   3.159   0
   1.13040674   3.526   3.591   3.363   3.073   0
   1.14754808   3.430   3.476   3.263   3.000   0
   1.16238010   3.348   3.378   3.178   2.938   0
   1.17536891   3.278   3.298   3.109   2.888   0
   1.18703759   3.218   3.228   3.050   2.844   0
   1.19755864   3.166   3.168   2.998   2.806   0
   1.20000005   3.154   3.155   2.987   2.797   0
   1.20242882   3.141   3.140   2.974   2.788   0
   1.22460771   3.022   3.004   2.856   2.698   0
   1.23653579   2.958   2.932   2.793   2.648   0
   1.24645054   2.906   2.878   2.746   2.609   0
   1.27449715   2.761   2.726   2.611   2.496   0
   1.29999995   2.627   2.587   2.484   2.382   0
   1.31659508   2.542   2.499   2.402   2.305   0
   1.34103584   2.416   2.369   2.275   2.181   1
   1.36595774   2.286   2.234   2.138   2.039   0
   1.39098048   2.153   2.093   1.990   1.877   0
   1.39999998   2.104   2.040   1.933   1.814   0
   1.40623105   2.070   2.003   1.894   1.770   0
   1.41531825   2.016   1.945   1.833   1.705   0
   1.41839731   1.995   1.924   1.812   1.683   0
   1.42507434   1.939   1.867   1.764   1.646   0
   1.42799413   1.895   1.827   1.739   1.640   0
   1.42996740   1.827   1.766   1.707   1.646   0
   1.43054056   1.764   1.727   1.686   1.646   0
   1.43086445   1.692   1.675   1.650   1.629   0
   1.43099189   1.716   1.689   1.656   1.625   4
   1.43136060   1.687   1.623   1.568   1.509   0
   1.43250847   1.630   1.550   1.464   1.360   0
   1.43491518   1.601   1.525   1.397   1.234   0
   1.43694544   1.589   1.527   1.360   1.141   0
   1.43889105   1.589   1.559   1.343   1.049   3
   1.44022858   1.602   1.607   1.349   0.986   0
   1.44146729   1.634   1.675   1.366   0.927   0
   1.44262743   1.687   1.756   1.395   0.882   0
   1.44374073   1.752   1.839   1.435   0.864   0
   1.44519794   1.885   1.974   1.512   0.878   0
   1.44668543   2.071   2.149   1.630   0.941   0
   1.44822013   2.240   2.297   1.731   0.997   0
   1.44897330   2.298   2.346   1.760   1.009   4
   1.45283043   2.230   2.223   1.583   0.789   0
   1.45562828   2.052   2.023   1.365   0.555   0
   1.45811534   1.877   1.831   1.159   0.338   0
   1.46041298   1.711   1.649   0.965   0.134   0
   1.46246421   1.566   1.487   0.791  -0.050   0
   1.46417379   1.447   1.349   0.643  -0.207   0
   1.46568191   1.338   1.224   0.507  -0.351   0
   1.46700215   1.230   1.099   0.372  -0.494   0
   1.46820581   1.127   0.981   0.243  -0.631   0
   1.46924603   1.033   0.870   0.122  -0.760   0
   1.47018147   0.945   0.765   0.005  -0.886   0
   1.47102380   0.854   0.658  -0.113  -1.012   0
   1.47176623   0.767   0.553  -0.229  -1.138   0
   1.47245812   0.677   0.445  -0.350  -1.269   0
   1.47305334   0.592   0.342  -0.467  -1.395   0
   1.47359681   0.513   0.246  -0.575  -1.513   0
   1.47419083   0.451   0.164  -0.668  -1.614   0
   1.47432101   0.443   0.155  -0.679  -1.626   0
   1.47485375   0.519   0.259  -0.557  -1.491   1
   1.47542310   0.430   0.142  -0.691  -1.638   0
   1.47596014   0.345   0.026  -0.825  -1.785   0
   1.47646713   0.262  -0.089  -0.958  -1.931   0
   1.47696674   0.176  -0.210  -1.099  -2.086   0
   1.47739351   0.103  -0.319  -1.229  -2.231   0
   1.47776365   0.033  -0.423  -1.354  -2.371   0
   1.47811985  -0.039  -0.531  -1.483  -2.516   0
   1.47842622  -0.103  -0.631  -1.605  -2.653   0
   1.47871661  -0.152  -0.727  -1.727  -2.794   0
   1.47896636  -0.183  -0.809  -1.836  -2.923   0
   1.47920024  -0.241  -0.906  -1.953  -3.055   0
   1.47940481  -0.278  -0.992  -2.064  -3.185   0
   1.47959363  -0.309  -1.073  -2.171  -3.312   0
   1.47975981  -0.337  -1.150  -2.273  -3.432   0
   1.47991252  -0.364  -1.225  -2.374  -3.551   0
   1.48007178  -0.371  -1.297  -2.480  -3.683   0
   1.48019969  -0.389  -1.364  -2.570  -3.793   0
   1.48026478  -0.397  -1.396  -2.615  -3.848   2
   1.48026478   1.007   0.957   0.321  -0.474   1
   1.48144650   1.009   0.954   0.310  -0.491   0
   1.48289406   0.995   0.937   0.290  -0.513   0
   1.48429942   0.975   0.918   0.273  -0.529   0
   1.48581731   0.953   0.897   0.254  -0.545   0
   1.48738742   0.930   0.875   0.235  -0.563   0
   1.48900676   0.907   0.853   0.215  -0.581   0
   1.49067366   0.882   0.829   0.194  -0.601   0
   1.49237072   0.858   0.805   0.172  -0.620   0
   1.49405026   0.834   0.782   0.151  -0.640   0
   1.49571300   0.812   0.760   0.131  -0.659   0
   1.49738061   0.792   0.740   0.112  -0.677   0
   1.49901044   0.773   0.721   0.093  -0.695   0
   1.49922299   0.770   0.718   0.090  -0.698   0
   1.50064814   0.756   0.704   0.075  -0.713   0
   1.50235093   0.741   0.687   0.057  -0.732   0
   1.50414145   0.728   0.671   0.039  -0.753   0
   1.50589228   0.718   0.658   0.021  -0.774   0
   1.50795197   0.709   0.642  -0.002  -0.804   0
   1.50916421   0.702   0.631  -0.020  -0.827   0
   1.51018834   0.694   0.617  -0.042  -0.854   0
   1.51345706   0.653   0.557  -0.123  -0.953   0
   1.51370955   0.636   0.527  -0.166  -1.006   0
   1.51390231   0.599   0.465  -0.247  -1.102   0
   1.51396024   0.566   0.414  -0.311  -1.176   0
   1.51400495   0.491   0.308  -0.441  -1.323   0
   1.51402771   0.398   0.188  -0.581  -1.479   0
   1.51405323   0.296   0.056  -0.736  -1.652   0
   1.51409912   0.221  -0.040  -0.849  -1.777   0
   1.51427639   0.301   0.063  -0.727  -1.642   1
   1.51467168   0.196  -0.072  -0.887  -1.819   0
   1.51485980   0.115  -0.193  -1.032  -1.983   0
   1.51502347   0.016  -0.339  -1.206  -2.176   0
   1.51511669  -0.066  -0.470  -1.365  -2.355   0
   1.51521027  -0.145  -0.596  -1.520  -2.531   0
   1.51530385  -0.210  -0.704  -1.655  -2.685   0
   1.51540995  -0.269  -0.816  -1.800  -2.853   0
   1.51550162  -0.308  -0.925  -1.946  -3.028   0
   1.51558161  -0.364  -1.050  -2.106  -3.214   0
   1.51562834  -0.386  -1.135  -2.224  -3.357   0
   1.51567090  -0.423  -1.232  -2.353  -3.509   0
   1.51571023  -0.433  -1.314  -2.473  -3.656   0
   1.51575005  -0.452  -1.396  -2.587  -3.796   0
   1.51578987  -0.473  -1.526  -2.771  -4.024   0
   1.51579618  -0.467  -1.593  -2.875  -4.157   0
   1.51579833  -0.470  -1.605  -2.891  -4.177   0
   1.51580513  -0.468  -1.621  -2.916  -4.209   0
   1.51581192  -0.467  -1.637  -2.941  -4.241   0
   1.51581740  -0.465  -1.649  -2.960  -4.266   0
   1.51582420  -0.463  -1.665  -2.985  -4.297   0
   1.51583099  -0.461  -1.681  -3.009  -4.329   0
   1.51583779  -0.459  -1.696  -3.034  -4.360   0
   1.51584470  -0.456  -1.712  -3.058  -4.392   0
   1.51585150  -0.454  -1.727  -3.083  -4.424   0
   1.51585674  -0.451  -1.739  -3.102  -4.449   0
   1.51586330  -0.448  -1.755  -3.127  -4.480   0
   1.51586998  -0.445  -1.770  -3.151  -4.512   0
   1.51587522  -0.443  -1.782  -3.171  -4.537   0
   1.51588190  -0.439  -1.796  -3.194  -4.568   0
   1.51588857  -0.434  -1.810  -3.216  -4.598   0
   1.51589513  -0.430  -1.823  -3.239  -4.629   0
   1.51590180  -0.425  -1.837  -3.261  -4.659   0
   1.51590836  -0.420  -1.849  -3.283  -4.689   0
   1.51591504  -0.414  -1.861  -3.305  -4.720   0
   1.51592159  -0.407  -1.873  -3.326  -4.750   0
   1.51592696  -0.402  -1.883  -3.343  -4.775   0
   1.51593351  -0.395  -1.894  -3.364  -4.804   0
   1.51594007  -0.390  -1.901  -3.378  -4.825   0
   1.51594520  -0.387  -1.906  -3.387  -4.837   0
   1.51595163  -0.384  -1.911  -3.397  -4.852   0
   1.51595676  -0.381  -1.916  -3.405  -4.863   0
   1.51596320  -0.377  -1.921  -3.416  -4.878   0
   1.51596832  -0.374  -1.926  -3.424  -4.890   0
   1.51597476  -0.371  -1.931  -3.434  -4.905   0
   1.51598120  -0.367  -1.937  -3.445  -4.919   0
   1.51599562  -0.361  -1.944  -3.460  -4.941   0
   1.51601517  -0.353  -1.955  -3.480  -4.970   0
   1.51603460  -0.345  -1.965  -3.500  -4.999   0
   1.51605380  -0.336  -1.975  -3.520  -5.028   0
   1.51607299  -0.328  -1.985  -3.540  -5.057   0
   1.51609206  -0.319  -1.995  -3.560  -5.086   0
   1.51611090  -0.310  -2.005  -3.580  -5.115   0
   1.51612961  -0.301  -2.015  -3.600  -5.144   0
   1.51614833  -0.292  -2.025  -3.620  -5.173   0
   1.51616681  -0.282  -2.034  -3.640  -5.202   0
   1.51618505  -0.272  -2.044  -3.660  -5.231   0
   1.51620328  -0.262  -2.053  -3.679  -5.260   0
   1.51622140  -0.252  -2.062  -3.699  -5.289   0
   1.51623929  -0.252  -2.068  -3.710  -5.315   0
   1.51625705  -0.253  -2.074  -3.722  -5.341   0
   1.51627469  -0.255  -2.081  -3.734  -5.367   0
   1.51629221  -0.258  -2.088  -3.746  -5.393   0
   1.51630950  -0.261  -2.095  -3.758  -5.420   0
   1.51632679  -0.265  -2.103  -3.770  -5.446   0
   1.51634383  -0.284  -2.118  -3.786  -5.472   2
   1.51636076  -0.308  -2.136  -3.802  -5.500   0
   1.51637757  -0.334  -2.156  -3.820  -5.527   0
   1.51639426  -0.361  -2.177  -3.838  -5.555   0
   1.51641071  -0.391  -2.198  -3.857  -5.584   0
   1.51642704  -0.423  -2.221  -3.877  -5.612   0
   1.51644337  -0.456  -2.245  -3.897  -5.642   0
   1.51645935  -0.492  -2.271  -3.918  -5.671   0
   1.51647532  -0.530  -2.298  -3.940  -5.701   0
   1.51649117  -0.570  -2.326  -3.963  -5.731   0
   1.51650679  -0.613  -2.355  -3.986  -5.762   0
   1.51652229  -0.657  -2.386  -4.010  -5.793   0
   1.51653767  -0.704  -2.418  -4.035  -5.825   0
   1.51655293  -0.753  -2.451  -4.060  -5.856   0
   1.51656806  -0.804  -2.485  -4.086  -5.887   0
   1.51658320  -0.857  -2.521  -4.112  -5.919   0
   1.51659822  -0.912  -2.558  -4.139  -5.951   0
   1.51661325  -0.970  -2.596  -4.167  -5.983   0
   1.51662743  -1.000  -2.604  -4.169  -6.004   3
   1.51664221  -1.042  -2.607  -4.159  -6.021   0
   1.51664495  -1.022  -2.576  -4.129  -6.011   0
