   0.15000001  14.496  13.195  11.720   9.987   0
   0.20000000  13.031  12.077  10.785   9.241   0
   0.25000000  12.347  11.458  10.225   8.755   0
   0.30000001  11.817  10.975   9.788   8.374   0
   0.34999999  11.373  10.574   9.425   8.059   0
   0.40000001  10.875  10.117   9.006   7.689   0
   0.44999999  10.405   9.698   8.631   7.372   0
   0.50000000   9.875   9.237   8.220   7.029   0
   0.55000001   9.217   8.696   7.747   6.649   0
   0.60000002   8.483   8.121   7.251   6.254   0
   0.69999999   7.038   7.021   6.329   5.513   0
   0.78862071   6.042   6.207   5.660   4.964   0
   0.80000001   5.929   6.110   5.581   4.899   0
   0.81754130   5.775   5.968   5.459   4.795   0
   0.89999998   5.123   5.347   4.922   4.339   0
   1.00000000   4.504   4.706   4.354   3.864   0
   1.10000002   4.007   4.149   3.863   3.474   0
   1.20000005   3.565   3.618   3.407   3.151   0
   1.29999995   3.177   3.164   3.030   2.899   0
   1.36089683   2.968   2.941   2.850   2.777   0
   1.39999998   2.835   2.820   2.751   2.703   0
   1.42983603   2.733   2.728   2.674   2.646   0
   1.50000000   2.506   2.543   2.520   2.523   0
   1.60000002   2.208   2.312   2.321   2.353   0
   1.64999998   2.076   2.211   2.233   2.274   0
   1.70000005   1.948   2.116   2.148   2.198   0
   1.75000000   1.829   2.024   2.066   2.122   0
   1.75963819   1.805   2.005   2.049   2.107   0
   1.79999995   1.706   1.927   1.977   2.040   0
   1.89999998   1.478   1.747   1.810   1.884   0
   1.96321273   1.339   1.636   1.706   1.785   0
   2.00000000   1.259   1.570   1.644   1.726   0
   2.12292027   1.002   1.357   1.441   1.533   0
   2.20000005   0.843   1.219   1.308   1.404   0
   2.26132298   0.720   1.111   1.204   1.302   0
   2.37994409   0.479   0.895   0.993   1.096   0
   2.47821259   0.274   0.702   0.805   0.910   0
   2.50000000   0.227   0.657   0.760   0.865   0
   2.56929636   0.085   0.520   0.625   0.731   0
   2.64875770  -0.086   0.350   0.456   0.561   0
   2.71704674  -0.242   0.190   0.296   0.399   1
   2.77597666  -0.384   0.039   0.144   0.244   0
   2.82766700  -0.515  -0.106  -0.002   0.093   0
   2.87322140  -0.639  -0.245  -0.144  -0.053   0
   2.89419103  -0.698  -0.312  -0.212  -0.123   0
   2.91408277  -0.755  -0.374  -0.274  -0.187   0
   2.92501760  -0.786  -0.404  -0.305  -0.218   0
   2.93612504  -0.815  -0.424  -0.323  -0.235   3
   2.94297719  -0.828  -0.420  -0.316  -0.223   0
   2.94767523  -0.832  -0.387  -0.275  -0.173   0
   2.94901228  -0.840  -0.364  -0.246  -0.135   0
   2.94978046  -0.861  -0.351  -0.227  -0.108   0
   2.94987917  -0.850  -0.344  -0.220  -0.101   0
   2.95012093  -0.806  -0.332  -0.214  -0.104   0
   2.95043445  -0.881  -0.442  -0.332  -0.231   0
   2.95089555  -1.007  -0.607  -0.503  -0.414   0
   2.95140982  -1.095  -0.732  -0.636  -0.557   0
   2.95207119  -1.171  -0.856  -0.768  -0.702   0
   2.95288253  -1.238  -0.985  -0.908  -0.857   0
   2.95358086  -1.284  -1.090  -1.023  -0.987   0
   2.95408511  -1.310  -1.163  -1.105  -1.082   0
   2.95476127  -1.331  -1.259  -1.219  -1.215   0
   2.95522690  -1.332  -1.322  -1.297  -1.312   0
   2.95570564  -1.313  -1.372  -1.372  -1.414   0
   2.95618653  -1.272  -1.396  -1.432  -1.520   0
   2.95666981  -1.207  -1.362  -1.459  -1.630   3
   2.95691133  -1.163  -1.304  -1.452  -1.685   0
   2.95715022  -1.108  -1.221  -1.426  -1.736   0
   2.95739174  -1.035  -1.110  -1.382  -1.784   0
   2.95763040  -0.932  -0.966  -1.317  -1.824   0
   2.95786905  -0.784  -0.794  -1.233  -1.845   0
   2.95831943  -0.478  -0.499  -1.049  -1.773   0
   2.95876980  -0.205  -0.269  -0.902  -1.695   4
   2.95924830  -0.279  -0.385  -1.070  -1.904   0
   2.95966005  -0.351  -0.490  -1.199  -2.052   0
   2.96017122  -0.422  -0.586  -1.314  -2.181   0
   2.96072054  -0.489  -0.675  -1.419  -2.299   0
   2.96131587  -0.566  -0.772  -1.531  -2.422   0
   2.96193027  -0.644  -0.870  -1.643  -2.545   0
   2.96254182  -0.707  -0.949  -1.736  -2.648   0
   2.96283221  -0.722  -0.971  -1.762  -2.677   2
   2.96567082  -0.695  -0.933  -1.716  -2.625   0
   2.97637463  -0.632  -0.844  -1.606  -2.498   0
   2.98903418  -0.598  -0.791  -1.538  -2.419   0
   3.00000000  -0.591  -0.768  -1.501  -2.372   0
   3.02062845  -0.595  -0.741  -1.449  -2.301   0
   3.02964234  -0.630  -0.762  -1.456  -2.298   0
   3.04841352  -0.877  -0.975  -1.611  -2.405   0
   3.05776238  -1.100  -1.166  -1.744  -2.491   0
   3.06603956  -1.285  -1.337  -1.852  -2.541   0
   3.07107615  -1.424  -1.467  -1.921  -2.551   0
   3.07515836  -1.526  -1.579  -1.977  -2.544   0
   3.07913017  -1.616  -1.686  -2.030  -2.531   0
   3.08354688  -1.697  -1.790  -2.082  -2.516   0
   3.08794641  -1.759  -1.877  -2.124  -2.497   0
   3.09337854  -1.826  -1.968  -2.166  -2.477   0
   3.09905839  -1.887  -2.050  -2.201  -2.456   0
   3.10672307  -1.954  -2.122  -2.233  -2.437   0
   3.11757684  -2.029  -2.198  -2.272  -2.429   0
   3.12742567  -2.080  -2.242  -2.303  -2.445   1
   3.14067817  -2.094  -2.265  -2.362  -2.551   0
   3.14716315  -2.079  -2.254  -2.389  -2.629   0
   3.15047240  -2.052  -2.205  -2.391  -2.691   0
   3.15334654  -2.011  -2.138  -2.382  -2.755   0
   3.15526700  -1.961  -2.062  -2.362  -2.808   0
   3.15655684  -1.903  -1.984  -2.336  -2.848   0
   3.15761185  -1.825  -1.892  -2.303  -2.884   0
   3.15842080  -1.723  -1.786  -2.262  -2.913   0
   3.15914416  -1.589  -1.665  -2.207  -2.923   0
   3.15977454  -1.407  -1.513  -2.125  -2.901   0
   3.16021824  -1.214  -1.350  -2.019  -2.841   0
   3.16048455  -1.038  -1.211  -1.927  -2.785   0
   3.16049695  -1.029  -1.205  -1.924  -2.784   4
   3.16067076  -1.038  -1.284  -2.064  -2.968   0
   3.16073847  -1.107  -1.382  -2.184  -3.106   0
   3.16086984  -1.184  -1.491  -2.319  -3.259   0
   3.16196680  -1.250  -1.616  -2.479  -3.445   0
   3.16230106  -1.315  -1.721  -2.609  -3.593   0
   3.16263509  -1.376  -1.823  -2.736  -3.737   0
   3.16308355  -1.440  -1.935  -2.879  -3.901   0
   3.16355276  -1.479  -2.036  -3.019  -4.068   0
   3.16406417  -1.541  -2.163  -3.183  -4.259   0
   3.16449070  -1.591  -2.279  -3.332  -4.434   0
   3.16491723  -1.622  -2.399  -3.499  -4.635   0
   3.16527605  -1.660  -2.523  -3.670  -4.840   0
   3.16558003  -1.685  -2.640  -3.838  -5.044   0
   3.16581178  -1.673  -2.728  -3.976  -5.223   0
   3.16597652  -1.674  -2.805  -4.090  -5.367   0
   3.16614103  -1.670  -2.890  -4.220  -5.532   0
   3.16628003  -1.627  -2.951  -4.333  -5.687   0
   3.16638541  -1.598  -3.002  -4.428  -5.816   0
   3.16649938  -1.590  -3.068  -4.532  -5.956   0
   3.16660476  -1.528  -3.105  -4.622  -6.094   0
   3.16681123  -1.618  -3.061  -4.507  -5.913   0
   3.16682386  -1.626  -3.030  -4.456  -5.843   1
   3.16685343  -1.595  -3.074  -4.540  -5.964   0
   3.16689563  -1.538  -3.108  -4.622  -6.090   0
   3.16690826  -1.514  -3.128  -4.665  -6.155   0
   3.16695499  -1.507  -3.140  -4.687  -6.186   0
   3.16700077  -1.499  -3.151  -4.708  -6.216   0
   3.16704655  -1.491  -3.163  -4.730  -6.247   0
   3.16709256  -1.484  -3.174  -4.751  -6.277   0
   3.16713834  -1.476  -3.185  -4.772  -6.308   0
   3.16718411  -1.468  -3.196  -4.794  -6.338   0
   3.16723013  -1.460  -3.207  -4.815  -6.369   0
   3.16727591  -1.451  -3.218  -4.836  -6.399   0
   3.16732168  -1.444  -3.226  -4.852  -6.422   0
   3.16736770  -1.438  -3.234  -4.867  -6.444   0
   3.16741347  -1.432  -3.241  -4.882  -6.465   0
   3.16745925  -1.426  -3.248  -4.896  -6.485   0
   3.16750526  -1.420  -3.255  -4.910  -6.506   0
   3.16755104  -1.423  -3.267  -4.926  -6.526   0
   3.16763163  -1.424  -3.276  -4.939  -6.543   0
   3.16780686  -1.435  -3.289  -4.954  -6.566   2
   3.16798258  -1.451  -3.302  -4.966  -6.588   0
   3.16815853  -1.468  -3.315  -4.979  -6.609   0
   3.16833448  -1.485  -3.329  -4.993  -6.631   0
   3.16851115  -1.504  -3.343  -5.006  -6.652   0
   3.16868854  -1.523  -3.358  -5.019  -6.673   0
   3.16886663  -1.543  -3.373  -5.033  -6.695   0
   3.16904593  -1.563  -3.388  -5.047  -6.716   0
   3.16922641  -1.585  -3.404  -5.061  -6.737   0
   3.16945434  -1.613  -3.425  -5.079  -6.764   0
   3.16968513  -1.642  -3.446  -5.097  -6.790   0
   3.16991997  -1.673  -3.468  -5.116  -6.817   0
   3.17015886  -1.705  -3.491  -5.135  -6.844   0
   3.17039800  -1.739  -3.515  -5.155  -6.870   0
   3.17062879  -1.772  -3.539  -5.174  -6.897   0
   3.17084813  -1.806  -3.562  -5.192  -6.921   0
   3.17109752  -1.845  -3.590  -5.214  -6.950   0
   3.17133331  -1.884  -3.616  -5.235  -6.977   0
   3.17155695  -1.921  -3.642  -5.255  -7.002   0
   3.17180395  -1.965  -3.672  -5.278  -7.030   0
   3.17203593  -2.007  -3.700  -5.299  -7.057   0
   3.17227316  -2.052  -3.730  -5.322  -7.084   0
   3.17252636  -2.103  -3.762  -5.344  -7.110   0
   3.17264271  -2.129  -3.777  -5.352  -7.119   0
   3.17270446  -2.146  -3.785  -5.355  -7.120   3
   3.17273831  -2.158  -3.789  -5.354  -7.118   0
   3.17275691  -2.151  -3.781  -5.345  -7.110   0
   3.17276669  -2.143  -3.772  -5.336  -7.101   0
   3.17277169  -2.135  -3.763  -5.326  -7.092   0
   3.17277479  -2.125  -3.753  -5.315  -7.082   0
   3.17277789  -2.114  -3.741  -5.303  -7.071   0
   3.17278123  -2.099  -3.725  -5.287  -7.055   0
   3.17278433  -2.083  -3.707  -5.269  -7.038   0
   3.17278743  -2.065  -3.688  -5.249  -7.019   0
   3.17279124  -2.045  -3.667  -5.227  -6.998   0
