   0.15000001  14.387  13.117  11.659   9.943   0
   0.20000000  12.929  11.984  10.699   9.165   0
   0.25000000  12.232  11.351  10.125   8.664   0
   0.30000001  11.694  10.861   9.682   8.278   0
   0.34999999  11.245  10.455   9.315   7.959   0
   0.40000001  10.770  10.021   8.918   7.612   0
   0.44999999  10.276   9.582   8.526   7.283   0
   0.50000000   9.666   9.060   8.063   6.900   0
   0.55000001   8.884   8.426   7.511   6.459   0
   0.60000002   7.982   7.737   6.920   5.987   0
   0.60342991   7.918   7.689   6.879   5.954   0
   0.62989765   7.428   7.317   6.567   5.701   0
   0.65358353   7.010   6.991   6.298   5.480   0
   0.67522269   6.640   6.697   6.055   5.280   0
   0.69528711   6.321   6.430   5.833   5.094   0
   0.69999999   6.250   6.369   5.782   5.050   0
   0.70544016   6.168   6.298   5.721   4.998   0
   0.72281611   5.897   6.062   5.521   4.827   0
   0.73920876   5.649   5.838   5.328   4.660   0
   0.75526476   5.416   5.615   5.131   4.489   0
   0.77266264   5.152   5.359   4.903   4.287   0
   0.78312415   4.989   5.199   4.759   4.157   0
   0.79565328   4.794   5.000   4.575   3.990   0
   0.80000001   4.722   4.925   4.505   3.926   0
   0.80569732   4.627   4.826   4.413   3.842   0
   0.81604761   4.444   4.635   4.233   3.676   0
   0.81920266   4.386   4.574   4.175   3.622   0
   0.81998503   4.372   4.559   4.161   3.608   0
   0.82354349   4.303   4.487   4.091   3.541   0
   0.82663482   4.242   4.423   4.029   3.481   0
   0.83769846   3.998   4.167   3.773   3.223   1
   0.84380484   3.847   4.012   3.604   3.036   0
   0.84804088   3.738   3.897   3.465   2.867   0
   0.85075241   3.690   3.835   3.367   2.730   0
   0.85268253   3.709   3.831   3.311   2.624   0
   0.85431820   3.764   3.844   3.264   2.523   0
   0.85554576   3.766   3.805   3.184   2.408   0
   0.85649443   3.694   3.707   3.062   2.267   0
   0.85727090   3.592   3.588   2.929   2.122   0
   0.85805452   3.456   3.437   2.768   1.953   0
   0.85870898   3.322   3.292   2.615   1.793   0
   0.85928482   3.187   3.148   2.464   1.636   0
   0.85984498   3.048   2.999   2.307   1.472   0
   0.86032301   2.906   2.845   2.146   1.305   0
   0.86072928   2.780   2.707   2.001   1.154   0
   0.86110413   2.653   2.565   1.851   0.996   0
   0.86142123   2.535   2.431   1.709   0.847   0
   0.86171728   2.415   2.296   1.564   0.696   0
   0.86198711   2.293   2.158   1.416   0.540   0
   0.86222541   2.170   2.018   1.266   0.382   0
   0.86243391   2.053   1.885   1.122   0.228   0
   0.86261970   1.940   1.755   0.980   0.078   0
   0.86278445   1.825   1.625   0.840  -0.070   0
   0.86293691   1.717   1.497   0.699  -0.222   0
   0.86307889   1.607   1.367   0.555  -0.376   0
   0.86321914   1.506   1.244   0.419  -0.522   0
   0.86331731   1.459   1.187   0.356  -0.589   0
   0.86341196   1.513   1.263   0.446  -0.490   1
   0.86352241   1.401   1.118   0.282  -0.667   0
   0.86363286   1.290   0.975   0.121  -0.843   0
   0.86372238   1.195   0.850  -0.021  -0.997   0
   0.86380810   1.100   0.722  -0.168  -1.158   0
   0.86388052   1.010   0.598  -0.311  -1.315   0
   0.86394531   0.926   0.478  -0.452  -1.471   0
   0.86400253   0.846   0.360  -0.593  -1.628   0
   0.86405015   0.772   0.252  -0.722  -1.771   0
   0.86409783   0.708   0.141  -0.858  -1.926   0
   0.86413789   0.645   0.034  -0.987  -2.073   0
   0.86417222   0.594  -0.067  -1.113  -2.218   0
   0.86420655   0.534  -0.176  -1.248  -2.372   0
   0.86423320   0.495  -0.267  -1.365  -2.509   0
   0.86425990   0.458  -0.362  -1.491  -2.656   0
   0.86428475   0.417  -0.461  -1.620  -2.808   0
   0.86430573   0.390  -0.547  -1.735  -2.946   0
   0.86432290   0.374  -0.624  -1.842  -3.077   0
   0.86434197   0.358  -0.710  -1.962  -3.225   0
   0.86435914   0.360  -0.784  -2.074  -3.368   0
   0.86437058   0.375  -0.837  -2.162  -3.483   0
   0.86438394   0.377  -0.907  -2.268  -3.617   0
   0.86439538   0.370  -0.978  -2.371  -3.746   0
   0.86440682   0.365  -1.052  -2.479  -3.883   0
   0.86441827   0.386  -1.107  -2.573  -4.012   0
   0.86442018   0.389  -1.120  -2.594  -4.041   2
   0.86442018   1.350   1.308   0.700  -0.072   1
   0.86448193   1.339   1.291   0.676  -0.101   0
   0.86456984   1.328   1.278   0.661  -0.119   0
   0.86462981   1.322   1.271   0.653  -0.127   0
   0.86466497   1.320   1.269   0.651  -0.129   0
   0.86476982   1.312   1.263   0.648  -0.129   0
   0.86487901   1.302   1.258   0.649  -0.124   0
   0.86499327   1.293   1.253   0.651  -0.117   0
   0.86511147   1.284   1.248   0.651  -0.112   0
   0.86523241   1.274   1.242   0.650  -0.108   0
   0.86535400   1.266   1.236   0.648  -0.107   0
   0.86547178   1.259   1.230   0.645  -0.109   0
   0.86554372   1.255   1.227   0.642  -0.111   0
   0.86558652   1.254   1.225   0.640  -0.114   0
   0.86569488   1.250   1.220   0.632  -0.123   0
   0.86580348   1.248   1.214   0.623  -0.136   0
   0.86591691   1.245   1.206   0.609  -0.155   0
   0.86603475   1.238   1.194   0.590  -0.179   0
   0.86615205   1.228   1.177   0.565  -0.210   0
   0.86628681   1.216   1.155   0.532  -0.253   0
   0.86635882   1.207   1.141   0.511  -0.278   0
   0.86644602   1.186   1.112   0.474  -0.323   0
   0.86667180   1.115   1.015   0.346  -0.475   0
   0.86669159   1.078   0.964   0.278  -0.556   0
   0.86670643   1.020   0.872   0.160  -0.695   0
   0.86671078   0.973   0.799   0.067  -0.803   0
   0.86671430   0.874   0.649  -0.124  -1.026   0
   0.86671597   0.799   0.532  -0.275  -1.202   0
   0.86671776   0.714   0.404  -0.433  -1.381   0
   0.86672032   0.644   0.290  -0.573  -1.540   0
   0.86672199   0.633   0.269  -0.600  -1.572   0
   0.86673021   0.686   0.367  -0.476  -1.428   0
   0.86673707   0.697   0.384  -0.455  -1.405   1
   0.86676979   0.634   0.273  -0.595  -1.566   0
   0.86679095   0.549   0.123  -0.783  -1.781   0
   0.86680597   0.474  -0.015  -0.962  -1.988   0
   0.86681461   0.434  -0.101  -1.077  -2.124   0
   0.86682326   0.402  -0.188  -1.194  -2.263   0
   0.86683190   0.369  -0.278  -1.313  -2.405   0
   0.86684108   0.357  -0.380  -1.463  -2.591   0
   0.86684722   0.318  -0.484  -1.601  -2.754   0
   0.86685193   0.316  -0.559  -1.714  -2.896   0
   0.86685610   0.307  -0.639  -1.831  -3.041   0
   0.86685991   0.298  -0.717  -1.944  -3.182   0
   0.86686367   0.305  -0.785  -2.050  -3.318   0
   0.86686760   0.331  -0.844  -2.151  -3.453   0
   0.86687112   0.367  -0.913  -2.272  -3.617   0
   0.86687154   0.372  -0.931  -2.302  -3.655   0
   0.86687219   0.375  -0.946  -2.326  -3.687   0
   0.86687291   0.379  -0.961  -2.350  -3.718   0
   0.86687356   0.384  -0.975  -2.373  -3.749   0
   0.86687428   0.388  -0.988  -2.395  -3.780   0
   0.86687493   0.393  -1.002  -2.418  -3.811   0
   0.86687565   0.398  -1.015  -2.440  -3.841   0
   0.86687618   0.402  -1.026  -2.458  -3.865   0
   0.86687684   0.408  -1.039  -2.480  -3.896   0
   0.86687744   0.413  -1.048  -2.498  -3.921   0
   0.86687809   0.420  -1.060  -2.519  -3.951   0
   0.86687875   0.427  -1.072  -2.541  -3.982   0
   0.86687946   0.434  -1.083  -2.562  -4.013   0
   0.86688000   0.440  -1.092  -2.580  -4.037   0
   0.86688066   0.447  -1.104  -2.601  -4.068   0
   0.86688125   0.453  -1.113  -2.618  -4.092   0
   0.86688191   0.461  -1.124  -2.640  -4.123   0
   0.86688262   0.469  -1.135  -2.661  -4.153   0
   0.86688328   0.477  -1.147  -2.682  -4.184   0
   0.86688399   0.485  -1.158  -2.704  -4.214   0
   0.86688465   0.493  -1.169  -2.725  -4.245   0
   0.86688530   0.502  -1.180  -2.746  -4.276   0
   0.86688602   0.512  -1.192  -2.770  -4.310   0
   0.86688668   0.521  -1.203  -2.793  -4.343   0
   0.86688739   0.532  -1.215  -2.816  -4.376   0
   0.86688805   0.542  -1.226  -2.839  -4.409   0
   0.86688858   0.550  -1.235  -2.857  -4.436   0
   0.86688918   0.557  -1.242  -2.872  -4.461   0
   0.86688983   0.558  -1.247  -2.882  -4.483   0
   0.86689055   0.557  -1.251  -2.891  -4.503   0
   0.86689121   0.557  -1.256  -2.900  -4.524   0
   0.86689186   0.555  -1.261  -2.910  -4.545   0
   0.86689246   0.554  -1.266  -2.917  -4.561   0
   0.86689311   0.552  -1.271  -2.927  -4.582   0
   0.86689383   0.549  -1.277  -2.936  -4.603   0
   0.86689448   0.547  -1.283  -2.946  -4.623   0
   0.86689520   0.543  -1.289  -2.955  -4.644   0
   0.86689585   0.539  -1.295  -2.964  -4.662   2
   0.86689734   0.512  -1.315  -2.982  -4.692   0
   0.86689883   0.483  -1.336  -3.001  -4.722   0
   0.86690021   0.452  -1.359  -3.020  -4.752   0
   0.86690158   0.419  -1.382  -3.040  -4.781   0
   0.86690295   0.383  -1.407  -3.061  -4.812   0
   0.86690432   0.344  -1.434  -3.083  -4.843   0
   0.86690569   0.301  -1.464  -3.106  -4.875   0
   0.86690640   0.276  -1.481  -3.119  -4.893   0
