   0.15000001  14.322  13.071  11.623   9.916   0
   0.20000000  12.869  11.929  10.648   9.119   0
   0.25000000  12.164  11.286  10.065   8.609   0
   0.30000001  11.621  10.793   9.619   8.221   0
   0.34999999  11.169  10.384   9.249   7.900   0
   0.40000001  10.726   9.983   8.884   7.585   0
   0.44999999  10.208   9.522   8.472   7.238   0
   0.50000000   9.538   8.955   7.971   6.826   0
   0.55000001   8.659   8.253   7.362   6.340   0
   0.60000002   7.640   7.476   6.700   5.807   0
   0.60166389   7.604   7.449   6.677   5.789   0
   0.61954248   7.220   7.155   6.430   5.586   0
   0.63632798   6.881   6.883   6.204   5.398   0
   0.65232545   6.550   6.616   5.981   5.210   0
   0.66776258   6.243   6.355   5.761   5.023   0
   0.68356442   5.928   6.078   5.523   4.817   0
   0.69257492   5.745   5.915   5.381   4.692   0
   0.69999999   5.593   5.776   5.258   4.582   0
   0.70139933   5.566   5.749   5.234   4.561   0
   0.71262097   5.329   5.517   5.024   4.371   0
   0.72624266   5.004   5.195   4.727   4.099   0
   0.72908771   4.933   5.124   4.662   4.038   0
   0.73187995   4.862   5.052   4.594   3.974   0
   0.73394847   4.807   4.997   4.541   3.923   0
   0.73440826   4.795   4.984   4.529   3.911   0
   0.74428385   4.517   4.696   4.244   3.628   1
   0.75010192   4.333   4.498   4.027   3.390   0
   0.75413126   4.224   4.361   3.841   3.155   0
   0.75670785   4.190   4.265   3.668   2.914   0
   0.75815779   4.063   4.088   3.451   2.664   0
   0.75904053   3.962   3.959   3.296   2.489   0
   0.75977302   3.837   3.814   3.133   2.311   0
   0.76029348   3.720   3.684   2.994   2.163   0
   0.76074976   3.603   3.556   2.858   2.020   0
   0.76114923   3.486   3.427   2.722   1.878   0
   0.76152372   3.362   3.292   2.582   1.733   0
   0.76188707   3.232   3.151   2.436   1.581   0
   0.76219279   3.111   3.021   2.299   1.440   0
   0.76246738   2.990   2.890   2.162   1.298   0
   0.76271987   2.873   2.760   2.026   1.157   0
   0.76293445   2.762   2.636   1.895   1.019   0
   0.76313668   2.645   2.507   1.759   0.877   0
   0.76330906   2.536   2.386   1.630   0.743   0
   0.76346952   2.428   2.264   1.500   0.606   0
   0.76361179   2.323   2.145   1.373   0.472   0
   0.76373160   2.222   2.033   1.252   0.345   0
   0.76384199   2.123   1.922   1.133   0.219   0
   0.76393974   2.030   1.816   1.018   0.097   0
   0.76402545   1.944   1.715   0.907  -0.021   0
   0.76410306   1.859   1.617   0.801  -0.134   0
   0.76417440   1.786   1.527   0.702  -0.240   0
   0.76424903   1.722   1.448   0.616  -0.332   0
   0.76428854   1.698   1.420   0.585  -0.364   2
   0.76434654   1.711   1.442   0.612  -0.334   0
   0.76442927   1.599   1.300   0.454  -0.505   0
   0.76449835   1.497   1.169   0.307  -0.664   0
   0.76456106   1.397   1.038   0.158  -0.826   0
   0.76461834   1.298   0.906   0.007  -0.990   0
   0.76466841   1.203   0.775  -0.144  -1.156   0
   0.76471382   1.112   0.647  -0.294  -1.322   0
   0.76474839   1.033   0.532  -0.431  -1.474   0
   0.76477838   0.965   0.424  -0.561  -1.621   0
   0.76480746   0.892   0.308  -0.699  -1.776   0
   0.76483202   0.829   0.199  -0.831  -1.925   0
   0.76485384   0.777   0.098  -0.958  -2.072   0
   0.76487201   0.727   0.001  -1.079  -2.210   0
   0.76489025   0.676  -0.106  -1.215  -2.366   0
   0.76490569   0.642  -0.196  -1.334  -2.507   0
   0.76491928   0.607  -0.282  -1.448  -2.641   0
   0.76493204   0.588  -0.364  -1.559  -2.777   0
   0.76494294   0.554  -0.457  -1.681  -2.922   0
   0.76495206   0.552  -0.520  -1.774  -3.040   0
   0.76496112   0.534  -0.593  -1.876  -3.163   0
   0.76496935   0.550  -0.649  -1.967  -3.283   0
   0.76497662   0.567  -0.711  -2.069  -3.416   0
   0.76498294   0.550  -0.781  -2.165  -3.533   0
   0.76498932   0.549  -0.847  -2.263  -3.658   0
   0.76499480   0.556  -0.903  -2.350  -3.773   0
   0.76500022   0.575  -0.949  -2.432  -3.887   0
   0.76500475   0.608  -0.983  -2.501  -3.987   0
   0.76500750   0.616  -1.012  -2.550  -4.053   2
   0.76500750   1.096   0.975   0.922   0.824   1
   0.76504058   1.058   0.920   0.811   0.637   0
   0.76508361   1.052   0.917   0.802   0.620   0
   0.76508826   1.052   0.916   0.801   0.619   0
   0.76513714   1.050   0.914   0.800   0.620   0
   0.76519483   1.050   0.912   0.802   0.626   0
   0.76525456   1.051   0.912   0.806   0.634   0
   0.76532149   1.051   0.914   0.811   0.644   0
   0.76537037   1.050   0.911   0.804   0.632   0
   0.76542246   1.048   0.911   0.800   0.624   0
   0.76547515   1.045   0.912   0.790   0.599   0
   0.76552808   1.041   0.913   0.776   0.566   0
   0.76558101   1.036   0.915   0.755   0.517   0
   0.76563501   1.031   0.919   0.734   0.462   0
   0.76568925   1.024   0.932   0.715   0.397   0
   0.76574558   1.018   0.948   0.694   0.323   0
   0.76580173   1.017   0.970   0.676   0.247   0
   0.76586145   1.023   0.997   0.657   0.164   0
   0.76593262   1.031   1.023   0.632   0.073   0
   0.76596773   1.040   1.034   0.615   0.025   0
   0.76601118   1.037   1.033   0.588  -0.030   0
   0.76609743   1.016   1.000   0.498  -0.180   0
   0.76611263   1.002   0.971   0.430  -0.285   0
   0.76612025   0.977   0.909   0.306  -0.461   0
   0.76612246   0.947   0.847   0.204  -0.597   0
   0.76612431   0.860   0.700  -0.008  -0.861   0
   0.76612496   0.805   0.607  -0.133  -1.009   0
   0.76612568   0.749   0.512  -0.260  -1.159   0
   0.76612639   0.689   0.413  -0.389  -1.311   0
   0.76612741   0.628   0.317  -0.514  -1.457   0
   0.76612872   0.618   0.286  -0.558  -1.510   0
   0.76613277   0.661   0.378  -0.431  -1.357   0
   0.76613706   0.675   0.402  -0.398  -1.318   1
   0.76615471   0.618   0.294  -0.545  -1.493   0
   0.76616514   0.551   0.164  -0.714  -1.690   0
   0.76617295   0.498   0.054  -0.860  -1.861   0
   0.76618081   0.467  -0.052  -1.014  -2.049   0
   0.76618701   0.415  -0.161  -1.158  -2.218   0
   0.76619190   0.377  -0.267  -1.300  -2.387   0
   0.76619583   0.364  -0.368  -1.447  -2.569   0
   0.76619846   0.345  -0.450  -1.561  -2.707   0
   0.76620084   0.340  -0.528  -1.678  -2.853   0
   0.76620299   0.338  -0.601  -1.790  -2.993   0
   0.76620513   0.333  -0.676  -1.900  -3.132   0
   0.76620728   0.335  -0.748  -2.009  -3.270   0
   0.76620919   0.360  -0.805  -2.107  -3.401   0
   0.76620966   0.333  -0.766  -2.036  -3.304   1
   0.76620984   0.362  -0.816  -2.125  -3.425   0
   0.76621008   0.388  -0.861  -2.205  -3.533   0
   0.76621038   0.424  -0.903  -2.285  -3.644   0
   0.76621062   0.430  -0.918  -2.312  -3.678   0
   0.76621097   0.435  -0.933  -2.337  -3.711   0
   0.76621127   0.440  -0.947  -2.359  -3.743   0
   0.76621163   0.447  -0.959  -2.382  -3.775   0
   0.76621199   0.454  -0.971  -2.404  -3.806   0
   0.76621228   0.461  -0.983  -2.427  -3.838   0
   0.76621258   0.467  -0.993  -2.444  -3.864   0
   0.76621288   0.474  -1.005  -2.467  -3.895   0
   0.76621324   0.482  -1.017  -2.489  -3.927   0
   0.76621360   0.490  -1.029  -2.511  -3.959   0
   0.76621389   0.498  -1.040  -2.533  -3.990   0
   0.76621419   0.504  -1.050  -2.551  -4.016   0
   0.76621449   0.511  -1.059  -2.569  -4.041   0
   0.76621479   0.519  -1.070  -2.591  -4.072   0
   0.76621515   0.528  -1.081  -2.613  -4.104   0
   0.76621544   0.537  -1.093  -2.634  -4.136   0
   0.76621574   0.544  -1.101  -2.652  -4.161   0
   0.76621610   0.554  -1.112  -2.674  -4.192   0
   0.76621640   0.563  -1.123  -2.695  -4.224   0
   0.76621675   0.573  -1.134  -2.717  -4.255   0
   0.76621711   0.583  -1.144  -2.739  -4.287   0
   0.76621741   0.594  -1.155  -2.760  -4.318   0
   0.76621777   0.605  -1.165  -2.782  -4.350   0
   0.76621813   0.616  -1.175  -2.803  -4.381   0
   0.76621842   0.627  -1.183  -2.822  -4.409   0
   0.76621890   0.637  -1.190  -2.838  -4.433   0
   0.76621968   0.643  -1.196  -2.852  -4.463   0
   0.76622009   0.644  -1.199  -2.859  -4.480   0
