   0.15000001  14.492  13.192  11.718   9.985   0
   0.20000000  13.026  12.073  10.781   9.238   0
   0.25000000  12.343  11.453  10.221   8.751   0
   0.30000001  11.812  10.971   9.784   8.370   0
   0.34999999  11.368  10.569   9.421   8.055   0
   0.40000001  10.868  10.111   9.000   7.684   0
   0.44999999  10.398   9.691   8.624   7.367   0
   0.50000000   9.864   9.227   8.211   7.021   0
   0.55000001   9.200   8.681   7.733   6.638   0
   0.60000002   8.455   8.099   7.231   6.237   0
   0.61356646   8.230   7.929   7.086   6.123   0
   0.69999999   7.001   6.990   6.303   5.490   0
   0.80000001   5.888   6.075   5.551   4.873   0
   0.89062977   5.150   5.375   4.944   4.356   0
   0.89999998   5.085   5.308   4.885   4.305   0
   0.90692544   5.038   5.261   4.843   4.270   0
   1.00000000   4.455   4.652   4.305   3.820   0
   1.05148757   4.173   4.342   4.032   3.604   0
   1.10000002   3.926   4.057   3.779   3.404   0
   1.12673855   3.795   3.900   3.645   3.307   0
   1.18649578   3.521   3.569   3.360   3.107   0
   1.20000005   3.462   3.498   3.300   3.066   0
   1.20133996   3.456   3.491   3.294   3.062   0
   1.28188539   3.118   3.102   2.969   2.839   0
   1.29999995   3.047   3.025   2.906   2.795   0
   1.33722818   2.905   2.873   2.783   2.707   0
   1.39702260   2.679   2.667   2.609   2.573   0
   1.39999998   2.668   2.657   2.601   2.566   0
   1.46359980   2.434   2.457   2.429   2.424   0
   1.49772561   2.312   2.356   2.341   2.349   0
   1.50000000   2.304   2.349   2.335   2.344   0
   1.51390207   2.254   2.305   2.296   2.310   0
   1.56351840   2.081   2.163   2.168   2.193   0
   1.60000002   1.955   2.059   2.074   2.104   0
   1.60971391   1.923   2.032   2.049   2.081   0
   1.64999998   1.786   1.915   1.941   1.979   0
   1.68281698   1.676   1.820   1.850   1.892   0
   1.70000005   1.617   1.766   1.799   1.843   0
   1.73763037   1.490   1.648   1.685   1.731   0
   1.75000000   1.446   1.607   1.644   1.690   0
   1.78430998   1.327   1.491   1.531   1.577   0
   1.79999995   1.271   1.435   1.475   1.521   0
   1.82585490   1.181   1.345   1.386   1.431   0
   1.86560607   1.036   1.193   1.235   1.277   1
   1.89999998   0.906   1.050   1.090   1.129   0
   1.90091264   0.903   1.046   1.086   1.125   0
   1.93056321   0.791   0.913   0.950   0.982   0
   1.95661819   0.689   0.787   0.819   0.844   0
   1.96869886   0.640   0.727   0.756   0.778   0
   1.98005843   0.591   0.670   0.698   0.718   0
   1.98629367   0.563   0.642   0.670   0.689   0
   1.99249411   0.529   0.620   0.651   0.674   3
   1.99630249   0.501   0.616   0.654   0.683   0
   1.99887788   0.465   0.629   0.680   0.722   0
   1.99960458   0.432   0.637   0.697   0.748   0
   2.00000000   0.382   0.629   0.699   0.760   0
   2.00002575   0.379   0.629   0.699   0.760   0
   2.00007010   0.390   0.636   0.706   0.766   0
   2.00022817   0.450   0.652   0.712   0.763   0
   2.00044370   0.375   0.533   0.583   0.622   0
   2.00078869   0.290   0.396   0.434   0.459   0
   2.00119734   0.246   0.305   0.330   0.340   0
   2.00175285   0.223   0.227   0.235   0.225   0
   2.00227165   0.219   0.180   0.170   0.138   0
   2.00266337   0.222   0.151   0.126   0.078   0
   2.00330329   0.237   0.130   0.075  -0.015   0
   2.00376010   0.254   0.135   0.050  -0.081   0
   2.00423050   0.277   0.158   0.033  -0.149   3
   2.00470901   0.310   0.219   0.041  -0.213   0
   2.00519133   0.359   0.309   0.070  -0.273   0
   2.00567198   0.436   0.435   0.123  -0.328   0
   2.00591207   0.493   0.513   0.159  -0.349   0
   2.00639200   0.631   0.675   0.244  -0.357   0
   2.00686884   0.795   0.843   0.354  -0.311   0
   2.00734401   1.008   1.042   0.498  -0.217   0
   2.00782514   1.170   1.183   0.592  -0.165   4
   2.00859213   1.149   1.121   0.486  -0.306   0
   2.00945926   1.039   0.987   0.329  -0.482   0
   2.01039505   0.913   0.843   0.167  -0.658   0
   2.01146841   0.765   0.676  -0.016  -0.855   0
   2.01240039   0.648   0.536  -0.171  -1.022   0
   2.01326871   0.540   0.406  -0.314  -1.176   0
   2.01420617   0.430   0.271  -0.467  -1.341   0
   2.01515460   0.318   0.135  -0.618  -1.505   0
   2.01609921   0.209   0.002  -0.768  -1.667   0
   2.01699233   0.108  -0.120  -0.905  -1.816   0
   2.01713252   0.100  -0.130  -0.918  -1.830   2
   2.01733255   0.202  -0.005  -0.775  -1.674   0
   2.01752305   0.312   0.131  -0.621  -1.506   0
   2.01794815   0.415   0.259  -0.476  -1.349   0
   2.02023673   0.516   0.385  -0.334  -1.194   0
   2.02338290   0.620   0.514  -0.188  -1.035   0
   2.02682638   0.720   0.636  -0.051  -0.885   0
   2.03040409   0.825   0.756   0.085  -0.737   0
   2.03522301   0.914   0.865   0.215  -0.590   0
   2.04157591   0.915   0.890   0.268  -0.514   4
   2.04967785   0.651   0.658   0.093  -0.644   0
   2.06486058   0.376   0.390  -0.128  -0.820   0
   2.08893085   0.164   0.174  -0.328  -1.005   0
   2.11199021  -0.044  -0.037  -0.521  -1.181   0
   2.13021135  -0.199  -0.196  -0.668  -1.317   0
   2.15425706  -0.319  -0.330  -0.821  -1.490   0
   2.16740036  -0.275  -0.302  -0.849  -1.569   3
   2.17433190   0.031  -0.071  -0.748  -1.575   0
   2.17459798   0.042  -0.087  -0.789  -1.636   0
   2.17460251   0.042  -0.088  -0.791  -1.639   0
   2.17468023  -0.038  -0.202  -0.930  -1.797   0
   2.17475796  -0.150  -0.349  -1.104  -1.991   0
   2.17640591  -0.338  -0.599  -1.403  -2.327   0
   2.17685127  -0.504  -0.827  -1.672  -2.625   0
   2.17711425  -0.585  -0.947  -1.814  -2.784   0
   2.17737818  -0.661  -1.066  -1.959  -2.948   0
   2.17765021  -0.739  -1.194  -2.118  -3.128   0
   2.17789912  -0.817  -1.324  -2.280  -3.313   0
   2.17811894  -0.868  -1.440  -2.437  -3.498   0
   2.17838645  -0.940  -1.599  -2.640  -3.734   0
   2.17858005  -0.982  -1.710  -2.787  -3.909   0
   2.17872620  -1.012  -1.811  -2.925  -4.074   0
   2.17882061  -1.027  -1.898  -3.050  -4.227   0
   2.17890930  -1.047  -1.992  -3.184  -4.390   0
   2.17899442  -1.055  -2.070  -3.297  -4.532   0
   2.17908430  -1.039  -2.128  -3.393  -4.658   0
   2.17912364  -1.026  -2.154  -3.437  -4.717   0
   2.17913580  -1.025  -2.215  -3.530  -4.834   0
   2.17915535  -1.012  -2.277  -3.629  -4.963   0
   2.17917037  -1.010  -2.290  -3.650  -4.991   0
   2.17918539  -1.007  -2.304  -3.672  -5.019   0
   2.17920041  -1.004  -2.318  -3.694  -5.047   0
   2.17921543  -1.001  -2.331  -3.715  -5.074   0
   2.17923045  -0.998  -2.344  -3.737  -5.102   0
   2.17924547  -0.995  -2.358  -3.758  -5.130   0
   2.17926049  -0.992  -2.370  -3.779  -5.158   0
   2.17927551  -0.986  -2.381  -3.798  -5.185   0
   2.17929006  -0.981  -2.392  -3.817  -5.212   0
   2.17930484  -0.976  -2.402  -3.836  -5.239   0
   2.17931962  -0.970  -2.413  -3.855  -5.266   0
   2.17933440  -0.965  -2.423  -3.874  -5.293   0
   2.17934608  -0.960  -2.432  -3.890  -5.314   0
   2.17936063  -0.955  -2.442  -3.909  -5.341   0
   2.17937255  -0.950  -2.451  -3.924  -5.363   0
   2.17938733  -0.944  -2.461  -3.943  -5.390   0
   2.17940187  -0.941  -2.465  -3.950  -5.400   0
   2.17945981  -0.933  -2.474  -3.969  -5.428   0
   2.17951703  -0.926  -2.484  -3.987  -5.454   0
   2.17957401  -0.919  -2.493  -4.006  -5.480   0
   2.17963052  -0.912  -2.503  -4.024  -5.506   0
   2.17968655  -0.905  -2.512  -4.042  -5.532   0
   2.17974210  -0.898  -2.522  -4.060  -5.558   0
   2.17979741  -0.891  -2.531  -4.078  -5.584   0
   2.17985201  -0.883  -2.540  -4.096  -5.610   0
   2.17990637  -0.876  -2.549  -4.114  -5.636   0
   2.17996025  -0.868  -2.558  -4.132  -5.662   0
   2.18001366  -0.860  -2.567  -4.150  -5.688   0
   2.18006659  -0.852  -2.576  -4.168  -5.714   0
   2.18011928  -0.844  -2.585  -4.186  -5.740   0
   2.18017125  -0.836  -2.593  -4.204  -5.766   0
   2.18022299  -0.827  -2.602  -4.221  -5.792   0
   2.18027425  -0.818  -2.610  -4.239  -5.818   0
   2.18032503  -0.809  -2.620  -4.258  -5.845   0
   2.18037534  -0.800  -2.629  -4.277  -5.873   0
   2.18042541  -0.799  -2.636  -4.291  -5.899   0
   2.18047476  -0.801  -2.643  -4.302  -5.924   0
   2.18052387  -0.804  -2.650  -4.314  -5.949   0
   2.18057251  -0.815  -2.661  -4.327  -5.974   2
   2.18062067  -0.834  -2.676  -4.342  -5.999   0
   2.18066835  -0.855  -2.692  -4.357  -6.024   0
   2.18071556  -0.877  -2.709  -4.373  -6.049   0
   2.18075323  -0.895  -2.723  -4.386  -6.069   0
   2.18079042  -0.915  -2.737  -4.399  -6.089   0
   2.18082762  -0.935  -2.752  -4.412  -6.110   0
   2.18086433  -0.955  -2.768  -4.426  -6.130   0
   2.18090105  -0.977  -2.784  -4.439  -6.150   0
   2.18093753  -0.999  -2.800  -4.453  -6.170   0
   2.18097377  -1.022  -2.817  -4.467  -6.191   0
   2.18101001  -1.046  -2.834  -4.482  -6.211   0
   2.18104601  -1.071  -2.851  -4.496  -6.231   0
   2.18108177  -1.096  -2.869  -4.511  -6.251   0
   2.18111753  -1.121  -2.887  -4.526  -6.272   0
   2.18115306  -1.148  -2.905  -4.541  -6.292   0
   2.18118858  -1.174  -2.924  -4.556  -6.312   0
   2.18123317  -1.209  -2.948  -4.575  -6.336   0
   2.18127728  -1.244  -2.972  -4.594  -6.361   0
   2.18132138  -1.280  -2.997  -4.613  -6.385   0
   2.18136549  -1.316  -3.022  -4.632  -6.409   0
   2.18140984  -1.353  -3.047  -4.651  -6.433   0
   2.18145418  -1.391  -3.073  -4.670  -6.456   0
   2.18149877  -1.429  -3.098  -4.689  -6.478   0
   2.18154335  -1.467  -3.123  -4.708  -6.500   0
   2.18158555  -1.504  -3.147  -4.725  -6.520   0
   2.18163347  -1.548  -3.175  -4.743  -6.540   0
   2.18168068  -1.600  -3.203  -4.758  -6.554   3
   2.18169641  -1.621  -3.209  -4.754  -6.548   0
   2.18170214  -1.601  -3.186  -4.730  -6.526   0
   2.18170381  -1.578  -3.161  -4.705  -6.505   0
   2.18170571  -1.557  -3.139  -4.683  -6.487   0
