   0.15000001  14.485  13.187  11.714   9.982   0
   0.20000000  13.020  12.067  10.776   9.233   0
   0.25000000  12.335  11.447  10.215   8.745   0
   0.30000001  11.804  10.964   9.777   8.364   0
   0.34999999  11.360  10.562   9.414   8.049   0
   0.40000001  10.858  10.101   8.991   7.675   0
   0.44999999  10.385   9.680   8.614   7.357   0
   0.50000000   9.847   9.212   8.197   7.009   0
   0.55000001   9.176   8.660   7.714   6.622   0
   0.60000002   8.424   8.074   7.209   6.218   0
   0.69999999   6.955   6.953   6.271   5.464   0
   0.73787755   6.484   6.577   5.963   5.211   0
   0.80000001   5.830   6.020   5.504   4.834   0
   0.85601580   5.355   5.574   5.119   4.505   0
   0.89999998   5.024   5.246   4.831   4.261   0
   0.94473338   4.712   4.927   4.549   4.023   0
   1.00000000   4.360   4.548   4.210   3.740   0
   1.01653087   4.260   4.437   4.113   3.662   0
   1.06860352   3.958   4.095   3.809   3.419   0
   1.10000002   3.782   3.892   3.629   3.277   0
   1.12823391   3.631   3.711   3.473   3.165   0
   1.15346611   3.500   3.553   3.337   3.067   0
   1.17447269   3.393   3.425   3.226   2.988   0
   1.19228232   3.306   3.324   3.140   2.927   0
   1.20000005   3.270   3.282   3.105   2.902   0
   1.20137691   3.263   3.274   3.098   2.897   0
   1.23445237   3.100   3.086   2.937   2.781   0
   1.26191938   2.968   2.943   2.816   2.689   0
   1.28519571   2.858   2.828   2.718   2.613   0
   1.29771388   2.800   2.767   2.665   2.571   0
   1.29999995   2.789   2.755   2.656   2.563   0
   1.31708968   2.710   2.672   2.583   2.504   0
   1.34833920   2.563   2.530   2.457   2.396   0
   1.38180852   2.405   2.378   2.319   2.271   0
   1.39999998   2.318   2.294   2.240   2.198   0
   1.42091739   2.218   2.196   2.148   2.111   0
   1.45144916   2.070   2.048   2.004   1.969   0
   1.48082054   1.925   1.896   1.853   1.814   1
   1.50000000   1.830   1.793   1.746   1.702   0
   1.51244819   1.771   1.724   1.673   1.623   0
   1.53042519   1.684   1.620   1.560   1.497   0
   1.53900301   1.641   1.573   1.508   1.435   0
   1.54725802   1.596   1.525   1.455   1.376   0
   1.55180407   1.568   1.496   1.426   1.345   2
   1.55625498   1.530   1.459   1.396   1.323   0
   1.55896592   1.493   1.428   1.378   1.322   0
   1.56080747   1.429   1.399   1.371   1.343   0
   1.56133485   1.369   1.372   1.363   1.354   0
   1.56164491   1.283   1.328   1.337   1.347   0
   1.56168556   1.296   1.337   1.344   1.351   0
   1.56180680   1.349   1.346   1.336   1.326   0
   1.56199622   1.286   1.249   1.222   1.189   0
   1.56235933   1.239   1.167   1.118   1.057   0
   1.56302810   1.219   1.129   1.048   0.943   0
   1.56384933   1.216   1.126   1.008   0.850   0
   1.56459713   1.221   1.141   0.985   0.777   0
   1.56540704   1.236   1.186   0.982   0.703   3
   1.56622672   1.268   1.261   1.001   0.633   0
   1.56676650   1.306   1.332   1.027   0.590   0
   1.56729901   1.362   1.415   1.062   0.557   0
   1.56808519   1.473   1.549   1.131   0.545   0
   1.56886888   1.626   1.706   1.230   0.580   0
   1.56965625   1.833   1.895   1.363   0.659   0
   1.57076514   2.021   2.055   1.462   0.705   4
   1.57261896   1.947   1.936   1.299   0.506   0
   1.57380998   1.825   1.798   1.145   0.339   0
   1.57506967   1.687   1.643   0.977   0.160   0
   1.57623363   1.558   1.499   0.822  -0.004   0
   1.57740462   1.427   1.355   0.668  -0.167   0
   1.57868469   1.297   1.206   0.505  -0.340   0
   1.57990730   1.178   1.066   0.353  -0.503   0
   1.58123875   1.050   0.916   0.189  -0.678   0
   1.58257401   0.922   0.766   0.024  -0.854   0
   1.58372509   0.816   0.639  -0.117  -1.006   0
   1.58482969   0.715   0.518  -0.252  -1.151   0
   1.58580875   0.628   0.414  -0.368  -1.277   0
   1.58668447   0.556   0.326  -0.466  -1.383   0
   1.58738446   0.494   0.253  -0.549  -1.472   0
   1.58798015   0.440   0.188  -0.621  -1.549   0
   1.58858812   0.397   0.136  -0.681  -1.615   0
   1.58890235   0.381   0.116  -0.704  -1.640   0
   1.58973837   0.473   0.230  -0.571  -1.494   1
   1.59044087   0.370   0.106  -0.712  -1.648   0
   1.59109235   0.284  -0.009  -0.844  -1.793   0
   1.59172010   0.201  -0.125  -0.979  -1.941   0
   1.59234142   0.114  -0.246  -1.120  -2.096   0
   1.59287333   0.038  -0.357  -1.249  -2.240   0
   1.59338486  -0.036  -0.468  -1.383  -2.389   0
   1.59382749  -0.105  -0.572  -1.508  -2.530   0
   1.59421146  -0.169  -0.669  -1.626  -2.662   0
   1.59457493  -0.230  -0.766  -1.746  -2.797   0
   1.59492111  -0.272  -0.858  -1.864  -2.935   0
   1.59521556  -0.303  -0.938  -1.968  -3.059   0
   1.59549618  -0.354  -1.031  -2.084  -3.190   0
   1.59573531  -0.392  -1.118  -2.196  -3.321   0
   1.59596062  -0.419  -1.192  -2.295  -3.438   0
   1.59617567  -0.455  -1.274  -2.401  -3.562   0
   1.59618604  -0.457  -1.279  -2.406  -3.568   3
   1.59618604   0.993   0.958   0.336  -0.447   0
   1.59777045   1.002   0.962   0.332  -0.458   0
   1.59945786   0.993   0.950   0.318  -0.474   0
   1.59965670   0.991   0.948   0.315  -0.476   2
   1.60198367   0.963   0.920   0.290  -0.499   0
   1.60435832   0.932   0.891   0.264  -0.524   0
   1.60681343   0.901   0.861   0.236  -0.549   0
   1.60934961   0.868   0.829   0.207  -0.576   0
   1.61198807   0.834   0.796   0.177  -0.604   0
   1.61465871   0.801   0.763   0.146  -0.633   0
   1.61729717   0.767   0.730   0.116  -0.661   0
   1.61992013   0.734   0.698   0.086  -0.689   0
   1.62253988   0.705   0.669   0.059  -0.715   0
   1.62508833   0.680   0.643   0.033  -0.740   0
   1.62548172   0.676   0.639   0.029  -0.744   0
   1.62715983   0.661   0.623   0.014  -0.760   0
   1.62800038   0.655   0.617   0.008  -0.766   0
   1.63091683   0.639   0.600  -0.011  -0.785   0
   1.63548577   0.621   0.578  -0.037  -0.814   0
   1.63850355   0.615   0.568  -0.052  -0.833   0
   1.64255118   0.613   0.559  -0.071  -0.860   0
   1.64415121   0.617   0.558  -0.079  -0.874   0
   1.64631760   0.621   0.552  -0.099  -0.905   0
   1.65221941   0.583   0.493  -0.183  -1.010   0
   1.65270174   0.575   0.479  -0.202  -1.033   0
   1.65306950   0.541   0.424  -0.276  -1.122   0
   1.65318000   0.509   0.373  -0.340  -1.196   0
   1.65326333   0.438   0.274  -0.462  -1.334   0
   1.65330505   0.352   0.161  -0.593  -1.480   0
   1.65335190   0.263   0.047  -0.726  -1.627   0
   1.65341210   0.199  -0.034  -0.819  -1.730   0
   1.65374064   0.281   0.071  -0.698  -1.596   1
   1.65451729   0.177  -0.062  -0.852  -1.766   0
   1.65485537   0.090  -0.173  -0.984  -1.913   0
   1.65515614  -0.001  -0.302  -1.136  -2.083   0
   1.65532935  -0.067  -0.401  -1.255  -2.216   0
   1.65550327  -0.138  -0.507  -1.381  -2.356   0
   1.65567732  -0.224  -0.642  -1.545  -2.541   0
   1.65586424  -0.309  -0.779  -1.715  -2.734   0
   1.65603292  -0.388  -0.910  -1.878  -2.920   0
   1.65615702  -0.431  -1.016  -2.020  -3.089   0
   1.65624619  -0.473  -1.112  -2.144  -3.233   0
   1.65632761  -0.504  -1.204  -2.267  -3.381   0
   1.65640008  -0.535  -1.294  -2.389  -3.526   0
   1.65646863  -0.566  -1.382  -2.506  -3.665   0
   1.65654504  -0.579  -1.458  -2.617  -3.800   0
   1.65657961  -0.585  -1.507  -2.687  -3.886   0
   1.65659356  -0.595  -1.549  -2.746  -3.959   0
   1.65660512  -0.595  -1.566  -2.771  -3.990   0
   1.65661669  -0.595  -1.583  -2.795  -4.022   0
   1.65662825  -0.595  -1.599  -2.820  -4.053   0
   1.65663755  -0.595  -1.612  -2.840  -4.079   0
   1.65664911  -0.595  -1.629  -2.865  -4.110   0
   1.65666068  -0.594  -1.645  -2.890  -4.142   0
   1.65667188  -0.594  -1.661  -2.914  -4.173   0
   1.65668082  -0.593  -1.674  -2.934  -4.198   0
   1.65669215  -0.592  -1.690  -2.958  -4.230   0
   1.65670335  -0.591  -1.706  -2.983  -4.261   0
   1.65671456  -0.589  -1.722  -3.008  -4.293   0
   1.65672576  -0.588  -1.738  -3.032  -4.324   0
   1.65673685  -0.586  -1.754  -3.057  -4.356   0
   1.65674806  -0.584  -1.770  -3.081  -4.387   0
   1.65675938  -0.582  -1.785  -3.106  -4.419   0
   1.65677059  -0.580  -1.801  -3.131  -4.451   0
   1.65678179  -0.578  -1.817  -3.156  -4.483   0
   1.65679300  -0.575  -1.833  -3.181  -4.515   0
   1.65680420  -0.573  -1.849  -3.206  -4.547   0
   1.65681517  -0.570  -1.864  -3.231  -4.579   0
   1.65682375  -0.567  -1.877  -3.250  -4.604   0
   1.65683472  -0.564  -1.892  -3.275  -4.636   0
   1.65684557  -0.561  -1.907  -3.299  -4.667   0
   1.65685630  -0.557  -1.920  -3.321  -4.698   0
   1.65686715  -0.552  -1.934  -3.344  -4.728   0
   1.65688336  -0.546  -1.951  -3.373  -4.768   0
   1.65692043  -0.533  -1.979  -3.422  -4.837   0
   1.65695727  -0.526  -1.990  -3.443  -4.866   0
   1.65699399  -0.519  -2.002  -3.464  -4.896   0
   1.65703022  -0.512  -2.013  -3.485  -4.926   0
   1.65706635  -0.504  -2.024  -3.505  -4.956   0
   1.65710235  -0.497  -2.035  -3.526  -4.986   0
   1.65713787  -0.489  -2.046  -3.547  -5.016   0
   1.65717328  -0.481  -2.057  -3.568  -5.045   0
   1.65720832  -0.473  -2.067  -3.589  -5.075   0
   1.65724313  -0.465  -2.078  -3.609  -5.105   0
   1.65727770  -0.456  -2.089  -3.630  -5.135   0
   1.65731215  -0.448  -2.099  -3.651  -5.164   0
   1.65734625  -0.439  -2.109  -3.671  -5.194   0
   1.65738010  -0.430  -2.120  -3.692  -5.224   0
   1.65741372  -0.421  -2.130  -3.712  -5.254   0
   1.65744710  -0.411  -2.140  -3.733  -5.284   0
   1.65748012  -0.401  -2.150  -3.753  -5.313   0
   1.65751290  -0.392  -2.159  -3.773  -5.343   0
   1.65754545  -0.381  -2.169  -3.794  -5.373   0
   1.65757775  -0.371  -2.179  -3.814  -5.403   0
   1.65760970  -0.370  -2.185  -3.827  -5.430   0
   1.65764153  -0.371  -2.192  -3.840  -5.457   0
   1.65767300  -0.373  -2.199  -3.852  -5.484   0
   1.65770423  -0.375  -2.206  -3.864  -5.511   0
   1.65773511  -0.379  -2.214  -3.877  -5.538   0
   1.65776587  -0.383  -2.222  -3.889  -5.564   0
   1.65779638  -0.404  -2.238  -3.906  -5.592   2
   1.65782654  -0.429  -2.257  -3.923  -5.620   0
   1.65785646  -0.456  -2.277  -3.941  -5.649   0
   1.65788615  -0.484  -2.299  -3.960  -5.678   0
   1.65791547  -0.515  -2.321  -3.980  -5.707   0
   1.65794456  -0.548  -2.345  -4.000  -5.736   0
   1.65797353  -0.583  -2.370  -4.021  -5.767   0
   1.65799642  -0.613  -2.391  -4.039  -5.791   0
   1.65801930  -0.644  -2.414  -4.057  -5.817   0
   1.65804195  -0.677  -2.437  -4.076  -5.842   0
   1.65807021  -0.720  -2.467  -4.100  -5.874   0
   1.65809846  -0.765  -2.498  -4.124  -5.906   0
   1.65812635  -0.812  -2.530  -4.150  -5.938   0
   1.65815413  -0.861  -2.564  -4.175  -5.970   0
   1.65818202  -0.913  -2.599  -4.202  -6.003   0
   1.65820992  -0.967  -2.635  -4.229  -6.035   0
   1.65823734  -1.023  -2.672  -4.257  -6.068   0
   1.65826488  -1.081  -2.711  -4.285  -6.100   0
   1.65829146  -1.116  -2.725  -4.291  -6.124   3
   1.65832210  -1.157  -2.729  -4.284  -6.144   0
   1.65832889  -1.155  -2.712  -4.264  -6.138   0
   1.65833056  -1.133  -2.685  -4.239  -6.126   0
