   0.15000001  14.476  13.181  11.709   9.979   0
   0.20000000  13.012  12.060  10.769   9.227   0
   0.25000000  12.327  11.438  10.207   8.739   0
   0.30000001  11.795  10.955   9.769   8.357   0
   0.34999999  11.350  10.553   9.406   8.041   0
   0.40000001  10.845  10.089   8.980   7.665   0
   0.44999999  10.374   9.670   8.605   7.349   0
   0.50000000   9.831   9.198   8.185   6.999   0
   0.55000001   9.151   8.639   7.697   6.607   0
   0.60000002   8.388   8.046   7.184   6.198   0
   0.64398116   7.685   7.515   6.736   5.840   0
   0.69999999   6.900   6.909   6.235   5.433   0
   0.75059718   6.283   6.407   5.823   5.095   0
   0.80000001   5.764   5.958   5.449   4.786   0
   0.83173096   5.483   5.693   5.221   4.591   0
   0.88332987   5.057   5.279   4.858   4.282   0
   0.89999998   4.930   5.150   4.744   4.184   0
   0.94044864   4.630   4.842   4.471   3.953   0
   0.97843373   4.370   4.559   4.216   3.740   0
   1.00000000   4.224   4.399   4.073   3.619   0
   1.02041495   4.089   4.249   3.940   3.512   0
   1.05190480   3.889   4.019   3.736   3.349   0
   1.08111656   3.703   3.805   3.545   3.197   0
   1.10000002   3.583   3.666   3.421   3.099   0
   1.10449231   3.555   3.632   3.392   3.078   0
   1.11876774   3.465   3.525   3.298   3.008   0
   1.13126922   3.386   3.432   3.216   2.947   0
   1.14250016   3.315   3.349   3.143   2.892   0
   1.15262651   3.253   3.276   3.079   2.842   0
   1.16156125   3.200   3.215   3.026   2.801   0
   1.16564238   3.175   3.187   3.001   2.781   0
   1.16957009   3.151   3.160   2.978   2.763   0
   1.17497849   3.119   3.124   2.946   2.738   0
   1.17894447   3.097   3.099   2.924   2.720   0
   1.18273664   3.076   3.075   2.903   2.703   0
   1.18975961   3.041   3.037   2.868   2.675   0
   1.20000005   2.991   2.982   2.818   2.633   0
   1.20061648   2.987   2.978   2.815   2.630   0
   1.21980894   2.876   2.857   2.704   2.532   0
   1.24142015   2.754   2.728   2.579   2.412   1
   1.26483345   2.621   2.590   2.439   2.266   0
   1.27705717   2.549   2.517   2.363   2.182   0
   1.28737032   2.481   2.447   2.292   2.110   0
   1.28855896   2.471   2.435   2.282   2.102   0
   1.29591894   2.397   2.351   2.214   2.055   0
   1.29821622   2.348   2.291   2.173   2.042   0
   1.29999995   2.254   2.199   2.114   2.026   0
   1.30017257   2.237   2.183   2.103   2.022   0
   1.30046833   2.200   2.145   2.072   2.000   1
   1.30147159   2.150   2.088   1.993   1.888   0
   1.30891728   2.071   2.005   1.879   1.730   0
   1.31646228   2.000   1.948   1.782   1.575   0
   1.32127380   1.963   1.942   1.734   1.456   0
   1.32489514   1.953   1.974   1.713   1.348   3
   1.32707453   1.968   2.021   1.714   1.279   0
   1.32895029   2.000   2.079   1.726   1.225   0
   1.33062065   2.051   2.146   1.752   1.195   0
   1.33267462   2.150   2.249   1.802   1.184   0
   1.33460891   2.279   2.376   1.880   1.210   0
   1.33657527   2.449   2.523   1.977   1.262   0
   1.33892882   2.569   2.622   2.034   1.283   4
   1.34380329   2.531   2.535   1.900   1.110   0
   1.34705532   2.400   2.384   1.733   0.930   0
   1.34966969   2.269   2.241   1.579   0.768   0
   1.35204530   2.135   2.096   1.425   0.605   0
   1.35420346   1.998   1.947   1.267   0.440   0
   1.35606635   1.863   1.799   1.111   0.276   0
   1.35770464   1.736   1.656   0.957   0.114   0
   1.35910833   1.618   1.520   0.812  -0.039   0
   1.36042440   1.498   1.383   0.663  -0.197   0
   1.36153626   1.384   1.252   0.521  -0.348   0
   1.36257613   1.270   1.119   0.377  -0.501   0
   1.36342728   1.163   0.995   0.242  -0.645   0
   1.36421967   1.060   0.872   0.106  -0.791   0
   1.36494875   0.955   0.749  -0.029  -0.935   0
   1.36560023   0.855   0.629  -0.164  -1.081   0
   1.36619401   0.757   0.511  -0.296  -1.223   0
   1.36675298   0.669   0.404  -0.417  -1.355   0
   1.36719012   0.626   0.348  -0.481  -1.425   2
   1.36760676   0.707   0.457  -0.354  -1.283   0
   1.36764324   0.713   0.464  -0.345  -1.274   0
   1.36811304   0.623   0.350  -0.475  -1.416   0
   1.36858821   0.533   0.231  -0.611  -1.565   0
   1.36905277   0.446   0.112  -0.748  -1.715   0
   1.36946535   0.361  -0.005  -0.884  -1.864   0
   1.36986363   0.275  -0.128  -1.028  -2.023   0
   1.37020993   0.199  -0.241  -1.163  -2.175   0
   1.37053823   0.117  -0.362  -1.307  -2.334   0
   1.37082183   0.042  -0.475  -1.443  -2.487   0
   1.37106586  -0.016  -0.576  -1.569  -2.631   0
   1.37129748  -0.064  -0.677  -1.697  -2.780   0
   1.37149668  -0.113  -0.774  -1.819  -2.920   0
   1.37167084  -0.154  -0.865  -1.936  -3.056   0
   1.37183595  -0.191  -0.957  -2.056  -3.198   0
   1.37199032  -0.227  -1.049  -2.177  -3.340   0
   1.37213933  -0.253  -1.138  -2.300  -3.487   0
   1.37224352  -0.263  -1.205  -2.395  -3.605   0
   1.37236381  -0.283  -1.289  -2.511  -3.746   0
   1.37246978  -0.289  -1.361  -2.615  -3.878   0
   1.37256312  -0.292  -1.424  -2.709  -3.996   2
   1.37256312   1.071   1.014   0.368  -0.433   1
   1.37337637   1.064   1.001   0.349  -0.459   0
   1.37431669   1.050   0.984   0.329  -0.481   0
   1.37477708   1.045   0.978   0.322  -0.489   0
   1.37531400   1.036   0.970   0.315  -0.495   0
   1.37635863   1.018   0.953   0.300  -0.507   0
   1.37744141   0.999   0.936   0.286  -0.520   0
   1.37855148   0.981   0.918   0.270  -0.534   0
   1.37970638   0.961   0.899   0.254  -0.549   0
   1.38087499   0.941   0.880   0.237  -0.563   0
   1.38205111   0.922   0.862   0.220  -0.579   0
   1.38321137   0.904   0.845   0.204  -0.594   0
   1.38434684   0.888   0.828   0.189  -0.608   0
   1.38532400   0.875   0.815   0.176  -0.621   0
   1.38547683   0.873   0.813   0.174  -0.623   0
   1.38657355   0.860   0.799   0.160  -0.638   0
   1.38770890   0.847   0.785   0.144  -0.654   0
   1.38911295   0.834   0.769   0.125  -0.676   0
   1.39024699   0.824   0.755   0.107  -0.697   0
   1.39194775   0.806   0.732   0.076  -0.734   0
   1.39252293   0.799   0.721   0.061  -0.753   0
   1.39334726   0.788   0.702   0.034  -0.787   0
   1.39569819   0.734   0.627  -0.064  -0.903   0
   1.39585984   0.712   0.588  -0.115  -0.964   0
   1.39598429   0.670   0.520  -0.203  -1.067   0
   1.39602232   0.632   0.463  -0.274  -1.148   0
   1.39605153   0.548   0.349  -0.411  -1.303   0
   1.39606702   0.457   0.230  -0.552  -1.460   0
   1.39608431   0.357   0.101  -0.703  -1.629   0
   1.39611626   0.285   0.003  -0.822  -1.762   0
   1.39624858   0.360   0.106  -0.697  -1.622   1
   1.39650011   0.276  -0.013  -0.842  -1.785   0
   1.39665699   0.180  -0.154  -1.008  -1.970   0
   1.39677298   0.090  -0.296  -1.181  -2.164   0
   1.39683735   0.007  -0.428  -1.342  -2.346   0
   1.39690137  -0.064  -0.546  -1.490  -2.516   0
   1.39696336  -0.124  -0.649  -1.619  -2.664   0
   1.39703894  -0.162  -0.752  -1.759  -2.831   0
   1.39709771  -0.212  -0.859  -1.896  -2.990   0
   1.39714289  -0.246  -0.954  -2.022  -3.139   0
   1.39717674  -0.268  -1.037  -2.137  -3.278   0
   1.39720857  -0.289  -1.127  -2.263  -3.430   0
   1.39723635  -0.304  -1.207  -2.379  -3.573   0
   1.39726305  -0.323  -1.289  -2.492  -3.711   0
   1.39729071  -0.341  -1.375  -2.610  -3.856   0
   1.39730334  -0.330  -1.442  -2.717  -3.994   0
   1.39730644  -0.329  -1.476  -2.768  -4.060   0
   1.39731145  -0.328  -1.491  -2.792  -4.090   0
   1.39731646  -0.326  -1.507  -2.816  -4.121   0
   1.39732134  -0.324  -1.522  -2.840  -4.152   0
   1.39732635  -0.322  -1.537  -2.864  -4.182   0
   1.39733136  -0.320  -1.552  -2.887  -4.213   0
   1.39733529  -0.318  -1.564  -2.906  -4.237   0
   1.39734030  -0.316  -1.579  -2.930  -4.268   0
   1.39734530  -0.313  -1.594  -2.954  -4.298   0
   1.39734924  -0.311  -1.606  -2.973  -4.323   0
   1.39735425  -0.308  -1.621  -2.997  -4.354   0
   1.39735806  -0.306  -1.633  -3.016  -4.378   0
   1.39736271  -0.302  -1.647  -3.039  -4.408   0
   1.39736748  -0.298  -1.660  -3.060  -4.437   0
   1.39737213  -0.294  -1.673  -3.082  -4.466   0
   1.39737678  -0.290  -1.686  -3.103  -4.496   0
   1.39738154  -0.285  -1.699  -3.124  -4.525   0
   1.39738619  -0.281  -1.712  -3.146  -4.554   0
   1.39739096  -0.275  -1.723  -3.166  -4.583   0
   1.39739561  -0.269  -1.735  -3.187  -4.612   0
   1.39740038  -0.262  -1.746  -3.208  -4.641   0
   1.39740503  -0.256  -1.757  -3.228  -4.671   0
   1.39740968  -0.250  -1.769  -3.249  -4.700   0
   1.39741349  -0.244  -1.778  -3.266  -4.724   0
   1.39741814  -0.238  -1.789  -3.287  -4.753   0
   1.39742291  -0.231  -1.800  -3.307  -4.783   0
   1.39742756  -0.224  -1.811  -3.328  -4.812   0
   1.39743233  -0.218  -1.820  -3.344  -4.836   0
   1.39743698  -0.212  -1.828  -3.360  -4.857   0
   1.39744163  -0.207  -1.836  -3.375  -4.879   0
   1.39744997  -0.199  -1.842  -3.388  -4.899   0
   1.39746344  -0.191  -1.852  -3.408  -4.927   0
   1.39747691  -0.182  -1.862  -3.428  -4.956   0
   1.39749014  -0.173  -1.871  -3.447  -4.985   0
   1.39750350  -0.164  -1.881  -3.467  -5.013   0
   1.39751661  -0.155  -1.891  -3.487  -5.042   0
   1.39752960  -0.145  -1.900  -3.506  -5.070   0
   1.39754260  -0.135  -1.909  -3.526  -5.099   0
   1.39755547  -0.125  -1.918  -3.545  -5.128   0
   1.39756823  -0.120  -1.925  -3.560  -5.155   0
   1.39758098  -0.120  -1.931  -3.572  -5.181   0
   1.39759350  -0.121  -1.937  -3.583  -5.206   0
   1.39760590  -0.123  -1.944  -3.595  -5.232   0
   1.39761841  -0.125  -1.951  -3.607  -5.258   0
   1.39763057  -0.128  -1.958  -3.618  -5.284   0
   1.39764273  -0.132  -1.965  -3.630  -5.309   0
   1.39765489  -0.140  -1.975  -3.643  -5.335   2
   1.39766693  -0.163  -1.993  -3.660  -5.362   0
   1.39767885  -0.189  -2.012  -3.677  -5.389   0
   1.39769065  -0.216  -2.032  -3.695  -5.417   0
   1.39770234  -0.245  -2.053  -3.713  -5.445   0
   1.39771390  -0.276  -2.076  -3.733  -5.473   0
   1.39772546  -0.309  -2.099  -3.753  -5.502   0
   1.39773679  -0.344  -2.124  -3.773  -5.531   0
   1.39774823  -0.381  -2.150  -3.795  -5.560   0
   1.39775944  -0.421  -2.178  -3.817  -5.590   0
   1.39777052  -0.462  -2.207  -3.840  -5.620   0
   1.39778161  -0.506  -2.237  -3.863  -5.651   0
   1.39779246  -0.553  -2.269  -3.888  -5.682   0
   1.39780331  -0.602  -2.302  -3.913  -5.714   0
   1.39781404  -0.653  -2.337  -3.939  -5.746   0
   1.39782465  -0.707  -2.373  -3.966  -5.778   0
   1.39783514  -0.763  -2.410  -3.994  -5.810   0
   1.39784563  -0.813  -2.440  -4.014  -5.840   0
   1.39785600  -0.841  -2.447  -4.016  -5.862   3
   1.39786565  -0.873  -2.451  -4.012  -5.881   0
   1.39787138  -0.885  -2.435  -3.989  -5.885   0
   1.39787173  -0.877  -2.424  -3.979  -5.882   0
