   0.15000001  14.489  13.190  11.716   9.984   0
   0.20000000  13.023  12.071  10.779   9.236   0
   0.25000000  12.340  11.451  10.219   8.749   0
   0.30000001  11.809  10.968   9.781   8.368   0
   0.34999999  11.365  10.566   9.418   8.053   0
   0.40000001  10.864  10.107   8.996   7.680   0
   0.44999999  10.393   9.687   8.620   7.363   0
   0.50000000   9.857   9.220   8.204   7.016   0
   0.55000001   9.189   8.671   7.724   6.630   0
   0.60000002   8.442   8.088   7.221   6.228   0
   0.69999999   6.982   6.975   6.290   5.479   0
   0.80000001   5.863   6.052   5.531   4.857   0
   0.81995118   5.690   5.889   5.391   4.737   0
   0.89999998   5.062   5.285   4.865   4.290   0
   0.94692600   4.747   4.964   4.583   4.053   0
   1.00000000   4.420   4.614   4.270   3.791   0
   1.04544318   4.160   4.327   4.018   3.588   0
   1.10000002   3.869   3.991   3.720   3.353   0
   1.12035048   3.764   3.867   3.613   3.276   0
   1.16204333   3.562   3.622   3.402   3.128   0
   1.19484460   3.410   3.440   3.246   3.018   0
   1.20000005   3.386   3.412   3.223   3.002   0
   1.24788368   3.171   3.161   3.010   2.855   0
   1.29162872   2.983   2.958   2.842   2.734   0
   1.29999995   2.948   2.920   2.812   2.711   0
   1.30318737   2.934   2.906   2.800   2.703   0
   1.34647095   2.755   2.727   2.649   2.586   0
   1.38137794   2.612   2.595   2.535   2.494   0
   1.39125323   2.572   2.558   2.504   2.468   0
   1.39999998   2.537   2.526   2.475   2.444   0
   1.40632427   2.511   2.502   2.454   2.426   0
   1.45325947   2.321   2.335   2.306   2.297   0
   1.50000000   2.130   2.169   2.156   2.161   0
   1.53148997   2.000   2.050   2.046   2.058   0
   1.56638420   1.856   1.917   1.919   1.935   0
   1.59942544   1.719   1.785   1.791   1.809   0
   1.60000002   1.717   1.783   1.789   1.807   0
   1.62098980   1.632   1.698   1.706   1.724   0
   1.64999998   1.510   1.571   1.579   1.596   0
   1.65515971   1.488   1.547   1.556   1.572   1
   1.68254459   1.371   1.416   1.421   1.430   0
   1.70000005   1.296   1.327   1.327   1.330   0
   1.70539522   1.274   1.298   1.298   1.298   0
   1.72569990   1.185   1.184   1.176   1.166   0
   1.73490417   1.143   1.129   1.118   1.104   0
   1.74366224   1.100   1.080   1.066   1.047   0
   1.74836409   1.074   1.054   1.039   1.020   0
   1.75000000   1.062   1.044   1.031   1.013   0
   1.75336564   1.038   1.024   1.014   1.000   0
   1.75651610   1.005   1.012   1.011   1.005   3
   1.75865543   0.951   1.006   1.023   1.036   0
   1.75926030   0.905   1.003   1.033   1.059   0
   1.75961351   0.833   0.980   1.023   1.062   0
   1.75964904   0.843   0.986   1.029   1.067   0
   1.75977683   0.903   1.002   1.031   1.057   0
   1.75995684   0.836   0.889   0.907   0.918   0
   1.76026416   0.774   0.778   0.780   0.772   0
   1.76065743   0.748   0.714   0.697   0.668   0
   1.76121092   0.737   0.662   0.624   0.567   0
   1.76193440   0.740   0.638   0.567   0.464   0
   1.76214051   0.743   0.636   0.553   0.437   0
   1.76281202   0.760   0.656   0.528   0.352   0
   1.76328278   0.778   0.691   0.526   0.297   3
   1.76375914   0.802   0.743   0.534   0.241   0
   1.76423514   0.840   0.820   0.560   0.190   0
   1.76471066   0.902   0.922   0.604   0.144   0
   1.76518595   0.993   1.043   0.661   0.118   0
   1.76566088   1.106   1.167   0.731   0.124   0
   1.76612949   1.236   1.303   0.822   0.164   0
   1.76660359   1.422   1.473   0.943   0.241   0
   1.76733470   1.625   1.652   1.062   0.307   4
   1.76838934   1.594   1.580   0.947   0.157   0
   1.76929843   1.490   1.455   0.803  -0.003   0
   1.77023506   1.365   1.313   0.646  -0.172   0
   1.77113855   1.240   1.174   0.495  -0.332   0
   1.77204752   1.116   1.036   0.346  -0.492   0
   1.77298868   0.998   0.898   0.195  -0.653   0
   1.77385426   0.892   0.773   0.058  -0.799   0
   1.77475226   0.783   0.644  -0.084  -0.951   0
   1.77562881   0.680   0.520  -0.222  -1.100   0
   1.77651095   0.578   0.396  -0.360  -1.249   0
   1.77740347   0.475   0.272  -0.499  -1.399   0
   1.77824903   0.374   0.150  -0.636  -1.547   0
   1.77910531   0.276   0.031  -0.771  -1.694   0
   1.78006482   0.173  -0.095  -0.914  -1.851   0
   1.78055239   0.130  -0.151  -0.979  -1.921   2
   1.78058791   0.211  -0.046  -0.857  -1.787   0
   1.78059494   0.266   0.021  -0.779  -1.702   0
   1.78060198   0.411   0.201  -0.575  -1.479   0
   1.78060269   0.378   0.160  -0.621  -1.529   2
   1.78061616   0.611   0.444  -0.300  -1.181   0
   1.78062332   0.695   0.547  -0.185  -1.056   0
   1.78064454   0.813   0.690  -0.025  -0.883   0
   1.78068006   0.929   0.830   0.129  -0.717   0
   1.78077233   1.067   0.992   0.308  -0.524   0
   1.78097856   1.195   1.135   0.467  -0.353   0
   1.78920221   1.352   1.331   0.700  -0.089   0
   1.79236257   1.338   1.328   0.709  -0.069   4
   1.79999995   1.243   1.241   0.636  -0.133   0
   1.81174040   1.087   1.097   0.514  -0.237   0
   1.83126199   0.883   0.893   0.321  -0.422   0
   1.84903359   0.694   0.700   0.137  -0.597   0
   1.86572254   0.519   0.520  -0.034  -0.761   0
   1.87817478   0.392   0.390  -0.159  -0.881   1
   1.89999998   0.237   0.224  -0.335  -1.066   0
   1.91511595   0.300   0.247  -0.373  -1.155   0
   1.92084825   0.339   0.242  -0.438  -1.269   0
   1.92104506   0.290   0.157  -0.553  -1.407   0
   1.92105162   0.284   0.147  -0.566  -1.422   0
   1.92111731   0.176   0.002  -0.738  -1.614   0
   1.92118299   0.068  -0.136  -0.897  -1.790   0
   1.92258775  -0.035  -0.267  -1.051  -1.960   0
   1.92295504  -0.141  -0.405  -1.214  -2.142   0
   1.92315829  -0.235  -0.537  -1.371  -2.318   0
   1.92338121  -0.349  -0.701  -1.564  -2.531   0
   1.92359746  -0.438  -0.839  -1.731  -2.719   0
   1.92380702  -0.517  -0.965  -1.885  -2.893   0
   1.92398393  -0.588  -1.079  -2.026  -3.053   0
   1.92416084  -0.642  -1.182  -2.160  -3.208   0
   1.92431796  -0.694  -1.290  -2.299  -3.370   0
   1.92441607  -0.732  -1.383  -2.420  -3.512   0
   1.92450130  -0.764  -1.477  -2.546  -3.663   0
   1.92457318  -0.786  -1.563  -2.665  -3.807   0
   1.92465186  -0.822  -1.657  -2.791  -3.955   0
   1.92471719  -0.827  -1.735  -2.909  -4.102   0
   1.92475653  -0.834  -1.837  -3.058  -4.289   0
   1.92476308  -0.838  -1.882  -3.123  -4.371   0
   1.92477441  -0.837  -1.897  -3.146  -4.400   0
   1.92478549  -0.836  -1.912  -3.169  -4.430   0
   1.92479670  -0.836  -1.927  -3.192  -4.459   0
   1.92480791  -0.835  -1.942  -3.215  -4.488   0
   1.92481673  -0.834  -1.954  -3.233  -4.511   0
   1.92482793  -0.832  -1.968  -3.256  -4.541   0
   1.92483902  -0.831  -1.983  -3.278  -4.570   0
   1.92484987  -0.829  -1.998  -3.301  -4.599   0
   1.92486084  -0.828  -2.012  -3.324  -4.628   0
   1.92487180  -0.826  -2.027  -3.346  -4.657   0
   1.92488277  -0.824  -2.041  -3.369  -4.686   0
   1.92489362  -0.822  -2.056  -3.392  -4.715   0
   1.92490458  -0.819  -2.070  -3.414  -4.744   0
   1.92491329  -0.817  -2.081  -3.432  -4.768   0
   1.92492402  -0.815  -2.095  -3.455  -4.797   0
   1.92493474  -0.812  -2.109  -3.477  -4.826   0
   1.92494547  -0.809  -2.123  -3.500  -4.854   0
   1.92495620  -0.806  -2.136  -3.521  -4.882   0
   1.92496693  -0.804  -2.148  -3.539  -4.906   0
   1.92497766  -0.801  -2.159  -3.557  -4.929   0
   1.92498624  -0.798  -2.167  -3.571  -4.948   0
   1.92499697  -0.795  -2.177  -3.588  -4.971   0
   1.92500770  -0.792  -2.188  -3.605  -4.993   0
   1.92501831  -0.787  -2.194  -3.617  -5.012   0
   1.92505968  -0.780  -2.205  -3.637  -5.040   0
   1.92510056  -0.774  -2.216  -3.657  -5.068   0
   1.92514122  -0.768  -2.226  -3.676  -5.095   0
   1.92518163  -0.761  -2.237  -3.696  -5.123   0
   1.92522168  -0.755  -2.247  -3.715  -5.151   0
   1.92526150  -0.748  -2.258  -3.735  -5.179   0
   1.92530096  -0.741  -2.268  -3.754  -5.207   0
   1.92534018  -0.734  -2.278  -3.774  -5.234   0
   1.92537904  -0.727  -2.288  -3.793  -5.262   0
   1.92541766  -0.720  -2.298  -3.812  -5.290   0
   1.92545593  -0.712  -2.308  -3.832  -5.318   0
   1.92549396  -0.705  -2.318  -3.851  -5.345   0
   1.92553163  -0.697  -2.328  -3.870  -5.373   0
   1.92556906  -0.689  -2.338  -3.889  -5.401   0
   1.92560613  -0.681  -2.348  -3.908  -5.428   0
   1.92564297  -0.673  -2.357  -3.928  -5.456   0
   1.92567945  -0.664  -2.367  -3.947  -5.484   0
   1.92571557  -0.656  -2.376  -3.966  -5.511   0
   1.92575145  -0.647  -2.385  -3.985  -5.539   0
   1.92578709  -0.638  -2.394  -4.003  -5.566   0
   1.92582238  -0.629  -2.403  -4.022  -5.594   0
   1.92585731  -0.619  -2.412  -4.041  -5.621   0
   1.92589200  -0.610  -2.421  -4.060  -5.649   0
   1.92592645  -0.603  -2.429  -4.076  -5.675   0
   1.92596054  -0.605  -2.435  -4.088  -5.700   0
   1.92599428  -0.607  -2.442  -4.099  -5.725   0
   1.92602777  -0.610  -2.449  -4.111  -5.750   0
   1.92606091  -0.613  -2.456  -4.122  -5.776   0
   1.92609382  -0.629  -2.470  -4.137  -5.801   2
   1.92612636  -0.650  -2.486  -4.152  -5.827   0
   1.92615223  -0.669  -2.501  -4.165  -5.848   0
   1.92617786  -0.689  -2.516  -4.179  -5.870   0
   1.92620337  -0.710  -2.531  -4.193  -5.892   0
   1.92622876  -0.731  -2.548  -4.208  -5.914   0
   1.92625403  -0.754  -2.564  -4.223  -5.936   0
   1.92627907  -0.778  -2.582  -4.238  -5.958   0
   1.92630410  -0.803  -2.600  -4.253  -5.980   0
   1.92632902  -0.829  -2.619  -4.269  -6.003   0
   1.92635381  -0.856  -2.638  -4.285  -6.025   0
   1.92637849  -0.883  -2.658  -4.301  -6.048   0
   1.92640305  -0.912  -2.678  -4.318  -6.070   0
   1.92643368  -0.950  -2.704  -4.339  -6.099   0
   1.92646432  -0.988  -2.731  -4.360  -6.127   0
   1.92649472  -1.029  -2.759  -4.382  -6.155   0
   1.92652524  -1.071  -2.788  -4.405  -6.184   0
   1.92655563  -1.114  -2.817  -4.427  -6.212   0
   1.92658615  -1.158  -2.847  -4.450  -6.240   0
   1.92661655  -1.204  -2.878  -4.473  -6.268   0
   1.92664719  -1.251  -2.910  -4.497  -6.296   0
   1.92667735  -1.299  -2.942  -4.520  -6.323   0
   1.92671001  -1.353  -2.977  -4.545  -6.352   0
   1.92674541  -1.411  -3.004  -4.558  -6.374   3
   1.92675614  -1.427  -3.002  -4.548  -6.372   0
   1.92675948  -1.406  -2.977  -4.525  -6.358   0
   1.92676055  -1.384  -2.952  -4.501  -6.343   0
   1.92676163  -1.359  -2.924  -4.474  -6.325   0
