   0.15000001  14.495  13.194  11.720   9.986   0
   0.20000000  13.030  12.077  10.784   9.241   0
   0.25000000  12.346  11.457  10.224   8.754   0
   0.30000001  11.816  10.975   9.788   8.373   0
   0.34999999  11.373  10.573   9.425   8.058   0
   0.40000001  10.873  10.116   9.005   7.688   0
   0.44999999  10.404   9.697   8.630   7.371   0
   0.50000000   9.874   9.235   8.218   7.028   0
   0.55000001   9.214   8.693   7.744   6.647   0
   0.60000002   8.478   8.118   7.247   6.251   0
   0.69999999   7.030   7.014   6.323   5.507   0
   0.74633795   6.471   6.568   5.957   5.207   0
   0.80000001   5.921   6.103   5.575   4.893   0
   0.89999998   5.116   5.341   4.916   4.333   0
   1.00000000   4.496   4.697   4.345   3.855   0
   1.10000002   3.993   4.133   3.849   3.462   0
   1.16120231   3.713   3.798   3.561   3.257   0
   1.20000005   3.548   3.597   3.389   3.137   0
   1.24852991   3.352   3.365   3.194   3.006   0
   1.29999995   3.156   3.142   3.010   2.883   0
   1.39999998   2.807   2.794   2.727   2.682   0
   1.50000000   2.475   2.514   2.492   2.496   0
   1.55495977   2.304   2.379   2.376   2.398   0
   1.60000002   2.174   2.280   2.291   2.323   0
   1.61507523   2.132   2.248   2.262   2.298   0
   1.64999998   2.037   2.173   2.196   2.238   0
   1.70000005   1.903   2.070   2.104   2.153   0
   1.75000000   1.775   1.968   2.011   2.068   0
   1.79999995   1.647   1.866   1.917   1.979   0
   1.89999998   1.403   1.669   1.732   1.804   0
   1.94643116   1.294   1.579   1.647   1.723   0
   2.00000000   1.168   1.472   1.545   1.625   0
   2.06367445   1.022   1.346   1.424   1.508   0
   2.16331220   0.791   1.141   1.226   1.315   0
   2.20000005   0.704   1.061   1.147   1.238   0
   2.25299215   0.582   0.946   1.035   1.126   0
   2.32834697   0.402   0.772   0.863   0.955   0
   2.39469957   0.236   0.607   0.699   0.790   0
   2.45193839   0.086   0.452   0.544   0.633   1
   2.50000000  -0.046   0.309   0.400   0.485   0
   2.50364637  -0.056   0.298   0.389   0.474   0
   2.55026579  -0.184   0.155   0.244   0.324   0
   2.59135127  -0.305   0.016   0.103   0.178   0
   2.61026382  -0.362  -0.049   0.037   0.109   0
   2.62820411  -0.418  -0.110  -0.025   0.046   0
   2.63806605  -0.448  -0.139  -0.054   0.016   0
   2.64821744  -0.478  -0.160  -0.074  -0.001   3
   2.65447974  -0.494  -0.158  -0.068   0.009   0
   2.65877318  -0.505  -0.128  -0.029   0.058   0
   2.65999484  -0.518  -0.106  -0.002   0.094   0
   2.66069698  -0.545  -0.096   0.015   0.120   0
   2.66076684  -0.536  -0.090   0.021   0.125   0
   2.66098928  -0.486  -0.074   0.030   0.126   0
   2.66127801  -0.557  -0.185  -0.087  -0.002   0
   2.66170239  -0.675  -0.343  -0.253  -0.179   0
   2.66217566  -0.751  -0.460  -0.377  -0.313   0
   2.66278434  -0.815  -0.572  -0.498  -0.447   0
   2.66353130  -0.869  -0.687  -0.624  -0.588   0
   2.66417408  -0.901  -0.777  -0.725  -0.704   0
   2.66463804  -0.917  -0.838  -0.797  -0.787   0
   2.66532874  -0.922  -0.918  -0.898  -0.912   0
   2.66580439  -0.908  -0.960  -0.961  -0.999   0
   2.66629314  -0.882  -0.985  -1.016  -1.092   0
   2.66678429  -0.838  -0.976  -1.051  -1.187   0
   2.66727781  -0.771  -0.904  -1.054  -1.285   3
   2.66752434  -0.728  -0.836  -1.036  -1.331   0
   2.66776824  -0.674  -0.749  -1.002  -1.373   0
   2.66801476  -0.601  -0.638  -0.952  -1.411   0
   2.66825843  -0.499  -0.503  -0.887  -1.437   0
   2.66850209  -0.366  -0.359  -0.812  -1.440   0
   2.66896200  -0.092  -0.098  -0.643  -1.361   0
   2.66942167   0.156   0.117  -0.498  -1.275   4
   2.67003989   0.101   0.018  -0.652  -1.473   0
   2.67057204   0.006  -0.101  -0.793  -1.633   0
   2.67123175  -0.078  -0.211  -0.922  -1.776   0
   2.67194128  -0.161  -0.320  -1.048  -1.915   0
   2.67270970  -0.254  -0.436  -1.181  -2.062   0
   2.67350316  -0.351  -0.556  -1.317  -2.209   0
   2.67429233  -0.437  -0.662  -1.439  -2.342   0
   2.67466712  -0.460  -0.691  -1.472  -2.379   2
   2.67692089  -0.392  -0.604  -1.370  -2.266   0
   2.68542194  -0.311  -0.498  -1.244  -2.126   0
   2.69548130  -0.247  -0.410  -1.140  -2.009   0
   2.70522833  -0.200  -0.341  -1.053  -1.908   0
   2.71637177  -0.171  -0.283  -0.974  -1.813   0
   2.72777987  -0.189  -0.283  -0.951  -1.771   4
   2.73770285  -0.382  -0.452  -1.076  -1.861   0
   2.74225235  -0.525  -0.576  -1.166  -1.924   0
   2.74634719  -0.648  -0.684  -1.238  -1.964   0
   2.74940491  -0.751  -0.780  -1.296  -1.987   0
   2.75198746  -0.849  -0.869  -1.347  -2.001   0
   2.75450015  -0.926  -0.949  -1.393  -2.011   0
   2.75767708  -1.000  -1.029  -1.440  -2.021   0
   2.79278803  -1.414  -1.540  -1.746  -2.064   0
   2.82424569  -1.637  -1.798  -1.904  -2.097   1
   2.84444690  -1.683  -1.843  -1.994  -2.246   0
   2.85070014  -1.669  -1.806  -2.008  -2.324   0
   2.85616994  -1.625  -1.726  -2.002  -2.414   0
   2.85798216  -1.584  -1.665  -1.985  -2.454   0
   2.85942221  -1.530  -1.591  -1.960  -2.493   0
   2.86126995  -1.403  -1.449  -1.907  -2.541   0
   2.86295676  -1.137  -1.213  -1.794  -2.544   0
   2.86365366  -0.854  -0.972  -1.632  -2.447   0
   2.86385870  -0.725  -0.863  -1.555  -2.396   4
   2.86400175  -0.727  -0.923  -1.666  -2.545   0
   2.86409283  -0.812  -1.048  -1.824  -2.726   0
   2.86541295  -1.008  -1.334  -2.176  -3.127   0
   2.86580920  -1.098  -1.481  -2.357  -3.332   0
   2.86620545  -1.178  -1.607  -2.511  -3.506   0
   2.86660361  -1.230  -1.711  -2.647  -3.665   0
   2.86703825  -1.300  -1.835  -2.804  -3.845   0
   2.86737776  -1.357  -1.938  -2.937  -3.998   0
   2.86771512  -1.390  -2.040  -3.075  -4.163   0
   2.86801767  -1.432  -2.150  -3.219  -4.334   0
   2.86827898  -1.471  -2.258  -3.364  -4.505   0
   2.86848187  -1.487  -2.344  -3.488  -4.656   0
   2.86868262  -1.512  -2.446  -3.632  -4.830   0
   2.86884880  -1.513  -2.529  -3.758  -4.990   0
   2.86902356  -1.509  -2.627  -3.906  -5.179   0
   2.86918545  -1.494  -2.723  -4.057  -5.374   0
   2.86936665  -1.462  -2.828  -4.233  -5.605   0
   2.86945724  -1.423  -2.870  -4.316  -5.725   0
   2.86955643  -1.434  -2.866  -4.305  -5.707   0
   2.86965132  -1.455  -2.824  -4.229  -5.602   1
   2.86971593  -1.393  -2.907  -4.390  -5.832   0
   2.86972690  -1.378  -2.932  -4.435  -5.897   0
   2.86975694  -1.372  -2.941  -4.453  -5.922   0
   2.86978698  -1.366  -2.951  -4.471  -5.948   0
   2.86981082  -1.362  -2.959  -4.486  -5.968   0
   2.86984086  -1.355  -2.969  -4.504  -5.994   0
   2.86987066  -1.349  -2.978  -4.522  -6.020   0
   2.86990023  -1.343  -2.988  -4.540  -6.045   0
   2.86992979  -1.336  -2.997  -4.558  -6.071   0
   2.86995959  -1.330  -3.007  -4.576  -6.096   0
   2.86998916  -1.323  -3.016  -4.593  -6.122   0
   2.87001872  -1.317  -3.025  -4.611  -6.147   0
   2.87004828  -1.310  -3.035  -4.629  -6.173   0
   2.87007785  -1.303  -3.044  -4.647  -6.198   0
   2.87012672  -1.293  -3.056  -4.672  -6.234   0
   2.87025166  -1.272  -3.080  -4.719  -6.303   0
   2.87035084  -1.264  -3.087  -4.734  -6.324   0
   2.87044907  -1.257  -3.093  -4.748  -6.345   0
   2.87054658  -1.250  -3.100  -4.761  -6.365   0
   2.87064338  -1.254  -3.109  -4.774  -6.384   2
   2.87073970  -1.266  -3.119  -4.784  -6.401   0
   2.87083530  -1.279  -3.129  -4.794  -6.419   0
   2.87093019  -1.292  -3.140  -4.805  -6.436   0
   2.87102461  -1.306  -3.151  -4.815  -6.454   0
   2.87111855  -1.320  -3.162  -4.826  -6.471   0
   2.87121201  -1.335  -3.173  -4.837  -6.488   0
   2.87130475  -1.350  -3.185  -4.847  -6.506   0
   2.87139726  -1.366  -3.197  -4.858  -6.523   0
   2.87148929  -1.382  -3.209  -4.869  -6.540   0
   2.87158108  -1.398  -3.221  -4.880  -6.557   0
   2.87167239  -1.415  -3.234  -4.891  -6.573   0
   2.87176371  -1.432  -3.247  -4.903  -6.590   0
   2.87185454  -1.450  -3.259  -4.914  -6.606   0
   2.87194514  -1.468  -3.272  -4.925  -6.622   0
   2.87203574  -1.486  -3.286  -4.936  -6.638   0
   2.87212634  -1.504  -3.299  -4.947  -6.654   0
   2.87221694  -1.523  -3.312  -4.959  -6.670   0
   2.87230754  -1.543  -3.326  -4.970  -6.686   0
   2.87239814  -1.562  -3.341  -4.982  -6.703   0
   2.87248898  -1.583  -3.355  -4.994  -6.719   0
   2.87260294  -1.609  -3.374  -5.009  -6.739   0
   2.87271714  -1.636  -3.393  -5.024  -6.759   0
   2.87283254  -1.664  -3.412  -5.039  -6.780   0
   2.87294865  -1.693  -3.432  -5.055  -6.800   0
   2.87306595  -1.723  -3.452  -5.071  -6.820   0
   2.87318468  -1.753  -3.473  -5.087  -6.841   0
   2.87329912  -1.783  -3.494  -5.103  -6.861   0
   2.87342930  -1.817  -3.517  -5.121  -6.883   0
   2.87357259  -1.856  -3.543  -5.140  -6.907   0
   2.87368846  -1.890  -3.565  -5.157  -6.926   0
   2.87380672  -1.925  -3.588  -5.173  -6.945   0
   2.87394881  -1.972  -3.616  -5.190  -6.965   0
   2.87401891  -2.000  -3.630  -5.196  -6.970   3
   2.87405109  -2.013  -3.633  -5.192  -6.964   0
   2.87406635  -1.996  -3.613  -5.172  -6.945   0
   2.87407351  -1.967  -3.582  -5.139  -6.915   0
   2.87407660  -1.950  -3.564  -5.121  -6.897   0
   2.87407827  -1.939  -3.552  -5.108  -6.885   0
   2.87407970  -1.927  -3.539  -5.096  -6.873   0
   2.87408161  -1.914  -3.526  -5.081  -6.859   0
