   0.15000001  14.497  13.196  11.721   9.987   0
   0.20000000  13.032  12.078  10.786   9.242   0
   0.25000000  12.348  11.459  10.226   8.756   0
   0.30000001  11.818  10.976   9.789   8.375   0
   0.34999999  11.375  10.575   9.426   8.060   0
   0.40000001  10.876  10.119   9.007   7.690   0
   0.44999999  10.407   9.700   8.632   7.374   0
   0.50000000   9.878   9.239   8.222   7.031   0
   0.55000001   9.221   8.699   7.750   6.652   0
   0.60000002   8.489   8.127   7.256   6.258   0
   0.69999999   7.050   7.031   6.338   5.520   0
   0.80000001   5.943   6.124   5.593   4.910   0
   0.89999998   5.138   5.363   4.937   4.353   0
   0.93850034   4.885   5.105   4.709   4.162   0
   1.00000000   4.517   4.719   4.367   3.876   0
   1.10000002   4.027   4.171   3.883   3.491   0
   1.20000005   3.590   3.647   3.433   3.171   0
   1.29999995   3.207   3.196   3.058   2.922   0
   1.39999998   2.872   2.857   2.784   2.732   0
   1.50000000   2.540   2.575   2.549   2.550   0
   1.59955466   2.255   2.357   2.364   2.394   0
   1.60000002   2.254   2.356   2.363   2.393   0
   1.64999998   2.128   2.262   2.282   2.324   0
   1.70000005   2.004   2.170   2.201   2.251   0
   1.73106682   1.939   2.123   2.161   2.215   0
   1.75000000   1.899   2.094   2.135   2.192   0
   1.79999995   1.784   2.007   2.056   2.119   0
   1.89999998   1.572   1.844   1.907   1.981   0
   2.00000000   1.371   1.688   1.761   1.846   0
   2.07600951   1.227   1.574   1.655   1.746   0
   2.20000005   1.004   1.393   1.483   1.583   0
   2.34856844   0.753   1.186   1.286   1.395   0
   2.50000000   0.501   0.971   1.081   1.197   0
   2.56939006   0.393   0.877   0.990   1.110   0
   2.75681806   0.100   0.617   0.738   0.865   0
   2.91310740  -0.144   0.394   0.521   0.652   0
   3.00000000  -0.283   0.264   0.392   0.525   0
   3.05755925  -0.372   0.179   0.310   0.443   0
   3.17503572  -0.561  -0.003   0.129   0.263   0
   3.27541256  -0.731  -0.172  -0.039   0.095   0
   3.36185193  -0.884  -0.329  -0.195  -0.063   0
   3.43655777  -1.027  -0.477  -0.343  -0.214   1
   3.50000000  -1.159  -0.619  -0.487  -0.360   0
   3.50914025  -1.179  -0.639  -0.508  -0.382   0
   3.56723690  -1.311  -0.783  -0.653  -0.532   0
   3.59314966  -1.373  -0.850  -0.722  -0.602   0
   3.61779761  -1.432  -0.912  -0.785  -0.666   0
   3.62812448  -1.456  -0.936  -0.808  -0.689   0
   3.64489150  -1.487  -0.960  -0.830  -0.710   3
   3.65338206  -1.494  -0.952  -0.819  -0.694   0
   3.65925407  -1.488  -0.916  -0.776  -0.643   0
   3.66095638  -1.489  -0.893  -0.747  -0.607   0
   3.66192198  -1.499  -0.878  -0.727  -0.579   0
   3.66206193  -1.489  -0.871  -0.720  -0.574   0
   3.66243005  -1.465  -0.879  -0.736  -0.598   0
   3.66285300  -1.566  -1.010  -0.874  -0.746   0
   3.66345072  -1.703  -1.179  -1.050  -0.933   0
   3.66406703  -1.796  -1.304  -1.181  -1.074   0
   3.66482115  -1.882  -1.429  -1.314  -1.218   0
   3.66568542  -1.965  -1.559  -1.453  -1.370   0
   3.66640258  -2.025  -1.664  -1.565  -1.495   0
   3.66716576  -2.084  -1.776  -1.688  -1.632   0
   3.66795659  -2.139  -1.899  -1.824  -1.786   0
   3.66844630  -2.169  -1.980  -1.913  -1.888   0
   3.66893601  -2.191  -2.063  -2.008  -1.998   0
   3.66942525  -2.197  -2.145  -2.106  -2.116   0
   3.66992235  -2.177  -2.217  -2.203  -2.241   0
   3.67016268  -2.153  -2.238  -2.244  -2.306   0
   3.67041111  -2.119  -2.251  -2.281  -2.375   0
   3.67065930  -2.074  -2.234  -2.300  -2.444   0
   3.67089939  -2.015  -2.180  -2.300  -2.513   3
   3.67113090  -1.945  -2.087  -2.277  -2.577   0
   3.67134595  -1.864  -1.970  -2.234  -2.630   0
   3.67156100  -1.749  -1.813  -2.165  -2.676   0
   3.67177582  -1.578  -1.619  -2.075  -2.707   0
   3.67199063  -1.383  -1.437  -1.978  -2.692   0
   3.67223859  -1.189  -1.268  -1.871  -2.638   0
   3.67254400  -0.999  -1.113  -1.776  -2.593   4
   3.67286372  -0.995  -1.162  -1.880  -2.740   0
   3.67309308  -1.059  -1.261  -2.008  -2.889   0
   3.67351079  -1.140  -1.375  -2.147  -3.047   0
   3.67418170  -1.211  -1.478  -2.276  -3.194   0
   3.67489314  -1.279  -1.571  -2.389  -3.322   0
   3.67580771  -1.327  -1.633  -2.461  -3.401   2
   3.69626474  -1.289  -1.566  -2.369  -3.292   0
   3.73712921  -1.329  -1.558  -2.318  -3.208   0
   3.74377012  -1.349  -1.569  -2.321  -3.205   0
   3.76723385  -1.656  -1.807  -2.479  -3.303   0
   3.77714586  -1.918  -2.025  -2.612  -3.367   0
   3.78476954  -2.154  -2.233  -2.718  -3.377   0
   3.78982878  -2.299  -2.382  -2.787  -3.362   0
   3.79367828  -2.388  -2.483  -2.834  -3.345   0
   3.79768753  -2.458  -2.572  -2.875  -3.327   0
   3.80251098  -2.527  -2.662  -2.915  -3.304   0
   3.80804634  -2.593  -2.751  -2.955  -3.281   0
   3.81523132  -2.666  -2.842  -2.989  -3.250   0
   3.82515883  -2.747  -2.928  -3.022  -3.218   0
   3.83848166  -2.832  -3.003  -3.055  -3.196   0
   3.85220551  -2.892  -3.045  -3.083  -3.204   1
   3.87171149  -2.908  -3.087  -3.161  -3.332   0
   3.87821603  -2.880  -3.070  -3.187  -3.417   0
   3.88165522  -2.845  -3.019  -3.189  -3.479   0
   3.88366246  -2.814  -2.976  -3.185  -3.523   0
   3.88550591  -2.758  -2.895  -3.167  -3.582   0
   3.88740516  -2.662  -2.769  -3.127  -3.648   0
   3.88841939  -2.548  -2.641  -3.080  -3.691   0
   3.88936853  -2.335  -2.446  -3.002  -3.729   0
   3.89028502  -2.043  -2.213  -2.884  -3.706   0
   3.89099860  -1.729  -1.981  -2.746  -3.639   4
   3.89128232  -1.668  -1.969  -2.781  -3.709   0
   3.89143276  -1.696  -2.055  -2.910  -3.869   0
   3.89153790  -1.743  -2.147  -3.029  -4.008   0
   3.89171076  -1.764  -2.186  -3.079  -4.066   0
   3.89311576  -1.843  -2.357  -3.309  -4.336   0
   3.89356637  -1.891  -2.446  -3.424  -4.469   0
   3.89412165  -1.920  -2.536  -3.552  -4.623   0
   3.89461708  -1.939  -2.617  -3.665  -4.761   0
   3.89511204  -1.980  -2.716  -3.793  -4.911   0
   3.89557719  -2.010  -2.810  -3.921  -5.064   0
   3.89600444  -2.021  -2.897  -4.049  -5.222   0
   3.89637136  -2.034  -2.983  -4.176  -5.377   0
   3.89668632  -2.056  -3.069  -4.297  -5.524   0
   3.89695621  -2.041  -3.135  -4.402  -5.662   0
   3.89718819  -2.015  -3.191  -4.500  -5.792   0
   3.89739037  -2.024  -3.266  -4.607  -5.924   0
   3.89756274  -1.997  -3.316  -4.697  -6.047   0
   3.89771247  -1.968  -3.361  -4.782  -6.164   0
   3.89784718  -1.973  -3.422  -4.873  -6.279   0
   3.89798927  -1.961  -3.487  -4.978  -6.421   0
   3.89810181  -1.917  -3.522  -5.057  -6.539   2
   3.89821410  -1.976  -3.501  -4.993  -6.435   0
   3.89827394  -2.025  -3.469  -4.919  -6.322   0
   3.89829659  -2.049  -3.456  -4.886  -6.273   0
   3.89830399  -2.055  -3.445  -4.866  -6.245   0
   3.89834142  -2.014  -3.463  -4.915  -6.321   0
   3.89838624  -1.979  -3.489  -4.974  -6.410   0
   3.89843106  -1.945  -3.520  -5.039  -6.506   0
   3.89851117  -1.937  -3.534  -5.065  -6.543   0
   3.89859128  -1.928  -3.549  -5.091  -6.581   0
   3.89867115  -1.918  -3.563  -5.118  -6.618   0
   3.89873528  -1.911  -3.574  -5.139  -6.648   0
   3.89881516  -1.901  -3.587  -5.165  -6.686   0
   3.89889526  -1.892  -3.601  -5.191  -6.723   0
   3.89897537  -1.882  -3.613  -5.214  -6.756   0
   3.89905548  -1.879  -3.617  -5.222  -6.767   0
   3.89913535  -1.876  -3.620  -5.229  -6.777   0
   3.89921546  -1.873  -3.624  -5.236  -6.787   0
   3.89937663  -1.869  -3.628  -5.245  -6.801   0
   3.89976645  -1.868  -3.641  -5.265  -6.827   0
   3.90015888  -1.872  -3.655  -5.285  -6.853   0
   3.90055418  -1.874  -3.669  -5.303  -6.877   0
   3.90095305  -1.877  -3.682  -5.321  -6.900   0
   3.90135646  -1.880  -3.695  -5.339  -6.924   0
   3.90176487  -1.883  -3.708  -5.357  -6.947   0
   3.90227890  -1.886  -3.724  -5.380  -6.977   0
   3.90279484  -1.889  -3.740  -5.402  -7.006   0
   3.90331197  -1.905  -3.757  -5.421  -7.034   2
   3.90383101  -1.930  -3.776  -5.439  -7.062   0
   3.90435171  -1.956  -3.796  -5.457  -7.090   0
   3.90486455  -1.984  -3.817  -5.475  -7.118   0
   3.90535307  -2.011  -3.837  -5.493  -7.144   0
   3.90581775  -2.039  -3.857  -5.510  -7.170   0
   3.90634847  -2.072  -3.881  -5.531  -7.199   0
   3.90685153  -2.105  -3.905  -5.550  -7.226   0
   3.90733004  -2.138  -3.928  -5.569  -7.252   0
   3.90786028  -2.175  -3.954  -5.591  -7.281   0
   3.90836239  -2.212  -3.980  -5.611  -7.309   0
   3.90883970  -2.249  -4.005  -5.631  -7.335   0
   3.90935779  -2.289  -4.034  -5.653  -7.363   0
   3.90984917  -2.329  -4.061  -5.674  -7.390   0
   3.91037464  -2.374  -4.091  -5.697  -7.418   0
   3.91072822  -2.404  -4.111  -5.712  -7.436   0
   3.91087008  -2.417  -4.119  -5.717  -7.443   0
   3.91093302  -2.423  -4.122  -5.719  -7.445   0
   3.91096926  -2.426  -4.124  -5.720  -7.446   0
   3.91099238  -2.428  -4.125  -5.720  -7.446   0
   3.91100597  -2.430  -4.125  -5.720  -7.446   0
   3.91101408  -2.431  -4.125  -5.719  -7.445   0
   3.91101813  -2.432  -4.125  -5.718  -7.444   0
   3.91102171  -2.432  -4.125  -5.717  -7.443   0
   3.91102529  -2.433  -4.124  -5.716  -7.441   0
   3.91102862  -2.434  -4.124  -5.715  -7.440   0
   3.91103220  -2.434  -4.123  -5.714  -7.439   0
   3.91103578  -2.435  -4.123  -5.713  -7.437   0
   3.91103935  -2.433  -4.121  -5.711  -7.435   0
   3.91104317  -2.431  -4.118  -5.708  -7.433   0
