   0.15000001  14.498  13.196  11.721   9.987   0
   0.20000000  13.033  12.079  10.786   9.242   0
   0.25000000  12.349  11.459  10.227   8.756   0
   0.30000001  11.819  10.977   9.790   8.376   0
   0.34999999  11.376  10.576   9.427   8.061   0
   0.40000001  10.877  10.120   9.008   7.691   0
   0.44999999  10.408   9.701   8.633   7.375   0
   0.50000000   9.880   9.241   8.224   7.033   0
   0.55000001   9.224   8.702   7.753   6.654   0
   0.60000002   8.494   8.131   7.259   6.262   0
   0.69999999   7.059   7.038   6.344   5.526   0
   0.80000001   5.954   6.134   5.603   4.918   0
   0.89999998   5.160   5.385   4.958   4.373   0
   1.00000000   4.544   4.748   4.395   3.903   0
   1.10000002   4.045   4.191   3.902   3.508   0
   1.15364587   3.802   3.902   3.654   3.330   0
   1.20000005   3.609   3.669   3.453   3.189   0
   1.24010968   3.451   3.479   3.293   3.082   0
   1.29999995   3.229   3.221   3.079   2.940   0
   1.39999998   2.900   2.884   2.808   2.753   0
   1.50000000   2.566   2.598   2.570   2.569   0
   1.60000002   2.287   2.387   2.393   2.423   0
   1.64999998   2.163   2.297   2.316   2.357   0
   1.70000005   2.041   2.208   2.239   2.288   0
   1.75000000   1.947   2.142   2.182   2.239   0
   1.79999995   1.837   2.061   2.109   2.173   0
   1.89999998   1.634   1.909   1.971   2.047   0
   2.00000000   1.445   1.765   1.838   1.924   0
   2.13525081   1.211   1.583   1.668   1.764   0
   2.20000005   1.105   1.499   1.589   1.690   0
   2.50000000   0.657   1.139   1.249   1.369   0
   2.65459347   0.451   0.967   1.085   1.214   0
   3.00000000   0.014   0.593   0.728   0.871   0
   3.04323220  -0.036   0.550   0.686   0.831   0
   3.35604429  -0.397   0.231   0.378   0.534   0
   3.50000000  -0.562   0.082   0.234   0.393   0
   3.63179803  -0.707  -0.051   0.104   0.266   0
   3.85125399  -0.950  -0.277  -0.116   0.050   0
   4.00000000  -1.121  -0.437  -0.274  -0.106   0
   4.04145861  -1.167  -0.481  -0.317  -0.148   0
   4.20974159  -1.368  -0.674  -0.508  -0.338   0
   4.35435486  -1.552  -0.855  -0.687  -0.517   0
   4.47836304  -1.721  -1.026  -0.858  -0.689   1
   4.50000000  -1.753  -1.058  -0.891  -0.722   0
   4.58894014  -1.888  -1.198  -1.031  -0.864   0
   4.67888832  -2.037  -1.356  -1.190  -1.027   0
   4.75608969  -2.178  -1.506  -1.343  -1.183   0
   4.79089308  -2.245  -1.578  -1.416  -1.258   0
   4.82326698  -2.307  -1.642  -1.480  -1.324   0
   4.83886671  -2.335  -1.670  -1.508  -1.352   0
   4.85821533  -2.361  -1.689  -1.526  -1.368   3
   4.86904192  -2.364  -1.680  -1.513  -1.352   0
   4.87654448  -2.349  -1.639  -1.466  -1.296   0
   4.87874031  -2.342  -1.611  -1.433  -1.256   0
   4.88001728  -2.345  -1.593  -1.411  -1.228   0
   4.88019800  -2.336  -1.587  -1.405  -1.223   0
   4.88067722  -2.321  -1.600  -1.424  -1.251   0
   4.88119602  -2.420  -1.726  -1.558  -1.394   0
   4.88189459  -2.567  -1.903  -1.741  -1.588   0
   4.88259268  -2.676  -2.040  -1.884  -1.740   0
   4.88340998  -2.777  -2.174  -2.026  -1.893   0
   4.88432693  -2.877  -2.313  -2.173  -2.053   0
   4.88508415  -2.955  -2.424  -2.293  -2.184   0
   4.88586092  -3.031  -2.542  -2.420  -2.324   0
   4.88667727  -3.111  -2.672  -2.561  -2.481   0
   4.88721466  -3.165  -2.766  -2.663  -2.595   0
   4.88777208  -3.219  -2.870  -2.776  -2.721   0
   4.88805056  -3.244  -2.925  -2.835  -2.789   0
   4.88857651  -3.290  -3.034  -2.957  -2.928   0
   4.88908339  -3.326  -3.149  -3.087  -3.078   0
   4.88934612  -3.338  -3.211  -3.158  -3.162   0
   4.88960886  -3.340  -3.273  -3.230  -3.249   0
   4.88987112  -3.325  -3.326  -3.299  -3.337   0
   4.89007759  -3.301  -3.361  -3.350  -3.407   0
   4.89026499  -3.267  -3.384  -3.393  -3.475   0
   4.89047146  -3.216  -3.376  -3.419  -3.548   0
   4.89062119  -3.168  -3.348  -3.426  -3.604   3
   4.89078999  -3.103  -3.288  -3.420  -3.666   0
   4.89090252  -3.052  -3.221  -3.404  -3.708   0
   4.89103365  -2.984  -3.129  -3.373  -3.754   0
   4.89114618  -2.909  -3.030  -3.336  -3.791   0
   4.89127731  -2.802  -2.899  -3.281  -3.829   0
   4.89140844  -2.650  -2.738  -3.210  -3.857   0
   4.89152098  -2.492  -2.594  -3.143  -3.862   0
   4.89168930  -2.278  -2.418  -3.047  -3.834   0
   4.89193296  -2.050  -2.234  -2.937  -3.784   0
   4.89202642  -1.962  -2.172  -2.901  -3.768   4
   4.89231443  -1.942  -2.234  -3.038  -3.959   0
   4.89250612  -1.999  -2.335  -3.175  -4.123   0
   4.89279413  -2.044  -2.420  -3.284  -4.249   0
   4.89346552  -2.091  -2.506  -3.393  -4.375   0
   4.89515162  -2.117  -2.554  -3.456  -4.447   0
   4.93090200  -2.152  -2.530  -3.393  -4.356   0
   4.95913982  -2.232  -2.563  -3.392  -4.331   4
   4.97900057  -2.576  -2.816  -3.546  -4.411   0
   4.98631859  -2.960  -3.107  -3.690  -4.439   0
   4.99111652  -3.207  -3.323  -3.781  -4.413   0
   4.99430466  -3.319  -3.442  -3.830  -4.386   0
   4.99737501  -3.403  -3.539  -3.870  -4.359   0
   5.00000000  -3.461  -3.612  -3.900  -4.337   0
   5.00014973  -3.464  -3.616  -3.901  -4.335   0
   5.00435877  -3.539  -3.712  -3.935  -4.297   0
   5.00884151  -3.606  -3.796  -3.963  -4.258   0
   5.01400661  -3.672  -3.871  -3.983  -4.216   0
   5.01951599  -3.733  -3.919  -3.991  -4.172   0
   5.02597857  -3.794  -3.956  -3.993  -4.126   0
   5.03353691  -3.850  -3.968  -3.980  -4.077   0
   5.04288578  -3.901  -3.966  -3.958  -4.028   0
   5.05352163  -3.948  -3.956  -3.932  -3.980   0
   5.06869173  -3.990  -3.938  -3.902  -3.936   0
   5.08604097  -4.032  -3.950  -3.907  -3.934   1
   5.10688496  -4.069  -4.040  -4.009  -4.050   0
   5.11686325  -4.079  -4.106  -4.088  -4.146   0
   5.12493849  -4.068  -4.165  -4.164  -4.248   0
   5.12893200  -4.036  -4.183  -4.210  -4.331   0
   5.13237953  -4.003  -4.184  -4.241  -4.405   0
   5.13442183  -3.944  -4.149  -4.251  -4.477   3
   5.13602018  -3.896  -4.094  -4.250  -4.537   0
   5.13727379  -3.821  -3.999  -4.231  -4.607   0
   5.13845348  -3.718  -3.869  -4.193  -4.676   0
   5.13891983  -3.646  -3.786  -4.164  -4.708   0
   5.13960791  -3.440  -3.583  -4.086  -4.761   0
   5.13990259  -3.280  -3.447  -4.031  -4.781   0
   5.14041805  -2.976  -3.215  -3.924  -4.773   0
   5.14095831  -2.624  -2.958  -3.772  -4.698   4
   5.14140034  -2.444  -2.885  -3.781  -4.767   0
   5.14159060  -2.443  -2.954  -3.896  -4.914   0
   5.14178133  -2.472  -3.033  -4.008  -5.049   0
   5.14347076  -2.496  -3.125  -4.144  -5.216   0
   5.14404154  -2.489  -3.192  -4.249  -5.350   0
   5.14484978  -2.530  -3.293  -4.383  -5.507   0
   5.14568090  -2.563  -3.384  -4.506  -5.653   0
   5.14646435  -2.539  -3.446  -4.614  -5.795   0
   5.14708138  -2.555  -3.523  -4.726  -5.932   0
   5.14767408  -2.577  -3.613  -4.851  -6.083   0
   5.14812469  -2.549  -3.667  -4.948  -6.213   0
   5.14855146  -2.534  -3.731  -5.051  -6.347   0
   5.14890671  -2.550  -3.811  -5.166  -6.490   0
   5.14911985  -2.592  -3.899  -5.278  -6.621   0
   5.14926195  -2.532  -3.928  -5.354  -6.734   0
   5.14940405  -2.534  -3.991  -5.451  -6.858   0
   5.14956999  -2.510  -4.042  -5.540  -6.982   0
   5.14966440  -2.618  -3.915  -5.289  -6.628   1
   5.14966679  -2.581  -3.980  -5.409  -6.791   0
   5.14973545  -2.564  -3.944  -5.363  -6.737   0
   5.14983034  -2.499  -4.047  -5.554  -7.004   0
   5.14983273  -2.534  -3.988  -5.446  -6.852   0
   5.14983273  -2.515  -4.039  -5.533  -6.971   0
