   0.15000001  14.497  13.196  11.721   9.987   0
   0.20000000  13.033  12.079  10.786   9.242   0
   0.25000000  12.349  11.459  10.227   8.756   0
   0.30000001  11.819  10.977   9.790   8.375   0
   0.34999999  11.375  10.576   9.427   8.061   0
   0.40000001  10.877  10.120   9.008   7.691   0
   0.44999999  10.408   9.701   8.633   7.374   0
   0.50000000   9.880   9.241   8.223   7.032   0
   0.55000001   9.223   8.701   7.752   6.654   0
   0.60000002   8.492   8.130   7.258   6.260   0
   0.69999999   7.056   7.036   6.342   5.524   0
   0.80000001   5.950   6.131   5.599   4.915   0
   0.89999998   5.153   5.378   4.951   4.366   0
   1.00000000   4.532   4.735   4.383   3.891   0
   1.05013192   4.271   4.448   4.130   3.687   0
   1.10000002   4.037   4.183   3.894   3.501   0
   1.11036134   3.989   4.125   3.845   3.465   0
   1.20000005   3.602   3.661   3.446   3.182   0
   1.29999995   3.222   3.213   3.072   2.934   0
   1.39999998   2.890   2.875   2.800   2.746   0
   1.50000000   2.557   2.590   2.563   2.563   0
   1.60000002   2.276   2.377   2.383   2.413   0
   1.64999998   2.151   2.285   2.305   2.346   0
   1.70000005   2.029   2.196   2.226   2.276   0
   1.75000000   1.931   2.126   2.166   2.224   0
   1.79999995   1.820   2.044   2.092   2.156   0
   1.89999998   1.615   1.889   1.951   2.026   0
   1.96004176   1.498   1.799   1.868   1.949   0
   2.00000000   1.422   1.740   1.813   1.898   0
   2.20000005   1.072   1.465   1.555   1.656   0
   2.38792062   0.778   1.228   1.331   1.444   0
   2.50000000   0.609   1.088   1.198   1.318   0
   2.73214960   0.285   0.813   0.935   1.066   0
   2.99981380  -0.071   0.501   0.634   0.775   0
   3.00000000  -0.071   0.501   0.634   0.775   0
   3.01364183  -0.088   0.486   0.620   0.761   0
   3.24365401  -0.382   0.221   0.363   0.511   0
   3.43134022  -0.622  -0.001   0.146   0.298   0
   3.50000000  -0.712  -0.085   0.063   0.216   0
   3.61083603  -0.853  -0.219  -0.069   0.086   0
   3.75261927  -1.044  -0.404  -0.251  -0.095   0
   3.87433553  -1.218  -0.576  -0.422  -0.266   0
   3.97847319  -1.380  -0.740  -0.585  -0.431   1
   4.00000000  -1.416  -0.777  -0.623  -0.469   0
   4.07561016  -1.540  -0.905  -0.751  -0.600   0
   4.15799522  -1.687  -1.061  -0.909  -0.761   0
   4.22911882  -1.826  -1.210  -1.060  -0.915   0
   4.26144838  -1.893  -1.281  -1.131  -0.989   0
   4.29144907  -1.954  -1.345  -1.196  -1.055   0
   4.30560875  -1.981  -1.371  -1.222  -1.081   0
   4.32436657  -2.010  -1.393  -1.243  -1.100   3
   4.33462477  -2.014  -1.385  -1.231  -1.084   0
   4.34172106  -2.001  -1.344  -1.184  -1.029   0
   4.34379673  -1.995  -1.315  -1.150  -0.988   0
   4.34498644  -1.999  -1.298  -1.128  -0.959   0
   4.34514141  -1.990  -1.292  -1.122  -0.954   0
   4.34561014  -1.976  -1.308  -1.146  -0.987   0
   4.34612322  -2.084  -1.445  -1.289  -1.140   0
   4.34681177  -2.228  -1.619  -1.470  -1.331   0
   4.34752941  -2.331  -1.752  -1.610  -1.481   0
   4.34836483  -2.426  -1.882  -1.747  -1.629   0
   4.34931660  -2.520  -2.019  -1.893  -1.789   0
   4.35009193  -2.591  -2.128  -2.010  -1.918   0
   4.35091162  -2.664  -2.247  -2.140  -2.061   0
   4.35175991  -2.737  -2.379  -2.283  -2.221   0
   4.35233021  -2.783  -2.474  -2.386  -2.338   0
   4.35262299  -2.807  -2.526  -2.443  -2.402   0
   4.35313177  -2.842  -2.621  -2.548  -2.522   0
   4.35365295  -2.872  -2.726  -2.667  -2.660   0
   4.35416174  -2.879  -2.827  -2.787  -2.804   0
   4.35442209  -2.865  -2.871  -2.846  -2.881   0
   4.35468245  -2.841  -2.907  -2.902  -2.959   0
   4.35492992  -2.800  -2.928  -2.947  -3.038   0
   4.35519028  -2.742  -2.914  -2.973  -3.118   3
   4.35543728  -2.663  -2.846  -2.970  -3.200   0
   4.35559320  -2.605  -2.764  -2.948  -3.249   0
   4.35574961  -2.538  -2.670  -2.916  -3.294   0
   4.35587978  -2.463  -2.568  -2.875  -3.331   0
   4.35599661  -2.384  -2.468  -2.832  -3.359   0
   4.35611343  -2.281  -2.352  -2.780  -3.380   0
   4.35621738  -2.164  -2.236  -2.727  -3.392   0
   4.35641289  -1.956  -2.049  -2.628  -3.376   0
   4.35664654  -1.740  -1.870  -2.518  -3.322   0
   4.35684156  -1.604  -1.761  -2.453  -3.294   4
   4.35711765  -1.556  -1.783  -2.539  -3.427   0
   4.35733891  -1.614  -1.891  -2.688  -3.606   0
   4.35771179  -1.700  -2.011  -2.836  -3.774   0
   4.35842991  -1.751  -2.103  -2.955  -3.912   0
   4.35968542  -1.792  -2.168  -3.034  -4.002   0
   4.35998869  -1.798  -2.177  -3.045  -4.014   0
   4.39018583  -1.808  -2.140  -2.977  -3.924   0
   4.42872477  -1.889  -2.173  -2.966  -3.880   4
   4.45195770  -2.322  -2.498  -3.167  -3.986   0
   4.46063900  -2.658  -2.771  -3.303  -4.007   0
   4.46688604  -2.889  -2.994  -3.401  -3.976   0
   4.47096825  -2.991  -3.112  -3.451  -3.950   0
   4.47447729  -3.058  -3.196  -3.488  -3.927   0
   4.47829199  -3.122  -3.278  -3.520  -3.899   0
   4.48256588  -3.185  -3.361  -3.551  -3.869   0
   4.48759556  -3.250  -3.438  -3.574  -3.829   0
   4.49346828  -3.314  -3.502  -3.591  -3.788   0
   4.49986076  -3.373  -3.547  -3.601  -3.751   0
   4.50000000  -3.374  -3.548  -3.602  -3.750   3
   4.50673723  -3.423  -3.569  -3.599  -3.717   0
   4.51721716  -3.485  -3.592  -3.596  -3.678   0
   4.53382540  -3.553  -3.603  -3.590  -3.649   0
   4.54387569  -3.584  -3.621  -3.602  -3.655   0
   4.56809282  -3.623  -3.710  -3.708  -3.784   0
   4.57517767  -3.610  -3.741  -3.761  -3.867   0
   4.58085871  -3.586  -3.759  -3.804  -3.947   0
   4.58359289  -3.548  -3.739  -3.822  -4.016   0
   4.58583546  -3.501  -3.695  -3.828  -4.084   0
   4.58736897  -3.452  -3.638  -3.825  -4.142   0
   4.58871603  -3.391  -3.554  -3.805  -4.199   0
   4.58977652  -3.310  -3.448  -3.772  -4.254   0
   4.59060097  -3.186  -3.306  -3.721  -4.306   0
   4.59120655  -2.983  -3.114  -3.646  -4.349   0
   4.59172773  -2.741  -2.921  -3.563  -4.359   0
   4.59233332  -2.427  -2.683  -3.429  -4.307   0
   4.59287119  -2.168  -2.515  -3.356  -4.303   4
   4.59295511  -2.144  -2.521  -3.380  -4.342   0
   4.59314346  -2.157  -2.603  -3.507  -4.499   0
   4.59331465  -2.188  -2.693  -3.635  -4.653   0
   4.59471846  -2.225  -2.787  -3.765  -4.810   0
   4.59526587  -2.270  -2.887  -3.901  -4.970   0
   4.59600210  -2.304  -2.985  -4.032  -5.126   0
   4.59680653  -2.327  -3.083  -4.169  -5.292   0
   4.59749126  -2.346  -3.173  -4.299  -5.450   0
   4.59815884  -2.368  -3.278  -4.450  -5.633   0
   4.59862089  -2.366  -3.354  -4.568  -5.782   0
   4.59908295  -2.363  -3.441  -4.700  -5.951   0
   4.59947681  -2.373  -3.536  -4.838  -6.121   0
   4.59980202  -2.346  -3.617  -4.976  -6.305   2
   4.60011005  -2.399  -3.662  -5.017  -6.342   0
   4.60019350  -2.395  -3.672  -5.035  -6.365   0
   4.60027695  -2.391  -3.683  -5.052  -6.389   0
   4.60035992  -2.387  -3.693  -5.070  -6.413   0
   4.60044289  -2.383  -3.703  -5.088  -6.437   0
   4.60052490  -2.379  -3.713  -5.105  -6.460   0
   4.60060692  -2.375  -3.723  -5.123  -6.484   0
   4.60068893  -2.371  -3.733  -5.140  -6.507   0
   4.60077047  -2.366  -3.743  -5.158  -6.531   0
   4.60083580  -2.363  -3.751  -5.172  -6.550   0
   4.60091639  -2.358  -3.761  -5.189  -6.573   0
   4.60099745  -2.354  -3.770  -5.207  -6.597   0
   4.60107803  -2.349  -3.780  -5.225  -6.621   0
   4.60115814  -2.345  -3.790  -5.243  -6.645   0
   4.60123825  -2.340  -3.800  -5.260  -6.669   0
   4.60131884  -2.335  -3.810  -5.277  -6.692   0
   4.60139847  -2.330  -3.818  -5.293  -6.715   0
   4.60147762  -2.325  -3.827  -5.310  -6.738   0
   4.60155725  -2.320  -3.836  -5.326  -6.761   0
   4.60163689  -2.315  -3.845  -5.342  -6.784   0
   4.60171604  -2.309  -3.854  -5.358  -6.807   0
   4.60179472  -2.304  -3.862  -5.374  -6.830   0
   4.60187340  -2.299  -3.871  -5.391  -6.853   0
   4.60195208  -2.293  -3.880  -5.407  -6.876   0
   4.60203123  -2.288  -3.888  -5.423  -6.899   0
   4.60210991  -2.282  -3.897  -5.439  -6.922   0
   4.60218811  -2.277  -3.905  -5.455  -6.945   0
   4.60226583  -2.271  -3.914  -5.471  -6.967   0
   4.60232830  -2.266  -3.920  -5.484  -6.986   0
   4.60240650  -2.260  -3.929  -5.500  -7.008   0
   4.60248470  -2.255  -3.937  -5.516  -7.031   0
   4.60256290  -2.249  -3.946  -5.532  -7.054   0
   4.60264111  -2.246  -3.952  -5.543  -7.070   0
   4.60341930  -2.249  -3.967  -5.564  -7.097   0
   4.60420036  -2.252  -3.982  -5.584  -7.124   0
   4.60498333  -2.255  -3.996  -5.605  -7.150   0
   4.60576916  -2.258  -4.011  -5.625  -7.177   0
   4.60655785  -2.261  -4.026  -5.645  -7.203   0
   4.60734940  -2.264  -4.040  -5.666  -7.230   0
   4.60814476  -2.267  -4.055  -5.686  -7.256   0
   4.60894203  -2.270  -4.069  -5.706  -7.282   0
   4.60971403  -2.273  -4.083  -5.725  -7.307   0
   4.61044931  -2.275  -4.096  -5.743  -7.331   0
   4.61115122  -2.278  -4.108  -5.761  -7.354   0
   4.61195326  -2.280  -4.122  -5.780  -7.379   0
   4.61271620  -2.282  -4.135  -5.798  -7.403   0
   4.61344337  -2.298  -4.150  -5.814  -7.425   2
   4.61425018  -2.323  -4.168  -5.830  -7.450   0
   4.61501741  -2.348  -4.186  -5.845  -7.473   0
   4.61574888  -2.372  -4.204  -5.860  -7.495   0
   4.61654377  -2.399  -4.224  -5.877  -7.519   0
   4.61730003  -2.426  -4.243  -5.893  -7.542   0
   4.61768532  -2.440  -4.253  -5.901  -7.554   0
