   0.15000001  14.492  13.192  11.718   9.985   0
   0.20000000  13.027  12.074  10.782   9.239   0
   0.25000000  12.344  11.454  10.222   8.752   0
   0.30000001  11.813  10.972   9.785   8.371   0
   0.34999999  11.369  10.570   9.422   8.056   0
   0.40000001  10.869  10.112   9.001   7.685   0
   0.44999999  10.399   9.693   8.626   7.368   0
   0.50000000   9.866   9.229   8.212   7.023   0
   0.55000001   9.203   8.683   7.736   6.640   0
   0.60000002   8.460   8.103   7.234   6.240   0
   0.63151675   7.955   7.721   6.911   5.983   0
   0.69999999   7.006   6.995   6.306   5.493   0
   0.80000001   5.895   6.081   5.556   4.877   0
   0.89999998   5.092   5.315   4.892   4.311   0
   0.93309528   4.872   5.091   4.694   4.145   0
   1.00000000   4.463   4.662   4.313   3.826   0
   1.08404827   4.021   4.165   3.876   3.481   0
   1.10000002   3.941   4.073   3.795   3.416   0
   1.14849007   3.710   3.797   3.557   3.247   0
   1.20000005   3.480   3.519   3.319   3.081   0
   1.23069966   3.351   3.366   3.191   2.995   0
   1.29999995   3.072   3.051   2.930   2.815   0
   1.36858273   2.815   2.793   2.718   2.661   0
   1.39999998   2.699   2.688   2.629   2.593   0
   1.43338990   2.579   2.581   2.539   2.521   0
   1.50000000   2.345   2.389   2.374   2.383   0
   1.52512085   2.257   2.316   2.309   2.326   0
   1.54291880   2.197   2.267   2.266   2.286   0
   1.59905970   2.012   2.118   2.132   2.163   0
   1.60000002   2.009   2.115   2.129   2.161   0
   1.64999998   1.848   1.982   2.008   2.048   0
   1.67951930   1.755   1.905   1.936   1.980   0
   1.70000005   1.689   1.848   1.882   1.928   0
   1.74800503   1.537   1.713   1.754   1.804   0
   1.75000000   1.531   1.707   1.748   1.798   0
   1.79999995   1.369   1.558   1.604   1.657   0
   1.80277979   1.360   1.550   1.597   1.649   0
   1.85911417   1.177   1.376   1.427   1.481   0
   1.89999998   1.041   1.240   1.293   1.346   1
   1.90858209   1.012   1.212   1.264   1.318   0
   1.94959223   0.871   1.062   1.114   1.164   0
   1.98504567   0.743   0.920   0.969   1.016   0
   2.00000000   0.688   0.855   0.903   0.947   0
   2.01530504   0.633   0.791   0.838   0.879   0
   2.04405212   0.526   0.661   0.704   0.739   0
   2.05728769   0.476   0.600   0.641   0.672   0
   2.06969285   0.426   0.543   0.582   0.611   0
   2.07721162   0.394   0.512   0.551   0.580   0
   2.08356714   0.364   0.490   0.532   0.564   3
   2.08793283   0.336   0.486   0.534   0.571   0
   2.09090638   0.307   0.505   0.564   0.613   0
   2.09174681   0.277   0.516   0.584   0.642   0
   2.09223104   0.227   0.511   0.589   0.658   0
   2.09227085   0.236   0.517   0.595   0.663   0
   2.09243488   0.294   0.534   0.602   0.661   0
   2.09265876   0.223   0.417   0.476   0.523   0
   2.09301686   0.127   0.270   0.319   0.352   0
   2.09344149   0.078   0.171   0.207   0.227   0
   2.09401822   0.049   0.082   0.102   0.102   0
   2.09455681   0.040   0.022   0.025   0.005   0
   2.09496379   0.042  -0.010  -0.023  -0.061   0
   2.09557509   0.057  -0.040  -0.082  -0.156   0
   2.09601164   0.073  -0.048  -0.115  -0.224   0
   2.09646106   0.097  -0.026  -0.132  -0.293   0
   2.09691858   0.130   0.025  -0.133  -0.361   3
   2.09737945   0.179   0.111  -0.110  -0.426   0
   2.09783888   0.254   0.236  -0.058  -0.485   0
   2.09806848   0.307   0.313  -0.023  -0.508   0
   2.09852672   0.450   0.487   0.066  -0.524   0
   2.09898257   0.620   0.663   0.177  -0.484   0
   2.09943676   0.839   0.867   0.323  -0.392   0
   2.09989667   1.015   1.020   0.426  -0.334   4
   2.10057449   0.990   0.956   0.320  -0.474   0
   2.10134125   0.887   0.830   0.170  -0.643   0
   2.10216832   0.771   0.696   0.019  -0.808   0
   2.10311747   0.639   0.545  -0.148  -0.989   0
   2.10394144   0.532   0.417  -0.290  -1.142   0
   2.10470915   0.436   0.300  -0.421  -1.283   0
   2.10553837   0.335   0.176  -0.560  -1.434   0
   2.10637712   0.235   0.053  -0.698  -1.583   0
   2.10721278   0.135  -0.068  -0.834  -1.731   0
   2.10800266   0.050  -0.171  -0.951  -1.857   0
   2.10812664   0.040  -0.183  -0.964  -1.872   2
   2.10834932   0.115  -0.091  -0.859  -1.757   0
   2.10856128   0.193   0.005  -0.751  -1.639   0
   2.10903478   0.271   0.101  -0.641  -1.520   0
   2.11158276   0.377   0.234  -0.490  -1.355   0
   2.11508536   0.471   0.353  -0.355  -1.207   0
   2.11891794   0.564   0.469  -0.223  -1.063   0
   2.12289906   0.662   0.585  -0.092  -0.919   0
   2.12826014   0.753   0.695   0.040  -0.770   0
   2.13532639   0.762   0.730   0.104  -0.681   4
   2.14345908   0.480   0.483  -0.082  -0.817   0
   2.15870500   0.118   0.135  -0.352  -1.014   0
   2.18288994  -0.077  -0.065  -0.535  -1.183   0
   2.20000005  -0.216  -0.212  -0.669  -1.302   0
   2.20910740  -0.293  -0.294  -0.740  -1.360   0
   2.22527409  -0.421  -0.430  -0.858  -1.458   0
   2.25224733  -0.558  -0.572  -1.015  -1.633   0
   2.26511192  -0.486  -0.512  -1.028  -1.720   3
   2.26950836  -0.293  -0.351  -0.951  -1.716   0
   2.27171707  -0.077  -0.187  -0.869  -1.702   0
   2.27184439  -0.062  -0.192  -0.893  -1.740   0
   2.27193666  -0.136  -0.302  -1.030  -1.898   0
   2.27200866  -0.228  -0.425  -1.177  -2.062   0
   2.27210355  -0.307  -0.528  -1.298  -2.198   0
   2.27381444  -0.466  -0.743  -1.558  -2.490   0
   2.27410841  -0.565  -0.883  -1.724  -2.674   0
   2.27440214  -0.652  -1.009  -1.872  -2.839   0
   2.27469587  -0.724  -1.120  -2.007  -2.991   0
   2.27499080  -0.791  -1.233  -2.147  -3.150   0
   2.27528048  -0.864  -1.356  -2.302  -3.327   0
   2.27553606  -0.934  -1.479  -2.458  -3.507   0
   2.27572751  -0.964  -1.570  -2.583  -3.657   0
   2.27594137  -1.027  -1.693  -2.737  -3.834   0
   2.27613521  -1.048  -1.795  -2.881  -4.009   0
   2.27634025  -1.096  -1.913  -3.037  -4.192   0
   2.27646351  -1.115  -2.002  -3.162  -4.345   0
   2.27655673  -1.115  -2.070  -3.268  -4.477   0
   2.27664351  -1.125  -2.150  -3.382  -4.620   0
   2.27674031  -1.126  -2.227  -3.497  -4.766   0
   2.27685857  -1.088  -2.293  -3.615  -4.925   0
   2.27687097  -1.086  -2.352  -3.704  -5.038   0
   2.27688980  -1.078  -2.395  -3.773  -5.126   0
   2.27690816  -1.075  -2.408  -3.795  -5.155   0
   2.27692652  -1.072  -2.422  -3.817  -5.184   0
   2.27694488  -1.068  -2.436  -3.839  -5.213   0
   2.27696323  -1.063  -2.447  -3.859  -5.241   0
   2.27698159  -1.058  -2.459  -3.879  -5.269   0
   2.27699995  -1.053  -2.470  -3.899  -5.297   0
   2.27701831  -1.047  -2.481  -3.919  -5.324   0
   2.27703619  -1.041  -2.492  -3.938  -5.352   0
   2.27705050  -1.037  -2.500  -3.954  -5.374   0
   2.27706861  -1.031  -2.511  -3.974  -5.402   0
   2.27708650  -1.025  -2.522  -3.993  -5.430   0
   2.27710438  -1.019  -2.532  -4.013  -5.457   0
   2.27712226  -1.013  -2.543  -4.032  -5.485   0
   2.27714014  -1.007  -2.552  -4.050  -5.510   0
   2.27715826  -1.001  -2.561  -4.066  -5.534   0
   2.27720904  -0.994  -2.568  -4.080  -5.554   0
   2.27728152  -0.987  -2.578  -4.100  -5.582   0
   2.27735353  -0.980  -2.588  -4.119  -5.610   0
   2.27742481  -0.972  -2.598  -4.139  -5.638   0
   2.27749562  -0.964  -2.608  -4.158  -5.666   0
   2.27756572  -0.956  -2.618  -4.178  -5.694   0
   2.27763534  -0.948  -2.628  -4.197  -5.722   0
   2.27770424  -0.940  -2.638  -4.216  -5.750   0
   2.27777243  -0.931  -2.647  -4.236  -5.778   0
   2.27784014  -0.922  -2.657  -4.255  -5.805   0
   2.27790737  -0.914  -2.666  -4.274  -5.833   0
   2.27797365  -0.905  -2.675  -4.293  -5.861   0
   2.27803969  -0.895  -2.684  -4.312  -5.888   0
   2.27810502  -0.886  -2.693  -4.331  -5.916   0
   2.27816963  -0.877  -2.702  -4.349  -5.943   0
   2.27822089  -0.870  -2.709  -4.364  -5.966   0
   2.27827191  -0.872  -2.715  -4.374  -5.987   0
   2.27832246  -0.875  -2.721  -4.384  -6.008   0
   2.27837276  -0.879  -2.727  -4.394  -6.029   2
   2.27842283  -0.894  -2.740  -4.406  -6.050   0
   2.27847266  -0.910  -2.753  -4.418  -6.071   0
   2.27852201  -0.927  -2.766  -4.431  -6.092   0
   2.27857113  -0.946  -2.780  -4.444  -6.113   0
   2.27862024  -0.965  -2.795  -4.458  -6.134   0
   2.27866888  -0.985  -2.810  -4.471  -6.156   0
   2.27871752  -1.005  -2.825  -4.485  -6.177   0
   2.27876592  -1.027  -2.841  -4.499  -6.198   0
   2.27881408  -1.050  -2.858  -4.514  -6.220   0
   2.27886200  -1.073  -2.875  -4.529  -6.241   0
   2.27891016  -1.097  -2.893  -4.543  -6.263   0
   2.27895784  -1.122  -2.911  -4.559  -6.284   0
   2.27900553  -1.148  -2.929  -4.574  -6.305   0
   2.27905321  -1.174  -2.948  -4.589  -6.327   0
   2.27911282  -1.209  -2.972  -4.609  -6.353   0
   2.27917242  -1.244  -2.997  -4.629  -6.380   0
   2.27923226  -1.280  -3.022  -4.649  -6.406   0
   2.27929235  -1.317  -3.048  -4.669  -6.432   0
   2.27935266  -1.355  -3.074  -4.689  -6.458   0
   2.27941322  -1.394  -3.100  -4.710  -6.483   0
   2.27947426  -1.434  -3.127  -4.730  -6.509   0
   2.27953339  -1.474  -3.154  -4.750  -6.533   0
   2.27960038  -1.520  -3.185  -4.773  -6.560   0
   2.27967024  -1.568  -3.216  -4.796  -6.587   0
   2.27975559  -1.632  -3.255  -4.821  -6.614   0
   2.27979136  -1.666  -3.273  -4.828  -6.620   3
   2.27980661  -1.684  -3.278  -4.827  -6.616   0
   2.27981281  -1.673  -3.265  -4.812  -6.604   0
   2.27981520  -1.659  -3.250  -4.796  -6.589   0
   2.27981687  -1.641  -3.230  -4.776  -6.570   0
   2.27981925  -1.621  -3.209  -4.754  -6.548   0
