   0.15000001  14.443  13.157  11.690   9.965   0
   0.20000000  12.981  12.032  10.743   9.204   0
   0.25000000  12.291  11.405  10.176   8.710   0
   0.30000001  11.757  10.920   9.737   8.327   0
   0.34999999  11.311  10.516   9.371   8.010   0
   0.40000001  10.813  10.059   8.952   7.641   0
   0.44999999  10.335   9.634   8.572   7.322   0
   0.50000000   9.768   9.145   8.137   6.959   0
   0.55000001   9.051   8.558   7.626   6.551   0
   0.60000002   8.241   7.933   7.086   6.120   0
   0.63861364   7.590   7.441   6.674   5.789   0
   0.68134516   6.936   6.936   6.256   5.449   0
   0.69999999   6.668   6.724   6.082   5.307   0
   0.72955507   6.278   6.400   5.813   5.083   0
   0.75947511   5.905   6.080   5.547   4.860   0
   0.78610271   5.609   5.807   5.313   4.663   0
   0.80000001   5.460   5.667   5.192   4.559   0
   0.82285738   5.218   5.436   4.990   4.384   0
   0.84431612   5.003   5.221   4.798   4.217   0
   0.86420268   4.808   5.020   4.616   4.058   0
   0.88328397   4.617   4.822   4.436   3.900   0
   0.89999998   4.445   4.643   4.274   3.756   0
   0.91283596   4.315   4.504   4.146   3.646   0
   0.93495178   4.082   4.249   3.913   3.443   0
   0.94598824   3.965   4.121   3.794   3.337   0
   0.95602292   3.853   3.998   3.681   3.237   0
   0.96667153   3.731   3.866   3.557   3.126   0
   0.96968985   3.695   3.827   3.520   3.093   0
   0.97150415   3.673   3.803   3.498   3.072   0
   0.97829556   3.588   3.712   3.410   2.991   0
   0.98303181   3.526   3.644   3.346   2.930   0
   0.99943733   3.294   3.398   3.101   2.688   0
   1.00000000   3.285   3.389   3.092   2.677   1
   1.00911915   3.142   3.243   2.936   2.506   0
   1.01560783   3.029   3.137   2.810   2.348   0
   1.01976645   2.960   3.079   2.722   2.218   0
   1.02258801   2.936   3.062   2.668   2.115   0
   1.02473462   2.954   3.081   2.643   2.038   3
   1.02648675   3.020   3.141   2.654   1.995   0
   1.02841771   3.141   3.227   2.675   1.957   0
   1.03027856   3.183   3.232   2.629   1.867   0
   1.03095031   3.179   3.211   2.592   1.817   0
   1.03242075   3.105   3.109   2.466   1.671   0
   1.03372288   2.992   2.978   2.320   1.512   0
   1.03479874   2.862   2.834   2.165   1.348   0
   1.03579938   2.722   2.682   2.004   1.180   0
   1.03669131   2.582   2.533   1.846   1.015   0
   1.03744364   2.451   2.391   1.697   0.858   0
   1.03815615   2.322   2.246   1.543   0.697   0
   1.03878868   2.197   2.103   1.389   0.535   0
   1.03934848   2.069   1.957   1.233   0.371   0
   1.03985131   1.946   1.816   1.082   0.211   0
   1.04029465   1.826   1.678   0.931   0.050   0
   1.04069746   1.704   1.538   0.779  -0.111   0
   1.04105330   1.582   1.399   0.629  -0.270   0
   1.04137814   1.465   1.261   0.478  -0.432   0
   1.04169822   1.339   1.112   0.313  -0.609   0
   1.04197812   1.223   0.973   0.158  -0.775   0
   1.04232383   1.123   0.848   0.019  -0.926   0
   1.04253495   1.209   0.963   0.151  -0.779   1
   1.04272890   1.111   0.841   0.014  -0.929   0
   1.04292035   1.016   0.717  -0.126  -1.081   0
   1.04309714   0.924   0.595  -0.265  -1.233   0
   1.04326916   0.828   0.465  -0.414  -1.396   0
   1.04341853   0.741   0.344  -0.554  -1.550   0
   1.04354680   0.660   0.228  -0.692  -1.703   0
   1.04367173   0.576   0.104  -0.839  -1.867   0
   1.04377842   0.497  -0.012  -0.978  -2.021   0
   1.04387093   0.431  -0.120  -1.109  -2.170   0
   1.04395950   0.370  -0.230  -1.245  -2.324   0
   1.04403186   0.321  -0.331  -1.371  -2.471   0
   1.04409921   0.270  -0.432  -1.498  -2.617   0
   1.04416656   0.223  -0.536  -1.633  -2.774   0
   1.04422319   0.183  -0.638  -1.767  -2.932   0
   1.04427195   0.152  -0.728  -1.888  -3.076   0
   1.04431522   0.126  -0.813  -2.002  -3.212   0
   1.04435611   0.107  -0.897  -2.117  -3.354   0
   1.04439163   0.092  -0.974  -2.226  -3.488   0
   1.04442501   0.106  -1.040  -2.332  -3.626   0
   1.04445755   0.130  -1.102  -2.436  -3.764   0
   1.04448414   0.117  -1.178  -2.544  -3.896   0
   1.04451120   0.103  -1.252  -2.649  -4.025   2
   1.04451120   1.282   1.218   0.570  -0.234   1
   1.04472756   1.265   1.191   0.532  -0.282   0
   1.04499280   1.252   1.175   0.512  -0.305   0
   1.04510677   1.247   1.169   0.505  -0.312   0
   1.04526126   1.240   1.163   0.500  -0.317   0
   1.04553223   1.230   1.154   0.494  -0.320   0
   1.04581523   1.219   1.146   0.490  -0.321   0
   1.04610491   1.209   1.138   0.485  -0.324   0
   1.04640591   1.199   1.130   0.479  -0.327   0
   1.04671526   1.189   1.121   0.473  -0.332   0
   1.04702163   1.180   1.112   0.466  -0.337   0
   1.04732168   1.170   1.104   0.459  -0.343   0
   1.04762197   1.161   1.095   0.451  -0.350   0
   1.04777181   1.157   1.091   0.447  -0.354   0
   1.04792821   1.153   1.087   0.443  -0.359   0
   1.04823554   1.144   1.077   0.432  -0.370   0
   1.04854751   1.135   1.065   0.419  -0.385   0
   1.04887474   1.123   1.051   0.401  -0.405   0
   1.04924130   1.108   1.031   0.376  -0.434   0
   1.04961896   1.090   1.005   0.341  -0.476   0
   1.04981327   1.074   0.983   0.313  -0.509   0
   1.05003297   1.051   0.954   0.277  -0.552   0
   1.05069947   0.990   0.867   0.167  -0.679   0
   1.05075049   0.966   0.823   0.108  -0.750   0
   1.05078936   0.905   0.732  -0.006  -0.881   0
   1.05080104   0.854   0.660  -0.093  -0.980   0
   1.05081010   0.752   0.519  -0.267  -1.177   0
   1.05081391   0.674   0.413  -0.395  -1.323   0
   1.05081809   0.603   0.306  -0.528  -1.474   0
   1.05082321   0.544   0.214  -0.638  -1.598   0
   1.05082679   0.515   0.170  -0.691  -1.657   0
   1.05085945   0.574   0.264  -0.576  -1.528   0
   1.05086780   0.585   0.280  -0.557  -1.507   1
   1.05094242   0.509   0.161  -0.701  -1.668   0
   1.05099249   0.422   0.015  -0.882  -1.874   0
   1.05102587   0.342  -0.120  -1.051  -2.067   0
   1.05104494   0.283  -0.226  -1.186  -2.223   0
   1.05106401   0.230  -0.330  -1.322  -2.381   0
   1.05108368   0.197  -0.427  -1.451  -2.536   0
   1.05110204   0.159  -0.523  -1.577  -2.685   0
   1.05111957   0.136  -0.627  -1.723  -2.863   0
   1.05113125   0.100  -0.722  -1.850  -3.012   0
   1.05114043   0.098  -0.792  -1.957  -3.145   0
   1.05114949   0.084  -0.874  -2.072  -3.287   0
   1.05115807   0.073  -0.953  -2.184  -3.428   0
   1.05116642   0.080  -1.019  -2.288  -3.561   0
   1.05117476   0.118  -1.067  -2.379  -3.687   0
   1.05117869   0.121  -1.116  -2.454  -3.783   0
   1.05118024   0.133  -1.150  -2.510  -3.857   0
   1.05118191   0.136  -1.166  -2.535  -3.889   0
   1.05118370   0.140  -1.181  -2.561  -3.922   0
   1.05118537   0.144  -1.196  -2.585  -3.955   0
   1.05118704   0.148  -1.211  -2.609  -3.988   0
   1.05118883   0.153  -1.226  -2.634  -4.021   0
   1.05119050   0.158  -1.240  -2.658  -4.054   0
   1.05119216   0.163  -1.255  -2.682  -4.087   0
   1.05119359   0.167  -1.266  -2.701  -4.113   0
   1.05119526   0.173  -1.281  -2.726  -4.146   0
   1.05119693   0.180  -1.294  -2.749  -4.179   0
   1.05119872   0.187  -1.307  -2.772  -4.212   0
   1.05120039   0.194  -1.319  -2.796  -4.245   0
   1.05120206   0.202  -1.332  -2.819  -4.278   0
   1.05120373   0.209  -1.344  -2.842  -4.311   0
   1.05120552   0.217  -1.357  -2.865  -4.344   0
   1.05120718   0.225  -1.369  -2.888  -4.376   0
   1.05120873   0.233  -1.380  -2.909  -4.407   0
   1.05121028   0.241  -1.392  -2.931  -4.438   0
   1.05121183   0.249  -1.403  -2.953  -4.469   0
   1.05121303   0.255  -1.412  -2.970  -4.494   0
   1.05121458   0.263  -1.423  -2.991  -4.525   0
   1.05121613   0.272  -1.434  -3.013  -4.555   0
   1.05121768   0.281  -1.445  -3.034  -4.586   0
   1.05121922   0.290  -1.456  -3.056  -4.617   0
   1.05122077   0.298  -1.466  -3.077  -4.648   0
   1.05122232   0.308  -1.477  -3.098  -4.679   0
   1.05122387   0.308  -1.484  -3.112  -4.707   0
   1.05122638   0.308  -1.489  -3.123  -4.733   0
   1.05123019   0.308  -1.495  -3.135  -4.761   0
   1.05123413   0.308  -1.502  -3.148  -4.789   0
   1.05123794   0.306  -1.509  -3.160  -4.817   0
   1.05124176   0.303  -1.516  -3.173  -4.845   0
   1.05124557   0.300  -1.524  -3.185  -4.873   0
   1.05124927   0.296  -1.531  -3.198  -4.900   0
   1.05125296   0.287  -1.542  -3.211  -4.928   2
   1.05125666   0.258  -1.563  -3.230  -4.958   0
   1.05126035   0.228  -1.586  -3.250  -4.988   0
   1.05126405   0.195  -1.609  -3.271  -5.019   0
   1.05126762   0.160  -1.634  -3.292  -5.050   0
   1.05127120   0.122  -1.661  -3.314  -5.081   0
   1.05127478   0.081  -1.690  -3.337  -5.113   0
   1.05127835   0.038  -1.720  -3.361  -5.146   0
   1.05128193  -0.009  -1.752  -3.387  -5.180   0
   1.05128539  -0.059  -1.786  -3.413  -5.213   0
   1.05128884  -0.112  -1.822  -3.440  -5.248   0
   1.05129218  -0.170  -1.861  -3.469  -5.283   0
   1.05129564  -0.231  -1.902  -3.499  -5.319   0
   1.05129910  -0.297  -1.945  -3.531  -5.357   0
   1.05130243  -0.336  -1.956  -3.534  -5.384   0
   1.05130410  -0.354  -1.960  -3.535  -5.398   0
