   0.15000001  14.497  13.195  11.721   9.987   0
   0.20000000  13.032  12.078  10.786   9.242   0
   0.25000000  12.348  11.458  10.226   8.756   0
   0.30000001  11.818  10.976   9.789   8.375   0
   0.34999999  11.374  10.575   9.426   8.060   0
   0.40000001  10.876  10.119   9.007   7.690   0
   0.44999999  10.406   9.700   8.632   7.373   0
   0.50000000   9.878   9.239   8.222   7.031   0
   0.55000001   9.220   8.698   7.749   6.652   0
   0.60000002   8.488   8.126   7.255   6.257   0
   0.69999999   7.047   7.029   6.336   5.519   0
   0.80000001   5.940   6.121   5.591   4.907   0
   0.88801217   5.217   5.443   5.007   4.412   0
   0.89999998   5.132   5.357   4.931   4.348   0
   0.91217887   5.051   5.274   4.858   4.286   0
   1.00000000   4.514   4.717   4.364   3.874   0
   1.10000002   4.023   4.166   3.879   3.488   0
   1.20000005   3.585   3.641   3.427   3.167   0
   1.29999995   3.201   3.190   3.052   2.917   0
   1.39999998   2.864   2.849   2.777   2.726   0
   1.50000000   2.533   2.569   2.543   2.544   0
   1.57149994   2.325   2.407   2.406   2.430   0
   1.60000002   2.245   2.347   2.354   2.385   0
   1.64165652   2.138   2.267   2.286   2.326   0
   1.64999998   2.118   2.253   2.273   2.314   0
   1.66932631   2.069   2.216   2.241   2.286   0
   1.70000005   1.993   2.159   2.190   2.240   0
   1.75000000   1.884   2.080   2.121   2.178   0
   1.79999995   1.768   1.991   2.040   2.103   0
   1.89999998   1.553   1.825   1.888   1.963   0
   1.99502313   1.360   1.674   1.747   1.830   0
   2.00000000   1.350   1.666   1.739   1.823   0
   2.20000005   0.974   1.361   1.451   1.551   0
   2.23930764   0.905   1.304   1.397   1.499   0
   2.44620562   0.545   0.999   1.104   1.217   0
   2.50000000   0.451   0.916   1.024   1.140   0
   2.61810279   0.256   0.743   0.857   0.977   0
   2.76652789   0.012   0.520   0.640   0.764   0
   2.89131474  -0.199   0.322   0.446   0.572   0
   2.99970436  -0.389   0.139   0.264   0.391   0
   3.00000000  -0.390   0.138   0.264   0.391   0
   3.00871158  -0.404   0.124   0.250   0.377   0
   3.10383034  -0.575  -0.045   0.081   0.208   0
   3.18574166  -0.729  -0.203  -0.076   0.049   1
   3.25653386  -0.871  -0.352  -0.226  -0.104   0
   3.31837630  -1.006  -0.497  -0.372  -0.253   0
   3.37298608  -1.136  -0.638  -0.515  -0.400   0
   3.39785051  -1.197  -0.705  -0.583  -0.470   0
   3.42124510  -1.255  -0.767  -0.646  -0.535   0
   3.43374825  -1.286  -0.798  -0.677  -0.566   0
   3.44797158  -1.315  -0.820  -0.697  -0.584   3
   3.45657945  -1.325  -0.815  -0.689  -0.572   0
   3.46251369  -1.322  -0.781  -0.649  -0.524   0
   3.46422338  -1.326  -0.759  -0.621  -0.489   0
   3.46518016  -1.338  -0.744  -0.599  -0.459   0
   3.46531272  -1.328  -0.736  -0.593  -0.453   0
   3.46562123  -1.301  -0.739  -0.602  -0.471   0
   3.46600986  -1.388  -0.858  -0.728  -0.607   0
   3.46657085  -1.525  -1.029  -0.906  -0.795   0
   3.46716261  -1.618  -1.156  -1.040  -0.939   0
   3.46790862  -1.703  -1.284  -1.175  -1.087   0
   3.46879601  -1.787  -1.421  -1.321  -1.247   0
   3.46954179  -1.847  -1.531  -1.441  -1.380   0
   3.47034907  -1.905  -1.652  -1.574  -1.530   0
   3.47062635  -1.922  -1.694  -1.620  -1.583   0
   3.47108293  -1.949  -1.767  -1.701  -1.676   0
   3.47154903  -1.969  -1.843  -1.789  -1.777   0
   3.47201514  -1.976  -1.918  -1.879  -1.885   0
   3.47249055  -1.962  -1.987  -1.969  -2.001   0
   3.47296572  -1.918  -2.028  -2.047  -2.125   0
   3.47320080  -1.884  -2.025  -2.072  -2.187   0
   3.47344065  -1.838  -2.002  -2.087  -2.252   3
   3.47367573  -1.779  -1.937  -2.080  -2.318   0
   3.47391057  -1.706  -1.829  -2.047  -2.380   0
   3.47414517  -1.608  -1.686  -1.988  -2.435   0
   3.47438002  -1.457  -1.498  -1.902  -2.474   0
   3.47460985  -1.263  -1.300  -1.802  -2.478   0
   3.47507405  -0.917  -0.996  -1.614  -2.394   0
   3.47526956  -0.802  -0.902  -1.556  -2.365   4
   3.47554851  -0.812  -0.950  -1.647  -2.491   0
   3.47581482  -0.866  -1.046  -1.778  -2.649   0
   3.47628760  -0.959  -1.172  -1.930  -2.820   0
   3.47692871  -1.033  -1.275  -2.056  -2.962   0
   3.47756505  -1.103  -1.372  -2.173  -3.095   0
   3.47822118  -1.148  -1.430  -2.241  -3.170   0
   3.47862482  -1.170  -1.458  -2.274  -3.206   2
   3.48810029  -1.147  -1.419  -2.222  -3.144   0
   3.50000000  -1.123  -1.376  -2.163  -3.073   0
   3.54069209  -1.151  -1.359  -2.105  -2.986   0
   3.54747891  -1.176  -1.375  -2.112  -2.986   0
   3.57029653  -1.457  -1.597  -2.264  -3.084   0
   3.57993460  -1.691  -1.794  -2.391  -3.153   0
   3.58734703  -1.891  -1.968  -2.486  -3.178   0
   3.59226584  -2.040  -2.108  -2.554  -3.174   0
   3.59600830  -2.135  -2.213  -2.603  -3.161   0
   3.59990597  -2.218  -2.312  -2.649  -3.143   0
   3.60459518  -2.296  -2.411  -2.696  -3.124   0
   3.60997605  -2.365  -2.504  -2.738  -3.100   0
   3.61696029  -2.436  -2.598  -2.779  -3.077   0
   3.62661004  -2.515  -2.700  -2.823  -3.054   0
   3.63955855  -2.600  -2.778  -2.859  -3.036   0
   3.65289545  -2.662  -2.837  -2.899  -3.050   1
   3.67130709  -2.678  -2.861  -2.963  -3.168   0
   3.67744660  -2.651  -2.826  -2.979  -3.247   0
   3.68069291  -2.611  -2.769  -2.977  -3.311   0
   3.68258739  -2.573  -2.712  -2.965  -3.355   0
   3.68432760  -2.512  -2.627  -2.941  -3.408   0
   3.68612027  -2.416  -2.508  -2.901  -3.463   0
   3.68707776  -2.301  -2.386  -2.856  -3.500   0
   3.68797374  -2.106  -2.213  -2.783  -3.523   0
   3.68883872  -1.850  -2.009  -2.675  -3.494   0
   3.68951225  -1.563  -1.794  -2.544  -3.427   4
   3.68978024  -1.500  -1.777  -2.573  -3.489   0
   3.68992758  -1.536  -1.867  -2.707  -3.655   0
   3.69003081  -1.597  -1.973  -2.840  -3.808   0
   3.69020033  -1.642  -2.048  -2.934  -3.915   0
   3.69157839  -1.704  -2.189  -3.123  -4.138   0
   3.69202042  -1.755  -2.285  -3.247  -4.282   0
   3.69256496  -1.805  -2.390  -3.388  -4.447   0
   3.69305086  -1.827  -2.474  -3.506  -4.590   0
   3.69353628  -1.860  -2.570  -3.635  -4.744   0
   3.69399238  -1.902  -2.672  -3.769  -4.901   0
   3.69441152  -1.923  -2.766  -3.902  -5.062   0
   3.69477177  -1.927  -2.851  -4.030  -5.223   0
   3.69508052  -1.955  -2.945  -4.160  -5.378   0
   3.69534492  -1.960  -3.025  -4.277  -5.525   0
   3.69557261  -1.914  -3.075  -4.376  -5.663   0
   3.69577098  -1.923  -3.154  -4.490  -5.804   0
   3.69594002  -1.919  -3.222  -4.596  -5.940   0
   3.69608688  -1.851  -3.254  -4.679  -6.066   0
   3.69621897  -1.849  -3.315  -4.775  -6.191   0
   3.69635844  -1.856  -3.389  -4.885  -6.333   0
   3.69646883  -1.787  -3.417  -4.963  -6.458   0
   3.69657898  -1.806  -3.434  -4.980  -6.473   2
   3.69663763  -1.858  -3.398  -4.897  -6.348   0
   3.69665956  -1.924  -3.378  -4.832  -6.241   0
   3.69666696  -1.957  -3.339  -4.755  -6.132   0
   3.69670367  -1.905  -3.365  -4.821  -6.233   0
   3.69674778  -1.863  -3.398  -4.894  -6.342   0
   3.69679165  -1.806  -3.420  -4.957  -6.444   0
   3.69685745  -1.798  -3.432  -4.981  -6.477   0
   3.69692326  -1.790  -3.444  -5.004  -6.510   0
   3.69698882  -1.782  -3.456  -5.027  -6.543   0
   3.69704151  -1.775  -3.466  -5.045  -6.570   0
   3.69710732  -1.766  -3.478  -5.068  -6.603   0
   3.69717288  -1.758  -3.490  -5.091  -6.636   0
   3.69723868  -1.749  -3.501  -5.113  -6.666   0
   3.69730449  -1.744  -3.508  -5.126  -6.686   0
   3.69737029  -1.738  -3.515  -5.140  -6.705   0
   3.69743609  -1.733  -3.521  -5.153  -6.724   0
   3.69756842  -1.733  -3.530  -5.166  -6.741   0
   3.69788861  -1.737  -3.544  -5.186  -6.767   0
   3.69821095  -1.740  -3.558  -5.205  -6.791   0
   3.69853568  -1.743  -3.571  -5.223  -6.815   0
   3.69886351  -1.745  -3.584  -5.241  -6.839   0
   3.69919467  -1.748  -3.597  -5.259  -6.862   0
   3.69953012  -1.756  -3.610  -5.275  -6.885   0
   3.69995260  -1.778  -3.627  -5.291  -6.911   0
   3.70037651  -1.801  -3.645  -5.308  -6.938   0
   3.70080137  -1.826  -3.664  -5.325  -6.964   0
   3.70122766  -1.852  -3.684  -5.343  -6.992   0
   3.70165563  -1.880  -3.705  -5.361  -7.019   0
   3.70207691  -1.909  -3.726  -5.379  -7.046   0
   3.70247817  -1.938  -3.747  -5.397  -7.072   0
   3.70286012  -1.967  -3.767  -5.415  -7.096   0
   3.70329595  -2.001  -3.792  -5.435  -7.125   0
   3.70370936  -2.035  -3.816  -5.454  -7.152   0
   3.70410252  -2.068  -3.839  -5.473  -7.177   0
   3.70453811  -2.106  -3.866  -5.495  -7.205   0
   3.70495081  -2.144  -3.892  -5.516  -7.232   0
   3.70534325  -2.181  -3.918  -5.535  -7.258   0
   3.70576882  -2.223  -3.946  -5.557  -7.285   0
   3.70617247  -2.264  -3.974  -5.578  -7.312   0
   3.70660424  -2.309  -4.004  -5.601  -7.339   0
   3.70689487  -2.341  -4.024  -5.615  -7.355   0
   3.70701146  -2.354  -4.032  -5.619  -7.360   0
   3.70706320  -2.361  -4.035  -5.619  -7.360   3
   3.70709300  -2.366  -4.036  -5.618  -7.358   0
   3.70711184  -2.370  -4.036  -5.616  -7.356   0
   3.70712328  -2.366  -4.032  -5.611  -7.351   0
   3.70712972  -2.361  -4.026  -5.606  -7.346   0
   3.70713305  -2.356  -4.021  -5.600  -7.341   0
   3.70713592  -2.351  -4.015  -5.594  -7.335   0
   3.70713902  -2.345  -4.008  -5.587  -7.329   0
   3.70714188  -2.339  -4.002  -5.581  -7.322   0
   3.70714474  -2.332  -3.995  -5.573  -7.315   0
   3.70714760  -2.325  -3.987  -5.566  -7.308   0
   3.70715046  -2.318  -3.979  -5.557  -7.300   0
   3.70715427  -2.310  -3.971  -5.548  -7.292   0
