   0.15000001  14.463  13.172  11.702   9.974   0
   0.20000000  13.000  12.049  10.759   9.218   0
   0.25000000  12.313  11.426  10.195   8.728   0
   0.30000001  11.780  10.941   9.757   8.345   0
   0.34999999  11.335  10.539   9.392   8.029   0
   0.40000001  10.829  10.074   8.965   7.652   0
   0.44999999  10.359   9.656   8.592   7.339   0
   0.50000000   9.807   9.177   8.166   6.984   0
   0.55000001   9.112   8.607   7.668   6.585   0
   0.60000002   8.332   8.002   7.146   6.167   0
   0.65670925   7.421   7.314   6.567   5.703   0
   0.69999999   6.813   6.840   6.178   5.386   0
   0.73003012   6.425   6.526   5.919   5.173   0
   0.77600813   5.893   6.074   5.545   4.862   0
   0.80000001   5.653   5.852   5.357   4.705   0
   0.82973433   5.373   5.587   5.127   4.508   0
   0.86304682   5.075   5.296   4.871   4.288   0
   0.89237475   4.830   5.045   4.646   4.094   0
   0.89999998   4.766   4.980   4.588   4.044   0
   0.90296829   4.742   4.955   4.565   4.025   0
   0.92960405   4.523   4.727   4.362   3.852   0
   0.95390588   4.333   4.519   4.174   3.692   0
   0.97684091   4.151   4.320   3.994   3.539   0
   0.99937266   3.969   4.120   3.812   3.384   0
   1.00000000   3.963   4.114   3.807   3.380   0
   1.00606966   3.916   4.060   3.759   3.341   0
   1.03020513   3.725   3.841   3.562   3.181   0
   1.05309963   3.539   3.628   3.370   3.023   0
   1.06375158   3.452   3.529   3.280   2.948   0
   1.07368863   3.366   3.431   3.191   2.874   0
   1.08658326   3.250   3.300   3.071   2.774   0
   1.09306943   3.190   3.232   3.008   2.720   0
   1.09309411   3.190   3.232   3.008   2.720   0
   1.10000002   3.124   3.158   2.940   2.660   0
   1.10267723   3.099   3.130   2.913   2.636   0
   1.13016999   2.802   2.808   2.605   2.347   1
   1.14421141   2.633   2.642   2.425   2.143   0
   1.15268695   2.520   2.545   2.302   1.973   0
   1.15730917   2.455   2.508   2.229   1.839   0
   1.16069138   2.441   2.528   2.194   1.720   0
   1.16322100   2.466   2.573   2.184   1.635   3
   1.16523993   2.535   2.648   2.204   1.590   0
   1.16698706   2.654   2.761   2.264   1.593   0
   1.16864979   2.807   2.886   2.333   1.614   0
   1.16968513   2.884   2.948   2.367   1.621   4
   1.17272997   2.891   2.904   2.271   1.485   0
   1.17479336   2.782   2.772   2.121   1.319   0
   1.17638540   2.661   2.638   1.976   1.165   0
   1.17784917   2.533   2.499   1.828   1.010   0
   1.17915118   2.402   2.359   1.680   0.855   0
   1.18036592   2.269   2.216   1.529   0.697   0
   1.18150318   2.137   2.070   1.375   0.535   0
   1.18242586   2.019   1.936   1.232   0.385   0
   1.18332803   1.894   1.794   1.080   0.225   0
   1.18408346   1.780   1.663   0.939   0.076   0
   1.18480158   1.660   1.525   0.790  -0.082   0
   1.18543184   1.545   1.393   0.646  -0.235   0
   1.18598151   1.432   1.264   0.506  -0.384   0
   1.18647385   1.323   1.136   0.366  -0.533   0
   1.18692148   1.217   1.010   0.227  -0.683   0
   1.18732500   1.112   0.886   0.089  -0.830   0
   1.18769777   1.011   0.765  -0.046  -0.976   0
   1.18809474   0.922   0.654  -0.171  -1.111   0
   1.18828952   0.891   0.614  -0.216  -1.160   0
   1.18858647   0.982   0.735  -0.075  -1.004   0
   1.18861353   0.988   0.743  -0.066  -0.995   1
   1.18892324   0.883   0.611  -0.216  -1.158   0
   1.18924248   0.778   0.474  -0.370  -1.326   0
   1.18954194   0.681   0.343  -0.520  -1.491   0
   1.18979561   0.593   0.222  -0.661  -1.645   0
   1.19001472   0.512   0.106  -0.796  -1.795   0
   1.19022787   0.429  -0.016  -0.942  -1.957   0
   1.19041061   0.350  -0.131  -1.078  -2.109   0
   1.19056833   0.276  -0.241  -1.211  -2.256   0
   1.19071913   0.208  -0.353  -1.347  -2.410   0
   1.19084823   0.158  -0.452  -1.472  -2.555   0
   1.19096100   0.115  -0.545  -1.591  -2.693   0
   1.19108236   0.061  -0.658  -1.733  -2.858   0
   1.19117081   0.025  -0.745  -1.847  -2.992   0
   1.19124973  -0.007  -0.829  -1.958  -3.122   0
   1.19133127  -0.036  -0.920  -2.081  -3.269   0
   1.19139886  -0.059  -0.998  -2.187  -3.397   0
   1.19146311  -0.081  -1.080  -2.298  -3.532   0
   1.19151509  -0.081  -1.140  -2.389  -3.647   0
   1.19156885  -0.073  -1.203  -2.488  -3.775   0
   1.19161570  -0.055  -1.259  -2.579  -3.896   0
   1.19166088  -0.046  -1.315  -2.667  -4.009   2
   1.19166088   1.187   1.123   0.472  -0.335   1
   1.19204521   1.177   1.106   0.446  -0.368   0
   1.19249451   1.165   1.090   0.426  -0.391   0
   1.19294715   1.159   1.082   0.414  -0.406   0
   1.19296396   1.159   1.081   0.414  -0.406   0
   1.19347382   1.146   1.070   0.405  -0.413   0
   1.19400096   1.125   1.053   0.394  -0.419   0
   1.19453597   1.111   1.040   0.384  -0.426   0
   1.19510436   1.096   1.027   0.374  -0.435   0
   1.19567525   1.083   1.015   0.363  -0.444   0
   1.19624090   1.070   1.003   0.353  -0.453   0
   1.19680142   1.058   0.991   0.342  -0.463   0
   1.19734871   1.046   0.979   0.332  -0.472   0
   1.19790232   1.034   0.967   0.320  -0.483   0
   1.19796383   1.033   0.966   0.319  -0.484   0
   1.19846082   1.024   0.957   0.309  -0.495   0
   1.19903386   1.014   0.945   0.296  -0.510   0
   1.19963658   1.001   0.930   0.279  -0.528   0
   1.20036852   0.986   0.911   0.256  -0.554   0
   1.20105588   0.970   0.889   0.227  -0.589   0
   1.20136237   0.960   0.875   0.208  -0.612   0
   1.20178592   0.942   0.850   0.175  -0.651   0
   1.20310020   0.879   0.761   0.062  -0.783   0
   1.20318615   0.853   0.716   0.004  -0.852   0
   1.20325267   0.802   0.637  -0.097  -0.969   0
   1.20327270   0.757   0.573  -0.176  -1.059   0
   1.20328820   0.665   0.447  -0.329  -1.232   0
   1.20329595   0.575   0.328  -0.470  -1.390   0
   1.20330429   0.483   0.206  -0.616  -1.554   0
   1.20331943   0.412   0.095  -0.749  -1.704   0
   1.20338988   0.482   0.203  -0.620  -1.558   1
   1.20352948   0.403   0.082  -0.765  -1.722   0
   1.20359826   0.328  -0.032  -0.902  -1.875   0
   1.20366347   0.248  -0.163  -1.063  -2.058   0
   1.20370018   0.179  -0.280  -1.209  -2.225   0
   1.20373523   0.109  -0.400  -1.361  -2.399   0
   1.20377040   0.074  -0.494  -1.490  -2.553   0
   1.20381129   0.017  -0.609  -1.635  -2.720   0
   1.20384037  -0.025  -0.705  -1.759  -2.866   0
   1.20386541  -0.040  -0.793  -1.885  -3.020   0
   1.20388591  -0.087  -0.898  -2.021  -3.179   0
   1.20390165  -0.085  -0.971  -2.133  -3.321   0
   1.20391655  -0.103  -1.054  -2.249  -3.462   0
   1.20393097  -0.113  -1.131  -2.359  -3.599   0
   1.20394647  -0.111  -1.189  -2.448  -3.713   0
   1.20396030  -0.089  -1.301  -2.625  -3.944   0
   1.20396149  -0.075  -1.306  -2.641  -3.967   0
   1.20396352  -0.073  -1.318  -2.659  -3.991   0
   1.20396614  -0.071  -1.333  -2.683  -4.021   0
   1.20396876  -0.068  -1.348  -2.706  -4.051   0
   1.20397139  -0.066  -1.362  -2.730  -4.081   0
   1.20397401  -0.063  -1.377  -2.753  -4.111   0
   1.20397663  -0.060  -1.391  -2.776  -4.141   0
   1.20397925  -0.055  -1.404  -2.797  -4.171   0
   1.20398200  -0.051  -1.417  -2.819  -4.200   0
   1.20398450  -0.047  -1.430  -2.840  -4.229   0
   1.20398724  -0.043  -1.443  -2.861  -4.258   0
   1.20398927  -0.039  -1.453  -2.878  -4.281   0
   1.20399165  -0.035  -1.466  -2.899  -4.309   0
   1.20399368  -0.031  -1.476  -2.916  -4.332   0
   1.20399618  -0.026  -1.487  -2.937  -4.361   0
   1.20399868  -0.020  -1.498  -2.957  -4.389   0
   1.20400071  -0.015  -1.507  -2.973  -4.412   0
   1.20400321  -0.008  -1.518  -2.993  -4.441   0
   1.20400512  -0.003  -1.527  -3.009  -4.464   0
   1.20400763   0.003  -1.538  -3.029  -4.492   0
   1.20401013   0.009  -1.547  -3.047  -4.517   0
   1.20401263   0.016  -1.556  -3.063  -4.540   0
   1.20401514   0.021  -1.564  -3.079  -4.563   0
   1.20401764   0.027  -1.573  -3.095  -4.587   0
   1.20401967   0.032  -1.580  -3.108  -4.605   0
   1.20402217   0.038  -1.588  -3.125  -4.628   0
   1.20402467   0.044  -1.597  -3.141  -4.652   0
   1.20402718   0.050  -1.605  -3.157  -4.675   0
   1.20402968   0.056  -1.614  -3.173  -4.698   0
   1.20403218   0.062  -1.622  -3.190  -4.721   0
   1.20403469   0.069  -1.630  -3.206  -4.744   0
   1.20403707   0.075  -1.638  -3.222  -4.768   0
   1.20403957   0.082  -1.647  -3.238  -4.791   0
   1.20404208   0.089  -1.655  -3.254  -4.814   0
   1.20404458   0.095  -1.662  -3.268  -4.834   0
   1.20405102   0.105  -1.671  -3.287  -4.862   0
   1.20405746   0.113  -1.679  -3.304  -4.890   0
   1.20406389   0.114  -1.684  -3.315  -4.915   0
   1.20407021   0.114  -1.690  -3.327  -4.941   0
   1.20407653   0.113  -1.695  -3.338  -4.966   0
   1.20408285   0.112  -1.701  -3.349  -4.991   0
   1.20408893   0.110  -1.708  -3.361  -5.016   0
   1.20409513   0.107  -1.715  -3.372  -5.042   0
   1.20410132   0.104  -1.722  -3.384  -5.067   0
   1.20410728   0.100  -1.729  -3.395  -5.092   0
   1.20411336   0.092  -1.738  -3.407  -5.117   0
   1.20411932   0.068  -1.757  -3.424  -5.144   0
   1.20412529   0.042  -1.776  -3.441  -5.170   0
   1.20413125   0.014  -1.796  -3.459  -5.198   0
   1.20413709  -0.016  -1.818  -3.478  -5.225   0
   1.20414281  -0.048  -1.841  -3.497  -5.253   0
   1.20414865  -0.082  -1.865  -3.517  -5.281   0
   1.20415437  -0.118  -1.890  -3.538  -5.310   0
   1.20415998  -0.156  -1.917  -3.559  -5.339   0
   1.20416558  -0.196  -1.945  -3.581  -5.369   0
   1.20417118  -0.239  -1.974  -3.604  -5.399   0
   1.20417666  -0.284  -2.005  -3.628  -5.429   0
   1.20418227  -0.332  -2.038  -3.653  -5.460   0
   1.20418763  -0.382  -2.072  -3.679  -5.492   0
   1.20419300  -0.436  -2.107  -3.705  -5.524   0
   1.20419848  -0.493  -2.145  -3.733  -5.556   0
   1.20420372  -0.535  -2.165  -3.745  -5.584   0
   1.20420897  -0.565  -2.173  -3.747  -5.607   0
   1.20421398  -0.593  -2.178  -3.747  -5.629   3
   1.20421827  -0.626  -2.179  -3.739  -5.647   0
   1.20421839  -0.628  -2.179  -3.738  -5.648   0
