   0.15000001  14.479  13.183  11.711   9.980   0
   0.20000000  13.014  12.062  10.771   9.229   0
   0.25000000  12.329  11.441  10.209   8.741   0
   0.30000001  11.798  10.957   9.772   8.359   0
   0.34999999  11.353  10.555   9.408   8.043   0
   0.40000001  10.849  10.093   8.983   7.668   0
   0.44999999  10.377   9.673   8.607   7.351   0
   0.50000000   9.836   9.202   8.188   7.002   0
   0.55000001   9.158   8.645   7.702   6.611   0
   0.60000002   8.399   8.054   7.191   6.204   0
   0.66282123   7.418   7.313   6.567   5.704   0
   0.69999999   6.916   6.922   6.246   5.442   0
   0.77156627   6.072   6.229   5.676   4.974   0
   0.80000001   5.784   5.976   5.466   4.800   0
   0.85497338   5.306   5.527   5.078   4.469   0
   0.89999998   4.958   5.179   4.770   4.207   0
   0.92206836   4.797   5.013   4.624   4.084   0
   0.96758580   4.480   4.679   4.325   3.833   0
   1.00000000   4.266   4.445   4.115   3.657   0
   1.01603413   4.162   4.330   4.014   3.575   0
   1.05201352   3.939   4.076   3.788   3.395   0
   1.08447850   3.741   3.847   3.585   3.233   0
   1.10000002   3.646   3.737   3.487   3.156   0
   1.10899770   3.593   3.674   3.432   3.115   0
   1.12581432   3.492   3.554   3.328   3.039   0
   1.14036548   3.406   3.451   3.238   2.973   0
   1.15310824   3.332   3.363   3.161   2.916   0
   1.16455603   3.266   3.287   3.094   2.866   0
   1.17487776   3.209   3.222   3.038   2.824   0
   1.18398511   3.160   3.166   2.990   2.787   0
   1.18814492   3.138   3.141   2.968   2.770   0
   1.19214857   3.118   3.118   2.948   2.755   0
   1.19766140   3.090   3.087   2.921   2.734   0
   1.20000005   3.079   3.074   2.910   2.725   0
   1.20703697   3.039   3.029   2.871   2.694   0
   1.21480107   2.996   2.980   2.828   2.660   0
   1.23700535   2.873   2.844   2.706   2.559   0
   1.26212513   2.735   2.698   2.572   2.439   0
   1.29010558   2.583   2.539   2.418   2.289   1
   1.29999995   2.528   2.482   2.360   2.229   0
   1.30879855   2.481   2.432   2.311   2.178   0
   1.32895243   2.372   2.321   2.193   2.049   0
   1.33901966   2.315   2.264   2.132   1.981   0
   1.34897780   2.254   2.201   2.067   1.912   0
   1.35095704   2.240   2.187   2.054   1.898   0
   1.35840261   2.175   2.114   1.992   1.853   0
   1.36118412   2.132   2.068   1.962   1.843   0
   1.36311173   2.062   2.003   1.925   1.842   0
   1.36371195   1.998   1.948   1.890   1.833   0
   1.36399639   1.947   1.908   1.861   1.816   1
   1.36446857   1.948   1.891   1.831   1.770   0
   1.36957145   1.840   1.766   1.646   1.499   0
   1.37475276   1.795   1.747   1.570   1.339   0
   1.37806344   1.785   1.778   1.543   1.221   3
   1.38055921   1.811   1.855   1.553   1.124   0
   1.38206303   1.852   1.924   1.574   1.074   0
   1.38335860   1.906   1.995   1.602   1.047   0
   1.38451326   1.977   2.072   1.643   1.045   0
   1.38593435   2.088   2.183   1.710   1.063   0
   1.38727403   2.227   2.310   1.793   1.104   0
   1.38863742   2.355   2.422   1.868   1.147   0
   1.39027131   2.456   2.507   1.919   1.167   4
   1.39517355   2.402   2.401   1.763   0.972   0
   1.39844453   2.259   2.239   1.586   0.781   0
   1.39999998   2.182   2.155   1.495   0.685   0
   1.40272880   2.039   1.999   1.330   0.511   0
   1.40516996   1.898   1.845   1.165   0.338   0
   1.40720391   1.758   1.693   1.004   0.169   0
   1.40899718   1.630   1.547   0.848   0.004   0
   1.41056669   1.506   1.405   0.695  -0.157   0
   1.41199708   1.389   1.269   0.548  -0.314   0
   1.41323280   1.273   1.136   0.403  -0.468   0
   1.41434371   1.161   1.006   0.261  -0.619   0
   1.41534388   1.050   0.876   0.119  -0.771   0
   1.41622531   0.944   0.749  -0.022  -0.922   0
   1.41704643   0.836   0.621  -0.163  -1.073   0
   1.41775274   0.736   0.500  -0.299  -1.221   0
   1.41839743   0.636   0.381  -0.433  -1.365   0
   1.41910219   0.549   0.269  -0.560  -1.504   0
   1.41925657   0.542   0.260  -0.571  -1.515   0
   1.41975403   0.625   0.372  -0.439  -1.369   1
   1.42031503   0.532   0.253  -0.576  -1.520   0
   1.42084420   0.442   0.132  -0.714  -1.671   0
   1.42134368   0.356   0.014  -0.850  -1.820   0
   1.42183590   0.265  -0.113  -0.997  -1.982   0
   1.42225647   0.186  -0.229  -1.135  -2.135   0
   1.42262101   0.114  -0.338  -1.266  -2.282   0
   1.42297196   0.033  -0.455  -1.405  -2.437   0
   1.42327380  -0.039  -0.564  -1.537  -2.584   0
   1.42355990  -0.094  -0.669  -1.669  -2.737   0
   1.42380595  -0.132  -0.761  -1.790  -2.879   0
   1.42403638  -0.189  -0.866  -1.919  -3.026   0
   1.42423797  -0.229  -0.961  -2.043  -3.171   0
   1.42442393  -0.267  -1.055  -2.165  -3.315   0
   1.42458761  -0.296  -1.141  -2.281  -3.453   0
   1.42473805  -0.317  -1.224  -2.397  -3.592   0
   1.42489505  -0.332  -1.312  -2.522  -3.747   0
   1.42502105  -0.343  -1.387  -2.627  -3.878   0
   1.42508507  -0.347  -1.423  -2.681  -3.944   2
   1.42508507   1.031   0.977   0.335  -0.463   1
   1.42593658   1.030   0.971   0.323  -0.481   0
   1.42692125   1.020   0.958   0.306  -0.500   0
   1.42740333   1.014   0.951   0.299  -0.509   0
   1.42805958   1.004   0.941   0.290  -0.516   0
   1.42933595   0.984   0.922   0.273  -0.531   0
   1.43065846   0.963   0.902   0.256  -0.547   0
   1.43201399   0.942   0.882   0.238  -0.563   0
   1.43342400   0.919   0.860   0.218  -0.581   0
   1.43485022   0.896   0.838   0.199  -0.599   0
   1.43628514   0.873   0.816   0.179  -0.617   0
   1.43770039   0.852   0.796   0.160  -0.634   0
   1.43908501   0.834   0.778   0.143  -0.651   0
   1.44027627   0.818   0.762   0.128  -0.666   0
   1.44044423   0.816   0.760   0.126  -0.668   0
   1.44164991   0.804   0.746   0.111  -0.683   0
   1.44289780   0.791   0.732   0.096  -0.699   0
   1.44444096   0.779   0.717   0.077  -0.721   0
   1.44568706   0.772   0.706   0.062  -0.740   0
   1.44755590   0.756   0.684   0.032  -0.776   0
   1.44818795   0.750   0.675   0.019  -0.791   0
   1.44909358   0.740   0.658  -0.006  -0.824   0
   1.45167625   0.690   0.587  -0.101  -0.938   0
   1.45185375   0.671   0.551  -0.150  -0.996   0
   1.45199049   0.633   0.488  -0.231  -1.093   0
   1.45203209   0.594   0.432  -0.300  -1.171   0
   1.45206428   0.521   0.330  -0.424  -1.311   0
   1.45208216   0.430   0.211  -0.564  -1.467   0
   1.45210207   0.330   0.082  -0.716  -1.636   0
   1.45213878   0.247  -0.026  -0.844  -1.779   0
   1.45229185   0.329   0.082  -0.717  -1.637   1
   1.45257986   0.233  -0.045  -0.867  -1.805   0
   1.45273745   0.156  -0.161  -1.005  -1.960   0
   1.45275736   0.146  -0.176  -1.023  -1.980   0
   1.45289457   0.050  -0.322  -1.198  -2.176   0
   1.45297265  -0.034  -0.454  -1.359  -2.357   0
   1.45305109  -0.102  -0.568  -1.502  -2.521   0
   1.45312953  -0.162  -0.672  -1.632  -2.669   0
   1.45321834  -0.223  -0.787  -1.781  -2.842   0
   1.45329523  -0.258  -0.898  -1.930  -3.020   0
   1.45336235  -0.306  -1.017  -2.087  -3.205   0
   1.45340145  -0.329  -1.103  -2.205  -3.348   0
   1.45343721  -0.362  -1.194  -2.327  -3.493   0
   1.45346999  -0.367  -1.271  -2.442  -3.635   0
   1.45350337  -0.389  -1.355  -2.557  -3.775   0
   1.45353687  -0.408  -1.449  -2.688  -3.937   0
   1.45354211  -0.392  -1.514  -2.794  -4.075   0
   1.45354390  -0.399  -1.524  -2.805  -4.088   0
   1.45354950  -0.397  -1.539  -2.828  -4.117   0
   1.45355523  -0.396  -1.554  -2.851  -4.147   0
   1.45355976  -0.395  -1.566  -2.870  -4.171   0
   1.45356548  -0.393  -1.580  -2.893  -4.200   0
   1.45357108  -0.391  -1.595  -2.916  -4.230   0
   1.45357680  -0.389  -1.610  -2.939  -4.259   0
   1.45358253  -0.387  -1.624  -2.962  -4.289   0
   1.45358813  -0.385  -1.639  -2.985  -4.318   0
   1.45359254  -0.383  -1.650  -3.003  -4.342   0
   1.45359802  -0.380  -1.665  -3.026  -4.371   0
   1.45360363  -0.377  -1.679  -3.049  -4.401   0
   1.45360804  -0.375  -1.691  -3.067  -4.424   0
   1.45361352  -0.372  -1.705  -3.090  -4.454   0
   1.45361900  -0.369  -1.718  -3.112  -4.483   0
   1.45362449  -0.365  -1.731  -3.133  -4.511   0
   1.45363009  -0.361  -1.744  -3.154  -4.540   0
   1.45363557  -0.356  -1.756  -3.175  -4.568   0
   1.45364106  -0.352  -1.769  -3.196  -4.597   0
   1.45364654  -0.347  -1.781  -3.216  -4.625   0
   1.45365095  -0.342  -1.790  -3.233  -4.648   0
   1.45365655  -0.336  -1.801  -3.253  -4.677   0
   1.45366192  -0.330  -1.812  -3.273  -4.705   0
   1.45366621  -0.326  -1.821  -3.289  -4.728   0
   1.45367157  -0.319  -1.831  -3.309  -4.756   0
   1.45367587  -0.314  -1.840  -3.324  -4.778   0
   1.45368123  -0.308  -1.851  -3.344  -4.806   0
   1.45368552  -0.303  -1.859  -3.360  -4.829   0
   1.45369089  -0.296  -1.870  -3.380  -4.857   0
   1.45369613  -0.289  -1.881  -3.400  -4.885   0
   1.45370817  -0.282  -1.889  -3.416  -4.909   0
   1.45372438  -0.274  -1.899  -3.435  -4.937   0
   1.45374060  -0.266  -1.909  -3.455  -4.965   0
   1.45375669  -0.258  -1.918  -3.474  -4.993   0
   1.45377266  -0.249  -1.928  -3.494  -5.022   0
   1.45378852  -0.240  -1.938  -3.513  -5.050   0
   1.45380425  -0.231  -1.947  -3.533  -5.078   0
   1.45381987  -0.222  -1.956  -3.552  -5.106   0
   1.45383537  -0.213  -1.966  -3.571  -5.134   0
   1.45385075  -0.203  -1.975  -3.590  -5.162   0
   1.45386600  -0.193  -1.984  -3.610  -5.190   0
   1.45388114  -0.185  -1.992  -3.627  -5.218   0
   1.45389616  -0.185  -1.998  -3.639  -5.243   0
   1.45391107  -0.186  -2.004  -3.650  -5.269   0
   1.45392585  -0.188  -2.010  -3.661  -5.294   0
   1.45394063  -0.190  -2.017  -3.673  -5.320   0
   1.45395517  -0.193  -2.024  -3.685  -5.345   0
   1.45396960  -0.196  -2.031  -3.696  -5.370   0
   1.45398402  -0.205  -2.041  -3.709  -5.395   2
   1.45399821  -0.227  -2.058  -3.725  -5.422   0
   1.45401227  -0.252  -2.076  -3.742  -5.448   0
   1.45402622  -0.278  -2.096  -3.759  -5.475   0
   1.45404017  -0.306  -2.116  -3.777  -5.502   0
   1.45405388  -0.336  -2.138  -3.796  -5.530   0
   1.45406747  -0.367  -2.161  -3.815  -5.558   0
   1.45408106  -0.401  -2.185  -3.835  -5.586   0
   1.45409441  -0.436  -2.210  -3.856  -5.615   0
   1.45410764  -0.474  -2.236  -3.877  -5.644   0
   1.45412087  -0.513  -2.264  -3.899  -5.674   0
   1.45413387  -0.555  -2.293  -3.922  -5.704   0
   1.45414674  -0.599  -2.323  -3.946  -5.734   0
   1.45415962  -0.646  -2.355  -3.970  -5.765   0
   1.45417225  -0.694  -2.388  -3.995  -5.795   0
   1.45418489  -0.745  -2.422  -4.020  -5.826   0
   1.45419753  -0.797  -2.457  -4.046  -5.857   0
   1.45421004  -0.852  -2.493  -4.073  -5.888   0
   1.45422256  -0.898  -2.519  -4.091  -5.916   0
   1.45423436  -0.926  -2.525  -4.091  -5.937   3
   1.45424664  -0.967  -2.528  -4.082  -5.954   0
   1.45424891  -0.946  -2.496  -4.050  -5.944   0
