   0.15000001  14.471  13.177  11.706   9.976   0
   0.20000000  13.007  12.055  10.765   9.223   0
   0.25000000  12.321  11.433  10.202   8.734   0
   0.30000001  11.788  10.949   9.764   8.352   0
   0.34999999  11.344  10.547   9.400   8.036   0
   0.40000001  10.837  10.081   8.972   7.658   0
   0.44999999  10.368   9.664   8.599   7.345   0
   0.50000000   9.820   9.189   8.176   6.992   0
   0.55000001   9.134   8.625   7.684   6.597   0
   0.60000002   8.363   8.026   7.167   6.184   0
   0.60789227   8.228   7.924   7.080   6.116   0
   0.69569629   6.920   6.924   6.247   5.443   0
   0.69999999   6.863   6.879   6.210   5.413   0
   0.71035308   6.725   6.771   6.121   5.340   0
   0.77138895   6.007   6.172   5.628   4.932   0
   0.80000001   5.716   5.912   5.410   4.751   0
   0.83595604   5.388   5.604   5.143   4.523   0
   0.87675554   5.044   5.265   4.845   4.268   0
   0.89999998   4.860   5.077   4.677   4.124   0
   0.92432052   4.671   4.883   4.505   3.978   0
   0.95583147   4.437   4.633   4.280   3.789   0
   0.98402655   4.234   4.410   4.079   3.619   0
   1.00000000   4.118   4.283   3.965   3.522   0
   1.01714659   3.996   4.147   3.844   3.425   0
   1.04340827   3.814   3.937   3.656   3.274   0
   1.06934297   3.630   3.725   3.467   3.123   0
   1.09499633   3.448   3.514   3.278   2.972   0
   1.10000002   3.412   3.472   3.242   2.943   0
   1.10938013   3.343   3.393   3.170   2.887   0
   1.11797976   3.281   3.320   3.106   2.835   0
   1.12190759   3.251   3.286   3.075   2.810   0
   1.12568808   3.221   3.251   3.043   2.785   0
   1.13089359   3.179   3.203   3.000   2.750   0
   1.13471067   3.149   3.169   2.970   2.724   0
   1.13836062   3.121   3.137   2.940   2.699   0
   1.14285707   3.092   3.105   2.911   2.674   0
   1.15277624   3.031   3.037   2.847   2.619   0
   1.20000005   2.579   2.543   2.395   2.223   1
   1.20673180   2.515   2.477   2.326   2.147   0
   1.22406411   2.338   2.307   2.125   1.900   0
   1.23209500   2.248   2.248   2.024   1.723   0
   1.23657000   2.208   2.252   1.974   1.584   0
   1.23857844   2.219   2.289   1.970   1.518   3
   1.24031639   2.241   2.331   1.974   1.466   0
   1.24224961   2.290   2.397   1.992   1.423   0
   1.24388278   2.369   2.476   2.026   1.406   0
   1.24534583   2.465   2.571   2.081   1.416   0
   1.24708498   2.621   2.701   2.158   1.447   0
   1.24891353   2.741   2.800   2.214   1.465   4
   1.25258565   2.735   2.745   2.114   1.327   0
   1.25521135   2.620   2.610   1.960   1.159   0
   1.25736058   2.492   2.468   1.807   0.997   0
   1.25929499   2.357   2.321   1.651   0.833   0
   1.26096523   2.223   2.178   1.500   0.674   0
   1.26248968   2.090   2.033   1.347   0.514   0
   1.26383817   1.963   1.892   1.197   0.357   0
   1.26500738   1.842   1.755   1.050   0.203   0
   1.26610196   1.720   1.615   0.900   0.044   0
   1.26705801   1.602   1.480   0.754  -0.111   0
   1.26791418   1.488   1.347   0.610  -0.264   0
   1.26869369   1.367   1.209   0.460  -0.423   0
   1.26937401   1.255   1.078   0.317  -0.576   0
   1.26997495   1.147   0.951   0.176  -0.726   0
   1.27052689   1.040   0.824   0.036  -0.877   0
   1.27102482   0.936   0.700  -0.102  -1.025   0
   1.27150834   0.832   0.575  -0.243  -1.178   0
   1.27198219   0.768   0.493  -0.335  -1.279   0
   1.27230585   0.852   0.604  -0.206  -1.135   0
   1.27235448   0.860   0.614  -0.194  -1.122   1
   1.27270961   0.764   0.494  -0.331  -1.272   0
   1.27306962   0.672   0.374  -0.466  -1.419   0
   1.27342498   0.587   0.257  -0.601  -1.568   0
   1.27375209   0.498   0.135  -0.742  -1.722   0
   1.27403498   0.413   0.017  -0.879  -1.872   0
   1.27430820   0.332  -0.101  -1.019  -2.029   0
   1.27454567   0.256  -0.215  -1.155  -2.180   0
   1.27475011   0.186  -0.321  -1.284  -2.325   0
   1.27494705   0.120  -0.430  -1.418  -2.476   0
   1.27511573   0.066  -0.531  -1.543  -2.620   0
   1.27527714   0.013  -0.635  -1.673  -2.770   0
   1.27541637  -0.032  -0.731  -1.796  -2.913   0
   1.27554691  -0.070  -0.827  -1.922  -3.061   0
   1.27566028  -0.105  -0.918  -2.042  -3.202   0
   1.27576625  -0.134  -1.004  -2.159  -3.342   0
   1.27585864  -0.151  -1.081  -2.265  -3.471   0
   1.27594244  -0.165  -1.163  -2.381  -3.614   0
   1.27602005  -0.180  -1.238  -2.485  -3.743   0
   1.27608788  -0.178  -1.301  -2.582  -3.866   0
   1.27615201  -0.168  -1.361  -2.677  -3.988   0
   1.27616560  -0.170  -1.375  -2.697  -4.013   2
   1.27616560   1.136   1.074   0.424  -0.381   1
   1.27675211   1.127   1.059   0.401  -0.410   0
   1.27744365   1.116   1.044   0.382  -0.434   0
   1.27764976   1.111   1.039   0.376  -0.439   0
   1.27816057   1.100   1.028   0.367  -0.447   0
   1.27889740   1.084   1.014   0.356  -0.456   0
   1.27964449   1.067   0.999   0.344  -0.465   0
   1.28042400   1.051   0.984   0.332  -0.476   0
   1.28122735   1.035   0.969   0.319  -0.487   0
   1.28204799   1.020   0.954   0.306  -0.499   0
   1.28285599   1.005   0.940   0.293  -0.511   0
   1.28365254   0.990   0.926   0.280  -0.523   0
   1.28443217   0.977   0.913   0.267  -0.535   0
   1.28504014   0.967   0.903   0.258  -0.544   0
   1.28522086   0.964   0.900   0.255  -0.547   0
   1.28602684   0.952   0.887   0.241  -0.561   0
   1.28686345   0.940   0.874   0.227  -0.576   0
   1.28774190   0.928   0.859   0.210  -0.596   0
   1.28870833   0.913   0.841   0.188  -0.621   0
   1.28971183   0.898   0.820   0.160  -0.654   0
   1.29017889   0.890   0.807   0.141  -0.678   0
   1.29076695   0.872   0.782   0.109  -0.716   0
   1.29239154   0.819   0.706   0.011  -0.831   0
   1.29251909   0.794   0.664  -0.043  -0.895   0
   1.29261637   0.746   0.589  -0.139  -1.006   0
   1.29264557   0.706   0.530  -0.212  -1.091   0
   1.29266787   0.616   0.407  -0.361  -1.259   0
   1.29267907   0.524   0.287  -0.503  -1.417   0
   1.29269135   0.427   0.161  -0.652  -1.584   0
   1.29271305   0.359   0.060  -0.775  -1.722   0
   1.29281318   0.426   0.161  -0.652  -1.583   1
   1.29301667   0.337   0.029  -0.810  -1.761   0
   1.29311430   0.258  -0.092  -0.955  -1.923   0
   1.29319751   0.178  -0.221  -1.114  -2.104   0
   1.29324579   0.102  -0.346  -1.269  -2.279   0
   1.29329336   0.030  -0.465  -1.418  -2.449   0
   1.29334092  -0.032  -0.573  -1.555  -2.606   0
   1.29339123  -0.054  -0.658  -1.672  -2.750   0
   1.29343569  -0.107  -0.761  -1.801  -2.897   0
   1.29346788  -0.133  -0.846  -1.917  -3.036   0
   1.29349530  -0.162  -0.937  -2.040  -3.183   0
   1.29351950  -0.188  -1.030  -2.169  -3.339   0
   1.29353964  -0.186  -1.101  -2.278  -3.477   0
   1.29356003  -0.205  -1.184  -2.392  -3.616   0
   1.29358184  -0.218  -1.265  -2.508  -3.760   0
   1.29359686  -0.219  -1.224  -2.446  -3.681   1
   1.29359877  -0.216  -1.293  -2.550  -3.814   0
   1.29360020  -0.207  -1.354  -2.646  -3.938   0
   1.29360259  -0.191  -1.405  -2.732  -4.051   0
   1.29360783  -0.166  -1.458  -2.824  -4.174   0
   1.29361141  -0.163  -1.473  -2.847  -4.204   0
   1.29361486  -0.160  -1.487  -2.870  -4.234   0
   1.29361844  -0.156  -1.501  -2.892  -4.263   0
   1.29362130  -0.153  -1.511  -2.909  -4.286   0
   1.29362404  -0.149  -1.521  -2.926  -4.309   0
   1.29362762  -0.145  -1.534  -2.947  -4.338   0
   1.29363120  -0.141  -1.547  -2.969  -4.367   0
   1.29363465  -0.136  -1.560  -2.990  -4.396   0
   1.29363823  -0.132  -1.573  -3.011  -4.425   0
   1.29364181  -0.126  -1.585  -3.032  -4.454   0
   1.29364526  -0.120  -1.596  -3.053  -4.484   0
   1.29364884  -0.114  -1.608  -3.074  -4.513   0
   1.29365242  -0.107  -1.619  -3.095  -4.543   0
   1.29365516  -0.102  -1.628  -3.111  -4.566   0
   1.29365873  -0.095  -1.639  -3.132  -4.596   0
   1.29366231  -0.089  -1.650  -3.153  -4.625   0
   1.29366577  -0.082  -1.661  -3.173  -4.655   0
   1.29366934  -0.075  -1.672  -3.194  -4.684   0
   1.29367220  -0.069  -1.681  -3.210  -4.707   0
   1.29367566  -0.062  -1.692  -3.231  -4.737   0
   1.29368305  -0.050  -1.703  -3.253  -4.770   0
   1.29369283  -0.038  -1.718  -3.284  -4.814   0
   1.29370248  -0.027  -1.731  -3.309  -4.850   0
   1.29371202  -0.017  -1.740  -3.328  -4.879   0
   1.29372168  -0.008  -1.750  -3.348  -4.907   0
   1.29373109   0.002  -1.759  -3.368  -4.936   0
   1.29374051   0.012  -1.768  -3.387  -4.965   0
   1.29374993   0.018  -1.776  -3.404  -4.992   0
   1.29375923   0.019  -1.781  -3.415  -5.018   0
   1.29376841   0.018  -1.787  -3.427  -5.044   0
   1.29377770   0.017  -1.794  -3.438  -5.070   0
   1.29378664   0.016  -1.800  -3.450  -5.096   0
   1.29379570   0.013  -1.807  -3.462  -5.122   0
   1.29380476   0.010  -1.814  -3.473  -5.148   0
   1.29381359   0.007  -1.821  -3.485  -5.173   0
   1.29382241   0.002  -1.829  -3.497  -5.199   0
   1.29383123  -0.016  -1.844  -3.513  -5.226   2
   1.29383993  -0.042  -1.864  -3.530  -5.253   0
   1.29384851  -0.070  -1.884  -3.548  -5.281   0
   1.29385710  -0.100  -1.906  -3.567  -5.309   0
   1.29386556  -0.131  -1.929  -3.586  -5.338   0
   1.29387403  -0.165  -1.953  -3.607  -5.367   0
   1.29388237  -0.201  -1.978  -3.628  -5.396   0
   1.29389060  -0.239  -2.005  -3.649  -5.425   0
   1.29389882  -0.279  -2.033  -3.672  -5.456   0
   1.29390693  -0.321  -2.062  -3.695  -5.486   0
   1.29391503  -0.367  -2.093  -3.719  -5.517   0
   1.29392314  -0.414  -2.126  -3.744  -5.549   0
   1.29393101  -0.465  -2.160  -3.770  -5.581   0
   1.29393888  -0.518  -2.196  -3.797  -5.614   0
   1.29394674  -0.575  -2.233  -3.825  -5.647   0
   1.29395437  -0.626  -2.264  -3.846  -5.678   0
   1.29396212  -0.656  -2.271  -3.848  -5.702   0
   1.29396963  -0.685  -2.278  -3.849  -5.725   0
   1.29397583  -0.711  -2.281  -3.846  -5.744   0
   1.29398012  -0.729  -2.268  -3.826  -5.751   0
