   0.15000001  14.491  13.191  11.717   9.985   0
   0.20000000  13.025  12.073  10.781   9.237   0
   0.25000000  12.342  11.453  10.220   8.751   0
   0.30000001  11.811  10.970   9.783   8.370   0
   0.34999999  11.367  10.569   9.420   8.054   0
   0.40000001  10.867  10.110   8.999   7.683   0
   0.44999999  10.396   9.690   8.623   7.365   0
   0.50000000   9.862   9.225   8.209   7.020   0
   0.55000001   9.197   8.678   7.730   6.635   0
   0.60000002   8.450   8.095   7.227   6.233   0
   0.69999999   6.996   6.986   6.299   5.487   0
   0.80000001   5.881   6.068   5.545   4.868   0
   0.86641800   5.324   5.545   5.093   4.483   0
   0.89999998   5.078   5.301   4.879   4.300   0
   1.00000000   4.445   4.642   4.295   3.813   0
   1.01990485   4.335   4.519   4.188   3.728   0
   1.10000002   3.910   4.038   3.762   3.389   0
   1.10539889   3.883   4.006   3.734   3.369   0
   1.16402447   3.602   3.668   3.444   3.164   0
   1.20000005   3.440   3.473   3.277   3.047   0
   1.25130463   3.218   3.212   3.058   2.897   0
   1.29999995   3.019   2.995   2.880   2.772   0
   1.30659199   2.993   2.968   2.857   2.756   0
   1.36501658   2.765   2.743   2.670   2.615   0
   1.39999998   2.630   2.619   2.565   2.532   0
   1.42786312   2.525   2.525   2.485   2.466   0
   1.46115565   2.400   2.421   2.394   2.389   0
   1.48195946   2.323   2.357   2.337   2.339   0
   1.50000000   2.256   2.300   2.287   2.295   0
   1.52876711   2.149   2.209   2.205   2.222   0
   1.57439852   1.983   2.069   2.077   2.102   0
   1.60000002   1.891   1.990   2.003   2.032   0
   1.61327600   1.844   1.950   1.966   1.997   0
   1.64999998   1.712   1.832   1.855   1.890   0
   1.67243457   1.631   1.758   1.784   1.822   0
   1.70000005   1.528   1.661   1.690   1.729   0
   1.71721745   1.465   1.599   1.630   1.669   0
   1.75000000   1.342   1.473   1.505   1.542   1
   1.75484347   1.324   1.455   1.486   1.523   0
   1.78879511   1.194   1.315   1.345   1.379   0
   1.79999995   1.150   1.265   1.295   1.326   0
   1.81883132   1.077   1.185   1.213   1.242   0
   1.84773076   0.963   1.050   1.075   1.098   0
   1.87335360   0.858   0.920   0.940   0.957   0
   1.88503242   0.810   0.861   0.878   0.890   0
   1.89604306   0.762   0.806   0.820   0.828   0
   1.89999998   0.742   0.786   0.801   0.809   0
   1.90210772   0.732   0.776   0.791   0.798   0
   1.90824807   0.696   0.750   0.768   0.780   0
   1.91201901   0.665   0.740   0.767   0.785   3
   1.91456878   0.625   0.750   0.791   0.823   0
   1.91528809   0.586   0.754   0.805   0.848   0
   1.91570413   0.526   0.742   0.804   0.858   0
   1.91574466   0.537   0.749   0.811   0.864   0
   1.91588676   0.596   0.766   0.817   0.860   0
   1.91608560   0.528   0.651   0.692   0.723   0
   1.91640985   0.447   0.520   0.548   0.565   0
   1.91680312   0.411   0.438   0.451   0.450   0
   1.91734910   0.394   0.369   0.363   0.340   0
   1.91805184   0.392   0.315   0.282   0.227   0
   1.91845357   0.398   0.303   0.251   0.169   0
   1.91911852   0.419   0.303   0.211   0.076   0
   1.91958153   0.439   0.324   0.195   0.010   3
   1.92005527   0.467   0.380   0.202  -0.051   0
   1.92053306   0.509   0.460   0.226  -0.108   0
   1.92101038   0.576   0.573   0.272  -0.162   0
   1.92148638   0.679   0.715   0.339  -0.198   0
   1.92196023   0.811   0.863   0.421  -0.192   0
   1.92243278   0.973   1.025   0.530  -0.141   0
   1.92290497   1.180   1.218   0.670  -0.048   0
   1.92338610   1.322   1.340   0.748  -0.009   4
   1.92441046   1.276   1.248   0.608  -0.188   0
   1.92529500   1.163   1.114   0.455  -0.357   0
   1.92620385   1.039   0.972   0.297  -0.528   0
   1.92708337   0.916   0.835   0.147  -0.688   0
   1.92795384   0.802   0.701   0.001  -0.845   0
   1.92886472   0.688   0.565  -0.150  -1.007   0
   1.92974079   0.581   0.436  -0.293  -1.161   0
   1.93062234   0.476   0.309  -0.435  -1.315   0
   1.93152058   0.371   0.181  -0.579  -1.471   0
   1.93235683   0.270   0.059  -0.715  -1.618   0
   1.93317997   0.174  -0.058  -0.848  -1.763   0
   1.93361914   0.130  -0.112  -0.910  -1.830   2
   1.93373919   0.227   0.009  -0.771  -1.677   0
   1.93378389   0.318   0.119  -0.647  -1.542   0
   1.93386984   0.419   0.244  -0.505  -1.388   0
   1.93403733   0.515   0.362  -0.372  -1.244   0
   1.93448722   0.624   0.495  -0.223  -1.083   0
   1.93734038   0.737   0.634  -0.067  -0.913   0
   1.93978274   0.835   0.752   0.066  -0.769   0
   1.94281054   0.945   0.877   0.205  -0.617   0
   1.94695294   1.048   1.001   0.349  -0.457   0
   1.95368469   1.067   1.048   0.429  -0.351   4
   1.96249723   0.810   0.823   0.256  -0.480   0
   1.98393869   0.552   0.563   0.021  -0.693   0
   2.00000000   0.397   0.404  -0.129  -0.835   0
   2.02191687   0.190   0.193  -0.325  -1.017   0
   2.04000235   0.024   0.024  -0.482  -1.164   0
   2.06488276  -0.127  -0.139  -0.658  -1.351   0
   2.07846594  -0.073  -0.104  -0.679  -1.424   3
   2.08562493   0.137   0.038  -0.637  -1.463   0
   2.08589959   0.122  -0.010  -0.716  -1.566   0
   2.08590436   0.120  -0.013  -0.720  -1.572   0
   2.08597684   0.030  -0.138  -0.871  -1.742   0
   2.08604908  -0.079  -0.279  -1.037  -1.926   0
   2.08758426  -0.230  -0.478  -1.272  -2.189   0
   2.08799911  -0.362  -0.658  -1.487  -2.430   0
   2.08824396  -0.453  -0.788  -1.640  -2.598   0
   2.08848977  -0.546  -0.928  -1.807  -2.786   0
   2.08874321  -0.629  -1.061  -1.970  -2.970   0
   2.08897519  -0.708  -1.189  -2.129  -3.150   0
   2.08917999  -0.770  -1.305  -2.279  -3.324   0
   2.08942914  -0.833  -1.449  -2.468  -3.546   0
   2.08960938  -0.892  -1.572  -2.623  -3.727   0
   2.08974552  -0.917  -1.670  -2.760  -3.892   0
   2.08983350  -0.941  -1.760  -2.884  -4.042   0
   2.08991623  -0.975  -1.859  -3.018  -4.200   0
   2.08999538  -0.975  -1.931  -3.129  -4.341   0
   2.09007907  -0.976  -2.003  -3.236  -4.476   0
   2.09011555  -0.972  -2.053  -3.313  -4.575   0
   2.09012699  -0.968  -2.119  -3.414  -4.704   0
   2.09014535  -0.944  -2.164  -3.493  -4.811   0
   2.09015918  -0.942  -2.178  -3.516  -4.840   0
   2.09017301  -0.939  -2.192  -3.538  -4.868   0
   2.09018683  -0.937  -2.206  -3.560  -4.897   0
   2.09020066  -0.934  -2.220  -3.582  -4.926   0
   2.09021449  -0.932  -2.234  -3.605  -4.954   0
   2.09022832  -0.929  -2.248  -3.627  -4.983   0
   2.09024215  -0.926  -2.262  -3.649  -5.012   0
   2.09025598  -0.923  -2.276  -3.671  -5.040   0
   2.09026957  -0.919  -2.289  -3.693  -5.069   0
   2.09028292  -0.915  -2.301  -3.713  -5.096   0
   2.09029651  -0.910  -2.312  -3.733  -5.124   0
   2.09031010  -0.905  -2.323  -3.753  -5.152   0
   2.09032106  -0.900  -2.332  -3.768  -5.174   0
   2.09033442  -0.895  -2.343  -3.788  -5.202   0
   2.09034538  -0.890  -2.352  -3.804  -5.224   0
   2.09035897  -0.884  -2.362  -3.823  -5.251   0
   2.09037256  -0.879  -2.368  -3.834  -5.267   0
   2.09042573  -0.872  -2.378  -3.853  -5.295   0
   2.09047866  -0.865  -2.388  -3.872  -5.323   0
   2.09053087  -0.858  -2.398  -3.892  -5.350   0
   2.09058309  -0.851  -2.408  -3.911  -5.377   0
   2.09063458  -0.844  -2.418  -3.930  -5.404   0
   2.09068584  -0.837  -2.428  -3.948  -5.431   0
   2.09073663  -0.830  -2.438  -3.967  -5.458   0
   2.09078717  -0.822  -2.447  -3.986  -5.486   0
   2.09083724  -0.815  -2.457  -4.005  -5.513   0
   2.09088683  -0.807  -2.466  -4.024  -5.540   0
   2.09093595  -0.799  -2.476  -4.043  -5.567   0
   2.09098482  -0.791  -2.485  -4.061  -5.594   0
   2.09103322  -0.783  -2.495  -4.080  -5.621   0
   2.09108114  -0.774  -2.504  -4.099  -5.648   0
   2.09112883  -0.766  -2.513  -4.117  -5.675   0
   2.09117603  -0.757  -2.522  -4.136  -5.702   0
   2.09122276  -0.748  -2.531  -4.155  -5.730   0
   2.09126925  -0.738  -2.540  -4.174  -5.758   0
   2.09131527  -0.729  -2.549  -4.193  -5.786   0
   2.09136081  -0.725  -2.557  -4.208  -5.812   0
   2.09140587  -0.727  -2.563  -4.219  -5.837   0
   2.09145069  -0.730  -2.570  -4.231  -5.862   0
   2.09149504  -0.734  -2.578  -4.243  -5.887   0
   2.09153891  -0.747  -2.590  -4.256  -5.912   2
   2.09158254  -0.767  -2.606  -4.272  -5.938   0
   2.09161711  -0.785  -2.619  -4.285  -5.959   0
   2.09165144  -0.804  -2.634  -4.298  -5.980   0
   2.09168577  -0.823  -2.649  -4.312  -6.001   0
   2.09171963  -0.844  -2.664  -4.325  -6.023   0
   2.09175348  -0.865  -2.680  -4.340  -6.044   0
   2.09178710  -0.888  -2.697  -4.354  -6.066   0
   2.09182048  -0.911  -2.714  -4.369  -6.087   0
   2.09185386  -0.935  -2.731  -4.384  -6.109   0
   2.09188700  -0.960  -2.749  -4.399  -6.130   0
   2.09191990  -0.986  -2.768  -4.414  -6.152   0
   2.09195280  -1.013  -2.787  -4.430  -6.174   0
   2.09198570  -1.040  -2.806  -4.446  -6.195   0
   2.09201837  -1.069  -2.826  -4.462  -6.217   0
   2.09205937  -1.105  -2.852  -4.482  -6.244   0
   2.09210014  -1.143  -2.878  -4.503  -6.270   0
   2.09214067  -1.181  -2.904  -4.524  -6.297   0
   2.09218144  -1.221  -2.932  -4.545  -6.324   0
   2.09222221  -1.262  -2.959  -4.566  -6.350   0
   2.09226298  -1.304  -2.988  -4.587  -6.376   0
   2.09230399  -1.346  -3.016  -4.609  -6.402   0
   2.09234500  -1.389  -3.045  -4.630  -6.427   0
   2.09238410  -1.431  -3.072  -4.650  -6.450   0
   2.09242821  -1.480  -3.104  -4.671  -6.474   0
   2.09247160  -1.540  -3.138  -4.691  -6.493   3
   2.09248614  -1.556  -3.137  -4.682  -6.489   0
   2.09249139  -1.531  -3.109  -4.655  -6.469   0
   2.09249306  -1.507  -3.083  -4.629  -6.450   0
   2.09249496  -1.485  -3.059  -4.606  -6.432   0
