   0.15000001  14.459  13.169  11.700   9.972   0
   0.20000000  12.996  12.046  10.756   9.215   0
   0.25000000  12.308  11.421  10.191   8.724   0
   0.30000001  11.775  10.937   9.753   8.342   0
   0.34999999  11.330  10.534   9.388   8.025   0
   0.40000001  10.825  10.071   8.962   7.650   0
   0.44999999  10.354   9.652   8.588   7.335   0
   0.50000000   9.798   9.170   8.160   6.978   0
   0.55000001   9.099   8.597   7.659   6.577   0
   0.60000002   8.313   7.988   7.134   6.157   0
   0.63804287   7.687   7.515   6.736   5.839   0
   0.69631863   6.834   6.856   6.191   5.396   0
   0.69999999   6.784   6.817   6.159   5.370   0
   0.71018988   6.645   6.706   6.068   5.295   0
   0.75491834   6.099   6.249   5.690   4.982   0
   0.79242289   5.690   5.886   5.385   4.727   0
   0.80000001   5.615   5.816   5.325   4.677   0
   0.80717802   5.545   5.750   5.268   4.628   0
   0.83958489   5.234   5.455   5.011   4.407   0
   0.86811554   4.982   5.201   4.784   4.212   0
   0.89378649   4.761   4.973   4.580   4.035   0
   0.89999998   4.707   4.918   4.531   3.992   0
   0.90353215   4.677   4.887   4.503   3.968   0
   0.92715234   4.476   4.676   4.314   3.807   0
   0.94944412   4.292   4.475   4.131   3.652   0
   0.97134399   4.107   4.273   3.948   3.494   0
   0.99415922   3.909   4.055   3.749   3.325   0
   1.00000000   3.858   3.998   3.698   3.281   0
   1.02146840   3.675   3.788   3.508   3.124   0
   1.03180051   3.585   3.687   3.416   3.047   0
   1.04143906   3.498   3.588   3.326   2.972   0
   1.05394638   3.381   3.455   3.204   2.868   0
   1.06023777   3.319   3.385   3.140   2.812   1
   1.06026185   3.318   3.385   3.139   2.812   0
   1.06875920   3.233   3.289   3.050   2.733   0
   1.07476950   3.167   3.217   2.981   2.670   0
   1.09453416   2.939   2.971   2.743   2.444   0
   1.10000002   2.867   2.899   2.666   2.358   0
   1.10772228   2.767   2.800   2.560   2.239   0
   1.11590874   2.650   2.698   2.434   2.070   0
   1.12037349   2.587   2.659   2.361   1.941   0
   1.12364054   2.561   2.659   2.316   1.829   0
   1.12608397   2.575   2.687   2.296   1.744   3
   1.12803423   2.630   2.746   2.303   1.692   0
   1.12972200   2.732   2.844   2.350   1.683   0
   1.13132823   2.886   2.968   2.417   1.700   0
   1.13232827   2.959   3.025   2.446   1.702   4
   1.13512790   2.972   2.986   2.354   1.567   0
   1.13702571   2.866   2.858   2.207   1.405   0
   1.13849020   2.745   2.723   2.060   1.248   0
   1.13983691   2.616   2.583   1.911   1.092   0
   1.14103508   2.486   2.442   1.763   0.937   0
   1.14215291   2.350   2.297   1.609   0.776   0
   1.14319968   2.217   2.151   1.455   0.615   0
   1.14404893   2.097   2.015   1.310   0.463   0
   1.14487946   1.972   1.871   1.157   0.301   0
   1.14557493   1.855   1.738   1.014   0.150   0
   1.14623606   1.733   1.598   0.863  -0.010   0
   1.14681637   1.616   1.464   0.717  -0.165   0
   1.14732254   1.501   1.333   0.575  -0.316   0
   1.14777601   1.389   1.202   0.432  -0.467   0
   1.14818811   1.281   1.074   0.291  -0.619   0
   1.14855969   1.174   0.948   0.151  -0.770   0
   1.14890301   1.071   0.824   0.013  -0.918   0
   1.14926875   0.977   0.707  -0.119  -1.061   0
   1.14944804   0.950   0.673  -0.157  -1.102   0
   1.14972019   1.040   0.793  -0.018  -0.949   0
   1.14974487   1.045   0.799  -0.011  -0.941   1
   1.15002584   0.942   0.671  -0.156  -1.098   0
   1.15031552   0.838   0.534  -0.311  -1.267   0
   1.15058732   0.740   0.403  -0.461  -1.432   0
   1.15081751   0.651   0.279  -0.604  -1.589   0
   1.15101624   0.569   0.163  -0.740  -1.739   0
   1.15120959   0.484   0.039  -0.887  -1.902   0
   1.15137553   0.403  -0.078  -1.026  -2.057   0
   1.15151870   0.329  -0.189  -1.159  -2.206   0
   1.15165544   0.262  -0.301  -1.296  -2.361   0
   1.15177262   0.208  -0.404  -1.424  -2.508   0
   1.15187490   0.164  -0.499  -1.546  -2.650   0
   1.15198517   0.111  -0.610  -1.686  -2.812   0
   1.15206540   0.072  -0.703  -1.807  -2.953   0
   1.15213704   0.040  -0.789  -1.922  -3.090   0
   1.15221095   0.011  -0.882  -2.048  -3.240   0
   1.15227246  -0.012  -0.963  -2.158  -3.374   0
   1.15233064  -0.036  -1.047  -2.272  -3.511   0
   1.15237784  -0.030  -1.110  -2.368  -3.635   0
   1.15242672  -0.022  -1.175  -2.471  -3.768   0
   1.15246916   0.002  -1.231  -2.566  -3.894   0
   1.15251017  -0.008  -1.297  -2.661  -4.010   2
   1.15251017   1.213   1.149   0.498  -0.309   1
   1.15288663   1.200   1.128   0.467  -0.348   0
   1.15333784   1.188   1.111   0.446  -0.373   0
   1.15361857   1.183   1.104   0.437  -0.383   0
   1.15378690   1.178   1.100   0.433  -0.386   0
   1.15421975   1.164   1.088   0.425  -0.392   0
   1.15466690   1.146   1.074   0.415  -0.397   0
   1.15512705   1.133   1.062   0.407  -0.404   0
   1.15560198   1.120   1.050   0.397  -0.411   0
   1.15609109   1.107   1.039   0.388  -0.419   0
   1.15657163   1.096   1.028   0.378  -0.428   0
   1.15703881   1.084   1.017   0.368  -0.436   0
   1.15750241   1.073   1.006   0.358  -0.446   0
   1.15783501   1.066   0.999   0.351  -0.453   0
   1.15795815   1.064   0.996   0.348  -0.456   0
   1.15841341   1.054   0.985   0.337  -0.468   0
   1.15888083   1.044   0.974   0.324  -0.482   0
   1.15936267   1.032   0.959   0.307  -0.501   0
   1.15986514   1.019   0.944   0.288  -0.523   0
   1.16047657   1.002   0.920   0.256  -0.561   0
   1.16070700   0.993   0.906   0.238  -0.583   0
   1.16101182   0.976   0.883   0.208  -0.618   0
   1.16223073   0.904   0.781   0.079  -0.768   0
   1.16229892   0.876   0.734   0.018  -0.841   0
   1.16235149   0.824   0.653  -0.085  -0.959   0
   1.16236770   0.776   0.586  -0.166  -1.051   0
   1.16238022   0.686   0.462  -0.317  -1.223   0
   1.16238678   0.598   0.346  -0.455  -1.378   0
   1.16239357   0.512   0.228  -0.599  -1.540   0
   1.16240644   0.437   0.112  -0.737  -1.696   0
   1.16246617   0.509   0.222  -0.606  -1.548   1
   1.16258228   0.431   0.102  -0.750  -1.710   0
   1.16264212   0.355  -0.014  -0.889  -1.865   0
   1.16269851   0.275  -0.147  -1.053  -2.053   0
   1.16274309   0.178  -0.314  -1.264  -2.294   0
   1.16277671   0.123  -0.432  -1.421  -2.479   0
   1.16280580   0.083  -0.526  -1.544  -2.623   0
   1.16283369   0.035  -0.628  -1.673  -2.773   0
   1.16285837   0.010  -0.727  -1.810  -2.939   0
   1.16287613  -0.023  -0.819  -1.933  -3.085   0
   1.16289246  -0.038  -0.908  -2.062  -3.243   0
   1.16290510  -0.052  -0.988  -2.175  -3.382   0
   1.16291797  -0.065  -1.070  -2.292  -3.527   0
   1.16293168  -0.061  -1.144  -2.405  -3.672   0
   1.16294527  -0.047  -1.217  -2.522  -3.823   0
   1.16294754  -0.033  -1.229  -2.546  -3.858   0
   1.16295004  -0.030  -1.246  -2.572  -3.892   0
   1.16295266  -0.028  -1.262  -2.598  -3.926   0
   1.16295505  -0.026  -1.278  -2.623  -3.958   0
   1.16295743  -0.023  -1.293  -2.647  -3.989   0
   1.16295981  -0.020  -1.308  -2.671  -4.020   0
   1.16296208  -0.017  -1.323  -2.695  -4.051   0
   1.16296446  -0.014  -1.339  -2.719  -4.082   0
   1.16296685  -0.011  -1.352  -2.742  -4.112   0
   1.16296911  -0.006  -1.366  -2.764  -4.142   0
   1.16297150  -0.002  -1.379  -2.787  -4.173   0
   1.16297376   0.003  -1.393  -2.810  -4.204   0
   1.16297615   0.008  -1.407  -2.833  -4.235   0
   1.16297805   0.011  -1.418  -2.851  -4.260   0
   1.16298032   0.016  -1.432  -2.874  -4.291   0
   1.16298270   0.023  -1.444  -2.896  -4.323   0
   1.16298509   0.030  -1.456  -2.918  -4.354   0
   1.16298735   0.036  -1.468  -2.940  -4.385   0
   1.16298974   0.043  -1.480  -2.962  -4.416   0
   1.16299164   0.049  -1.490  -2.980  -4.441   0
   1.16299343   0.055  -1.499  -2.997  -4.466   0
   1.16299582   0.062  -1.511  -3.019  -4.497   0
   1.16299808   0.070  -1.522  -3.041  -4.528   0
   1.16300046   0.077  -1.534  -3.063  -4.559   0
   1.16300285   0.085  -1.546  -3.085  -4.591   0
   1.16300511   0.093  -1.557  -3.106  -4.622   0
   1.16300750   0.101  -1.568  -3.128  -4.653   0
   1.16300941   0.108  -1.577  -3.145  -4.678   0
   1.16301167   0.116  -1.588  -3.167  -4.709   0
   1.16301405   0.125  -1.599  -3.189  -4.740   0
   1.16301644   0.133  -1.610  -3.209  -4.769   0
   1.16301870   0.140  -1.616  -3.222  -4.788   0
   1.16302109   0.145  -1.621  -3.232  -4.803   0
   1.16302299   0.149  -1.625  -3.240  -4.815   0
   1.16302526   0.154  -1.630  -3.250  -4.830   0
   1.16303039   0.158  -1.636  -3.264  -4.854   0
   1.16303635   0.158  -1.642  -3.276  -4.882   0
   1.16304195   0.158  -1.648  -3.287  -4.909   0
   1.16304755   0.157  -1.654  -3.299  -4.935   0
   1.16305315   0.156  -1.661  -3.311  -4.962   0
   1.16305876   0.153  -1.668  -3.324  -4.989   0
   1.16306436   0.150  -1.675  -3.336  -5.016   0
   1.16306996   0.146  -1.683  -3.348  -5.044   0
   1.16307533   0.139  -1.692  -3.361  -5.070   0
   1.16308069   0.113  -1.711  -3.379  -5.098   0
   1.16308618   0.085  -1.732  -3.397  -5.127   0
   1.16309154   0.055  -1.754  -3.417  -5.157   0
   1.16309690   0.022  -1.778  -3.437  -5.186   0
   1.16310227  -0.014  -1.804  -3.458  -5.217   0
   1.16310740  -0.051  -1.830  -3.480  -5.247   0
   1.16311264  -0.090  -1.857  -3.502  -5.278   0
   1.16311777  -0.133  -1.887  -3.526  -5.310   0
   1.16312289  -0.178  -1.918  -3.550  -5.342   0
   1.16312802  -0.227  -1.951  -3.576  -5.375   0
   1.16313314  -0.278  -1.986  -3.603  -5.409   0
   1.16313803  -0.332  -2.022  -3.630  -5.442   0
   1.16314292  -0.390  -2.061  -3.658  -5.477   0
   1.16314781  -0.452  -2.102  -3.688  -5.512   0
   1.16315281  -0.495  -2.121  -3.699  -5.541   0
   1.16315770  -0.529  -2.128  -3.700  -5.567   3
   1.16316247  -0.565  -2.133  -3.696  -5.591   0
   1.16316307  -0.571  -2.133  -3.695  -5.595   0
