   0.15000001  14.486  13.188  11.715   9.983   0
   0.20000000  13.021  12.069  10.777   9.234   0
   0.25000000  12.337  11.448  10.216   8.747   0
   0.30000001  11.806  10.965   9.779   8.365   0
   0.34999999  11.362  10.563   9.416   8.050   0
   0.40000001  10.860  10.104   8.993   7.677   0
   0.44999999  10.388   9.683   8.616   7.359   0
   0.50000000   9.850   9.214   8.199   7.011   0
   0.55000001   9.180   8.663   7.718   6.624   0
   0.60000002   8.430   8.079   7.213   6.222   0
   0.69999999   6.965   6.961   6.278   5.469   0
   0.75849134   6.270   6.397   5.816   5.090   0
   0.80000001   5.842   6.032   5.514   4.842   0
   0.87993687   5.183   5.407   4.974   4.382   0
   0.89999998   5.041   5.264   4.847   4.275   0
   0.97199422   4.555   4.762   4.402   3.899   0
   1.00000000   4.385   4.575   4.234   3.759   0
   1.04800916   4.101   4.260   3.957   3.539   0
   1.10000002   3.815   3.930   3.664   3.306   0
   1.11844361   3.717   3.813   3.563   3.233   0
   1.15001428   3.557   3.620   3.396   3.115   0
   1.17573357   3.429   3.466   3.264   3.021   0
   1.19714582   3.328   3.348   3.163   2.950   0
   1.20000005   3.315   3.332   3.150   2.941   0
   1.23073757   3.168   3.162   3.006   2.839   0
   1.26462126   3.010   2.988   2.859   2.731   0
   1.29275954   2.883   2.854   2.746   2.645   0
   1.29999995   2.851   2.819   2.717   2.623   0
   1.31880760   2.768   2.732   2.642   2.564   0
   1.32823575   2.725   2.689   2.606   2.535   0
   1.35151064   2.621   2.592   2.520   2.462   0
   1.38877809   2.455   2.436   2.381   2.342   0
   1.39999998   2.404   2.388   2.338   2.304   0
   1.40467548   2.383   2.369   2.321   2.289   0
   1.44151092   2.216   2.210   2.176   2.157   0
   1.47769725   2.050   2.053   2.027   2.014   0
   1.50000000   1.946   1.951   1.928   1.917   0
   1.52404213   1.834   1.834   1.811   1.798   1
   1.54731262   1.725   1.713   1.688   1.671   0
   1.56928802   1.624   1.599   1.568   1.539   0
   1.58983994   1.529   1.486   1.445   1.403   0
   1.59962976   1.483   1.429   1.384   1.335   0
   1.60000002   1.481   1.427   1.382   1.333   0
   1.60177410   1.473   1.416   1.371   1.320   0
   1.61033630   1.429   1.365   1.317   1.262   0
   1.61482143   1.402   1.338   1.289   1.234   2
   1.61979532   1.363   1.305   1.262   1.212   0
   1.62272465   1.325   1.283   1.250   1.213   0
   1.62470663   1.263   1.258   1.248   1.237   0
   1.62526941   1.207   1.242   1.248   1.253   0
   1.62559462   1.126   1.206   1.228   1.250   0
   1.62563825   1.138   1.214   1.234   1.255   0
   1.62575936   1.193   1.226   1.232   1.236   0
   1.62594700   1.133   1.123   1.114   1.101   0
   1.62628424   1.082   1.035   1.005   0.966   0
   1.62688231   1.058   0.978   0.921   0.846   0
   1.62760675   1.053   0.952   0.866   0.750   0
   1.62827885   1.057   0.962   0.841   0.678   0
   1.62902224   1.069   0.989   0.826   0.603   3
   1.62979960   1.094   1.049   0.831   0.528   0
   1.63031745   1.120   1.109   0.850   0.482   0
   1.63082969   1.165   1.187   0.880   0.439   0
   1.63133657   1.229   1.279   0.920   0.408   0
   1.63208818   1.354   1.425   0.998   0.401   0
   1.63284075   1.518   1.593   1.108   0.447   0
   1.63359833   1.747   1.801   1.256   0.540   0
   1.63440466   1.886   1.918   1.327   0.571   4
   1.63600254   1.823   1.812   1.177   0.386   0
   1.63704455   1.713   1.685   1.035   0.231   0
   1.63809276   1.593   1.550   0.886   0.072   0
   1.63915086   1.470   1.412   0.738  -0.086   0
   1.64027655   1.333   1.261   0.575  -0.259   0
   1.64136112   1.215   1.124   0.426  -0.418   0
   1.64252365   1.094   0.982   0.269  -0.586   0
   1.64365244   0.971   0.838   0.113  -0.752   0
   1.64476335   0.858   0.704  -0.036  -0.913   0
   1.64583778   0.748   0.573  -0.181  -1.068   0
   1.64698088   0.637   0.438  -0.332  -1.231   0
   1.64813578   0.524   0.302  -0.484  -1.396   0
   1.64946818   0.399   0.150  -0.657  -1.583   0
   1.64999998   0.354   0.095  -0.719  -1.651   0
   1.65030861   0.328   0.064  -0.755  -1.690   0
   1.65131009   0.276  -0.004  -0.831  -1.774   0
   1.65203631   0.367   0.115  -0.693  -1.620   0
   1.65229619   0.428   0.191  -0.607  -1.526   1
   1.65294921   0.332   0.073  -0.740  -1.672   0
   1.65359557   0.242  -0.042  -0.872  -1.816   0
   1.65420115   0.163  -0.151  -0.998  -1.955   0
   1.65477073   0.083  -0.262  -1.126  -2.095   0
   1.65529394   0.013  -0.366  -1.249  -2.232   0
   1.65575337  -0.057  -0.469  -1.371  -2.368   0
   1.65618730  -0.124  -0.567  -1.488  -2.499   0
   1.65655947  -0.185  -0.661  -1.603  -2.628   0
   1.65691483  -0.238  -0.749  -1.712  -2.753   0
   1.65722084  -0.268  -0.820  -1.809  -2.867   0
   1.65739512  -0.301  -0.871  -1.869  -2.934   2
   1.65739512   1.060   1.040   0.429  -0.345   0
   1.65975046   1.078   1.051   0.431  -0.349   4
   1.66100538   1.077   1.049   0.427  -0.356   0
   1.66276205   1.060   1.033   0.413  -0.368   0
   1.66620493   1.028   1.003   0.387  -0.391   0
   1.66721666   1.020   0.995   0.379  -0.398   0
   1.66732848   1.020   0.995   0.379  -0.398   0
   1.67128170   1.016   0.994   0.383  -0.391   0
   1.67601252   1.012   0.995   0.389  -0.381   0
   1.68208349   1.012   0.999   0.398  -0.368   0
   1.68998015   1.011   1.004   0.410  -0.350   0
   1.70000005   1.012   1.013   0.426  -0.329   0
   1.70197666   0.990   0.990   0.404  -0.349   0
   1.70878458   0.912   0.911   0.328  -0.423   0
   1.71512771   0.841   0.839   0.259  -0.491   0
   1.72104812   0.775   0.772   0.194  -0.554   0
   1.72658920   0.714   0.710   0.134  -0.612   0
   1.72840428   0.694   0.690   0.114  -0.632   0
   1.73141229   0.669   0.663   0.086  -0.661   0
   1.73633444   0.631   0.621   0.041  -0.707   0
   1.74103534   0.597   0.583   0.001  -0.751   0
   1.74571049   0.566   0.547  -0.039  -0.793   0
   1.75000000   0.536   0.514  -0.076  -0.833   0
   1.75058305   0.533   0.509  -0.081  -0.838   0
   1.76485860   0.555   0.478  -0.183  -0.997   0
   1.76585472   0.508   0.399  -0.296  -1.138   0
   1.76596570   0.448   0.311  -0.404  -1.262   0
   1.76601958   0.354   0.186  -0.552  -1.427   0
   1.76606810   0.292   0.105  -0.646  -1.531   0
   1.76613271   0.225   0.021  -0.743  -1.638   0
   1.76791739   0.085  -0.156  -0.947  -1.863   0
   1.76830089  -0.032  -0.310  -1.132  -2.070   0
   1.76857734  -0.126  -0.441  -1.284  -2.237   0
   1.76883221  -0.215  -0.572  -1.438  -2.408   0
   1.76906013  -0.299  -0.703  -1.598  -2.588   0
   1.76933539  -0.416  -0.888  -1.825  -2.845   0
   1.76947284  -0.479  -0.992  -1.954  -2.991   0
   1.76957846  -0.523  -1.085  -2.076  -3.135   0
   1.76966298  -0.569  -1.179  -2.195  -3.273   0
   1.76974738  -0.608  -1.273  -2.318  -3.417   0
   1.76982653  -0.618  -1.353  -2.434  -3.561   0
   1.76991093  -0.666  -1.454  -2.563  -3.710   0
   1.76993203  -0.677  -1.517  -2.654  -3.821   0
   1.76994252  -0.676  -1.546  -2.699  -3.878   0
   1.76995313  -0.680  -1.564  -2.724  -3.908   0
   1.76996386  -0.684  -1.581  -2.748  -3.938   0
   1.76997447  -0.687  -1.598  -2.773  -3.968   0
   1.76998508  -0.689  -1.614  -2.797  -3.997   0
   1.76999557  -0.689  -1.630  -2.820  -4.026   0
   1.77000582  -0.689  -1.645  -2.842  -4.055   0
   1.77001607  -0.690  -1.660  -2.865  -4.084   0
   1.77002633  -0.690  -1.675  -2.888  -4.113   0
   1.77003658  -0.690  -1.691  -2.910  -4.142   0
   1.77004683  -0.690  -1.706  -2.933  -4.171   0
   1.77005720  -0.689  -1.721  -2.956  -4.200   0
   1.77006745  -0.689  -1.736  -2.979  -4.229   0
   1.77007771  -0.688  -1.751  -3.002  -4.259   0
   1.77008772  -0.687  -1.766  -3.025  -4.288   0
   1.77009571  -0.687  -1.778  -3.043  -4.311   0
   1.77010560  -0.686  -1.792  -3.065  -4.339   0
   1.77011549  -0.685  -1.807  -3.088  -4.368   0
   1.77012539  -0.683  -1.822  -3.110  -4.397   0
   1.77013540  -0.682  -1.836  -3.132  -4.426   0
   1.77014327  -0.681  -1.848  -3.150  -4.449   0
   1.77015316  -0.679  -1.862  -3.173  -4.478   0
   1.77016306  -0.677  -1.877  -3.196  -4.507   0
   1.77017105  -0.676  -1.888  -3.214  -4.530   0
   1.77018094  -0.674  -1.903  -3.237  -4.559   0
   1.77019083  -0.671  -1.917  -3.259  -4.589   0
   1.77020073  -0.669  -1.932  -3.282  -4.618   0
   1.77022159  -0.665  -1.950  -3.312  -4.656   0
   1.77025878  -0.659  -1.980  -3.359  -4.717   0
   1.77029562  -0.654  -2.001  -3.393  -4.762   0
   1.77033222  -0.650  -2.013  -3.414  -4.790   0
   1.77036870  -0.645  -2.025  -3.434  -4.818   0
   1.77040470  -0.641  -2.038  -3.455  -4.846   0
   1.77044070  -0.636  -2.050  -3.475  -4.874   0
   1.77047634  -0.630  -2.060  -3.495  -4.902   0
   1.77051175  -0.624  -2.071  -3.515  -4.930   0
   1.77054679  -0.617  -2.082  -3.534  -4.957   0
   1.77058172  -0.611  -2.092  -3.554  -4.985   0
   1.77061641  -0.604  -2.103  -3.574  -5.013   0
   1.77065086  -0.598  -2.113  -3.593  -5.041   0
   1.77068508  -0.591  -2.124  -3.613  -5.069   0
   1.77071905  -0.584  -2.134  -3.632  -5.097   0
   1.77075267  -0.576  -2.144  -3.652  -5.125   0
   1.77078605  -0.569  -2.154  -3.671  -5.153   0
   1.77081919  -0.561  -2.164  -3.690  -5.181   0
   1.77085209  -0.554  -2.174  -3.710  -5.208   0
   1.77088487  -0.546  -2.184  -3.729  -5.236   0
   1.77091730  -0.538  -2.194  -3.748  -5.264   0
   1.77094948  -0.530  -2.203  -3.767  -5.292   0
   1.77098143  -0.521  -2.213  -3.786  -5.319   0
   1.77101314  -0.513  -2.223  -3.806  -5.347   0
   1.77104461  -0.504  -2.232  -3.825  -5.375   0
   1.77107584  -0.495  -2.241  -3.844  -5.402   0
   1.77110672  -0.486  -2.250  -3.863  -5.430   0
   1.77113736  -0.477  -2.259  -3.882  -5.458   0
   1.77116787  -0.467  -2.268  -3.900  -5.485   0
   1.77119792  -0.460  -2.276  -3.917  -5.512   0
   1.77122796  -0.461  -2.282  -3.929  -5.537   0
   1.77125764  -0.463  -2.289  -3.940  -5.562   0
   1.77128696  -0.465  -2.295  -3.951  -5.587   0
   1.77131617  -0.468  -2.302  -3.963  -5.612   0
   1.77134502  -0.472  -2.309  -3.974  -5.637   0
   1.77137375  -0.481  -2.319  -3.987  -5.662   2
   1.77140212  -0.502  -2.336  -4.003  -5.688   0
   1.77143025  -0.525  -2.354  -4.019  -5.714   0
   1.77145815  -0.550  -2.372  -4.036  -5.740   0
   1.77148581  -0.576  -2.392  -4.054  -5.767   0
   1.77151310  -0.605  -2.413  -4.072  -5.794   0
   1.77153492  -0.629  -2.430  -4.087  -5.816   0
   1.77155650  -0.654  -2.449  -4.102  -5.839   0
   1.77157795  -0.680  -2.468  -4.118  -5.861   0
   1.77159929  -0.708  -2.487  -4.135  -5.884   0
   1.77162051  -0.736  -2.508  -4.151  -5.907   0
   1.77164173  -0.766  -2.528  -4.168  -5.930   0
   1.77166283  -0.796  -2.550  -4.185  -5.953   0
   1.77168894  -0.836  -2.577  -4.207  -5.982   0
   1.77171516  -0.877  -2.606  -4.230  -6.011   0
   1.77174115  -0.920  -2.636  -4.253  -6.040   0
   1.77176690  -0.965  -2.666  -4.276  -6.069   0
   1.77179277  -1.011  -2.697  -4.300  -6.098   0
   1.77181864  -1.059  -2.729  -4.324  -6.127   0
   1.77184439  -1.108  -2.762  -4.348  -6.156   0
   1.77187026  -1.159  -2.796  -4.373  -6.185   0
   1.77189481  -1.206  -2.826  -4.394  -6.211   3
   1.77192080  -1.235  -2.831  -4.393  -6.229   0
   1.77193880  -1.263  -2.832  -4.385  -6.237   0
   1.77194381  -1.251  -2.812  -4.363  -6.228   0
   1.77194500  -1.225  -2.781  -4.333  -6.212   0
