   0.15000001  14.497  13.196  11.721   9.987   0
   0.20000000  13.032  12.078  10.786   9.242   0
   0.25000000  12.349  11.459  10.226   8.756   0
   0.30000001  11.818  10.977   9.790   8.375   0
   0.34999999  11.375  10.575   9.427   8.060   0
   0.40000001  10.876  10.119   9.008   7.690   0
   0.44999999  10.407   9.700   8.632   7.374   0
   0.50000000   9.879   9.240   8.222   7.032   0
   0.55000001   9.222   8.700   7.751   6.653   0
   0.60000002   8.490   8.128   7.257   6.259   0
   0.69999999   7.052   7.033   6.339   5.522   0
   0.80000001   5.946   6.126   5.596   4.912   0
   0.89999998   5.144   5.369   4.942   4.358   0
   0.96558130   4.719   4.936   4.561   4.038   0
   1.00000000   4.519   4.722   4.370   3.878   0
   1.10000002   4.030   4.175   3.887   3.495   0
   1.20000005   3.594   3.652   3.438   3.175   0
   1.29999995   3.212   3.203   3.063   2.927   0
   1.39999998   2.879   2.863   2.790   2.737   0
   1.50000000   2.547   2.581   2.554   2.554   0
   1.60000002   2.262   2.364   2.370   2.401   0
   1.64999998   2.136   2.271   2.291   2.332   0
   1.70000005   2.013   2.180   2.211   2.260   0
   1.75000000   1.911   2.107   2.147   2.204   0
   1.79999995   1.798   2.021   2.070   2.134   0
   1.89999998   1.588   1.861   1.923   1.998   0
   2.00000000   1.390   1.707   1.781   1.865   0
   2.17162752   1.080   1.462   1.550   1.648   0
   2.20000005   1.031   1.422   1.512   1.612   0
   2.46316004   0.602   1.067   1.175   1.291   0
   2.50000000   0.543   1.017   1.127   1.246   0
   2.70552444   0.237   0.752   0.871   0.998   0
   2.90288258  -0.054   0.492   0.619   0.753   0
   3.00000000  -0.198   0.360   0.491   0.628   0
   3.08125567  -0.313   0.254   0.387   0.525   0
   3.22658348  -0.527   0.052   0.189   0.330   0
   3.35055399  -0.715  -0.130   0.009   0.150   0
   3.45647979  -0.885  -0.299  -0.158  -0.018   1
   3.50000000  -0.958  -0.372  -0.232  -0.091   0
   3.55867147  -1.056  -0.472  -0.331  -0.192   0
   3.63988018  -1.204  -0.626  -0.486  -0.349   0
   3.71035099  -1.347  -0.778  -0.639  -0.506   0
   3.77177882  -1.482  -0.924  -0.788  -0.658   0
   3.79917741  -1.545  -0.992  -0.856  -0.729   0
   3.82523870  -1.604  -1.055  -0.920  -0.794   0
   3.83615756  -1.628  -1.078  -0.943  -0.817   0
   3.85342574  -1.659  -1.100  -0.964  -0.836   3
   3.86217117  -1.664  -1.091  -0.951  -0.819   0
   3.86821961  -1.655  -1.053  -0.906  -0.765   0
   3.86997318  -1.653  -1.027  -0.875  -0.727   0
   3.87096786  -1.659  -1.012  -0.854  -0.700   0
   3.87110996  -1.650  -1.006  -0.849  -0.695   0
   3.87150717  -1.632  -1.019  -0.869  -0.725   0
   3.87196374  -1.740  -1.157  -1.014  -0.880   0
   3.87260890  -1.882  -1.332  -1.197  -1.074   0
   3.87327409  -1.980  -1.462  -1.333  -1.220   0
   3.87408805  -2.072  -1.594  -1.473  -1.372   0
   3.87502074  -2.161  -1.733  -1.622  -1.535   0
   3.87579489  -2.229  -1.847  -1.745  -1.671   0
   3.87661839  -2.296  -1.972  -1.880  -1.822   0
   3.87747216  -2.359  -2.110  -2.033  -1.995   0
   3.87793636  -2.389  -2.192  -2.124  -2.099   0
   3.87840033  -2.411  -2.276  -2.219  -2.210   0
   3.87886405  -2.418  -2.361  -2.320  -2.330   0
   3.87933540  -2.398  -2.434  -2.418  -2.457   0
   3.87956309  -2.374  -2.456  -2.459  -2.522   0
   3.87979865  -2.339  -2.470  -2.498  -2.593   0
   3.88003373  -2.291  -2.455  -2.518  -2.663   0
   3.88026142  -2.230  -2.400  -2.518  -2.732   3
   3.88048100  -2.157  -2.305  -2.495  -2.798   0
   3.88068461  -2.077  -2.189  -2.452  -2.849   0
   3.88088846  -1.960  -2.032  -2.384  -2.895   0
   3.88109231  -1.792  -1.841  -2.296  -2.927   0
   3.88129568  -1.592  -1.655  -2.199  -2.915   0
   3.88153076  -1.391  -1.482  -2.092  -2.865   0
   3.88182020  -1.196  -1.323  -1.996  -2.820   4
   3.88212037  -1.181  -1.368  -2.099  -2.968   0
   3.88233566  -1.244  -1.467  -2.228  -3.119   0
   3.88272786  -1.323  -1.581  -2.369  -3.280   0
   3.88335752  -1.387  -1.677  -2.492  -3.422   0
   3.88402534  -1.441  -1.751  -2.581  -3.523   0
   3.88488388  -1.477  -1.806  -2.647  -3.597   0
   3.90474963  -1.456  -1.755  -2.574  -3.508   0
   3.94446445  -1.505  -1.756  -2.530  -3.431   0
   3.95092273  -1.520  -1.763  -2.529  -3.424   4
   3.97503376  -1.854  -2.017  -2.694  -3.522   0
   3.98522091  -2.146  -2.256  -2.834  -3.580   0
   3.99305677  -2.414  -2.497  -2.949  -3.576   0
   3.99825692  -2.558  -2.656  -3.021  -3.550   0
   4.00000000  -2.592  -2.698  -3.039  -3.539   0
   4.00285292  -2.643  -2.763  -3.068  -3.524   0
   4.00800753  -2.716  -2.857  -3.110  -3.500   0
   4.01402426  -2.785  -2.948  -3.149  -3.475   0
   4.02057266  -2.852  -3.031  -3.179  -3.443   0
   4.02772903  -2.917  -3.103  -3.204  -3.412   0
   4.03670073  -2.984  -3.161  -3.223  -3.379   0
   4.04848528  -3.054  -3.202  -3.235  -3.351   0
   4.06533337  -3.123  -3.250  -3.265  -3.357   1
   4.08454514  -3.148  -3.302  -3.340  -3.465   0
   4.09195614  -3.131  -3.309  -3.378  -3.545   0
   4.09643316  -3.103  -3.294  -3.397  -3.611   0
   4.10014343  -3.062  -3.242  -3.401  -3.681   0
   4.10214663  -3.011  -3.175  -3.393  -3.743   0
   4.10404158  -2.938  -3.074  -3.367  -3.809   0
   4.10509014  -2.869  -2.984  -3.337  -3.853   0
   4.10595989  -2.760  -2.862  -3.293  -3.895   0
   4.10662651  -2.606  -2.717  -3.236  -3.926   0
   4.10717487  -2.432  -2.573  -3.174  -3.938   0
   4.10785341  -2.192  -2.382  -3.073  -3.911   0
   4.10844898  -1.911  -2.180  -2.956  -3.856   4
   4.10877037  -1.834  -2.157  -2.985  -3.925   0
   4.10891771  -1.850  -2.231  -3.097  -4.064   0
   4.10904264  -1.887  -2.317  -3.215  -4.203   0
   4.11023426  -1.939  -2.429  -3.363  -4.377   0
   4.11065388  -1.973  -2.506  -3.468  -4.502   0
   4.11119795  -2.025  -2.605  -3.597  -4.652   0
   4.11177540  -2.041  -2.683  -3.711  -4.792   0
   4.11230707  -2.061  -2.762  -3.821  -4.925   0
   4.11290646  -2.109  -2.870  -3.960  -5.087   0
   4.11344910  -2.124  -2.961  -4.092  -5.248   0
   4.11391258  -2.131  -3.048  -4.223  -5.410   0
   4.11430788  -2.165  -3.144  -4.353  -5.566   0
   4.11463547  -2.144  -3.207  -4.460  -5.706   0
   4.11491728  -2.129  -3.272  -4.563  -5.841   0
   4.11515427  -2.139  -3.345  -4.668  -5.971   0
   4.11535740  -2.097  -3.387  -4.754  -6.092   0
   4.11556005  -2.111  -3.463  -4.863  -6.226   0
   4.11571789  -2.096  -3.524  -4.965  -6.361   0
   4.11586475  -2.064  -3.569  -5.051  -6.484   0
   4.11604500  -2.174  -3.502  -4.891  -6.244   1
   4.11612368  -2.126  -3.529  -4.957  -6.342   0
   4.11619139  -2.109  -3.573  -5.034  -6.446   0
   4.11619329  -2.107  -3.571  -5.031  -6.444   0
   4.11625862  -2.104  -3.584  -5.054  -6.474   0
   4.11631298  -2.099  -3.593  -5.070  -6.496   0
   4.11638021  -2.093  -3.604  -5.089  -6.525   0
   4.11643457  -2.088  -3.613  -5.105  -6.547   0
   4.11650181  -2.081  -3.623  -5.125  -6.575   0
   4.11656952  -2.075  -3.634  -5.145  -6.603   0
   4.11663675  -2.068  -3.645  -5.165  -6.631   0
   4.11670446  -2.062  -3.655  -5.184  -6.659   0
   4.11677170  -2.055  -3.666  -5.204  -6.687   0
   4.11683941  -2.048  -3.674  -5.221  -6.711   0
   4.11725855  -2.032  -3.697  -5.264  -6.773   0
   4.11768103  -2.016  -3.719  -5.307  -6.835   0
   4.11810732  -2.000  -3.743  -5.352  -6.898   0
   4.11853790  -2.005  -3.765  -5.383  -6.939   0
   4.11907721  -2.008  -3.780  -5.403  -6.965   0
   4.11961842  -2.011  -3.794  -5.423  -6.990   0
   4.12016058  -2.014  -3.808  -5.443  -7.016   0
   4.12070417  -2.017  -3.822  -5.462  -7.042   0
   4.12124872  -2.020  -3.836  -5.482  -7.067   0
   4.12179518  -2.023  -3.850  -5.501  -7.093   0
   4.12234306  -2.026  -3.864  -5.521  -7.118   0
   4.12289286  -2.028  -3.878  -5.540  -7.144   0
   4.12343645  -2.040  -3.893  -5.557  -7.168   2
   4.12395430  -2.061  -3.909  -5.572  -7.191   0
   4.12444735  -2.082  -3.925  -5.586  -7.212   0
   4.12501001  -2.107  -3.943  -5.602  -7.237   0
   4.12554407  -2.132  -3.962  -5.618  -7.261   0
   4.12605190  -2.157  -3.980  -5.634  -7.283   0
   4.12661409  -2.185  -4.000  -5.651  -7.308   0
   4.12714720  -2.213  -4.020  -5.668  -7.332   0
   4.12765455  -2.241  -4.040  -5.684  -7.354   0
   4.12820530  -2.272  -4.062  -5.702  -7.379   0
   4.12872744  -2.302  -4.083  -5.719  -7.402   0
   4.12928438  -2.336  -4.106  -5.737  -7.426   0
   4.12981272  -2.368  -4.129  -5.755  -7.449   0
   4.13036871  -2.404  -4.153  -5.774  -7.474   0
   4.13093090  -2.440  -4.178  -5.793  -7.498   0
   4.13101196  -2.446  -4.182  -5.796  -7.501   0
