   0.15000001  14.399  13.126  11.666   9.948   0
   0.20000000  12.940  11.995  10.709   9.173   0
   0.25000000  12.245  11.362  10.136   8.674   0
   0.30000001  11.708  10.874   9.694   8.289   0
   0.34999999  11.259  10.469   9.327   7.970   0
   0.40000001  10.779  10.029   8.925   7.618   0
   0.44999999  10.289   9.593   8.535   7.291   0
   0.50000000   9.689   9.079   8.079   6.913   0
   0.55000001   8.922   8.456   7.537   6.480   0
   0.57267261   8.506   8.137   7.263   6.262   0
   0.60000002   8.038   7.779   6.956   6.016   0
   0.62108368   7.656   7.491   6.714   5.820   0
   0.64832568   7.176   7.123   6.407   5.570   0
   0.67270458   6.774   6.804   6.144   5.354   0
   0.69497681   6.418   6.515   5.906   5.157   0
   0.69999999   6.343   6.452   5.853   5.113   0
   0.70590436   6.256   6.377   5.791   5.060   0
   0.72514772   5.977   6.134   5.584   4.883   0
   0.74300909   5.716   5.903   5.387   4.714   0
   0.75985974   5.489   5.687   5.198   4.550   0
   0.77636427   5.261   5.468   5.004   4.381   0
   0.79424816   5.004   5.217   4.780   4.182   0
   0.80000001   4.924   5.135   4.705   4.115   0
   0.80553675   4.847   5.055   4.632   4.050   0
   0.81656069   4.688   4.890   4.479   3.910   0
   0.82821226   4.505   4.700   4.301   3.748   0
   0.83885175   4.330   4.516   4.129   3.589   0
   0.84209496   4.275   4.458   4.074   3.538   0
   0.84289920   4.261   4.444   4.060   3.524   0
   0.84689605   4.190   4.369   3.988   3.456   0
   0.85036373   4.127   4.303   3.923   3.393   1
   0.86274517   3.875   4.039   3.659   3.127   0
   0.86931974   3.726   3.884   3.490   2.939   0
   0.87387705   3.613   3.770   3.352   2.769   0
   0.87679291   3.568   3.712   3.256   2.632   0
   0.87886775   3.587   3.714   3.206   2.529   0
   0.88062572   3.660   3.744   3.172   2.439   0
   0.88194484   3.678   3.723   3.107   2.335   0
   0.88296407   3.617   3.633   2.992   2.200   0
   0.88379824   3.520   3.518   2.862   2.058   0
   0.88464510   3.386   3.369   2.703   1.890   0
   0.88535225   3.253   3.225   2.550   1.729   0
   0.88597441   3.119   3.081   2.398   1.572   0
   0.88657963   2.979   2.930   2.240   1.407   0
   0.88709599   2.836   2.777   2.080   1.240   0
   0.88753486   2.712   2.640   1.936   1.090   0
   0.88793975   2.584   2.497   1.784   0.930   0
   0.88828224   2.468   2.365   1.643   0.783   0
   0.88860202   2.349   2.230   1.499   0.631   0
   0.88889343   2.228   2.093   1.352   0.476   0
   0.88915080   2.106   1.954   1.202   0.318   0
   0.88937604   1.990   1.821   1.058   0.164   0
   0.88957661   1.876   1.691   0.917   0.015   0
   0.88975453   1.763   1.563   0.779  -0.132   0
   0.88991922   1.657   1.436   0.639  -0.282   0
   0.89007252   1.548   1.307   0.495  -0.436   0
   0.89022398   1.450   1.189   0.364  -0.577   0
   0.89032996   1.405   1.132   0.301  -0.644   0
   0.89043415   1.474   1.228   0.413  -0.520   1
   0.89055657   1.356   1.075   0.241  -0.707   0
   0.89067906   1.244   0.930   0.078  -0.884   0
   0.89077830   1.149   0.806  -0.063  -1.038   0
   0.89087343   1.055   0.678  -0.210  -1.200   0
   0.89095366   0.966   0.556  -0.351  -1.354   0
   0.89102554   0.881   0.435  -0.493  -1.511   0
   0.89108896   0.801   0.317  -0.635  -1.670   0
   0.89114177   0.727   0.209  -0.763  -1.811   0
   0.89119464   0.664   0.099  -0.898  -1.966   0
   0.89123899   0.604  -0.006  -1.026  -2.111   0
   0.89127707   0.550  -0.108  -1.153  -2.256   0
   0.89131516   0.489  -0.218  -1.287  -2.409   0
   0.89134473   0.455  -0.303  -1.399  -2.541   0
   0.89137435   0.416  -0.398  -1.524  -2.687   0
   0.89140189   0.377  -0.496  -1.653  -2.838   0
   0.89142513   0.348  -0.582  -1.767  -2.976   0
   0.89144415   0.335  -0.654  -1.868  -3.099   0
   0.89146531   0.321  -0.738  -1.987  -3.247   0
   0.89148432   0.320  -0.815  -2.101  -3.391   0
   0.89149702   0.329  -0.868  -2.184  -3.499   0
   0.89151186   0.336  -0.933  -2.286  -3.629   0
   0.89152455   0.334  -0.999  -2.384  -3.751   0
   0.89153725   0.322  -1.075  -2.492  -3.887   0
   0.89154994   0.339  -1.131  -2.584  -4.011   0
   0.89155203   0.340  -1.144  -2.605  -4.039   2
   0.89155203   1.346   1.294   0.670  -0.115   1
   0.89162219   1.333   1.276   0.646  -0.144   0
   0.89172208   1.322   1.262   0.629  -0.163   0
   0.89179009   1.316   1.255   0.621  -0.172   0
   0.89183211   1.313   1.252   0.619  -0.174   0
   0.89195722   1.305   1.246   0.615  -0.175   0
   0.89208752   1.295   1.240   0.616  -0.170   0
   0.89222383   1.286   1.235   0.616  -0.165   0
   0.89236486   1.278   1.230   0.616  -0.162   0
   0.89250916   1.270   1.224   0.614  -0.160   0
   0.89265424   1.262   1.218   0.611  -0.161   0
   0.89279473   1.255   1.212   0.607  -0.164   0
   0.89288050   1.251   1.208   0.603  -0.166   0
   0.89292818   1.249   1.206   0.601  -0.169   0
   0.89304888   1.244   1.200   0.593  -0.178   0
   0.89316976   1.240   1.193   0.584  -0.190   0
   0.89329606   1.234   1.184   0.570  -0.207   0
   0.89342731   1.226   1.171   0.552  -0.229   0
   0.89355791   1.216   1.155   0.529  -0.257   0
   0.89370805   1.202   1.134   0.499  -0.295   0
   0.89378816   1.194   1.122   0.482  -0.316   0
   0.89388531   1.173   1.093   0.445  -0.359   0
   0.89413667   1.099   0.991   0.310  -0.521   0
   0.89415872   1.068   0.943   0.247  -0.596   0
   0.89417523   1.008   0.852   0.132  -0.730   0
   0.89418006   0.961   0.781   0.042  -0.834   0
   0.89418393   0.865   0.637  -0.139  -1.043   0
   0.89418596   0.787   0.519  -0.292  -1.222   0
   0.89418805   0.700   0.387  -0.453  -1.404   0
   0.89419103   0.630   0.274  -0.591  -1.560   0
   0.89419293   0.612   0.244  -0.629  -1.603   0
   0.89420199   0.667   0.342  -0.504  -1.459   0
   0.89420950   0.679   0.362  -0.479  -1.431   1
   0.89424717   0.614   0.249  -0.621  -1.594   0
   0.89427149   0.526   0.094  -0.817  -1.819   0
   0.89428878   0.452  -0.047  -0.999  -2.030   0
   0.89429867   0.413  -0.128  -1.108  -2.158   0
   0.89430863   0.379  -0.213  -1.220  -2.291   0
   0.89431852   0.347  -0.301  -1.338  -2.431   0
   0.89432907   0.327  -0.409  -1.491  -2.618   0
   0.89433610   0.296  -0.508  -1.626  -2.780   0
   0.89434159   0.287  -0.588  -1.743  -2.925   0
   0.89434636   0.279  -0.668  -1.860  -3.071   0
   0.89435071   0.268  -0.748  -1.975  -3.214   0
   0.89435500   0.275  -0.815  -2.079  -3.348   0
   0.89435959   0.302  -0.874  -2.181  -3.484   0
   0.89436364   0.341  -0.952  -2.317  -3.667   0
   0.89436406   0.347  -0.972  -2.350  -3.710   0
   0.89436489   0.351  -0.987  -2.375  -3.743   0
   0.89436573   0.355  -1.002  -2.399  -3.776   0
   0.89436656   0.360  -1.016  -2.423  -3.808   0
   0.89436740   0.365  -1.030  -2.447  -3.840   0
   0.89436823   0.370  -1.045  -2.471  -3.873   0
   0.89436907   0.375  -1.059  -2.494  -3.905   0
   0.89436972   0.380  -1.070  -2.513  -3.931   0
   0.89437050   0.387  -1.082  -2.536  -3.963   0
   0.89437121   0.393  -1.092  -2.554  -3.989   0
   0.89437205   0.400  -1.104  -2.577  -4.021   0
   0.89437282   0.408  -1.117  -2.599  -4.054   0
   0.89437371   0.415  -1.129  -2.622  -4.086   0
   0.89437437   0.422  -1.139  -2.640  -4.112   0
   0.89437515   0.429  -1.151  -2.663  -4.144   0
   0.89437580   0.436  -1.160  -2.681  -4.170   0
   0.89437670   0.444  -1.172  -2.704  -4.202   0
   0.89437747   0.453  -1.184  -2.726  -4.234   0
   0.89437830   0.461  -1.195  -2.748  -4.266   0
   0.89437914   0.470  -1.207  -2.771  -4.299   0
   0.89437997   0.479  -1.218  -2.793  -4.331   0
   0.89438081   0.489  -1.230  -2.816  -4.364   0
   0.89438164   0.500  -1.243  -2.842  -4.402   0
   0.89438248   0.512  -1.256  -2.868  -4.439   0
   0.89438325   0.523  -1.268  -2.893  -4.476   0
   0.89438409   0.524  -1.276  -2.909  -4.510   0
   0.89438480   0.523  -1.283  -2.922  -4.537   0
   0.89438546   0.522  -1.289  -2.932  -4.561   0
   0.89438623   0.521  -1.293  -2.941  -4.581   0
   0.89438707   0.520  -1.297  -2.948  -4.598   0
   0.89438790   0.519  -1.301  -2.956  -4.615   0
   0.89438874   0.517  -1.306  -2.963  -4.632   0
   0.89438939   0.516  -1.309  -2.970  -4.645   0
   0.89439023   0.514  -1.314  -2.977  -4.663   0
   0.89439106   0.511  -1.319  -2.985  -4.680   0
   0.89439189   0.508  -1.324  -2.993  -4.697   2
   0.89439273   0.493  -1.335  -3.004  -4.715   0
   0.89439356   0.478  -1.347  -3.014  -4.732   0
   0.89439535   0.446  -1.370  -3.035  -4.764   0
   0.89439714   0.410  -1.396  -3.057  -4.797   0
   0.89439887   0.373  -1.423  -3.079  -4.830   0
   0.89440048   0.334  -1.450  -3.102  -4.862   0
   0.89440215   0.291  -1.479  -3.125  -4.895   0
   0.89440382   0.245  -1.511  -3.150  -4.929   0
   0.89440542   0.193  -1.546  -3.177  -4.965   0
   0.89440632   0.163  -1.566  -3.193  -4.984   0
