   0.15000001  14.454  13.165  11.697   9.970   0
   0.20000000  12.991  12.042  10.752   9.212   0
   0.25000000  12.303  11.417  10.187   8.720   0
   0.30000001  11.770  10.932   9.748   8.337   0
   0.34999999  11.324  10.529   9.383   8.021   0
   0.40000001  10.822  10.068   8.959   7.647   0
   0.44999999  10.348   9.646   8.583   7.331   0
   0.50000000   9.789   9.163   8.153   6.973   0
   0.55000001   9.085   8.585   7.649   6.569   0
   0.60000002   8.292   7.972   7.120   6.146   0
   0.61990708   7.954   7.716   6.904   5.975   0
   0.67652637   7.078   7.048   6.348   5.525   0
   0.69999999   6.750   6.790   6.136   5.352   0
   0.73440164   6.306   6.424   5.835   5.102   0
   0.77088696   5.871   6.053   5.526   4.844   0
   0.80000001   5.570   5.773   5.287   4.644   0
   0.81676078   5.404   5.616   5.150   4.526   0
   0.84451580   5.135   5.357   4.923   4.329   0
   0.86948889   4.911   5.127   4.717   4.151   0
   0.89216369   4.707   4.918   4.528   3.987   0
   0.89999998   4.637   4.845   4.462   3.930   0
   0.90114921   4.627   4.834   4.453   3.922   0
   0.92281574   4.433   4.630   4.269   3.764   0
   0.94410139   4.246   4.426   4.083   3.605   0
   0.96627676   4.044   4.204   3.882   3.432   0
   0.98968732   3.822   3.961   3.659   3.239   0
   1.00000000   3.727   3.854   3.560   3.153   0
   1.00080907   3.719   3.845   3.552   3.146   0
   1.01015818   3.632   3.746   3.461   3.070   0
   1.02228975   3.514   3.612   3.339   2.965   0
   1.02839220   3.451   3.542   3.274   2.909   1
   1.02841568   3.451   3.542   3.273   2.908   0
   1.03671038   3.362   3.443   3.181   2.826   0
   1.04257667   3.294   3.368   3.110   2.762   0
   1.06186402   3.056   3.112   2.861   2.524   1
   1.07248640   2.908   2.964   2.704   2.348   0
   1.07958794   2.797   2.865   2.585   2.195   0
   1.08413732   2.730   2.813   2.505   2.071   0
   1.08722317   2.692   2.794   2.453   1.968   0
   1.08957040   2.687   2.800   2.421   1.885   0
   1.09148610   2.709   2.831   2.409   1.821   3
   1.09359694   2.802   2.917   2.433   1.777   0
   1.09563088   2.981   3.060   2.503   1.780   0
   1.09636497   3.033   3.100   2.520   1.776   0
   1.09832358   3.046   3.072   2.449   1.671   0
   1.10000002   2.979   2.978   2.331   1.534   0
   1.10047221   2.951   2.944   2.292   1.490   0
   1.10181570   2.829   2.807   2.143   1.331   0
   1.10305142   2.700   2.667   1.994   1.175   0
   1.10415089   2.569   2.526   1.846   1.020   0
   1.10517704   2.431   2.378   1.690   0.856   0
   1.10613787   2.297   2.231   1.535   0.694   0
   1.10691762   2.175   2.093   1.388   0.540   0
   1.10768008   2.049   1.949   1.233   0.377   0
   1.10831869   1.930   1.814   1.089   0.225   0
   1.10892594   1.805   1.671   0.936   0.063   0
   1.10945880   1.687   1.535   0.788  -0.094   0
   1.10992372   1.569   1.401   0.643  -0.248   0
   1.11034024   1.454   1.269   0.498  -0.402   0
   1.11071885   1.346   1.139   0.355  -0.555   0
   1.11106014   1.236   1.010   0.212  -0.709   0
   1.11137557   1.130   0.884   0.071  -0.860   0
   1.11171150   1.032   0.760  -0.068  -1.011   0
   1.11187625   1.010   0.732  -0.098  -1.043   0
   1.11212468   1.099   0.851   0.039  -0.893   0
   1.11214733   1.102   0.856   0.044  -0.886   1
   1.11240113   1.002   0.731  -0.096  -1.038   0
   1.11266279   0.898   0.594  -0.251  -1.208   0
   1.11290824   0.799   0.462  -0.402  -1.373   0
   1.11311626   0.708   0.336  -0.547  -1.532   0
   1.11329579   0.625   0.220  -0.684  -1.683   0
   1.11347055   0.539   0.094  -0.832  -1.848   0
   1.11362040   0.457  -0.025  -0.974  -2.005   0
   1.11374974   0.382  -0.136  -1.108  -2.155   0
   1.11387336   0.315  -0.250  -1.246  -2.312   0
   1.11397922   0.258  -0.356  -1.377  -2.462   0
   1.11407173   0.213  -0.453  -1.501  -2.606   0
   1.11417127   0.161  -0.562  -1.639  -2.766   0
   1.11424375   0.118  -0.660  -1.767  -2.915   0
   1.11430848   0.086  -0.750  -1.887  -3.057   0
   1.11437535   0.058  -0.843  -2.014  -3.209   0
   1.11443079   0.036  -0.928  -2.129  -3.350   0
   1.11448348   0.009  -1.014  -2.245  -3.490   0
   1.11452615   0.021  -1.079  -2.347  -3.622   0
   1.11457026   0.030  -1.147  -2.455  -3.760   0
   1.11460865   0.058  -1.203  -2.552  -3.891   0
   1.11464572   0.031  -1.280  -2.654  -4.012   2
   1.11464572   1.241   1.176   0.526  -0.280   1
   1.11495101   1.226   1.153   0.493  -0.321   0
   1.11531711   1.214   1.137   0.472  -0.346   0
   1.11554480   1.207   1.129   0.463  -0.357   0
   1.11569071   1.201   1.124   0.458  -0.360   0
   1.11606562   1.189   1.113   0.450  -0.367   0
   1.11645317   1.175   1.101   0.443  -0.370   0
   1.11685181   1.162   1.091   0.435  -0.376   0
   1.11726344   1.150   1.080   0.427  -0.382   0
   1.11768734   1.138   1.069   0.418  -0.389   0
   1.11810386   1.127   1.059   0.410  -0.396   0
   1.11850893   1.117   1.049   0.401  -0.403   0
   1.11891067   1.107   1.040   0.392  -0.412   0
   1.11919916   1.100   1.033   0.385  -0.419   0
   1.11930871   1.098   1.030   0.383  -0.421   0
   1.11971366   1.088   1.020   0.372  -0.433   0
   1.12012947   1.078   1.008   0.358  -0.447   0
   1.12055826   1.066   0.994   0.342  -0.466   0
   1.12100530   1.053   0.977   0.321  -0.490   0
   1.12154937   1.035   0.952   0.288  -0.529   0
   1.12175453   1.025   0.938   0.269  -0.553   0
   1.12202573   1.006   0.912   0.236  -0.591   0
   1.12311077   0.932   0.808   0.106  -0.741   0
   1.12317145   0.905   0.761   0.045  -0.814   0
   1.12321818   0.850   0.677  -0.062  -0.938   0
   1.12323260   0.799   0.607  -0.146  -1.033   0
   1.12324381   0.706   0.477  -0.305  -1.213   0
   1.12324941   0.619   0.363  -0.442  -1.367   0
   1.12325525   0.540   0.248  -0.583  -1.528   0
   1.12326634   0.464   0.131  -0.722  -1.684   0
   1.12332046   0.534   0.240  -0.592  -1.537   1
   1.12342048   0.454   0.117  -0.740  -1.703   0
   1.12347186   0.383   0.004  -0.877  -1.858   0
   1.12352037   0.305  -0.127  -1.039  -2.043   0
   1.12355876   0.210  -0.291  -1.247  -2.281   0
   1.12358773   0.150  -0.413  -1.406  -2.467   0
   1.12361264   0.115  -0.505  -1.528  -2.612   0
   1.12363672   0.074  -0.603  -1.656  -2.761   0
   1.12365794   0.051  -0.703  -1.796  -2.932   0
   1.12367320   0.015  -0.799  -1.922  -3.080   0
   1.12368727   0.008  -0.882  -2.046  -3.235   0
   1.12369812  -0.007  -0.962  -2.159  -3.374   0
   1.12370920  -0.019  -1.042  -2.273  -3.515   0
   1.12372100  -0.011  -1.112  -2.381  -3.655   0
   1.12373269   0.016  -1.173  -2.486  -3.796   0
   1.12373459   0.025  -1.191  -2.518  -3.839   0
   1.12373674   0.027  -1.207  -2.543  -3.870   0
   1.12373900   0.029  -1.223  -2.567  -3.902   0
   1.12374103   0.032  -1.238  -2.591  -3.932   0
   1.12374294   0.034  -1.252  -2.614  -3.962   0
   1.12374496   0.037  -1.267  -2.638  -3.993   0
   1.12374699   0.040  -1.282  -2.661  -4.023   0
   1.12374890   0.044  -1.295  -2.683  -4.052   0
   1.12375093   0.048  -1.308  -2.705  -4.082   0
   1.12375283   0.052  -1.321  -2.726  -4.111   0
   1.12375486   0.057  -1.334  -2.748  -4.140   0
   1.12375689   0.061  -1.347  -2.770  -4.170   0
   1.12375879   0.066  -1.360  -2.792  -4.200   0
   1.12376034   0.069  -1.371  -2.809  -4.224   0
   1.12376237   0.075  -1.384  -2.831  -4.253   0
   1.12376440   0.081  -1.395  -2.852  -4.283   0
   1.12376630   0.087  -1.407  -2.873  -4.313   0
   1.12376833   0.094  -1.418  -2.894  -4.343   0
   1.12377024   0.101  -1.429  -2.915  -4.373   0
   1.12377191   0.106  -1.439  -2.932  -4.396   0
   1.12377346   0.112  -1.448  -2.948  -4.420   0
   1.12377536   0.119  -1.459  -2.969  -4.450   0
   1.12377739   0.126  -1.470  -2.990  -4.480   0
   1.12377942   0.134  -1.481  -3.011  -4.509   0
   1.12378132   0.141  -1.492  -3.032  -4.539   0
   1.12378335   0.149  -1.503  -3.052  -4.569   0
   1.12378526   0.156  -1.513  -3.073  -4.598   0
   1.12378693   0.163  -1.522  -3.090  -4.622   0
   1.12378883   0.171  -1.533  -3.110  -4.652   0
   1.12379086   0.179  -1.543  -3.131  -4.681   0
   1.12379277   0.187  -1.553  -3.151  -4.710   0
   1.12379479   0.195  -1.562  -3.167  -4.734   0
   1.12379682   0.201  -1.569  -3.182  -4.755   0
   1.12379837   0.207  -1.575  -3.194  -4.773   0
   1.12380028   0.210  -1.581  -3.206  -4.793   0
   1.12380469   0.211  -1.585  -3.216  -4.816   0
   1.12380958   0.211  -1.591  -3.227  -4.843   0
   1.12381434   0.211  -1.597  -3.239  -4.869   0
   1.12381911   0.209  -1.603  -3.250  -4.895   0
   1.12382388   0.207  -1.610  -3.262  -4.921   0
   1.12382865   0.205  -1.616  -3.274  -4.947   0
   1.12383330   0.202  -1.624  -3.286  -4.973   0
   1.12383807   0.197  -1.631  -3.298  -4.999   0
   1.12384260   0.187  -1.642  -3.311  -5.025   0
   1.12384713   0.162  -1.661  -3.328  -5.053   0
   1.12385178   0.134  -1.682  -3.347  -5.081   0
   1.12385631   0.104  -1.703  -3.365  -5.109   0
   1.12386084   0.072  -1.726  -3.385  -5.138   0
   1.12386537   0.037  -1.751  -3.406  -5.167   0
   1.12386978   0.001  -1.776  -3.426  -5.197   0
   1.12387407  -0.037  -1.803  -3.448  -5.226   0
   1.12387848  -0.078  -1.832  -3.471  -5.257   0
   1.12388277  -0.122  -1.862  -3.495  -5.288   0
   1.12388718  -0.169  -1.894  -3.519  -5.320   0
   1.12389135  -0.219  -1.927  -3.545  -5.352   0
   1.12389553  -0.271  -1.963  -3.571  -5.384   0
   1.12389970  -0.326  -2.000  -3.599  -5.418   0
   1.12390387  -0.386  -2.039  -3.627  -5.451   0
   1.12390804  -0.430  -2.060  -3.640  -5.480   0
   1.12391222  -0.462  -2.067  -3.641  -5.505   3
   1.12391615  -0.494  -2.072  -3.639  -5.528   0
   1.12391675  -0.500  -2.073  -3.639  -5.532   0
