   0.15000001  14.490  13.191  11.717   9.984   0
   0.20000000  13.024  12.072  10.780   9.237   0
   0.25000000  12.341  11.452  10.220   8.750   0
   0.30000001  11.810  10.969   9.782   8.369   0
   0.34999999  11.366  10.567   9.419   8.054   0
   0.40000001  10.865  10.109   8.998   7.681   0
   0.44999999  10.394   9.689   8.622   7.364   0
   0.50000000   9.859   9.223   8.207   7.018   0
   0.55000001   9.193   8.674   7.727   6.633   0
   0.60000002   8.446   8.092   7.224   6.231   0
   0.69999999   6.989   6.981   6.295   5.483   0
   0.80000001   5.873   6.060   5.539   4.863   0
   0.84286439   5.507   5.717   5.242   4.610   0
   0.89999998   5.070   5.293   4.873   4.295   0
   0.97425008   4.586   4.795   4.433   3.928   0
   1.00000000   4.434   4.629   4.284   3.804   0
   1.07781684   4.007   4.150   3.861   3.466   0
   1.10000002   3.891   4.016   3.742   3.372   0
   1.14197874   3.683   3.767   3.528   3.220   0
   1.18447638   3.484   3.527   3.321   3.075   0
   1.20000005   3.415   3.445   3.252   3.026   0
   1.22145343   3.320   3.333   3.158   2.962   0
   1.27838075   3.075   3.056   2.927   2.800   0
   1.29999995   2.985   2.960   2.848   2.744   0
   1.33374369   2.851   2.818   2.731   2.658   0
   1.37804222   2.673   2.655   2.592   2.547   0
   1.39999998   2.587   2.576   2.524   2.493   0
   1.42547870   2.487   2.487   2.447   2.428   0
   1.44364667   2.417   2.427   2.394   2.382   0
   1.49759722   2.209   2.250   2.237   2.244   0
   1.50000000   2.199   2.242   2.229   2.237   0
   1.53478038   2.063   2.123   2.120   2.137   0
   1.57511222   1.908   1.987   1.994   2.017   0
   1.60000002   1.813   1.901   1.913   1.938   0
   1.60449147   1.796   1.886   1.898   1.924   0
   1.64680243   1.635   1.735   1.753   1.782   0
   1.64999998   1.623   1.724   1.742   1.771   0
   1.65170527   1.616   1.717   1.736   1.765   0
   1.69004989   1.464   1.564   1.585   1.613   0
   1.70000005   1.423   1.521   1.542   1.569   1
   1.72100449   1.338   1.428   1.448   1.473   0
   1.74816978   1.224   1.298   1.315   1.335   0
   1.75000000   1.217   1.288   1.305   1.324   0
   1.77221930   1.125   1.177   1.189   1.202   0
   1.79406977   1.035   1.065   1.070   1.073   0
   1.79999995   1.010   1.033   1.036   1.037   0
   1.80447412   0.991   1.009   1.011   1.010   0
   1.81501424   0.943   0.954   0.954   0.949   0
   1.82083690   0.913   0.924   0.924   0.919   0
   1.82673645   0.877   0.896   0.900   0.899   0
   1.83040464   0.843   0.883   0.896   0.903   3
   1.83289158   0.795   0.885   0.914   0.937   0
   1.83359516   0.751   0.884   0.925   0.960   0
   1.83400476   0.687   0.868   0.921   0.968   0
   1.83404422   0.697   0.875   0.927   0.973   0
   1.83419347   0.754   0.887   0.928   0.963   0
   1.83440721   0.683   0.767   0.796   0.818   0
   1.83476508   0.612   0.646   0.660   0.662   0
   1.83521080   0.581   0.568   0.566   0.550   0
   1.83583772   0.571   0.513   0.486   0.442   0
   1.83666134   0.575   0.478   0.418   0.328   0
   1.83731866   0.590   0.480   0.383   0.244   0
   1.83803034   0.616   0.516   0.367   0.158   3
   1.83851814   0.641   0.568   0.373   0.100   0
   1.83900881   0.680   0.644   0.399   0.049   0
   1.83949769   0.741   0.747   0.441   0.001   0
   1.83998263   0.833   0.874   0.500  -0.032   0
   1.84046507   0.947   1.003   0.572  -0.030   0
   1.84094572   1.079   1.142   0.663   0.008   0
   1.84142590   1.263   1.311   0.783   0.083   0
   1.84215868   1.479   1.502   0.913   0.157   4
   1.84321570   1.445   1.426   0.793   0.002   0
   1.84413242   1.344   1.304   0.650  -0.157   0
   1.84507728   1.223   1.166   0.498  -0.321   0
   1.84594262   1.110   1.039   0.359  -0.470   0
   1.84678602   1.000   0.917   0.225  -0.613   0
   1.84777737   0.881   0.776   0.072  -0.777   0
   1.84869683   0.773   0.649  -0.069  -0.928   0
   1.84962726   0.666   0.521  -0.210  -1.080   0
   1.85055852   0.562   0.395  -0.350  -1.231   0
   1.85145044   0.464   0.276  -0.483  -1.374   0
   1.85229862   0.367   0.159  -0.614  -1.516   0
   1.85313416   0.274   0.046  -0.742  -1.655   0
   1.85398352   0.180  -0.069  -0.872  -1.797   0
   1.85446167   0.134  -0.125  -0.937  -1.868   2
   1.85453081   0.221  -0.017  -0.812  -1.731   0
   1.85453713   0.272   0.047  -0.739  -1.650   0
   1.85454500   0.326   0.112  -0.665  -1.570   0
   1.85455751   0.386   0.186  -0.582  -1.479   0
   1.85457790   0.471   0.289  -0.465  -1.353   0
   1.85461259   0.568   0.408  -0.333  -1.209   0
   1.85469115   0.684   0.550  -0.173  -1.036   0
   1.85483110   0.785   0.671  -0.038  -0.890   0
   1.85514414   0.889   0.796   0.101  -0.741   0
   1.85956085   1.056   0.990   0.318  -0.505   0
   1.86616588   1.211   1.177   0.536  -0.261   0
   1.87103450   1.210   1.197   0.578  -0.200   4
   1.89008081   0.895   0.909   0.341  -0.398   0
   1.89999998   0.799   0.811   0.248  -0.486   0
   1.90158820   0.783   0.794   0.232  -0.501   0
   1.92173433   0.571   0.578   0.029  -0.693   0
   1.94107699   0.373   0.375  -0.164  -0.876   0
   1.95603144   0.226   0.224  -0.308  -1.014   1
   1.97827816   0.070   0.058  -0.484  -1.199   0
   1.99470460   0.158   0.104  -0.513  -1.292   0
   2.00000000   0.234   0.143  -0.525  -1.346   0
   2.00053692   0.242   0.148  -0.526  -1.351   0
   2.00081921   0.202   0.067  -0.642  -1.496   0
   2.00082397   0.198   0.061  -0.650  -1.505   0
   2.00089145   0.099  -0.074  -0.812  -1.687   0
   2.00095868  -0.007  -0.210  -0.970  -1.861   0
   2.00238729  -0.122  -0.356  -1.140  -2.050   0
   2.00277352  -0.213  -0.486  -1.302  -2.234   0
   2.00300145  -0.321  -0.628  -1.465  -2.413   0
   2.00323009  -0.431  -0.789  -1.655  -2.624   0
   2.00346613  -0.518  -0.927  -1.822  -2.813   0
   2.00368190  -0.597  -1.052  -1.977  -2.988   0
   2.00387239  -0.668  -1.167  -2.119  -3.149   0
   2.00410438  -0.725  -1.299  -2.296  -3.359   0
   2.00427222  -0.800  -1.432  -2.460  -3.544   0
   2.00439882  -0.821  -1.529  -2.595  -3.710   0
   2.00448060  -0.852  -1.620  -2.719  -3.857   0
   2.00455761  -0.894  -1.720  -2.849  -4.010   0
   2.00463152  -0.890  -1.790  -2.958  -4.147   0
   2.00470924  -0.912  -1.877  -3.079  -4.295   0
   2.00474334  -0.917  -1.952  -3.190  -4.433   0
   2.00475383  -0.910  -2.022  -3.298  -4.573   0
   2.00477099  -0.874  -2.051  -3.358  -4.659   0
   2.00478363  -0.873  -2.065  -3.381  -4.688   0
   2.00479627  -0.871  -2.080  -3.404  -4.718   0
   2.00480914  -0.869  -2.094  -3.427  -4.747   0
   2.00482178  -0.866  -2.109  -3.450  -4.777   0
   2.00483465  -0.864  -2.123  -3.473  -4.806   0
   2.00484729  -0.861  -2.138  -3.495  -4.836   0
   2.00485992  -0.859  -2.152  -3.518  -4.865   0
   2.00487256  -0.856  -2.167  -3.541  -4.894   0
   2.00488496  -0.853  -2.181  -3.564  -4.924   0
   2.00489759  -0.850  -2.195  -3.587  -4.953   0
   2.00490999  -0.847  -2.209  -3.609  -4.982   0
   2.00492239  -0.843  -2.221  -3.630  -5.011   0
   2.00493240  -0.839  -2.231  -3.647  -5.033   0
   2.00494480  -0.834  -2.243  -3.667  -5.062   0
   2.00495481  -0.830  -2.252  -3.683  -5.085   0
   2.00496721  -0.824  -2.263  -3.703  -5.113   0
   2.00497985  -0.817  -2.270  -3.718  -5.134   0
   2.00502872  -0.810  -2.281  -3.738  -5.163   0
   2.00507736  -0.804  -2.292  -3.757  -5.191   0
   2.00512552  -0.797  -2.302  -3.777  -5.219   0
   2.00517344  -0.790  -2.313  -3.797  -5.248   0
   2.00522089  -0.783  -2.323  -3.817  -5.276   0
   2.00526810  -0.776  -2.334  -3.837  -5.304   0
   2.00531483  -0.769  -2.344  -3.856  -5.333   0
   2.00536108  -0.761  -2.354  -3.876  -5.361   0
   2.00540709  -0.753  -2.365  -3.896  -5.389   0
   2.00545287  -0.746  -2.375  -3.915  -5.417   0
   2.00549817  -0.738  -2.385  -3.935  -5.445   0
   2.00554299  -0.729  -2.395  -3.954  -5.474   0
   2.00558734  -0.721  -2.404  -3.974  -5.502   0
   2.00563169  -0.713  -2.414  -3.993  -5.530   0
   2.00567532  -0.704  -2.424  -4.013  -5.558   0
   2.00571871  -0.695  -2.433  -4.032  -5.586   0
   2.00576186  -0.686  -2.443  -4.052  -5.614   0
   2.00580454  -0.677  -2.452  -4.071  -5.643   0
   2.00584674  -0.667  -2.461  -4.090  -5.671   0
   2.00588870  -0.658  -2.470  -4.109  -5.699   0
   2.00593019  -0.652  -2.478  -4.125  -5.726   0
   2.00597143  -0.654  -2.485  -4.137  -5.751   0
   2.00601220  -0.656  -2.491  -4.149  -5.776   0
   2.00605273  -0.659  -2.498  -4.160  -5.802   0
   2.00609279  -0.663  -2.506  -4.172  -5.827   0
   2.00612450  -0.677  -2.518  -4.185  -5.849   2
   2.00615621  -0.695  -2.532  -4.198  -5.871   0
   2.00618768  -0.714  -2.547  -4.212  -5.894   0
   2.00621891  -0.734  -2.562  -4.226  -5.916   0
   2.00624990  -0.756  -2.578  -4.241  -5.938   0
   2.00628066  -0.778  -2.595  -4.255  -5.961   0
   2.00631142  -0.801  -2.612  -4.271  -5.984   0
   2.00634217  -0.826  -2.630  -4.286  -6.007   0
   2.00637269  -0.851  -2.648  -4.302  -6.030   0
   2.00640297  -0.878  -2.668  -4.318  -6.053   0
   2.00643325  -0.905  -2.687  -4.334  -6.076   0
   2.00646353  -0.934  -2.708  -4.351  -6.099   0
   2.00649357  -0.963  -2.729  -4.368  -6.122   0
   2.00653124  -1.002  -2.755  -4.390  -6.151   0
   2.00656867  -1.042  -2.783  -4.412  -6.180   0
   2.00660610  -1.083  -2.812  -4.435  -6.209   0
   2.00664353  -1.126  -2.841  -4.458  -6.239   0
   2.00668097  -1.170  -2.872  -4.481  -6.267   0
   2.00671864  -1.216  -2.903  -4.504  -6.296   0
   2.00675631  -1.263  -2.934  -4.528  -6.325   0
   2.00679398  -1.311  -2.966  -4.552  -6.353   0
   2.00682998  -1.357  -2.997  -4.574  -6.379   0
   2.00687051  -1.412  -3.033  -4.600  -6.408   0
   2.00691056  -1.459  -3.052  -4.607  -6.426   3
   2.00692391  -1.477  -3.052  -4.599  -6.425   0
   2.00692868  -1.459  -3.030  -4.578  -6.411   0
   2.00693011  -1.437  -3.005  -4.554  -6.395   0
   2.00693202  -1.413  -2.979  -4.528  -6.377   0
