   0.15000001  14.498  13.196  11.721   9.987   0
   0.20000000  13.033  12.079  10.787   9.242   0
   0.25000000  12.349  11.460  10.227   8.757   0
   0.30000001  11.819  10.977   9.790   8.376   0
   0.34999999  11.376  10.576   9.427   8.061   0
   0.40000001  10.878  10.120   9.009   7.691   0
   0.44999999  10.408   9.702   8.634   7.375   0
   0.50000000   9.881   9.242   8.224   7.033   0
   0.55000001   9.225   8.703   7.753   6.655   0
   0.60000002   8.495   8.132   7.260   6.262   0
   0.69999999   7.061   7.040   6.346   5.528   0
   0.80000001   5.957   6.137   5.605   4.920   0
   0.89999998   5.166   5.391   4.963   4.378   0
   1.00000000   4.554   4.758   4.405   3.912   0
   1.10000002   4.051   4.198   3.909   3.513   0
   1.19861782   3.621   3.683   3.466   3.199   0
   1.20000005   3.616   3.676   3.460   3.195   0
   1.29999995   3.235   3.227   3.085   2.945   0
   1.32081890   3.165   3.151   3.024   2.904   0
   1.39999998   2.907   2.891   2.814   2.759   0
   1.40368390   2.894   2.879   2.805   2.751   0
   1.50000000   2.572   2.604   2.576   2.574   0
   1.60000002   2.296   2.396   2.401   2.430   0
   1.64999998   2.172   2.306   2.325   2.366   0
   1.70000005   2.051   2.218   2.249   2.298   0
   1.75000000   1.960   2.155   2.194   2.251   0
   1.79999995   1.851   2.075   2.123   2.187   0
   1.89999998   1.649   1.926   1.988   2.064   0
   2.00000000   1.464   1.785   1.858   1.944   0
   2.20000005   1.129   1.525   1.615   1.717   0
   2.34811425   0.908   1.349   1.449   1.561   0
   2.50000000   0.693   1.176   1.287   1.408   0
   2.94334269   0.144   0.718   0.850   0.992   0
   3.00000000   0.078   0.661   0.796   0.941   0
   3.38899660  -0.340   0.303   0.453   0.613   0
   3.50000000  -0.455   0.201   0.355   0.518   0
   3.76759624  -0.729  -0.049   0.111   0.280   0
   4.00000000  -0.961  -0.261  -0.095   0.079   0
   4.06529093  -1.022  -0.316  -0.148   0.027   0
   4.32501745  -1.271  -0.546  -0.372  -0.192   0
   4.50000000  -1.449  -0.713  -0.536  -0.354   0
   4.55723572  -1.508  -0.768  -0.591  -0.408   0
   4.74259853  -1.708  -0.962  -0.783  -0.598   0
   4.90158463  -1.894  -1.145  -0.965  -0.780   1
   5.00000000  -2.018  -1.270  -1.090  -0.906   0
   5.04134846  -2.069  -1.322  -1.141  -0.958   0
   5.16433716  -2.233  -1.491  -1.311  -1.130   0
   5.27002573  -2.390  -1.656  -1.477  -1.300   0
   5.36045361  -2.538  -1.813  -1.636  -1.462   0
   5.40099478  -2.608  -1.888  -1.712  -1.540   0
   5.43863201  -2.673  -1.955  -1.781  -1.611   0
   5.45882320  -2.706  -1.988  -1.813  -1.643   0
   5.47977114  -2.731  -2.008  -1.832  -1.660   3
   5.49250031  -2.736  -2.000  -1.821  -1.646   0
   5.50135183  -2.719  -1.959  -1.774  -1.591   0
   5.50395679  -2.710  -1.930  -1.740  -1.551   0
   5.50547314  -2.713  -1.913  -1.718  -1.523   0
   5.50567961  -2.706  -1.908  -1.713  -1.519   0
   5.50619555  -2.693  -1.919  -1.731  -1.544   0
   5.50677395  -2.782  -2.036  -1.854  -1.676   0
   5.50736427  -2.901  -2.179  -2.004  -1.834   0
   5.50808001  -3.020  -2.326  -2.157  -1.997   0
   5.50891876  -3.132  -2.469  -2.307  -2.158   0
   5.50986576  -3.241  -2.616  -2.462  -2.326   0
   5.51063824  -3.324  -2.731  -2.586  -2.461   0
   5.51145315  -3.411  -2.856  -2.720  -2.609   0
   5.51229334  -3.499  -2.991  -2.866  -2.770   0
   5.51286459  -3.560  -3.090  -2.973  -2.889   0
   5.51344204  -3.624  -3.197  -3.089  -3.019   0
   5.51402473  -3.686  -3.313  -3.216  -3.161   0
   5.51431561  -3.716  -3.374  -3.283  -3.238   0
   5.51484203  -3.765  -3.489  -3.411  -3.384   0
   5.51536512  -3.805  -3.614  -3.552  -3.547   0
   5.51562500  -3.818  -3.681  -3.627  -3.635   0
   5.51588535  -3.821  -3.748  -3.704  -3.727   0
   5.51610947  -3.807  -3.798  -3.768  -3.807   0
   5.51632071  -3.781  -3.837  -3.824  -3.886   0
   5.51649332  -3.750  -3.862  -3.867  -3.952   0
   5.51666546  -3.704  -3.858  -3.892  -4.017   0
   5.51684093  -3.646  -3.829  -3.904  -4.084   3
   5.51696920  -3.593  -3.788  -3.903  -4.135   0
   5.51710081  -3.531  -3.713  -3.887  -4.187   0
   5.51723194  -3.456  -3.616  -3.858  -4.238   0
   5.51736307  -3.365  -3.499  -3.814  -4.283   0
   5.51745081  -3.291  -3.408  -3.777  -4.311   0
   5.51754045  -3.192  -3.300  -3.732  -4.335   0
   5.51762819  -3.060  -3.175  -3.678  -4.353   0
   5.51775932  -2.853  -2.997  -3.595  -4.357   0
   5.51793146  -2.634  -2.818  -3.494  -4.320   0
   5.51819611  -2.356  -2.612  -3.370  -4.258   4
   5.51846743  -2.313  -2.653  -3.490  -4.436   0
   5.51863670  -2.347  -2.749  -3.626  -4.599   0
   5.51888657  -2.378  -2.823  -3.727  -4.719   0
   5.51962471  -2.422  -2.914  -3.847  -4.859   0
   5.52179909  -2.439  -2.948  -3.891  -4.911   2
   5.56488705  -2.496  -2.938  -3.837  -4.825   0
   5.58827305  -2.573  -2.973  -3.842  -4.809   0
   5.60894346  -3.114  -3.349  -4.053  -4.898   0
   5.61414623  -3.512  -3.660  -4.184  -4.878   0
   5.61831570  -3.699  -3.836  -4.256  -4.847   0
   5.62165403  -3.808  -3.953  -4.303  -4.817   0
   5.62499762  -3.891  -4.054  -4.342  -4.782   0
   5.62829351  -3.961  -4.140  -4.370  -4.743   0
   5.63233423  -4.032  -4.229  -4.398  -4.700   0
   5.63659096  -4.095  -4.299  -4.414  -4.655   0
   5.64112473  -4.152  -4.347  -4.421  -4.612   0
   5.64634943  -4.209  -4.382  -4.423  -4.567   0
   5.65192270  -4.258  -4.390  -4.408  -4.519   0
   5.65846062  -4.305  -4.392  -4.389  -4.470   0
   5.66610861  -4.345  -4.373  -4.356  -4.418   0
   5.67556906  -4.379  -4.347  -4.317  -4.362   0
   5.68633413  -4.407  -4.317  -4.276  -4.308   0
   5.70169163  -4.432  -4.292  -4.244  -4.265   0
   5.71926022  -4.461  -4.290  -4.237  -4.250   1
   5.74195671  -4.511  -4.386  -4.342  -4.368   0
   5.75282288  -4.531  -4.476  -4.443  -4.486   0
   5.76161671  -4.529  -4.562  -4.547  -4.614   0
   5.76596642  -4.506  -4.608  -4.610  -4.703   0
   5.76972055  -4.460  -4.630  -4.664  -4.803   0
   5.77194500  -4.412  -4.608  -4.680  -4.870   0
   5.77368593  -4.358  -4.563  -4.685  -4.938   3
   5.77505112  -4.261  -4.452  -4.667  -5.027   0
   5.77633572  -4.138  -4.302  -4.627  -5.112   0
   5.77684450  -4.077  -4.233  -4.604  -5.141   0
   5.77759361  -3.878  -4.036  -4.530  -5.194   0
   5.77791452  -3.713  -3.895  -4.474  -5.217   0
   5.77847576  -3.337  -3.614  -4.346  -5.210   0
   5.77906418  -2.944  -3.334  -4.188  -5.142   4
   5.77954578  -2.739  -3.263  -4.210  -5.230   0
   5.77972555  -2.744  -3.320  -4.301  -5.345   0
   5.77990532  -2.753  -3.359  -4.359  -5.417   0
   5.78150034  -2.761  -3.430  -4.468  -5.553   0
   5.78203917  -2.757  -3.477  -4.542  -5.648   0
   5.78280163  -2.774  -3.566  -4.671  -5.806   0
   5.78358650  -2.789  -3.645  -4.784  -5.943   0
   5.78432608  -2.782  -3.702  -4.878  -6.063   0
   5.78490877  -2.790  -3.758  -4.959  -6.162   0
   5.78546810  -2.801  -3.815  -5.042  -6.264   0
   5.78589344  -2.795  -3.858  -5.111  -6.352   0
   5.78629637  -2.792  -3.903  -5.179  -6.439   0
   5.78663158  -2.791  -3.948  -5.249  -6.528   0
   5.78683329  -2.797  -3.984  -5.300  -6.592   0
   5.78696728  -2.786  -4.001  -5.333  -6.637   0
   5.78710175  -2.791  -4.027  -5.369  -6.681   0
   5.78725815  -2.791  -4.051  -5.407  -6.730   0
   5.78734732  -2.814  -4.025  -5.354  -6.655   1
   5.78734970  -2.806  -4.041  -5.383  -6.694   0
   5.78741455  -2.804  -4.037  -5.378  -6.689   0
   5.78750372  -2.794  -4.071  -5.434  -6.764   0
   5.78750610  -2.798  -4.048  -5.398  -6.716   0
   5.78750610  -2.795  -4.062  -5.420  -6.745   0
