   0.15000001  14.358  13.097  11.643   9.931   0
   0.20000000  12.902  11.960  10.677   9.145   0
   0.25000000  12.202  11.322  10.099   8.640   0
   0.30000001  11.662  10.831   9.654   8.253   0
   0.34999999  11.211  10.424   9.285   7.933   0
   0.40000001  10.750  10.004   8.903   7.600   0
   0.44999999  10.247   9.556   8.502   7.263   0
   0.50000000   9.611   9.015   8.023   6.867   0
   0.55000001   8.790   8.354   7.448   6.409   0
   0.60000002   7.840   7.629   6.829   5.912   0
   0.61695653   7.502   7.373   6.614   5.738   0
   0.63738304   7.109   7.068   6.360   5.530   0
   0.65632302   6.760   6.789   6.129   5.338   0
   0.67410505   6.437   6.526   5.909   5.153   0
   0.69105220   6.148   6.276   5.698   4.975   0
   0.69999999   5.994   6.142   5.585   4.878   0
   0.71477044   5.731   5.910   5.385   4.704   0
   0.73123550   5.450   5.642   5.148   4.495   0
   0.74113613   5.277   5.474   4.997   4.359   0
   0.75299352   5.057   5.257   4.799   4.180   0
   0.76738697   4.761   4.962   4.527   3.930   0
   0.77039319   4.699   4.898   4.468   3.875   0
   0.77334356   4.637   4.835   4.407   3.818   0
   0.77552927   4.591   4.786   4.361   3.774   1
   0.77601516   4.580   4.775   4.350   3.764   0
   0.78970999   4.245   4.426   4.003   3.419   0
   0.79684806   4.045   4.210   3.761   3.147   0
   0.80000001   3.960   4.110   3.630   2.983   0
   0.80096871   3.936   4.082   3.588   2.925   0
   0.80262929   3.955   4.065   3.521   2.813   0
   0.80403739   3.973   4.044   3.447   2.692   0
   0.80509460   3.943   3.971   3.338   2.553   0
   0.80591184   3.850   3.855   3.202   2.401   0
   0.80658090   3.737   3.728   3.062   2.250   0
   0.80724716   3.597   3.573   2.898   2.078   0
   0.80780369   3.461   3.428   2.745   1.919   0
   0.80829346   3.324   3.282   2.594   1.763   0
   0.80877000   3.187   3.135   2.440   1.602   0
   0.80917668   3.046   2.982   2.280   1.436   0
   0.80952245   2.916   2.840   2.132   1.282   0
   0.80984145   2.791   2.702   1.985   1.129   0
   0.81011134   2.668   2.564   1.840   0.977   0
   0.81036335   2.546   2.427   1.694   0.824   0
   0.81059307   2.425   2.288   1.545   0.667   0
   0.81079596   2.298   2.147   1.395   0.509   0
   0.81097353   2.181   2.013   1.249   0.355   0
   0.81113172   2.066   1.881   1.107   0.204   0
   0.81127203   1.950   1.750   0.964   0.053   0
   0.81140184   1.837   1.618   0.820  -0.100   0
   0.81152278   1.725   1.486   0.674  -0.258   0
   0.81164223   1.616   1.354   0.529  -0.413   0
   0.81172580   1.569   1.297   0.466  -0.479   2
   0.81180292   1.595   1.336   0.512  -0.428   0
   0.81189114   1.491   1.203   0.364  -0.589   0
   0.81197935   1.383   1.063   0.207  -0.759   0
   0.81205088   1.287   0.938   0.064  -0.914   0
   0.81211936   1.190   0.809  -0.083  -1.076   0
   0.81217718   1.099   0.682  -0.230  -1.237   0
   0.81222898   1.015   0.564  -0.369  -1.390   0
   0.81227463   0.935   0.447  -0.508  -1.544   0
   0.81231272   0.864   0.338  -0.639  -1.691   0
   0.81235081   0.796   0.224  -0.777  -1.848   0
   0.81238282   0.728   0.114  -0.909  -1.996   0
   0.81241024   0.683   0.016  -1.033  -2.141   0
   0.81243765   0.624  -0.094  -1.170  -2.297   0
   0.81245899   0.575  -0.195  -1.297  -2.444   0
   0.81248033   0.542  -0.289  -1.424  -2.594   0
   0.81250018   0.499  -0.390  -1.555  -2.747   0
   0.81251693   0.474  -0.476  -1.670  -2.886   0
   0.81253064   0.453  -0.563  -1.790  -3.033   0
   0.81254590   0.431  -0.652  -1.912  -3.181   0
   0.81255960   0.441  -0.721  -2.021  -3.321   0
   0.81256872   0.468  -0.777  -2.118  -3.451   0
   0.81257945   0.458  -0.856  -2.232  -3.592   0
   0.81258857   0.443  -0.937  -2.346  -3.734   0
   0.81259775   0.452  -1.006  -2.453  -3.875   0
   0.81260687   0.483  -1.059  -2.552  -4.014   0
   0.81260842   0.488  -1.072  -2.574  -4.044   2
   0.81260842   1.322   1.311   0.764   0.044   1
   0.81266403   1.311   1.297   0.739   0.009   0
   0.81274140   1.301   1.286   0.726  -0.006   0
   0.81277239   1.298   1.282   0.722  -0.011   0
   0.81282133   1.294   1.278   0.719  -0.013   0
   0.81290370   1.287   1.273   0.717  -0.011   0
   0.81299061   1.281   1.268   0.719  -0.002   0
   0.81308120   1.273   1.263   0.722   0.008   0
   0.81317508   1.265   1.257   0.724   0.018   0
   0.81327111   1.256   1.250   0.725   0.025   0
   0.81336725   1.250   1.245   0.724   0.028   0
   0.81344205   1.246   1.242   0.722   0.027   0
   0.81346077   1.246   1.241   0.720   0.026   0
   0.81355101   1.243   1.237   0.715   0.017   0
   0.81364101   1.242   1.234   0.706   0.003   0
   0.81373209   1.242   1.231   0.694  -0.016   0
   0.81382686   1.237   1.223   0.677  -0.042   0
   0.81392652   1.229   1.210   0.653  -0.076   0
   0.81402993   1.214   1.191   0.622  -0.118   0
   0.81417423   1.200   1.161   0.572  -0.184   0
   0.81422526   1.190   1.144   0.548  -0.215   0
   0.81430459   1.169   1.112   0.504  -0.269   0
   0.81441009   1.134   1.058   0.427  -0.364   0
   0.81443465   1.099   1.005   0.353  -0.454   0
   0.81444764   1.031   0.911   0.227  -0.607   0
   0.81445140   0.988   0.839   0.131  -0.722   0
   0.81445444   0.890   0.681  -0.076  -0.965   0
   0.81445551   0.827   0.583  -0.202  -1.112   0
   0.81445664   0.766   0.486  -0.328  -1.259   0
   0.81445795   0.701   0.385  -0.454  -1.403   0
   0.81446010   0.650   0.293  -0.570  -1.537   0
   0.81446093   0.649   0.289  -0.576  -1.544   0
   0.81446707   0.690   0.373  -0.466  -1.415   0
   0.81447488   0.707   0.403  -0.428  -1.371   1
   0.81450307   0.645   0.285  -0.579  -1.548   0
   0.81451565   0.587   0.180  -0.713  -1.701   0
   0.81452751   0.525   0.063  -0.864  -1.877   0
   0.81453812   0.477  -0.050  -1.020  -2.062   0
   0.81454867   0.427  -0.178  -1.191  -2.266   0
   0.81455624   0.397  -0.276  -1.325  -2.427   0
   0.81456262   0.381  -0.372  -1.462  -2.595   0
   0.81456757   0.352  -0.472  -1.600  -2.761   0
   0.81457084   0.357  -0.537  -1.703  -2.891   0
   0.81457436   0.349  -0.618  -1.821  -3.038   0
   0.81457764   0.346  -0.694  -1.934  -3.181   0
   0.81458086   0.356  -0.762  -2.040  -3.319   0
   0.81458414   0.388  -0.820  -2.143  -3.458   0
   0.81458586   0.410  -0.865  -2.221  -3.562   0
   0.81458640   0.413  -0.880  -2.246  -3.595   0
   0.81458700   0.417  -0.896  -2.272  -3.627   0
   0.81458753   0.420  -0.912  -2.297  -3.660   0
   0.81458807   0.424  -0.927  -2.321  -3.692   0
   0.81458855   0.428  -0.938  -2.340  -3.717   0
   0.81458908   0.433  -0.951  -2.363  -3.748   0
   0.81458962   0.438  -0.965  -2.385  -3.779   0
   0.81459010   0.442  -0.976  -2.404  -3.805   0
   0.81459063   0.449  -0.988  -2.426  -3.836   0
   0.81459117   0.456  -1.000  -2.448  -3.867   0
   0.81459171   0.463  -1.012  -2.470  -3.899   0
   0.81459230   0.470  -1.024  -2.492  -3.930   0
   0.81459284   0.477  -1.036  -2.514  -3.961   0
   0.81459337   0.485  -1.048  -2.536  -3.993   0
   0.81459391   0.493  -1.059  -2.558  -4.024   0
   0.81459451   0.501  -1.071  -2.580  -4.055   0
   0.81459504   0.509  -1.082  -2.602  -4.086   0
   0.81459558   0.517  -1.093  -2.623  -4.117   0
   0.81459618   0.526  -1.105  -2.645  -4.149   0
   0.81459671   0.534  -1.116  -2.667  -4.180   0
   0.81459725   0.543  -1.127  -2.688  -4.211   0
   0.81459779   0.552  -1.138  -2.710  -4.242   0
   0.81459838   0.562  -1.148  -2.731  -4.273   0
   0.81459892   0.571  -1.159  -2.753  -4.304   0
   0.81459945   0.581  -1.170  -2.774  -4.336   0
   0.81459999   0.591  -1.180  -2.796  -4.366   0
   0.81460047   0.599  -1.188  -2.813  -4.391   0
   0.81460088   0.608  -1.196  -2.830  -4.416   0
   0.81460142   0.611  -1.204  -2.845  -4.445   0
   0.81460202   0.609  -1.211  -2.858  -4.473   0
   0.81460255   0.608  -1.217  -2.869  -4.499   0
   0.81460309   0.607  -1.222  -2.877  -4.517   0
   0.81460357   0.606  -1.225  -2.884  -4.532   0
   0.81460410   0.604  -1.230  -2.893  -4.551   0
   0.81460464   0.602  -1.235  -2.901  -4.570   0
   0.81460518   0.598  -1.240  -2.908  -4.586   2
   0.81460637   0.572  -1.260  -2.926  -4.616   0
   0.81460762   0.544  -1.281  -2.945  -4.647   0
   0.81460881   0.512  -1.304  -2.965  -4.678   0
   0.81460983   0.483  -1.324  -2.982  -4.705   0
