   0.15000001  14.341  13.085  11.633   9.924   0
   0.20000000  12.887  11.945  10.663   9.133   0
   0.25000000  12.184  11.305  10.083   8.626   0
   0.30000001  11.642  10.813   9.638   8.238   0
   0.34999999  11.192  10.405   9.268   7.917   0
   0.40000001  10.739   9.994   8.894   7.593   0
   0.44999999  10.230   9.540   8.489   7.252   0
   0.46643338  10.009   9.349   8.320   7.114   0
   0.50000000   9.579   8.988   7.999   6.848   0
   0.55000001   8.730   8.308   7.409   6.377   0
   0.57146579   8.280   7.965   7.114   6.144   0
   0.60000002   7.747   7.559   6.770   5.865   0
   0.61926597   7.350   7.256   6.515   5.657   0
   0.63766766   6.990   6.972   6.279   5.462   0
   0.65494418   6.656   6.704   6.056   5.275   0
   0.67140967   6.344   6.445   5.839   5.092   0
   0.68729842   6.053   6.192   5.624   4.908   0
   0.69999999   5.815   5.981   5.443   4.751   0
   0.71136248   5.599   5.784   5.270   4.599   0
   0.72099406   5.422   5.612   5.116   4.460   0
   0.73252916   5.193   5.387   4.912   4.275   0
   0.74653143   4.883   5.078   4.627   4.014   0
   0.74945593   4.816   5.011   4.565   3.956   0
   0.75232619   4.748   4.943   4.501   3.896   0
   0.75445247   4.697   4.891   4.451   3.848   0
   0.75492513   4.686   4.879   4.440   3.837   0
   0.76666051   4.379   4.561   4.124   3.523   1
   0.77312177   4.189   4.354   3.894   3.269   0
   0.77759099   4.083   4.216   3.697   3.012   0
   0.78044677   4.067   4.121   3.507   2.740   0
   0.78205311   3.886   3.891   3.236   2.435   0
   0.78283304   3.753   3.738   3.067   2.252   0
   0.78348053   3.613   3.582   2.900   2.074   0
   0.78394079   3.492   3.452   2.763   1.931   0
   0.78434449   3.379   3.330   2.634   1.796   0
   0.78469801   3.265   3.205   2.503   1.660   0
   0.78502941   3.146   3.076   2.368   1.520   0
   0.78535116   3.022   2.941   2.227   1.374   0
   0.78562188   2.909   2.817   2.098   1.239   0
   0.78586513   2.795   2.692   1.965   1.101   0
   0.78608882   2.685   2.568   1.835   0.965   0
   0.78627890   2.582   2.452   1.710   0.834   0
   0.78645813   2.473   2.330   1.581   0.699   0
   0.78661090   2.372   2.216   1.460   0.572   0
   0.78675312   2.272   2.103   1.338   0.442   0
   0.78687930   2.175   1.994   1.220   0.318   0
   0.78698552   2.083   1.890   1.108   0.199   0
   0.78708339   1.994   1.788   0.998   0.083   0
   0.78717011   1.912   1.694   0.894  -0.027   0
   0.78724605   1.837   1.604   0.796  -0.133   0
   0.78731489   1.765   1.521   0.704  -0.231   0
   0.78737819   1.702   1.443   0.619  -0.322   0
   0.78744435   1.652   1.382   0.552  -0.394   0
   0.78747940   1.631   1.357   0.525  -0.423   2
   0.78754580   1.648   1.384   0.557  -0.386   0
   0.78763467   1.532   1.237   0.393  -0.563   0
   0.78770888   1.429   1.104   0.243  -0.725   0
   0.78777629   1.326   0.969   0.091  -0.892   0
   0.78783780   1.226   0.834  -0.064  -1.060   0
   0.78789151   1.129   0.700  -0.219  -1.231   0
   0.78794032   1.037   0.570  -0.373  -1.401   0
   0.78797746   0.961   0.456  -0.509  -1.553   0
   0.78800970   0.893   0.349  -0.638  -1.699   0
   0.78804094   0.823   0.234  -0.775  -1.853   0
   0.78806728   0.762   0.128  -0.905  -2.000   0
   0.78809077   0.713   0.028  -1.031  -2.146   0
   0.78811026   0.664  -0.066  -1.149  -2.281   0
   0.78812981   0.615  -0.172  -1.283  -2.437   0
   0.78814638   0.584  -0.259  -1.400  -2.575   0
   0.78816104   0.548  -0.344  -1.511  -2.705   0
   0.78817475   0.526  -0.425  -1.619  -2.837   0
   0.78818643   0.501  -0.513  -1.739  -2.981   0
   0.78819621   0.488  -0.578  -1.830  -3.093   0
   0.78820598   0.481  -0.642  -1.923  -3.208   0
   0.78821474   0.495  -0.696  -2.010  -3.322   0
   0.78822255   0.514  -0.755  -2.108  -3.451   0
   0.78822941   0.503  -0.817  -2.196  -3.559   0
   0.78823626   0.494  -0.886  -2.294  -3.682   0
   0.78824210   0.496  -0.940  -2.377  -3.789   0
   0.78824794   0.512  -0.986  -2.454  -3.896   0
   0.78825283   0.536  -1.019  -2.518  -3.987   0
   0.78825575   0.547  -1.044  -2.562  -4.048   2
   0.78825575   1.202   1.209   0.786   0.193   1
   0.78829920   1.197   1.205   0.758   0.137   0
   0.78835559   1.190   1.198   0.747   0.122   0
   0.78836173   1.190   1.197   0.746   0.121   0
   0.78845215   1.182   1.189   0.742   0.120   0
   0.78855872   1.177   1.183   0.747   0.138   0
   0.78866911   1.170   1.175   0.751   0.157   0
   0.78879291   1.164   1.168   0.750   0.162   0
   0.78883880   1.164   1.168   0.748   0.157   0
   0.78888780   1.163   1.168   0.744   0.149   0
   0.78893727   1.163   1.168   0.738   0.136   0
   0.78898698   1.164   1.169   0.730   0.119   0
   0.78903675   1.164   1.169   0.721   0.098   0
   0.78908747   1.162   1.168   0.709   0.073   0
   0.78913844   1.160   1.166   0.694   0.045   0
   0.78919137   1.164   1.164   0.677   0.013   0
   0.78924412   1.166   1.161   0.658  -0.020   0
   0.78930020   1.167   1.156   0.637  -0.057   0
   0.78936714   1.161   1.144   0.606  -0.105   0
   0.78940010   1.154   1.133   0.586  -0.134   0
   0.78944093   1.141   1.115   0.556  -0.175   0
   0.78952199   1.098   1.041   0.441  -0.325   0
   0.78953630   1.065   0.984   0.355  -0.435   0
   0.78954345   1.012   0.901   0.234  -0.585   0
   0.78954554   0.962   0.825   0.130  -0.712   0
   0.78954720   0.894   0.703  -0.036  -0.911   0
   0.78954798   0.828   0.604  -0.161  -1.056   0
   0.78954881   0.772   0.510  -0.287  -1.205   0
   0.78954971   0.702   0.407  -0.417  -1.355   0
   0.78955084   0.656   0.322  -0.526  -1.481   0
   0.78955233   0.632   0.273  -0.590  -1.556   0
   0.78955758   0.673   0.367  -0.464  -1.406   0
   0.78956306   0.687   0.392  -0.430  -1.367   1
   0.78958255   0.632   0.281  -0.577  -1.540   0
   0.78959411   0.564   0.148  -0.749  -1.740   0
   0.78960282   0.511   0.037  -0.898  -1.915   0
   0.78961146   0.474  -0.074  -1.056  -2.106   0
   0.78961831   0.428  -0.182  -1.197  -2.273   0
   0.78962380   0.392  -0.283  -1.332  -2.434   0
   0.78962815   0.376  -0.376  -1.466  -2.598   0
   0.78963101   0.354  -0.455  -1.575  -2.729   0
   0.78963369   0.362  -0.530  -1.695  -2.881   0
   0.78963608   0.356  -0.603  -1.802  -3.015   0
   0.78963840   0.352  -0.676  -1.910  -3.150   0
   0.78964078   0.354  -0.749  -2.019  -3.291   0
   0.78964293   0.385  -0.796  -2.106  -3.408   0
   0.78964347   0.390  -0.805  -2.122  -3.430   0
   0.78964365   0.396  -0.818  -2.144  -3.460   0
   0.78964388   0.402  -0.830  -2.165  -3.488   0
   0.78964424   0.412  -0.846  -2.194  -3.527   0
   0.78964448   0.417  -0.856  -2.211  -3.550   0
   0.78964502   0.421  -0.877  -2.245  -3.594   0
   0.78964555   0.426  -0.898  -2.279  -3.638   0
   0.78964609   0.431  -0.919  -2.314  -3.683   0
   0.78964663   0.437  -0.938  -2.346  -3.726   0
   0.78964710   0.444  -0.957  -2.377  -3.768   0
   0.78964752   0.452  -0.970  -2.401  -3.802   0
   0.78964806   0.461  -0.986  -2.431  -3.845   0
   0.78964859   0.471  -1.003  -2.460  -3.887   0
   0.78964913   0.481  -1.019  -2.491  -3.930   0
   0.78964967   0.491  -1.035  -2.520  -3.973   0
   0.78965008   0.500  -1.047  -2.544  -4.007   0
   0.78965050   0.508  -1.060  -2.568  -4.041   0
   0.78965104   0.520  -1.075  -2.597  -4.083   0
   0.78965151   0.531  -1.090  -2.627  -4.125   0
   0.78965205   0.543  -1.105  -2.656  -4.167   0
   0.78965247   0.553  -1.117  -2.679  -4.201   0
   0.78965300   0.566  -1.132  -2.709  -4.244   0
   0.78965354   0.579  -1.146  -2.738  -4.286   0
   0.78965408   0.592  -1.160  -2.767  -4.328   0
   0.78965455   0.606  -1.174  -2.796  -4.370   0
   0.78965509   0.621  -1.188  -2.824  -4.412   0
   0.78965563   0.627  -1.199  -2.847  -4.453   0
   0.78965616   0.625  -1.208  -2.864  -4.490   0
   0.78965670   0.624  -1.213  -2.874  -4.514   0
   0.78965735   0.624  -1.218  -2.883  -4.537   0
   0.78965855   0.598  -1.239  -2.905  -4.577   2
   0.78965926   0.577  -1.255  -2.920  -4.601   0
