   0.15000001  14.496  13.195  11.721   9.987   0
   0.20000000  13.032  12.078  10.785   9.241   0
   0.25000000  12.348  11.458  10.226   8.755   0
   0.30000001  11.817  10.976   9.789   8.375   0
   0.34999999  11.374  10.575   9.426   8.060   0
   0.40000001  10.875  10.118   9.007   7.690   0
   0.44999999  10.406   9.699   8.632   7.373   0
   0.50000000   9.877   9.238   8.221   7.030   0
   0.55000001   9.219   8.698   7.749   6.651   0
   0.60000002   8.486   8.124   7.254   6.256   0
   0.69999999   7.045   7.026   6.334   5.517   0
   0.80000001   5.937   6.118   5.588   4.905   0
   0.86387157   5.401   5.618   5.158   4.540   0
   0.89999998   5.128   5.353   4.927   4.344   0
   1.00000000   4.511   4.713   4.361   3.871   0
   1.10000002   4.018   4.161   3.874   3.484   0
   1.20000005   3.579   3.634   3.421   3.162   0
   1.29999995   3.194   3.182   3.045   2.912   0
   1.39999998   2.855   2.841   2.769   2.719   0
   1.50000000   2.526   2.561   2.537   2.538   0
   1.54393721   2.394   2.458   2.449   2.466   0
   1.60000002   2.234   2.337   2.345   2.376   0
   1.64999998   2.106   2.241   2.261   2.303   0
   1.70000005   1.980   2.146   2.178   2.227   0
   1.75000000   1.868   2.063   2.104   2.161   0
   1.79999995   1.751   1.973   2.022   2.085   0
   1.89999998   1.533   1.804   1.867   1.941   0
   1.91046727   1.510   1.787   1.851   1.926   0
   2.00000000   1.323   1.638   1.712   1.795   0
   2.13762021   1.056   1.421   1.507   1.601   0
   2.20000005   0.938   1.323   1.413   1.511   0
   2.33240271   0.697   1.118   1.217   1.323   0
   2.48737597   0.414   0.870   0.976   1.089   0
   2.50000000   0.391   0.849   0.956   1.069   0
   2.62732410   0.169   0.647   0.760   0.877   0
   2.74583220  -0.043   0.449   0.565   0.684   0
   2.84876776  -0.233   0.265   0.384   0.504   0
   2.93687224  -0.405   0.095   0.215   0.334   1
   3.00000000  -0.535  -0.038   0.081   0.199   0
   3.01885676  -0.572  -0.077   0.043   0.160   0
   3.08594084  -0.715  -0.227  -0.108   0.006   0
   3.14454341  -0.846  -0.371  -0.253  -0.142   0
   3.19629264  -0.973  -0.510  -0.394  -0.288   0
   3.21985459  -1.033  -0.576  -0.461  -0.357   0
   3.24202371  -1.090  -0.637  -0.523  -0.420   0
   3.25387168  -1.120  -0.667  -0.553  -0.450   0
   3.26715779  -1.149  -0.688  -0.573  -0.468   3
   3.27519846  -1.161  -0.683  -0.565  -0.456   0
   3.28074217  -1.160  -0.650  -0.524  -0.407   0
   3.28233910  -1.164  -0.627  -0.496  -0.371   0
   3.28323317  -1.180  -0.613  -0.475  -0.342   0
   3.28335619  -1.169  -0.605  -0.468  -0.336   0
   3.28364515  -1.136  -0.603  -0.472  -0.348   0
   3.28400922  -1.220  -0.718  -0.595  -0.480   0
   3.28453469  -1.351  -0.885  -0.769  -0.665   0
   3.28508925  -1.441  -1.010  -0.900  -0.806   0
   3.28578782  -1.523  -1.133  -1.031  -0.949   0
   3.28661942  -1.599  -1.263  -1.169  -1.101   0
   3.28731799  -1.652  -1.365  -1.280  -1.225   0
   3.28807425  -1.702  -1.477  -1.404  -1.365   0
   3.28833389  -1.718  -1.516  -1.447  -1.414   0
   3.28880119  -1.741  -1.586  -1.527  -1.506   0
   3.28927827  -1.759  -1.660  -1.612  -1.605   0
   3.28975511  -1.761  -1.731  -1.699  -1.711   0
   3.29024172  -1.740  -1.791  -1.783  -1.823   0
   3.29072785  -1.691  -1.821  -1.852  -1.942   0
   3.29096842  -1.656  -1.805  -1.868  -2.001   0
   3.29121375  -1.611  -1.768  -1.874  -2.063   3
   3.29145408  -1.553  -1.698  -1.862  -2.125   0
   3.29169440  -1.481  -1.588  -1.825  -2.182   0
   3.29193473  -1.381  -1.444  -1.763  -2.230   0
   3.29217482  -1.230  -1.261  -1.677  -2.264   0
   3.29241014  -1.046  -1.076  -1.580  -2.260   0
   3.29288507  -0.705  -0.773  -1.386  -2.162   0
   3.29308510  -0.601  -0.689  -1.337  -2.140   4
   3.29338861  -0.625  -0.747  -1.436  -2.274   0
   3.29367852  -0.683  -0.845  -1.566  -2.428   0
   3.29419351  -0.772  -0.967  -1.713  -2.593   0
   3.29489136  -0.854  -1.077  -1.845  -2.743   0
   3.29558372  -0.934  -1.183  -1.971  -2.884   0
   3.29629827  -0.996  -1.263  -2.065  -2.987   0
   3.29673743  -1.019  -1.294  -2.101  -3.027   0
   3.30629969  -0.980  -1.233  -2.023  -2.937   0
   3.32728767  -0.952  -1.175  -1.941  -2.836   0
   3.35597563  -0.967  -1.156  -1.890  -2.762   4
   3.36494184  -0.997  -1.173  -1.895  -2.759   0
   3.38415551  -1.240  -1.370  -2.034  -2.851   0
   3.39372921  -1.441  -1.542  -2.149  -2.921   0
   3.40220737  -1.651  -1.723  -2.259  -2.967   0
   3.40736723  -1.802  -1.862  -2.330  -2.974   0
   3.41155005  -1.914  -1.982  -2.387  -2.962   0
   3.41562009  -2.009  -2.091  -2.439  -2.946   0
   3.42014670  -2.089  -2.194  -2.488  -2.928   0
   3.42465639  -2.151  -2.277  -2.527  -2.909   0
   3.43022513  -2.211  -2.359  -2.567  -2.893   0
   3.43604898  -2.263  -2.426  -2.596  -2.879   0
   3.44390965  -2.323  -2.504  -2.633  -2.869   0
   3.45504403  -2.393  -2.571  -2.669  -2.865   0
   3.46515059  -2.440  -2.617  -2.702  -2.881   1
   3.47861743  -2.451  -2.634  -2.752  -2.976   0
   3.48520994  -2.438  -2.607  -2.768  -3.042   0
   3.48857450  -2.411  -2.566  -2.771  -3.098   0
   3.49149680  -2.357  -2.482  -2.753  -3.164   0
   3.49344969  -2.285  -2.384  -2.723  -3.220   0
   3.49476123  -2.215  -2.299  -2.694  -3.258   0
   3.49583459  -2.127  -2.201  -2.658  -3.291   0
   3.49665713  -1.982  -2.071  -2.605  -3.311   0
   3.49739289  -1.804  -1.924  -2.533  -3.305   0
   3.49803400  -1.616  -1.771  -2.445  -3.270   0
   3.49848533  -1.418  -1.621  -2.352  -3.220   4
   3.49875593  -1.335  -1.587  -2.364  -3.266   0
   3.49876881  -1.331  -1.586  -2.365  -3.269   0
   3.49894667  -1.407  -1.728  -2.564  -3.509   0
   3.49901628  -1.456  -1.808  -2.661  -3.620   0
   3.49915075  -1.513  -1.902  -2.778  -3.752   0
   3.50000000  -1.549  -1.982  -2.885  -3.879   0
   3.50047421  -1.564  -2.020  -2.937  -3.941   0
   3.50090718  -1.619  -2.123  -3.070  -4.095   0
   3.50144076  -1.687  -2.243  -3.223  -4.270   0
   3.50191689  -1.715  -2.331  -3.346  -4.419   0
   3.50239253  -1.739  -2.425  -3.477  -4.577   0
   3.50283933  -1.790  -2.534  -3.616  -4.738   0
   3.50324988  -1.823  -2.635  -3.754  -4.902   0
   3.50360274  -1.820  -2.719  -3.885  -5.069   0
   3.50390530  -1.852  -2.819  -4.023  -5.232   0
   3.50416446  -1.879  -2.914  -4.152  -5.388   0
   3.50438762  -1.814  -2.959  -4.252  -5.534   0
   3.50458193  -1.822  -3.043  -4.373  -5.684   0
   3.50474739  -1.840  -3.129  -4.494  -5.832   0
   3.50489140  -1.733  -3.146  -4.576  -5.968   0
   3.50502086  -1.724  -3.208  -4.676  -6.102   0
   3.50515747  -1.750  -3.292  -4.792  -6.245   0
   3.50526547  -1.657  -3.311  -4.870  -6.378   0
   3.50537324  -1.633  -3.366  -4.966  -6.511   2
   3.50543094  -1.688  -3.325  -4.874  -6.373   0
   3.50545239  -1.798  -3.297  -4.775  -6.207   0
   3.50545955  -1.859  -3.233  -4.644  -6.018   1
   3.50549555  -1.796  -3.266  -4.728  -6.145   0
   3.50553870  -1.748  -3.306  -4.814  -6.274   0
   3.50558186  -1.666  -3.319  -4.876  -6.383   0
   3.50563455  -1.659  -3.329  -4.896  -6.412   0
   3.50568724  -1.652  -3.340  -4.916  -6.440   0
   3.50573993  -1.645  -3.350  -4.936  -6.468   0
   3.50578213  -1.639  -3.358  -4.952  -6.491   0
   3.50583482  -1.631  -3.369  -4.972  -6.520   0
   3.50588751  -1.624  -3.379  -4.992  -6.548   0
   3.50594020  -1.616  -3.389  -5.011  -6.576   0
   3.50599289  -1.608  -3.399  -5.031  -6.604   0
   3.50604582  -1.600  -3.409  -5.050  -6.632   0
   3.50609851  -1.600  -3.423  -5.071  -6.660   0
   3.50620461  -1.602  -3.434  -5.088  -6.682   0
   3.50646138  -1.605  -3.448  -5.106  -6.706   0
   3.50671983  -1.608  -3.461  -5.125  -6.730   0
   3.50698042  -1.621  -3.474  -5.139  -6.752   2
   3.50724316  -1.638  -3.488  -5.152  -6.774   0
   3.50750875  -1.656  -3.502  -5.166  -6.796   0
   3.50777793  -1.675  -3.516  -5.179  -6.818   0
   3.50811672  -1.698  -3.534  -5.195  -6.843   0
   3.50845647  -1.723  -3.553  -5.212  -6.869   0
   3.50879741  -1.749  -3.572  -5.229  -6.895   0
   3.50913930  -1.777  -3.593  -5.247  -6.922   0
   3.50948238  -1.806  -3.614  -5.266  -6.948   0
   3.50982046  -1.836  -3.636  -5.284  -6.974   0
   3.51014233  -1.866  -3.657  -5.302  -7.000   0
   3.51044869  -1.896  -3.679  -5.319  -7.024   0
   3.51079822  -1.931  -3.703  -5.340  -7.051   0
   3.51113009  -1.966  -3.728  -5.359  -7.077   0
   3.51144552  -2.000  -3.752  -5.378  -7.102   0
   3.51179481  -2.039  -3.779  -5.399  -7.130   0
   3.51212597  -2.077  -3.805  -5.420  -7.156   0
   3.51244068  -2.115  -3.831  -5.440  -7.181   0
   3.51278234  -2.157  -3.860  -5.462  -7.208   0
   3.51310611  -2.198  -3.887  -5.483  -7.233   0
   3.51345253  -2.244  -3.918  -5.505  -7.260   0
   3.51368570  -2.278  -3.938  -5.518  -7.275   0
   3.51377916  -2.294  -3.946  -5.521  -7.277   3
   3.51382065  -2.303  -3.949  -5.520  -7.275   0
   3.51384473  -2.301  -3.944  -5.514  -7.269   0
   3.51385999  -2.294  -3.936  -5.506  -7.262   0
   3.51386905  -2.286  -3.928  -5.497  -7.254   0
   3.51387429  -2.278  -3.919  -5.487  -7.245   0
   3.51387691  -2.269  -3.909  -5.477  -7.235   0
   3.51387906  -2.259  -3.899  -5.467  -7.225   0
   3.51388144  -2.249  -3.888  -5.456  -7.215   0
   3.51388383  -2.239  -3.876  -5.444  -7.203   0
   3.51388621  -2.227  -3.864  -5.431  -7.191   0
   3.51388860  -2.215  -3.851  -5.418  -7.179   0
   3.51389098  -2.203  -3.838  -5.404  -7.165   0
   3.51389456  -2.189  -3.823  -5.389  -7.151   0
