   0.15000001  14.494  13.193  11.719   9.986   0
   0.20000000  13.028  12.075  10.783   9.240   0
   0.25000000  12.345  11.455  10.223   8.753   0
   0.30000001  11.814  10.973   9.786   8.372   0
   0.34999999  11.371  10.572   9.423   8.057   0
   0.40000001  10.871  10.114   9.003   7.686   0
   0.44999999  10.401   9.695   8.627   7.369   0
   0.50000000   9.870   9.232   8.215   7.025   0
   0.55000001   9.208   8.688   7.740   6.643   0
   0.60000002   8.469   8.110   7.240   6.245   0
   0.66900814   7.419   7.316   6.572   5.710   0
   0.69999999   7.015   7.001   6.312   5.498   0
   0.80000001   5.906   6.091   5.565   4.885   0
   0.89999998   5.103   5.327   4.903   4.322   0
   0.98772216   4.548   4.754   4.395   3.895   0
   1.00000000   4.478   4.678   4.327   3.838   0
   1.00851977   4.432   4.627   4.282   3.802   0
   1.10000002   3.966   4.102   3.820   3.438   0
   1.19326103   3.541   3.591   3.382   3.128   0
   1.20000005   3.512   3.556   3.351   3.107   0
   1.29158902   3.144   3.128   2.996   2.867   0
   1.29999995   3.112   3.094   2.968   2.848   0
   1.34603286   2.946   2.915   2.823   2.747   0
   1.39999998   2.752   2.739   2.677   2.637   0
   1.41000140   2.716   2.707   2.650   2.616   0
   1.50000000   2.410   2.451   2.433   2.440   0
   1.54501653   2.262   2.333   2.330   2.351   0
   1.58006048   2.153   2.247   2.255   2.283   0
   1.60000002   2.092   2.199   2.212   2.245   0
   1.64999998   1.943   2.081   2.106   2.147   0
   1.70000005   1.797   1.963   1.998   2.047   0
   1.72102582   1.738   1.914   1.953   2.004   0
   1.75000000   1.655   1.844   1.887   1.941   0
   1.79999995   1.511   1.722   1.772   1.831   0
   1.80727935   1.491   1.705   1.756   1.816   0
   1.89436436   1.247   1.495   1.555   1.622   0
   1.89999998   1.231   1.481   1.542   1.609   0
   1.96837056   1.039   1.300   1.366   1.434   0
   2.00000000   0.946   1.211   1.278   1.348   0
   2.02861452   0.865   1.133   1.202   1.271   0
   2.08273196   0.705   0.973   1.042   1.110   0
   2.12953830   0.561   0.821   0.891   0.956   1
   2.16978526   0.431   0.678   0.746   0.808   0
   2.20000005   0.329   0.561   0.626   0.684   0
   2.20557642   0.310   0.540   0.605   0.662   0
   2.23876882   0.198   0.407   0.469   0.521   0
   2.25407147   0.144   0.344   0.404   0.453   0
   2.26855731   0.092   0.285   0.344   0.391   0
   2.27726722   0.060   0.253   0.313   0.359   0
   2.28481317   0.030   0.233   0.294   0.343   3
   2.28993869   0.007   0.231   0.297   0.351   0
   2.29344392  -0.014   0.256   0.332   0.396   0
   2.29443502  -0.037   0.271   0.355   0.428   0
   2.29501104  -0.077   0.274   0.366   0.450   0
   2.29505157  -0.070   0.279   0.370   0.453   0
   2.29523039  -0.012   0.299   0.384   0.458   0
   2.29547095  -0.077   0.190   0.266   0.329   0
   2.29584217  -0.185   0.036   0.103   0.154   0
   2.29626679  -0.248  -0.072  -0.014   0.026   0
   2.29683018  -0.294  -0.173  -0.127  -0.102   0
   2.29735065  -0.320  -0.249  -0.214  -0.203   0
   2.29794812  -0.329  -0.319  -0.301  -0.309   0
   2.29816437  -0.330  -0.340  -0.330  -0.346   0
   2.29879546  -0.318  -0.390  -0.406  -0.452   0
   2.29924011  -0.301  -0.404  -0.445  -0.525   0
   2.29969549  -0.275  -0.401  -0.476  -0.602   0
   2.30016160  -0.237  -0.364  -0.489  -0.681   3
   2.30063009  -0.181  -0.276  -0.473  -0.758   0
   2.30109835  -0.098  -0.138  -0.418  -0.824   0
   2.30133224  -0.037  -0.047  -0.376  -0.852   0
   2.30156446   0.041   0.055  -0.326  -0.870   0
   2.30203009   0.234   0.265  -0.207  -0.855   0
   2.30249214   0.477   0.492  -0.049  -0.763   0
   2.30295396   0.686   0.676   0.077  -0.687   4
   2.30360341   0.653   0.602  -0.045  -0.848   0
   2.30424118   0.554   0.482  -0.188  -1.009   0
   2.30500102   0.442   0.353  -0.333  -1.168   0
   2.30592561   0.324   0.208  -0.498  -1.347   0
   2.30668068   0.230   0.091  -0.629  -1.490   0
   2.30744267   0.136  -0.025  -0.760  -1.632   0
   2.30823040   0.042  -0.141  -0.891  -1.775   0
   2.30902290  -0.052  -0.256  -1.020  -1.915   0
   2.30974674  -0.120  -0.338  -1.112  -2.015   2
   2.31035018  -0.042  -0.242  -1.004  -1.896   0
   2.31164193   0.047  -0.130  -0.876  -1.756   0
   2.31631851   0.135  -0.019  -0.747  -1.615   0
   2.32144618   0.217   0.086  -0.627  -1.483   0
   2.32671738   0.296   0.189  -0.507  -1.351   0
   2.33231449   0.376   0.290  -0.389  -1.219   0
   2.34022975   0.437   0.373  -0.281  -1.090   0
   2.34504104   0.425   0.373  -0.264  -1.059   4
   2.35211086   0.217   0.193  -0.398  -1.157   0
   2.35621977   0.039   0.030  -0.521  -1.244   0
   2.36106443  -0.169  -0.166  -0.659  -1.327   0
   2.39148903  -0.618  -0.656  -0.984  -1.461   0
   2.41852617  -0.809  -0.872  -1.165  -1.597   0
   2.43383384  -0.910  -0.985  -1.263  -1.674   1
   2.46265507  -1.027  -1.091  -1.403  -1.862   0
   2.47640562  -0.921  -0.950  -1.392  -2.008   0
   2.48110533  -0.687  -0.735  -1.301  -2.039   0
   2.48346663  -0.332  -0.449  -1.132  -1.965   0
   2.48360276  -0.287  -0.422  -1.122  -1.969   4
   2.48369956  -0.338  -0.508  -1.237  -2.105   0
   2.48377514  -0.410  -0.609  -1.359  -2.244   0
   2.48387480  -0.466  -0.681  -1.445  -2.340   0
   2.48567009  -0.758  -1.087  -1.933  -2.887   0
   2.48597836  -0.832  -1.200  -2.068  -3.038   0
   2.48628664  -0.898  -1.303  -2.194  -3.181   0
   2.48659492  -0.960  -1.406  -2.322  -3.326   0
   2.48690438  -1.016  -1.512  -2.460  -3.486   0
   2.48720837  -1.075  -1.629  -2.613  -3.664   0
   2.48747659  -1.141  -1.754  -2.770  -3.845   0
   2.48767757  -1.171  -1.849  -2.898  -3.999   0
   2.48790216  -1.212  -1.970  -3.062  -4.194   0
   2.48810530  -1.233  -2.089  -3.233  -4.403   0
   2.48832059  -1.270  -2.231  -3.431  -4.642   0
   2.48845005  -1.281  -2.304  -3.535  -4.771   0
   2.48854780  -1.285  -2.352  -3.605  -4.859   0
   2.48863888  -1.270  -2.416  -3.709  -4.995   0
   2.48874044  -1.251  -2.490  -3.829  -5.152   0
   2.48886442  -1.208  -2.584  -3.992  -5.369   0
   2.48887777  -1.202  -2.598  -4.017  -5.403   0
   2.48889732  -1.197  -2.622  -4.057  -5.458   0
   2.48891854  -1.192  -2.633  -4.075  -5.484   0
   2.48893976  -1.186  -2.643  -4.094  -5.510   0
   2.48896074  -1.181  -2.653  -4.112  -5.536   0
   2.48898196  -1.175  -2.663  -4.131  -5.562   0
   2.48900294  -1.170  -2.673  -4.149  -5.588   0
   2.48902416  -1.164  -2.683  -4.168  -5.614   0
   2.48904538  -1.158  -2.693  -4.186  -5.640   0
   2.48906589  -1.152  -2.703  -4.204  -5.666   0
   2.48908234  -1.148  -2.711  -4.219  -5.686   0
   2.48910308  -1.142  -2.721  -4.237  -5.712   0
   2.48912382  -1.136  -2.731  -4.255  -5.738   0
   2.48914433  -1.130  -2.740  -4.273  -5.763   0
   2.48916507  -1.123  -2.750  -4.291  -5.789   0
   2.48918557  -1.119  -2.755  -4.301  -5.804   0
   2.48920631  -1.114  -2.759  -4.309  -5.816   0
   2.48926497  -1.109  -2.765  -4.322  -5.834   0
   2.48934841  -1.102  -2.774  -4.339  -5.859   0
   2.48943138  -1.094  -2.783  -4.358  -5.886   0
   2.48951340  -1.086  -2.793  -4.377  -5.914   0
   2.48959494  -1.078  -2.802  -4.396  -5.941   0
   2.48967576  -1.069  -2.812  -4.415  -5.969   0
   2.48975563  -1.061  -2.821  -4.434  -5.996   0
   2.48983502  -1.052  -2.830  -4.452  -6.023   0
   2.48991370  -1.043  -2.839  -4.471  -6.050   0
   2.48999166  -1.034  -2.848  -4.489  -6.076   0
   2.49006891  -1.025  -2.856  -4.507  -6.103   0
   2.49014544  -1.018  -2.864  -4.524  -6.129   0
   2.49022126  -1.020  -2.871  -4.535  -6.152   0
   2.49029660  -1.032  -2.882  -4.548  -6.176   2
   2.49037099  -1.049  -2.896  -4.561  -6.199   0
   2.49043012  -1.063  -2.907  -4.572  -6.218   0
   2.49048877  -1.079  -2.919  -4.584  -6.236   0
   2.49054718  -1.094  -2.931  -4.595  -6.255   0
   2.49060488  -1.111  -2.944  -4.607  -6.274   0
   2.49066257  -1.128  -2.957  -4.619  -6.292   0
   2.49071980  -1.145  -2.970  -4.631  -6.311   0
   2.49077678  -1.164  -2.984  -4.643  -6.329   0
   2.49083352  -1.182  -2.998  -4.655  -6.348   0
   2.49088979  -1.202  -3.012  -4.668  -6.366   0
   2.49094582  -1.221  -3.026  -4.680  -6.384   0
   2.49100184  -1.242  -3.041  -4.693  -6.403   0
   2.49105740  -1.262  -3.056  -4.705  -6.421   0
   2.49111295  -1.283  -3.071  -4.718  -6.439   0
   2.49116826  -1.305  -3.087  -4.731  -6.456   0
   2.49122357  -1.327  -3.102  -4.744  -6.474   0
   2.49127865  -1.349  -3.118  -4.756  -6.491   0
   2.49133348  -1.371  -3.134  -4.769  -6.509   0
   2.49138856  -1.394  -3.150  -4.782  -6.526   0
   2.49145722  -1.423  -3.170  -4.798  -6.547   0
   2.49152565  -1.452  -3.190  -4.814  -6.567   0
   2.49159455  -1.481  -3.210  -4.829  -6.587   0
   2.49166369  -1.511  -3.230  -4.845  -6.607   0
   2.49173307  -1.540  -3.250  -4.860  -6.626   0
   2.49180293  -1.569  -3.270  -4.875  -6.645   0
   2.49187326  -1.600  -3.290  -4.891  -6.664   0
   2.49194145  -1.632  -3.312  -4.907  -6.683   0
   2.49201822  -1.670  -3.337  -4.925  -6.705   0
   2.49209881  -1.712  -3.364  -4.944  -6.727   0
   2.49219704  -1.768  -3.398  -4.965  -6.750   0
   2.49223852  -1.799  -3.413  -4.971  -6.755   3
   2.49225593  -1.808  -3.413  -4.966  -6.749   0
   2.49226308  -1.797  -3.400  -4.952  -6.736   0
   2.49226594  -1.783  -3.385  -4.937  -6.721   0
   2.49226785  -1.761  -3.361  -4.912  -6.697   0
   2.49227023  -1.735  -3.333  -4.883  -6.670   0
