   0.15000001  14.374  13.108  11.652   9.937   0
   0.20000000  12.917  11.973  10.689   9.155   0
   0.25000000  12.218  11.337  10.113   8.653   0
   0.30000001  11.679  10.847   9.669   8.266   0
   0.34999999  11.229  10.440   9.301   7.947   0
   0.40000001  10.761  10.013   8.911   7.606   0
   0.44999999  10.263   9.570   8.515   7.274   0
   0.50000000   9.640   9.039   8.044   6.885   0
   0.54536843   8.910   8.447   7.530   6.475   0
   0.55000001   8.842   8.393   7.482   6.436   0
   0.55877149   8.668   8.261   7.369   6.346   0
   0.60000002   7.917   7.687   6.878   5.952   0
   0.61199337   7.688   7.514   6.732   5.834   0
   0.63500601   7.248   7.179   6.452   5.606   0
   0.65603012   6.875   6.883   6.208   5.405   0
   0.67552423   6.530   6.606   5.978   5.214   0
   0.69382644   6.235   6.354   5.766   5.034   0
   0.69999999   6.136   6.268   5.694   4.973   0
   0.70317191   6.084   6.224   5.656   4.941   0
   0.71911907   5.819   5.992   5.458   4.771   0
   0.73473865   5.572   5.762   5.258   4.596   0
   0.75166374   5.301   5.501   5.026   4.391   0
   0.76184094   5.133   5.337   4.878   4.259   0
   0.77402955   4.922   5.128   4.687   4.085   0
   0.78882515   4.649   4.848   4.427   3.846   0
   0.79191536   4.592   4.788   4.370   3.794   0
   0.79494816   4.534   4.728   4.314   3.741   0
   0.79719490   4.491   4.683   4.270   3.700   0
   0.79769439   4.481   4.673   4.261   3.690   0
   0.80000001   4.434   4.623   4.212   3.644   0
   0.80083489   4.416   4.604   4.195   3.627   0
   0.80356807   4.357   4.542   4.134   3.568   0
   0.81337893   4.120   4.295   3.887   3.319   1
   0.81903887   3.968   4.139   3.718   3.133   0
   0.82296854   3.865   4.024   3.578   2.965   0
   0.82548535   3.813   3.958   3.477   2.828   0
   0.82727748   3.832   3.948   3.416   2.718   0
   0.82879657   3.868   3.944   3.355   2.608   0
   0.82993692   3.855   3.888   3.261   2.481   0
   0.83081830   3.772   3.781   3.132   2.334   0
   0.83153975   3.665   3.658   2.995   2.186   0
   0.83226323   3.526   3.505   2.833   2.015   0
   0.83286750   3.392   3.360   2.680   1.856   0
   0.83339924   3.256   3.215   2.529   1.699   0
   0.83391660   3.117   3.067   2.373   1.537   0
   0.83435804   2.976   2.914   2.213   1.370   0
   0.83473331   2.848   2.774   2.066   1.218   0
   0.83507955   2.722   2.634   1.918   1.062   0
   0.83537245   2.601   2.498   1.774   0.912   0
   0.83564591   2.480   2.361   1.629   0.760   0
   0.83589518   2.359   2.223   1.480   0.603   0
   0.83611536   2.234   2.083   1.331   0.446   0
   0.83630800   2.117   1.949   1.186   0.291   0
   0.83647966   2.003   1.818   1.044   0.141   0
   0.83663183   1.887   1.687   0.902  -0.009   0
   0.83677274   1.777   1.558   0.760  -0.161   0
   0.83690393   1.666   1.426   0.614  -0.317   0
   0.83703351   1.561   1.299   0.474  -0.468   0
   0.83712423   1.514   1.242   0.411  -0.534   0
   0.83720988   1.554   1.300   0.479  -0.459   1
   0.83730888   1.446   1.160   0.323  -0.628   0
   0.83740795   1.336   1.019   0.164  -0.801   0
   0.83748823   1.241   0.894   0.022  -0.956   0
   0.83756512   1.145   0.765  -0.126  -1.117   0
   0.83763003   1.054   0.640  -0.271  -1.276   0
   0.83768815   0.970   0.521  -0.411  -1.431   0
   0.83773941   0.891   0.404  -0.550  -1.586   0
   0.83778214   0.818   0.295  -0.680  -1.731   0
   0.83782488   0.752   0.182  -0.817  -1.887   0
   0.83786082   0.687   0.074  -0.948  -2.034   0
   0.83789164   0.638  -0.025  -1.073  -2.179   0
   0.83792239   0.579  -0.135  -1.209  -2.334   0
   0.83794636   0.535  -0.231  -1.331  -2.476   0
   0.83797032   0.500  -0.325  -1.457  -2.625   0
   0.83799255   0.458  -0.426  -1.588  -2.777   0
   0.83801132   0.432  -0.511  -1.702  -2.916   0
   0.83802676   0.414  -0.593  -1.816  -3.055   0
   0.83804387   0.394  -0.681  -1.937  -3.203   0
   0.83805925   0.400  -0.752  -2.047  -3.345   0
   0.83806950   0.421  -0.807  -2.140  -3.467   0
   0.83808148   0.418  -0.882  -2.250  -3.604   0
   0.83809179   0.407  -0.958  -2.359  -3.740   0
   0.83810204   0.408  -1.029  -2.466  -3.879   0
   0.83811229   0.435  -1.083  -2.562  -4.013   0
   0.83811402   0.438  -1.096  -2.584  -4.043   2
   0.83811402   1.353   1.322   0.730  -0.030   1
   0.83816785   1.344   1.306   0.707  -0.059   0
   0.83824450   1.334   1.294   0.692  -0.075   0
   0.83829671   1.328   1.288   0.686  -0.082   0
   0.83832544   1.326   1.286   0.684  -0.083   0
   0.83841115   1.318   1.280   0.681  -0.084   0
   0.83850044   1.309   1.275   0.683  -0.077   0
   0.83859384   1.300   1.271   0.685  -0.069   0
   0.83869046   1.290   1.265   0.687  -0.062   0
   0.83878934   1.279   1.259   0.687  -0.056   0
   0.83888882   1.272   1.254   0.686  -0.054   0
   0.83898515   1.266   1.249   0.683  -0.054   0
   0.83904392   1.264   1.247   0.682  -0.055   0
   0.83908212   1.262   1.245   0.679  -0.059   0
   0.83917880   1.257   1.239   0.672  -0.068   0
   0.83927572   1.256   1.235   0.662  -0.082   0
   0.83937693   1.255   1.228   0.648  -0.102   0
   0.83948207   1.250   1.216   0.628  -0.128   0
   0.83958673   1.241   1.199   0.601  -0.163   0
   0.83970702   1.229   1.176   0.564  -0.211   0
   0.83977127   1.219   1.159   0.540  -0.241   0
   0.83984911   1.199   1.131   0.503  -0.286   0
   0.84005064   1.132   1.039   0.382  -0.430   0
   0.84006828   1.095   0.986   0.311  -0.515   0
   0.84008151   1.032   0.892   0.188  -0.661   0
   0.84008545   0.985   0.818   0.093  -0.772   0
   0.84008855   0.882   0.660  -0.109  -1.008   0
   0.84008998   0.810   0.546  -0.258  -1.183   0
   0.84009147   0.729   0.422  -0.413  -1.359   0
   0.84009361   0.658   0.306  -0.555  -1.521   0
   0.84009498   0.654   0.294  -0.572  -1.541   0
   0.84010249   0.705   0.391  -0.447  -1.396   0
   0.84010869   0.715   0.405  -0.431  -1.378   1
   0.84013683   0.655   0.296  -0.569  -1.537   0
   0.84015495   0.572   0.153  -0.748  -1.743   0
   0.84016788   0.497   0.016  -0.924  -1.946   0
   0.84017527   0.456  -0.074  -1.046  -2.090   0
   0.84018272   0.424  -0.163  -1.167  -2.235   0
   0.84019011   0.391  -0.254  -1.288  -2.379   0
   0.84019798   0.387  -0.352  -1.435  -2.564   0
   0.84020329   0.340  -0.461  -1.577  -2.729   0
   0.84020734   0.346  -0.530  -1.686  -2.867   0
   0.84021091   0.336  -0.610  -1.802  -3.011   0
   0.84021419   0.328  -0.687  -1.913  -3.150   0
   0.84021741   0.336  -0.755  -2.020  -3.288   0
   0.84022081   0.360  -0.814  -2.120  -3.422   0
   0.84022379   0.393  -0.875  -2.227  -3.566   0
   0.84022415   0.398  -0.890  -2.253  -3.600   0
   0.84022468   0.401  -0.905  -2.276  -3.630   0
   0.84022522   0.404  -0.919  -2.299  -3.660   0
   0.84022582   0.407  -0.933  -2.323  -3.690   0
   0.84022635   0.411  -0.946  -2.344  -3.719   0
   0.84022689   0.416  -0.959  -2.365  -3.748   0
   0.84022743   0.420  -0.972  -2.386  -3.777   0
   0.84022784   0.424  -0.982  -2.403  -3.800   0
   0.84022844   0.429  -0.994  -2.425  -3.829   0
   0.84022886   0.433  -1.004  -2.441  -3.852   0
   0.84022939   0.440  -1.015  -2.462  -3.881   0
   0.84022993   0.446  -1.026  -2.482  -3.910   0
   0.84023046   0.453  -1.037  -2.503  -3.939   0
   0.84023094   0.458  -1.046  -2.519  -3.962   0
   0.84023148   0.465  -1.057  -2.539  -3.991   0
   0.84023190   0.470  -1.066  -2.555  -4.014   0
   0.84023243   0.477  -1.077  -2.576  -4.043   0
   0.84023303   0.485  -1.087  -2.596  -4.072   0
   0.84023356   0.492  -1.098  -2.616  -4.101   0
   0.84023410   0.500  -1.108  -2.636  -4.130   0
   0.84023464   0.507  -1.119  -2.656  -4.159   0
   0.84023517   0.515  -1.129  -2.677  -4.188   0
   0.84023571   0.523  -1.140  -2.697  -4.218   0
   0.84023631   0.532  -1.150  -2.718  -4.247   0
   0.84023684   0.540  -1.161  -2.738  -4.277   0
   0.84023738   0.549  -1.171  -2.758  -4.306   0
   0.84023780   0.556  -1.179  -2.775  -4.330   0
   0.84023827   0.564  -1.187  -2.791  -4.353   0
   0.84023881   0.573  -1.196  -2.809  -4.380   0
   0.84023935   0.581  -1.205  -2.828  -4.407   0
   0.84023988   0.590  -1.213  -2.846  -4.434   0
   0.84024042   0.590  -1.219  -2.857  -4.458   0
   0.84024090   0.589  -1.224  -2.866  -4.477   0
   0.84024143   0.587  -1.230  -2.877  -4.502   0
   0.84024197   0.585  -1.236  -2.888  -4.526   0
   0.84024251   0.583  -1.243  -2.899  -4.550   0
   0.84024304   0.579  -1.250  -2.910  -4.574   0
   0.84024364   0.577  -1.255  -2.919  -4.594   0
   0.84024477   0.575  -1.261  -2.930  -4.620   2
   0.84024596   0.551  -1.279  -2.946  -4.647   0
   0.84024709   0.525  -1.298  -2.963  -4.674   0
   0.84024823   0.497  -1.318  -2.981  -4.702   0
   0.84024930   0.467  -1.340  -2.999  -4.729   0
   0.84025037   0.435  -1.363  -3.018  -4.758   0
   0.84025151   0.400  -1.387  -3.038  -4.787   0
   0.84025204   0.380  -1.401  -3.049  -4.803   0
