   0.15000001  14.498  13.196  11.721   9.987   0
   0.20000000  13.033  12.079  10.786   9.242   0
   0.25000000  12.349  11.459  10.227   8.756   0
   0.30000001  11.819  10.977   9.790   8.376   0
   0.34999999  11.376  10.576   9.427   8.061   0
   0.40000001  10.877  10.120   9.009   7.691   0
   0.44999999  10.408   9.701   8.634   7.375   0
   0.50000000   9.881   9.241   8.224   7.033   0
   0.55000001   9.225   8.702   7.753   6.655   0
   0.60000002   8.495   8.131   7.260   6.262   0
   0.69999999   7.060   7.039   6.345   5.527   0
   0.80000001   5.955   6.135   5.604   4.919   0
   0.89999998   5.163   5.389   4.961   4.375   0
   1.00000000   4.549   4.754   4.400   3.907   0
   1.10000002   4.048   4.195   3.906   3.511   0
   1.17591691   3.712   3.792   3.560   3.264   0
   1.20000005   3.613   3.673   3.457   3.192   0
   1.27041686   3.340   3.347   3.183   3.010   0
   1.29999995   3.232   3.224   3.082   2.942   0
   1.39999998   2.904   2.888   2.811   2.756   0
   1.50000000   2.569   2.601   2.573   2.572   0
   1.60000002   2.292   2.392   2.397   2.427   0
   1.64999998   2.167   2.302   2.321   2.362   0
   1.70000005   2.047   2.214   2.244   2.293   0
   1.75000000   1.954   2.149   2.188   2.245   0
   1.79999995   1.844   2.068   2.116   2.180   0
   1.89999998   1.642   1.918   1.980   2.056   0
   2.00000000   1.455   1.776   1.849   1.935   0
   2.20000005   1.118   1.513   1.603   1.705   0
   2.23887467   1.058   1.465   1.558   1.662   0
   2.50000000   0.676   1.159   1.269   1.390   0
   2.79524207   0.296   0.842   0.967   1.103   0
   3.00000000   0.048   0.629   0.764   0.908   0
   3.21146441  -0.188   0.427   0.570   0.722   0
   3.50000000  -0.505   0.145   0.298   0.459   0
   3.56328106  -0.572   0.083   0.238   0.400   0
   3.84004188  -0.864  -0.183  -0.022   0.147   0
   4.00000000  -1.031  -0.337  -0.172  -0.001   0
   4.07761097  -1.109  -0.409  -0.242  -0.069   0
   4.28667164  -1.332  -0.619  -0.449  -0.273   0
   4.46516514  -1.534  -0.813  -0.641  -0.463   0
   4.50000000  -1.575  -0.854  -0.681  -0.503   0
   4.62507105  -1.728  -1.005  -0.831  -0.654   0
   4.75329638  -1.898  -1.177  -1.002  -0.826   1
   4.86329365  -2.057  -1.341  -1.167  -0.993   0
   4.95861959  -2.209  -1.500  -1.328  -1.158   0
   5.00000000  -2.281  -1.577  -1.406  -1.238   0
   5.04251099  -2.353  -1.654  -1.484  -1.318   0
   5.08064795  -2.422  -1.728  -1.559  -1.394   0
   5.11605263  -2.485  -1.794  -1.625  -1.462   0
   5.13504648  -2.516  -1.825  -1.656  -1.493   0
   5.15517378  -2.543  -1.845  -1.675  -1.511   3
   5.16740370  -2.547  -1.838  -1.665  -1.496   0
   5.17590761  -2.531  -1.796  -1.618  -1.441   0
   5.17841053  -2.523  -1.767  -1.584  -1.401   0
   5.17986727  -2.526  -1.750  -1.561  -1.372   0
   5.18006945  -2.518  -1.744  -1.556  -1.368   0
   5.18057585  -2.502  -1.755  -1.573  -1.393   0
   5.18114328  -2.597  -1.878  -1.703  -1.531   0
   5.18172216  -2.717  -2.021  -1.852  -1.689   0
   5.18242455  -2.831  -2.162  -1.998  -1.845   0
   5.18324757  -2.937  -2.298  -2.141  -1.999   0
   5.18417645  -3.039  -2.437  -2.288  -2.158   0
   5.18493414  -3.117  -2.546  -2.405  -2.285   0
   5.18573380  -3.197  -2.662  -2.530  -2.423   0
   5.18655825  -3.278  -2.788  -2.666  -2.574   0
   5.18711901  -3.334  -2.880  -2.766  -2.684   0
   5.18768501  -3.392  -2.979  -2.873  -2.804   0
   5.18825674  -3.449  -3.087  -2.991  -2.935   0
   5.18854237  -3.475  -3.143  -3.052  -3.005   0
   5.18909359  -3.524  -3.256  -3.178  -3.150   0
   5.18964195  -3.563  -3.380  -3.318  -3.312   0
   5.18991470  -3.575  -3.446  -3.393  -3.400   0
   5.19018745  -3.578  -3.511  -3.469  -3.490   0
   5.19042253  -3.563  -3.559  -3.530  -3.568   0
   5.19064379  -3.537  -3.598  -3.586  -3.645   0
   5.19082451  -3.505  -3.620  -3.627  -3.710   0
   5.19100523  -3.460  -3.614  -3.651  -3.775   0
   5.19118881  -3.403  -3.585  -3.662  -3.842   3
   5.19132328  -3.351  -3.543  -3.660  -3.893   0
   5.19146109  -3.290  -3.466  -3.643  -3.944   0
   5.19159842  -3.216  -3.369  -3.612  -3.993   0
   5.19173574  -3.125  -3.251  -3.567  -4.038   0
   5.19182777  -3.052  -3.159  -3.529  -4.065   0
   5.19192219  -2.952  -3.050  -3.483  -4.088   0
   5.19201374  -2.821  -2.925  -3.428  -4.105   0
   5.19215107  -2.624  -2.755  -3.348  -4.105   0
   5.19233179  -2.411  -2.581  -3.247  -4.065   0
   5.19260931  -2.153  -2.388  -3.132  -4.011   4
   5.19286633  -2.119  -2.428  -3.243  -4.172   0
   5.19302607  -2.165  -2.521  -3.371  -4.326   0
   5.19326258  -2.203  -2.606  -3.485  -4.461   0
   5.19396210  -2.255  -2.705  -3.613  -4.609   0
   5.19602108  -2.277  -2.749  -3.671  -4.676   2
   5.23940897  -2.326  -2.731  -3.608  -4.582   0
   5.26294947  -2.405  -2.768  -3.616  -4.569   0
   5.28354073  -2.823  -3.067  -3.790  -4.651   0
   5.28872252  -3.157  -3.318  -3.907  -4.661   0
   5.29287529  -3.357  -3.489  -3.981  -4.645   0
   5.29620075  -3.491  -3.620  -4.035  -4.620   0
   5.29953051  -3.595  -3.733  -4.081  -4.591   0
   5.30281258  -3.671  -3.827  -4.117  -4.558   0
   5.30683661  -3.748  -3.924  -4.151  -4.519   0
   5.31107521  -3.817  -4.011  -4.179  -4.478   0
   5.31559038  -3.879  -4.081  -4.196  -4.436   0
   5.32079268  -3.940  -4.131  -4.205  -4.392   0
   5.32634163  -3.998  -4.169  -4.208  -4.347   0
   5.33285093  -4.050  -4.177  -4.193  -4.298   0
   5.34046507  -4.099  -4.176  -4.172  -4.248   0
   5.34988308  -4.144  -4.162  -4.141  -4.197   0
   5.36059809  -4.178  -4.137  -4.104  -4.144   0
   5.37588263  -4.215  -4.118  -4.075  -4.102   0
   5.39336586  -4.247  -4.120  -4.072  -4.093   1
   5.41511869  -4.294  -4.215  -4.177  -4.210   0
   5.42553282  -4.308  -4.295  -4.268  -4.317   0
   5.43396091  -4.298  -4.364  -4.356  -4.431   0
   5.43812943  -4.271  -4.396  -4.410  -4.517   0
   5.44172716  -4.231  -4.407  -4.453  -4.604   0
   5.44385910  -4.178  -4.382  -4.467  -4.674   0
   5.44552708  -4.127  -4.329  -4.468  -4.738   3
   5.44683599  -4.041  -4.225  -4.449  -4.817   0
   5.44806671  -3.928  -4.086  -4.410  -4.894   0
   5.44855404  -3.862  -4.010  -4.384  -4.925   0
   5.44927216  -3.659  -3.810  -4.308  -4.977   0
   5.44957972  -3.496  -3.671  -4.253  -4.999   0
   5.45011759  -3.157  -3.415  -4.135  -4.992   0
   5.45068169  -2.787  -3.147  -3.981  -4.921   4
   5.45114279  -2.593  -3.074  -3.995  -4.998   0
   5.45132875  -2.594  -3.137  -4.098  -5.129   0
   5.45151424  -2.613  -3.196  -4.184  -5.233   0
   5.45316219  -2.629  -3.278  -4.306  -5.385   0
   5.45371866  -2.623  -3.334  -4.396  -5.499   0
   5.45450687  -2.652  -3.430  -4.527  -5.656   0
   5.45531797  -2.676  -3.515  -4.645  -5.798   0
   5.45608187  -2.661  -3.574  -4.746  -5.929   0
   5.45668364  -2.672  -3.640  -4.842  -6.047   0
   5.45726156  -2.689  -3.714  -4.948  -6.174   0
   5.45770121  -2.672  -3.763  -5.029  -6.282   0
   5.45811749  -2.664  -3.817  -5.115  -6.393   0
   5.45846367  -2.671  -3.880  -5.207  -6.509   0
   5.45867157  -2.696  -3.942  -5.289  -6.607   0
   5.45881033  -2.661  -3.966  -5.344  -6.686   0
   5.45894909  -2.665  -4.011  -5.411  -6.770   0
   5.45911074  -2.655  -4.050  -5.477  -6.857   0
   5.45920324  -2.716  -3.970  -5.322  -6.642   1
   5.45920563  -2.695  -4.011  -5.396  -6.743   0
   5.45927238  -2.685  -3.991  -5.371  -6.713   0
   5.45936489  -2.651  -4.063  -5.499  -6.886   0
   5.45936728  -2.668  -4.020  -5.422  -6.784   0
   5.45936728  -2.659  -4.054  -5.480  -6.860   0
