   0.15000001  14.497  13.196  11.721   9.987   0
   0.20000000  13.032  12.079  10.786   9.242   0
   0.25000000  12.349  11.459  10.226   8.756   0
   0.30000001  11.818  10.977   9.790   8.375   0
   0.34999999  11.375  10.576   9.427   8.060   0
   0.40000001  10.877  10.120   9.008   7.691   0
   0.44999999  10.407   9.701   8.633   7.374   0
   0.50000000   9.879   9.240   8.223   7.032   0
   0.55000001   9.223   8.700   7.751   6.653   0
   0.60000002   8.491   8.129   7.257   6.260   0
   0.69999999   7.054   7.034   6.341   5.523   0
   0.80000001   5.948   6.129   5.598   4.914   0
   0.89999998   5.149   5.374   4.947   4.362   0
   0.99344367   4.562   4.768   4.412   3.914   0
   1.00000000   4.525   4.728   4.375   3.884   0
   1.01858985   4.426   4.620   4.280   3.807   0
   1.10000002   4.033   4.179   3.891   3.497   0
   1.20000005   3.598   3.657   3.442   3.179   0
   1.29999995   3.217   3.208   3.068   2.930   0
   1.39999998   2.885   2.869   2.795   2.742   0
   1.50000000   2.552   2.586   2.559   2.559   0
   1.60000002   2.269   2.371   2.377   2.407   0
   1.64999998   2.144   2.278   2.298   2.339   0
   1.70000005   2.022   2.188   2.219   2.268   0
   1.75000000   1.922   2.117   2.157   2.214   0
   1.79999995   1.810   2.033   2.082   2.145   0
   1.87320709   1.658   1.918   1.976   2.048   0
   1.89999998   1.603   1.876   1.938   2.013   0
   2.00000000   1.407   1.725   1.798   1.883   0
   2.20000005   1.053   1.445   1.535   1.636   0
   2.27682924   0.928   1.344   1.440   1.545   0
   2.50000000   0.578   1.055   1.166   1.284   0
   2.59467554   0.441   0.939   1.054   1.177   0
   2.84887147   0.082   0.626   0.753   0.887   0
   3.00000000  -0.129   0.437   0.570   0.708   0
   3.07373548  -0.227   0.348   0.483   0.624   0
   3.25158978  -0.468   0.126   0.266   0.411   0
   3.40495133  -0.681  -0.074   0.069   0.217   0
   3.50000000  -0.817  -0.207  -0.061   0.087   1
   3.54911613  -0.887  -0.274  -0.128   0.021   0
   3.66423178  -1.060  -0.445  -0.298  -0.150   0
   3.76272225  -1.219  -0.606  -0.458  -0.311   0
   3.84858751  -1.370  -0.763  -0.616  -0.471   0
   3.92309880  -1.514  -0.916  -0.771  -0.630   0
   3.98804879  -1.651  -1.064  -0.921  -0.785   0
   4.00000000  -1.677  -1.093  -0.950  -0.814   0
   4.01767826  -1.715  -1.133  -0.990  -0.856   0
   4.04596233  -1.775  -1.196  -1.054  -0.921   0
   4.05931234  -1.801  -1.222  -1.080  -0.946   0
   4.07740021  -1.831  -1.244  -1.101  -0.965   3
   4.08729124  -1.837  -1.236  -1.090  -0.950   0
   4.09413338  -1.825  -1.196  -1.043  -0.895   0
   4.09613466  -1.820  -1.168  -1.009  -0.854   0
   4.09728193  -1.825  -1.151  -0.987  -0.826   0
   4.09743452  -1.816  -1.145  -0.982  -0.821   0
   4.09788322  -1.801  -1.162  -1.006  -0.855   0
   4.09837389  -1.909  -1.298  -1.149  -1.007   0
   4.09903288  -2.049  -1.468  -1.326  -1.194   0
   4.09971952  -2.147  -1.595  -1.459  -1.338   0
   4.10051823  -2.238  -1.720  -1.591  -1.481   0
   4.10142851  -2.323  -1.849  -1.729  -1.631   0
   4.10217094  -2.389  -1.952  -1.840  -1.753   0
   4.10295486  -2.455  -2.064  -1.960  -1.887   0
   4.10376644  -2.520  -2.186  -2.093  -2.034   0
   4.10431194  -2.561  -2.273  -2.189  -2.143   0
   4.10459185  -2.581  -2.319  -2.239  -2.201   0
   4.10511971  -2.616  -2.413  -2.344  -2.320   0
   4.10566044  -2.643  -2.514  -2.458  -2.452   0
   4.10618782  -2.643  -2.610  -2.575  -2.594   0
   4.10645819  -2.628  -2.651  -2.632  -2.669   0
   4.10672855  -2.600  -2.681  -2.682  -2.745   0
   4.10698509  -2.558  -2.693  -2.723  -2.824   0
   4.10725498  -2.500  -2.672  -2.744  -2.904   3
   4.10751104  -2.420  -2.594  -2.736  -2.984   0
   4.10767317  -2.363  -2.511  -2.713  -3.032   0
   4.10783529  -2.298  -2.417  -2.677  -3.072   0
   4.10797024  -2.222  -2.314  -2.634  -3.105   0
   4.10809135  -2.144  -2.215  -2.590  -3.131   0
   4.10821295  -2.038  -2.099  -2.538  -3.150   0
   4.10832071  -1.917  -1.982  -2.482  -3.157   0
   4.10852289  -1.732  -1.815  -2.390  -3.135   0
   4.10876560  -1.524  -1.640  -2.280  -3.078   0
   4.10896778  -1.400  -1.539  -2.221  -3.054   4
   4.10924244  -1.361  -1.564  -2.305  -3.181   0
   4.10946178  -1.424  -1.670  -2.446  -3.348   0
   4.10983229  -1.506  -1.787  -2.591  -3.513   0
   4.11054516  -1.570  -1.887  -2.720  -3.663   0
   4.11179209  -1.631  -1.984  -2.837  -3.795   0
   4.11209297  -1.633  -1.987  -2.842  -3.801   0
   4.14248896  -1.624  -1.933  -2.757  -3.694   0
   4.18126106  -1.703  -1.966  -2.746  -3.651   4
   4.20485544  -2.060  -2.233  -2.915  -3.746   0
   4.21366930  -2.345  -2.464  -3.042  -3.788   0
   4.22001076  -2.562  -2.656  -3.134  -3.785   0
   4.22415400  -2.682  -2.779  -3.189  -3.769   0
   4.22771549  -2.770  -2.879  -3.233  -3.750   0
   4.23158693  -2.845  -2.972  -3.274  -3.726   0
   4.23592377  -2.915  -3.063  -3.312  -3.698   0
   4.24102783  -2.983  -3.153  -3.348  -3.668   0
   4.24698591  -3.050  -3.234  -3.374  -3.633   0
   4.25347137  -3.112  -3.299  -3.395  -3.599   0
   4.26055956  -3.172  -3.348  -3.409  -3.566   0
   4.26944637  -3.231  -3.380  -3.413  -3.533   0
   4.28112173  -3.292  -3.411  -3.421  -3.508   0
   4.29781723  -3.354  -3.439  -3.436  -3.508   1
   4.31827879  -3.386  -3.509  -3.523  -3.618   0
   4.32617188  -3.374  -3.532  -3.570  -3.698   0
   4.33094025  -3.352  -3.531  -3.597  -3.763   0
   4.33489132  -3.309  -3.506  -3.616  -3.844   0
   4.33702469  -3.262  -3.445  -3.614  -3.909   0
   4.33904314  -3.192  -3.352  -3.597  -3.981   0
   4.34015989  -3.131  -3.270  -3.573  -4.028   0
   4.34108591  -3.045  -3.163  -3.536  -4.075   0
   4.34179640  -2.920  -3.028  -3.485  -4.116   0
   4.34238005  -2.726  -2.855  -3.415  -4.145   0
   4.34310293  -2.423  -2.615  -3.298  -4.129   0
   4.34373665  -2.110  -2.394  -3.177  -4.083   4
   4.34407902  -1.992  -2.340  -3.184  -4.134   0
   4.34422064  -2.004  -2.405  -3.283  -4.257   0
   4.34434080  -2.028  -2.476  -3.382  -4.377   0
   4.34548378  -2.078  -2.594  -3.544  -4.570   0
   4.34588671  -2.099  -2.644  -3.612  -4.650   0
   4.34640837  -2.150  -2.742  -3.741  -4.800   0
   4.34696293  -2.171  -2.817  -3.845  -4.926   0
   4.34747314  -2.190  -2.886  -3.941  -5.042   0
   4.34804869  -2.220  -2.972  -4.057  -5.179   0
   4.34856939  -2.238  -3.050  -4.168  -5.314   0
   4.34901381  -2.249  -3.125  -4.278  -5.448   0
   4.34939289  -2.267  -3.198  -4.381  -5.573   0
   4.34970713  -2.262  -3.255  -4.472  -5.689   0
   4.34997797  -2.257  -3.310  -4.558  -5.799   0
   4.35020542  -2.260  -3.364  -4.637  -5.898   0
   4.35040045  -2.244  -3.405  -4.707  -5.991   0
   4.35059500  -2.250  -3.460  -4.785  -6.088   0
   4.35074663  -2.240  -3.501  -4.855  -6.180   0
   4.35088730  -2.223  -3.537  -4.918  -6.265   2
   4.35106039  -2.285  -3.524  -4.865  -6.180   0
   4.35113573  -2.279  -3.541  -4.895  -6.220   0
   4.35120058  -2.285  -3.565  -4.929  -6.262   0
   4.35120249  -2.274  -3.558  -4.924  -6.259   0
   4.35127306  -2.280  -3.578  -4.950  -6.290   0
   4.35133076  -2.277  -3.588  -4.967  -6.313   0
   4.35140324  -2.273  -3.600  -4.989  -6.342   0
   4.35146093  -2.269  -3.610  -5.006  -6.365   0
   4.35153341  -2.264  -3.623  -5.028  -6.393   0
   4.35160589  -2.259  -3.635  -5.049  -6.422   0
   4.35167789  -2.254  -3.647  -5.071  -6.451   0
   4.35175037  -2.249  -3.659  -5.092  -6.480   0
   4.35182285  -2.244  -3.672  -5.114  -6.509   0
   4.35189486  -2.238  -3.683  -5.134  -6.536   0
   4.35234404  -2.210  -3.735  -5.229  -6.669   0
   4.35279655  -2.178  -3.786  -5.324  -6.804   0
   4.35325336  -2.143  -3.837  -5.420  -6.941   0
   4.35371447  -2.136  -3.870  -5.475  -7.017   0
   4.35429287  -2.139  -3.883  -5.493  -7.041   0
   4.35487270  -2.142  -3.896  -5.511  -7.064   0
   4.35545349  -2.144  -3.909  -5.529  -7.088   0
   4.35603571  -2.147  -3.922  -5.547  -7.111   0
   4.35661936  -2.150  -3.935  -5.565  -7.134   0
   4.35720491  -2.153  -3.948  -5.583  -7.158   0
   4.35779190  -2.155  -3.961  -5.601  -7.181   0
   4.35838079  -2.158  -3.974  -5.619  -7.204   0
   4.35896349  -2.160  -3.986  -5.636  -7.227   0
   4.35951805  -2.163  -3.998  -5.653  -7.248   0
   4.36004639  -2.165  -4.009  -5.668  -7.269   0
   4.36064911  -2.167  -4.022  -5.686  -7.292   0
   4.36122084  -2.185  -4.036  -5.700  -7.313   2
   4.36176491  -2.205  -4.051  -5.713  -7.333   0
   4.36236763  -2.228  -4.068  -5.728  -7.355   0
   4.36293888  -2.250  -4.084  -5.742  -7.377   0
   4.36348248  -2.272  -4.100  -5.756  -7.397   0
   4.36407232  -2.297  -4.118  -5.771  -7.418   0
   4.36463165  -2.321  -4.136  -5.785  -7.439   0
   4.36522865  -2.348  -4.155  -5.801  -7.461   0
   4.36579466  -2.374  -4.173  -5.816  -7.482   0
   4.36639023  -2.402  -4.193  -5.832  -7.503   0
   4.36699247  -2.431  -4.213  -5.848  -7.525   0
   4.36707926  -2.436  -4.216  -5.851  -7.528   0
