   0.15000001  14.496  13.195  11.720   9.987   0
   0.20000000  13.031  12.078  10.785   9.241   0
   0.25000000  12.348  11.458  10.225   8.755   0
   0.30000001  11.817  10.976   9.789   8.374   0
   0.34999999  11.374  10.574   9.426   8.059   0
   0.40000001  10.875  10.118   9.006   7.689   0
   0.44999999  10.405   9.699   8.631   7.373   0
   0.50000000   9.876   9.238   8.220   7.030   0
   0.55000001   9.218   8.697   7.748   6.650   0
   0.60000002   8.484   8.123   7.252   6.255   0
   0.69999999   7.042   7.024   6.331   5.515   0
   0.80000001   5.933   6.114   5.585   4.902   0
   0.84038723   5.587   5.793   5.309   4.667   0
   0.89999998   5.126   5.350   4.924   4.342   0
   1.00000000   4.508   4.710   4.358   3.867   0
   1.10000002   4.013   4.155   3.869   3.479   0
   1.20000005   3.572   3.626   3.414   3.157   0
   1.29999995   3.186   3.174   3.038   2.906   0
   1.39280629   2.870   2.853   2.779   2.725   0
   1.39999998   2.846   2.831   2.761   2.712   0
   1.46562207   2.625   2.640   2.602   2.590   0
   1.50000000   2.517   2.553   2.529   2.532   0
   1.51685798   2.465   2.512   2.494   2.503   0
   1.60000002   2.222   2.325   2.334   2.365   0
   1.64999998   2.092   2.227   2.248   2.289   0
   1.70000005   1.965   2.132   2.164   2.214   0
   1.75000000   1.849   2.044   2.086   2.143   0
   1.79999995   1.731   1.952   2.002   2.065   0
   1.82180536   1.682   1.914   1.967   2.033   0
   1.89999998   1.507   1.777   1.841   1.915   0
   2.00000000   1.294   1.607   1.681   1.764   0
   2.04349947   1.206   1.536   1.613   1.700   0
   2.20000005   0.895   1.277   1.367   1.465   0
   2.22389412   0.850   1.239   1.330   1.429   0
   2.37165761   0.566   0.990   1.090   1.195   0
   2.49606681   0.327   0.773   0.879   0.989   0
   2.50000000   0.319   0.766   0.872   0.981   0
   2.60766959   0.116   0.576   0.685   0.797   0
   2.70542574  -0.075   0.392   0.504   0.617   0
   2.78909707  -0.246   0.222   0.335   0.447   1
   2.86100459  -0.402   0.062   0.175   0.286   0
   2.92305660  -0.545  -0.090   0.022   0.130   0
   2.97748566  -0.677  -0.235  -0.125  -0.021   0
   3.00000000  -0.736  -0.300  -0.191  -0.090   0
   3.02885509  -0.809  -0.381  -0.273  -0.175   0
   3.05118275  -0.867  -0.446  -0.339  -0.243   0
   3.07219052  -0.924  -0.506  -0.400  -0.305   0
   3.08341789  -0.953  -0.535  -0.429  -0.334   0
   3.09582567  -0.982  -0.556  -0.448  -0.352   3
   3.10333538  -0.995  -0.552  -0.440  -0.340   0
   3.10851312  -0.996  -0.518  -0.399  -0.289   0
   3.11000466  -1.002  -0.495  -0.370  -0.252   0
   3.11083961  -1.020  -0.482  -0.350  -0.224   0
   3.11095405  -1.009  -0.474  -0.343  -0.218   0
   3.11122465  -0.971  -0.466  -0.342  -0.224   0
   3.11156559  -1.048  -0.578  -0.461  -0.353   0
   3.11205769  -1.176  -0.741  -0.631  -0.535   0
   3.11257720  -1.263  -0.863  -0.759  -0.672   0
   3.11323166  -1.339  -0.982  -0.885  -0.810   0
   3.11401033  -1.408  -1.103  -1.015  -0.954   0
   3.11466479  -1.456  -1.200  -1.120  -1.071   0
   3.11537313  -1.500  -1.302  -1.234  -1.199   0
   3.11561632  -1.514  -1.338  -1.274  -1.245   0
   3.11609173  -1.533  -1.406  -1.352  -1.336   0
   3.11657739  -1.544  -1.474  -1.434  -1.433   0
   3.11706257  -1.542  -1.539  -1.516  -1.535   0
   3.11755776  -1.517  -1.590  -1.594  -1.644   0
   3.11805248  -1.465  -1.603  -1.650  -1.757   0
   3.11829734  -1.429  -1.585  -1.663  -1.815   3
   3.11854696  -1.384  -1.534  -1.662  -1.873   0
   3.11879158  -1.328  -1.456  -1.642  -1.930   0
   3.11903620  -1.256  -1.346  -1.602  -1.981   0
   3.11928058  -1.154  -1.202  -1.538  -2.026   0
   3.11952496  -1.003  -1.023  -1.452  -2.054   0
   3.11976433  -0.829  -0.851  -1.359  -2.042   0
   3.12024784  -0.494  -0.550  -1.158  -1.931   0
   3.12045121  -0.400  -0.477  -1.117  -1.916   4
   3.12077618  -0.434  -0.543  -1.224  -2.056   0
   3.12108660  -0.500  -0.644  -1.354  -2.207   0
   3.12163758  -0.585  -0.761  -1.495  -2.367   0
   3.12238455  -0.673  -0.878  -1.635  -2.524   0
   3.12312579  -0.765  -0.994  -1.769  -2.672   0
   3.12389040  -0.844  -1.097  -1.889  -2.804   0
   3.12436032  -0.868  -1.129  -1.928  -2.849   0
   3.13397455  -0.813  -1.047  -1.825  -2.729   0
   3.15506983  -0.771  -0.977  -1.731  -2.618   0
   3.18389010  -0.781  -0.949  -1.669  -2.531   4
   3.19289374  -0.813  -0.967  -1.676  -2.528   0
   3.21190071  -1.059  -1.173  -1.822  -2.628   0
   3.22136879  -1.270  -1.354  -1.947  -2.706   0
   3.22975278  -1.468  -1.530  -2.055  -2.754   0
   3.23485470  -1.615  -1.665  -2.126  -2.762   0
   3.23899007  -1.720  -1.781  -2.182  -2.753   0
   3.24301386  -1.812  -1.889  -2.235  -2.739   0
   3.24748874  -1.893  -1.992  -2.285  -2.722   0
   3.25194645  -1.955  -2.077  -2.325  -2.703   0
   3.25745058  -2.019  -2.164  -2.367  -2.685   0
   3.26320648  -2.075  -2.238  -2.399  -2.668   0
   3.27097440  -2.139  -2.314  -2.433  -2.653   0
   3.28197598  -2.212  -2.384  -2.470  -2.647   0
   3.29196000  -2.261  -2.433  -2.505  -2.664   1
   3.30533171  -2.272  -2.450  -2.557  -2.763   0
   3.31187630  -2.258  -2.431  -2.578  -2.835   0
   3.31521606  -2.232  -2.385  -2.581  -2.894   0
   3.31811690  -2.184  -2.310  -2.567  -2.959   0
   3.32005525  -2.124  -2.223  -2.543  -3.014   0
   3.32135701  -2.063  -2.143  -2.516  -3.054   0
   3.32242227  -1.976  -2.047  -2.481  -3.087   0
   3.32323861  -1.853  -1.929  -2.434  -3.112   0
   3.32396889  -1.705  -1.798  -2.371  -3.115   0
   3.32460499  -1.512  -1.642  -2.285  -3.085   0
   3.32505298  -1.323  -1.488  -2.187  -3.032   0
   3.32532167  -1.187  -1.400  -2.146  -3.026   0
   3.32533431  -1.181  -1.396  -2.145  -3.027   4
   3.32551026  -1.225  -1.507  -2.314  -3.239   0
   3.32557893  -1.290  -1.598  -2.425  -3.364   0
   3.32571197  -1.350  -1.697  -2.549  -3.506   0
   3.32682276  -1.406  -1.811  -2.698  -3.681   0
   3.32716131  -1.453  -1.892  -2.800  -3.797   0
   3.32749987  -1.505  -1.984  -2.917  -3.932   0
   3.32795405  -1.565  -2.093  -3.057  -4.092   0
   3.32842922  -1.602  -2.192  -3.194  -4.257   0
   3.32894707  -1.649  -2.312  -3.352  -4.444   0
   3.32937908  -1.698  -2.425  -3.500  -4.616   0
   3.32981110  -1.725  -2.542  -3.664  -4.815   0
   3.33017445  -1.753  -2.660  -3.830  -5.017   0
   3.33048224  -1.783  -2.777  -3.994  -5.215   0
   3.33071709  -1.744  -2.848  -4.120  -5.386   0
   3.33088374  -1.749  -2.925  -4.233  -5.527   0
   3.33105040  -1.752  -3.012  -4.362  -5.688   0
   3.33119130  -1.679  -3.053  -4.463  -5.837   0
   3.33129811  -1.661  -3.106  -4.553  -5.960   0
   3.33141351  -1.668  -3.176  -4.657  -6.094   0
   3.33152032  -1.596  -3.208  -4.743  -6.231   0
   3.33172941  -1.723  -3.156  -4.598  -5.998   0
   3.33174205  -1.715  -3.147  -4.588  -5.988   1
   3.33177209  -1.680  -3.183  -4.662  -6.096   0
   3.33181477  -1.614  -3.212  -4.740  -6.221   0
   3.33182764  -1.589  -3.224  -4.771  -6.270   0
   3.33188200  -1.581  -3.236  -4.794  -6.303   0
   3.33193517  -1.573  -3.248  -4.817  -6.336   0
   3.33198857  -1.565  -3.260  -4.840  -6.368   0
   3.33204198  -1.556  -3.272  -4.863  -6.401   0
   3.33209538  -1.548  -3.284  -4.886  -6.433   0
   3.33214855  -1.539  -3.295  -4.908  -6.466   0
   3.33220196  -1.530  -3.307  -4.931  -6.498   0
   3.33225536  -1.521  -3.319  -4.954  -6.531   0
   3.33230877  -1.515  -3.325  -4.966  -6.549   0
   3.33236194  -1.510  -3.330  -4.977  -6.565   0
   3.33241534  -1.508  -3.336  -4.987  -6.579   0
   3.33246875  -1.510  -3.343  -4.997  -6.592   0
   3.33252215  -1.512  -3.351  -5.007  -6.605   0
   3.33257556  -1.513  -3.358  -5.017  -6.618   0
   3.33266926  -1.514  -3.365  -5.028  -6.632   0
   3.33287311  -1.524  -3.378  -5.043  -6.654   2
   3.33307743  -1.540  -3.391  -5.055  -6.675   0
   3.33328223  -1.556  -3.404  -5.068  -6.696   0
   3.33348680  -1.574  -3.418  -5.081  -6.717   0
   3.33369231  -1.592  -3.431  -5.094  -6.738   0
   3.33389854  -1.610  -3.445  -5.107  -6.758   0
   3.33410597  -1.629  -3.460  -5.120  -6.778   0
   3.33431435  -1.649  -3.474  -5.133  -6.798   0
   3.33452439  -1.670  -3.490  -5.146  -6.819   0
   3.33478951  -1.697  -3.510  -5.164  -6.844   0
   3.33505821  -1.725  -3.531  -5.182  -6.870   0
   3.33533120  -1.755  -3.552  -5.200  -6.896   0
   3.33560920  -1.787  -3.575  -5.219  -6.923   0
   3.33588743  -1.820  -3.599  -5.238  -6.949   0
   3.33615589  -1.854  -3.622  -5.257  -6.975   0
   3.33641076  -1.887  -3.645  -5.276  -7.000   0
   3.33670092  -1.926  -3.672  -5.297  -7.028   0
   3.33697510  -1.964  -3.699  -5.318  -7.055   0
   3.33723545  -2.001  -3.724  -5.338  -7.080   0
   3.33752298  -2.044  -3.753  -5.360  -7.108   0
   3.33779240  -2.085  -3.782  -5.381  -7.134   0
   3.33806849  -2.129  -3.811  -5.403  -7.160   0
   3.33836293  -2.179  -3.843  -5.426  -7.187   0
   3.33849835  -2.204  -3.857  -5.434  -7.196   0
   3.33857036  -2.220  -3.865  -5.437  -7.198   3
   3.33860970  -2.231  -3.869  -5.436  -7.196   0
   3.33863115  -2.226  -3.862  -5.428  -7.189   0
   3.33864260  -2.219  -3.854  -5.420  -7.181   0
   3.33864832  -2.211  -3.846  -5.412  -7.173   0
   3.33865190  -2.204  -3.838  -5.404  -7.166   0
   3.33865571  -2.194  -3.827  -5.392  -7.155   0
   3.33865952  -2.178  -3.809  -5.374  -7.138   0
   3.33866310  -2.159  -3.789  -5.353  -7.118   0
   3.33866692  -2.138  -3.767  -5.330  -7.096   0
   3.33867145  -2.115  -3.742  -5.305  -7.072   0
