   0.15000001  14.410  13.134  11.672   9.952   0
   0.20000000  12.950  12.004  10.717   9.181   0
   0.25000000  12.257  11.373  10.146   8.683   0
   0.30000001  11.720  10.885   9.705   8.298   0
   0.34999999  11.272  10.480   9.338   7.980   0
   0.40000001  10.787  10.036   8.931   7.624   0
   0.44999999  10.300   9.603   8.544   7.298   0
   0.50000000   9.710   9.096   8.094   6.925   0
   0.55000001   8.954   8.481   7.559   6.498   0
   0.60000002   8.087   7.817   6.987   6.042   0
   0.60711938   7.960   7.721   6.907   5.977   0
   0.63925391   7.394   7.292   6.548   5.686   0
   0.66729289   6.936   6.934   6.252   5.443   0
   0.69238496   6.537   6.617   5.991   5.229   0
   0.69999999   6.427   6.525   5.915   5.165   0
   0.70406705   6.370   6.475   5.873   5.131   0
   0.72562492   6.062   6.210   5.652   4.944   0
   0.74540591   5.785   5.969   5.446   4.767   0
   0.76376623   5.552   5.748   5.254   4.602   0
   0.78108758   5.329   5.535   5.067   4.440   0
   0.79805321   5.106   5.321   4.877   4.273   0
   0.80000001   5.080   5.295   4.855   4.253   0
   0.80845428   4.973   5.187   4.757   4.166   0
   0.82804722   4.713   4.918   4.510   3.946   0
   0.83937919   4.559   4.757   4.360   3.810   0
   0.85135639   4.383   4.573   4.189   3.654   0
   0.86229318   4.216   4.398   4.025   3.502   0
   0.86562705   4.163   4.343   3.972   3.453   0
   0.86645377   4.150   4.329   3.959   3.441   0
   0.87091076   4.077   4.252   3.885   3.370   0
   0.87477380   4.012   4.183   3.818   3.306   1
   0.88854074   3.753   3.911   3.545   3.030   0
   0.89560610   3.605   3.757   3.376   2.841   0
   0.89999998   3.505   3.656   3.253   2.690   0
   0.90044874   3.495   3.645   3.240   2.675   0
   0.90360087   3.444   3.587   3.146   2.538   0
   0.90576696   3.459   3.591   3.101   2.440   0
   0.90747422   3.543   3.639   3.089   2.375   0
   0.90916944   3.589   3.643   3.037   2.274   0
   0.91045034   3.535   3.554   2.916   2.127   0
   0.91129214   3.451   3.452   2.800   1.999   0
   0.91225439   3.316   3.301   2.637   1.826   0
   0.91302729   3.185   3.158   2.486   1.667   0
   0.91370893   3.052   3.015   2.335   1.509   0
   0.91435260   2.916   2.869   2.181   1.349   0
   0.91489482   2.780   2.724   2.030   1.192   0
   0.91539901   2.653   2.584   1.881   1.037   0
   0.91583031   2.531   2.446   1.736   0.884   0
   0.91623157   2.411   2.309   1.589   0.730   0
   0.91660029   2.286   2.168   1.439   0.572   0
   0.91692609   2.164   2.030   1.290   0.415   0
   0.91720712   2.046   1.894   1.144   0.260   0
   0.91746402   1.927   1.758   0.996   0.102   0
   0.91770160   1.806   1.620   0.846  -0.057   0
   0.91791183   1.686   1.483   0.697  -0.214   0
   0.91809982   1.577   1.352   0.552  -0.371   0
   0.91826701   1.469   1.224   0.410  -0.523   0
   0.91846406   1.364   1.094   0.267  -0.677   0
   0.91852134   1.349   1.076   0.246  -0.699   0
   0.91864288   1.425   1.180   0.366  -0.566   1
   0.91875148   1.330   1.059   0.231  -0.713   0
   0.91888547   1.225   0.922   0.076  -0.882   0
   0.91900080   1.129   0.797  -0.065  -1.035   0
   0.91911477   1.031   0.666  -0.216  -1.201   0
   0.91921198   0.939   0.540  -0.361  -1.359   0
   0.91929597   0.853   0.418  -0.503  -1.516   0
   0.91936564   0.780   0.308  -0.637  -1.666   0
   0.91943455   0.694   0.187  -0.778  -1.822   0
   0.91949487   0.630   0.078  -0.913  -1.975   0
   0.91954726   0.571  -0.026  -1.039  -2.119   0
   0.91959465   0.513  -0.136  -1.176  -2.276   0
   0.91963798   0.452  -0.245  -1.309  -2.427   0
   0.91967547   0.414  -0.337  -1.430  -2.569   0
   0.91971099   0.373  -0.437  -1.560  -2.721   0
   0.91974157   0.335  -0.531  -1.684  -2.867   0
   0.91977084   0.304  -0.625  -1.809  -3.017   0
   0.91979593   0.289  -0.706  -1.922  -3.156   0
   0.91981936   0.276  -0.789  -2.040  -3.301   0
   0.91984010   0.274  -0.862  -2.149  -3.439   0
   0.91985911   0.288  -0.929  -2.256  -3.579   0
   0.91987789   0.300  -0.999  -2.368  -3.722   0
   0.91989356   0.275  -1.089  -2.489  -3.869   0
   0.91990983   0.287  -1.153  -2.591  -4.005   0
   0.91991287   0.288  -1.169  -2.616  -4.038   2
   0.91991287   1.340   1.279   0.643  -0.153   1
   0.92000508   1.324   1.258   0.614  -0.187   0
   0.92013162   1.313   1.244   0.597  -0.207   0
   0.92019320   1.308   1.238   0.591  -0.213   0
   0.92026377   1.304   1.234   0.587  -0.217   0
   0.92040217   1.296   1.228   0.584  -0.217   0
   0.92054677   1.287   1.223   0.584  -0.213   0
   0.92069584   1.278   1.218   0.584  -0.209   0
   0.92084825   1.271   1.213   0.583  -0.207   0
   0.92100435   1.265   1.208   0.581  -0.207   0
   0.92116153   1.257   1.202   0.578  -0.208   0
   0.92131716   1.251   1.197   0.574  -0.211   0
   0.92147142   1.244   1.190   0.569  -0.215   0
   0.92151934   1.242   1.189   0.567  -0.217   0
   0.92162621   1.238   1.184   0.562  -0.222   0
   0.92178470   1.232   1.176   0.552  -0.233   0
   0.92194664   1.223   1.165   0.539  -0.248   0
   0.92211890   1.213   1.152   0.521  -0.269   0
   0.92230111   1.201   1.133   0.496  -0.300   0
   0.92258823   1.177   1.098   0.449  -0.357   0
   0.92265499   1.163   1.081   0.428  -0.381   0
   0.92274952   1.145   1.055   0.393  -0.423   0
   0.92298073   1.091   0.981   0.295  -0.541   0
   0.92301309   1.063   0.932   0.230  -0.618   0
   0.92303425   0.999   0.838   0.114  -0.751   0
   0.92304051   0.952   0.768   0.025  -0.853   0
   0.92304534   0.851   0.621  -0.159  -1.065   0
   0.92304772   0.770   0.500  -0.314  -1.245   0
   0.92304963   0.698   0.393  -0.443  -1.391   0
   0.92305195   0.633   0.289  -0.570  -1.534   0
   0.92305583   0.593   0.224  -0.650  -1.625   0
   0.92306685   0.650   0.323  -0.525  -1.482   0
   0.92307520   0.661   0.343  -0.500  -1.452   1
   0.92312199   0.590   0.222  -0.650  -1.625   0
   0.92314231   0.529   0.114  -0.787  -1.782   0
   0.92316264   0.451  -0.028  -0.969  -1.993   0
   0.92318296   0.382  -0.169  -1.156  -2.211   0
   0.92319912   0.336  -0.287  -1.311  -2.395   0
   0.92321062   0.305  -0.379  -1.435  -2.543   0
   0.92322123   0.287  -0.486  -1.589  -2.731   0
   0.92322809   0.252  -0.578  -1.711  -2.876   0
   0.92323375   0.257  -0.649  -1.822  -3.017   0
   0.92323893   0.243  -0.730  -1.935  -3.157   0
   0.92324382   0.232  -0.808  -2.046  -3.295   0
   0.92324924   0.248  -0.872  -2.151  -3.433   0
   0.92325437   0.286  -0.924  -2.248  -3.565   0
   0.92325723   0.309  -0.993  -2.363  -3.717   0
   0.92325783   0.316  -1.016  -2.401  -3.767   0
   0.92325866   0.320  -1.029  -2.423  -3.797   0
   0.92325956   0.325  -1.042  -2.444  -3.826   0
   0.92326045   0.329  -1.055  -2.466  -3.855   0
   0.92326134   0.333  -1.068  -2.487  -3.884   0
   0.92326218   0.338  -1.081  -2.508  -3.913   0
   0.92326307   0.343  -1.093  -2.530  -3.942   0
   0.92326397   0.348  -1.106  -2.551  -3.971   0
   0.92326486   0.354  -1.117  -2.572  -4.000   0
   0.92326576   0.360  -1.129  -2.592  -4.030   0
   0.92326659   0.367  -1.140  -2.613  -4.059   0
   0.92326748   0.374  -1.151  -2.633  -4.088   0
   0.92326838   0.381  -1.162  -2.654  -4.117   0
   0.92326927   0.388  -1.173  -2.674  -4.146   0
   0.92326993   0.393  -1.181  -2.691  -4.170   0
   0.92327082   0.401  -1.192  -2.711  -4.199   0
   0.92327172   0.408  -1.203  -2.732  -4.229   0
   0.92327261   0.416  -1.214  -2.752  -4.258   0
   0.92327344   0.424  -1.225  -2.773  -4.288   0
   0.92327416   0.430  -1.233  -2.789  -4.311   0
   0.92327505   0.438  -1.244  -2.810  -4.340   0
   0.92327595   0.446  -1.254  -2.830  -4.370   0
   0.92327684   0.455  -1.264  -2.850  -4.398   0
   0.92327768   0.463  -1.273  -2.869  -4.425   0
   0.92327857   0.471  -1.282  -2.887  -4.452   0
   0.92327929   0.479  -1.291  -2.905  -4.478   0
   0.92328000   0.487  -1.300  -2.923  -4.504   0
   0.92328060   0.488  -1.305  -2.933  -4.524   0
   0.92328131   0.488  -1.311  -2.943  -4.547   0
   0.92328191   0.487  -1.315  -2.952  -4.566   0
   0.92328262   0.485  -1.322  -2.963  -4.590   0
   0.92328340   0.483  -1.328  -2.974  -4.614   0
   0.92328411   0.481  -1.335  -2.985  -4.638   0
   0.92328483   0.480  -1.338  -2.992  -4.656   0
   0.92328674   0.478  -1.345  -3.004  -4.682   0
   0.92328846   0.475  -1.351  -3.015  -4.707   0
   0.92329025   0.471  -1.358  -3.026  -4.733   2
   0.92329198   0.454  -1.373  -3.041  -4.759   0
   0.92329377   0.428  -1.392  -3.059  -4.786   0
   0.92329550   0.399  -1.413  -3.077  -4.814   0
   0.92329729   0.369  -1.435  -3.095  -4.842   0
   0.92329907   0.336  -1.458  -3.115  -4.870   0
   0.92330080   0.301  -1.483  -3.135  -4.899   0
   0.92330259   0.263  -1.509  -3.156  -4.929   0
   0.92330432   0.223  -1.537  -3.178  -4.959   0
   0.92330611   0.180  -1.566  -3.201  -4.989   0
   0.92330784   0.134  -1.597  -3.225  -5.020   0
   0.92330945   0.085  -1.630  -3.250  -5.051   0
   0.92331070   0.046  -1.656  -3.269  -5.075   0
