   0.15000001  14.449  13.161  11.694   9.968   0
   0.20000000  12.986  12.037  10.748   9.208   0
   0.25000000  12.298  11.411  10.182   8.716   0
   0.30000001  11.764  10.926   9.743   8.333   0
   0.34999999  11.318  10.523   9.378   8.016   0
   0.40000001  10.817  10.064   8.956   7.644   0
   0.44999999  10.342   9.641   8.578   7.327   0
   0.50000000   9.779   9.154   8.145   6.966   0
   0.55000001   9.069   8.573   7.638   6.560   0
   0.60000002   8.269   7.954   7.105   6.134   0
   0.60228676   8.228   7.924   7.078   6.114   0
   0.65729672   7.325   7.241   6.506   5.654   0
   0.69999999   6.712   6.759   6.111   5.331   0
   0.71444255   6.513   6.600   5.979   5.222   0
   0.74993634   6.074   6.226   5.670   4.964   0
   0.78069222   5.721   5.914   5.406   4.743   0
   0.80000001   5.519   5.724   5.244   4.605   0
   0.82155764   5.299   5.515   5.061   4.447   0
   0.84585184   5.061   5.281   4.853   4.268   0
   0.86791021   4.855   5.069   4.663   4.102   0
   0.88835251   4.662   4.870   4.483   3.945   0
   0.89999998   4.551   4.755   4.378   3.853   0
   0.91762286   4.385   4.578   4.219   3.715   0
   0.93917632   4.180   4.354   4.014   3.539   0
   0.96193033   3.952   4.105   3.786   3.341   0
   0.97328526   3.837   3.980   3.670   3.239   0
   0.98360944   3.729   3.861   3.560   3.142   0
   0.99456537   3.615   3.734   3.441   3.036   0
   0.99767083   3.581   3.697   3.406   3.005   0
   0.99959922   3.559   3.673   3.383   2.983   0
   1.00000000   3.555   3.668   3.379   2.979   0
   1.00562274   3.491   3.597   3.313   2.920   0
   1.01134825   3.422   3.521   3.241   2.855   0
   1.03016901   3.175   3.255   2.981   2.606   1
   1.04032040   3.022   3.103   2.820   2.426   0
   1.04710937   2.912   3.000   2.697   2.271   0
   1.05145931   2.843   2.946   2.614   2.144   0
   1.05441046   2.813   2.928   2.561   2.041   0
   1.05665529   2.814   2.939   2.532   1.961   0
   1.05848753   2.865   2.986   2.531   1.908   3
   1.06050670   2.967   3.071   2.554   1.867   0
   1.06245232   3.076   3.145   2.566   1.823   0
   1.06315458   3.102   3.155   2.556   1.796   0
   1.06486249   3.075   3.090   2.458   1.671   0
   1.06637418   2.984   2.976   2.323   1.520   0
   1.06762266   2.859   2.835   2.170   1.357   0
   1.06878352   2.719   2.684   2.009   1.187   0
   1.06981802   2.578   2.532   1.849   1.020   0
   1.07069027   2.442   2.386   1.695   0.859   0
   1.07151639   2.310   2.239   1.539   0.696   0
   1.07224941   2.180   2.090   1.380   0.528   0
   1.07289815   2.051   1.943   1.223   0.363   0
   1.07348084   1.923   1.798   1.067   0.198   0
   1.07399440   1.800   1.656   0.913   0.034   0
   1.07446110   1.674   1.512   0.757  -0.131   0
   1.07487321   1.548   1.368   0.601  -0.296   0
   1.07524943   1.427   1.225   0.444  -0.464   0
   1.07562006   1.295   1.070   0.272  -0.649   0
   1.07594419   1.173   0.924   0.109  -0.824   0
   1.07634461   1.067   0.791  -0.040  -0.985   0
   1.07658088   1.156   0.910   0.098  -0.833   1
   1.07679534   1.060   0.789  -0.037  -0.979   0
   1.07700706   0.964   0.664  -0.179  -1.134   0
   1.07720256   0.873   0.543  -0.317  -1.285   0
   1.07739270   0.778   0.414  -0.465  -1.448   0
   1.07755792   0.692   0.293  -0.606  -1.603   0
   1.07769978   0.612   0.178  -0.742  -1.754   0
   1.07783782   0.527   0.054  -0.889  -1.916   0
   1.07795584   0.449  -0.060  -1.026  -2.070   0
   1.07805800   0.384  -0.167  -1.156  -2.217   0
   1.07815588   0.322  -0.277  -1.291  -2.371   0
   1.07823598   0.275  -0.374  -1.414  -2.513   0
   1.07831049   0.229  -0.470  -1.535  -2.652   0
   1.07838500   0.182  -0.574  -1.669  -2.808   0
   1.07844758   0.142  -0.675  -1.801  -2.964   0
   1.07850134   0.113  -0.763  -1.920  -3.106   0
   1.07854927   0.090  -0.844  -2.031  -3.239   0
   1.07859445   0.067  -0.927  -2.144  -3.377   0
   1.07863367   0.054  -1.002  -2.248  -3.505   0
   1.07867062   0.067  -1.067  -2.353  -3.641   0
   1.07870662   0.084  -1.130  -2.456  -3.776   0
   1.07873595   0.093  -1.190  -2.551  -3.898   0
   1.07876587   0.067  -1.266  -2.651  -4.017   2
   1.07876587   1.265   1.201   0.551  -0.254   1
   1.07902372   1.248   1.175   0.515  -0.299   0
   1.07933986   1.235   1.158   0.494  -0.324   0
   1.07947576   1.229   1.151   0.486  -0.332   0
   1.07965469   1.222   1.144   0.480  -0.337   0
   1.07996845   1.211   1.135   0.473  -0.343   0
   1.08029616   1.199   1.126   0.467  -0.345   0
   1.08063149   1.188   1.116   0.461  -0.349   0
   1.08098006   1.177   1.106   0.454  -0.354   0
   1.08133817   1.165   1.096   0.446  -0.360   0
   1.08169281   1.156   1.087   0.439  -0.366   0
   1.08204019   1.146   1.079   0.431  -0.373   0
   1.08238769   1.137   1.070   0.423  -0.381   0
   1.08256114   1.133   1.065   0.418  -0.385   0
   1.08274162   1.128   1.060   0.413  -0.390   0
   1.08309650   1.118   1.049   0.402  -0.402   0
   1.08345652   1.108   1.037   0.388  -0.418   0
   1.08383441   1.096   1.022   0.370  -0.438   0
   1.08425736   1.080   1.002   0.344  -0.469   0
   1.08469319   1.062   0.975   0.309  -0.511   0
   1.08491743   1.044   0.951   0.278  -0.547   0
   1.08517098   1.020   0.922   0.241  -0.589   0
   1.08594000   0.962   0.837   0.135  -0.713   0
   1.08599889   0.937   0.794   0.079  -0.779   0
   1.08604372   0.879   0.705  -0.035  -0.911   0
   1.08605719   0.826   0.633  -0.121  -1.009   0
   1.08606780   0.725   0.493  -0.293  -1.203   0
   1.08607209   0.647   0.388  -0.418  -1.345   0
   1.08607674   0.577   0.283  -0.548  -1.493   0
   1.08608246   0.525   0.203  -0.645  -1.602   0
   1.08608663   0.491   0.150  -0.707  -1.672   0
   1.08612478   0.545   0.236  -0.604  -1.555   0
   1.08613467   0.559   0.258  -0.578  -1.526   1
   1.08621740   0.479   0.133  -0.727  -1.694   0
   1.08627284   0.389  -0.015  -0.910  -1.902   0
   1.08630979   0.311  -0.148  -1.077  -2.092   0
   1.08633089   0.249  -0.254  -1.211  -2.246   0
   1.08635199   0.190  -0.363  -1.352  -2.409   0
   1.08637381   0.155  -0.461  -1.482  -2.564   0
   1.08639419   0.121  -0.556  -1.608  -2.713   0
   1.08641362   0.095  -0.662  -1.756  -2.893   0
   1.08642650   0.061  -0.756  -1.881  -3.041   0
   1.08643675   0.053  -0.826  -1.985  -3.169   0
   1.08644676   0.042  -0.906  -2.099  -3.311   0
   1.08645618   0.030  -0.986  -2.213  -3.453   0
   1.08646548   0.033  -1.054  -2.316  -3.585   0
   1.08647466   0.059  -1.106  -2.408  -3.708   0
   1.08647907   0.077  -1.130  -2.452  -3.768   0
   1.08648074   0.081  -1.155  -2.492  -3.821   0
   1.08648276   0.084  -1.172  -2.519  -3.855   0
   1.08648479   0.086  -1.189  -2.546  -3.889   0
   1.08648682   0.090  -1.207  -2.574  -3.926   0
   1.08648896   0.093  -1.225  -2.603  -3.963   0
   1.08649099   0.098  -1.242  -2.630  -4.000   0
   1.08649302   0.103  -1.258  -2.656  -4.035   0
   1.08649504   0.108  -1.274  -2.683  -4.072   0
   1.08649671   0.112  -1.286  -2.704  -4.100   0
   1.08649874   0.118  -1.302  -2.730  -4.136   0
   1.08650076   0.124  -1.318  -2.757  -4.172   0
   1.08650279   0.130  -1.333  -2.783  -4.208   0
   1.08650482   0.138  -1.347  -2.808  -4.244   0
   1.08650684   0.146  -1.361  -2.833  -4.280   0
   1.08650899   0.154  -1.375  -2.859  -4.316   0
   1.08651102   0.162  -1.388  -2.884  -4.351   0
   1.08651292   0.170  -1.401  -2.909  -4.386   0
   1.08651483   0.178  -1.414  -2.932  -4.419   0
   1.08651662   0.186  -1.426  -2.954  -4.452   0
   1.08651853   0.195  -1.438  -2.977  -4.484   0
   1.08651996   0.201  -1.447  -2.995  -4.510   0
   1.08652186   0.210  -1.459  -3.018  -4.543   0
   1.08652377   0.219  -1.471  -3.041  -4.575   0
   1.08652556   0.228  -1.482  -3.063  -4.608   0
   1.08652747   0.237  -1.494  -3.086  -4.641   0
   1.08652925   0.246  -1.505  -3.108  -4.673   0
   1.08653116   0.256  -1.517  -3.131  -4.705   0
   1.08653307   0.262  -1.526  -3.151  -4.737   0
   1.08653593   0.262  -1.533  -3.164  -4.767   0
   1.08654058   0.262  -1.539  -3.177  -4.796   0
   1.08654523   0.262  -1.546  -3.190  -4.826   0
   1.08654988   0.260  -1.554  -3.204  -4.857   0
   1.08655453   0.257  -1.561  -3.217  -4.886   0
   1.08655894   0.254  -1.569  -3.230  -4.915   0
   1.08656335   0.250  -1.577  -3.243  -4.944   0
   1.08656776   0.241  -1.588  -3.258  -4.974   2
   1.08657229   0.210  -1.611  -3.278  -5.006   0
   1.08657670   0.177  -1.635  -3.299  -5.039   0
   1.08658111   0.142  -1.661  -3.321  -5.071   0
   1.08658540   0.105  -1.687  -3.344  -5.104   0
   1.08658969   0.064  -1.716  -3.367  -5.137   0
   1.08659399   0.020  -1.747  -3.392  -5.172   0
   1.08659816  -0.028  -1.780  -3.419  -5.207   0
   1.08660245  -0.080  -1.816  -3.446  -5.243   0
   1.08660662  -0.134  -1.853  -3.475  -5.280   0
   1.08661079  -0.193  -1.892  -3.505  -5.317   0
   1.08661485  -0.256  -1.934  -3.536  -5.355   0
   1.08661890  -0.325  -1.980  -3.569  -5.394   0
   1.08662295  -0.374  -2.002  -3.582  -5.427   0
   1.08662713  -0.411  -2.010  -3.583  -5.455   0
   1.08662915  -0.429  -2.013  -3.583  -5.470   0
