   0.15000001  14.420  13.141  11.677   9.956   0
   0.20000000  12.959  12.012  10.725   9.188   0
   0.25000000  12.267  11.383  10.155   8.691   0
   0.30000001  11.731  10.895   9.714   8.307   0
   0.34999999  11.283  10.491   9.348   7.989   0
   0.40000001  10.795  10.043   8.937   7.629   0
   0.44999999  10.310   9.612   8.552   7.304   0
   0.50000000   9.727   9.110   8.107   6.935   0
   0.55000001   8.982   8.503   7.578   6.513   0
   0.60000002   8.132   7.851   7.017   6.065   0
   0.62488109   7.697   7.522   6.740   5.842   0
   0.65795571   7.144   7.099   6.388   5.556   0
   0.68681502   6.697   6.745   6.097   5.317   0
   0.69999999   6.498   6.586   5.966   5.209   0
   0.72373629   6.172   6.306   5.733   5.013   0
   0.74589640   5.868   6.044   5.513   4.827   0
   0.76622999   5.617   5.811   5.311   4.654   0
   0.78510320   5.387   5.593   5.121   4.490   0
   0.80000001   5.205   5.419   4.968   4.357   0
   0.81318837   5.045   5.262   4.828   4.234   0
   0.83104628   4.834   5.044   4.629   4.058   0
   0.85118669   4.580   4.781   4.388   3.842   0
   0.86283535   4.429   4.623   4.242   3.710   0
   0.87514728   4.261   4.447   4.078   3.560   0
   0.88638967   4.103   4.280   3.920   3.415   0
   0.88981670   4.055   4.228   3.871   3.369   0
   0.89066648   4.043   4.214   3.858   3.358   0
   0.89560646   3.968   4.135   3.781   3.285   0
   0.89988458   3.902   4.064   3.712   3.218   0
   0.89999998   3.900   4.062   3.711   3.217   1
   0.90142232   3.877   4.038   3.687   3.194   0
   0.91507387   3.634   3.782   3.433   2.941   0
   0.92266411   3.484   3.629   3.267   2.756   0
   0.92805064   3.374   3.517   3.130   2.586   0
   0.93148714   3.314   3.459   3.036   2.448   0
   0.93384731   3.331   3.463   2.990   2.347   0
   0.93570685   3.410   3.514   2.982   2.282   0
   0.93755269   3.484   3.548   2.954   2.199   0
   0.93894702   3.455   3.481   2.850   2.066   0
   0.93986309   3.386   3.390   2.743   1.945   0
   0.94091910   3.255   3.242   2.582   1.773   0
   0.94176716   3.125   3.101   2.431   1.615   0
   0.94251484   2.992   2.957   2.279   1.456   0
   0.94322091   2.854   2.808   2.123   1.293   0
   0.94381553   2.719   2.665   1.973   1.136   0
   0.94436848   2.591   2.524   1.823   0.980   0
   0.94484138   2.470   2.387   1.678   0.828   0
   0.94528133   2.350   2.250   1.532   0.674   0
   0.94568557   2.224   2.107   1.379   0.513   0
   0.94604278   2.102   1.969   1.230   0.356   0
   0.94635075   1.985   1.834   1.084   0.201   0
   0.94663244   1.867   1.698   0.937   0.044   0
   0.94689280   1.745   1.560   0.786  -0.116   0
   0.94712323   1.627   1.423   0.638  -0.273   0
   0.94732928   1.517   1.292   0.493  -0.430   0
   0.94751251   1.411   1.166   0.353  -0.580   0
   0.94772846   1.310   1.042   0.215  -0.727   0
   0.94779122   1.292   1.019   0.190  -0.755   0
   0.94793200   1.370   1.125   0.312  -0.619   1
   0.94805306   1.278   1.009   0.181  -0.762   0
   0.94820237   1.174   0.873   0.029  -0.928   0
   0.94833082   1.079   0.749  -0.113  -1.082   0
   0.94845784   0.980   0.616  -0.265  -1.249   0
   0.94856614   0.889   0.491  -0.408  -1.406   0
   0.94865972   0.804   0.370  -0.550  -1.562   0
   0.94873738   0.731   0.261  -0.682  -1.710   0
   0.94881415   0.647   0.141  -0.823  -1.866   0
   0.94888133   0.582   0.032  -0.957  -2.018   0
   0.94893968   0.524  -0.071  -1.083  -2.162   0
   0.94899249   0.468  -0.178  -1.217  -2.316   0
   0.94904077   0.409  -0.286  -1.350  -2.467   0
   0.94908255   0.369  -0.379  -1.470  -2.607   0
   0.94912213   0.329  -0.476  -1.597  -2.756   0
   0.94915622   0.293  -0.568  -1.719  -2.899   0
   0.94918883   0.262  -0.661  -1.842  -3.046   0
   0.94921678   0.243  -0.742  -1.953  -3.183   0
   0.94924289   0.230  -0.822  -2.067  -3.324   0
   0.94926596   0.226  -0.895  -2.174  -3.458   0
   0.94928718   0.240  -0.959  -2.277  -3.593   0
   0.94930804   0.259  -1.023  -2.383  -3.730   0
   0.94932556   0.229  -1.112  -2.502  -3.873   0
   0.94934368   0.236  -1.179  -2.605  -4.007   0
   0.94934708   0.236  -1.194  -2.628  -4.037   2
   0.94934708   1.327   1.265   0.625  -0.173   1
   0.94945604   1.312   1.242   0.593  -0.212   0
   0.94960552   1.299   1.227   0.574  -0.234   0
   0.94967830   1.294   1.221   0.568  -0.241   0
   0.94976157   1.289   1.217   0.564  -0.244   0
   0.94992501   1.281   1.210   0.561  -0.245   0
   0.95009565   1.272   1.204   0.560  -0.242   0
   0.95027161   1.263   1.199   0.558  -0.240   0
   0.95045149   1.256   1.193   0.556  -0.239   0
   0.95063573   1.248   1.187   0.553  -0.240   0
   0.95082116   1.240   1.181   0.549  -0.242   0
   0.95100486   1.233   1.174   0.544  -0.246   0
   0.95118678   1.225   1.167   0.538  -0.251   0
   0.95124340   1.222   1.165   0.536  -0.253   0
   0.95136905   1.218   1.160   0.531  -0.258   0
   0.95155531   1.211   1.152   0.521  -0.269   0
   0.95174563   1.203   1.141   0.508  -0.285   0
   0.95194811   1.193   1.127   0.490  -0.306   0
   0.95216227   1.179   1.108   0.464  -0.337   0
   0.95249957   1.150   1.067   0.410  -0.402   0
   0.95257801   1.137   1.050   0.389  -0.426   0
   0.95268911   1.118   1.024   0.355  -0.467   0
   0.95296067   1.068   0.954   0.264  -0.574   0
   0.95299876   1.043   0.908   0.201  -0.650   0
   0.95302361   0.978   0.814   0.085  -0.783   0
   0.95303094   0.930   0.743  -0.004  -0.885   0
   0.95303661   0.828   0.596  -0.186  -1.094   0
   0.95303917   0.748   0.481  -0.332  -1.262   0
   0.95304126   0.683   0.383  -0.451  -1.397   0
   0.95304376   0.623   0.287  -0.568  -1.529   0
   0.95304793   0.576   0.214  -0.656  -1.629   0
   0.95306098   0.629   0.304  -0.544  -1.500   0
   0.95307094   0.646   0.332  -0.510  -1.462   1
   0.95312405   0.572   0.209  -0.662  -1.635   0
   0.95314711   0.512   0.104  -0.793  -1.786   0
   0.95317018   0.435  -0.034  -0.968  -1.987   0
   0.95319325   0.354  -0.190  -1.172  -2.225   0
   0.95321155   0.308  -0.315  -1.338  -2.422   0
   0.95322466   0.272  -0.411  -1.467  -2.575   0
   0.95323670   0.252  -0.516  -1.616  -2.758   0
   0.95324451   0.218  -0.609  -1.739  -2.903   0
   0.95325089   0.220  -0.682  -1.852  -3.045   0
   0.95325685   0.206  -0.762  -1.965  -3.185   0
   0.95326233   0.195  -0.839  -2.075  -3.322   0
   0.95326847   0.209  -0.908  -2.185  -3.465   0
   0.95327437   0.254  -0.957  -2.281  -3.600   0
   0.95327759   0.265  -1.042  -2.413  -3.769   0
   0.95327824   0.276  -1.066  -2.456  -3.826   0
   0.95327932   0.281  -1.080  -2.479  -3.858   0
   0.95328039   0.285  -1.094  -2.502  -3.889   0
   0.95328146   0.290  -1.107  -2.525  -3.920   0
   0.95328254   0.295  -1.121  -2.548  -3.951   0
   0.95328361   0.300  -1.135  -2.571  -3.983   0
   0.95328468   0.305  -1.148  -2.593  -4.014   0
   0.95328575   0.312  -1.161  -2.616  -4.045   0
   0.95328683   0.319  -1.173  -2.638  -4.076   0
   0.95328790   0.326  -1.185  -2.660  -4.108   0
   0.95328897   0.333  -1.196  -2.682  -4.139   0
   0.95329005   0.340  -1.208  -2.704  -4.170   0
   0.95329112   0.348  -1.220  -2.725  -4.201   0
   0.95329219   0.356  -1.232  -2.747  -4.233   0
   0.95329303   0.362  -1.241  -2.766  -4.259   0
   0.95329410   0.371  -1.253  -2.789  -4.292   0
   0.95329517   0.379  -1.265  -2.812  -4.325   0
   0.95329624   0.388  -1.277  -2.834  -4.357   0
   0.95329732   0.397  -1.289  -2.857  -4.390   0
   0.95329821   0.404  -1.298  -2.875  -4.416   0
   0.95329928   0.414  -1.310  -2.898  -4.449   0
   0.95330036   0.423  -1.321  -2.921  -4.481   0
   0.95330143   0.432  -1.331  -2.941  -4.510   0
   0.95330250   0.441  -1.338  -2.956  -4.534   0
   0.95330352   0.445  -1.344  -2.969  -4.554   0
   0.95330441   0.446  -1.349  -2.977  -4.573   0
   0.95330530   0.445  -1.353  -2.986  -4.592   0
   0.95330602   0.445  -1.356  -2.993  -4.607   0
   0.95330691   0.444  -1.361  -3.001  -4.625   0
   0.95330763   0.443  -1.365  -3.008  -4.640   0
   0.95330852   0.442  -1.370  -3.016  -4.659   0
   0.95330942   0.440  -1.375  -3.025  -4.678   0
   0.95331031   0.438  -1.380  -3.034  -4.696   0
   0.95331120   0.437  -1.383  -3.040  -4.712   0
   0.95331347   0.434  -1.390  -3.052  -4.739   0
   0.95331562   0.430  -1.398  -3.064  -4.766   0
   0.95331776   0.421  -1.408  -3.077  -4.792   2
   0.95331991   0.394  -1.428  -3.095  -4.820   0
   0.95332205   0.365  -1.449  -3.114  -4.849   0
   0.95332420   0.334  -1.472  -3.133  -4.879   0
   0.95332634   0.300  -1.496  -3.154  -4.909   0
   0.95332855   0.263  -1.522  -3.175  -4.939   0
   0.95333070   0.224  -1.549  -3.197  -4.970   0
   0.95333284   0.182  -1.578  -3.220  -5.002   0
   0.95333499   0.136  -1.610  -3.245  -5.034   0
   0.95333713   0.086  -1.643  -3.271  -5.068   0
   0.95333928   0.033  -1.679  -3.298  -5.102   0
   0.95334125  -0.021  -1.715  -3.325  -5.135   0
   0.95334274  -0.065  -1.744  -3.346  -5.161   0
