   0.15000001  14.495  13.195  11.720   9.987   0
   0.20000000  13.031  12.077  10.785   9.241   0
   0.25000000  12.347  11.457  10.225   8.755   0
   0.30000001  11.816  10.975   9.788   8.374   0
   0.34999999  11.373  10.574   9.425   8.059   0
   0.40000001  10.874  10.117   9.005   7.688   0
   0.44999999  10.404   9.698   8.630   7.372   0
   0.50000000   9.875   9.236   8.219   7.029   0
   0.55000001   9.216   8.694   7.746   6.648   0
   0.60000002   8.480   8.120   7.249   6.253   0
   0.69999999   7.034   7.018   6.326   5.510   0
   0.76718807   6.257   6.387   5.808   5.085   0
   0.80000001   5.924   6.106   5.578   4.895   0
   0.89999998   5.120   5.344   4.919   4.336   0
   1.00000000   4.500   4.702   4.350   3.860   0
   1.10000002   4.001   4.141   3.856   3.469   0
   1.18361926   3.626   3.692   3.470   3.194   0
   1.20000005   3.557   3.608   3.398   3.144   0
   1.27904284   3.244   3.237   3.087   2.937   0
   1.29999995   3.167   3.154   3.020   2.892   0
   1.32971835   3.064   3.042   2.930   2.830   0
   1.39999998   2.822   2.808   2.740   2.694   0
   1.50000000   2.491   2.529   2.507   2.510   0
   1.58271921   2.241   2.334   2.339   2.366   0
   1.60000002   2.192   2.297   2.307   2.339   0
   1.64999998   2.058   2.193   2.216   2.257   0
   1.69350481   1.946   2.109   2.141   2.190   0
   1.70000005   1.929   2.097   2.130   2.179   0
   1.75000000   1.803   1.998   2.040   2.097   0
   1.79999995   1.678   1.899   1.949   2.012   0
   1.87222385   1.509   1.764   1.824   1.895   0
   1.89999998   1.444   1.712   1.775   1.848   0
   2.00000000   1.218   1.526   1.600   1.681   0
   2.02944708   1.154   1.473   1.549   1.633   0
   2.15872407   0.871   1.229   1.315   1.406   0
   2.20000005   0.781   1.149   1.237   1.331   0
   2.26922369   0.634   1.017   1.109   1.205   0
   2.36292052   0.428   0.824   0.920   1.018   0
   2.44195199   0.248   0.651   0.749   0.847   0
   2.50000000   0.110   0.513   0.612   0.710   0
   2.51547956   0.075   0.478   0.577   0.675   1
   2.58033276  -0.079   0.319   0.418   0.514   0
   2.63629746  -0.220   0.168   0.266   0.359   0
   2.68538690  -0.351   0.023   0.120   0.208   0
   2.72864914  -0.473  -0.115  -0.021   0.062   0
   2.74856353  -0.531  -0.181  -0.088  -0.007   0
   2.76745439  -0.587  -0.242  -0.150  -0.071   0
   2.77783895  -0.618  -0.272  -0.180  -0.101   0
   2.78845787  -0.647  -0.293  -0.199  -0.118   3
   2.79500842  -0.664  -0.290  -0.193  -0.107   0
   2.79949975  -0.669  -0.257  -0.152  -0.057   0
   2.80077791  -0.680  -0.235  -0.124  -0.021   0
   2.80151248  -0.704  -0.224  -0.106   0.006   0
   2.80159616  -0.694  -0.217  -0.099   0.012   0
   2.80182791  -0.647  -0.203  -0.092   0.011   0
   2.80212903  -0.719  -0.313  -0.210  -0.117   0
   2.80257130  -0.843  -0.476  -0.379  -0.297   0
   2.80306458  -0.924  -0.597  -0.507  -0.436   0
   2.80369902  -0.993  -0.714  -0.633  -0.574   0
   2.80447769  -1.054  -0.836  -0.766  -0.723   0
   2.80514765  -1.095  -0.935  -0.875  -0.846   0
   2.80563140  -1.115  -1.002  -0.952  -0.935   0
   2.80631614  -1.127  -1.089  -1.059  -1.064   0
   2.80678749  -1.120  -1.141  -1.129  -1.155   0
   2.80727220  -1.098  -1.180  -1.195  -1.253   0
   2.80775928  -1.054  -1.188  -1.243  -1.354   0
   2.80824852  -0.988  -1.133  -1.257  -1.457   3
   2.80849314  -0.945  -1.073  -1.247  -1.510   0
   2.80873489  -0.891  -0.985  -1.215  -1.556   0
   2.80897927  -0.818  -0.874  -1.167  -1.597   0
   2.80922103  -0.715  -0.735  -1.102  -1.630   0
   2.80946255  -0.575  -0.576  -1.022  -1.643   0
   2.80991840  -0.285  -0.298  -0.846  -1.567   0
   2.81037426  -0.025  -0.076  -0.700  -1.485   4
   2.81092691  -0.089  -0.184  -0.861  -1.689   0
   2.81140280  -0.173  -0.296  -0.996  -1.842   0
   2.81199288  -0.250  -0.399  -1.118  -1.979   0
   2.81262708  -0.325  -0.497  -1.233  -2.107   0
   2.81331420  -0.410  -0.604  -1.356  -2.242   0
   2.81402373  -0.498  -0.713  -1.480  -2.377   0
   2.81472969  -0.572  -0.806  -1.587  -2.495   0
   2.81506467  -0.592  -0.831  -1.617  -2.528   2
   2.81759953  -0.544  -0.768  -1.543  -2.445   0
   2.82715774  -0.472  -0.671  -1.425  -2.312   0
   2.83846521  -0.422  -0.601  -1.339  -2.214   0
   2.84941888  -0.396  -0.554  -1.275  -2.138   0
   2.86193800  -0.384  -0.517  -1.219  -2.067   0
   2.87475038  -0.415  -0.527  -1.207  -2.038   4
   2.88468051  -0.573  -0.665  -1.310  -2.111   0
   2.88923407  -0.668  -0.748  -1.370  -2.153   0
   2.89333296  -0.754  -0.821  -1.420  -2.184   0
   2.89639401  -0.850  -0.900  -1.471  -2.212   0
   2.89897966  -0.922  -0.967  -1.513  -2.232   0
   2.90149546  -0.988  -1.029  -1.553  -2.251   0
   2.90467620  -1.065  -1.101  -1.598  -2.270   0
   2.93984866  -1.641  -1.783  -1.969  -2.264   0
   2.97138691  -1.885  -2.042  -2.103  -2.240   1
   2.98777556  -1.904  -2.072  -2.181  -2.384   0
   2.99286246  -1.882  -2.043  -2.200  -2.463   0
   2.99731755  -1.827  -1.949  -2.193  -2.563   0
   2.99879479  -1.792  -1.894  -2.179  -2.604   0
   2.99996924  -1.740  -1.821  -2.155  -2.644   0
   3.00000000  -1.738  -1.818  -2.154  -2.645   0
   3.00097728  -1.673  -1.737  -2.125  -2.681   0
   3.00177717  -1.585  -1.639  -2.089  -2.713   0
   3.00249267  -1.466  -1.528  -2.042  -2.730   0
   3.00311613  -1.300  -1.383  -1.965  -2.716   0
   3.00355506  -1.093  -1.207  -1.850  -2.650   0
   3.00381827  -0.884  -1.021  -1.709  -2.546   0
   3.00383067  -0.873  -1.012  -1.703  -2.543   4
   3.00400209  -0.851  -1.060  -1.812  -2.698   0
   3.00406885  -0.923  -1.165  -1.943  -2.847   0
   3.00419831  -1.004  -1.280  -2.085  -3.009   0
   3.00527978  -1.094  -1.419  -2.260  -3.210   0
   3.00560951  -1.176  -1.550  -2.419  -3.389   0
   3.00593901  -1.243  -1.659  -2.554  -3.543   0
   3.00638103  -1.313  -1.777  -2.701  -3.711   0
   3.00684381  -1.354  -1.880  -2.843  -3.880   0
   3.00734782  -1.432  -2.015  -3.014  -4.075   0
   3.00776863  -1.483  -2.131  -3.164  -4.251   0
   3.00818920  -1.518  -2.254  -3.334  -4.455   0
   3.00854278  -1.566  -2.386  -3.510  -4.664   0
   3.00884247  -1.584  -2.502  -3.679  -4.871   0
   3.00907111  -1.601  -2.608  -3.832  -5.059   0
   3.00923347  -1.599  -2.685  -3.948  -5.207   0
   3.00939560  -1.588  -2.768  -4.079  -5.376   0
   3.00953269  -1.571  -2.845  -4.203  -5.536   0
   3.00963664  -1.534  -2.896  -4.299  -5.669   0
   3.00974894  -1.511  -2.960  -4.408  -5.818   0
   3.00985289  -1.461  -3.003  -4.501  -5.956   2
   3.01005650  -1.513  -2.965  -4.416  -5.827   0
   3.01006889  -1.536  -2.912  -4.322  -5.698   0
   3.01009798  -1.509  -2.965  -4.418  -5.831   0
   3.01013970  -1.461  -3.005  -4.504  -5.960   0
   3.01015210  -1.439  -3.033  -4.559  -6.040   0
   3.01019168  -1.432  -3.044  -4.579  -6.068   0
   3.01023078  -1.425  -3.055  -4.599  -6.097   0
   3.01026964  -1.418  -3.065  -4.619  -6.125   0
   3.01030874  -1.411  -3.076  -4.639  -6.154   0
   3.01034760  -1.404  -3.086  -4.659  -6.182   0
   3.01038671  -1.396  -3.097  -4.679  -6.211   0
   3.01042557  -1.389  -3.107  -4.699  -6.239   0
   3.01046467  -1.381  -3.117  -4.719  -6.267   0
   3.01050353  -1.374  -3.128  -4.738  -6.295   0
   3.01054239  -1.366  -3.138  -4.758  -6.323   0
   3.01058149  -1.358  -3.147  -4.777  -6.351   0
   3.01062036  -1.351  -3.157  -4.796  -6.379   0
   3.01065946  -1.343  -3.167  -4.815  -6.406   0
   3.01069832  -1.335  -3.177  -4.835  -6.434   0
   3.01076698  -1.333  -3.187  -4.850  -6.455   0
   3.01091599  -1.346  -3.199  -4.864  -6.478   0
   3.01106524  -1.362  -3.212  -4.877  -6.500   2
   3.01121473  -1.379  -3.226  -4.890  -6.522   0
   3.01136446  -1.397  -3.240  -4.904  -6.545   0
   3.01151443  -1.416  -3.255  -4.918  -6.567   0
   3.01166511  -1.435  -3.270  -4.932  -6.589   0
   3.01181674  -1.456  -3.286  -4.946  -6.611   0
   3.01196909  -1.478  -3.302  -4.961  -6.634   0
   3.01212239  -1.500  -3.318  -4.975  -6.656   0
   3.01231623  -1.529  -3.340  -4.994  -6.683   0
   3.01251245  -1.559  -3.362  -5.013  -6.711   0
   3.01271200  -1.590  -3.384  -5.032  -6.737   0
   3.01291513  -1.623  -3.407  -5.051  -6.764   0
   3.01311851  -1.657  -3.431  -5.071  -6.791   0
   3.01331449  -1.691  -3.455  -5.090  -6.818   0
   3.01350093  -1.724  -3.479  -5.109  -6.843   0
   3.01371288  -1.764  -3.507  -5.131  -6.871   0
   3.01391339  -1.803  -3.534  -5.152  -6.898   0
   3.01410365  -1.842  -3.560  -5.172  -6.924   0
   3.01431370  -1.886  -3.590  -5.195  -6.953   0
   3.01451063  -1.928  -3.619  -5.217  -6.980   0
   3.01471233  -1.974  -3.649  -5.240  -7.007   0
   3.01492763  -2.027  -3.682  -5.262  -7.032   0
   3.01502681  -2.054  -3.697  -5.270  -7.041   0
   3.01507926  -2.072  -3.705  -5.272  -7.042   3
   3.01510811  -2.084  -3.709  -5.271  -7.039   0
   3.01512361  -2.077  -3.701  -5.262  -7.031   0
   3.01513219  -2.068  -3.690  -5.251  -7.021   0
   3.01513624  -2.058  -3.679  -5.240  -7.010   0
   3.01513886  -2.046  -3.667  -5.227  -6.999   0
   3.01514173  -2.034  -3.654  -5.214  -6.986   0
   3.01514435  -2.021  -3.640  -5.199  -6.972   0
   3.01514697  -2.007  -3.625  -5.184  -6.957   0
   3.01514983  -1.992  -3.609  -5.167  -6.941   0
   3.01515269  -1.975  -3.591  -5.149  -6.924   0
