   0.15000001  14.493  13.193  11.719   9.986   0
   0.20000000  13.028  12.075  10.783   9.239   0
   0.25000000  12.344  11.455  10.223   8.753   0
   0.30000001  11.814  10.972   9.786   8.372   0
   0.34999999  11.370  10.571   9.423   8.057   0
   0.40000001  10.870  10.113   9.002   7.685   0
   0.44999999  10.400   9.694   8.627   7.368   0
   0.50000000   9.868   9.230   8.214   7.024   0
   0.55000001   9.206   8.686   7.738   6.642   0
   0.60000002   8.465   8.107   7.238   6.243   0
   0.64999217   7.687   7.519   6.741   5.846   0
   0.69999999   7.011   6.998   6.309   5.496   0
   0.80000001   5.901   6.086   5.561   4.881   0
   0.89999998   5.098   5.322   4.898   4.317   0
   0.96002024   4.706   4.922   4.545   4.020   0
   1.00000000   4.471   4.670   4.320   3.832   0
   1.10000002   3.954   4.088   3.808   3.428   0
   1.17066157   3.625   3.694   3.469   3.188   0
   1.20000005   3.497   3.538   3.336   3.094   0
   1.26077676   3.246   3.242   3.087   2.927   0
   1.29999995   3.093   3.074   2.951   2.833   0
   1.31519496   3.037   3.014   2.902   2.799   0
   1.39999998   2.727   2.715   2.655   2.616   0
   1.46926498   2.484   2.508   2.479   2.475   0
   1.50000000   2.380   2.422   2.406   2.414   0
   1.51791835   2.318   2.371   2.362   2.376   0
   1.55234766   2.205   2.281   2.282   2.305   0
   1.57249153   2.141   2.230   2.236   2.263   0
   1.60000002   2.054   2.160   2.174   2.206   0
   1.64214969   1.924   2.056   2.080   2.120   0
   1.64999998   1.901   2.037   2.063   2.104   0
   1.65614426   1.882   2.022   2.049   2.091   0
   1.70000005   1.748   1.911   1.946   1.994   0
   1.74447823   1.616   1.798   1.840   1.892   1
   1.75000000   1.599   1.784   1.826   1.879   0
   1.79999995   1.446   1.649   1.698   1.755   0
   1.81340730   1.407   1.615   1.666   1.724   0
   1.88326240   1.198   1.425   1.482   1.543   0
   1.89999998   1.147   1.376   1.434   1.495   0
   1.94332170   1.014   1.248   1.308   1.370   0
   1.99305463   0.856   1.089   1.150   1.211   0
   2.00000000   0.833   1.064   1.126   1.186   1
   2.03577352   0.718   0.943   1.005   1.063   0
   2.07424831   0.588   0.800   0.860   0.915   0
   2.10812688   0.471   0.665   0.721   0.771   0
   2.13819814   0.362   0.534   0.587   0.630   0
   2.15204334   0.310   0.472   0.523   0.563   0
   2.16501999   0.259   0.414   0.464   0.502   0
   2.17288494   0.227   0.382   0.432   0.470   0
   2.17957187   0.198   0.362   0.415   0.455   3
   2.18416500   0.175   0.361   0.418   0.463   0
   2.18729329   0.149   0.382   0.450   0.507   0
   2.18817759   0.123   0.396   0.472   0.538   0
   2.18868709   0.078   0.396   0.480   0.556   0
   2.18872166   0.085   0.400   0.484   0.560   0
   2.18889213   0.141   0.416   0.493   0.559   0
   2.18912458   0.072   0.301   0.369   0.424   0
   2.18949652  -0.030   0.148   0.205   0.247   0
   2.18993735  -0.087   0.040   0.086   0.114   0
   2.19053626  -0.126  -0.061  -0.031  -0.021   0
   2.19109559  -0.138  -0.131  -0.118  -0.126   0
   2.19151783  -0.137  -0.170  -0.172  -0.199   0
   2.19209695  -0.125  -0.210  -0.238  -0.297   0
   2.19251037  -0.108  -0.221  -0.274  -0.366   0
   2.19293618  -0.084  -0.208  -0.297  -0.438   0
   2.19336915  -0.050  -0.169  -0.306  -0.510   3
   2.19380593  -0.001  -0.087  -0.289  -0.580   0
   2.19424105   0.073   0.037  -0.240  -0.641   0
   2.19445825   0.121   0.112  -0.206  -0.668   0
   2.19489264   0.270   0.299  -0.112  -0.692   0
   2.19532442   0.446   0.483   0.001  -0.658   0
   2.19575453   0.670   0.692   0.148  -0.567   0
   2.19619012   0.859   0.857   0.260  -0.502   4
   2.19676924   0.831   0.792   0.153  -0.642   0
   2.19742441   0.736   0.673   0.010  -0.805   0
   2.19813108   0.629   0.550  -0.129  -0.958   0
   2.19894218   0.512   0.414  -0.281  -1.123   0
   2.19964647   0.418   0.299  -0.410  -1.262   0
   2.20000005   0.371   0.241  -0.474  -1.331   0
   2.20006561   0.363   0.231  -0.485  -1.344   0
   2.20090532   0.260   0.105  -0.626  -1.496   0
   2.20177317   0.159  -0.019  -0.767  -1.649   0
   2.20264649   0.056  -0.144  -0.908  -1.802   0
   2.20344424  -0.021  -0.237  -1.012  -1.915   2
   2.20399332   0.081  -0.113  -0.872  -1.763   0
   2.20516801   0.186   0.017  -0.723  -1.600   0
   2.20942235   0.280   0.137  -0.585  -1.449   0
   2.21408772   0.370   0.252  -0.454  -1.305   0
   2.21888423   0.459   0.366  -0.323  -1.161   0
   2.22397828   0.556   0.480  -0.193  -1.017   0
   2.23118353   0.622   0.568  -0.079  -0.882   0
   2.23556399   0.601   0.560  -0.070  -0.859   4
   2.24287605   0.378   0.367  -0.215  -0.966   0
   2.24712420   0.178   0.179  -0.358  -1.069   0
   2.25213242  -0.024  -0.011  -0.492  -1.149   0
   2.28355837  -0.347  -0.351  -0.753  -1.323   0
   2.31144643  -0.565  -0.588  -0.955  -1.482   0
   2.32721877  -0.678  -0.713  -1.063  -1.570   0
   2.35510254  -0.804  -0.836  -1.211  -1.750   0
   2.36840367  -0.711  -0.733  -1.211  -1.865   3
   2.37294960  -0.490  -0.543  -1.126  -1.877   0
   2.37523341  -0.204  -0.318  -1.000  -1.833   4
   2.37536502  -0.174  -0.307  -1.008  -1.855   0
   2.37545967  -0.237  -0.405  -1.134  -2.002   0
   2.37553334  -0.319  -0.517  -1.268  -2.153   0
   2.37563062  -0.387  -0.605  -1.372  -2.269   0
   2.37738347  -0.615  -0.916  -1.747  -2.690   0
   2.37768459  -0.699  -1.042  -1.896  -2.856   0
   2.37798572  -0.775  -1.156  -2.033  -3.010   0
   2.37828660  -0.842  -1.263  -2.164  -3.158   0
   2.37858868  -0.904  -1.373  -2.303  -3.318   0
   2.37888551  -0.970  -1.493  -2.457  -3.496   0
   2.37914753  -1.041  -1.618  -2.616  -3.677   0
   2.37934375  -1.068  -1.709  -2.741  -3.828   0
   2.37956285  -1.120  -1.832  -2.899  -4.014   0
   2.37976146  -1.141  -1.942  -3.057  -4.206   0
   2.37997150  -1.188  -2.075  -3.235  -4.417   0
   2.38009787  -1.202  -2.155  -3.352  -4.560   0
   2.38019323  -1.201  -2.211  -3.436  -4.668   0
   2.38028216  -1.199  -2.284  -3.546  -4.808   0
   2.38038135  -1.190  -2.359  -3.663  -4.959   0
   2.38050246  -1.151  -2.440  -3.804  -5.147   0
   2.38051534  -1.147  -2.478  -3.862  -5.221   0
   2.38053465  -1.141  -2.512  -3.918  -5.293   0
   2.38055444  -1.136  -2.524  -3.938  -5.321   0
   2.38057423  -1.130  -2.534  -3.957  -5.347   0
   2.38059378  -1.125  -2.545  -3.976  -5.374   0
   2.38061357  -1.120  -2.556  -3.995  -5.401   0
   2.38063312  -1.114  -2.566  -4.014  -5.428   0
   2.38065290  -1.109  -2.577  -4.033  -5.455   0
   2.38067245  -1.103  -2.587  -4.053  -5.482   0
   2.38069177  -1.097  -2.598  -4.071  -5.509   0
   2.38070726  -1.093  -2.606  -4.087  -5.530   0
   2.38072634  -1.087  -2.616  -4.105  -5.557   0
   2.38074565  -1.081  -2.626  -4.124  -5.584   0
   2.38076496  -1.075  -2.637  -4.143  -5.610   0
   2.38078427  -1.069  -2.647  -4.162  -5.637   0
   2.38080335  -1.063  -2.654  -4.175  -5.657   0
   2.38082266  -1.058  -2.660  -4.188  -5.675   0
   2.38087749  -1.052  -2.667  -4.201  -5.694   0
   2.38095522  -1.045  -2.676  -4.220  -5.721   0
   2.38103247  -1.037  -2.686  -4.239  -5.748   0
   2.38110900  -1.029  -2.696  -4.258  -5.776   0
   2.38118482  -1.021  -2.705  -4.277  -5.804   0
   2.38126016  -1.013  -2.715  -4.296  -5.831   0
   2.38133478  -1.005  -2.725  -4.315  -5.859   0
   2.38140893  -0.996  -2.734  -4.334  -5.886   0
   2.38148212  -0.987  -2.743  -4.353  -5.914   0
   2.38155484  -0.979  -2.752  -4.372  -5.941   0
   2.38162684  -0.970  -2.761  -4.391  -5.968   0
   2.38169813  -0.961  -2.770  -4.409  -5.995   0
   2.38176894  -0.951  -2.779  -4.427  -6.022   0
   2.38183904  -0.944  -2.787  -4.444  -6.048   0
   2.38190842  -0.947  -2.794  -4.455  -6.072   0
   2.38196349  -0.949  -2.799  -4.465  -6.092   2
   2.38201809  -0.962  -2.810  -4.476  -6.111   0
   2.38207245  -0.977  -2.822  -4.487  -6.131   0
   2.38212657  -0.992  -2.834  -4.499  -6.151   0
   2.38218021  -1.008  -2.847  -4.511  -6.171   0
   2.38223362  -1.026  -2.860  -4.524  -6.190   0
   2.38228679  -1.043  -2.874  -4.536  -6.210   0
   2.38233948  -1.062  -2.888  -4.549  -6.230   0
   2.38239217  -1.081  -2.902  -4.562  -6.250   0
   2.38244438  -1.101  -2.917  -4.575  -6.270   0
   2.38249636  -1.122  -2.932  -4.588  -6.289   0
   2.38254833  -1.143  -2.948  -4.602  -6.309   0
   2.38260007  -1.165  -2.964  -4.615  -6.329   0
   2.38265181  -1.188  -2.980  -4.629  -6.349   0
   2.38270330  -1.211  -2.997  -4.643  -6.368   0
   2.38275456  -1.235  -3.014  -4.657  -6.388   0
   2.38280582  -1.259  -3.031  -4.671  -6.407   0
   2.38285685  -1.284  -3.048  -4.686  -6.426   0
   2.38292098  -1.315  -3.071  -4.703  -6.450   0
   2.38298488  -1.348  -3.093  -4.721  -6.473   0
   2.38304901  -1.380  -3.116  -4.739  -6.497   0
   2.38311362  -1.414  -3.139  -4.757  -6.520   0
   2.38317823  -1.447  -3.162  -4.775  -6.542   0
   2.38324332  -1.482  -3.185  -4.792  -6.564   0
   2.38330889  -1.517  -3.209  -4.810  -6.586   0
   2.38337231  -1.553  -3.233  -4.829  -6.608   0
   2.38344407  -1.595  -3.261  -4.849  -6.633   0
   2.38351917  -1.640  -3.290  -4.870  -6.657   0
   2.38361073  -1.700  -3.327  -4.893  -6.682   0
   2.38364935  -1.733  -3.343  -4.900  -6.687   0
   2.38366556  -1.746  -3.346  -4.896  -6.682   0
   2.38367224  -1.735  -3.333  -4.882  -6.670   0
   2.38367486  -1.721  -3.317  -4.867  -6.655   2
   2.38367677  -1.701  -3.296  -4.844  -6.634   0
   2.38367915  -1.678  -3.271  -4.818  -6.609   0
