   0.15000001  14.494  13.194  11.719   9.986   0
   0.20000000  13.029  12.076  10.784   9.240   0
   0.25000000  12.345  11.456  10.224   8.753   0
   0.30000001  11.815  10.974   9.787   8.373   0
   0.34999999  11.372  10.572   9.424   8.058   0
   0.40000001  10.872  10.115   9.004   7.687   0
   0.44999999  10.402   9.696   8.628   7.370   0
   0.50000000   9.871   9.233   8.216   7.026   0
   0.55000001   9.211   8.690   7.742   6.645   0
   0.60000002   8.472   8.113   7.243   6.247   0
   0.68858039   7.164   7.119   6.408   5.577   0
   0.69999999   7.019   7.005   6.315   5.501   0
   0.70632225   6.939   6.942   6.263   5.458   0
   0.80000001   5.912   6.096   5.569   4.888   0
   0.89999998   5.108   5.332   4.908   4.326   0
   1.00000000   4.485   4.685   4.334   3.844   0
   1.03974986   4.274   4.453   4.130   3.682   0
   1.10000002   3.976   4.113   3.831   3.447   0
   1.11763430   3.892   4.013   3.745   3.385   0
   1.20000005   3.526   3.571   3.365   3.118   0
   1.29999995   3.128   3.112   2.984   2.861   0
   1.37759376   2.851   2.831   2.755   2.698   0
   1.39999998   2.772   2.759   2.696   2.654   0
   1.44529104   2.616   2.622   2.581   2.564   0
   1.50000000   2.436   2.476   2.457   2.463   0
   1.50089288   2.433   2.474   2.455   2.461   0
   1.57259846   2.206   2.295   2.299   2.326   0
   1.60000002   2.124   2.231   2.244   2.276   0
   1.61283004   2.087   2.202   2.218   2.253   0
   1.64605653   1.992   2.127   2.151   2.192   0
   1.64999998   1.981   2.118   2.143   2.185   0
   1.66832018   1.929   2.077   2.106   2.150   0
   1.70000005   1.839   2.005   2.040   2.089   0
   1.75000000   1.701   1.893   1.936   1.991   0
   1.78863609   1.595   1.805   1.855   1.914   0
   1.79999995   1.564   1.779   1.830   1.890   0
   1.88796294   1.332   1.584   1.645   1.713   0
   1.89999998   1.300   1.557   1.619   1.688   0
   1.98116219   1.086   1.367   1.436   1.510   0
   2.00000000   1.035   1.320   1.390   1.465   0
   2.05538940   0.891   1.187   1.260   1.337   0
   2.12204957   0.710   1.012   1.089   1.166   0
   2.17865968   0.550   0.852   0.929   1.005   1
   2.20000005   0.487   0.786   0.863   0.938   0
   2.22910571   0.404   0.699   0.776   0.850   0
   2.27381516   0.270   0.553   0.630   0.699   0
   2.31319118   0.147   0.413   0.487   0.552   0
   2.34800315   0.032   0.279   0.350   0.409   0
   2.36405253  -0.023   0.215   0.284   0.341   0
   2.37924504  -0.077   0.155   0.224   0.279   0
   2.38838005  -0.109   0.123   0.192   0.247   0
   2.39639902  -0.138   0.103   0.174   0.230   3
   2.40184546  -0.158   0.103   0.178   0.239   0
   2.40557027  -0.177   0.129   0.213   0.285   0
   2.40662313  -0.196   0.147   0.238   0.319   0
   2.40723515  -0.231   0.154   0.252   0.343   0
   2.40728140  -0.223   0.159   0.257   0.347   0
   2.40746951  -0.167   0.178   0.269   0.351   0
   2.40772271  -0.236   0.066   0.149   0.220   0
   2.40811324  -0.348  -0.092  -0.017   0.041   0
   2.40855980  -0.416  -0.205  -0.139  -0.093   0
   2.40915251  -0.471  -0.315  -0.260  -0.228   0
   2.40969992  -0.501  -0.398  -0.354  -0.336   0
   2.41032863  -0.518  -0.479  -0.451  -0.451   0
   2.41055608  -0.521  -0.506  -0.485  -0.492   0
   2.41116309  -0.513  -0.560  -0.564  -0.599   0
   2.41159105  -0.498  -0.586  -0.612  -0.675   0
   2.41202879  -0.472  -0.598  -0.653  -0.755   0
   2.41247702  -0.434  -0.570  -0.672  -0.836   3
   2.41292787  -0.378  -0.492  -0.665  -0.918   0
   2.41337824  -0.299  -0.360  -0.617  -0.990   0
   2.41360331  -0.242  -0.271  -0.576  -1.021   0
   2.41382670  -0.164  -0.165  -0.526  -1.045   0
   2.41427469   0.039   0.063  -0.403  -1.045   0
   2.41471910   0.289   0.297  -0.244  -0.958   0
   2.41516328   0.512   0.495  -0.107  -0.873   4
   2.41573834   0.479   0.422  -0.226  -1.030   0
   2.41630292   0.390   0.311  -0.362  -1.186   0
   2.41697550   0.286   0.189  -0.501  -1.339   0
   2.41779399   0.182   0.056  -0.652  -1.505   0
   2.41846251   0.098  -0.050  -0.773  -1.637   0
   2.41913724   0.012  -0.155  -0.893  -1.768   0
   2.41983461  -0.076  -0.264  -1.015  -1.900   0
   2.42053652  -0.161  -0.368  -1.133  -2.028   0
   2.42117763  -0.219  -0.438  -1.212  -2.115   2
   2.42183971  -0.165  -0.371  -1.135  -2.030   0
   2.42325664  -0.091  -0.278  -1.028  -1.912   0
   2.42838669  -0.010  -0.175  -0.909  -1.782   0
   2.43401051   0.064  -0.080  -0.800  -1.661   0
   2.43979120   0.134   0.013  -0.691  -1.541   0
   2.44592810   0.197   0.101  -0.586  -1.421   0
   2.45460534   0.253   0.178  -0.483  -1.298   0
   2.45987892   0.249   0.186  -0.458  -1.260   4
   2.46666598   0.057   0.020  -0.581  -1.348   0
   2.47061181  -0.101  -0.118  -0.683  -1.419   0
   2.47526526  -0.315  -0.321  -0.826  -1.505   0
   2.50000000  -0.838  -0.916  -1.180  -1.571   0
   2.52036786  -0.960  -1.053  -1.298  -1.662   0
   2.55146122  -1.141  -1.257  -1.471  -1.795   1
   2.57808661  -1.244  -1.350  -1.592  -1.956   0
   2.58631301  -1.241  -1.326  -1.611  -2.034   0
   2.59350204  -1.214  -1.276  -1.615  -2.109   0
   2.59588242  -1.159  -1.203  -1.593  -2.151   0
   2.59777331  -1.087  -1.123  -1.566  -2.184   0
   2.60019898  -0.965  -1.009  -1.523  -2.212   0
   2.60241270  -0.759  -0.833  -1.431  -2.196   0
   2.60332727  -0.526  -0.637  -1.302  -2.120   0
   2.60359621  -0.430  -0.565  -1.264  -2.109   4
   2.60373616  -0.476  -0.662  -1.402  -2.279   0
   2.60382533  -0.575  -0.794  -1.560  -2.456   0
   2.60511661  -0.709  -0.980  -1.787  -2.712   0
   2.60550427  -0.808  -1.127  -1.967  -2.916   0
   2.60589194  -0.909  -1.276  -2.143  -3.113   0
   2.60628128  -0.982  -1.394  -2.288  -3.277   0
   2.60670638  -1.060  -1.521  -2.446  -3.456   0
   2.60703850  -1.118  -1.625  -2.578  -3.608   0
   2.60736823  -1.161  -1.728  -2.719  -3.776   0
   2.60766411  -1.221  -1.846  -2.868  -3.947   0
   2.60791969  -1.268  -1.958  -3.014  -4.119   0
   2.60811830  -1.283  -2.043  -3.136  -4.269   0
   2.60831475  -1.326  -2.152  -3.279  -4.437   0
   2.60847735  -1.329  -2.237  -3.410  -4.600   0
   2.60864830  -1.347  -2.341  -3.558  -4.782   0
   2.60880637  -1.354  -2.432  -3.691  -4.948   0
   2.60898376  -1.351  -2.520  -3.824  -5.118   0
   2.60907221  -1.327  -2.580  -3.926  -5.254   0
   2.60916924  -1.316  -2.621  -3.994  -5.341   0
   2.60926223  -1.297  -2.643  -4.036  -5.400   0
   2.60932541  -1.262  -2.708  -4.154  -5.564   0
   2.60933590  -1.258  -2.726  -4.184  -5.605   0
   2.60936236  -1.252  -2.737  -4.204  -5.633   0
   2.60938907  -1.246  -2.748  -4.223  -5.660   0
   2.60941005  -1.241  -2.756  -4.239  -5.683   0
   2.60943651  -1.235  -2.767  -4.258  -5.710   0
   2.60946274  -1.229  -2.777  -4.278  -5.738   0
   2.60948896  -1.222  -2.788  -4.297  -5.765   0
   2.60951495  -1.216  -2.798  -4.316  -5.793   0
   2.60954118  -1.210  -2.809  -4.336  -5.820   0
   2.60956717  -1.203  -2.819  -4.355  -5.848   0
   2.60959339  -1.196  -2.829  -4.374  -5.875   0
   2.60961938  -1.189  -2.840  -4.394  -5.903   0
   2.60964561  -1.183  -2.850  -4.413  -5.930   0
   2.60968876  -1.174  -2.858  -4.431  -5.956   0
   2.60979867  -1.162  -2.872  -4.459  -5.997   0
   2.60988617  -1.155  -2.880  -4.475  -6.020   0
   2.60997272  -1.147  -2.889  -4.491  -6.044   0
   2.61005878  -1.140  -2.897  -4.508  -6.068   0
   2.61014414  -1.133  -2.905  -4.524  -6.091   0
   2.61022902  -1.125  -2.912  -4.540  -6.115   0
   2.61031342  -1.117  -2.920  -4.556  -6.138   0
   2.61039710  -1.110  -2.928  -4.572  -6.161   0
   2.61048031  -1.102  -2.935  -4.588  -6.184   0
   2.61056328  -1.094  -2.943  -4.603  -6.207   0
   2.61064553  -1.095  -2.949  -4.613  -6.228   0
   2.61072755  -1.108  -2.959  -4.625  -6.248   0
   2.61080909  -1.123  -2.971  -4.637  -6.269   2
   2.61089015  -1.139  -2.984  -4.649  -6.289   0
   2.61097097  -1.155  -2.997  -4.661  -6.310   0
   2.61105156  -1.172  -3.010  -4.674  -6.330   0
   2.61113191  -1.190  -3.024  -4.687  -6.351   0
   2.61121225  -1.209  -3.039  -4.700  -6.371   0
   2.61129212  -1.229  -3.053  -4.713  -6.392   0
   2.61137199  -1.250  -3.069  -4.727  -6.413   0
   2.61145186  -1.271  -3.084  -4.741  -6.433   0
   2.61153173  -1.293  -3.101  -4.755  -6.454   0
   2.61161160  -1.316  -3.117  -4.769  -6.474   0
   2.61169147  -1.339  -3.134  -4.784  -6.495   0
   2.61177158  -1.363  -3.152  -4.798  -6.516   0
   2.61187196  -1.395  -3.174  -4.817  -6.542   0
   2.61197281  -1.427  -3.197  -4.836  -6.567   0
   2.61207461  -1.461  -3.221  -4.855  -6.593   0
   2.61217690  -1.495  -3.245  -4.874  -6.618   0
   2.61228061  -1.531  -3.269  -4.893  -6.644   0
   2.61238503  -1.567  -3.294  -4.913  -6.668   0
   2.61248612  -1.602  -3.318  -4.931  -6.692   0
   2.61260080  -1.641  -3.345  -4.951  -6.717   0
   2.61272717  -1.686  -3.375  -4.974  -6.745   0
   2.61282945  -1.726  -3.402  -4.994  -6.769   0
   2.61293364  -1.768  -3.429  -5.014  -6.793   0
   2.61305881  -1.823  -3.464  -5.037  -6.818   0
   2.61312079  -1.856  -3.481  -5.045  -6.826   0
   2.61314917  -1.877  -3.489  -5.046  -6.825   3
   2.61316276  -1.870  -3.479  -5.033  -6.813   0
   2.61316895  -1.853  -3.460  -5.014  -6.795   0
   2.61317158  -1.839  -3.445  -4.998  -6.780   0
   2.61317301  -1.825  -3.430  -4.983  -6.765   0
   2.61317444  -1.810  -3.414  -4.967  -6.750   0
   2.61317635  -1.794  -3.397  -4.949  -6.733   0
