   0.15000001  14.498  13.196  11.721   9.988   0
   0.20000000  13.033  12.079  10.787   9.243   0
   0.25000000  12.349  11.460  10.227   8.757   0
   0.30000001  11.819  10.978   9.790   8.376   0
   0.34999999  11.376  10.576   9.428   8.061   0
   0.40000001  10.878  10.121   9.009   7.691   0
   0.44999999  10.409   9.702   8.634   7.375   0
   0.50000000   9.881   9.242   8.224   7.033   0
   0.55000001   9.226   8.703   7.753   6.655   0
   0.60000002   8.496   8.132   7.261   6.263   0
   0.69999999   7.062   7.041   6.346   5.528   0
   0.80000001   5.958   6.138   5.606   4.921   0
   0.89999998   5.168   5.394   4.966   4.380   0
   1.00000000   4.558   4.763   4.409   3.916   0
   1.10000002   4.053   4.201   3.911   3.516   0
   1.20000005   3.618   3.679   3.463   3.198   0
   1.29999995   3.238   3.230   3.088   2.948   0
   1.35178864   3.066   3.044   2.939   2.848   0
   1.39999998   2.910   2.894   2.818   2.762   0
   1.43881547   2.778   2.774   2.718   2.687   0
   1.50000000   2.575   2.607   2.578   2.577   0
   1.50624001   2.557   2.593   2.566   2.567   0
   1.60000002   2.299   2.399   2.404   2.434   0
   1.64999998   2.176   2.310   2.329   2.370   0
   1.70000005   2.055   2.223   2.253   2.302   0
   1.75000000   1.965   2.160   2.199   2.256   0
   1.79999995   1.856   2.081   2.128   2.192   0
   1.89999998   1.656   1.933   1.995   2.071   0
   2.00000000   1.471   1.793   1.866   1.952   0
   2.20000005   1.139   1.536   1.626   1.728   0
   2.46268392   0.759   1.233   1.341   1.460   0
   2.50000000   0.708   1.192   1.302   1.424   0
   3.00000000   0.102   0.687   0.822   0.967   0
   3.11302853  -0.019   0.583   0.722   0.872   0
   3.50000000  -0.416   0.243   0.397   0.561   0
   3.60407043  -0.517   0.154   0.311   0.479   0
   3.98362660  -0.887  -0.182  -0.015   0.160   0
   4.00000000  -0.902  -0.197  -0.029   0.147   0
   4.31195021  -1.180  -0.448  -0.274  -0.091   0
   4.50000000  -1.353  -0.607  -0.429  -0.243   0
   4.60098410  -1.447  -0.695  -0.515  -0.327   0
   4.82969427  -1.669  -0.905  -0.722  -0.532   0
   5.00000000  -1.844  -1.074  -0.889  -0.698   0
   5.03604269  -1.881  -1.110  -0.924  -0.732   0
   5.20814800  -2.069  -1.295  -1.108  -0.917   0
   5.35921764  -2.246  -1.473  -1.286  -1.096   0
   5.48996115  -2.412  -1.644  -1.457  -1.269   1
   5.60231352  -2.572  -1.811  -1.626  -1.441   0
   5.69844294  -2.722  -1.971  -1.788  -1.608   0
   5.74154043  -2.794  -2.048  -1.866  -1.688   0
   5.78155088  -2.861  -2.118  -1.937  -1.760   0
   5.80301523  -2.895  -2.151  -1.970  -1.793   0
   5.82480717  -2.920  -2.171  -1.989  -1.810   3
   5.83805037  -2.924  -2.163  -1.978  -1.796   0
   5.84725904  -2.907  -2.122  -1.931  -1.742   0
   5.84996939  -2.898  -2.092  -1.896  -1.701   0
   5.85154724  -2.899  -2.076  -1.875  -1.674   0
   5.85175705  -2.893  -2.072  -1.872  -1.671   0
   5.85228205  -2.884  -2.084  -1.890  -1.696   0
   5.85287046  -2.966  -2.194  -2.006  -1.821   0
   5.85347080  -3.084  -2.337  -2.156  -1.979   0
   5.85419893  -3.209  -2.490  -2.315  -2.148   0
   5.85505247  -3.326  -2.641  -2.473  -2.318   0
   5.85601568  -3.443  -2.795  -2.637  -2.495   0
   5.85680199  -3.532  -2.917  -2.767  -2.638   0
   5.85763073  -3.624  -3.049  -2.910  -2.794   0
   5.85848570  -3.720  -3.194  -3.065  -2.966   0
   5.85906744  -3.787  -3.300  -3.180  -3.093   0
   5.85965443  -3.856  -3.415  -3.305  -3.233   0
   5.86024714  -3.924  -3.540  -3.442  -3.388   0
   5.86054373  -3.956  -3.606  -3.515  -3.470   0
   5.86103916  -4.006  -3.722  -3.643  -3.618   0
   5.86153173  -4.047  -3.848  -3.786  -3.782   0
   5.86177683  -4.060  -3.915  -3.861  -3.871   0
   5.86202192  -4.064  -3.984  -3.940  -3.965   0
   5.86223316  -4.050  -4.035  -4.005  -4.046   0
   5.86243200  -4.025  -4.076  -4.063  -4.126   0
   5.86259460  -3.994  -4.102  -4.107  -4.193   0
   5.86275673  -3.948  -4.101  -4.134  -4.259   0
   5.86292171  -3.889  -4.074  -4.147  -4.327   3
   5.86304283  -3.835  -4.034  -4.146  -4.378   0
   5.86316681  -3.771  -3.961  -4.132  -4.431   0
   5.86328983  -3.696  -3.863  -4.103  -4.483   0
   5.86341333  -3.605  -3.747  -4.060  -4.529   0
   5.86349583  -3.531  -3.657  -4.025  -4.557   0
   5.86358070  -3.431  -3.549  -3.980  -4.582   0
   5.86366320  -3.300  -3.425  -3.927  -4.601   0
   5.86378670  -3.081  -3.240  -3.843  -4.608   0
   5.86394882  -2.856  -3.056  -3.742  -4.575   0
   5.86419821  -2.558  -2.836  -3.608  -4.506   4
   5.86448479  -2.490  -2.872  -3.734  -4.697   0
   5.86466312  -2.525  -2.975  -3.879  -4.872   0
   5.86492729  -2.551  -3.039  -3.968  -4.977   0
   5.86570692  -2.588  -3.122  -4.080  -5.109   0
   5.86800289  -2.599  -3.146  -4.111  -5.146   2
   5.91058397  -2.664  -3.145  -4.065  -5.068   0
   5.93370581  -2.741  -3.177  -4.067  -5.048   0
   5.95438766  -3.399  -3.630  -4.315  -5.145   0
   5.95959330  -3.851  -3.996  -4.458  -5.092   0
   5.96376610  -4.023  -4.175  -4.528  -5.045   0
   5.96710730  -4.110  -4.279  -4.566  -5.006   0
   5.97045326  -4.185  -4.371  -4.597  -4.967   0
   5.97375202  -4.249  -4.450  -4.619  -4.924   0
   5.97779655  -4.315  -4.519  -4.634  -4.876   0
   5.98205709  -4.373  -4.568  -4.640  -4.830   0
   5.98659563  -4.424  -4.599  -4.640  -4.786   0
   5.99182606  -4.474  -4.607  -4.625  -4.738   0
   5.99740505  -4.518  -4.609  -4.606  -4.690   0
   6.00000000  -4.533  -4.598  -4.590  -4.667   0
   6.00758076  -4.571  -4.578  -4.557  -4.615   0
   6.01709270  -4.599  -4.544  -4.513  -4.556   0
   6.02779531  -4.622  -4.510  -4.468  -4.499   0
   6.04052687  -4.637  -4.472  -4.422  -4.440   0
   6.06857061  -4.674  -4.463  -4.406  -4.413   1
   6.09410000  -4.731  -4.566  -4.518  -4.539   0
   6.10280371  -4.755  -4.641  -4.600  -4.634   0
   6.10984659  -4.763  -4.713  -4.683  -4.731   0
   6.11582565  -4.758  -4.778  -4.760  -4.826   0
   6.12003803  -4.732  -4.829  -4.828  -4.920   0
   6.12313938  -4.688  -4.850  -4.879  -5.013   0
   6.12541676  -4.641  -4.832  -4.897  -5.080   0
   6.12731218  -4.580  -4.786  -4.904  -5.156   3
   6.12834549  -4.509  -4.713  -4.894  -5.219   0
   6.12959337  -4.380  -4.557  -4.858  -5.316   0
   6.13086128  -4.238  -4.400  -4.805  -5.379   0
   6.13145018  -4.062  -4.233  -4.741  -5.418   0
   6.13184071  -3.863  -4.069  -4.675  -5.439   0
   6.13216686  -3.642  -3.902  -4.604  -5.446   0
   6.13270807  -3.303  -3.667  -4.486  -5.413   0
   6.13319254  -2.993  -3.464  -4.371  -5.363   4
   6.13358736  -2.887  -3.457  -4.431  -5.471   0
   6.13384581  -2.893  -3.525  -4.542  -5.611   0
   6.13586283  -2.889  -3.603  -4.665  -5.767   0
   6.13651609  -2.891  -3.672  -4.771  -5.900   0
   6.13742685  -2.904  -3.759  -4.897  -6.055   0
   6.13847446  -2.901  -3.837  -5.020  -6.210   0
   6.13953876  -2.914  -3.922  -5.146  -6.364   0
   6.14039230  -2.915  -3.996  -5.258  -6.506   0
   6.14103556  -2.899  -4.055  -5.355  -6.633   0
   6.14167404  -2.914  -4.111  -5.434  -6.730   0
