   0.15000001  15.217  13.647  12.067  10.123   0
   0.20000000  13.701  12.467  11.056   9.363   0
   0.25000000  12.880  11.775  10.445   8.860   0
   0.30000001  12.319  11.264   9.984   8.466   0
   0.34999999  11.874  10.853   9.611   8.143   0
   0.40000001  11.435  10.432   9.216   7.784   0
   0.44999999  11.039  10.067   8.886   7.501   0
   0.50000000  10.565   9.638   8.502   7.176   0
   0.55000001  10.012   9.148   8.069   6.820   0
   0.60000002   9.400   8.639   7.622   6.457   0
   0.69999999   7.932   7.510   6.652   5.702   0
   0.80000001   6.636   6.536   5.842   5.055   0
   0.89999998   5.670   5.746   5.184   4.509   0
   1.00000000   4.925   5.064   4.603   4.017   0
   1.10000002   4.326   4.466   4.081   3.578   0
   1.20000005   3.828   3.934   3.615   3.200   0
   1.29999995   3.399   3.443   3.197   2.897   0
   1.39148307   3.057   3.047   2.869   2.680   0
   1.39999998   3.027   3.012   2.841   2.661   0
   1.44605696   2.868   2.835   2.696   2.564   0
   1.50000000   2.694   2.657   2.554   2.466   0
   1.51274049   2.653   2.615   2.520   2.442   0
   1.59125829   2.415   2.399   2.342   2.308   0
   1.60000002   2.391   2.377   2.324   2.294   0
   1.70000005   2.112   2.142   2.123   2.127   0
   1.79999995   1.858   1.934   1.940   1.966   0
   1.89999998   1.619   1.744   1.769   1.810   0
   1.92666185   1.559   1.695   1.725   1.770   0
   2.00000000   1.398   1.567   1.608   1.660   0
   2.20000005   0.986   1.232   1.295   1.363   0
   2.41187310   0.587   0.900   0.980   1.060   0
   2.50000000   0.426   0.762   0.846   0.931   0
   2.60022068   0.249   0.608   0.698   0.787   0
   2.74800515  -0.011   0.374   0.469   0.563   0
   2.87252402  -0.234   0.165   0.265   0.361   0
   2.97804904  -0.430  -0.025   0.077   0.173   0
   3.00000000  -0.472  -0.067   0.035   0.131   0
   3.07910919  -0.620  -0.214  -0.111  -0.016   1
   3.16029763  -0.779  -0.379  -0.277  -0.184   0
   3.23023224  -0.927  -0.538  -0.437  -0.348   0
   3.29089093  -1.062  -0.690  -0.591  -0.508   0
   3.34414792  -1.190  -0.838  -0.743  -0.666   0
   3.36825371  -1.251  -0.910  -0.816  -0.742   0
   3.39080882  -1.310  -0.976  -0.883  -0.811   0
   3.40483928  -1.348  -1.014  -0.921  -0.850   0
   3.41588306  -1.376  -1.034  -0.939  -0.866   3
   3.42376637  -1.396  -1.033  -0.935  -0.857   0
   3.42915940  -1.410  -1.001  -0.895  -0.806   0
   3.43070483  -1.420  -0.976  -0.864  -0.767   0
   3.43157148  -1.452  -0.970  -0.851  -0.745   0
   3.43167138  -1.438  -0.960  -0.841  -0.736   0
   3.43188262  -1.382  -0.935  -0.822  -0.724   0
   3.43212914  -1.410  -1.001  -0.895  -0.806   0
   3.43245578  -1.511  -1.141  -1.041  -0.963   0
   3.43288803  -1.605  -1.281  -1.189  -1.122   0
   3.43344069  -1.677  -1.410  -1.327  -1.273   0
   3.43393803  -1.716  -1.502  -1.428  -1.387   0
   3.43431473  -1.738  -1.565  -1.498  -1.467   0
   3.43485236  -1.755  -1.646  -1.592  -1.576   0
   3.43524194  -1.755  -1.697  -1.656  -1.654   0
   3.43564487  -1.745  -1.745  -1.720  -1.735   0
   3.43606067  -1.720  -1.785  -1.781  -1.821   0
   3.43649006  -1.673  -1.798  -1.829  -1.909   0
   3.43692374  -1.599  -1.767  -1.851  -1.999   3
   3.43713832  -1.550  -1.720  -1.846  -2.043   0
   3.43735719  -1.494  -1.662  -1.835  -2.086   0
   3.43757153  -1.428  -1.575  -1.805  -2.126   0
   3.43779039  -1.345  -1.469  -1.762  -2.161   0
   3.43800473  -1.236  -1.341  -1.704  -2.189   0
   3.43843770  -0.891  -1.003  -1.539  -2.203   0
   3.43885732  -0.505  -0.683  -1.340  -2.105   0
   3.43927646  -0.144  -0.407  -1.161  -2.003   4
   3.43964100  -0.028  -0.385  -1.206  -2.101   0
   3.44000936  -0.065  -0.491  -1.361  -2.293   0
   3.44047904  -0.115  -0.601  -1.507  -2.469   0
   3.44105411  -0.166  -0.701  -1.633  -2.617   0
   3.44166374  -0.208  -0.792  -1.753  -2.758   0
   3.44225717  -0.238  -0.876  -1.865  -2.893   0
   3.44290066  -0.302  -0.982  -1.995  -3.040   0
   3.44354367  -0.363  -1.085  -2.120  -3.182   0
   3.44418192  -0.385  -1.133  -2.181  -3.253   0
   3.44450068  -0.399  -1.156  -2.208  -3.284   2
   3.45106268  -0.377  -1.098  -2.133  -3.195   0
   3.45878482  -0.342  -1.023  -2.036  -3.081   0
   3.46478200  -0.309  -0.956  -1.950  -2.980   0
   3.47032714  -0.286  -0.887  -1.856  -2.866   0
   3.47551060  -0.256  -0.813  -1.758  -2.750   0
   3.48155189  -0.220  -0.731  -1.651  -2.623   0
   3.49008322  -0.212  -0.663  -1.549  -2.494   0
   3.50000000  -0.260  -0.660  -1.507  -2.422   0
   3.50215101  -0.275  -0.665  -1.505  -2.413   4
   3.51204801  -0.585  -0.892  -1.666  -2.522   0
   3.51659679  -0.861  -1.108  -1.819  -2.625   0
   3.52010393  -1.122  -1.306  -1.942  -2.689   0
   3.52283835  -1.327  -1.474  -2.032  -2.714   0
   3.52493858  -1.496  -1.620  -2.101  -2.713   0
   3.52665591  -1.606  -1.726  -2.150  -2.705   0
   3.52888227  -1.696  -1.823  -2.196  -2.693   0
   3.56809282  -1.952  -2.107  -2.389  -2.779   0
   3.57443261  -1.980  -2.137  -2.414  -2.797   1
   3.60895658  -2.051  -2.203  -2.512  -2.935   0
   3.62095737  -2.016  -2.159  -2.519  -3.001   0
   3.62764549  -1.960  -2.096  -2.508  -3.049   0
   3.63434315  -1.858  -2.000  -2.481  -3.093   0
   3.63925958  -1.733  -1.896  -2.445  -3.118   0
   3.64467669  -1.477  -1.701  -2.362  -3.128   0
   3.64858317  -1.135  -1.459  -2.233  -3.087   0
   3.65129685  -0.750  -1.199  -2.074  -3.006   0
   3.65246749  -0.560  -1.126  -2.072  -3.063   4
   3.65263224  -0.557  -1.190  -2.174  -3.195   0
   3.65276670  -0.587  -1.278  -2.295  -3.340   0
   3.65404153  -0.639  -1.422  -2.486  -3.569   0
   3.65443182  -0.660  -1.511  -2.608  -3.718   0
   3.65494347  -0.681  -1.609  -2.742  -3.883   0
   3.65546107  -0.702  -1.696  -2.861  -4.027   0
   3.65598488  -0.724  -1.782  -2.977  -4.167   0
   3.65653229  -0.721  -1.860  -3.091  -4.314   0
   3.65710998  -0.755  -1.969  -3.234  -4.486   0
   3.65760207  -0.757  -2.059  -3.362  -4.648   0
   3.65807009  -0.740  -2.150  -3.501  -4.828   0
   3.65846467  -0.705  -2.229  -3.628  -5.001   0
   3.65879846  -0.670  -2.303  -3.750  -5.170   0
   3.65907764  -0.620  -2.368  -3.863  -5.331   0
   3.65925980  -0.584  -2.417  -3.949  -5.451   0
   3.65944171  -0.552  -2.465  -4.036  -5.583   0
   3.65959930  -0.579  -2.487  -4.080  -5.690   0
   3.65973878  -0.615  -2.511  -4.122  -5.792   0
   3.65987229  -0.663  -2.536  -4.163  -5.902   0
   3.65998745  -0.700  -2.552  -4.189  -5.973   0
   3.66010857  -0.736  -2.566  -4.209  -6.033   2
   3.66027236  -0.699  -2.553  -4.189  -5.970   0
   3.66028452  -0.666  -2.540  -4.168  -5.906   0
   3.66032696  -0.715  -2.561  -4.200  -5.997   0
   3.66039348  -0.776  -2.583  -4.232  -6.092   0
   3.66040564  -0.812  -2.597  -4.249  -6.139   0
   3.66046286  -0.832  -2.597  -4.248  -6.165   0
   3.66050816  -0.847  -2.596  -4.245  -6.186   0
   3.66056490  -0.883  -2.602  -4.247  -6.215   0
   3.66062140  -0.923  -2.611  -4.250  -6.244   0
   3.66067815  -0.961  -2.619  -4.252  -6.273   0
   3.66073489  -0.996  -2.626  -4.253  -6.302   0
   3.66079164  -1.020  -2.629  -4.253  -6.322   0
   3.66083694  -1.035  -2.631  -4.253  -6.335   0
   3.66089368  -1.053  -2.633  -4.252  -6.351   0
   3.66095042  -1.070  -2.634  -4.251  -6.368   0
   3.66100717  -1.086  -2.635  -4.250  -6.384   0
   3.66127992  -1.103  -2.632  -4.245  -6.401   0
   3.66154265  -1.121  -2.632  -4.243  -6.421   0
   3.66180658  -1.137  -2.631  -4.240  -6.439   0
   3.66213918  -1.154  -2.628  -4.236  -6.462   0
   3.66247487  -1.169  -2.625  -4.231  -6.484   0
   3.66281486  -1.182  -2.620  -4.225  -6.504   0
   3.66316032  -1.192  -2.613  -4.219  -6.524   0
   3.66351199  -1.200  -2.606  -4.212  -6.544   0
   3.66387057  -1.206  -2.597  -4.204  -6.563   0
   3.66423202  -1.210  -2.587  -4.194  -6.582   0
   3.66458225  -1.211  -2.576  -4.185  -6.600   0
   3.66491508  -1.207  -2.555  -4.162  -6.609   0
   3.66523242  -1.203  -2.531  -4.136  -6.616   0
   3.66559434  -1.197  -2.504  -4.106  -6.624   0
   3.66593623  -1.192  -2.479  -4.078  -6.631   0
   3.66627526  -1.185  -2.453  -4.049  -6.637   0
   3.66654325  -1.177  -2.429  -4.022  -6.638   0
   3.66664743  -1.170  -2.416  -4.009  -6.635   0
   3.66669393  -1.163  -2.406  -3.999  -6.630   0
   3.66671538  -1.157  -2.399  -3.991  -6.624   0
   3.66672540  -1.151  -2.392  -3.985  -6.619   0
   3.66673064  -1.145  -2.386  -3.979  -6.613   0
   3.66673374  -1.139  -2.380  -3.972  -6.608   0
   3.66673636  -1.133  -2.374  -3.966  -6.602   0
   3.66674113  -1.126  -2.367  -3.959  -6.595   0
   3.66674638  -1.119  -2.360  -3.952  -6.588   0
   3.66675138  -1.112  -2.352  -3.944  -6.581   0
   3.66675663  -1.103  -2.343  -3.935  -6.572   0
   3.66676188  -1.093  -2.333  -3.925  -6.562   0
   3.66676688  -1.078  -2.318  -3.910  -6.548   0
   3.66677213  -1.063  -2.302  -3.894  -6.532   0
   3.66677737  -1.045  -2.284  -3.876  -6.515   0
   3.66678238  -1.026  -2.265  -3.857  -6.496   0
   3.66678762  -1.005  -2.243  -3.835  -6.475   0
   3.66679573  -0.981  -2.219  -3.811  -6.451   0
