   0.15000001  15.217  13.648  12.068  10.124   0
   0.20000000  13.704  12.469  11.059   9.365   0
   0.25000000  12.885  11.780  10.449   8.864   0
   0.30000001  12.325  11.270   9.989   8.471   0
   0.34999999  11.880  10.859   9.617   8.149   0
   0.40000001  11.437  10.434   9.217   7.785   0
   0.44999999  11.041  10.069   8.888   7.502   0
   0.50000000  10.569   9.642   8.505   7.179   0
   0.55000001  10.017   9.152   8.073   6.824   0
   0.60000002   9.408   8.647   7.629   6.463   0
   0.69999999   7.949   7.524   6.664   5.712   0
   0.80000001   6.661   6.557   5.860   5.071   0
   0.89999998   5.705   5.778   5.213   4.536   0
   1.00000000   4.963   5.102   4.637   4.048   0
   1.10000002   4.366   4.509   4.121   3.615   0
   1.20000005   3.876   3.986   3.665   3.245   0
   1.29999995   3.452   3.502   3.252   2.947   0
   1.39999998   3.086   3.077   2.901   2.716   0
   1.50000000   2.769   2.734   2.626   2.534   0
   1.60000002   2.474   2.462   2.408   2.379   0
   1.70000005   2.205   2.244   2.227   2.237   0
   1.79999995   1.965   2.060   2.070   2.102   0
   1.89999998   1.753   1.905   1.937   1.986   0
   2.00000000   1.551   1.759   1.808   1.870   0
   2.20000005   1.211   1.508   1.580   1.661   0
   2.26701617   1.109   1.431   1.508   1.594   0
   2.50000000   0.779   1.181   1.275   1.377   0
   3.00000000   0.198   0.723   0.843   0.971   0
   3.50000000  -0.265   0.345   0.486   0.634   0
   4.00000000  -0.653   0.021   0.178   0.343   0
   4.50000000  -0.988  -0.263  -0.092   0.086   0
   5.00000000  -1.278  -0.509  -0.327  -0.136   0
   6.00000000  -1.807  -0.967  -0.767  -0.555   0
   7.00000000  -2.258  -1.363  -1.147  -0.919   0
   7.43414259  -2.436  -1.522  -1.301  -1.068   0
   9.00000000  -3.020  -2.044  -1.806  -1.554   0
  12.00000000  -3.924  -2.865  -2.602  -2.323   0
  12.37431717  -4.022  -2.956  -2.690  -2.408   0
  15.00000000  -4.693  -3.580  -3.302  -3.008   0
  15.87689304  -4.881  -3.757  -3.477  -3.181   0
  18.91539383  -5.520  -4.376  -4.093  -3.797   0
  20.00000000  -5.753  -4.609  -4.325  -4.031   1
  21.22549629  -5.970  -4.828  -4.546  -4.251   0
  23.62912941  -6.464  -5.335  -5.061  -4.776   0
  25.58463097  -6.927  -5.842  -5.581  -5.311   0
  26.42161369  -7.166  -6.107  -5.859  -5.607   0
  26.93370247  -7.335  -6.278  -6.040  -5.800   0
  27.01671410  -7.326  -6.267  -6.026  -5.782   0
  27.12782860  -7.267  -6.198  -5.945  -5.686   0
  27.14247131  -7.240  -6.152  -5.890  -5.620   0
  27.14544296  -7.238  -6.142  -5.879  -5.608   1
  27.15283775  -7.292  -6.218  -5.962  -5.700   0
  27.15455055  -7.338  -6.270  -6.018  -5.761   0
  27.15697670  -7.423  -6.360  -6.116  -5.868   0
  27.15903282  -7.507  -6.444  -6.207  -5.970   0
  27.16103363  -7.563  -6.517  -6.287  -6.057   0
  27.16288948  -7.606  -6.586  -6.360  -6.136   0
  27.16451645  -7.653  -6.657  -6.435  -6.218   0
  27.16617203  -7.704  -6.737  -6.520  -6.310   0
  27.16757393  -7.752  -6.811  -6.600  -6.396   0
  27.16902924  -7.807  -6.897  -6.691  -6.495   0
  27.17051315  -7.879  -6.992  -6.795  -6.610   0
  27.17168427  -7.975  -7.075  -6.892  -6.725   0
  27.17265701  -8.036  -7.146  -6.971  -6.813   0
  27.17396927  -8.093  -7.245  -7.075  -6.927   0
  27.17505455  -8.142  -7.330  -7.166  -7.025   0
  27.17628479  -8.200  -7.432  -7.274  -7.144   0
  27.17725372  -8.248  -7.514  -7.363  -7.242   0
  27.17851067  -8.313  -7.625  -7.483  -7.374   0
  27.17936897  -8.379  -7.690  -7.563  -7.473   0
  27.18054008  -8.456  -7.788  -7.677  -7.607   0
  27.18228149  -8.515  -7.974  -7.865  -7.801   0
  27.18482399  -8.618  -8.225  -8.134  -8.097   0
  27.18736839  -8.720  -8.423  -8.367  -8.378   0
  27.18865395  -8.730  -8.517  -8.472  -8.499   0
  27.18991089  -8.714  -8.580  -8.550  -8.595   0
  27.19119644  -8.704  -8.587  -8.581  -8.656   0
  27.19228172  -8.717  -8.613  -8.617  -8.705   0
  27.19419670  -8.756  -8.672  -8.690  -8.791   0
  27.20025444  -8.788  -8.736  -8.783  -8.914   0
  27.20285416  -8.788  -8.749  -8.797  -8.932   2
  27.23441315  -8.773  -8.717  -8.763  -8.894   0
  27.25963593  -8.773  -8.711  -8.754  -8.881   0
  27.31285667  -8.786  -8.536  -8.487  -8.509   0
  27.35260391  -8.784  -8.473  -8.415  -8.422   0
  27.36540222  -8.788  -8.455  -8.389  -8.385   0
  27.37182426  -8.752  -8.401  -8.318  -8.291   0
  27.37503624  -8.727  -8.339  -8.250  -8.213   0
  27.37821198  -8.708  -8.288  -8.193  -8.150   0
  27.38142776  -8.689  -8.244  -8.146  -8.097   0
  27.38785744  -8.659  -8.176  -8.072  -8.015   0
  27.39964294  -8.631  -8.105  -7.996  -7.934   0
  27.41221428  -8.617  -8.067  -7.957  -7.892   0
  27.42460442  -8.612  -8.050  -7.939  -7.874   0
  27.44972801  -8.611  -8.044  -7.933  -7.868   4
  27.51235390  -8.625  -8.076  -7.966  -7.902   0
  27.68447304  -8.685  -8.209  -8.105  -8.050   0
  27.81781006  -8.740  -8.318  -8.224  -8.180   0
  28.00909996  -8.867  -8.643  -8.597  -8.622   0
  28.18783760  -8.759  -8.876  -8.940  -9.106   0
  28.31323242  -8.781  -8.871  -8.927  -9.080   0
  28.41300774  -8.760  -8.870  -8.933  -9.096   2
  28.49165154  -8.646  -8.087  -7.977  -7.912   1
  28.55849838  -8.666  -8.136  -8.027  -7.964   0
  28.61465073  -8.682  -8.177  -8.070  -8.009   0
  28.66040611  -8.737  -8.298  -8.201  -8.154   0
  28.69694328  -8.780  -8.410  -8.323  -8.290   0
  28.73485184  -8.858  -8.538  -8.478  -8.483   0
  28.76174545  -8.877  -8.680  -8.637  -8.667   0
  28.79425240  -8.855  -8.821  -8.874  -9.013   0
  28.81782341  -8.673  -8.855  -8.980  -9.216   3
  28.84400749  -8.321  -8.636  -8.942  -9.385   0
  28.86077309  -8.122  -8.486  -8.900  -9.435   0
  28.87755585  -7.826  -8.277  -8.848  -9.510   0
  28.89392853  -7.524  -8.059  -8.773  -9.545   0
  28.90988731  -7.143  -7.805  -8.674  -9.565   0
  28.91722488  -6.976  -7.701  -8.632  -9.568   0
  28.92499924  -6.826  -7.610  -8.597  -9.574   0
  28.92845535  -6.760  -7.570  -8.582  -9.577   0
  28.93234444  -6.680  -7.527  -8.563  -9.577   0
  28.93796349  -6.558  -7.459  -8.532  -9.574   0
  28.94185448  -6.478  -7.415  -8.512  -9.571   0
  28.94382858  -6.448  -7.402  -8.511  -9.579   0
  29.05666542  -6.220  -7.301  -8.495  -9.626   4
  29.10467148  -6.086  -7.298  -8.561  -9.746   0
  29.10822487  -6.099  -7.328  -8.599  -9.791   0
  29.10999870  -6.105  -7.341  -8.616  -9.812   0
  29.11437988  -6.126  -7.384  -8.670  -9.874   0
