   0.15000001  15.217  13.648  12.068  10.124   0
   0.20000000  13.704  12.469  11.058   9.365   0
   0.25000000  12.885  11.779  10.449   8.864   0
   0.30000001  12.324  11.269   9.989   8.471   0
   0.34999999  11.880  10.858   9.616   8.149   0
   0.40000001  11.437  10.434   9.217   7.785   0
   0.44999999  11.041  10.069   8.888   7.502   0
   0.50000000  10.568   9.641   8.505   7.179   0
   0.55000001  10.017   9.152   8.073   6.824   0
   0.60000002   9.408   8.646   7.628   6.462   0
   0.69999999   7.947   7.522   6.662   5.710   0
   0.76600462   7.059   6.860   6.109   5.271   0
   0.80000001   6.658   6.553   5.857   5.068   0
   0.83912921   6.257   6.234   5.590   4.848   0
   0.89999998   5.701   5.774   5.209   4.532   0
   1.00000000   4.956   5.095   4.631   4.042   0
   1.10000002   4.360   4.503   4.116   3.610   0
   1.15498400   4.085   4.210   3.859   3.402   0
   1.20000005   3.870   3.980   3.658   3.239   0
   1.25039208   3.651   3.731   3.446   3.085   0
   1.29999995   3.448   3.499   3.248   2.941   0
   1.39999998   3.086   3.077   2.900   2.714   0
   1.50000000   2.765   2.730   2.621   2.528   0
   1.60000002   2.473   2.460   2.406   2.376   0
   1.70000005   2.204   2.242   2.224   2.233   0
   1.79999995   1.964   2.056   2.065   2.097   0
   1.89999998   1.746   1.895   1.926   1.975   0
   2.00000000   1.545   1.748   1.795   1.857   0
   2.20000005   1.194   1.485   1.556   1.636   0
   2.50000000   0.753   1.148   1.240   1.341   0
   3.00000000   0.153   0.668   0.786   0.912   0
   3.50000000  -0.330   0.267   0.405   0.549   0
   3.84399033  -0.619   0.022   0.171   0.326   0
   4.00000000  -0.743  -0.083   0.071   0.232   0
   4.50000000  -1.096  -0.384  -0.216  -0.041   0
   5.00000000  -1.423  -0.666  -0.486  -0.299   0
   5.21200037  -1.556  -0.781  -0.598  -0.406   0
   6.00000000  -2.027  -1.198  -1.000  -0.793   0
   6.18600225  -2.132  -1.291  -1.089  -0.879   0
   6.94176865  -2.552  -1.670  -1.457  -1.235   0
   7.00000000  -2.584  -1.700  -1.486  -1.264   0
   7.58741903  -2.904  -1.996  -1.776  -1.547   0
   8.12685013  -3.208  -2.283  -2.058  -1.825   0
   8.58052254  -3.470  -2.533  -2.305  -2.069   0
   8.96262836  -3.716  -2.774  -2.545  -2.309   0
   9.00000000  -3.740  -2.798  -2.569  -2.333   0
   9.26756477  -3.904  -2.959  -2.730  -2.494   1
   9.82919407  -4.315  -3.378  -3.152  -2.923   0
  10.25124645  -4.696  -3.785  -3.567  -3.349   0
  10.42086220  -4.873  -3.977  -3.763  -3.553   0
  10.49090958  -4.942  -4.049  -3.836  -3.627   0
  10.53527641  -4.960  -4.054  -3.838  -3.625   3
  10.55766201  -4.931  -3.988  -3.763  -3.537   0
  10.56069946  -4.938  -3.967  -3.736  -3.501   0
  10.56083965  -4.937  -3.966  -3.734  -3.500   0
  10.56199265  -4.920  -3.972  -3.746  -3.518   0
  10.56252956  -4.957  -4.029  -3.808  -3.587   0
  10.56299782  -5.027  -4.119  -3.904  -3.692   0
  10.56351662  -5.119  -4.237  -4.029  -3.827   0
  10.56406784  -5.227  -4.375  -4.175  -3.985   0
  10.56445217  -5.303  -4.474  -4.281  -4.099   0
  10.56487083  -5.384  -4.582  -4.396  -4.225   0
  10.56528854  -5.464  -4.693  -4.514  -4.354   0
  10.56572247  -5.553  -4.814  -4.645  -4.499   0
  10.56615734  -5.645  -4.942  -4.785  -4.653   0
  10.56662560  -5.743  -5.086  -4.942  -4.828   0
  10.56695938  -5.817  -5.198  -5.064  -4.965   0
  10.56722641  -5.875  -5.291  -5.166  -5.080   0
  10.56731033  -5.892  -5.318  -5.196  -5.114   0
  10.56756401  -5.945  -5.411  -5.298  -5.229   0
  10.56781769  -5.994  -5.516  -5.412  -5.356   0
  10.56803703  -6.032  -5.609  -5.514  -5.470   0
  10.56822300  -6.058  -5.687  -5.599  -5.566   0
  10.56839180  -6.087  -5.756  -5.680  -5.662   0
  10.56856060  -6.120  -5.824  -5.762  -5.765   0
  10.56872940  -6.139  -5.900  -5.850  -5.871   0
  10.56889915  -6.133  -5.983  -5.944  -5.980   0
  10.56900024  -6.121  -6.030  -6.001  -6.049   0
  10.56911850  -6.104  -6.074  -6.060  -6.128   0
  10.56923676  -6.069  -6.119  -6.119  -6.206   0
  10.56933880  -6.013  -6.134  -6.156  -6.274   0
  10.56945610  -5.931  -6.120  -6.180  -6.349   0
  10.56957436  -5.836  -6.069  -6.181  -6.415   3
  10.56967640  -5.729  -5.981  -6.164  -6.477   0
  10.56979465  -5.573  -5.825  -6.123  -6.548   0
  10.56991291  -5.366  -5.626  -6.054  -6.605   0
  10.57001400  -5.093  -5.392  -5.960  -6.637   0
  10.57006454  -4.852  -5.209  -5.882  -6.645   0
  10.57018280  -4.294  -4.834  -5.705  -6.618   0
  10.57033443  -3.566  -4.386  -5.452  -6.512   0
  10.57050419  -3.064  -4.096  -5.273  -6.424   4
  10.57069111  -2.728  -4.027  -5.330  -6.589   0
  10.57079315  -2.672  -4.120  -5.487  -6.802   0
  10.57089615  -2.711  -4.230  -5.628  -6.968   0
  10.57113361  -2.741  -4.331  -5.761  -7.126   0
  10.57210445  -2.753  -4.407  -5.866  -7.256   0
  10.57680321  -2.760  -4.454  -5.931  -7.337   2
  10.61699772  -2.793  -4.400  -5.839  -7.209   0
  10.65905190  -2.832  -4.351  -5.751  -7.087   0
  10.71424866  -2.987  -4.373  -5.714  -6.998   0
  10.73700333  -3.125  -4.438  -5.748  -7.002   0
  10.75591087  -3.411  -4.603  -5.857  -7.059   0
  10.76695061  -6.214  -6.456  -6.589  -6.850   0
  10.76984406  -6.347  -6.535  -6.596  -6.771   3
  10.77130508  -6.412  -6.555  -6.583  -6.714   0
  10.77284908  -6.451  -6.535  -6.550  -6.661   0
  10.77433872  -6.481  -6.520  -6.525  -6.618   0
  10.77731895  -6.507  -6.471  -6.467  -6.548   0
  10.78179550  -6.522  -6.430  -6.412  -6.472   0
  10.79051781  -6.530  -6.374  -6.335  -6.370   0
  10.80458260  -6.540  -6.279  -6.228  -6.247   0
  10.82588959  -6.522  -6.191  -6.125  -6.121   0
  10.84908581  -6.502  -6.158  -6.079  -6.058   1
  10.88110924  -6.553  -6.221  -6.155  -6.151   0
  10.89371109  -6.584  -6.296  -6.241  -6.254   0
  10.90270424  -6.598  -6.380  -6.335  -6.361   0
  10.90858650  -6.596  -6.452  -6.414  -6.450   0
  10.91406059  -6.597  -6.506  -6.491  -6.555   0
  10.91737366  -6.582  -6.549  -6.547  -6.630   0
  10.92053223  -6.545  -6.601  -6.611  -6.713   0
  10.92353630  -6.465  -6.620  -6.661  -6.808   0
  10.92630672  -6.315  -6.552  -6.673  -6.922   3
  10.92777157  -6.188  -6.447  -6.653  -6.993   0
  10.93030930  -5.765  -6.058  -6.534  -7.129   0
  10.93271732  -3.279  -4.472  -5.728  -6.934   4
  10.93882656  -2.925  -4.524  -5.960  -7.324   0
  10.94182873  -2.874  -4.580  -6.064  -7.472   0
  10.94238186  -2.849  -4.601  -6.105  -7.532   0
  10.94249439  -2.847  -4.605  -6.111  -7.540   3
  10.94343948  -2.848  -4.603  -6.109  -7.537   0
  10.94457054  -2.811  -4.624  -6.154  -7.607   0
  10.94545841  -2.779  -4.643  -6.195  -7.669   0
  10.94662380  -2.752  -4.669  -6.244  -7.740   0
  10.94791031  -2.726  -4.693  -6.290  -7.806   0
  10.94912910  -2.696  -4.714  -6.333  -7.870   0
