   0.15000001  15.216  13.647  12.067  10.123   0
   0.20000000  13.699  12.465  11.055   9.362   0
   0.25000000  12.877  11.773  10.443   8.858   0
   0.30000001  12.315  11.260   9.980   8.463   0
   0.34999999  11.870  10.849   9.607   8.140   0
   0.40000001  11.434  10.431   9.215   7.783   0
   0.44999999  11.038  10.066   8.885   7.499   0
   0.50000000  10.563   9.636   8.500   7.175   0
   0.55000001  10.010   9.145   8.067   6.818   0
   0.60000002   9.396   8.636   7.618   6.454   0
   0.69999999   7.923   7.503   6.646   5.696   0
   0.80000001   6.623   6.525   5.832   5.047   0
   0.89999998   5.654   5.730   5.170   4.497   0
   1.00000000   4.904   5.043   4.584   4.001   0
   1.05458844   4.566   4.707   4.291   3.753   0
   1.10000002   4.304   4.442   4.059   3.558   0
   1.14888394   4.052   4.174   3.823   3.366   0
   1.20000005   3.801   3.905   3.588   3.175   0
   1.22333193   3.695   3.784   3.485   3.100   0
   1.29999995   3.366   3.407   3.163   2.868   0
   1.39999998   2.987   2.969   2.801   2.626   0
   1.47141421   2.739   2.702   2.584   2.476   0
   1.50000000   2.647   2.608   2.508   2.422   0
   1.52207053   2.574   2.533   2.446   2.378   0
   1.53694892   2.527   2.490   2.411   2.350   0
   1.60000002   2.335   2.318   2.266   2.235   0
   1.63130152   2.243   2.236   2.195   2.177   0
   1.70000005   2.048   2.071   2.050   2.051   0
   1.79999995   1.779   1.842   1.845   1.867   0
   1.84664178   1.660   1.744   1.756   1.784   0
   1.89999998   1.523   1.630   1.651   1.686   0
   2.00000000   1.277   1.425   1.462   1.508   0
   2.01485181   1.243   1.396   1.434   1.481   0
   2.14857078   0.932   1.127   1.179   1.236   0
   2.20000005   0.811   1.020   1.077   1.136   0
   2.26355815   0.668   0.893   0.954   1.016   0
   2.36313701   0.443   0.684   0.751   0.815   0
   2.44703579   0.250   0.496   0.566   0.630   0
   2.50000000   0.123   0.368   0.438   0.502   0
   2.52392125   0.067   0.311   0.382   0.445   1
   2.58753467  -0.086   0.147   0.217   0.277   0
   2.64227867  -0.220  -0.004   0.063   0.118   0
   2.69012785  -0.341  -0.148  -0.085  -0.037   0
   2.73239994  -0.453  -0.288  -0.229  -0.188   0
   2.75172806  -0.505  -0.353  -0.298  -0.261   0
   2.76986814  -0.556  -0.415  -0.362  -0.328   0
   2.78124523  -0.592  -0.452  -0.398  -0.365   0
   2.78988957  -0.625  -0.475  -0.418  -0.383   0
   2.79610634  -0.656  -0.480  -0.418  -0.377   3
   2.80033112  -0.695  -0.462  -0.389  -0.335   0
   2.80152321  -0.730  -0.450  -0.369  -0.305   0
   2.80218625  -0.781  -0.450  -0.359  -0.284   0
   2.80225873  -0.765  -0.438  -0.348  -0.274   0
   2.80243421  -0.687  -0.401  -0.318  -0.252   0
   2.80263877  -0.698  -0.460  -0.386  -0.330   0
   2.80292010  -0.781  -0.592  -0.526  -0.483   0
   2.80329990  -0.848  -0.717  -0.663  -0.634   0
   2.80380726  -0.884  -0.825  -0.788  -0.777   0
   2.80427718  -0.891  -0.895  -0.876  -0.886   0
   2.80474353  -0.877  -0.939  -0.944  -0.981   0
   2.80526853  -0.842  -0.958  -1.000  -1.080   0
   2.80564570  -0.802  -0.944  -1.022  -1.148   0
   2.80603862  -0.746  -0.900  -1.028  -1.215   3
   2.80644727  -0.671  -0.809  -1.008  -1.280   0
   2.80686235  -0.568  -0.670  -0.952  -1.334   0
   2.80728412  -0.409  -0.478  -0.862  -1.371   0
   2.80770564  -0.171  -0.239  -0.737  -1.367   0
   2.80812478   0.116   0.009  -0.581  -1.292   0
   2.80853915   0.437   0.277  -0.391  -1.166   0
   2.80895329   0.666   0.444  -0.290  -1.116   4
   2.80946183   0.689   0.390  -0.401  -1.274   0
   2.80990267   0.633   0.289  -0.533  -1.430   0
   2.81046200   0.567   0.183  -0.664  -1.582   0
   2.81113696   0.495   0.073  -0.800  -1.737   0
   2.81174064   0.431  -0.025  -0.918  -1.870   0
   2.81246686   0.355  -0.142  -1.057  -2.028   0
   2.81309581   0.287  -0.243  -1.175  -2.161   0
   2.81374216   0.234  -0.338  -1.292  -2.296   0
   2.81435800   0.177  -0.432  -1.408  -2.427   0
   2.81494689   0.138  -0.514  -1.513  -2.550   0
   2.81547093   0.096  -0.574  -1.583  -2.628   2
   2.81682849   0.127  -0.515  -1.509  -2.542   0
   2.81968999   0.176  -0.429  -1.403  -2.420   0
   2.82286668   0.216  -0.348  -1.299  -2.299   0
   2.82561207   0.270  -0.258  -1.189  -2.173   0
   2.82788825   0.315  -0.178  -1.089  -2.057   0
   2.83043075   0.384  -0.073  -0.966  -1.919   0
   2.83333445   0.455   0.037  -0.832  -1.766   0
   2.83680606   0.528   0.148  -0.696  -1.610   0
   2.84326935   0.573   0.252  -0.553  -1.437   0
   2.84934258   0.528   0.250  -0.524  -1.383   4
   2.87918830  -0.207  -0.348  -0.974  -1.715   0
   2.91615844  -0.414  -0.557  -1.171  -1.901   0
   2.94871473  -0.609  -0.752  -1.351  -2.068   0
   2.98538685  -0.673  -0.844  -1.479  -2.227   0
   3.00000000  -0.599  -0.809  -1.486  -2.266   3
   3.00857830  -0.496  -0.741  -1.458  -2.269   0
   3.01720643  -0.253  -0.569  -1.354  -2.220   0
   3.02363539  -0.022  -0.451  -1.321  -2.253   4
   3.02403307  -0.006  -0.490  -1.394  -2.354   0
   3.02416372  -0.047  -0.581  -1.513  -2.495   0
   3.02429104  -0.102  -0.691  -1.653  -2.659   0
   3.02597690  -0.141  -0.802  -1.805  -2.842   0
   3.02646136  -0.213  -0.940  -1.977  -3.041   0
   3.02694535  -0.258  -1.051  -2.121  -3.212   0
   3.02742934  -0.285  -1.140  -2.239  -3.355   0
   3.02791286  -0.295  -1.220  -2.354  -3.498   0
   3.02848959  -0.348  -1.347  -2.516  -3.688   0
   3.02889609  -0.375  -1.440  -2.638  -3.835   0
   3.02927232  -0.379  -1.524  -2.759  -3.989   0
   3.02960515  -0.403  -1.621  -2.888  -4.147   0
   3.02989125  -0.412  -1.711  -3.012  -4.302   0
   3.03011751  -0.406  -1.784  -3.120  -4.440   0
   3.03031707  -0.348  -1.829  -3.209  -4.571   0
   3.03049994  -0.341  -1.903  -3.318  -4.714   0
   3.03066611  -0.321  -1.972  -3.426  -4.859   0
   3.03081918  -0.267  -2.021  -3.518  -4.995   0
   3.03097200  -0.249  -2.085  -3.618  -5.128   0
   3.03117132  -0.225  -2.110  -3.679  -5.251   0
   3.03127432  -0.248  -2.126  -3.719  -5.364   0
   3.03136063  -0.283  -2.147  -3.759  -5.467   0
   3.03143692  -0.324  -2.167  -3.793  -5.563   2
   3.03150344  -0.284  -2.148  -3.760  -5.470   0
   3.03153992  -0.331  -2.170  -3.798  -5.576   0
   3.03157115  -0.343  -2.175  -3.807  -5.600   0
   3.03160191  -0.356  -2.180  -3.815  -5.624   0
   3.03163266  -0.370  -2.186  -3.824  -5.648   0
   3.03166342  -0.384  -2.192  -3.832  -5.673   0
   3.03169417  -0.399  -2.198  -3.841  -5.696   0
   3.03172493  -0.415  -2.205  -3.850  -5.720   0
   3.03175545  -0.432  -2.211  -3.858  -5.744   0
   3.03178620  -0.448  -2.212  -3.859  -5.767   0
   3.03181696  -0.463  -2.210  -3.857  -5.788   0
   3.03184772  -0.478  -2.209  -3.854  -5.809   0
   3.03187847  -0.494  -2.207  -3.851  -5.831   0
   3.03190923  -0.509  -2.206  -3.849  -5.851   0
   3.03193998  -0.525  -2.204  -3.846  -5.872   0
   3.03196454  -0.537  -2.203  -3.844  -5.888   0
   3.03199530  -0.562  -2.207  -3.845  -5.909   0
   3.03202581  -0.586  -2.211  -3.845  -5.928   0
   3.03214073  -0.610  -2.215  -3.846  -5.947   0
   3.03225517  -0.634  -2.219  -3.846  -5.967   0
   3.03236890  -0.656  -2.222  -3.846  -5.986   0
   3.03248239  -0.677  -2.224  -3.845  -6.005   0
   3.03259516  -0.696  -2.225  -3.844  -6.023   0
   3.03270769  -0.714  -2.226  -3.842  -6.041   0
   3.03281975  -0.730  -2.226  -3.840  -6.059   0
   3.03293157  -0.746  -2.225  -3.838  -6.076   0
   3.03304315  -0.760  -2.224  -3.835  -6.093   0
   3.03315449  -0.772  -2.222  -3.832  -6.110   0
   3.03326559  -0.784  -2.219  -3.828  -6.126   0
   3.03337693  -0.794  -2.215  -3.824  -6.142   0
   3.03348804  -0.802  -2.211  -3.819  -6.157   0
   3.03359938  -0.810  -2.206  -3.814  -6.172   0
   3.03373861  -0.817  -2.199  -3.807  -6.191   0
   3.03387833  -0.823  -2.191  -3.800  -6.209   0
   3.03401875  -0.822  -2.175  -3.783  -6.221   0
   3.03415990  -0.818  -2.152  -3.757  -6.229   0
   3.03430200  -0.813  -2.128  -3.731  -6.236   0
   3.03444552  -0.809  -2.105  -3.705  -6.243   0
   3.03459072  -0.804  -2.082  -3.680  -6.249   0
   3.03473806  -0.799  -2.060  -3.655  -6.256   0
   3.03489780  -0.793  -2.035  -3.628  -6.261   0
   3.03505659  -0.783  -2.007  -3.597  -6.262   0
   3.03513312  -0.773  -1.990  -3.578  -6.257   0
   3.03517699  -0.764  -1.976  -3.564  -6.251   0
   3.03520179  -0.754  -1.963  -3.551  -6.243   0
   3.03521609  -0.742  -1.950  -3.537  -6.232   0
   3.03522396  -0.731  -1.937  -3.525  -6.221   0
   3.03522849  -0.720  -1.926  -3.513  -6.210   0
   3.03523064  -0.709  -1.915  -3.502  -6.200   0
   3.03523278  -0.697  -1.903  -3.490  -6.188   0
   3.03523493  -0.685  -1.890  -3.478  -6.176   0
   3.03523707  -0.672  -1.877  -3.464  -6.163   0
   3.03523922  -0.658  -1.863  -3.450  -6.150   0
   3.03524137  -0.643  -1.848  -3.435  -6.135   0
   3.03524351  -0.627  -1.832  -3.419  -6.119   0
   3.03524566  -0.610  -1.814  -3.401  -6.102   0
   3.03524899  -0.591  -1.795  -3.382  -6.083   0
