   0.15000001  15.174  13.617  12.043  10.107   0
   0.20000000  13.602  12.383  10.983   9.303   0
   0.25000000  12.753  11.661  10.340   8.767   0
   0.30000001  12.176  11.128   9.855   8.348   0
   0.34999999  11.733  10.712   9.475   8.014   0
   0.40000001  11.374  10.373   9.160   7.734   0
   0.44999999  10.951   9.984   8.809   7.432   0
   0.50000000  10.441   9.523   8.397   7.086   0
   0.55000001   9.834   8.991   7.927   6.699   0
   0.60000002   9.113   8.402   7.411   6.284   0
   0.62475562   8.658   8.052   7.114   6.058   0
   0.66106468   8.016   7.569   6.699   5.734   0
   0.69255251   7.488   7.173   6.363   5.466   0
   0.69999999   7.363   7.079   6.285   5.403   0
   0.70546937   7.270   7.009   6.226   5.355   0
   0.73062044   6.864   6.698   5.964   5.142   0
   0.75329155   6.512   6.422   5.733   4.951   0
   0.77399570   6.206   6.175   5.525   4.777   0
   0.79313129   5.943   5.952   5.336   4.616   0
   0.80000001   5.848   5.871   5.268   4.558   0
   0.80807942   5.738   5.776   5.186   4.487   0
   0.82510388   5.506   5.573   5.009   4.332   0
   0.84195411   5.291   5.373   4.832   4.174   0
   0.86021703   5.054   5.148   4.631   3.994   0
   0.87032008   4.923   5.022   4.516   3.889   0
   0.88020372   4.795   4.897   4.403   3.785   0
   0.88957673   4.673   4.778   4.292   3.682   0
   0.89202207   4.643   4.748   4.264   3.656   0
   0.89343894   4.625   4.730   4.248   3.640   0
   0.89999998   4.541   4.647   4.169   3.566   0
   0.90470260   4.476   4.580   4.105   3.504   0
   0.90863925   4.419   4.523   4.050   3.451   0
   0.92554396   4.176   4.271   3.799   3.199   1
   0.93691105   4.025   4.102   3.611   2.993   0
   0.94487739   3.959   4.010   3.478   2.822   0
   0.94944036   4.050   4.042   3.445   2.733   3
   0.95205915   4.216   4.137   3.473   2.704   0
   0.95410395   4.392   4.227   3.498   2.675   0
   0.95626563   4.449   4.207   3.427   2.560   0
   0.95793182   4.387   4.101   3.296   2.405   0
   0.95930982   4.276   3.965   3.145   2.242   0
   0.96045804   4.148   3.820   2.989   2.077   0
   0.96140295   4.026   3.684   2.845   1.926   0
   0.96226233   3.899   3.543   2.697   1.771   0
   0.96300411   3.778   3.408   2.554   1.621   0
   0.96369445   3.652   3.268   2.405   1.465   0
   0.96430635   3.525   3.127   2.255   1.309   0
   0.96487164   3.397   2.983   2.103   1.148   0
   0.96533877   3.285   2.851   1.961   0.998   0
   0.96577400   3.173   2.717   1.815   0.843   0
   0.96615762   3.062   2.585   1.672   0.690   0
   0.96648967   2.961   2.459   1.533   0.541   0
   0.96678728   2.865   2.338   1.399   0.395   0
   0.96705544   2.764   2.214   1.263   0.249   0
   0.96731377   2.658   2.086   1.122   0.098   0
   0.96755487   2.575   1.975   0.998  -0.037   0
   0.96777391   2.520   1.905   0.919  -0.123   2
   0.96803117   2.592   2.015   1.050   0.025   0
   0.96822029   2.496   1.889   0.908  -0.130   0
   0.96840155   2.411   1.772   0.773  -0.278   0
   0.96858555   2.319   1.646   0.631  -0.435   0
   0.96874064   2.245   1.536   0.503  -0.578   0
   0.96889317   2.176   1.419   0.362  -0.740   0
   0.96902472   2.075   1.287   0.216  -0.898   0
   0.96913785   2.006   1.177   0.086  -1.045   0
   0.96923524   1.946   1.070  -0.043  -1.192   0
   0.96933258   1.878   0.953  -0.183  -1.351   0
   0.96941686   1.818   0.844  -0.316  -1.504   0
   0.96948797   1.780   0.748  -0.437  -1.649   0
   0.96954852   1.720   0.646  -0.559  -1.788   0
   0.96960908   1.677   0.545  -0.686  -1.939   0
   0.96966177   1.659   0.457  -0.805  -2.086   0
   0.96970391   1.648   0.379  -0.912  -2.219   0
   0.96974605   1.628   0.292  -1.028  -2.361   0
   0.96978295   1.621   0.211  -1.140  -2.505   0
   0.96981716   1.617   0.132  -1.252  -2.650   0
   0.96984881   1.622   0.060  -1.357  -2.787   0
   0.96987516   1.624  -0.011  -1.460  -2.921   0
   0.96990150   1.641  -0.081  -1.567  -3.063   0
   0.96992260   1.651  -0.126  -1.642  -3.180   0
   0.96994102   1.651  -0.137  -1.681  -3.288   0
   0.96995950   1.633  -0.158  -1.731  -3.412   0
   0.96997529   1.615  -0.169  -1.766  -3.520   0
   0.96999109   1.579  -0.189  -1.806  -3.634   0
   0.97000432   1.530  -0.215  -1.847  -3.738   3
   0.97001481   1.480  -0.209  -1.841  -3.819   0
   0.97002536   1.437  -0.194  -1.824  -3.887   0
   0.97002536   1.983   1.624   0.791  -0.114   1
   0.97013360   1.979   1.592   0.742  -0.179   0
   0.97026819   1.965   1.571   0.715  -0.209   0
   0.97034466   1.960   1.564   0.707  -0.218   0
   0.97041321   1.956   1.562   0.706  -0.218   0
   0.97056842   1.945   1.559   0.708  -0.211   0
   0.97072887   1.935   1.556   0.712  -0.204   0
   0.97089499   1.926   1.554   0.713  -0.199   0
   0.97106427   1.916   1.550   0.714  -0.194   0
   0.97123802   1.907   1.545   0.713  -0.193   0
   0.97141117   1.898   1.540   0.711  -0.192   0
   0.97158140   1.890   1.536   0.708  -0.193   0
   0.97174931   1.882   1.529   0.704  -0.196   0
   0.97192073   1.875   1.523   0.698  -0.202   0
   0.97195327   1.873   1.522   0.698  -0.201   0
   0.97209436   1.869   1.515   0.689  -0.211   0
   0.97227180   1.863   1.506   0.677  -0.226   0
   0.97245848   1.857   1.493   0.659  -0.247   0
   0.97265124   1.850   1.475   0.635  -0.277   0
   0.97285700   1.832   1.444   0.595  -0.323   0
   0.97296607   1.819   1.422   0.567  -0.356   0
   0.97309381   1.803   1.391   0.526  -0.405   0
   0.97348952   1.750   1.289   0.393  -0.562   0
   0.97351849   1.727   1.232   0.318  -0.653   0
   0.97354054   1.689   1.133   0.186  -0.812   0
   0.97354710   1.656   1.057   0.086  -0.931   0
   0.97355223   1.604   0.915  -0.106  -1.163   0
   0.97355431   1.580   0.830  -0.221  -1.303   0
   0.97355646   1.567   0.751  -0.331  -1.442   0
   0.97356027   1.521   0.649  -0.460  -1.593   0
   0.97356141   1.516   0.637  -0.476  -1.612   0
   0.97357535   1.547   0.721  -0.367  -1.481   0
   0.97358733   1.557   0.741  -0.342  -1.452   1
   0.97363955   1.513   0.635  -0.477  -1.612   0
   0.97366297   1.494   0.541  -0.607  -1.772   0
   0.97368282   1.443   0.414  -0.769  -1.964   0
   0.97369564   1.432   0.329  -0.887  -2.113   0
   0.97370893   1.458   0.257  -1.003  -2.270   0
   0.97372568   1.430   0.137  -1.163  -2.465   0
   0.97373599   1.440   0.053  -1.287  -2.627   0
   0.97374249   1.462  -0.009  -1.386  -2.764   0
   0.97374821   1.502  -0.064  -1.482  -2.901   0
   0.97375321   1.541  -0.116  -1.574  -3.032   0
   0.97375768   1.577  -0.168  -1.664  -3.159   0
   0.97376233   1.610  -0.199  -1.732  -3.282   0
   0.97376698   1.630  -0.179  -1.744  -3.386   0
   0.97377193   1.620  -0.180  -1.771  -3.494   0
   0.97377622   1.593  -0.190  -1.804  -3.603   0
   0.97377682   1.571  -0.203  -1.825  -3.654   0
   0.97377771   1.561  -0.208  -1.833  -3.680   0
   0.97377867   1.550  -0.212  -1.842  -3.706   0
   0.97377956   1.537  -0.217  -1.851  -3.732   0
   0.97378051   1.524  -0.217  -1.851  -3.756   3
   0.97378141   1.509  -0.214  -1.848  -3.779   0
   0.97378230   1.495  -0.211  -1.845  -3.802   0
   0.97378325   1.480  -0.208  -1.842  -3.825   0
   0.97378415   1.465  -0.206  -1.838  -3.848   0
   0.97378510   1.448  -0.203  -1.835  -3.872   0
   0.97378600   1.432  -0.201  -1.832  -3.896   0
   0.97378689   1.415  -0.198  -1.829  -3.919   0
   0.97378755   1.403  -0.197  -1.826  -3.937   0
   0.97378832   1.387  -0.195  -1.823  -3.959   0
   0.97378904   1.370  -0.193  -1.820  -3.981   0
   0.97378981   1.354  -0.191  -1.817  -4.004   0
   0.97379059   1.337  -0.189  -1.814  -4.026   0
   0.97379136   1.319  -0.188  -1.811  -4.048   0
   0.97379214   1.302  -0.186  -1.808  -4.070   0
   0.97379291   1.284  -0.185  -1.805  -4.092   0
   0.97379369   1.266  -0.184  -1.802  -4.114   0
   0.97379446   1.247  -0.182  -1.798  -4.136   0
   0.97379524   1.228  -0.182  -1.796  -4.158   0
   0.97379601   1.208  -0.181  -1.793  -4.180   0
   0.97379673   1.189  -0.180  -1.789  -4.202   0
   0.97379750   1.186  -0.163  -1.770  -4.215   0
   0.97379827   1.190  -0.138  -1.742  -4.224   0
   0.97379905   1.195  -0.112  -1.714  -4.232   0
   0.97379982   1.199  -0.087  -1.686  -4.241   0
   0.97380060   1.204  -0.064  -1.660  -4.248   0
   0.97380137   1.208  -0.043  -1.636  -4.255   0
   0.97380215   1.212  -0.022  -1.613  -4.261   0
   0.97380292   1.216  -0.002  -1.590  -4.268   0
   0.97380406   1.222   0.022  -1.564  -4.272   0
   0.97380573   1.228   0.050  -1.533  -4.280   0
   0.97380739   1.235   0.079  -1.501  -4.287   0
   0.97380912   1.242   0.108  -1.469  -4.294   0
   0.97381079   1.249   0.138  -1.436  -4.301   0
   0.97381246   1.256   0.168  -1.403  -4.308   0
   0.97381419   1.264   0.199  -1.369  -4.315   0
   0.97381586   1.272   0.230  -1.334  -4.321   0
   0.97381759   1.281   0.263  -1.297  -4.327   0
   0.97381896   1.297   0.304  -1.254  -4.326   0
   0.97381932   1.306   0.322  -1.234  -4.323   0
