   0.15000001  15.217  13.648  12.068  10.124   0
   0.20000000  13.703  12.469  11.058   9.365   0
   0.25000000  12.884  11.779  10.449   8.864   0
   0.30000001  12.324  11.269   9.989   8.471   0
   0.34999999  11.880  10.858   9.616   8.149   0
   0.40000001  11.437  10.434   9.217   7.785   0
   0.44999999  11.041  10.069   8.888   7.502   0
   0.50000000  10.568   9.641   8.505   7.179   0
   0.55000001  10.017   9.152   8.073   6.823   0
   0.60000002   9.407   8.646   7.628   6.462   0
   0.69999999   7.946   7.521   6.662   5.710   0
   0.72660214   7.574   7.245   6.431   5.526   0
   0.80000001   6.656   6.552   5.856   5.067   0
   0.89999998   5.699   5.773   5.208   4.531   0
   1.00000000   4.955   5.094   4.630   4.042   0
   1.10000002   4.358   4.501   4.114   3.608   0
   1.10823536   4.316   4.456   4.074   3.576   0
   1.20000005   3.868   3.978   3.656   3.237   0
   1.29999995   3.447   3.497   3.247   2.940   0
   1.39999998   3.084   3.075   2.898   2.712   0
   1.50000000   2.763   2.728   2.619   2.526   0
   1.60000002   2.470   2.458   2.403   2.373   0
   1.70000005   2.201   2.239   2.221   2.230   0
   1.79999995   1.960   2.053   2.061   2.093   0
   1.89999998   1.742   1.891   1.921   1.969   0
   2.00000000   1.541   1.742   1.790   1.851   0
   2.20000005   1.188   1.477   1.548   1.627   0
   2.50000000   0.744   1.136   1.228   1.327   0
   3.00000000   0.137   0.648   0.766   0.890   0
   3.41772771  -0.278   0.302   0.437   0.577   0
   3.50000000  -0.354   0.239   0.376   0.519   0
   4.00000000  -0.774  -0.116   0.037   0.197   0
   4.50000000  -1.134  -0.424  -0.256  -0.083   0
   4.61660910  -1.215  -0.494  -0.324  -0.147   0
   5.00000000  -1.478  -0.724  -0.545  -0.359   0
   5.48489285  -1.793  -1.002  -0.813  -0.617   0
   6.00000000  -2.121  -1.296  -1.098  -0.893   0
   6.16499805  -2.222  -1.387  -1.186  -0.978   0
   6.70308781  -2.556  -1.693  -1.485  -1.269   0
   7.00000000  -2.746  -1.871  -1.659  -1.440   0
   7.15646791  -2.844  -1.963  -1.750  -1.529   0
   7.55597019  -3.105  -2.212  -1.995  -1.772   0
   7.89245081  -3.343  -2.444  -2.227  -2.003   0
   8.18284416  -3.561  -2.660  -2.442  -2.219   1
   8.43230438  -3.775  -2.877  -2.660  -2.440   0
   8.64757156  -3.971  -3.079  -2.864  -2.648   0
   8.83047771  -4.167  -3.289  -3.077  -2.867   0
   8.98445225  -4.339  -3.474  -3.266  -3.061   0
   9.00000000  -4.359  -3.495  -3.287  -3.083   0
   9.10601425  -4.483  -3.631  -3.427  -3.227   0
   9.16722298  -4.552  -3.701  -3.498  -3.299   0
   9.20829773  -4.576  -3.715  -3.509  -3.307   3
   9.22902012  -4.546  -3.644  -3.428  -3.213   0
   9.23183155  -4.556  -3.623  -3.400  -3.175   0
   9.23196125  -4.555  -3.622  -3.398  -3.174   0
   9.23291779  -4.530  -3.622  -3.405  -3.188   0
   9.23336220  -4.565  -3.679  -3.466  -3.256   0
   9.23381233  -4.643  -3.782  -3.576  -3.376   0
   9.23430920  -4.750  -3.916  -3.718  -3.528   0
   9.23483944  -4.870  -4.068  -3.879  -3.702   0
   9.23520851  -4.951  -4.175  -3.993  -3.825   0
   9.23560905  -5.035  -4.287  -4.113  -3.956   0
   9.23601055  -5.120  -4.404  -4.237  -4.092   0
   9.23642731  -5.209  -4.528  -4.371  -4.239   0
   9.23684406  -5.302  -4.658  -4.513  -4.398   0
   9.23729324  -5.397  -4.801  -4.669  -4.572   0
   9.23761368  -5.469  -4.915  -4.793  -4.711   0
   9.23787022  -5.522  -5.005  -4.892  -4.824   0
   9.23795033  -5.536  -5.031  -4.921  -4.856   0
   9.23819160  -5.584  -5.124  -5.023  -4.971   0
   9.23843288  -5.621  -5.217  -5.124  -5.085   0
   9.23864174  -5.651  -5.307  -5.224  -5.197   0
   9.23881817  -5.677  -5.370  -5.299  -5.287   0
   9.23897839  -5.698  -5.435  -5.374  -5.378   0
   9.23913956  -5.710  -5.503  -5.453  -5.473   0
   9.23929977  -5.707  -5.574  -5.535  -5.569   0
   9.23945999  -5.690  -5.643  -5.615  -5.667   0
   9.23955631  -5.665  -5.677  -5.663  -5.733   0
   9.23966885  -5.630  -5.708  -5.710  -5.799   0
   9.23978138  -5.577  -5.716  -5.742  -5.864   0
   9.23987770  -5.507  -5.698  -5.759  -5.927   0
   9.23999023  -5.420  -5.649  -5.761  -5.992   3
   9.24010277  -5.316  -5.563  -5.745  -6.055   0
   9.24019909  -5.190  -5.435  -5.714  -6.119   0
   9.24031162  -5.029  -5.271  -5.659  -6.174   0
   9.24042320  -4.802  -5.065  -5.580  -6.214   0
   9.24051952  -4.457  -4.798  -5.469  -6.233   0
   9.24056816  -4.221  -4.632  -5.397  -6.233   0
   9.24068069  -3.682  -4.290  -5.227  -6.192   0
   9.24082470  -3.151  -3.961  -5.025  -6.087   0
   9.24098587  -2.762  -3.745  -4.899  -6.036   4
   9.24116230  -2.459  -3.689  -4.962  -6.198   0
   9.24125862  -2.409  -3.762  -5.087  -6.371   0
   9.24135494  -2.432  -3.853  -5.209  -6.517   0
   9.24158001  -2.471  -3.962  -5.348  -6.679   0
   9.24249649  -2.470  -4.038  -5.457  -6.816   0
   9.24692917  -2.477  -4.106  -5.553  -6.937   2
   9.28855991  -2.532  -4.067  -5.471  -6.817   0
   9.33210087  -2.569  -4.017  -5.384  -6.698   0
   9.38922501  -2.720  -4.038  -5.349  -6.611   0
   9.41276550  -2.855  -4.102  -5.383  -6.615   0
   9.43545437  -3.131  -4.262  -5.487  -6.670   0
   9.44272423  -4.682  -5.141  -5.929  -6.778   0
   9.44462967  -5.177  -5.495  -6.073  -6.758   0
   9.44559288  -5.415  -5.689  -6.137  -6.707   0
   9.44660854  -5.570  -5.831  -6.176  -6.649   0
   9.44758987  -5.669  -5.928  -6.198  -6.598   0
   9.44955349  -5.782  -6.036  -6.213  -6.523   0
   9.45250225  -5.865  -6.100  -6.219  -6.462   0
   9.45824909  -5.946  -6.150  -6.219  -6.402   0
   9.46751785  -6.031  -6.178  -6.207  -6.338   0
   9.48156357  -6.096  -6.165  -6.174  -6.273   0
   9.49686050  -6.128  -6.160  -6.160  -6.248   1
   9.51896381  -6.109  -6.197  -6.211  -6.319   0
   9.52766514  -6.064  -6.219  -6.253  -6.391   0
   9.53387451  -5.989  -6.200  -6.274  -6.464   0
   9.53793812  -5.913  -6.151  -6.276  -6.526   0
   9.54171848  -5.812  -6.067  -6.266  -6.597   0
   9.54400635  -5.725  -5.985  -6.251  -6.649   0
   9.54618835  -5.603  -5.866  -6.221  -6.703   0
   9.54826355  -5.425  -5.704  -6.170  -6.758   0
   9.55017757  -5.115  -5.455  -6.082  -6.809   0
   9.55118942  -4.850  -5.271  -6.008  -6.819   0
   9.55294323  -4.256  -4.892  -5.833  -6.795   0
   9.55460644  -3.029  -4.201  -5.446  -6.647   4
   9.56338978  -2.728  -4.149  -5.505  -6.805   0
   9.56770706  -2.642  -4.180  -5.587  -6.932   0
   9.56850147  -2.601  -4.224  -5.669  -7.046   0
   9.56866360  -2.599  -4.230  -5.678  -7.059   0
   9.57002163  -2.615  -4.203  -5.632  -6.996   1
   9.57164860  -2.562  -4.242  -5.712  -7.115   0
   9.57292366  -2.511  -4.278  -5.787  -7.227   0
   9.57460117  -2.480  -4.328  -5.872  -7.346   0
   9.57644939  -2.440  -4.369  -5.949  -7.456   0
   9.57820225  -2.383  -4.402  -6.021  -7.564   0
