   0.15000001  15.217  13.647  12.067  10.123   0
   0.20000000  13.702  12.467  11.057   9.364   0
   0.25000000  12.881  11.776  10.446   8.861   0
   0.30000001  12.320  11.265   9.985   8.467   0
   0.34999999  11.875  10.854   9.612   8.145   0
   0.40000001  11.436  10.433   9.216   7.784   0
   0.44999999  11.039  10.068   8.886   7.501   0
   0.50000000  10.566   9.639   8.503   7.177   0
   0.55000001  10.013   9.149   8.070   6.821   0
   0.60000002   9.402   8.641   7.623   6.458   0
   0.69999999   7.935   7.513   6.655   5.703   0
   0.80000001   6.641   6.540   5.845   5.058   0
   0.89999998   5.676   5.751   5.188   4.513   0
   1.00000000   4.932   5.071   4.609   4.023   0
   1.10000002   4.334   4.474   4.089   3.585   0
   1.20000005   3.838   3.945   3.625   3.209   0
   1.29999995   3.410   3.456   3.209   2.907   0
   1.39999998   3.040   3.027   2.854   2.674   0
   1.48719728   2.751   2.715   2.602   2.503   0
   1.50000000   2.710   2.674   2.569   2.480   0
   1.54674029   2.566   2.534   2.456   2.399   0
   1.60000002   2.410   2.396   2.343   2.313   0
   1.69980693   2.134   2.166   2.148   2.153   1
   1.70000005   2.133   2.166   2.147   2.153   0
   1.79999995   1.883   1.964   1.970   1.998   0
   1.89999998   1.649   1.779   1.806   1.849   0
   2.00000000   1.436   1.612   1.653   1.707   0
   2.10986495   1.213   1.434   1.490   1.554   0
   2.20000005   1.039   1.294   1.358   1.429   0
   2.40706539   0.671   0.995   1.076   1.159   0
   2.50000000   0.511   0.863   0.949   1.038   0
   2.66695881   0.244   0.636   0.731   0.828   0
   2.86686492  -0.071   0.360   0.464   0.568   0
   3.00000000  -0.283   0.169   0.278   0.385   0
   3.04141188  -0.345   0.111   0.222   0.330   0
   3.18631506  -0.570  -0.099   0.015   0.126   0
   3.30948591  -0.767  -0.288  -0.171  -0.060   0
   3.41447473  -0.942  -0.461  -0.343  -0.232   0
   3.50000000  -1.097  -0.620  -0.502  -0.393   1
   3.51461983  -1.124  -0.647  -0.530  -0.421   0
   3.59395528  -1.279  -0.813  -0.697  -0.592   0
   3.66225529  -1.423  -0.971  -0.858  -0.758   0
   3.72157836  -1.559  -1.125  -1.015  -0.920   0
   3.74821544  -1.623  -1.198  -1.090  -0.998   0
   3.77304530  -1.684  -1.265  -1.158  -1.068   0
   3.78693938  -1.718  -1.299  -1.192  -1.102   0
   3.80034161  -1.747  -1.321  -1.211  -1.121   3
   3.80884576  -1.761  -1.317  -1.204  -1.109   0
   3.81467581  -1.765  -1.280  -1.159  -1.055   0
   3.81634951  -1.771  -1.254  -1.127  -1.013   0
   3.81730437  -1.789  -1.239  -1.105  -0.983   0
   3.81742382  -1.775  -1.229  -1.096  -0.975   0
   3.81768036  -1.730  -1.214  -1.087  -0.974   0
   3.81797194  -1.774  -1.296  -1.176  -1.073   0
   3.81836081  -1.890  -1.448  -1.336  -1.243   0
   3.81886458  -1.997  -1.599  -1.493  -1.412   0
   3.81949234  -2.081  -1.737  -1.641  -1.573   0
   3.82004905  -2.131  -1.839  -1.751  -1.696   0
   3.82066774  -2.173  -1.941  -1.864  -1.824   0
   3.82124424  -2.197  -2.032  -1.967  -1.942   0
   3.82164311  -2.207  -2.094  -2.039  -2.025   0
   3.82205653  -2.201  -2.151  -2.109  -2.111   0
   3.82247686  -2.182  -2.202  -2.180  -2.204   0
   3.82291222  -2.141  -2.233  -2.242  -2.302   0
   3.82333994  -2.070  -2.224  -2.281  -2.401   3
   3.82377458  -1.958  -2.139  -2.280  -2.502   0
   3.82398820  -1.886  -2.054  -2.256  -2.549   0
   3.82420921  -1.794  -1.940  -2.215  -2.593   0
   3.82442260  -1.678  -1.801  -2.155  -2.630   0
   3.82463622  -1.501  -1.616  -2.072  -2.659   0
   3.82484221  -1.282  -1.422  -1.979  -2.660   0
   3.82505584  -1.061  -1.239  -1.876  -2.625   0
   3.82546782  -0.651  -0.927  -1.679  -2.518   0
   3.82567358  -0.466  -0.803  -1.604  -2.482   4
   3.82603669  -0.391  -0.830  -1.705  -2.642   0
   3.82638550  -0.424  -0.940  -1.861  -2.833   0
   3.82671976  -0.442  -1.011  -1.961  -2.956   0
   3.82724595  -0.475  -1.095  -2.074  -3.092   0
   3.82784963  -0.522  -1.188  -2.192  -3.229   0
   3.82845306  -0.560  -1.275  -2.306  -3.363   0
   3.82910585  -0.602  -1.368  -2.425  -3.503   0
   3.82977200  -0.627  -1.428  -2.501  -3.593   0
   3.83067822  -0.646  -1.480  -2.569  -3.674   2
   3.84340715  -0.643  -1.421  -2.482  -3.564   0
   3.85449934  -0.627  -1.352  -2.388  -3.449   0
   3.86316156  -0.601  -1.280  -2.291  -3.332   0
   3.87100148  -0.572  -1.207  -2.193  -3.216   0
   3.87922764  -0.552  -1.140  -2.100  -3.103   0
   3.89051485  -0.576  -1.097  -2.019  -2.991   0
   3.90114236  -0.661  -1.125  -2.014  -2.959   4
   3.90816522  -0.857  -1.265  -2.109  -3.019   0
   3.91139483  -0.975  -1.351  -2.168  -3.057   0
   3.91388631  -1.087  -1.429  -2.219  -3.087   0
   3.91582918  -1.234  -1.532  -2.285  -3.124   0
   3.91732192  -1.339  -1.611  -2.333  -3.147   0
   3.91854262  -1.423  -1.675  -2.371  -3.165   0
   3.92012572  -1.544  -1.764  -2.420  -3.183   0
   3.94806790  -2.551  -2.747  -2.857  -3.052   0
   3.95259786  -2.579  -2.772  -2.871  -3.052   1
   3.98884821  -2.639  -2.845  -2.979  -3.207   0
   4.00000000  -2.632  -2.830  -3.002  -3.272   0
   4.00792360  -2.606  -2.796  -3.014  -3.334   0
   4.01417828  -2.557  -2.734  -3.007  -3.392   0
   4.01908731  -2.503  -2.668  -2.996  -3.442   0
   4.02439070  -2.420  -2.575  -2.969  -3.491   0
   4.02603149  -2.320  -2.478  -2.934  -3.520   0
   4.02787495  -2.182  -2.355  -2.891  -3.551   0
   4.02986050  -2.002  -2.213  -2.836  -3.572   0
   4.03223133  -1.728  -2.022  -2.748  -3.563   0
   4.03379011  -1.441  -1.823  -2.632  -3.512   0
   4.03503180  -1.105  -1.588  -2.481  -3.426   0
   4.03602743  -0.839  -1.460  -2.435  -3.446   4
   4.03624535  -0.832  -1.534  -2.555  -3.602   0
   4.03638458  -0.860  -1.619  -2.671  -3.742   0
   4.03734732  -0.841  -1.687  -2.780  -3.887   0
   4.03767443  -0.880  -1.783  -2.904  -4.032   0
   4.03811073  -0.888  -1.862  -3.018  -4.174   0
   4.03867579  -0.912  -1.953  -3.140  -4.321   0
   4.03928041  -0.930  -2.041  -3.260  -4.468   0
   4.03992367  -0.937  -2.129  -3.383  -4.624   0
   4.04055738  -0.951  -2.227  -3.518  -4.791   0
   4.04107189  -0.949  -2.308  -3.635  -4.940   0
   4.04158592  -0.910  -2.383  -3.760  -5.108   0
   4.04195166  -0.874  -2.438  -3.855  -5.242   0
   4.04227781  -0.833  -2.489  -3.946  -5.371   0
   4.04264355  -0.807  -2.570  -4.072  -5.542   0
   4.04294968  -0.749  -2.631  -4.185  -5.704   0
   4.04319668  -0.745  -2.670  -4.259  -5.842   0
   4.04349279  -0.798  -2.717  -4.326  -5.966   0
   4.04368019  -0.844  -2.741  -4.367  -6.078   2
   4.04398632  -0.798  -2.719  -4.327  -5.963   0
   4.04401588  -0.770  -2.703  -4.291  -5.861   0
   4.04404545  -0.803  -2.723  -4.333  -5.974   0
   4.04408455  -0.845  -2.743  -4.369  -6.080   0
   4.04419327  -0.903  -2.768  -4.409  -6.188   0
   4.04420328  -0.927  -2.780  -4.424  -6.226   0
   4.04426146  -0.944  -2.786  -4.433  -6.251   0
   4.04431915  -0.961  -2.793  -4.442  -6.276   0
   4.04437733  -0.979  -2.801  -4.451  -6.301   0
   4.04443550  -0.998  -2.808  -4.460  -6.326   0
   4.04449368  -1.018  -2.816  -4.470  -6.351   0
   4.04455090  -1.051  -2.830  -4.481  -6.377   0
   4.04460812  -1.088  -2.839  -4.485  -6.403   0
   4.04466534  -1.121  -2.847  -4.487  -6.426   0
   4.04472256  -1.151  -2.853  -4.489  -6.448   0
   4.04477978  -1.180  -2.859  -4.491  -6.470   0
   4.04512787  -1.202  -2.861  -4.488  -6.487   0
   4.04546547  -1.227  -2.865  -4.489  -6.507   0
   4.04580450  -1.250  -2.868  -4.489  -6.527   0
   4.04614592  -1.271  -2.871  -4.489  -6.546   0
   4.04648972  -1.292  -2.873  -4.488  -6.564   0
   4.04683638  -1.310  -2.874  -4.487  -6.582   0
   4.04727459  -1.332  -2.875  -4.485  -6.604   0
   4.04771996  -1.351  -2.874  -4.482  -6.625   0
   4.04817295  -1.368  -2.873  -4.479  -6.645   0
   4.04863071  -1.383  -2.870  -4.474  -6.665   0
   4.04908943  -1.397  -2.866  -4.470  -6.685   0
   4.04954958  -1.409  -2.862  -4.464  -6.704   0
   4.05001163  -1.418  -2.856  -4.458  -6.723   0
   4.05046988  -1.426  -2.849  -4.452  -6.741   0
   4.05090714  -1.432  -2.842  -4.445  -6.758   0
   4.05132389  -1.435  -2.834  -4.437  -6.774   0
   4.05172157  -1.437  -2.825  -4.430  -6.789   0
   4.05217600  -1.437  -2.814  -4.421  -6.805   0
   4.05260801  -1.436  -2.803  -4.411  -6.820   0
   4.05301952  -1.432  -2.787  -4.395  -6.830   0
   4.05347586  -1.427  -2.763  -4.369  -6.837   0
   4.05390930  -1.423  -2.741  -4.343  -6.843   0
   4.05436325  -1.416  -2.716  -4.316  -6.848   0
   4.05465460  -1.408  -2.696  -4.294  -6.848   0
   4.05477190  -1.401  -2.684  -4.282  -6.844   0
   4.05482531  -1.394  -2.675  -4.273  -6.838   0
   4.05485106  -1.387  -2.667  -4.265  -6.832   0
   4.05486345  -1.380  -2.659  -4.257  -6.825   0
   4.05486870  -1.373  -2.652  -4.249  -6.817   0
   4.05487251  -1.365  -2.644  -4.241  -6.810   0
   4.05487585  -1.357  -2.636  -4.233  -6.802   0
   4.05487919  -1.349  -2.628  -4.225  -6.794   0
   4.05488253  -1.341  -2.619  -4.216  -6.786   0
   4.05488586  -1.332  -2.610  -4.207  -6.777   0
   4.05488920  -1.323  -2.601  -4.198  -6.768   0
   4.05489254  -1.313  -2.591  -4.188  -6.759   0
   4.05489588  -1.303  -2.581  -4.178  -6.749   0
   4.05489922  -1.292  -2.570  -4.167  -6.738   0
   4.05490255  -1.281  -2.558  -4.156  -6.727   0
   4.05490589  -1.269  -2.546  -4.144  -6.715   0
   4.05490923  -1.257  -2.534  -4.131  -6.703   0
   4.05491257  -1.243  -2.520  -4.117  -6.689   0
   4.05491590  -1.229  -2.506  -4.103  -6.675   0
   4.05492258  -1.214  -2.490  -4.087  -6.660   0
