   0.15000001  15.213  13.645  12.065  10.122   0
   0.20000000  13.690  12.458  11.049   9.357   0
   0.25000000  12.862  11.760  10.431   8.848   0
   0.30000001  12.297  11.243   9.964   8.447   0
   0.34999999  11.850  10.830   9.588   8.122   0
   0.40000001  11.430  10.427   9.211   7.779   0
   0.44999999  11.030  10.059   8.878   7.493   0
   0.50000000  10.552   9.626   8.491   7.167   0
   0.55000001   9.996   9.132   8.055   6.808   0
   0.60000002   9.374   8.617   7.601   6.439   0
   0.69999999   7.877   7.467   6.615   5.670   0
   0.78239441   6.768   6.634   5.920   5.116   0
   0.80000001   6.555   6.471   5.786   5.008   0
   0.80586052   6.489   6.419   5.742   4.972   0
   0.89999998   5.579   5.661   5.110   4.444   0
   0.94981885   5.182   5.300   4.802   4.182   0
   1.00000000   4.819   4.956   4.505   3.930   0
   1.04731762   4.514   4.652   4.238   3.703   0
   1.09780681   4.209   4.342   3.964   3.471   0
   1.10000002   4.197   4.329   3.953   3.461   0
   1.13346219   4.012   4.131   3.780   3.320   0
   1.18348885   3.746   3.846   3.529   3.116   0
   1.20000005   3.665   3.755   3.449   3.052   0
   1.20592725   3.636   3.722   3.420   3.031   0
   1.26021838   3.373   3.423   3.164   2.841   0
   1.29999995   3.195   3.218   2.988   2.713   0
   1.32257140   3.097   3.105   2.891   2.644   0
   1.32612228   3.082   3.087   2.876   2.633   0
   1.37644935   2.876   2.856   2.679   2.489   0
   1.39999998   2.783   2.753   2.591   2.422   0
   1.43554509   2.644   2.601   2.460   2.318   0
   1.48883188   2.444   2.394   2.278   2.165   0
   1.50000000   2.402   2.351   2.239   2.132   0
   1.53327465   2.278   2.225   2.125   2.030   0
   1.57930160   2.107   2.051   1.964   1.883   0
   1.60000002   2.031   1.974   1.891   1.815   0
   1.60399723   2.016   1.959   1.877   1.802   0
   1.65325880   1.836   1.774   1.699   1.629   0
   1.69507539   1.684   1.616   1.541   1.467   1
   1.70000005   1.666   1.598   1.522   1.446   0
   1.73228502   1.554   1.477   1.396   1.311   0
   1.76410985   1.446   1.359   1.267   1.164   0
   1.79197752   1.357   1.263   1.152   1.024   0
   1.79999995   1.332   1.240   1.120   0.981   0
   1.81650126   1.284   1.192   1.056   0.894   0
   1.82775736   1.250   1.158   1.010   0.832   0
   1.83832359   1.214   1.121   0.964   0.773   0
   1.84493816   1.184   1.089   0.931   0.739   0
   1.85001743   1.146   1.050   0.900   0.718   0
   1.85363424   1.095   0.996   0.867   0.711   0
   1.85606015   1.005   0.906   0.823   0.722   0
   1.85673869   0.922   0.844   0.791   0.728   0
   1.85712266   0.811   0.771   0.749   0.720   0
   1.85715616   0.828   0.785   0.760   0.730   0
   1.85726666   0.939   0.865   0.817   0.762   4
   1.85740185   0.950   0.854   0.777   0.684   0
   1.85760438   0.913   0.806   0.694   0.555   0
   1.85791135   0.908   0.802   0.644   0.445   0
   1.85823047   0.923   0.836   0.634   0.375   0
   1.85860097   0.954   0.889   0.643   0.322   0
   1.85906601   1.004   0.965   0.667   0.272   0
   1.85960841   1.084   1.071   0.711   0.233   0
   1.86020541   1.198   1.195   0.773   0.221   0
   1.86083436   1.349   1.339   0.857   0.244   0
   1.86146736   1.532   1.510   0.974   0.309   0
   1.86209881   1.790   1.730   1.134   0.419   0
   1.86272883   2.042   1.940   1.286   0.523   0
   1.86315882   2.182   2.038   1.348   0.556   4
   1.86435461   2.193   1.985   1.239   0.400   0
   1.86533833   2.102   1.856   1.085   0.226   0
   1.86617219   2.010   1.734   0.946   0.072   0
   1.86709487   1.904   1.597   0.790  -0.099   0
   1.86794424   1.803   1.468   0.644  -0.258   0
   1.86880136   1.697   1.336   0.495  -0.420   0
   1.86965549   1.594   1.205   0.346  -0.583   0
   1.87048531   1.494   1.078   0.201  -0.742   0
   1.87127018   1.407   0.959   0.066  -0.891   0
   1.87208927   1.315   0.833  -0.077  -1.049   0
   1.87283731   1.230   0.716  -0.211  -1.197   0
   1.87357247   1.158   0.606  -0.342  -1.345   0
   1.87424803   1.091   0.501  -0.467  -1.486   0
   1.87492692   1.025   0.396  -0.593  -1.629   0
   1.87559867   0.962   0.294  -0.718  -1.771   0
   1.87634122   0.899   0.186  -0.849  -1.920   0
   1.87692642   0.862   0.116  -0.933  -2.018   2
   1.87962139   1.580   1.205   0.355  -0.566   0
   1.88060713   1.660   1.314   0.484  -0.422   0
   1.88137937   1.709   1.382   0.565  -0.332   0
   1.88152361   1.731   1.413   0.601  -0.291   0
   1.88155246   1.747   1.436   0.628  -0.261   0
   1.88158131   1.769   1.463   0.659  -0.227   0
   1.88161027   1.793   1.495   0.696  -0.186   0
   1.88166797   1.815   1.525   0.729  -0.150   0
   1.88175488   1.836   1.552   0.761  -0.115   0
   1.88192916   1.866   1.591   0.806  -0.065   0
   1.88222063   1.892   1.627   0.847  -0.020   0
   1.88295674   1.913   1.660   0.887   0.026   0
   1.88606012   1.945   1.720   0.964   0.118   4
   1.89999998   1.877   1.652   0.899   0.053   0
   1.92920792   1.728   1.505   0.755  -0.087   0
   1.96206939   1.542   1.319   0.572  -0.266   0
   1.97770703   1.447   1.224   0.480  -0.356   1
   2.00000000   1.317   1.091   0.346  -0.491   0
   2.00778317   1.271   1.043   0.298  -0.539   0
   2.03914404   1.151   0.891   0.125  -0.729   0
   2.05066156   1.124   0.808   0.003  -0.881   0
   2.05242157   1.077   0.719  -0.114  -1.021   0
   2.05270863   1.023   0.627  -0.230  -1.156   0
   2.05279493   0.971   0.545  -0.333  -1.274   0
   2.05288172   0.894   0.416  -0.490  -1.455   0
   2.05295420   0.809   0.292  -0.634  -1.616   0
   2.05308461   0.739   0.172  -0.781  -1.785   0
   2.05349016   0.798   0.278  -0.650  -1.632   1
   2.05607319   0.710   0.128  -0.834  -1.845   0
   2.05665135   0.646   0.016  -0.972  -2.003   0
   2.05722213   0.584  -0.103  -1.123  -2.177   0
   2.05772758   0.532  -0.231  -1.287  -2.374   0
   2.05806708   0.493  -0.335  -1.423  -2.537   0
   2.05831242   0.442  -0.434  -1.545  -2.677   0
   2.05852890   0.417  -0.521  -1.662  -2.820   0
   2.05870223   0.358  -0.631  -1.797  -2.972   0
   2.05883908   0.331  -0.720  -1.913  -3.113   0
   2.05896902   0.322  -0.800  -2.025  -3.255   0
   2.05909896   0.316  -0.880  -2.138  -3.398   0
   2.05922890   0.289  -0.973  -2.259  -3.544   0
   2.05937314   0.284  -1.055  -2.374  -3.689   0
   2.05948853   0.297  -1.138  -2.499  -3.852   0
   2.05950999   0.325  -1.186  -2.581  -3.968   0
   2.05951738   0.333  -1.194  -2.595  -3.989   0
   2.05952954   0.341  -1.205  -2.614  -4.016   0
   2.05954194   0.349  -1.216  -2.634  -4.044   0
   2.05955172   0.355  -1.225  -2.649  -4.066   0
   2.05956149   0.362  -1.234  -2.665  -4.088   0
   2.05957317   0.370  -1.245  -2.684  -4.116   0
   2.05958509   0.378  -1.256  -2.703  -4.143   0
   2.05959463   0.384  -1.265  -2.719  -4.165   0
   2.05960631   0.392  -1.276  -2.738  -4.193   0
   2.05961823   0.401  -1.287  -2.757  -4.220   0
   2.05962992   0.409  -1.298  -2.777  -4.248   0
   2.05963945   0.416  -1.307  -2.792  -4.270   0
   2.05965137   0.425  -1.318  -2.811  -4.297   0
   2.05966306   0.433  -1.329  -2.831  -4.325   0
   2.05967259   0.440  -1.337  -2.846  -4.347   0
   2.05968428   0.449  -1.348  -2.866  -4.374   0
   2.05969572   0.458  -1.359  -2.885  -4.402   0
   2.05970693   0.466  -1.368  -2.902  -4.428   0
   2.05971837   0.466  -1.370  -2.910  -4.453   0
   2.05972958   0.465  -1.371  -2.917  -4.477   0
   2.05974102   0.464  -1.373  -2.925  -4.501   0
   2.05975246   0.462  -1.375  -2.932  -4.524   0
   2.05979204   0.463  -1.373  -2.935  -4.541   0
   2.05983829   0.460  -1.375  -2.943  -4.564   0
   2.05988455   0.457  -1.377  -2.951  -4.588   0
   2.05993032   0.453  -1.380  -2.958  -4.612   0
   2.05997586   0.449  -1.382  -2.966  -4.635   0
   2.06002116   0.445  -1.384  -2.973  -4.659   0
   2.06006598   0.440  -1.386  -2.980  -4.682   0
   2.06011081   0.435  -1.388  -2.988  -4.706   0
   2.06015515   0.429  -1.391  -2.995  -4.730   0
   2.06019902   0.422  -1.394  -3.003  -4.753   0
   2.06024289   0.414  -1.397  -3.010  -4.777   0
   2.06028628   0.406  -1.401  -3.018  -4.800   0
   2.06032944   0.397  -1.405  -3.025  -4.823   0
   2.06037259   0.387  -1.409  -3.033  -4.847   0
   2.06041503   0.377  -1.413  -3.041  -4.870   0
   2.06045747   0.366  -1.418  -3.049  -4.894   0
   2.06049943   0.354  -1.422  -3.057  -4.917   0
   2.06054115   0.341  -1.427  -3.065  -4.940   0
   2.06058288   0.328  -1.431  -3.071  -4.963   2
   2.06062388   0.314  -1.429  -3.068  -4.984   0
   2.06066465   0.301  -1.426  -3.065  -5.005   0
   2.06070542   0.287  -1.424  -3.062  -5.025   0
   2.06074548   0.273  -1.422  -3.059  -5.046   0
   2.06078553   0.259  -1.419  -3.056  -5.067   0
   2.06082535   0.244  -1.417  -3.053  -5.088   0
   2.06086469   0.229  -1.415  -3.050  -5.108   0
   2.06090379   0.214  -1.413  -3.047  -5.129   0
   2.06094265   0.199  -1.411  -3.044  -5.150   0
   2.06098104   0.183  -1.409  -3.041  -5.170   0
   2.06101942   0.168  -1.408  -3.038  -5.191   0
   2.06105709   0.152  -1.406  -3.035  -5.211   0
   2.06109476   0.135  -1.404  -3.032  -5.232   0
   2.06113219   0.119  -1.403  -3.029  -5.252   0
   2.06116891   0.096  -1.405  -3.028  -5.274   0
   2.06120563   0.073  -1.406  -3.026  -5.295   0
   2.06124210   0.052  -1.407  -3.024  -5.316   0
   2.06127810   0.032  -1.407  -3.022  -5.337   0
   2.06131387   0.015  -1.405  -3.018  -5.357   0
   2.06134939  -0.001  -1.403  -3.014  -5.377   0
   2.06138468  -0.015  -1.400  -3.010  -5.397   0
   2.06141949  -0.027  -1.395  -3.005  -5.416   0
   2.06145406  -0.028  -1.379  -2.986  -5.428   0
   2.06148815  -0.024  -1.355  -2.959  -5.436   0
   2.06152225  -0.019  -1.330  -2.932  -5.444   0
   2.06155586  -0.015  -1.306  -2.905  -5.452   0
   2.06158924  -0.010  -1.282  -2.878  -5.460   0
   2.06162238  -0.006  -1.257  -2.851  -5.467   0
   2.06165504  -0.001  -1.233  -2.824  -5.475   0
   2.06168771   0.004  -1.209  -2.797  -5.482   0
   2.06171989   0.009  -1.184  -2.770  -5.490   0
   2.06175208   0.014  -1.160  -2.742  -5.497   0
   2.06178427   0.019  -1.135  -2.715  -5.504   0
   2.06181574   0.024  -1.111  -2.688  -5.511   0
   2.06184745   0.030  -1.085  -2.660  -5.517   0
   2.06187725   0.039  -1.057  -2.629  -5.521   0
   2.06190586   0.054  -1.020  -2.589  -5.519   0
   2.06191826   0.076  -0.982  -2.549  -5.507   0
   2.06192255   0.110  -0.933  -2.497  -5.483   0
   2.06192398   0.131  -0.902  -2.465  -5.467   0
   2.06192398   0.145  -0.882  -2.444  -5.458   0
   2.06192398   0.159  -0.861  -2.422  -5.448   0
   2.06192398   0.175  -0.837  -2.397  -5.436   0
   2.06192422   0.193  -0.811  -2.370  -5.424   0
