   0.15000001  15.217  13.648  12.068  10.124   0
   0.20000000  13.703  12.468  11.058   9.365   0
   0.25000000  12.884  11.779  10.448   8.863   0
   0.30000001  12.324  11.268   9.988   8.470   0
   0.34999999  11.879  10.858   9.616   8.148   0
   0.40000001  11.436  10.433   9.217   7.785   0
   0.44999999  11.041  10.069   8.888   7.502   0
   0.50000000  10.568   9.641   8.504   7.179   0
   0.55000001  10.016   9.151   8.072   6.823   0
   0.60000002   9.406   8.644   7.626   6.461   0
   0.61371887   9.185   8.471   7.479   6.349   0
   0.69999999   7.944   7.519   6.660   5.708   0
   0.80000001   6.654   6.550   5.854   5.066   0
   0.89999998   5.694   5.767   5.202   4.525   0
   0.91500020   5.575   5.660   5.111   4.448   0
   1.00000000   4.951   5.090   4.627   4.039   0
   1.10000002   4.354   4.496   4.109   3.604   0
   1.20000005   3.863   3.972   3.651   3.233   0
   1.29999995   3.441   3.490   3.240   2.934   0
   1.39999998   3.077   3.067   2.891   2.706   0
   1.50000000   2.754   2.719   2.611   2.518   0
   1.60000002   2.460   2.447   2.393   2.363   0
   1.70000005   2.190   2.226   2.209   2.217   0
   1.79999995   1.948   2.038   2.046   2.077   0
   1.89999998   1.727   1.872   1.902   1.950   0
   2.00000000   1.524   1.721   1.767   1.827   0
   2.20000005   1.165   1.446   1.515   1.592   0
   2.50000000   0.709   1.090   1.180   1.278   0
   2.63860416   0.522   0.939   1.037   1.142   0
   3.00000000   0.076   0.578   0.694   0.815   0
   3.45222831  -0.396   0.183   0.317   0.456   0
   3.50000000  -0.442   0.143   0.279   0.419   0
   4.00000000  -0.898  -0.249  -0.097   0.059   0
   4.09701586  -0.979  -0.319  -0.164  -0.005   0
   4.50000000  -1.312  -0.613  -0.447  -0.278   0
   4.59046555  -1.386  -0.679  -0.511  -0.340   0
   4.97704506  -1.708  -0.970  -0.794  -0.615   0
   5.00000000  -1.727  -0.988  -0.811  -0.631   0
   5.31732512  -1.997  -1.239  -1.057  -0.872   0
   5.58735037  -2.238  -1.468  -1.282  -1.095   0
   5.81632280  -2.456  -1.679  -1.492  -1.303   0
   6.00000000  -2.646  -1.866  -1.678  -1.489   0
   6.01970530  -2.666  -1.886  -1.697  -1.509   1
   6.19147825  -2.857  -2.079  -1.891  -1.704   0
   6.33887005  -3.039  -2.267  -2.081  -1.897   0
   6.46370363  -3.212  -2.451  -2.267  -2.089   0
   6.56891012  -3.377  -2.630  -2.449  -2.277   0
   6.61510372  -3.455  -2.715  -2.536  -2.367   0
   6.65749693  -3.528  -2.794  -2.616  -2.449   0
   6.68572426  -3.573  -2.840  -2.663  -2.496   0
   6.70325708  -3.594  -2.857  -2.679  -2.511   3
   6.71721220  -3.599  -2.851  -2.669  -2.498   0
   6.72679424  -3.582  -2.808  -2.620  -2.441   0
   6.72958231  -3.571  -2.775  -2.583  -2.396   0
   6.73125267  -3.575  -2.754  -2.556  -2.361   0
   6.73141766  -3.570  -2.750  -2.552  -2.357   0
   6.73194265  -3.542  -2.746  -2.554  -2.367   0
   6.73236418  -3.596  -2.828  -2.642  -2.465   0
   6.73288012  -3.723  -2.988  -2.810  -2.644   0
   6.73333216  -3.835  -3.127  -2.957  -2.801   0
   6.73383951  -3.945  -3.267  -3.105  -2.961   0
   6.73440027  -4.051  -3.409  -3.256  -3.125   0
   6.73500681  -4.155  -3.556  -3.414  -3.298   0
   6.73564863  -4.259  -3.712  -3.581  -3.482   0
   6.73609638  -4.329  -3.822  -3.700  -3.616   0
   6.73655748  -4.398  -3.938  -3.827  -3.759   0
   6.73702288  -4.461  -4.062  -3.964  -3.913   0
   6.73743439  -4.509  -4.175  -4.090  -4.056   0
   6.73784924  -4.544  -4.296  -4.224  -4.210   0
   6.73805666  -4.555  -4.358  -4.295  -4.293   0
   6.73826408  -4.558  -4.418  -4.366  -4.377   0
   6.73847198  -4.551  -4.479  -4.438  -4.466   0
   6.73867893  -4.531  -4.534  -4.509  -4.555   0
   6.73889017  -4.485  -4.573  -4.571  -4.647   0
   6.73909807  -4.413  -4.576  -4.613  -4.737   0
   6.73930502  -4.309  -4.528  -4.625  -4.828   3
   6.73949242  -4.189  -4.416  -4.606  -4.911   0
   6.73963356  -4.072  -4.285  -4.570  -4.975   0
   6.73975039  -3.954  -4.159  -4.525  -5.016   0
   6.73982477  -3.859  -4.065  -4.489  -5.040   0
   6.73990297  -3.739  -3.951  -4.444  -5.063   0
   6.73997355  -3.590  -3.828  -4.394  -5.077   0
   6.74007893  -3.329  -3.632  -4.310  -5.084   0
   6.74021578  -2.944  -3.370  -4.185  -5.062   0
   6.74038363  -2.581  -3.126  -4.041  -4.995   0
   6.74059486  -2.195  -2.896  -3.907  -4.936   0
   6.74063015  -2.145  -2.871  -3.896  -4.937   4
   6.74080610  -1.992  -2.856  -3.956  -5.057   0
   6.74094868  -1.936  -2.921  -4.078  -5.227   0
   6.74122477  -1.919  -3.014  -4.225  -5.415   0
   6.74195194  -1.901  -3.090  -4.344  -5.571   0
   6.74286985  -1.891  -3.159  -4.447  -5.705   0
   6.74415827  -1.894  -3.210  -4.519  -5.794   0
   6.74670553  -1.894  -3.233  -4.553  -5.837   2
   6.77992630  -1.935  -3.186  -4.467  -5.717   0
   6.80191135  -1.955  -3.133  -4.381  -5.603   0
   6.82328510  -2.016  -3.110  -4.319  -5.506   0
   6.85329866  -2.180  -3.151  -4.301  -5.439   4
   6.85477734  -2.190  -3.155  -4.302  -5.437   0
   6.86792994  -2.589  -3.400  -4.468  -5.535   0
   6.87136984  -3.483  -3.940  -4.760  -5.638   0
   6.87334156  -4.106  -4.367  -4.918  -5.585   0
   6.87461185  -4.266  -4.501  -4.964  -5.551   0
   6.87594557  -4.369  -4.597  -4.997  -5.522   0
   6.87791014  -4.456  -4.684  -5.025  -5.492   0
   6.87990618  -4.541  -4.773  -5.053  -5.457   0
   6.88252354  -4.635  -4.872  -5.077  -5.405   0
   6.88512611  -4.711  -4.943  -5.092  -5.359   0
   6.88769960  -4.776  -5.001  -5.103  -5.317   3
   6.89087486  -4.842  -5.035  -5.100  -5.268   0
   6.89396667  -4.897  -5.060  -5.095  -5.224   0
   6.89761400  -4.946  -5.062  -5.074  -5.173   0
   6.90176487  -4.992  -5.053  -5.044  -5.118   0
   6.90627861  -5.026  -5.029  -5.008  -5.065   0
   6.91147804  -5.051  -4.994  -4.963  -5.006   0
   6.91753864  -5.072  -4.955  -4.914  -4.944   0
   6.92420673  -5.083  -4.914  -4.865  -4.884   0
   6.93244076  -5.094  -4.876  -4.819  -4.828   0
   6.94594288  -5.103  -4.844  -4.779  -4.776   0
   6.95329571  -5.111  -4.838  -4.771  -4.765   1
   6.96528101  -5.140  -4.901  -4.841  -4.845   0
   6.96973562  -5.152  -4.929  -4.873  -4.881   0
   6.97551203  -5.164  -4.999  -4.952  -4.974   0
   6.97817230  -5.167  -5.049  -5.009  -5.041   0
   6.98095369  -5.158  -5.110  -5.081  -5.128   0
   6.98394823  -5.128  -5.169  -5.156  -5.227   0
   6.98590040  -5.063  -5.196  -5.219  -5.333   0
   6.98676825  -5.006  -5.188  -5.242  -5.396   0
   6.98725653  -4.954  -5.166  -5.248  -5.441   3
   6.98803091  -4.843  -5.080  -5.239  -5.520   0
   6.98832417  -4.774  -5.014  -5.225  -5.560   0
   6.98858976  -4.683  -4.920  -5.201  -5.607   0
   6.98879814  -4.603  -4.838  -5.174  -5.635   0
   6.98895454  -4.540  -4.773  -5.150  -5.652   0
   6.98917627  -4.418  -4.656  -5.101  -5.671   0
   6.98937416  -4.248  -4.506  -5.037  -5.687   0
   6.98958158  -3.908  -4.241  -4.919  -5.690   0
   6.98969793  -3.612  -4.033  -4.820  -5.675   0
   6.98991919  -2.964  -3.600  -4.561  -5.546   0
   6.99005604  -2.628  -3.375  -4.406  -5.446   0
   6.99017811  -2.418  -3.276  -4.370  -5.460   4
   6.99109840  -2.072  -3.267  -4.523  -5.748   0
   6.99141502  -2.052  -3.320  -4.608  -5.862   0
   6.99194527  -2.017  -3.396  -4.732  -6.028   0
   6.99257803  -1.983  -3.453  -4.830  -6.160   0
   6.99340105  -1.951  -3.512  -4.928  -6.292   0
   6.99435711  -1.907  -3.559  -5.014  -6.416   0
   6.99533224  -1.861  -3.599  -5.092  -6.532   0
   6.99609327  -1.822  -3.630  -5.154  -6.623   0
   6.99676657  -1.786  -3.657  -5.209  -6.705   0
   6.99742842  -1.746  -3.689  -5.272  -6.798   0
