   0.15000001  15.216  13.647  12.067  10.123   0
   0.20000000  13.700  12.466  11.056   9.363   0
   0.25000000  12.878  11.774  10.443   8.859   0
   0.30000001  12.316  11.261   9.981   8.464   0
   0.34999999  11.871  10.850   9.608   8.141   0
   0.40000001  11.435  10.432   9.216   7.783   0
   0.44999999  11.038  10.066   8.885   7.500   0
   0.50000000  10.564   9.637   8.501   7.175   0
   0.55000001  10.010   9.146   8.067   6.819   0
   0.60000002   9.397   8.637   7.619   6.455   0
   0.69999999   7.925   7.505   6.648   5.698   0
   0.80000001   6.627   6.528   5.835   5.050   0
   0.89999998   5.658   5.735   5.174   4.500   0
   1.00000000   4.910   5.049   4.589   4.006   0
   1.07628512   4.444   4.585   4.185   3.664   0
   1.10000002   4.310   4.449   4.065   3.564   0
   1.17286527   3.940   4.054   3.719   3.282   0
   1.20000005   3.809   3.913   3.596   3.183   0
   1.24948514   3.588   3.661   3.381   3.026   0
   1.29999995   3.375   3.418   3.173   2.877   0
   1.31204844   3.328   3.362   3.127   2.846   0
   1.39999998   2.999   2.982   2.813   2.637   0
   1.49219823   2.685   2.647   2.542   2.449   0
   1.50000000   2.661   2.622   2.521   2.435   0
   1.53908014   2.534   2.499   2.420   2.360   0
   1.55577385   2.483   2.453   2.382   2.330   0
   1.60000002   2.351   2.335   2.283   2.252   0
   1.69813502   2.073   2.098   2.077   2.079   0
   1.70000005   2.068   2.094   2.073   2.075   0
   1.79999995   1.803   1.870   1.874   1.897   0
   1.89999998   1.553   1.666   1.688   1.725   0
   1.92320669   1.497   1.620   1.646   1.686   0
   2.00000000   1.315   1.469   1.507   1.555   0
   2.10468125   1.078   1.271   1.321   1.378   0
   2.20000005   0.866   1.088   1.147   1.210   0
   2.24737883   0.765   1.002   1.064   1.129   0
   2.37164688   0.501   0.766   0.837   0.907   0
   2.47598100   0.275   0.557   0.633   0.705   0
   2.50000000   0.222   0.506   0.583   0.655   0
   2.57238722   0.067   0.356   0.435   0.507   0
   2.65017343  -0.106   0.180   0.260   0.331   1
   2.71696901  -0.259   0.017   0.096   0.163   0
   2.77445126  -0.397  -0.136  -0.060   0.003   0
   2.82469416  -0.523  -0.284  -0.211  -0.153   0
   2.86908078  -0.637  -0.424  -0.356  -0.306   0
   2.88937569  -0.691  -0.492  -0.426  -0.379   0
   2.90842295  -0.745  -0.556  -0.491  -0.447   0
   2.92036939  -0.782  -0.593  -0.528  -0.485   0
   2.92934990  -0.813  -0.615  -0.548  -0.502   3
   2.93580866  -0.841  -0.618  -0.546  -0.495   0
   2.94019794  -0.874  -0.596  -0.514  -0.451   0
   2.94143653  -0.905  -0.582  -0.492  -0.420   0
   2.94212556  -0.947  -0.577  -0.479  -0.396   0
   2.94220328  -0.931  -0.565  -0.467  -0.385   0
   2.94239044  -0.860  -0.533  -0.443  -0.369   0
   2.94260859  -0.878  -0.598  -0.515  -0.452   0
   2.94290900  -0.968  -0.736  -0.661  -0.610   0
   2.94331455  -1.043  -0.869  -0.804  -0.766   0
   2.94385576  -1.087  -0.987  -0.937  -0.917   0
   2.94435740  -1.099  -1.065  -1.033  -1.032   0
   2.94482207  -1.091  -1.117  -1.106  -1.128   0
   2.94534492  -1.063  -1.153  -1.173  -1.231   0
   2.94572067  -1.028  -1.161  -1.210  -1.303   0
   2.94611192  -0.973  -1.130  -1.224  -1.374   3
   2.94651890  -0.899  -1.052  -1.216  -1.446   0
   2.94693255  -0.801  -0.923  -1.171  -1.510   0
   2.94735265  -0.646  -0.729  -1.084  -1.559   0
   2.94777250  -0.394  -0.469  -0.955  -1.572   0
   2.94818997  -0.095  -0.208  -0.796  -1.504   0
   2.94860268   0.245   0.075  -0.598  -1.376   0
   2.94901514   0.489   0.253  -0.491  -1.326   4
   2.94946814   0.509   0.193  -0.608  -1.488   0
   2.94986105   0.456   0.092  -0.741  -1.646   0
   2.95035934   0.397  -0.008  -0.868  -1.795   0
   2.95096087   0.332  -0.110  -0.995  -1.941   0
   2.95149899   0.279  -0.199  -1.103  -2.065   0
   2.95214629   0.205  -0.311  -1.235  -2.213   0
   2.95270681   0.150  -0.401  -1.344  -2.337   0
   2.95328307   0.102  -0.489  -1.453  -2.464   0
   2.95383191   0.054  -0.574  -1.560  -2.587   0
   2.95435715   0.022  -0.648  -1.656  -2.700   0
   2.95482445  -0.022  -0.704  -1.720  -2.768   2
   2.95631766   0.002  -0.663  -1.668  -2.709   0
   2.95946527   0.046  -0.585  -1.573  -2.600   0
   2.96295953   0.074  -0.517  -1.483  -2.494   0
   2.96597910   0.109  -0.446  -1.391  -2.386   0
   2.96848226   0.146  -0.377  -1.305  -2.285   0
   2.97127867   0.209  -0.282  -1.192  -2.158   0
   2.97447181   0.270  -0.177  -1.065  -2.012   0
   2.97828913   0.339  -0.068  -0.929  -1.856   0
   2.98539591   0.387   0.041  -0.778  -1.672   0
   2.99207306   0.342   0.044  -0.742  -1.609   4
   3.00000000   0.052  -0.179  -0.904  -1.724   0
   3.00064993   0.032  -0.196  -0.916  -1.732   0
   3.00452065  -0.237  -0.418  -1.082  -1.854   0
   3.00873494  -0.458  -0.597  -1.203  -1.928   0
   3.06168818  -0.788  -0.914  -1.471  -2.152   0
   3.09100771  -0.977  -1.095  -1.621  -2.278   1
   3.13799238  -1.034  -1.184  -1.761  -2.459   0
   3.15279055  -0.805  -1.024  -1.704  -2.486   0
   3.16128039  -0.521  -0.824  -1.594  -2.447   0
   3.16760755  -0.175  -0.625  -1.509  -2.452   4
   3.16799903  -0.146  -0.647  -1.560  -2.528   0
   3.16812968  -0.172  -0.727  -1.670  -2.660   0
   3.16825676  -0.218  -0.830  -1.803  -2.818   0
   3.16994190  -0.282  -0.990  -2.018  -3.074   0
   3.17042613  -0.334  -1.114  -2.176  -3.261   0
   3.17091012  -0.374  -1.218  -2.312  -3.423   0
   3.17139387  -0.399  -1.305  -2.430  -3.565   0
   3.17187715  -0.404  -1.385  -2.545  -3.709   0
   3.17245364  -0.456  -1.512  -2.707  -3.899   0
   3.17285991  -0.473  -1.598  -2.823  -4.044   0
   3.17323613  -0.476  -1.683  -2.945  -4.198   0
   3.17356896  -0.490  -1.776  -3.073  -4.356   0
   3.17385483  -0.487  -1.860  -3.195  -4.511   0
   3.17408109  -0.471  -1.929  -3.300  -4.649   0
   3.17428041  -0.413  -1.970  -3.384  -4.777   0
   3.17446327  -0.396  -2.039  -3.490  -4.919   0
   3.17462945  -0.370  -2.106  -3.597  -5.064   0
   3.17478228  -0.321  -2.160  -3.695  -5.204   0
   3.17493510  -0.314  -2.208  -3.777  -5.340   0
   3.17513442  -0.340  -2.219  -3.821  -5.485   0
   3.17523742  -0.377  -2.238  -3.857  -5.585   0
   3.17532372  -0.402  -2.253  -3.878  -5.636   0
   3.17540002  -0.415  -2.261  -3.890  -5.662   2
   3.17546630  -0.406  -2.255  -3.882  -5.645   0
   3.17550302  -0.461  -2.278  -3.918  -5.746   0
   3.17553639  -0.476  -2.284  -3.926  -5.770   0
   3.17556906  -0.491  -2.290  -3.935  -5.793   0
   3.17560196  -0.507  -2.297  -3.943  -5.817   0
   3.17563462  -0.524  -2.304  -3.952  -5.840   0
   3.17566752  -0.539  -2.304  -3.952  -5.862   0
   3.17570019  -0.554  -2.302  -3.949  -5.883   0
   3.17573285  -0.569  -2.300  -3.947  -5.903   0
   3.17576575  -0.585  -2.299  -3.944  -5.924   0
   3.17579842  -0.601  -2.298  -3.941  -5.945   0
   3.17583132  -0.616  -2.296  -3.939  -5.966   0
   3.17586398  -0.647  -2.303  -3.941  -5.989   0
   3.17589688  -0.672  -2.308  -3.942  -6.008   0
   3.17592955  -0.692  -2.311  -3.942  -6.024   0
   3.17595577  -0.707  -2.313  -3.942  -6.037   0
   3.17598867  -0.725  -2.316  -3.942  -6.052   0
   3.17602134  -0.740  -2.317  -3.942  -6.065   0
   3.17614388  -0.759  -2.319  -3.941  -6.082   0
   3.17626595  -0.778  -2.321  -3.940  -6.099   0
   3.17638731  -0.795  -2.322  -3.939  -6.116   0
   3.17650819  -0.811  -2.322  -3.937  -6.132   0
   3.17662859  -0.825  -2.322  -3.935  -6.148   0
   3.17674851  -0.839  -2.321  -3.933  -6.164   0
   3.17686820  -0.851  -2.320  -3.930  -6.179   0
   3.17698741  -0.863  -2.318  -3.927  -6.194   0
   3.17710662  -0.873  -2.315  -3.924  -6.209   0
   3.17722535  -0.882  -2.312  -3.920  -6.223   0
   3.17734385  -0.890  -2.308  -3.916  -6.237   0
   3.17746258  -0.897  -2.304  -3.912  -6.251   0
   3.17758107  -0.903  -2.300  -3.907  -6.264   0
   3.17769980  -0.908  -2.295  -3.902  -6.277   0
   3.17784834  -0.913  -2.287  -3.896  -6.293   0
   3.17799735  -0.916  -2.279  -3.888  -6.309   0
   3.17814732  -0.913  -2.259  -3.866  -6.316   0
   3.17829776  -0.909  -2.238  -3.842  -6.322   0
   3.17844963  -0.905  -2.217  -3.819  -6.329   0
   3.17860270  -0.900  -2.196  -3.795  -6.335   0
   3.17875743  -0.896  -2.175  -3.772  -6.341   0
   3.17891455  -0.892  -2.154  -3.749  -6.347   0
   3.17908502  -0.886  -2.131  -3.724  -6.352   0
   3.17925453  -0.876  -2.105  -3.695  -6.353   0
   3.17933607  -0.868  -2.088  -3.678  -6.349   0
   3.17938280  -0.859  -2.075  -3.664  -6.343   0
   3.17940950  -0.849  -2.062  -3.651  -6.334   0
   3.17942452  -0.829  -2.041  -3.629  -6.315   0
   3.17943287  -0.812  -2.024  -3.612  -6.299   0
   3.17943764  -0.799  -2.010  -3.598  -6.287   0
   3.17944002  -0.789  -2.000  -3.588  -6.277   0
   3.17944217  -0.779  -1.989  -3.577  -6.266   0
   3.17944455  -0.767  -1.978  -3.566  -6.255   0
   3.17944694  -0.756  -1.966  -3.554  -6.243   0
   3.17944908  -0.743  -1.953  -3.541  -6.231   0
   3.17945147  -0.729  -1.939  -3.527  -6.218   0
   3.17945385  -0.715  -1.925  -3.512  -6.203   0
   3.17945600  -0.699  -1.909  -3.497  -6.188   2
   3.17946005  -0.683  -1.892  -3.479  -6.171   0
