   0.15000001  15.216  13.647  12.067  10.123   0
   0.20000000  13.701  12.466  11.056   9.363   0
   0.25000000  12.879  11.775  10.445   8.860   0
   0.30000001  12.318  11.263   9.983   8.465   0
   0.34999999  11.873  10.852   9.610   8.143   0
   0.40000001  11.435  10.432   9.216   7.784   0
   0.44999999  11.039  10.067   8.886   7.500   0
   0.50000000  10.565   9.638   8.502   7.176   0
   0.55000001  10.012   9.147   8.069   6.820   0
   0.60000002   9.400   8.639   7.621   6.456   0
   0.69999999   7.930   7.509   6.651   5.701   0
   0.80000001   6.633   6.534   5.840   5.054   0
   0.89999998   5.667   5.743   5.181   4.506   0
   1.00000000   4.920   5.059   4.599   4.014   0
   1.10000002   4.321   4.461   4.076   3.574   0
   1.20000005   3.823   3.928   3.610   3.195   0
   1.29999995   3.392   3.436   3.190   2.891   0
   1.36448443   3.146   3.149   2.951   2.732   0
   1.39999998   3.018   3.003   2.832   2.654   0
   1.42591560   2.927   2.900   2.748   2.597   0
   1.50000000   2.684   2.647   2.544   2.457   0
   1.57367194   2.455   2.432   2.368   2.326   0
   1.59411824   2.396   2.379   2.324   2.291   0
   1.60000002   2.379   2.364   2.312   2.282   0
   1.70000005   2.099   2.128   2.108   2.112   0
   1.79999995   1.842   1.916   1.921   1.947   0
   1.84634972   1.729   1.826   1.840   1.873   0
   1.89999998   1.600   1.721   1.746   1.786   0
   2.00000000   1.374   1.539   1.579   1.630   0
   2.10615802   1.146   1.354   1.406   1.467   0
   2.20000005   0.952   1.192   1.254   1.320   0
   2.30195093   0.752   1.025   1.095   1.168   0
   2.46713614   0.433   0.751   0.832   0.913   0
   2.50000000   0.370   0.695   0.778   0.860   0
   2.61709237   0.153   0.499   0.588   0.673   0
   2.73567915  -0.072   0.290   0.383   0.471   0
   2.83617711  -0.268   0.100   0.195   0.283   0
   2.92194009  -0.443  -0.076   0.020   0.107   1
   2.99558520  -0.599  -0.240  -0.145  -0.062   0
   3.00000000  -0.608  -0.250  -0.156  -0.072   0
   3.00108671  -0.611  -0.253  -0.158  -0.074   0
   3.06749821  -0.754  -0.408  -0.315  -0.236   0
   3.12510109  -0.887  -0.559  -0.468  -0.394   0
   3.17567515  -1.010  -0.704  -0.617  -0.549   0
   3.19856644  -1.068  -0.773  -0.688  -0.623   0
   3.21998525  -1.124  -0.838  -0.754  -0.691   0
   3.23330879  -1.161  -0.875  -0.791  -0.728   0
   3.24379945  -1.191  -0.896  -0.810  -0.745   3
   3.25128794  -1.214  -0.896  -0.806  -0.737   0
   3.25641084  -1.233  -0.867  -0.769  -0.689   0
   3.25787878  -1.251  -0.846  -0.741  -0.652   0
   3.25870204  -1.285  -0.839  -0.727  -0.628   0
   3.25879598  -1.270  -0.828  -0.716  -0.619   0
   3.25899768  -1.210  -0.800  -0.694  -0.604   0
   3.25923276  -1.231  -0.862  -0.763  -0.683   0
   3.25954485  -1.328  -0.999  -0.907  -0.837   0
   3.25995755  -1.415  -1.135  -1.050  -0.991   0
   3.26048541  -1.478  -1.257  -1.182  -1.137   0
   3.26096034  -1.512  -1.344  -1.279  -1.247   0
   3.26132011  -1.528  -1.402  -1.345  -1.323   0
   3.26185727  -1.535  -1.475  -1.435  -1.430   0
   3.26224661  -1.531  -1.523  -1.496  -1.507   0
   3.26264930  -1.511  -1.559  -1.552  -1.585   0
   3.26306510  -1.477  -1.579  -1.600  -1.666   0
   3.26349425  -1.421  -1.570  -1.633  -1.749   0
   3.26392746  -1.341  -1.507  -1.636  -1.832   3
   3.26414204  -1.289  -1.452  -1.625  -1.874   0
   3.26436067  -1.229  -1.372  -1.596  -1.909   0
   3.26457500  -1.156  -1.278  -1.559  -1.942   0
   3.26479387  -1.064  -1.165  -1.508  -1.970   0
   3.26500797  -0.948  -1.034  -1.445  -1.985   0
   3.26544070  -0.608  -0.722  -1.280  -1.965   0
   3.26585984  -0.242  -0.418  -1.083  -1.855   0
   3.26627898   0.070  -0.183  -0.935  -1.775   4
   3.26666355   0.154  -0.188  -1.002  -1.891   0
   3.26705241   0.109  -0.295  -1.151  -2.074   0
   3.26754832   0.052  -0.404  -1.294  -2.244   0
   3.26815510  -0.001  -0.504  -1.421  -2.392   0
   3.26879835  -0.053  -0.603  -1.545  -2.537   0
   3.26942444  -0.101  -0.698  -1.666  -2.677   0
   3.27010369  -0.160  -0.803  -1.796  -2.826   0
   3.27078223  -0.222  -0.908  -1.925  -2.974   0
   3.27145576  -0.251  -0.974  -2.011  -3.074   0
   3.27179217  -0.274  -1.004  -2.043  -3.109   2
   3.27760959  -0.237  -0.929  -1.948  -2.999   0
   3.28445649  -0.200  -0.847  -1.841  -2.873   0
   3.28977466  -0.165  -0.770  -1.742  -2.756   0
   3.29469252  -0.123  -0.683  -1.630  -2.625   0
   3.29928994  -0.080  -0.597  -1.520  -2.497   0
   3.30464888  -0.035  -0.506  -1.405  -2.360   0
   3.31221724  -0.010  -0.428  -1.293  -2.222   0
   3.32287502  -0.070  -0.429  -1.250  -2.144   4
   3.33026338  -0.316  -0.610  -1.381  -2.235   0
   3.33338404  -0.464  -0.726  -1.466  -2.295   0
   3.33678293  -0.646  -0.871  -1.566  -2.360   0
   3.37959123  -1.542  -1.661  -2.046  -2.557   0
   3.40338731  -1.669  -1.798  -2.157  -2.638   1
   3.44815660  -1.687  -1.817  -2.263  -2.840   0
   3.46228480  -1.409  -1.589  -2.195  -2.918   0
   3.47039628  -1.047  -1.330  -2.070  -2.898   0
   3.47644448  -0.468  -0.970  -1.881  -2.844   4
   3.47681880  -0.421  -0.961  -1.893  -2.874   0
   3.47694826  -0.421  -1.019  -1.984  -2.990   0
   3.47707438  -0.450  -1.107  -2.105  -3.136   0
   3.47874618  -0.543  -1.355  -2.434  -3.530   0
   3.47922635  -0.570  -1.459  -2.574  -3.700   0
   3.47970653  -0.592  -1.547  -2.694  -3.847   0
   3.48018646  -0.614  -1.633  -2.810  -3.987   0
   3.48066592  -0.612  -1.708  -2.921  -4.129   0
   3.48123789  -0.655  -1.830  -3.078  -4.316   0
   3.48164105  -0.664  -1.913  -3.193  -4.460   0
   3.48201418  -0.662  -1.998  -3.316  -4.616   0
   3.48234439  -0.645  -2.078  -3.439  -4.775   0
   3.48262811  -0.616  -2.147  -3.550  -4.927   0
   3.48285246  -0.581  -2.202  -3.643  -5.060   0
   3.48305035  -0.537  -2.252  -3.734  -5.189   0
   3.48323178  -0.499  -2.311  -3.833  -5.329   0
   3.48339653  -0.462  -2.368  -3.933  -5.472   0
   3.48354840  -0.490  -2.389  -3.983  -5.605   0
   3.48370004  -0.542  -2.419  -4.037  -5.748   0
   3.48389769  -0.650  -2.467  -4.111  -5.950   0
   3.48399973  -0.705  -2.489  -4.139  -6.027   2
   3.48408556  -0.666  -2.474  -4.120  -5.973   0
   3.48416114  -0.598  -2.449  -4.083  -5.859   0
   3.48422718  -0.680  -2.480  -4.128  -5.994   0
   3.48426342  -0.743  -2.485  -4.133  -6.080   0
   3.48430133  -0.758  -2.483  -4.131  -6.100   0
   3.48433852  -0.781  -2.486  -4.130  -6.121   0
   3.48437572  -0.811  -2.493  -4.133  -6.144   0
   3.48441315  -0.840  -2.499  -4.134  -6.166   0
   3.48445034  -0.868  -2.504  -4.136  -6.188   0
   3.48448777  -0.894  -2.509  -4.136  -6.209   0
   3.48452497  -0.919  -2.512  -4.136  -6.230   0
   3.48456216  -0.942  -2.515  -4.136  -6.251   0
   3.48459935  -0.964  -2.517  -4.135  -6.272   0
   3.48463655  -0.984  -2.519  -4.134  -6.293   0
   3.48467398  -1.003  -2.519  -4.132  -6.313   0
   3.48471117  -1.012  -2.518  -4.131  -6.323   0
   3.48474860  -1.015  -2.517  -4.129  -6.326   0
   3.48477817  -1.017  -2.516  -4.128  -6.329   0
   3.48481560  -1.019  -2.515  -4.127  -6.332   0
   3.48485279  -1.022  -2.514  -4.125  -6.335   0
   3.48499227  -1.032  -2.512  -4.122  -6.347   0
   3.48513079  -1.041  -2.511  -4.120  -6.360   0
   3.48526883  -1.050  -2.509  -4.117  -6.372   0
   3.48540640  -1.059  -2.507  -4.114  -6.384   0
   3.48554325  -1.066  -2.504  -4.111  -6.396   0
   3.48567963  -1.072  -2.501  -4.108  -6.407   0
   3.48581553  -1.078  -2.498  -4.105  -6.418   0
   3.48595095  -1.083  -2.495  -4.101  -6.428   0
   3.48608661  -1.088  -2.491  -4.097  -6.438   0
   3.48622155  -1.091  -2.487  -4.094  -6.448   0
   3.48635650  -1.094  -2.483  -4.090  -6.458   0
   3.48649120  -1.097  -2.478  -4.086  -6.467   0
   3.48662615  -1.099  -2.473  -4.081  -6.476   0
   3.48676109  -1.100  -2.468  -4.077  -6.485   0
   3.48692989  -1.100  -2.459  -4.068  -6.495   0
   3.48709941  -1.097  -2.443  -4.049  -6.500   0
   3.48726964  -1.094  -2.426  -4.031  -6.505   0
   3.48744082  -1.090  -2.410  -4.013  -6.510   0
   3.48761344  -1.087  -2.393  -3.994  -6.515   0
   3.48778749  -1.083  -2.376  -3.975  -6.520   0
   3.48796344  -1.080  -2.359  -3.956  -6.525   0
   3.48814201  -1.076  -2.342  -3.937  -6.529   0
   3.48833585  -1.071  -2.322  -3.915  -6.534   0
   3.48852849  -1.063  -2.299  -3.891  -6.535   0
   3.48862123  -1.056  -2.286  -3.876  -6.532   0
   3.48867440  -1.049  -2.274  -3.864  -6.527   0
   3.48870468  -1.038  -2.261  -3.850  -6.517   0
   3.48872185  -1.001  -2.223  -3.812  -6.482   0
   3.48873138  -0.975  -2.196  -3.785  -6.456   0
   3.48873663  -0.959  -2.180  -3.769  -6.440   0
   3.48873925  -0.950  -2.171  -3.760  -6.431   0
   3.48874187  -0.941  -2.162  -3.751  -6.423   0
   3.48874450  -0.932  -2.153  -3.742  -6.413   1
   3.48874712  -0.922  -2.143  -3.732  -6.404   0
   3.48874974  -0.912  -2.133  -3.722  -6.394   0
   3.48875237  -0.901  -2.122  -3.711  -6.383   0
   3.48875499  -0.890  -2.110  -3.699  -6.372   0
   3.48875761  -0.878  -2.098  -3.687  -6.360   0
   3.48876286  -0.866  -2.086  -3.675  -6.347   0
