   0.15000001  15.216  13.647  12.067  10.123   0
   0.20000000  13.699  12.465  11.055   9.362   0
   0.25000000  12.876  11.772  10.442   8.858   0
   0.30000001  12.314  11.259   9.979   8.462   0
   0.34999999  11.869  10.847   9.606   8.138   0
   0.40000001  11.434  10.431   9.215   7.783   0
   0.44999999  11.037  10.065   8.884   7.499   0
   0.50000000  10.562   9.636   8.500   7.174   0
   0.55000001  10.009   9.144   8.066   6.818   0
   0.60000002   9.395   8.634   7.617   6.453   0
   0.69999999   7.920   7.501   6.644   5.695   0
   0.80000001   6.618   6.522   5.829   5.045   0
   0.89999998   5.648   5.725   5.166   4.493   0
   1.00000000   4.897   5.036   4.578   3.995   0
   1.03332913   4.688   4.828   4.396   3.842   0
   1.10000002   4.296   4.435   4.051   3.551   0
   1.12539291   4.164   4.293   3.927   3.450   0
   1.20000005   3.792   3.895   3.579   3.167   0
   1.29999995   3.355   3.394   3.152   2.858   0
   1.39999998   2.973   2.954   2.787   2.614   0
   1.45091975   2.792   2.757   2.626   2.503   0
   1.50000000   2.631   2.592   2.492   2.407   0
   1.50524879   2.613   2.573   2.477   2.396   0
   1.51835179   2.570   2.529   2.441   2.369   0
   1.60000002   2.316   2.299   2.246   2.214   0
   1.70000005   2.026   2.046   2.024   2.023   0
   1.76775789   1.840   1.886   1.880   1.894   0
   1.79999995   1.752   1.809   1.811   1.831   0
   1.89999998   1.489   1.589   1.608   1.641   0
   1.92472565   1.426   1.536   1.559   1.595   0
   2.00000000   1.234   1.371   1.406   1.449   0
   2.05686784   1.097   1.252   1.293   1.340   0
   2.16257310   0.840   1.022   1.072   1.125   0
   2.20000005   0.747   0.936   0.989   1.043   0
   2.25543618   0.615   0.814   0.870   0.925   0
   2.33551097   0.421   0.626   0.685   0.741   0
   2.40393281   0.252   0.453   0.513   0.567   1
   2.46255922   0.101   0.291   0.350   0.401   0
   2.50000000   0.002   0.179   0.236   0.283   0
   2.51640248  -0.040   0.131   0.188   0.233   0
   2.56197238  -0.157  -0.011   0.041   0.079   0
   2.60223055  -0.261  -0.145  -0.099  -0.069   0
   2.62063789  -0.311  -0.210  -0.167  -0.141   0
   2.63791370  -0.361  -0.271  -0.230  -0.207   0
   2.64874887  -0.397  -0.307  -0.266  -0.244   0
   2.65706873  -0.430  -0.330  -0.287  -0.262   0
   2.66305208  -0.465  -0.338  -0.288  -0.257   3
   2.66711783  -0.512  -0.326  -0.263  -0.218   0
   2.66826510  -0.554  -0.318  -0.245  -0.189   0
   2.66890335  -0.610  -0.321  -0.238  -0.171   0
   2.66897082  -0.594  -0.309  -0.227  -0.160   0
   2.66913509  -0.513  -0.268  -0.193  -0.135   0
   2.66932654  -0.514  -0.319  -0.254  -0.207   0
   2.66959023  -0.591  -0.446  -0.390  -0.356   0
   2.66994596  -0.652  -0.566  -0.522  -0.502   0
   2.67042112  -0.678  -0.661  -0.637  -0.638   0
   2.67086124  -0.678  -0.716  -0.714  -0.740   0
   2.67132831  -0.660  -0.749  -0.775  -0.833   0
   2.67185402  -0.620  -0.753  -0.820  -0.928   0
   2.67223167  -0.576  -0.726  -0.833  -0.992   3
   2.67262530  -0.519  -0.661  -0.825  -1.053   0
   2.67303419  -0.443  -0.560  -0.794  -1.110   0
   2.67344999  -0.335  -0.416  -0.732  -1.157   0
   2.67387247  -0.171  -0.227  -0.640  -1.183   0
   2.67429447   0.053  -0.010  -0.520  -1.162   0
   2.67471409   0.328   0.226  -0.367  -1.080   0
   2.67512894   0.628   0.478  -0.185  -0.956   0
   2.67554355   0.843   0.635  -0.088  -0.907   4
   2.67610121   0.869   0.587  -0.194  -1.059   0
   2.67658472   0.812   0.486  -0.325  -1.215   0
   2.67719793   0.738   0.375  -0.461  -1.369   0
   2.67793822   0.659   0.257  -0.604  -1.532   0
   2.67860007   0.584   0.150  -0.732  -1.676   0
   2.67939639   0.505   0.026  -0.880  -1.844   0
   2.68008590   0.424  -0.086  -1.007  -1.984   0
   2.68079448   0.367  -0.186  -1.131  -2.128   0
   2.68146968   0.302  -0.289  -1.255  -2.268   0
   2.68211532   0.253  -0.380  -1.370  -2.400   0
   2.68268967   0.214  -0.444  -1.447  -2.488   2
   2.68392086   0.252  -0.368  -1.350  -2.375   0
   2.68651628   0.309  -0.272  -1.233  -2.241   0
   2.68939781   0.359  -0.179  -1.116  -2.105   0
   2.69188809   0.431  -0.070  -0.988  -1.961   0
   2.69395280   0.484   0.022  -0.874  -1.829   0
   2.69625950   0.563   0.137  -0.739  -1.678   0
   2.69889402   0.642   0.253  -0.598  -1.519   0
   2.70204377   0.717   0.365  -0.462  -1.363   0
   2.70790887   0.763   0.464  -0.328  -1.202   0
   2.71342063   0.715   0.457  -0.306  -1.157   4
   2.74478030   0.139  -0.020  -0.675  -1.439   0
   2.78355265  -0.099  -0.251  -0.892  -1.644   0
   2.81762457  -0.316  -0.464  -1.089  -1.829   0
   2.85664415  -0.411  -0.591  -1.245  -2.008   3
   2.89166808   0.012  -0.339  -1.153  -2.041   0
   2.89523172   0.119  -0.300  -1.165  -2.095   0
   2.89554572   0.118  -0.346  -1.240  -2.193   0
   2.89557457   0.117  -0.353  -1.250  -2.205   0
   2.89567876   0.076  -0.438  -1.360  -2.335   0
   2.89578152   0.023  -0.538  -1.485  -2.481   0
   2.89855075  -0.153  -0.924  -1.983  -3.066   0
   2.89894485  -0.172  -1.004  -2.092  -3.200   0
   2.89933252  -0.204  -1.091  -2.207  -3.337   0
   2.89971852  -0.239  -1.182  -2.324  -3.476   0
   2.90010571  -0.272  -1.280  -2.453  -3.629   0
   2.90048814  -0.286  -1.379  -2.590  -3.800   0
   2.90080452  -0.312  -1.479  -2.723  -3.963   0
   2.90108800  -0.325  -1.575  -2.856  -4.128   0
   2.90140247  -0.295  -1.675  -3.012  -4.334   0
   2.90169907  -0.278  -1.794  -3.191  -4.569   0
   2.90189505  -0.231  -1.869  -3.319  -4.749   0
   2.90202212  -0.215  -1.928  -3.410  -4.871   0
   2.90213752  -0.189  -1.967  -3.475  -4.963   0
   2.90223765  -0.159  -1.998  -3.532  -5.045   0
   2.90234542  -0.151  -2.031  -3.601  -5.182   0
   2.90246630  -0.189  -2.051  -3.657  -5.350   2
   2.90252328  -0.182  -2.051  -3.649  -5.317   0
   2.90254855  -0.193  -2.060  -3.662  -5.343   0
   2.90257263  -0.216  -2.070  -3.685  -5.412   0
   2.90258837  -0.221  -2.072  -3.690  -5.427   0
   2.90260816  -0.229  -2.076  -3.696  -5.445   0
   2.90262389  -0.236  -2.078  -3.701  -5.460   0
   2.90264392  -0.244  -2.082  -3.708  -5.479   0
   2.90266371  -0.253  -2.086  -3.714  -5.498   0
   2.90268350  -0.262  -2.090  -3.721  -5.517   0
   2.90270329  -0.272  -2.094  -3.727  -5.535   0
   2.90272307  -0.282  -2.098  -3.734  -5.554   0
   2.90274286  -0.293  -2.102  -3.740  -5.573   0
   2.90276265  -0.304  -2.107  -3.747  -5.591   0
   2.90278244  -0.316  -2.112  -3.754  -5.610   0
   2.90280223  -0.328  -2.117  -3.760  -5.629   0
   2.90282202  -0.341  -2.122  -3.767  -5.647   0
   2.90284157  -0.353  -2.126  -3.773  -5.665   0
   2.90285707  -0.362  -2.125  -3.771  -5.678   0
   2.90288997  -0.379  -2.122  -3.767  -5.702   0
   2.90297747  -0.422  -2.118  -3.760  -5.762   0
   2.90306449  -0.443  -2.115  -3.756  -5.790   0
   2.90315080  -0.456  -2.114  -3.754  -5.806   0
   2.90323615  -0.468  -2.113  -3.751  -5.823   0
   2.90332103  -0.492  -2.117  -3.752  -5.841   0
   2.90340519  -0.515  -2.121  -3.753  -5.859   0
   2.90348887  -0.537  -2.125  -3.753  -5.877   0
   2.90357161  -0.557  -2.128  -3.753  -5.894   0
   2.90365362  -0.576  -2.130  -3.753  -5.911   0
   2.90373492  -0.594  -2.131  -3.752  -5.927   0
   2.90381575  -0.611  -2.133  -3.751  -5.943   0
   2.90389562  -0.627  -2.133  -3.750  -5.959   0
   2.90397477  -0.641  -2.133  -3.748  -5.975   0
   2.90405345  -0.655  -2.132  -3.746  -5.990   0
   2.90413117  -0.667  -2.131  -3.743  -6.005   0
   2.90420842  -0.679  -2.130  -3.740  -6.020   0
   2.90428495  -0.689  -2.127  -3.737  -6.034   0
   2.90436077  -0.698  -2.125  -3.734  -6.048   0
   2.90443587  -0.707  -2.122  -3.730  -6.061   0
   2.90449548  -0.713  -2.119  -3.727  -6.072   0
   2.90455437  -0.718  -2.116  -3.724  -6.082   0
   2.90461326  -0.723  -2.112  -3.721  -6.092   0
   2.90467167  -0.727  -2.109  -3.717  -6.102   0
   2.90472984  -0.730  -2.105  -3.713  -6.112   0
   2.90478778  -0.733  -2.100  -3.709  -6.122   0
   2.90484524  -0.734  -2.093  -3.701  -6.129   0
   2.90490270  -0.732  -2.080  -3.687  -6.133   0
   2.90495968  -0.729  -2.068  -3.673  -6.137   0
   2.90501642  -0.727  -2.055  -3.660  -6.141   0
   2.90507317  -0.725  -2.043  -3.646  -6.145   0
   2.90512943  -0.722  -2.031  -3.633  -6.149   0
   2.90518594  -0.720  -2.019  -3.619  -6.152   0
   2.90525603  -0.717  -2.004  -3.603  -6.157   0
   2.90532589  -0.714  -1.990  -3.586  -6.161   0
   2.90539598  -0.711  -1.975  -3.570  -6.165   0
   2.90546584  -0.708  -1.961  -3.554  -6.169   0
   2.90553594  -0.705  -1.946  -3.538  -6.173   0
   2.90560579  -0.700  -1.931  -3.521  -6.175   0
   2.90567231  -0.695  -1.915  -3.505  -6.176   0
   2.90574241  -0.687  -1.897  -3.485  -6.175   0
   2.90581012  -0.673  -1.873  -3.460  -6.168   0
   2.90583777  -0.660  -1.855  -3.441  -6.157   0
   2.90585017  -0.647  -1.840  -3.425  -6.146   0
   2.90585589  -0.634  -1.826  -3.411  -6.134   0
   2.90585852  -0.620  -1.810  -3.395  -6.120   0
   2.90586066  -0.607  -1.796  -3.381  -6.108   0
   2.90586281  -0.592  -1.780  -3.365  -6.093   0
   2.90586495  -0.577  -1.764  -3.349  -6.079   0
   2.90586710  -0.560  -1.746  -3.331  -6.063   0
   2.90586925  -0.542  -1.727  -3.312  -6.046   0
   2.90587139  -0.522  -1.706  -3.290  -6.026   0
   2.90587425  -0.500  -1.683  -3.267  -6.005   0
