   0.15000001  15.217  13.648  12.068  10.124   0
   0.20000000  13.703  12.468  11.058   9.365   0
   0.25000000  12.883  11.778  10.448   8.863   0
   0.30000001  12.323  11.268   9.988   8.470   0
   0.34999999  11.878  10.857   9.615   8.147   0
   0.40000001  11.436  10.433   9.217   7.785   0
   0.44999999  11.041  10.069   8.887   7.502   0
   0.50000000  10.568   9.641   8.504   7.178   0
   0.55000001  10.016   9.151   8.072   6.823   0
   0.60000002   9.405   8.644   7.626   6.460   0
   0.69999999   7.942   7.518   6.659   5.707   0
   0.80000001   6.651   6.548   5.852   5.064   0
   0.89999998   5.690   5.763   5.199   4.522   0
   1.00000000   4.948   5.087   4.623   4.036   0
   1.10000002   4.350   4.492   4.105   3.600   0
   1.20000005   3.858   3.967   3.646   3.228   0
   1.29999995   3.435   3.484   3.234   2.929   0
   1.39999998   3.070   3.059   2.884   2.700   0
   1.50000000   2.746   2.710   2.603   2.511   0
   1.60000002   2.451   2.438   2.383   2.354   0
   1.70000005   2.179   2.215   2.197   2.205   0
   1.79999995   1.936   2.024   2.032   2.063   0
   1.89999998   1.713   1.855   1.884   1.931   0
   2.00000000   1.509   1.701   1.746   1.804   0
   2.20000005   1.143   1.417   1.485   1.560   0
   2.27129579   1.026   1.325   1.399   1.479   0
   2.50000000   0.674   1.048   1.138   1.233   0
   2.95138240   0.079   0.564   0.677   0.794   0
   3.00000000   0.019   0.514   0.629   0.749   0
   3.44804287  -0.479   0.091   0.224   0.360   0
   3.50000000  -0.534   0.043   0.178   0.315   0
   3.85601521  -0.889  -0.267  -0.122   0.027   0
   4.00000000  -1.029  -0.393  -0.243  -0.090   0
   4.19213772  -1.216  -0.560  -0.405  -0.248   0
   4.45546103  -1.482  -0.806  -0.645  -0.483   1
   4.50000000  -1.529  -0.849  -0.688  -0.525   0
   4.69232416  -1.730  -1.039  -0.874  -0.709   0
   4.88449574  -1.942  -1.245  -1.077  -0.911   0
   5.00000000  -2.080  -1.381  -1.212  -1.046   0
   5.05832767  -2.150  -1.450  -1.281  -1.115   1
   5.19938517  -2.334  -1.636  -1.468  -1.305   0
   5.32035255  -2.508  -1.817  -1.651  -1.490   0
   5.42337799  -2.674  -1.994  -1.830  -1.675   0
   5.51083422  -2.831  -2.166  -2.005  -1.855   0
   5.54952574  -2.905  -2.248  -2.089  -1.941   0
   5.58517218  -2.975  -2.323  -2.165  -2.020   0
   5.60680532  -3.015  -2.363  -2.205  -2.061   0
   5.62337208  -3.038  -2.381  -2.222  -2.076   3
   5.63493919  -3.043  -2.373  -2.211  -2.061   0
   5.64288807  -3.029  -2.330  -2.161  -2.002   0
   5.64519978  -3.021  -2.299  -2.124  -1.958   0
   5.64656544  -3.025  -2.278  -2.097  -1.923   0
   5.64671803  -3.016  -2.271  -2.091  -1.918   0
   5.64708757  -2.990  -2.269  -2.095  -1.928   0
   5.64745760  -3.036  -2.343  -2.175  -2.018   0
   5.64793205  -3.161  -2.499  -2.339  -2.193   0
   5.64851284  -3.302  -2.677  -2.525  -2.392   0
   5.64901400  -3.399  -2.805  -2.661  -2.539   0
   5.64956808  -3.490  -2.932  -2.797  -2.688   0
   5.65020084  -3.580  -3.069  -2.943  -2.848   0
   5.65085983  -3.667  -3.210  -3.095  -3.017   0
   5.65133429  -3.722  -3.311  -3.206  -3.140   0
   5.65180874  -3.772  -3.415  -3.321  -3.270   0
   5.65224028  -3.810  -3.511  -3.427  -3.392   0
   5.65264893  -3.837  -3.609  -3.536  -3.517   0
   5.65307999  -3.851  -3.711  -3.654  -3.655   0
   5.65351152  -3.833  -3.810  -3.775  -3.803   0
   5.65371561  -3.810  -3.850  -3.830  -3.877   0
   5.65394211  -3.765  -3.875  -3.881  -3.959   0
   5.65414619  -3.701  -3.866  -3.911  -4.036   0
   5.65437317  -3.607  -3.814  -3.919  -4.120   3
   5.65457726  -3.493  -3.703  -3.898  -4.200   0
   5.65478086  -3.352  -3.542  -3.849  -4.273   0
   5.65498495  -3.144  -3.323  -3.762  -4.329   0
   5.65521145  -2.758  -2.995  -3.624  -4.363   0
   5.65541506  -2.340  -2.699  -3.476  -4.329   0
   5.65557384  -2.055  -2.504  -3.357  -4.268   0
   5.65580034  -1.754  -2.318  -3.254  -4.230   0
   5.65593624  -1.610  -2.253  -3.236  -4.249   4
   5.65615892  -1.541  -2.319  -3.378  -4.450   0
   5.65633249  -1.524  -2.383  -3.481  -4.586   0
   5.65658045  -1.522  -2.444  -3.573  -4.703   0
   5.65712547  -1.514  -2.507  -3.670  -4.827   0
   5.65781927  -1.514  -2.575  -3.770  -4.953   0
   5.65858650  -1.527  -2.643  -3.864  -5.068   0
   5.65974951  -1.547  -2.702  -3.941  -5.160   0
   5.66133213  -1.554  -2.718  -3.960  -5.182   2
   5.68812656  -1.562  -2.662  -3.876  -5.073   0
   5.70680952  -1.572  -2.604  -3.786  -4.957   0
   5.72339869  -1.605  -2.563  -3.708  -4.850   0
   5.74253416  -1.687  -2.557  -3.660  -4.766   0
   5.75852966  -1.798  -2.592  -3.657  -4.730   4
   5.77205276  -2.414  -2.980  -3.908  -4.871   0
   5.77628708  -3.165  -3.462  -4.134  -4.903   0
   5.77969265  -3.542  -3.753  -4.249  -4.871   0
   5.78243208  -3.710  -3.912  -4.311  -4.836   0
   5.78439903  -3.796  -4.003  -4.344  -4.809   0
   5.78649855  -3.883  -4.096  -4.376  -4.775   0
   5.78918076  -3.974  -4.199  -4.405  -4.727   0
   5.79178286  -4.047  -4.272  -4.423  -4.684   0
   5.79504585  -4.124  -4.340  -4.436  -4.635   0
   5.79817533  -4.187  -4.376  -4.436  -4.591   3
   5.80199099  -4.248  -4.396  -4.425  -4.539   0
   5.80564547  -4.297  -4.404  -4.410  -4.494   0
   5.80985308  -4.336  -4.390  -4.380  -4.445   0
   5.81450605  -4.373  -4.375  -4.349  -4.395   0
   5.81949854  -4.396  -4.346  -4.310  -4.344   0
   5.82525158  -4.418  -4.319  -4.274  -4.295   0
   5.83255291  -4.434  -4.296  -4.245  -4.258   0
   5.84318304  -4.456  -4.288  -4.231  -4.238   0
   5.85339499  -4.475  -4.345  -4.296  -4.312   0
   5.85898161  -4.485  -4.388  -4.345  -4.368   0
   5.86634731  -4.481  -4.463  -4.435  -4.478   0
   5.87116146  -4.462  -4.510  -4.499  -4.564   0
   5.87499619  -4.428  -4.546  -4.559  -4.654   0
   5.87693834  -4.394  -4.552  -4.584  -4.705   0
   5.87981749  -4.320  -4.526  -4.604  -4.784   0
   5.88135815  -4.265  -4.490  -4.607  -4.833   0
   5.88221645  -4.207  -4.435  -4.599  -4.877   0
   5.88328314  -4.093  -4.315  -4.576  -4.957   0
   5.88426828  -3.929  -4.141  -4.520  -5.026   0
   5.88484907  -3.726  -3.948  -4.448  -5.072   0
   5.88526773  -3.431  -3.713  -4.353  -5.096   0
   5.88562202  -3.011  -3.426  -4.224  -5.088   0
   5.88599253  -2.545  -3.111  -4.036  -4.996   0
   5.88625002  -2.198  -2.875  -3.870  -4.886   0
   5.88647223  -1.872  -2.677  -3.747  -4.823   4
   5.88661385  -1.759  -2.700  -3.836  -4.969   0
   5.88744164  -1.709  -2.809  -4.022  -5.215   0
   5.88772440  -1.696  -2.840  -4.074  -5.285   0
   5.88810778  -1.684  -2.913  -4.184  -5.428   0
   5.88869333  -1.685  -3.000  -4.308  -5.585   0
   5.88941908  -1.663  -3.069  -4.417  -5.728   0
   5.89024544  -1.630  -3.130  -4.519  -5.865   0
   5.89095020  -1.592  -3.170  -4.593  -5.971   0
   5.89157438  -1.561  -3.207  -4.659  -6.065   0
   5.89207745  -1.532  -3.238  -4.716  -6.148   0
   5.89250040  -1.505  -3.267  -4.769  -6.225   0
   5.89290237  -1.491  -3.306  -4.832  -6.311   0
   5.89340544  -1.501  -3.360  -4.906  -6.402   2
   5.89362621  -1.522  -3.377  -4.921  -6.414   0
   5.89388752  -1.547  -3.395  -4.936  -6.426   0
   5.89396811  -1.555  -3.400  -4.940  -6.428   0
