   0.15000001  15.107  13.567  12.001  10.077   0
   0.20000000  13.520  12.313  10.920   9.250   0
   0.25000000  12.692  11.604  10.288   8.721   0
   0.30000001  12.132  11.087   9.818   8.315   0
   0.34999999  11.703  10.685   9.451   7.994   0
   0.40000001  11.332  10.333   9.124   7.703   0
   0.44999999  10.877   9.916   8.748   7.381   0
   0.50000000  10.318   9.414   8.301   7.007   0
   0.55000001   9.634   8.824   7.780   6.579   0
   0.59303397   8.882   8.219   7.253   6.162   0
   0.60000002   8.771   8.130   7.176   6.099   0
   0.60459542   8.673   8.056   7.112   6.050   0
   0.62600791   8.211   7.709   6.815   5.818   0
   0.64585698   7.783   7.387   6.540   5.601   0
   0.66448754   7.388   7.090   6.288   5.399   0
   0.68224210   7.011   6.803   6.045   5.200   0
   0.69941759   6.660   6.526   5.812   5.006   0
   0.69999999   6.648   6.517   5.804   4.999   0
   0.70712513   6.502   6.399   5.703   4.914   0
   0.72267598   6.177   6.132   5.471   4.713   0
   0.73170006   6.001   5.977   5.335   4.592   0
   0.74224871   5.785   5.784   5.164   4.440   0
   0.75480878   5.512   5.537   4.941   4.236   0
   0.75792849   5.443   5.473   4.883   4.182   0
   0.76100028   5.376   5.410   4.825   4.129   0
   0.76295733   5.333   5.369   4.787   4.093   0
   0.76421446   5.306   5.344   4.763   4.069   0
   0.77876490   5.000   5.037   4.462   3.772   1
   0.78570771   4.868   4.882   4.290   3.584   0
   0.79074442   4.823   4.791   4.156   3.414   0
   0.79382944   4.919   4.795   4.093   3.293   0
   0.79512817   4.993   4.810   4.066   3.231   0
   0.79670346   5.053   4.783   3.987   3.104   0
   0.79781115   5.005   4.690   3.868   2.961   0
   0.79869622   4.909   4.568   3.731   2.811   0
   0.79942673   4.795   4.439   3.592   2.663   0
   0.80000001   4.689   4.323   3.469   2.535   0
   0.80034131   4.622   4.250   3.393   2.455   0
   0.80097139   4.481   4.097   3.232   2.290   0
   0.80149627   4.343   3.949   3.079   2.132   0
   0.80194628   4.213   3.808   2.933   1.980   0
   0.80234796   4.083   3.666   2.785   1.827   0
   0.80274212   3.951   3.519   2.630   1.664   0
   0.80306661   3.834   3.385   2.487   1.513   0
   0.80336219   3.700   3.240   2.336   1.357   0
   0.80360979   3.589   3.107   2.192   1.205   0
   0.80383694   3.479   2.977   2.051   1.055   0
   0.80404013   3.368   2.845   1.908   0.902   0
   0.80422407   3.258   2.715   1.767   0.753   0
   0.80438650   3.155   2.588   1.627   0.603   0
   0.80453932   3.040   2.455   1.484   0.452   0
   0.80467778   2.938   2.329   1.346   0.304   0
   0.80482692   2.868   2.242   1.250   0.201   2
   0.80495906   2.899   2.296   1.315   0.276   0
   0.80505604   2.802   2.171   1.176   0.126   0
   0.80516279   2.710   2.044   1.032  -0.034   0
   0.80525750   2.619   1.919   0.890  -0.190   0
   0.80533880   2.533   1.798   0.753  -0.341   0
   0.80541897   2.441   1.668   0.604  -0.507   0
   0.80548823   2.365   1.548   0.463  -0.666   0
   0.80554652   2.283   1.427   0.323  -0.822   0
   0.80559760   2.227   1.322   0.194  -0.969   0
   0.80564135   2.164   1.215   0.066  -1.114   0
   0.80568510   2.092   1.098  -0.071  -1.270   0
   0.80572283   2.050   1.001  -0.192  -1.414   0
   0.80575442   1.998   0.896  -0.321  -1.565   0
   0.80578488   1.953   0.796  -0.445  -1.711   0
   0.80580920   1.932   0.709  -0.561  -1.853   0
   0.80583477   1.917   0.625  -0.676  -1.995   0
   0.80585182   1.906   0.544  -0.787  -2.136   0
   0.80587006   1.899   0.468  -0.893  -2.271   0
   0.80588830   1.881   0.374  -1.020  -2.430   0
   0.80590290   1.893   0.308  -1.120  -2.563   0
   0.80591750   1.903   0.238  -1.223  -2.699   0
   0.80592847   1.910   0.162  -1.336  -2.845   0
   0.80594063   1.896   0.118  -1.410  -2.979   0
   0.80595040   1.905   0.120  -1.441  -3.094   0
   0.80595767   1.880   0.096  -1.490  -3.213   0
   0.80596739   1.850   0.080  -1.532  -3.343   0
   0.80597472   1.795   0.046  -1.585  -3.466   2
   0.80598080   1.736   0.055  -1.576  -3.565   0
   0.80598813   1.667   0.059  -1.570  -3.666   0
   0.80599302   1.593   0.067  -1.557  -3.768   0
   0.80599666   1.550   0.068  -1.553  -3.822   0
   0.80599666   1.741   1.577   0.918   0.151   0
   0.80604124   1.793   1.579   0.868   0.060   0
   0.80609930   1.788   1.567   0.850   0.037   0
   0.80610645   1.787   1.566   0.848   0.035   2
   0.80616564   1.777   1.558   0.844   0.033   0
   0.80623567   1.761   1.552   0.848   0.046   0
   0.80630887   1.742   1.547   0.857   0.065   0
   0.80638599   1.725   1.542   0.865   0.083   0
   0.80646491   1.707   1.536   0.870   0.098   0
   0.80654609   1.692   1.530   0.874   0.109   0
   0.80662775   1.683   1.526   0.875   0.114   0
   0.80670768   1.678   1.522   0.873   0.114   0
   0.80671883   1.677   1.522   0.873   0.114   0
   0.80678320   1.678   1.520   0.868   0.107   0
   0.80685937   1.681   1.517   0.860   0.095   0
   0.80693543   1.686   1.514   0.849   0.076   0
   0.80701405   1.692   1.508   0.832   0.051   0
   0.80709434   1.694   1.498   0.809   0.018   0
   0.80717748   1.695   1.483   0.779  -0.023   0
   0.80727243   1.688   1.458   0.737  -0.079   0
   0.80733776   1.677   1.434   0.700  -0.126   0
   0.80738175   1.666   1.411   0.666  -0.168   0
   0.80754286   1.632   1.328   0.548  -0.314   0
   0.80755651   1.622   1.276   0.467  -0.418   0
   0.80756670   1.608   1.188   0.325  -0.601   0
   0.80756968   1.595   1.116   0.216  -0.741   0
   0.80757213   1.581   0.976   0.006  -1.007   0
   0.80757308   1.570   0.896  -0.114  -1.157   0
   0.80757409   1.545   0.804  -0.241  -1.312   0
   0.80757535   1.530   0.730  -0.344  -1.439   0
   0.80757666   1.529   0.697  -0.391  -1.500   0
   0.80758196   1.530   0.769  -0.285  -1.364   0
   0.80758798   1.529   0.787  -0.259  -1.330   1
   0.80761242   1.518   0.705  -0.375  -1.475   0
   0.80762333   1.520   0.634  -0.481  -1.611   0
   0.80763412   1.508   0.528  -0.631  -1.799   0
   0.80764419   1.513   0.422  -0.790  -2.003   0
   0.80765057   1.527   0.356  -0.891  -2.137   0
   0.80765754   1.522   0.266  -1.017  -2.297   0
   0.80766249   1.536   0.193  -1.128  -2.442   0
   0.80766642   1.562   0.124  -1.239  -2.591   0
   0.80766958   1.606   0.066  -1.341  -2.738   0
   0.80767190   1.674   0.035  -1.415  -2.856   0
   0.80767411   1.743   0.000  -1.494  -2.980   0
   0.80767643   1.778  -0.055  -1.587  -3.110   0
   0.80767876   1.776  -0.063  -1.624  -3.220   0
   0.80768138   1.762  -0.073  -1.657  -3.326   0
   0.80768442   1.709  -0.096  -1.717  -3.510   0
   0.80768496   1.667  -0.107  -1.743  -3.607   0
   0.80768538   1.653  -0.113  -1.752  -3.633   0
   0.80768573   1.641  -0.114  -1.754  -3.652   0
   0.80768615   1.627  -0.111  -1.751  -3.675   2
   0.80768651   1.611  -0.109  -1.747  -3.698   0
   0.80768692   1.596  -0.106  -1.744  -3.721   0
   0.80768734   1.580  -0.103  -1.740  -3.744   0
   0.80768776   1.564  -0.101  -1.737  -3.767   0
   0.80768818   1.548  -0.098  -1.734  -3.789   0
   0.80768859   1.532  -0.096  -1.730  -3.812   0
   0.80768901   1.515  -0.094  -1.727  -3.835   0
   0.80768943   1.498  -0.092  -1.723  -3.857   0
   0.80768985   1.480  -0.090  -1.720  -3.880   0
   0.80769026   1.463  -0.088  -1.716  -3.903   0
   0.80769068   1.444  -0.086  -1.713  -3.925   0
   0.80769110   1.419  -0.087  -1.711  -3.949   0
   0.80769151   1.394  -0.089  -1.709  -3.972   0
   0.80769181   1.375  -0.090  -1.707  -3.991   0
   0.80769223   1.354  -0.089  -1.704  -4.014   0
   0.80769259   1.338  -0.088  -1.701  -4.032   0
   0.80769300   1.321  -0.085  -1.697  -4.054   0
   0.80769342   1.310  -0.081  -1.691  -4.070   0
   0.80769378   1.300  -0.076  -1.686  -4.086   0
   0.80769420   1.292  -0.071  -1.680  -4.101   0
   0.80769449   1.294  -0.058  -1.665  -4.105   0
