   0.15000001  15.166  13.611  12.037  10.103   0
   0.20000000  13.592  12.375  10.975   9.296   0
   0.25000000  12.746  11.654  10.334   8.762   0
   0.30000001  12.171  11.123   9.851   8.344   0
   0.34999999  11.729  10.709   9.472   8.012   0
   0.40000001  11.369  10.367   9.156   7.730   0
   0.44999999  10.942   9.975   8.801   7.426   0
   0.50000000  10.426   9.510   8.386   7.076   0
   0.55000001   9.812   8.972   7.911   6.686   0
   0.55285853   9.768   8.936   7.879   6.660   0
   0.60000002   9.076   8.372   7.385   6.264   0
   0.60674286   8.947   8.272   7.301   6.200   0
   0.64200509   8.301   7.782   6.881   5.875   0
   0.67258501   7.757   7.374   6.533   5.601   0
   0.69982970   7.286   7.021   6.235   5.363   0
   0.69999999   7.283   7.019   6.234   5.361   0
   0.71158117   7.084   6.868   6.106   5.258   0
   0.73366147   6.726   6.588   5.872   5.065   0
   0.75382614   6.404   6.334   5.658   4.887   0
   0.77246308   6.127   6.105   5.463   4.722   0
   0.78998029   5.874   5.890   5.280   4.565   0
   0.80000001   5.730   5.766   5.174   4.473   0
   0.80431563   5.669   5.713   5.127   4.432   0
   0.82074136   5.432   5.502   4.943   4.269   0
   0.83854413   5.187   5.270   4.735   4.083   0
   0.84839267   5.051   5.140   4.617   3.975   0
   0.85802728   4.915   5.008   4.497   3.865   0
   0.86716413   4.786   4.882   4.380   3.756   0
   0.86954790   4.753   4.850   4.350   3.728   0
   0.87080210   4.737   4.833   4.335   3.713   0
   0.87706208   4.651   4.747   4.254   3.636   0
   0.88165861   4.586   4.682   4.191   3.575   0
   0.89999998   4.309   4.397   3.907   3.292   1
   0.90007007   4.308   4.396   3.906   3.291   0
   0.91043085   4.159   4.230   3.723   3.090   0
   0.91770786   4.091   4.137   3.590   2.921   0
   0.92188138   4.189   4.169   3.557   2.833   3
   0.92427832   4.346   4.252   3.576   2.797   0
   0.92615062   4.498   4.322   3.585   2.756   0
   0.92814386   4.544   4.293   3.508   2.636   0
   0.92968076   4.477   4.184   3.374   2.479   0
   0.93095207   4.361   4.045   3.221   2.313   0
   0.93201154   4.232   3.897   3.064   2.148   0
   0.93288368   4.107   3.760   2.918   1.995   0
   0.93367684   3.979   3.618   2.769   1.841   0
   0.93436158   3.855   3.481   2.624   1.689   0
   0.93499893   3.730   3.343   2.476   1.534   0
   0.93556386   3.606   3.202   2.328   1.378   0
   0.93608588   3.476   3.057   2.174   1.217   0
   0.93651724   3.360   2.923   2.030   1.066   0
   0.93691915   3.248   2.788   1.884   0.909   0
   0.93727344   3.132   2.652   1.739   0.755   0
   0.93758011   3.029   2.526   1.599   0.605   0
   0.93785501   2.934   2.404   1.463   0.458   0
   0.93810266   2.832   2.279   1.326   0.311   0
   0.93834132   2.723   2.149   1.184   0.159   0
   0.93856406   2.636   2.034   1.055   0.018   0
   0.93876636   2.578   1.963   0.976  -0.066   0
   0.93899733   2.647   2.067   1.099   0.072   1
   0.93916780   2.551   1.941   0.958  -0.081   0
   0.93933117   2.467   1.824   0.824  -0.229   0
   0.93949705   2.375   1.700   0.683  -0.384   0
   0.93963689   2.298   1.587   0.554  -0.529   0
   0.93977433   2.225   1.468   0.413  -0.690   0
   0.93989289   2.129   1.339   0.267  -0.849   0
   0.93999493   2.058   1.227   0.136  -0.996   0
   0.94008273   1.997   1.120   0.007  -1.144   0
   0.94017047   1.929   1.003  -0.134  -1.303   0
   0.94024646   1.869   0.893  -0.267  -1.455   0
   0.94031054   1.830   0.798  -0.388  -1.600   0
   0.94036514   1.769   0.693  -0.512  -1.742   0
   0.94041973   1.725   0.591  -0.639  -1.893   0
   0.94046724   1.706   0.503  -0.758  -2.040   0
   0.94050527   1.695   0.424  -0.867  -2.176   0
   0.94054323   1.675   0.337  -0.984  -2.319   0
   0.94057649   1.667   0.257  -1.096  -2.462   0
   0.94060737   1.662   0.174  -1.212  -2.612   0
   0.94063592   1.668   0.101  -1.318  -2.751   0
   0.94065964   1.671   0.028  -1.424  -2.888   0
   0.94068342   1.687  -0.042  -1.530  -3.030   0
   0.94070244   1.690  -0.088  -1.607  -3.151   0
   0.94071907   1.693  -0.094  -1.643  -3.263   0
   0.94073570   1.672  -0.117  -1.694  -3.388   0
   0.94074994   1.650  -0.130  -1.731  -3.500   0
   0.94076419   1.612  -0.152  -1.774  -3.616   0
   0.94077611   1.559  -0.167  -1.800  -3.720   2
   0.94078559   1.502  -0.160  -1.791  -3.809   0
   0.94079512   1.457  -0.150  -1.779  -3.877   0
   0.94079512   1.985   1.633   0.807  -0.094   0
   0.94091910   1.983   1.601   0.754  -0.163   0
   0.94108313   1.968   1.579   0.727  -0.194   2
   0.94121182   1.959   1.575   0.727  -0.190   0
   0.94134849   1.949   1.573   0.731  -0.182   0
   0.94148976   1.940   1.571   0.734  -0.175   0
   0.94163519   1.930   1.568   0.736  -0.169   0
   0.94178653   1.921   1.564   0.736  -0.165   0
   0.94194084   1.911   1.560   0.735  -0.164   0
   0.94209468   1.902   1.555   0.733  -0.164   0
   0.94224709   1.893   1.549   0.729  -0.165   0
   0.94240046   1.887   1.543   0.724  -0.170   0
   0.94246083   1.883   1.541   0.723  -0.170   0
   0.94253933   1.880   1.537   0.718  -0.177   0
   0.94267094   1.877   1.529   0.708  -0.189   0
   0.94280714   1.873   1.520   0.695  -0.204   0
   0.94294816   1.869   1.508   0.678  -0.225   0
   0.94310141   1.859   1.489   0.652  -0.257   0
   0.94325721   1.840   1.459   0.614  -0.300   0
   0.94334042   1.830   1.439   0.589  -0.330   0
   0.94343042   1.819   1.415   0.556  -0.370   0
   0.94371682   1.779   1.331   0.444  -0.505   0
   0.94377583   1.773   1.315   0.421  -0.532   0
   0.94380027   1.748   1.256   0.344  -0.625   0
   0.94381881   1.711   1.158   0.213  -0.783   0
   0.94382435   1.676   1.081   0.111  -0.904   0
   0.94382870   1.626   0.939  -0.082  -1.137   0
   0.94383049   1.603   0.853  -0.198  -1.280   0
   0.94383240   1.594   0.774  -0.310  -1.422   0
   0.94383568   1.544   0.663  -0.450  -1.586   0
   0.94383669   1.543   0.657  -0.459  -1.597   0
   0.94384950   1.577   0.749  -0.338  -1.453   0
   0.94386059   1.584   0.761  -0.325  -1.438   1
   0.94390589   1.537   0.651  -0.464  -1.602   0
   0.94392622   1.517   0.555  -0.597  -1.765   0
   0.94394344   1.468   0.429  -0.760  -1.959   0
   0.94395453   1.465   0.350  -0.873  -2.104   0
   0.94396609   1.493   0.279  -0.987  -2.259   0
   0.94398063   1.461   0.159  -1.146  -2.452   0
   0.94398957   1.481   0.082  -1.264  -2.608   0
   0.94399518   1.506   0.021  -1.362  -2.745   0
   0.94400018   1.547  -0.029  -1.451  -2.874   0
   0.94400454   1.585  -0.084  -1.547  -3.010   0
   0.94400841   1.624  -0.138  -1.640  -3.141   0
   0.94401246   1.652  -0.159  -1.696  -3.257   0
   0.94401646   1.676  -0.132  -1.702  -3.356   0
   0.94402081   1.662  -0.136  -1.731  -3.464   0
   0.94402450   1.630  -0.151  -1.767  -3.578   0
   0.94402498   1.604  -0.167  -1.792  -3.635   0
   0.94402575   1.593  -0.172  -1.800  -3.659   0
   0.94402653   1.582  -0.176  -1.808  -3.683   0
   0.94402725   1.570  -0.179  -1.814  -3.706   3
   0.94402802   1.556  -0.176  -1.811  -3.728   0
   0.94402879   1.543  -0.174  -1.808  -3.749   0
   0.94402951   1.529  -0.171  -1.805  -3.771   0
   0.94403028   1.515  -0.169  -1.802  -3.792   0
   0.94403100   1.501  -0.166  -1.799  -3.814   0
   0.94403177   1.486  -0.164  -1.796  -3.835   0
   0.94403255   1.472  -0.162  -1.793  -3.857   0
   0.94403327   1.457  -0.160  -1.790  -3.878   0
   0.94403374   1.444  -0.158  -1.787  -3.895   0
   0.94403440   1.429  -0.156  -1.785  -3.917   0
   0.94403499   1.413  -0.154  -1.782  -3.938   0
   0.94403565   1.397  -0.152  -1.779  -3.959   0
   0.94403630   1.381  -0.151  -1.776  -3.981   0
   0.94403690   1.364  -0.149  -1.773  -4.002   0
   0.94403756   1.347  -0.148  -1.770  -4.023   0
   0.94403815   1.330  -0.146  -1.767  -4.044   0
   0.94403881   1.313  -0.145  -1.764  -4.066   0
   0.94403940   1.295  -0.144  -1.761  -4.087   0
   0.94404006   1.277  -0.143  -1.758  -4.108   0
   0.94404066   1.257  -0.143  -1.755  -4.130   0
   0.94404131   1.238  -0.142  -1.752  -4.151   0
   0.94404191   1.223  -0.138  -1.747  -4.171   0
   0.94404256   1.227  -0.113  -1.720  -4.179   0
   0.94404316   1.231  -0.089  -1.692  -4.187   0
   0.94404382   1.236  -0.065  -1.665  -4.196   0
   0.94404447   1.240  -0.040  -1.638  -4.204   0
   0.94404507   1.244  -0.016  -1.610  -4.212   0
   0.94404572   1.249   0.009  -1.583  -4.220   0
   0.94404632   1.253   0.034  -1.555  -4.229   0
   0.94404727   1.261   0.060  -1.526  -4.232   0
   0.94404864   1.268   0.088  -1.496  -4.239   0
   0.94405001   1.274   0.116  -1.465  -4.246   0
   0.94405138   1.281   0.144  -1.434  -4.253   0
   0.94405276   1.287   0.172  -1.402  -4.260   0
   0.94405419   1.295   0.201  -1.370  -4.266   0
   0.94405556   1.302   0.230  -1.338  -4.272   0
   0.94405693   1.310   0.260  -1.305  -4.279   0
   0.94405830   1.319   0.292  -1.270  -4.284   0
   0.94405943   1.331   0.326  -1.234  -4.285   0
   0.94405973   1.336   0.337  -1.221  -4.285   0
