   0.15000001  15.217  13.648  12.068  10.124   0
   0.20000000  13.703  12.469  11.058   9.365   0
   0.25000000  12.884  11.779  10.448   8.863   0
   0.30000001  12.324  11.269   9.988   8.470   0
   0.34999999  11.879  10.858   9.616   8.148   0
   0.40000001  11.437  10.433   9.217   7.785   0
   0.44999999  11.041  10.069   8.888   7.502   0
   0.50000000  10.568   9.641   8.505   7.179   0
   0.55000001  10.016   9.151   8.072   6.823   0
   0.60000002   9.407   8.645   7.627   6.462   0
   0.65069950   8.626   8.038   7.109   6.063   0
   0.69999999   7.944   7.520   6.661   5.709   0
   0.80000001   6.655   6.551   5.855   5.066   0
   0.89999998   5.696   5.769   5.204   4.528   0
   0.95471245   5.276   5.388   4.881   4.253   0
   1.00000000   4.953   5.092   4.628   4.040   0
   1.10000002   4.356   4.498   4.111   3.606   0
   1.20000005   3.865   3.975   3.653   3.235   0
   1.29999995   3.444   3.493   3.243   2.937   0
   1.39999998   3.080   3.070   2.894   2.709   0
   1.50000000   2.758   2.723   2.615   2.522   0
   1.60000002   2.465   2.452   2.398   2.368   0
   1.70000005   2.195   2.232   2.214   2.223   0
   1.79999995   1.954   2.045   2.053   2.085   0
   1.89999998   1.734   1.881   1.911   1.959   0
   2.00000000   1.532   1.731   1.778   1.838   0
   2.20000005   1.175   1.461   1.530   1.608   0
   2.50000000   0.725   1.111   1.203   1.301   0
   2.90918446   0.209   0.694   0.807   0.925   0
   3.00000000   0.105   0.609   0.726   0.848   0
   3.50000000  -0.401   0.188   0.325   0.466   0
   3.87584996  -0.733  -0.094   0.054   0.209   0
   4.00000000  -0.838  -0.185  -0.032   0.126   0
   4.50000000  -1.224  -0.518  -0.352  -0.180   0
   4.59821510  -1.298  -0.584  -0.414  -0.240   0
   5.00000000  -1.601  -0.853  -0.675  -0.492   0
   5.16417694  -1.721  -0.961  -0.780  -0.593   0
   5.60503244  -2.049  -1.259  -1.070  -0.876   0
   5.96686602  -2.326  -1.517  -1.322  -1.124   0
   6.00000000  -2.352  -1.542  -1.346  -1.147   0
   6.29046535  -2.582  -1.760  -1.562  -1.360   0
   6.55268812  -2.803  -1.975  -1.774  -1.571   0
   6.77816963  -3.010  -2.179  -1.977  -1.775   1
   6.97158527  -3.205  -2.376  -2.175  -1.974   0
   7.00000000  -3.237  -2.408  -2.208  -2.008   0
   7.14593267  -3.394  -2.571  -2.372  -2.175   0
   7.29707718  -3.579  -2.768  -2.572  -2.380   0
   7.42431402  -3.752  -2.955  -2.762  -2.576   0
   7.48002672  -3.833  -3.044  -2.853  -2.670   0
   7.53118992  -3.909  -3.126  -2.937  -2.756   0
   7.56737137  -3.959  -3.177  -2.989  -2.809   0
   7.58654356  -3.978  -3.192  -3.002  -2.821   3
   7.60354757  -3.985  -3.188  -2.996  -2.811   0
   7.61522341  -3.966  -3.143  -2.944  -2.751   0
   7.61862373  -3.956  -3.115  -2.912  -2.713   0
   7.62063456  -3.962  -3.095  -2.886  -2.678   0
   7.62082291  -3.957  -3.092  -2.884  -2.677   0
   7.62141848  -3.931  -3.088  -2.885  -2.685   0
   7.62188530  -3.976  -3.160  -2.963  -2.772   0
   7.62241411  -4.090  -3.305  -3.115  -2.936   0
   7.62287092  -4.196  -3.436  -3.254  -3.084   0
   7.62337780  -4.306  -3.576  -3.402  -3.243   0
   7.62393427  -4.416  -3.721  -3.556  -3.411   0
   7.62452650  -4.525  -3.871  -3.716  -3.586   0
   7.62494755  -4.600  -3.977  -3.831  -3.712   0
   7.62537527  -4.676  -4.089  -3.951  -3.846   0
   7.62581730  -4.753  -4.206  -4.079  -3.988   0
   7.62627363  -4.829  -4.332  -4.217  -4.143   0
   7.62672949  -4.902  -4.464  -4.363  -4.308   0
   7.62718773  -4.964  -4.604  -4.517  -4.483   0
   7.62741661  -4.988  -4.677  -4.598  -4.576   0
   7.62764549  -5.008  -4.750  -4.682  -4.673   0
   7.62787437  -5.023  -4.825  -4.768  -4.776   0
   7.62810326  -5.021  -4.901  -4.857  -4.882   0
   7.62833929  -5.001  -4.975  -4.947  -4.993   0
   7.62848473  -4.973  -5.012  -4.998  -5.064   0
   7.62863016  -4.932  -5.038  -5.044  -5.134   0
   7.62880373  -4.862  -5.038  -5.079  -5.214   0
   7.62894917  -4.775  -4.993  -5.085  -5.286   3
   7.62909460  -4.677  -4.909  -5.072  -5.353   0
   7.62918472  -4.601  -4.832  -5.055  -5.399   0
   7.62927485  -4.514  -4.740  -5.030  -5.443   0
   7.62935829  -4.420  -4.641  -4.995  -5.475   0
   7.62944841  -4.300  -4.523  -4.952  -5.506   0
   7.62953138  -4.156  -4.390  -4.900  -5.532   0
   7.62962151  -3.937  -4.214  -4.828  -5.549   0
   7.62970448  -3.652  -4.011  -4.742  -5.554   0
   7.62978792  -3.364  -3.822  -4.650  -5.536   0
   7.62991238  -3.019  -3.596  -4.525  -5.486   0
   7.63007164  -2.642  -3.360  -4.375  -5.404   0
   7.63018942  -2.436  -3.241  -4.310  -5.381   4
   7.63038683  -2.202  -3.199  -4.362  -5.512   0
   7.63050699  -2.160  -3.269  -4.486  -5.679   0
   7.63064098  -2.146  -3.343  -4.600  -5.827   0
   7.63099289  -2.137  -3.417  -4.711  -5.970   0
   7.63189507  -2.127  -3.485  -4.813  -6.102   0
   7.63299322  -2.124  -3.541  -4.895  -6.205   0
   7.63658667  -2.126  -3.584  -4.955  -6.279   2
   7.67567348  -2.177  -3.538  -4.867  -6.155   0
   7.70448494  -2.201  -3.487  -4.784  -6.044   0
   7.73571253  -2.291  -3.481  -4.736  -5.956   0
   7.76860857  -2.460  -3.542  -4.745  -5.921   0
   7.78138161  -2.747  -3.715  -4.861  -5.988   0
   7.78323221  -2.985  -3.857  -4.955  -6.041   0
   7.78430986  -3.233  -3.997  -5.030  -6.066   0
   7.78527451  -3.617  -4.206  -5.127  -6.078   0
   7.78623772  -3.887  -4.365  -5.190  -6.070   0
   7.78729439  -4.073  -4.478  -5.234  -6.062   0
   7.78907442  -4.229  -4.584  -5.273  -6.050   0
   7.79153156  -4.363  -4.675  -5.308  -6.043   0
   7.79394674  -4.477  -4.765  -5.341  -6.028   0
   7.79631996  -4.572  -4.841  -5.370  -6.016   0
   7.79933977  -4.672  -4.925  -5.402  -6.001   0
   7.80282831  -4.786  -5.031  -5.450  -5.993   0
   7.80625248  -4.884  -5.126  -5.492  -5.984   0
   7.81028223  -5.144  -5.391  -5.570  -5.877   0
   7.81449604  -5.296  -5.500  -5.573  -5.757   0
   7.81935501  -5.369  -5.530  -5.565  -5.697   0
   7.82496262  -5.418  -5.526  -5.540  -5.646   0
   7.83110905  -5.461  -5.521  -5.518  -5.601   0
   7.83882713  -5.492  -5.501  -5.488  -5.557   0
   7.84940338  -5.525  -5.486  -5.461  -5.516   0
   7.86236095  -5.544  -5.484  -5.455  -5.505   1
   7.88019943  -5.539  -5.552  -5.541  -5.612   0
   7.88727140  -5.500  -5.596  -5.608  -5.709   0
   7.89155388  -5.440  -5.609  -5.651  -5.794   0
   7.89465380  -5.353  -5.578  -5.669  -5.877   0
   7.89729500  -5.251  -5.499  -5.662  -5.953   0
   7.89899302  -5.132  -5.380  -5.639  -6.025   0
   7.90035486  -4.980  -5.227  -5.596  -6.092   0
   7.90149593  -4.763  -5.025  -5.523  -6.143   0
   7.90188789  -4.639  -4.925  -5.482  -6.151   0
   7.90240097  -4.416  -4.754  -5.411  -6.164   0
   7.90270758  -4.257  -4.641  -5.362  -6.163   0
   7.90298557  -4.087  -4.523  -5.310  -6.161   0
   7.90314245  -3.921  -4.421  -5.262  -6.154   0
   7.90328455  -3.742  -4.309  -5.209  -6.145   0
   7.90339899  -3.565  -4.202  -5.156  -6.131   0
   7.90346289  -3.437  -4.129  -5.116  -6.117   0
   7.90358400  -3.215  -3.996  -5.039  -6.083   0
   7.90371943  -3.010  -3.864  -4.954  -6.033   0
   7.90389061  -2.775  -3.715  -4.847  -5.964   0
   7.90427828  -2.579  -3.632  -4.820  -5.983   4
   7.90454149  -2.527  -3.645  -4.865  -6.053   0
   7.90585709  -2.436  -3.641  -4.902  -6.125   0
   7.90674734  -2.398  -3.671  -4.962  -6.211   0
   7.90760040  -2.362  -3.694  -5.010  -6.283   0
   7.90888119  -2.311  -3.712  -5.058  -6.357   0
   7.91066599  -2.258  -3.744  -5.127  -6.458   0
   7.91281796  -2.187  -3.804  -5.245  -6.627   0
   7.91509962  -2.122  -3.848  -5.337  -6.767   0
   7.91734648  -2.048  -3.927  -5.482  -6.976   0
   7.91874933  -1.987  -3.968  -5.569  -7.105   0
