   0.15000001  15.217  13.648  12.068  10.124   0
   0.20000000  13.703  12.469  11.058   9.365   0
   0.25000000  12.884  11.779  10.448   8.863   0
   0.30000001  12.324  11.269   9.988   8.470   0
   0.34999999  11.879  10.858   9.616   8.148   0
   0.40000001  11.436  10.433   9.217   7.785   0
   0.44999999  11.041  10.069   8.888   7.502   0
   0.50000000  10.568   9.641   8.504   7.179   0
   0.55000001  10.016   9.151   8.072   6.823   0
   0.60000002   9.406   8.645   7.627   6.461   0
   0.63193870   8.899   8.246   7.288   6.205   0
   0.69999999   7.944   7.520   6.661   5.709   0
   0.80000001   6.654   6.551   5.854   5.066   0
   0.89999998   5.695   5.768   5.203   4.526   0
   0.93464541   5.425   5.524   4.996   4.350   0
   1.00000000   4.952   5.091   4.627   4.039   0
   1.10000002   4.355   4.497   4.110   3.605   0
   1.20000005   3.864   3.973   3.652   3.234   0
   1.29999995   3.442   3.492   3.242   2.936   0
   1.39999998   3.079   3.069   2.893   2.708   0
   1.50000000   2.756   2.721   2.613   2.520   0
   1.60000002   2.463   2.450   2.395   2.366   0
   1.70000005   2.193   2.229   2.212   2.220   0
   1.79999995   1.951   2.042   2.050   2.081   0
   1.89999998   1.731   1.877   1.907   1.954   0
   2.00000000   1.528   1.726   1.773   1.833   0
   2.20000005   1.170   1.454   1.523   1.601   0
   2.50000000   0.717   1.101   1.192   1.290   0
   2.77059317   0.365   0.816   0.922   1.033   0
   3.00000000   0.091   0.594   0.711   0.833   0
   3.50000000  -0.420   0.167   0.303   0.444   0
   3.67312789  -0.579   0.032   0.174   0.321   0
   4.00000000  -0.866  -0.215  -0.063   0.095   0
   4.32938814  -1.129  -0.443  -0.281  -0.115   0
   4.50000000  -1.265  -0.562  -0.396  -0.225   0
   4.85824060  -1.546  -0.813  -0.638  -0.459   0
   5.00000000  -1.658  -0.914  -0.737  -0.555   0
   5.29116869  -1.886  -1.121  -0.938  -0.751   0
   5.63274050  -2.162  -1.378  -1.190  -0.998   0
   5.91878366  -2.404  -1.608  -1.416  -1.222   0
   6.00000000  -2.477  -1.679  -1.486  -1.291   0
   6.17519808  -2.633  -1.830  -1.636  -1.440   0
   6.38769007  -2.838  -2.032  -1.837  -1.642   1
   6.56996346  -3.031  -2.227  -2.032  -1.839   0
   6.72636557  -3.215  -2.417  -2.224  -2.034   0
   6.85882998  -3.391  -2.604  -2.414  -2.228   0
   6.97046757  -3.559  -2.786  -2.599  -2.419   0
   7.00000000  -3.607  -2.838  -2.652  -2.474   0
   7.01926088  -3.637  -2.871  -2.686  -2.509   0
   7.06727219  -3.712  -2.952  -2.769  -2.594   0
   7.10122490  -3.762  -3.003  -2.820  -2.646   0
   7.11952066  -3.782  -3.021  -2.836  -2.662   3
   7.13574648  -3.789  -3.016  -2.829  -2.651   0
   7.14688778  -3.771  -2.973  -2.780  -2.593   0
   7.15013266  -3.759  -2.940  -2.742  -2.549   0
   7.15205145  -3.764  -2.919  -2.716  -2.515   0
   7.15223742  -3.759  -2.916  -2.712  -2.512   0
   7.15282488  -3.731  -2.911  -2.713  -2.519   0
   7.15328646  -3.781  -2.988  -2.797  -2.612   0
   7.15382957  -3.903  -3.143  -2.959  -2.786   0
   7.15429926  -4.013  -3.278  -3.102  -2.939   0
   7.15482044  -4.122  -3.417  -3.249  -3.098   0
   7.15539312  -4.229  -3.559  -3.400  -3.261   0
   7.15600157  -4.334  -3.704  -3.555  -3.431   0
   7.15643454  -4.405  -3.806  -3.664  -3.551   0
   7.15687418  -4.476  -3.913  -3.780  -3.679   0
   7.15732861  -4.548  -4.024  -3.901  -3.814   0
   7.15779781  -4.619  -4.142  -4.031  -3.960   0
   7.15826654  -4.685  -4.268  -4.170  -4.117   0
   7.15874720  -4.742  -4.403  -4.318  -4.286   0
   7.15898752  -4.764  -4.474  -4.397  -4.376   0
   7.15922737  -4.781  -4.546  -4.478  -4.471   0
   7.15946770  -4.792  -4.618  -4.562  -4.571   0
   7.15970802  -4.789  -4.691  -4.649  -4.674   0
   7.15995502  -4.767  -4.760  -4.733  -4.781   0
   7.16010809  -4.735  -4.790  -4.781  -4.849   0
   7.16026068  -4.693  -4.810  -4.821  -4.916   0
   7.16044235  -4.623  -4.805  -4.852  -4.993   0
   7.16059494  -4.539  -4.760  -4.857  -5.062   3
   7.16074800  -4.444  -4.673  -4.842  -5.127   0
   7.16084242  -4.367  -4.593  -4.824  -5.174   0
   7.16093683  -4.287  -4.506  -4.799  -5.215   0
   7.16102409  -4.196  -4.409  -4.765  -5.245   0
   7.16111851  -4.080  -4.294  -4.722  -5.275   0
   7.16120577  -3.937  -4.162  -4.670  -5.302   0
   7.16130018  -3.731  -3.996  -4.602  -5.319   0
   7.16138744  -3.464  -3.805  -4.522  -5.324   0
   7.16147470  -3.199  -3.627  -4.437  -5.310   0
   7.16160536  -2.881  -3.418  -4.320  -5.262   0
   7.16177273  -2.521  -3.185  -4.171  -5.178   0
   7.16189623  -2.320  -3.069  -4.106  -5.155   4
   7.16210032  -2.111  -3.028  -4.152  -5.272   0
   7.16222429  -2.062  -3.089  -4.266  -5.429   0
   7.16236305  -2.048  -3.164  -4.385  -5.581   0
   7.16272783  -2.025  -3.230  -4.491  -5.723   0
   7.16366100  -2.014  -3.300  -4.597  -5.860   0
   7.16479778  -2.010  -3.371  -4.700  -5.991   0
   7.16851664  -2.007  -3.406  -4.752  -6.057   2
   7.20476437  -2.057  -3.363  -4.669  -5.938   0
   7.23148394  -2.077  -3.308  -4.580  -5.821   0
   7.26044607  -2.160  -3.292  -4.520  -5.720   0
   7.29095602  -2.326  -3.348  -4.522  -5.677   0
   7.30478334  -2.685  -3.566  -4.670  -5.764   0
   7.30678654  -2.994  -3.756  -4.790  -5.829   0
   7.30795288  -3.334  -3.950  -4.894  -5.863   0
   7.30899715  -3.794  -4.221  -5.007  -5.860   0
   7.31004000  -4.097  -4.421  -5.079  -5.834   0
   7.31118345  -4.276  -4.553  -5.125  -5.808   0
   7.31311035  -4.432  -4.678  -5.169  -5.782   0
   7.31576967  -4.535  -4.773  -5.203  -5.758   0
   7.31838369  -4.639  -4.874  -5.237  -5.726   0
   7.32095289  -4.718  -4.955  -5.263  -5.696   0
   7.32422113  -4.803  -5.042  -5.287  -5.657   0
   7.32799721  -4.889  -5.132  -5.314  -5.621   0
   7.33170319  -4.963  -5.196  -5.333  -5.588   0
   7.33606482  -5.091  -5.280  -5.341  -5.506   0
   7.34062481  -5.174  -5.294  -5.311  -5.418   0
   7.34588385  -5.224  -5.286  -5.280  -5.359   0
   7.35195208  -5.261  -5.262  -5.241  -5.301   0
   7.35860348  -5.287  -5.230  -5.200  -5.247   0
   7.36695528  -5.308  -5.196  -5.158  -5.193   0
   7.37839890  -5.325  -5.162  -5.117  -5.142   0
   7.39241838  -5.344  -5.157  -5.109  -5.130   1
   7.40967417  -5.366  -5.245  -5.207  -5.241   0
   7.41651487  -5.361  -5.319  -5.291  -5.342   0
   7.42065668  -5.334  -5.369  -5.360  -5.433   0
   7.42365503  -5.284  -5.399  -5.416  -5.524   0
   7.42620945  -5.221  -5.399  -5.450  -5.602   0
   7.42785215  -5.131  -5.358  -5.461  -5.680   3
   7.42916965  -5.017  -5.263  -5.447  -5.758   0
   7.43027306  -4.852  -5.093  -5.403  -5.839   0
   7.43065214  -4.764  -5.004  -5.373  -5.868   0
   7.43114853  -4.585  -4.835  -5.310  -5.908   0
   7.43144512  -4.451  -4.721  -5.262  -5.919   0
   7.43171406  -4.286  -4.588  -5.205  -5.927   0
   7.43186569  -4.115  -4.465  -5.152  -5.929   0
   7.43200350  -3.920  -4.327  -5.091  -5.926   0
   7.43211365  -3.700  -4.187  -5.023  -5.912   0
   7.43217564  -3.551  -4.092  -4.976  -5.900   0
   7.43229294  -3.272  -3.915  -4.877  -5.859   0
   7.43242407  -2.991  -3.733  -4.757  -5.788   0
   7.43258905  -2.696  -3.537  -4.622  -5.700   0
   7.43288040  -2.425  -3.422  -4.583  -5.727   4
   7.43307781  -2.356  -3.443  -4.649  -5.828   0
   7.43406534  -2.255  -3.449  -4.706  -5.928   0
   7.43473387  -2.221  -3.501  -4.795  -6.051   0
   7.43537426  -2.189  -3.543  -4.869  -6.153   0
   7.43633556  -2.147  -3.582  -4.943  -6.257   0
   7.43767500  -2.104  -3.630  -5.031  -6.379   0
   7.43929052  -2.043  -3.685  -5.136  -6.531   0
   7.44100332  -1.984  -3.730  -5.227  -6.667   0
   7.44269037  -1.918  -3.791  -5.344  -6.839   0
   7.44374371  -1.866  -3.828  -5.420  -6.952   0
