   0.15000001  15.215  13.646  12.066  10.123   0
   0.20000000  13.695  12.462  11.053   9.360   0
   0.25000000  12.871  11.767  10.437   8.854   0
   0.30000001  12.307  11.253   9.973   8.456   0
   0.34999999  11.862  10.841   9.599   8.132   0
   0.40000001  11.432  10.429   9.213   7.782   0
   0.44999999  11.034  10.063   8.882   7.497   0
   0.50000000  10.558   9.632   8.496   7.171   0
   0.55000001  10.004   9.140   8.062   6.814   0
   0.60000002   9.387   8.628   7.611   6.448   0
   0.69999999   7.903   7.488   6.633   5.685   0
   0.80000001   6.594   6.502   5.812   5.030   0
   0.89245909   5.681   5.753   5.188   4.511   0
   0.89999998   5.618   5.698   5.142   4.472   0
   0.92357647   5.429   5.526   4.995   4.348   0
   1.00000000   4.865   5.004   4.548   3.969   0
   1.06345439   4.470   4.610   4.204   3.677   0
   1.10000002   4.258   4.394   4.013   3.516   0
   1.15604973   3.963   4.079   3.737   3.292   0
   1.20000005   3.744   3.842   3.529   3.124   0
   1.23084629   3.600   3.678   3.389   3.021   0
   1.29999995   3.295   3.327   3.091   2.806   0
   1.37382483   2.999   2.987   2.806   2.611   0
   1.39999998   2.901   2.876   2.714   2.547   0
   1.42442501   2.807   2.771   2.627   2.485   0
   1.43168736   2.781   2.743   2.604   2.468   0
   1.50000000   2.547   2.504   2.405   2.318   0
   1.50095928   2.543   2.501   2.402   2.315   0
   1.56997657   2.311   2.276   2.207   2.155   0
   1.60000002   2.214   2.186   2.127   2.086   0
   1.62938559   2.120   2.099   2.050   2.019   0
   1.70000005   1.896   1.891   1.862   1.850   0
   1.73478389   1.789   1.795   1.773   1.767   0
   1.79999995   1.588   1.610   1.599   1.602   0
   1.82140255   1.523   1.550   1.543   1.548   0
   1.89176428   1.308   1.345   1.347   1.357   0
   1.89999998   1.283   1.320   1.323   1.333   0
   1.95227587   1.125   1.165   1.171   1.183   0
   2.00000000   0.981   1.015   1.023   1.032   1
   2.00633192   0.963   0.996   1.003   1.012   0
   2.05207634   0.827   0.846   0.851   0.854   0
   2.09145522   0.710   0.708   0.707   0.702   0
   2.12598658   0.612   0.587   0.575   0.557   0
   2.15660715   0.527   0.476   0.451   0.416   0
   2.17062497   0.487   0.424   0.392   0.349   0
   2.18382144   0.446   0.371   0.335   0.286   0
   2.19277096   0.412   0.336   0.299   0.248   0
   2.19884777   0.378   0.307   0.275   0.229   0
   2.20000005   0.369   0.302   0.272   0.228   0
   2.20418978   0.329   0.281   0.261   0.228   0
   2.20752263   0.253   0.254   0.260   0.256   3
   2.20845723   0.186   0.238   0.263   0.277   0
   2.20898366   0.097   0.210   0.253   0.284   0
   2.20902610   0.112   0.222   0.264   0.294   0
   2.20916104   0.214   0.279   0.308   0.327   0
   2.20931959   0.228   0.243   0.255   0.256   0
   2.20954275   0.174   0.144   0.137   0.115   0
   2.20985723   0.148   0.068   0.036  -0.015   0
   2.21016479   0.149   0.041  -0.017  -0.102   0
   2.21040893   0.159   0.033  -0.046  -0.157   0
   2.21083140   0.188   0.056  -0.068  -0.235   3
   2.21132326   0.231   0.117  -0.066  -0.308   0
   2.21168828   0.276   0.181  -0.049  -0.352   0
   2.21207380   0.337   0.268  -0.014  -0.392   0
   2.21247697   0.422   0.379   0.035  -0.426   0
   2.21289229   0.542   0.514   0.100  -0.443   0
   2.21331573   0.690   0.658   0.180  -0.429   0
   2.21374273   0.848   0.807   0.278  -0.381   0
   2.21416807   1.060   0.991   0.409  -0.295   0
   2.21459174   1.295   1.198   0.564  -0.184   0
   2.21522164   1.556   1.387   0.685  -0.119   4
   2.21605492   1.554   1.319   0.561  -0.288   0
   2.21672869   1.489   1.214   0.431  -0.437   0
   2.21752954   1.401   1.091   0.287  -0.599   0
   2.21828389   1.314   0.975   0.152  -0.749   0
   2.21908379   1.218   0.850   0.007  -0.908   0
   2.21990705   1.123   0.722  -0.142  -1.074   0
   2.22068119   1.030   0.600  -0.282  -1.228   0
   2.22148418   0.952   0.484  -0.418  -1.381   0
   2.22230673   0.868   0.363  -0.559  -1.537   0
   2.22310972   0.782   0.239  -0.701  -1.696   0
   2.22384810   0.716   0.132  -0.831  -1.844   0
   2.22460222   0.648   0.021  -0.967  -1.998   0
   2.22514272   0.609  -0.045  -1.047  -2.090   2
   2.22546721   0.670   0.062  -0.915  -1.938   0
   2.22585416   0.728   0.164  -0.789  -1.793   0
   2.22659159   0.803   0.275  -0.659  -1.647   0
   2.22817492   0.882   0.392  -0.522  -1.494   0
   2.22969413   0.951   0.507  -0.381  -1.333   0
   2.23097348   1.038   0.629  -0.240  -1.175   0
   2.23241019   1.138   0.763  -0.083  -1.001   0
   2.23407769   1.243   0.903   0.079  -0.821   0
   2.23603272   1.337   1.031   0.229  -0.655   0
   2.23913383   1.412   1.147   0.371  -0.492   0
   2.24676037   1.396   1.186   0.451  -0.378   4
   2.29646492   1.125   0.919   0.196  -0.624   0
   2.33707237   0.885   0.681  -0.036  -0.850   0
   2.35380912   0.781   0.577  -0.136  -0.947   1
   2.39200687   0.588   0.375  -0.342  -1.155   0
   2.43005967   0.614   0.336  -0.437  -1.295   0
   2.43898439   0.657   0.299  -0.529  -1.431   0
   2.43976307   0.625   0.224  -0.633  -1.558   0
   2.43990493   0.592   0.168  -0.706  -1.643   0
   2.44000220   0.532   0.063  -0.837  -1.795   0
   2.44010258   0.463  -0.057  -0.983  -1.963   0
   2.44022608   0.437  -0.099  -1.034  -2.021   0
   2.44072485   0.436  -0.098  -1.032  -2.019   1
   2.44307256   0.352  -0.236  -1.199  -2.210   0
   2.44377327   0.252  -0.432  -1.449  -2.499   0
   2.44426656   0.213  -0.548  -1.603  -2.685   0
   2.44475961   0.158  -0.676  -1.766  -2.878   0
   2.44522834   0.109  -0.808  -1.938  -3.083   0
   2.44567966   0.049  -0.955  -2.126  -3.304   0
   2.44599533   0.033  -1.045  -2.251  -3.459   0
   2.44623351   0.019  -1.113  -2.343  -3.573   0
   2.44639373   0.005  -1.180  -2.432  -3.683   0
   2.44654202  -0.006  -1.258  -2.540  -3.817   0
   2.44667244  -0.014  -1.342  -2.656  -3.963   0
   2.44679666  -0.012  -1.422  -2.772  -4.109   0
   2.44691801   0.026  -1.479  -2.871  -4.250   0
   2.44705129   0.079  -1.528  -2.964  -4.387   0
   2.44716668   0.106  -1.628  -3.118  -4.594   0
   2.44718742   0.116  -1.681  -3.197  -4.698   0
   2.44721031   0.143  -1.691  -3.223  -4.740   0
   2.44722605   0.151  -1.701  -3.240  -4.764   0
   2.44724178   0.154  -1.705  -3.251  -4.787   0
   2.44725752   0.152  -1.706  -3.258  -4.809   0
   2.44727325   0.150  -1.708  -3.265  -4.831   0
   2.44728923   0.148  -1.710  -3.272  -4.853   0
   2.44730449   0.145  -1.712  -3.279  -4.874   0
   2.44731998   0.143  -1.713  -3.285  -4.896   0
   2.44733524   0.140  -1.715  -3.292  -4.917   0
   2.44735074   0.137  -1.717  -3.299  -4.939   0
   2.44736624   0.133  -1.719  -3.305  -4.960   0
   2.44738173   0.129  -1.721  -3.312  -4.981   0
   2.44739699   0.124  -1.723  -3.319  -5.003   0
   2.44741225   0.119  -1.726  -3.326  -5.024   0
   2.44742751   0.113  -1.728  -3.332  -5.045   0
   2.44744253   0.106  -1.731  -3.339  -5.066   0
   2.44745755   0.099  -1.734  -3.346  -5.087   0
   2.44747257   0.092  -1.737  -3.353  -5.107   0
   2.44748759   0.089  -1.737  -3.355  -5.117   0
   2.44750261   0.086  -1.738  -3.357  -5.128   0
   2.44755745   0.079  -1.741  -3.363  -5.145   0
   2.44762182   0.070  -1.744  -3.369  -5.165   0
   2.44768572   0.061  -1.748  -3.376  -5.185   0
   2.44774938   0.051  -1.752  -3.383  -5.205   0
   2.44781256   0.040  -1.756  -3.390  -5.226   0
   2.44787502   0.029  -1.761  -3.397  -5.246   0
   2.44793725   0.018  -1.765  -3.404  -5.266   0
   2.44799900   0.006  -1.770  -3.411  -5.286   0
   2.44806027  -0.007  -1.775  -3.418  -5.306   2
   2.44812107  -0.019  -1.774  -3.416  -5.325   0
   2.44818163  -0.031  -1.772  -3.414  -5.342   0
   2.44824171  -0.043  -1.770  -3.411  -5.360   0
   2.44830108  -0.055  -1.768  -3.409  -5.378   0
   2.44836020  -0.068  -1.766  -3.406  -5.396   0
   2.44841886  -0.080  -1.764  -3.404  -5.414   0
   2.44847727  -0.093  -1.763  -3.401  -5.432   0
   2.44853497  -0.107  -1.761  -3.399  -5.450   0
   2.44859242  -0.120  -1.759  -3.396  -5.467   0
   2.44864917  -0.133  -1.758  -3.393  -5.485   0
   2.44870567  -0.147  -1.756  -3.391  -5.503   0
   2.44876170  -0.161  -1.755  -3.388  -5.521   0
   2.44881725  -0.176  -1.754  -3.386  -5.539   0
   2.44887233  -0.199  -1.758  -3.386  -5.558   0
   2.44892693  -0.221  -1.761  -3.386  -5.577   0
   2.44898105  -0.242  -1.763  -3.385  -5.595   0
   2.44903493  -0.262  -1.764  -3.384  -5.615   0
   2.44908834  -0.281  -1.765  -3.382  -5.633   0
   2.44914103  -0.298  -1.765  -3.380  -5.652   0
   2.44919348  -0.314  -1.764  -3.377  -5.670   0
   2.44924545  -0.328  -1.762  -3.374  -5.687   0
   2.44929695  -0.341  -1.760  -3.371  -5.704   0
   2.44934797  -0.352  -1.757  -3.367  -5.721   0
   2.44939852  -0.362  -1.753  -3.362  -5.738   0
   2.44944859  -0.371  -1.748  -3.357  -5.754   0
   2.44949841  -0.378  -1.743  -3.352  -5.769   0
   2.44954753  -0.376  -1.725  -3.332  -5.777   0
   2.44959641  -0.373  -1.705  -3.310  -5.784   0
   2.44963503  -0.370  -1.689  -3.292  -5.789   0
   2.44967341  -0.367  -1.674  -3.275  -5.794   0
   2.44971180  -0.364  -1.658  -3.257  -5.799   0
   2.44974995  -0.361  -1.642  -3.240  -5.804   0
   2.44978762  -0.358  -1.626  -3.222  -5.809   0
   2.44982553  -0.355  -1.611  -3.205  -5.814   0
   2.44987249  -0.351  -1.591  -3.184  -5.820   0
   2.44991946  -0.347  -1.572  -3.162  -5.825   0
   2.44996595  -0.343  -1.553  -3.141  -5.831   0
   2.45001245  -0.339  -1.534  -3.120  -5.836   0
   2.45005870  -0.334  -1.514  -3.098  -5.841   0
   2.45010471  -0.329  -1.494  -3.075  -5.845   0
   2.45014739  -0.320  -1.470  -3.050  -5.846   0
   2.45019245  -0.305  -1.438  -3.015  -5.841   0
   2.45021248  -0.282  -1.404  -2.979  -5.825   0
   2.45021987  -0.241  -1.350  -2.924  -5.792   0
   2.45022273  -0.219  -1.321  -2.894  -5.774   0
   2.45022416  -0.205  -1.303  -2.875  -5.762   0
   2.45022559  -0.190  -1.285  -2.856  -5.751   0
   2.45022678  -0.175  -1.265  -2.836  -5.738   0
   2.45022821  -0.158  -1.242  -2.812  -5.724   0
   2.45023012  -0.140  -1.219  -2.788  -5.710   0
