   0.15000001  15.214  13.645  12.066  10.122   0
   0.20000000  13.693  12.460  11.051   9.359   0
   0.25000000  12.867  11.764  10.434   8.851   0
   0.30000001  12.303  11.248   9.969   8.452   0
   0.34999999  11.857  10.836   9.594   8.127   0
   0.40000001  11.431  10.428   9.212   7.781   0
   0.44999999  11.033  10.061   8.880   7.495   0
   0.50000000  10.556   9.629   8.494   7.169   0
   0.55000001  10.000   9.136   8.059   6.811   0
   0.60000002   9.381   8.623   7.607   6.444   0
   0.69999999   7.892   7.479   6.625   5.679   0
   0.80000001   6.577   6.488   5.801   5.020   0
   0.84805518   6.081   6.085   5.464   4.740   0
   0.89999998   5.599   5.680   5.126   4.459   0
   0.99104226   4.904   5.041   4.580   3.995   0
   1.00000000   4.845   4.983   4.529   3.952   0
   1.02101052   4.710   4.849   4.412   3.852   0
   1.09085524   4.282   4.419   4.035   3.532   0
   1.10000002   4.232   4.365   3.987   3.492   0
   1.10925794   4.181   4.312   3.940   3.454   0
   1.18127501   3.801   3.905   3.583   3.164   0
   1.20000005   3.710   3.804   3.494   3.092   0
   1.25804067   3.435   3.491   3.227   2.897   0
   1.29999995   3.251   3.279   3.046   2.766   0
   1.32103002   3.162   3.176   2.958   2.706   0
   1.37542796   2.943   2.926   2.749   2.558   0
   1.37912071   2.928   2.910   2.736   2.549   0
   1.39999998   2.849   2.821   2.661   2.495   0
   1.44313681   2.686   2.644   2.512   2.383   0
   1.50000000   2.484   2.438   2.336   2.243   0
   1.50339031   2.472   2.426   2.325   2.234   0
   1.56206322   2.267   2.219   2.142   2.079   0
   1.60000002   2.137   2.097   2.031   1.979   0
   1.67468524   1.882   1.854   1.807   1.773   0
   1.70000005   1.795   1.770   1.728   1.698   0
   1.74043524   1.660   1.637   1.602   1.578   0
   1.79537201   1.476   1.452   1.422   1.399   0
   1.79999995   1.461   1.436   1.406   1.382   0
   1.84239852   1.323   1.291   1.261   1.234   1
   1.88232982   1.194   1.149   1.114   1.080   0
   1.89999998   1.138   1.084   1.045   1.004   0
   1.91680062   1.085   1.023   0.979   0.934   0
   1.94842362   0.989   0.912   0.855   0.790   0
   1.97647762   0.908   0.815   0.741   0.651   0
   1.98932445   0.870   0.770   0.686   0.585   0
   2.00000000   0.835   0.728   0.639   0.530   0
   2.00138497   0.831   0.723   0.633   0.523   0
   2.00958705   0.797   0.688   0.597   0.485   0
   2.01490974   0.763   0.656   0.572   0.467   0
   2.01916671   0.714   0.619   0.550   0.463   0
   2.02204871   0.629   0.563   0.528   0.483   0
   2.02285600   0.553   0.527   0.517   0.498   0
   2.02332020   0.450   0.479   0.494   0.500   0
   2.02335095   0.464   0.490   0.503   0.508   0
   2.02346778   0.571   0.557   0.554   0.543   4
   2.02360797   0.590   0.537   0.510   0.473   0
   2.02381134   0.545   0.458   0.406   0.337   0
   2.02410698   0.529   0.412   0.327   0.215   0
   2.02440333   0.538   0.417   0.295   0.136   0
   2.02451921   0.545   0.422   0.286   0.110   0
   2.02490926   0.572   0.467   0.282   0.043   3
   2.02537727   0.616   0.537   0.297  -0.019   0
   2.02573085   0.664   0.608   0.324  -0.055   0
   2.02610707   0.730   0.695   0.360  -0.086   0
   2.02650499   0.821   0.801   0.410  -0.106   0
   2.02691722   0.925   0.910   0.467  -0.108   0
   2.02755260   1.121   1.096   0.583  -0.061   0
   2.02819014   1.391   1.331   0.751   0.049   0
   2.02861285   1.599   1.514   0.888   0.147   0
   2.02925038   1.850   1.703   1.014   0.223   4
   2.03014255   1.883   1.675   0.932   0.096   0
   2.03089023   1.820   1.574   0.806  -0.050   0
   2.03180790   1.725   1.440   0.649  -0.226   0
   2.03267503   1.626   1.309   0.497  -0.394   0
   2.03351092   1.525   1.179   0.350  -0.556   0
   2.03433895   1.425   1.051   0.203  -0.718   0
   2.03519368   1.318   0.916   0.050  -0.885   0
   2.03607750   1.225   0.785  -0.103  -1.055   0
   2.03690863   1.126   0.653  -0.251  -1.217   0
   2.03765750   1.056   0.545  -0.381  -1.363   0
   2.03838587   0.977   0.432  -0.511  -1.508   0
   2.03912663   0.905   0.320  -0.644  -1.659   0
   2.03984809   0.839   0.212  -0.776  -1.809   0
   2.04052162   0.776   0.108  -0.903  -1.954   0
   2.04101872   0.738   0.040  -0.986  -2.048   2
   2.04114246   0.800   0.151  -0.849  -1.891   0
   2.04120708   0.859   0.255  -0.721  -1.744   0
   2.04130125   0.920   0.349  -0.608  -1.616   0
   2.04152298   0.997   0.467  -0.467  -1.458   0
   2.04189420   1.070   0.578  -0.337  -1.311   0
   2.04292035   1.156   0.701  -0.195  -1.153   0
   2.04412603   1.230   0.813  -0.063  -1.004   0
   2.04509258   1.316   0.929   0.074  -0.852   0
   2.04629755   1.419   1.064   0.229  -0.680   0
   2.04783940   1.529   1.209   0.397  -0.495   0
   2.04975796   1.618   1.334   0.544  -0.330   0
   2.05333662   1.682   1.440   0.677  -0.175   0
   2.05829549   1.673   1.461   0.720  -0.115   4
   2.10483885   1.449   1.235   0.497  -0.334   0
   2.14571095   1.223   1.008   0.276  -0.551   0
   2.15574908   1.163   0.949   0.218  -0.607   1
   2.19088793   0.977   0.756   0.023  -0.803   0
   2.20000005   0.952   0.723  -0.018  -0.850   0
   2.22912955   0.900   0.627  -0.145  -1.003   0
   2.23772430   0.898   0.561  -0.256  -1.150   0
   2.23847389   0.849   0.466  -0.382  -1.300   0
   2.23861051   0.804   0.389  -0.480  -1.414   0
   2.23870659   0.737   0.272  -0.625  -1.583   0
   2.23880577   0.651   0.136  -0.789  -1.769   0
   2.23892784   0.589   0.038  -0.906  -1.901   0
   2.23942018   0.647   0.136  -0.787  -1.764   1
   2.24173808   0.563  -0.002  -0.953  -1.955   0
   2.24242973   0.480  -0.151  -1.139  -2.169   0
   2.24291682   0.422  -0.263  -1.281  -2.334   0
   2.24340343   0.372  -0.377  -1.426  -2.506   0
   2.24386621   0.343  -0.484  -1.571  -2.682   0
   2.24431181   0.275  -0.615  -1.732  -2.868   0
   2.24462342   0.263  -0.696  -1.846  -3.010   0
   2.24485826   0.201  -0.807  -1.980  -3.161   0
   2.24501657   0.178  -0.889  -2.090  -3.296   0
   2.24516273   0.176  -0.969  -2.204  -3.442   0
   2.24529147   0.158  -1.054  -2.318  -3.582   0
   2.24541426   0.139  -1.142  -2.436  -3.726   0
   2.24553394   0.136  -1.219  -2.546  -3.865   0
   2.24566555   0.154  -1.284  -2.646  -3.998   0
   2.24577928   0.177  -1.351  -2.753  -4.144   0
   2.24580002   0.203  -1.408  -2.845  -4.272   0
   2.24582243   0.234  -1.420  -2.876  -4.322   0
   2.24583697   0.242  -1.431  -2.895  -4.349   0
   2.24585128   0.250  -1.442  -2.915  -4.377   0
   2.24586558   0.259  -1.453  -2.934  -4.404   0
   2.24588013   0.267  -1.464  -2.953  -4.431   0
   2.24589443   0.276  -1.475  -2.972  -4.458   0
   2.24590850   0.284  -1.486  -2.991  -4.485   0
   2.24592257   0.293  -1.497  -3.010  -4.513   0
   2.24593663   0.302  -1.507  -3.029  -4.540   0
   2.24595070   0.311  -1.518  -3.048  -4.567   0
   2.24596477   0.318  -1.527  -3.065  -4.593   0
   2.24597883   0.317  -1.528  -3.073  -4.617   0
   2.24599290   0.316  -1.530  -3.080  -4.641   0
   2.24600697   0.314  -1.532  -3.088  -4.665   0
   2.24602056   0.312  -1.534  -3.095  -4.689   0
   2.24603438   0.309  -1.536  -3.103  -4.713   0
   2.24604821   0.305  -1.538  -3.111  -4.736   0
   2.24606180   0.302  -1.540  -3.118  -4.760   0
   2.24607563   0.299  -1.542  -3.125  -4.782   0
   2.24608946   0.295  -1.543  -3.131  -4.803   0
   2.24613953   0.292  -1.544  -3.136  -4.822   0
   2.24619818   0.287  -1.547  -3.144  -4.846   0
   2.24625659   0.281  -1.549  -3.151  -4.869   0
   2.24631453   0.274  -1.552  -3.159  -4.893   0
   2.24637198   0.267  -1.555  -3.166  -4.916   0
   2.24642920   0.259  -1.559  -3.174  -4.940   0
   2.24648595   0.250  -1.563  -3.182  -4.963   0
   2.24654245   0.240  -1.567  -3.189  -4.987   0
   2.24659824   0.230  -1.571  -3.197  -5.010   0
   2.24665380   0.219  -1.575  -3.205  -5.034   0
   2.24670911   0.208  -1.580  -3.213  -5.057   0
   2.24676371   0.195  -1.585  -3.221  -5.080   0
   2.24681807   0.182  -1.590  -3.229  -5.104   0
   2.24687219   0.168  -1.595  -3.236  -5.127   2
   2.24692559   0.155  -1.593  -3.233  -5.147   0
   2.24697876   0.141  -1.590  -3.230  -5.168   0
   2.24703145   0.127  -1.588  -3.228  -5.189   0
   2.24708390   0.113  -1.586  -3.225  -5.210   0
   2.24713588   0.098  -1.584  -3.222  -5.230   0
   2.24718738   0.084  -1.582  -3.219  -5.251   0
   2.24723864   0.069  -1.580  -3.216  -5.272   0
   2.24728918   0.053  -1.578  -3.213  -5.292   0
   2.24733949   0.038  -1.576  -3.210  -5.313   0
   2.24738932   0.022  -1.574  -3.207  -5.333   0
   2.24743867   0.006  -1.573  -3.204  -5.354   0
   2.24748778  -0.010  -1.571  -3.201  -5.375   0
   2.24753642  -0.028  -1.570  -3.198  -5.396   0
   2.24758482  -0.054  -1.573  -3.198  -5.417   0
   2.24763250  -0.077  -1.576  -3.197  -5.439   0
   2.24767995  -0.099  -1.577  -3.195  -5.460   0
   2.24772692  -0.119  -1.577  -3.193  -5.481   0
   2.24777365  -0.137  -1.576  -3.190  -5.502   0
   2.24781966  -0.154  -1.574  -3.186  -5.522   0
   2.24786544  -0.168  -1.571  -3.182  -5.541   0
   2.24791098  -0.181  -1.567  -3.177  -5.561   0
   2.24795580  -0.192  -1.562  -3.171  -5.580   0
   2.24800014  -0.195  -1.548  -3.156  -5.593   0
   2.24803567  -0.191  -1.529  -3.134  -5.600   0
   2.24807072  -0.188  -1.509  -3.112  -5.606   0
   2.24810576  -0.184  -1.490  -3.091  -5.612   0
   2.24814034  -0.180  -1.470  -3.069  -5.618   0
   2.24817491  -0.177  -1.451  -3.048  -5.625   0
   2.24820948  -0.173  -1.432  -3.026  -5.631   0
   2.24825239  -0.168  -1.408  -2.999  -5.638   0
   2.24829507  -0.164  -1.383  -2.973  -5.645   0
   2.24833751  -0.159  -1.359  -2.946  -5.653   0
   2.24837995  -0.154  -1.335  -2.919  -5.660   0
   2.24842238  -0.149  -1.311  -2.892  -5.666   0
   2.24846435  -0.143  -1.286  -2.865  -5.673   0
   2.24850321  -0.136  -1.261  -2.837  -5.677   0
   2.24854445  -0.121  -1.225  -2.798  -5.676   0
   2.24856257  -0.105  -1.196  -2.768  -5.667   0
   2.24856949  -0.085  -1.167  -2.737  -5.653   0
   2.24857187  -0.068  -1.143  -2.712  -5.640   0
   2.24857330  -0.052  -1.121  -2.689  -5.628   0
   2.24857450  -0.035  -1.098  -2.665  -5.615   0
   2.24857593  -0.016  -1.072  -2.638  -5.601   0
   2.24857712   0.004  -1.043  -2.609  -5.586   0
   2.24857950   0.026  -1.012  -2.576  -5.569   0
