   0.15000001  15.202  13.637  12.059  10.118   0
   0.20000000  13.656  12.429  11.024   9.337   0
   0.25000000  12.804  11.708  10.383   8.805   0
   0.30000001  12.224  11.173   9.897   8.385   0
   0.34999999  11.776  10.755   9.515   8.051   0
   0.40000001  11.412  10.409   9.195   7.765   0
   0.44999999  11.002  10.032   8.853   7.470   0
   0.50000000  10.510   9.587   8.455   7.135   0
   0.55000001   9.941   9.082   8.009   6.767   0
   0.57387364   9.622   8.819   7.777   6.580   0
   0.60000002   9.289   8.545   7.536   6.384   0
   0.66421109   8.245   7.744   6.851   5.856   0
   0.69999999   7.716   7.345   6.511   5.585   0
   0.74552935   7.049   6.846   6.092   5.251   0
   0.79516679   6.398   6.344   5.676   4.914   0
   0.80000001   6.341   6.298   5.638   4.882   0
   0.81446636   6.181   6.164   5.526   4.788   0
   0.85442519   5.751   5.803   5.222   4.531   0
   0.88846558   5.417   5.508   4.971   4.317   0
   0.89999998   5.311   5.411   4.887   4.245   0
   0.90769064   5.240   5.345   4.830   4.196   0
   0.93192667   5.018   5.138   4.651   4.041   0
   0.95329177   4.827   4.958   4.494   3.904   0
   0.97251511   4.671   4.801   4.354   3.782   0
   0.99024928   4.529   4.658   4.225   3.669   0
   1.00000000   4.452   4.580   4.155   3.608   0
   1.01664937   4.316   4.443   4.032   3.499   0
   1.03268802   4.185   4.310   3.912   3.393   0
   1.04729033   4.068   4.191   3.803   3.297   0
   1.05633724   3.999   4.118   3.737   3.237   0
   1.06118882   3.965   4.082   3.704   3.207   0
   1.06933296   3.909   4.023   3.648   3.157   0
   1.07790506   3.852   3.962   3.591   3.104   0
   1.09157169   3.765   3.871   3.503   3.020   0
   1.09978318   3.715   3.818   3.451   2.970   0
   1.10000002   3.713   3.817   3.450   2.969   1
   1.10459530   3.687   3.789   3.422   2.941   0
   1.11610460   3.618   3.716   3.350   2.869   0
   1.12103593   3.586   3.684   3.317   2.836   0
   1.12704885   3.541   3.635   3.271   2.792   0
   1.13832521   3.401   3.484   3.137   2.680   0
   1.14061177   3.327   3.403   3.068   2.630   0
   1.14222085   3.312   3.387   3.053   2.616   0
   1.14915991   3.254   3.325   2.992   2.556   0
   1.15512979   3.205   3.274   2.941   2.504   1
   1.17098022   3.070   3.135   2.791   2.340   0
   1.19024098   2.929   2.996   2.622   2.129   0
   1.20000005   2.888   2.950   2.540   2.004   0
   1.20066547   2.887   2.948   2.535   1.996   0
   1.20707989   2.947   2.997   2.524   1.922   3
   1.21140158   3.095   3.121   2.583   1.918   0
   1.21386611   3.277   3.259   2.667   1.958   0
   1.21619368   3.464   3.404   2.762   2.011   0
   1.21921778   3.662   3.532   2.834   2.036   4
   1.22416508   3.682   3.491   2.744   1.906   0
   1.22779107   3.589   3.365   2.598   1.742   0
   1.23067331   3.480   3.230   2.450   1.581   0
   1.23309016   3.363   3.095   2.305   1.428   0
   1.23525214   3.244   2.960   2.159   1.274   0
   1.23726118   3.119   2.816   2.004   1.110   0
   1.23900080   2.997   2.676   1.854   0.950   0
   1.24046278   2.881   2.544   1.711   0.799   0
   1.24181569   2.768   2.409   1.563   0.641   0
   1.24296105   2.657   2.278   1.420   0.489   0
   1.24402237   2.544   2.143   1.272   0.331   0
   1.24491704   2.441   2.017   1.134   0.182   0
   1.24576032   2.343   1.891   0.993   0.028   0
   1.24651635   2.247   1.766   0.852  -0.125   0
   1.24714589   2.159   1.649   0.720  -0.271   0
   1.24778712   2.069   1.527   0.582  -0.423   0
   1.24861002   1.983   1.410   0.449  -0.569   0
   1.24908864   2.046   1.511   0.569  -0.432   0
   1.24914038   2.052   1.521   0.582  -0.417   1
   1.24963212   1.974   1.408   0.450  -0.564   0
   1.25011516   1.892   1.292   0.315  -0.714   0
   1.25061250   1.806   1.165   0.167  -0.880   0
   1.25104046   1.726   1.045   0.027  -1.037   0
   1.25140321   1.655   0.937  -0.100  -1.180   0
   1.25172329   1.592   0.832  -0.226  -1.324   0
   1.25203848   1.529   0.721  -0.359  -1.476   0
   1.25230813   1.470   0.611  -0.494  -1.631   0
   1.25254202   1.411   0.505  -0.622  -1.777   0
   1.25274503   1.368   0.410  -0.742  -1.918   0
   1.25294209   1.305   0.299  -0.875  -2.070   0
   1.25311339   1.268   0.205  -0.994  -2.213   0
   1.25327682   1.234   0.108  -1.119  -2.363   0
   1.25340331   1.214   0.027  -1.227  -2.496   0
   1.25352490   1.197  -0.057  -1.340  -2.635   0
   1.25363743   1.183  -0.141  -1.455  -2.777   0
   1.25373912   1.179  -0.218  -1.563  -2.916   0
   1.25382686   1.185  -0.283  -1.660  -3.044   0
   1.25391054   1.174  -0.362  -1.768  -3.179   0
   1.25398231   1.193  -0.421  -1.860  -3.305   0
   1.25405109   1.222  -0.477  -1.953  -3.433   0
   1.25411093   1.246  -0.533  -2.042  -3.555   0
   1.25416684   1.247  -0.555  -2.094  -3.669   0
   1.25421965   1.239  -0.566  -2.132  -3.777   0
   1.25426650   1.239  -0.557  -2.149  -3.875   0
   1.25431240   1.211  -0.573  -2.184  -3.977   2
   1.25431240   1.837   1.474   0.636  -0.275   1
   1.25474751   1.822   1.437   0.583  -0.341   0
   1.25527489   1.812   1.420   0.561  -0.366   0
   1.25529969   1.811   1.419   0.560  -0.367   0
   1.25589848   1.804   1.415   0.559  -0.366   0
   1.25650942   1.791   1.408   0.556  -0.366   0
   1.25713325   1.777   1.399   0.551  -0.368   0
   1.25777054   1.761   1.389   0.545  -0.370   0
   1.25843585   1.750   1.381   0.540  -0.374   0
   1.25911844   1.738   1.372   0.533  -0.379   0
   1.25979233   1.727   1.363   0.526  -0.385   0
   1.26046979   1.718   1.355   0.519  -0.391   0
   1.26112139   1.709   1.347   0.511  -0.398   0
   1.26128864   1.706   1.344   0.509  -0.400   0
   1.26175797   1.700   1.337   0.501  -0.408   0
   1.26238120   1.693   1.328   0.491  -0.419   0
   1.26303589   1.684   1.316   0.477  -0.435   0
   1.26371539   1.675   1.302   0.459  -0.455   0
   1.26449502   1.664   1.281   0.432  -0.488   0
   1.26526713   1.646   1.253   0.396  -0.528   0
   1.26566303   1.627   1.226   0.365  -0.564   0
   1.26612616   1.607   1.192   0.321  -0.614   0
   1.26765025   1.543   1.063   0.156  -0.810   0
   1.26774454   1.526   1.034   0.120  -0.852   0
   1.26781762   1.462   0.927  -0.010  -1.001   0
   1.26783991   1.429   0.853  -0.106  -1.115   0
   1.26785707   1.370   0.726  -0.271  -1.310   0
   1.26786506   1.325   0.631  -0.393  -1.454   0
   1.26787376   1.291   0.539  -0.514  -1.600   0
   1.26789021   1.250   0.443  -0.635  -1.743   0
   1.26793706   1.283   0.533  -0.518  -1.602   0
   1.26797819   1.292   0.555  -0.489  -1.568   1
   1.26815367   1.249   0.447  -0.628  -1.734   0
   1.26823330   1.206   0.344  -0.760  -1.890   0
   1.26830196   1.165   0.224  -0.918  -2.080   0
   1.26834166   1.124   0.121  -1.051  -2.237   0
   1.26839721   1.083  -0.014  -1.227  -2.452   0
   1.26844752   1.100  -0.100  -1.360  -2.628   0
   1.26848662   1.077  -0.204  -1.498  -2.797   0
   1.26851344   1.072  -0.291  -1.621  -2.952   0
   1.26853383   1.092  -0.358  -1.726  -3.095   0
   1.26855040   1.114  -0.423  -1.829  -3.236   0
   1.26856458   1.151  -0.474  -1.918  -3.363   0
   1.26857841   1.184  -0.527  -2.008  -3.489   0
   1.26859319   1.224  -0.579  -2.099  -3.618   0
   1.26860917   1.240  -0.570  -2.122  -3.726   0
   1.26862419   1.227  -0.570  -2.166  -3.905   0
   1.26862597   1.213  -0.577  -2.184  -3.959   0
   1.26862836   1.207  -0.580  -2.191  -3.980   0
   1.26863098   1.198  -0.583  -2.199  -4.005   0
   1.26863372   1.189  -0.587  -2.207  -4.030   0
   1.26863647   1.179  -0.592  -2.216  -4.055   0
   1.26863921   1.169  -0.596  -2.224  -4.081   0
   1.26864195   1.157  -0.601  -2.233  -4.106   0
   1.26864469   1.144  -0.604  -2.239  -4.130   2
   1.26864684   1.133  -0.602  -2.236  -4.148   0
   1.26864958   1.119  -0.599  -2.233  -4.171   0
   1.26865232   1.105  -0.597  -2.230  -4.193   0
   1.26865494   1.091  -0.594  -2.227  -4.215   0
   1.26865768   1.076  -0.592  -2.224  -4.237   0
   1.26866043   1.061  -0.590  -2.221  -4.260   0
   1.26866317   1.045  -0.587  -2.218  -4.282   0
   1.26866591   1.030  -0.585  -2.215  -4.304   0
   1.26866865   1.014  -0.583  -2.212  -4.327   0
   1.26867127   0.998  -0.581  -2.209  -4.349   0
   1.26867402   0.981  -0.580  -2.206  -4.371   0
   1.26867676   0.964  -0.578  -2.204  -4.393   0
   1.26867950   0.947  -0.577  -2.201  -4.415   0
   1.26868224   0.930  -0.575  -2.198  -4.438   0
   1.26868498   0.914  -0.573  -2.194  -4.458   0
   1.26868713   0.904  -0.572  -2.192  -4.470   0
   1.26868987   0.894  -0.571  -2.190  -4.482   0
   1.26869261   0.884  -0.570  -2.188  -4.494   0
   1.26869535   0.875  -0.569  -2.186  -4.506   0
   1.26869798   0.865  -0.568  -2.185  -4.518   0
   1.26870072   0.855  -0.568  -2.183  -4.530   0
   1.26870346   0.844  -0.567  -2.181  -4.542   0
   1.26870608   0.833  -0.567  -2.180  -4.553   0
   1.26870871   0.823  -0.566  -2.178  -4.565   0
   1.26871276   0.810  -0.565  -2.176  -4.580   0
   1.26871908   0.800  -0.556  -2.164  -4.597   0
   1.26872540   0.805  -0.530  -2.135  -4.605   0
   1.26873171   0.810  -0.505  -2.107  -4.613   0
   1.26873803   0.815  -0.479  -2.078  -4.621   0
   1.26874411   0.820  -0.453  -2.050  -4.629   0
   1.26875031   0.825  -0.427  -2.021  -4.637   0
   1.26875651   0.830  -0.401  -1.992  -4.645   0
   1.26876247   0.835  -0.375  -1.963  -4.652   0
   1.26876855   0.841  -0.348  -1.933  -4.660   0
   1.26877451   0.847  -0.322  -1.903  -4.668   0
   1.26878047   0.852  -0.295  -1.874  -4.675   0
   1.26878631   0.858  -0.267  -1.843  -4.682   0
   1.26879227   0.864  -0.240  -1.813  -4.690   0
   1.26879799   0.871  -0.212  -1.782  -4.697   0
   1.26880372   0.877  -0.184  -1.751  -4.704   0
   1.26880944   0.884  -0.155  -1.719  -4.711   0
   1.26881516   0.892  -0.125  -1.685  -4.717   0
   1.26881993   0.904  -0.090  -1.648  -4.719   0
   1.26882422   0.937  -0.025  -1.578  -4.706   0
   1.26882482   0.971   0.031  -1.519  -4.685   0
   1.26882482   0.983   0.050  -1.499  -4.678   0
