   0.15000001  15.217  13.648  12.068  10.124   0
   0.20000000  13.703  12.469  11.058   9.365   0
   0.25000000  12.884  11.779  10.449   8.864   0
   0.30000001  12.324  11.269   9.989   8.471   0
   0.34999999  11.879  10.858   9.616   8.149   0
   0.40000001  11.437  10.434   9.217   7.785   0
   0.44999999  11.041  10.069   8.888   7.502   0
   0.50000000  10.568   9.641   8.505   7.179   0
   0.55000001  10.016   9.151   8.072   6.823   0
   0.60000002   9.407   8.645   7.627   6.462   0
   0.67001724   8.352   7.830   6.929   5.921   0
   0.69999999   7.945   7.520   6.661   5.709   0
   0.80000001   6.656   6.552   5.855   5.067   0
   0.89999998   5.697   5.771   5.206   4.529   0
   0.97521031   5.126   5.253   4.765   4.156   0
   1.00000000   4.954   5.093   4.629   4.041   0
   1.10000002   4.357   4.499   4.112   3.607   0
   1.20000005   3.866   3.976   3.654   3.236   0
   1.29999995   3.445   3.495   3.245   2.938   0
   1.39999998   3.082   3.072   2.896   2.710   0
   1.50000000   2.760   2.725   2.616   2.523   0
   1.60000002   2.467   2.454   2.400   2.370   0
   1.70000005   2.198   2.235   2.217   2.225   0
   1.79999995   1.956   2.048   2.056   2.088   0
   1.89999998   1.737   1.884   1.915   1.963   0
   2.00000000   1.535   1.735   1.782   1.843   0
   2.20000005   1.180   1.467   1.537   1.615   0
   2.50000000   0.732   1.120   1.212   1.311   0
   3.00000000   0.117   0.623   0.740   0.863   0
   3.08204246   0.029   0.551   0.671   0.797   0
   3.50000000  -0.383   0.207   0.344   0.486   0
   4.00000000  -0.814  -0.159  -0.006   0.153   0
   4.11467218  -0.902  -0.234  -0.078   0.085   0
   4.50000000  -1.190  -0.482  -0.315  -0.143   0
   4.86644220  -1.456  -0.716  -0.541  -0.359   0
   5.00000000  -1.553  -0.802  -0.623  -0.439   0
   5.47050810  -1.883  -1.098  -0.910  -0.717   0
   5.93751431  -2.212  -1.398  -1.202  -1.001   0
   6.00000000  -2.257  -1.440  -1.243  -1.041   0
   6.34675837  -2.505  -1.671  -1.470  -1.263   0
   6.67500162  -2.750  -1.904  -1.700  -1.491   0
   6.95325422  -2.973  -2.120  -1.913  -1.703   0
   7.00000000  -3.013  -2.160  -1.953  -1.743   0
   7.20577621  -3.188  -2.333  -2.125  -1.916   1
   7.42544937  -3.393  -2.540  -2.334  -2.127   0
   7.61501360  -3.586  -2.740  -2.536  -2.332   0
   7.77607965  -3.775  -2.941  -2.739  -2.541   0
   7.91166878  -3.947  -3.127  -2.929  -2.737   0
   7.97103882  -4.030  -3.218  -3.022  -2.832   0
   8.02556038  -4.106  -3.300  -3.105  -2.918   0
   8.06411648  -4.156  -3.352  -3.158  -2.972   0
   8.08420181  -4.174  -3.364  -3.169  -2.982   3
   8.10201645  -4.180  -3.360  -3.163  -2.972   0
   8.11424923  -4.161  -3.313  -3.109  -2.909   0
   8.11781120  -4.154  -3.290  -3.082  -2.877   0
   8.11991787  -4.160  -3.271  -3.056  -2.843   0
   8.12010860  -4.155  -3.269  -3.056  -2.843   0
   8.12070942  -4.132  -3.267  -3.058  -2.852   0
   8.12118149  -4.172  -3.332  -3.130  -2.933   0
   8.12169075  -4.278  -3.468  -3.273  -3.086   0
   8.12213135  -4.380  -3.594  -3.406  -3.230   0
   8.12261963  -4.489  -3.734  -3.554  -3.389   0
   8.12315655  -4.603  -3.882  -3.712  -3.561   0
   8.12372684  -4.716  -4.037  -3.877  -3.741   0
   8.12413216  -4.794  -4.148  -3.997  -3.872   0
   8.12454510  -4.875  -4.264  -4.123  -4.012   0
   8.12497044  -4.957  -4.387  -4.257  -4.162   0
   8.12541008  -5.040  -4.521  -4.403  -4.326   0
   8.12584972  -5.118  -4.660  -4.556  -4.498   0
   8.12628078  -5.185  -4.804  -4.715  -4.679   0
   8.12649632  -5.210  -4.881  -4.800  -4.776   0
   8.12671089  -5.235  -4.955  -4.886  -4.876   0
   8.12692642  -5.251  -5.031  -4.973  -4.980   0
   8.12714195  -5.253  -5.110  -5.065  -5.090   0
   8.12736320  -5.236  -5.190  -5.160  -5.205   0
   8.12750053  -5.211  -5.233  -5.216  -5.279   0
   8.12763691  -5.171  -5.265  -5.266  -5.353   0
   8.12779999  -5.102  -5.268  -5.304  -5.435   0
   8.12793732  -5.012  -5.227  -5.314  -5.510   3
   8.12807369  -4.911  -5.146  -5.302  -5.578   0
   8.12815857  -4.835  -5.072  -5.286  -5.623   0
   8.12824345  -4.741  -4.974  -5.260  -5.671   0
   8.12832165  -4.643  -4.872  -5.225  -5.704   0
   8.12840652  -4.519  -4.751  -5.181  -5.736   0
   8.12848473  -4.374  -4.618  -5.129  -5.762   0
   8.12856865  -4.143  -4.431  -5.053  -5.780   0
   8.12864685  -3.838  -4.217  -4.962  -5.783   0
   8.12872505  -3.528  -4.016  -4.863  -5.763   0
   8.12884235  -3.146  -3.771  -4.727  -5.707   0
   8.12899208  -2.761  -3.533  -4.579  -5.630   0
   8.12910366  -2.541  -3.409  -4.508  -5.603   4
   8.12929153  -2.288  -3.368  -4.571  -5.752   0
   8.12940693  -2.242  -3.441  -4.698  -5.925   0
   8.12953472  -2.240  -3.520  -4.814  -6.071   0
   8.12987137  -2.246  -3.603  -4.931  -6.218   0
   8.13073349  -2.239  -3.670  -5.030  -6.343   0
   8.13178349  -2.238  -3.711  -5.089  -6.418   0
   8.13521957  -2.243  -3.761  -5.158  -6.502   2
   8.17736244  -2.296  -3.712  -5.065  -6.372   0
   8.20842361  -2.323  -3.666  -4.988  -6.266   0
   8.24209023  -2.419  -3.669  -4.950  -6.192   0
   8.27755260  -2.593  -3.736  -4.968  -6.164   0
   8.28907585  -2.806  -3.862  -5.052  -6.212   0
   8.29074478  -2.948  -3.947  -5.108  -6.244   0
   8.29171753  -3.108  -4.035  -5.159  -6.264   0
   8.29258728  -3.350  -4.162  -5.223  -6.277   0
   8.29345703  -3.545  -4.266  -5.270  -6.282   0
   8.29440975  -3.688  -4.343  -5.305  -6.286   0
   8.29601574  -3.825  -4.419  -5.339  -6.288   0
   8.29823303  -3.931  -4.483  -5.367  -6.289   0
   8.30041218  -4.046  -4.552  -5.396  -6.289   0
   8.30255318  -4.145  -4.612  -5.422  -6.290   0
   8.30527878  -4.261  -4.685  -5.454  -6.292   0
   8.30842686  -4.432  -4.810  -5.517  -6.306   0
   8.31151772  -4.593  -4.928  -5.576  -6.321   0
   8.31515408  -5.145  -5.395  -5.749  -6.230   0
   8.31895733  -5.387  -5.637  -5.796  -6.084   0
   8.32334328  -5.476  -5.703  -5.803  -6.022   0
   8.32840538  -5.539  -5.735  -5.801  -5.977   0
   8.33395481  -5.591  -5.757  -5.798  -5.941   0
   8.34092331  -5.634  -5.763  -5.787  -5.907   0
   8.35047436  -5.676  -5.763  -5.773  -5.874   0
   8.36217785  -5.703  -5.772  -5.775  -5.866   1
   8.38060379  -5.663  -5.809  -5.838  -5.966   0
   8.38790894  -5.582  -5.791  -5.867  -6.057   0
   8.39233303  -5.487  -5.730  -5.870  -6.135   0
   8.39553547  -5.376  -5.628  -5.855  -6.212   0
   8.39826298  -5.231  -5.483  -5.821  -6.287   0
   8.40001774  -5.063  -5.326  -5.773  -6.343   0
   8.40142441  -4.817  -5.122  -5.701  -6.389   0
   8.40260315  -4.467  -4.869  -5.601  -6.410   0
   8.40300846  -4.324  -4.769  -5.556  -6.406   0
   8.40353870  -4.059  -4.604  -5.478  -6.393   0
   8.40385437  -3.901  -4.505  -5.431  -6.383   0
   8.40414238  -3.739  -4.411  -5.383  -6.370   0
   8.40430450  -3.612  -4.339  -5.346  -6.359   0
   8.40445137  -3.478  -4.263  -5.306  -6.347   0
   8.40456867  -3.357  -4.195  -5.270  -6.335   0
   8.40463543  -3.280  -4.150  -5.246  -6.326   0
   8.40476036  -3.133  -4.066  -5.193  -6.301   0
   8.40490055  -2.995  -3.982  -5.137  -6.267   0
   8.40507698  -2.846  -3.889  -5.072  -6.227   0
   8.40557289  -2.732  -3.842  -5.058  -6.239   4
   8.40590858  -2.698  -3.846  -5.081  -6.277   0
   8.40759087  -2.618  -3.833  -5.099  -6.322   0
   8.40872860  -2.575  -3.840  -5.128  -6.371   0
   8.40981865  -2.535  -3.844  -5.151  -6.412   0
   8.41145515  -2.476  -3.842  -5.173  -6.457   0
   8.41373634  -2.413  -3.858  -5.224  -6.538   0
   8.41648674  -2.331  -3.923  -5.353  -6.723   0
   8.41940212  -2.260  -3.966  -5.447  -6.867   0
   8.42227364  -2.178  -4.062  -5.621  -7.114   0
   8.42406654  -2.108  -4.108  -5.717  -7.258   0
