   0.15000001  15.211  13.643  12.064  10.121   0
   0.20000000  13.685  12.453  11.045   9.354   0
   0.25000000  12.853  11.751  10.423   8.841   0
   0.30000001  12.285  11.231   9.953   8.437   0
   0.34999999  11.838  10.818   9.576   8.110   0
   0.40000001  11.427  10.424   9.208   7.777   0
   0.44999999  11.026  10.054   8.874   7.490   0
   0.50000000  10.545   9.620   8.485   7.162   0
   0.55000001   9.987   9.124   8.047   6.801   0
   0.60000002   9.360   8.605   7.590   6.430   0
   0.69999999   7.848   7.445   6.595   5.654   0
   0.72280914   7.517   7.199   6.389   5.490   0
   0.80000001   6.520   6.443   5.762   4.988   0
   0.86188740   5.887   5.923   5.327   4.625   0
   0.89999998   5.538   5.623   5.076   4.414   0
   0.95484531   5.093   5.217   4.729   4.118   0
   1.00000000   4.765   4.902   4.455   3.884   0
   1.03274453   4.546   4.683   4.263   3.720   0
   1.07091391   4.298   4.434   4.044   3.534   0
   1.10000002   4.125   4.252   3.881   3.395   0
   1.11236739   4.054   4.176   3.813   3.340   0
   1.14932942   3.843   3.950   3.615   3.177   0
   1.17933214   3.678   3.772   3.458   3.049   0
   1.20000005   3.572   3.654   3.353   2.963   0
   1.22231698   3.457   3.523   3.240   2.878   0
   1.24655402   3.334   3.384   3.119   2.786   0
   1.25690389   3.283   3.326   3.069   2.748   0
   1.29986846   3.084   3.101   2.871   2.594   1
   1.29999995   3.084   3.101   2.870   2.594   0
   1.32166195   2.987   2.992   2.774   2.519   0
   1.36484933   2.800   2.783   2.587   2.365   0
   1.39999998   2.651   2.622   2.441   2.239   0
   1.40622389   2.625   2.594   2.415   2.216   0
   1.44409811   2.466   2.425   2.257   2.072   0
   1.48201966   2.308   2.257   2.096   1.916   0
   1.50000000   2.233   2.179   2.018   1.839   0
   1.50492179   2.213   2.158   1.997   1.817   1
   1.53275979   2.102   2.045   1.876   1.686   0
   1.55836391   2.005   1.947   1.765   1.556   0
   1.58196771   1.920   1.870   1.670   1.430   0
   1.60000002   1.860   1.819   1.599   1.326   0
   1.60697269   1.837   1.800   1.572   1.286   0
   1.61662829   1.807   1.775   1.534   1.229   0
   1.62567127   1.774   1.745   1.495   1.176   0
   1.63129008   1.745   1.715   1.464   1.143   2
   1.63573551   1.706   1.671   1.427   1.116   0
   1.63887644   1.652   1.604   1.380   1.099   0
   1.64099693   1.557   1.481   1.304   1.092   0
   1.64158809   1.470   1.381   1.245   1.085   0
   1.64193261   1.350   1.256   1.165   1.060   0
   1.64196742   1.369   1.275   1.180   1.071   0
   1.64206958   1.476   1.387   1.256   1.103   4
   1.64219618   1.474   1.390   1.222   1.021   0
   1.64239669   1.446   1.380   1.174   0.915   0
   1.64272344   1.449   1.405   1.154   0.830   0
   1.64322495   1.483   1.465   1.163   0.763   0
   1.64393842   1.549   1.556   1.194   0.714   0
   1.64482725   1.652   1.667   1.244   0.693   0
   1.64579904   1.799   1.805   1.324   0.712   0
   1.64677358   2.004   1.994   1.452   0.784   0
   1.64748967   2.228   2.183   1.590   0.878   0
   1.64820015   2.446   2.367   1.725   0.972   0
   1.64894247   2.623   2.492   1.806   1.016   4
   1.65068007   2.625   2.424   1.681   0.845   0
   1.65175104   2.532   2.303   1.540   0.687   0
   1.65296018   2.408   2.148   1.367   0.499   0
   1.65395737   2.301   2.016   1.220   0.339   0
   1.65499425   2.192   1.879   1.067   0.173   0
   1.65598333   2.085   1.745   0.916   0.009   0
   1.65695524   1.976   1.611   0.766  -0.154   0
   1.65798664   1.865   1.470   0.606  -0.327   0
   1.65890443   1.765   1.344   0.463  -0.483   0
   1.65983200   1.667   1.214   0.317  -0.644   0
   1.66074979   1.572   1.084   0.168  -0.808   0
   1.66166413   1.485   0.958   0.023  -0.970   0
   1.66254246   1.402   0.838  -0.118  -1.128   0
   1.66346669   1.322   0.715  -0.264  -1.291   0
   1.66480947   1.244   0.596  -0.405  -1.451   2
   1.66548967   1.305   0.697  -0.281  -1.309   0
   1.66589618   1.406   0.856  -0.092  -1.095   0
   1.66632819   1.506   1.006   0.085  -0.896   1
   1.66713321   1.420   0.885  -0.054  -1.050   0
   1.66795206   1.347   0.774  -0.186  -1.199   0
   1.66873002   1.275   0.665  -0.315  -1.344   0
   1.66951549   1.203   0.553  -0.450  -1.496   0
   1.67030835   1.132   0.436  -0.590  -1.656   0
   1.67098069   1.073   0.334  -0.712  -1.796   0
   1.67164195   1.018   0.231  -0.838  -1.941   0
   1.67220926   0.971   0.137  -0.955  -2.077   0
   1.67269933   0.927   0.049  -1.064  -2.203   0
   1.67317259   0.872  -0.049  -1.182  -2.337   0
   1.67357850   0.843  -0.127  -1.283  -2.458   0
   1.67397118   0.815  -0.205  -1.385  -2.580   0
   1.67433178   0.770  -0.294  -1.494  -2.708   0
   1.67464757   0.753  -0.364  -1.587  -2.822   0
   1.67491579   0.731  -0.431  -1.674  -2.927   0
   1.67517436   0.734  -0.488  -1.757  -3.034   0
   1.67539811   0.725  -0.550  -1.842  -3.140   0
   1.67560577   0.703  -0.620  -1.933  -3.248   0
   1.67579770   0.698  -0.675  -2.009  -3.344   0
   1.67597377   0.696  -0.725  -2.081  -3.436   0
   1.67598951   0.697  -0.729  -2.087  -3.444   2
   1.67598951   1.719   1.437   0.651  -0.219   1
   1.67810214   1.705   1.406   0.608  -0.271   0
   1.67862403   1.702   1.400   0.600  -0.281   0
   1.68091905   1.690   1.392   0.595  -0.284   0
   1.68392169   1.676   1.381   0.587  -0.290   0
   1.68706119   1.661   1.369   0.577  -0.299   0
   1.69031787   1.644   1.355   0.565  -0.309   0
   1.69373357   1.625   1.339   0.552  -0.320   0
   1.69734871   1.606   1.322   0.536  -0.334   0
   1.70000005   1.598   1.315   0.530  -0.339   0
   1.70355415   1.589   1.309   0.526  -0.342   0
   1.70898426   1.576   1.299   0.517  -0.349   0
   1.71496892   1.560   1.286   0.507  -0.357   0
   1.72139955   1.546   1.275   0.497  -0.365   0
   1.72161067   1.546   1.274   0.497  -0.366   0
   1.72833359   1.533   1.263   0.486  -0.376   0
   1.73552430   1.520   1.250   0.475  -0.387   0
   1.74366295   1.505   1.236   0.461  -0.400   0
   1.75346780   1.487   1.219   0.444  -0.416   0
   1.76244283   1.475   1.202   0.425  -0.438   0
   1.77448404   1.460   1.180   0.397  -0.470   0
   1.78201747   1.451   1.166   0.380  -0.490   0
   1.79103613   1.440   1.149   0.360  -0.512   0
   1.79999995   1.414   1.104   0.303  -0.579   0
   1.80325031   1.384   1.055   0.241  -0.652   0
   1.80411708   1.329   0.957   0.113  -0.803   0
   1.80435872   1.253   0.844  -0.024  -0.958   0
   1.80443919   1.193   0.743  -0.149  -1.103   0
   1.80445349   1.172   0.710  -0.188  -1.147   0
   1.80451512   1.081   0.570  -0.354  -1.335   0
   1.80457211   0.998   0.447  -0.498  -1.496   0
   1.80661917   0.932   0.337  -0.633  -1.651   0
   1.80753744   0.858   0.206  -0.795  -1.838   0
   1.80793726   0.811   0.107  -0.922  -1.987   0
   1.80828512   0.750  -0.015  -1.073  -2.162   0
   1.80855191   0.711  -0.119  -1.208  -2.324   0
   1.80874252   0.655  -0.223  -1.334  -2.469   0
   1.80888081   0.629  -0.315  -1.459  -2.619   0
   1.80900943   0.585  -0.413  -1.583  -2.764   0
   1.80913353   0.542  -0.513  -1.709  -2.913   0
   1.80924797   0.528  -0.594  -1.819  -3.051   0
   1.80936241   0.543  -0.659  -1.920  -3.185   0
   1.80948639   0.504  -0.755  -2.041  -3.327   0
   1.80962002   0.496  -0.834  -2.150  -3.464   0
   1.80969155   0.504  -0.903  -2.252  -3.596   0
   1.80969632   0.507  -0.906  -2.258  -3.604   0
   1.80970550   0.513  -0.918  -2.278  -3.632   0
   1.80971456   0.518  -0.930  -2.298  -3.660   0
   1.80972350   0.525  -0.942  -2.317  -3.688   0
   1.80973232   0.533  -0.953  -2.337  -3.716   0
   1.80974126   0.540  -0.965  -2.356  -3.744   0
   1.80975008   0.548  -0.976  -2.376  -3.772   0
   1.80975902   0.556  -0.987  -2.396  -3.800   0
   1.80976784   0.564  -0.999  -2.415  -3.828   0
   1.80977643   0.572  -1.010  -2.435  -3.856   0
   1.80978501   0.580  -1.021  -2.454  -3.884   0
   1.80979359   0.588  -1.032  -2.474  -3.912   0
   1.80980217   0.596  -1.044  -2.494  -3.940   0
   1.80981076   0.604  -1.055  -2.513  -3.968   0
   1.80981934   0.613  -1.066  -2.533  -3.996   0
   1.80982792   0.621  -1.077  -2.553  -4.024   0
   1.80983651   0.630  -1.089  -2.572  -4.052   0
   1.80984485   0.639  -1.100  -2.592  -4.080   0
   1.80985308   0.647  -1.111  -2.611  -4.107   0
   1.80986142   0.656  -1.122  -2.631  -4.135   0
   1.80986965   0.665  -1.133  -2.650  -4.163   0
   1.80987799   0.674  -1.144  -2.670  -4.191   0
   1.80988622   0.676  -1.146  -2.679  -4.216   0
   1.80991304   0.677  -1.147  -2.686  -4.237   0
   1.80994451   0.676  -1.148  -2.693  -4.261   0
   1.80997574   0.676  -1.150  -2.701  -4.286   0
   1.81000662   0.674  -1.151  -2.709  -4.310   0
   1.81003749   0.672  -1.153  -2.716  -4.335   0
   1.81006813   0.669  -1.155  -2.724  -4.359   0
   1.81009853   0.666  -1.157  -2.732  -4.383   0
   1.81012881   0.662  -1.160  -2.740  -4.408   0
   1.81015885   0.658  -1.162  -2.747  -4.432   0
   1.81018865   0.653  -1.165  -2.755  -4.456   0
   1.81021833   0.648  -1.167  -2.763  -4.480   0
   1.81024778   0.643  -1.169  -2.770  -4.505   0
   1.81027710   0.636  -1.172  -2.778  -4.529   0
   1.81030619   0.629  -1.175  -2.786  -4.553   0
   1.81033504   0.621  -1.179  -2.793  -4.577   0
   1.81036389   0.612  -1.183  -2.801  -4.601   0
   1.81039238   0.603  -1.186  -2.809  -4.625   0
   1.81042075   0.593  -1.191  -2.817  -4.650   0
   1.81044900   0.582  -1.195  -2.825  -4.674   0
   1.81047690   0.570  -1.200  -2.833  -4.698   0
   1.81050479   0.557  -1.205  -2.841  -4.722   0
   1.81053233   0.544  -1.206  -2.844  -4.744   2
   1.81055975   0.530  -1.203  -2.840  -4.766   0
   1.81058705   0.517  -1.200  -2.837  -4.787   0
   1.81061411   0.503  -1.198  -2.834  -4.808   0
   1.81064105   0.488  -1.195  -2.831  -4.830   0
   1.81066775   0.474  -1.193  -2.828  -4.851   0
   1.81069422   0.459  -1.191  -2.825  -4.872   0
   1.81072056   0.444  -1.189  -2.822  -4.894   0
   1.81074667   0.428  -1.186  -2.818  -4.915   0
   1.81077266   0.412  -1.184  -2.815  -4.936   0
   1.81079841   0.397  -1.182  -2.812  -4.957   0
   1.81082392   0.380  -1.181  -2.809  -4.979   0
   1.81084931   0.364  -1.179  -2.806  -5.000   0
   1.81087446   0.347  -1.177  -2.803  -5.021   0
   1.81089950   0.330  -1.176  -2.799  -5.042   0
   1.81092429   0.313  -1.174  -2.796  -5.063   0
   1.81094885   0.290  -1.175  -2.795  -5.085   0
   1.81097329   0.268  -1.176  -2.792  -5.107   0
   1.81099749   0.248  -1.176  -2.790  -5.128   0
   1.81102157   0.230  -1.174  -2.786  -5.149   0
   1.81104541   0.214  -1.171  -2.782  -5.170   0
   1.81106901   0.201  -1.168  -2.777  -5.190   0
   1.81109250   0.199  -1.150  -2.757  -5.202   0
   1.81111574   0.204  -1.125  -2.729  -5.210   0
   1.81113875   0.209  -1.100  -2.701  -5.218   0
   1.81116164   0.213  -1.075  -2.673  -5.226   0
   1.81118441   0.218  -1.049  -2.645  -5.234   0
   1.81120682   0.223  -1.024  -2.617  -5.242   0
   1.81122899   0.228  -0.998  -2.588  -5.250   0
   1.81125116   0.233  -0.973  -2.560  -5.257   0
   1.81127298   0.238  -0.947  -2.531  -5.265   0
   1.81129479   0.244  -0.921  -2.502  -5.273   0
   1.81131625   0.249  -0.894  -2.473  -5.280   0
   1.81133747   0.255  -0.868  -2.444  -5.288   0
   1.81135869   0.260  -0.842  -2.415  -5.295   0
   1.81137919   0.267  -0.815  -2.385  -5.301   0
   1.81139851   0.276  -0.785  -2.352  -5.305   0
   1.81141555   0.296  -0.741  -2.304  -5.300   0
   1.81142008   0.315  -0.708  -2.269  -5.290   0
   1.81142151   0.337  -0.674  -2.234  -5.276   0
   1.81142151   0.356  -0.644  -2.202  -5.263   0
   1.81142151   0.378  -0.611  -2.168  -5.249   0
   1.81142151   0.411  -0.560  -2.115  -5.227   0
