   0.15000001  15.217  13.647  12.067  10.123   0
   0.20000000  13.702  12.467  11.057   9.364   0
   0.25000000  12.882  11.777  10.446   8.862   0
   0.30000001  12.321  11.266   9.985   8.468   0
   0.34999999  11.876  10.855   9.613   8.145   0
   0.40000001  11.436  10.433   9.217   7.784   0
   0.44999999  11.040  10.068   8.887   7.501   0
   0.50000000  10.566   9.639   8.503   7.177   0
   0.55000001  10.014   9.149   8.070   6.821   0
   0.60000002   9.403   8.641   7.624   6.459   0
   0.69999999   7.936   7.514   6.655   5.704   0
   0.80000001   6.643   6.542   5.846   5.059   0
   0.89999998   5.679   5.753   5.190   4.515   0
   1.00000000   4.935   5.074   4.612   4.026   0
   1.10000002   4.337   4.478   4.092   3.588   0
   1.20000005   3.842   3.949   3.629   3.213   0
   1.29999995   3.415   3.462   3.214   2.912   0
   1.39999998   3.046   3.033   2.860   2.679   0
   1.50000000   2.717   2.681   2.576   2.486   0
   1.56402564   2.522   2.496   2.426   2.378   0
   1.60000002   2.418   2.404   2.351   2.321   0
   1.70000005   2.142   2.176   2.157   2.164   0
   1.74112511   2.038   2.089   2.083   2.100   0
   1.79999995   1.894   1.977   1.983   2.012   0
   1.89999998   1.662   1.794   1.822   1.866   0
   2.00000000   1.451   1.630   1.672   1.727   0
   2.20000005   1.061   1.320   1.385   1.456   0
   2.50000000   0.545   0.902   0.989   1.080   0
   2.54235649   0.478   0.847   0.936   1.029   0
   2.80036592   0.085   0.512   0.615   0.719   0
   3.00000000  -0.213   0.250   0.361   0.472   0
   3.02269340  -0.246   0.222   0.333   0.445   0
   3.20276189  -0.506  -0.015   0.103   0.219   0
   3.35535240  -0.731  -0.225  -0.104   0.015   0
   3.48505759  -0.926  -0.412  -0.288  -0.169   1
   3.50000000  -0.949  -0.434  -0.310  -0.190   0
   3.61094022  -1.124  -0.607  -0.482  -0.363   0
   3.70859361  -1.294  -0.781  -0.656  -0.539   0
   3.79230762  -1.451  -0.947  -0.824  -0.711   0
   3.86437726  -1.597  -1.108  -0.987  -0.879   0
   3.92697453  -1.737  -1.265  -1.147  -1.045   0
   3.95508146  -1.803  -1.340  -1.223  -1.124   0
   3.98128176  -1.865  -1.408  -1.293  -1.195   0
   3.99594259  -1.899  -1.443  -1.327  -1.230   0
   4.00000000  -1.908  -1.449  -1.333  -1.236   0
   4.01047134  -1.930  -1.465  -1.348  -1.249   3
   4.01938438  -1.942  -1.460  -1.339  -1.236   0
   4.02547884  -1.943  -1.422  -1.294  -1.181   0
   4.02724791  -1.945  -1.393  -1.259  -1.138   0
   4.02824450  -1.957  -1.375  -1.234  -1.104   0
   4.02837467  -1.943  -1.364  -1.224  -1.096   0
   4.02868605  -1.898  -1.354  -1.221  -1.102   0
   4.02898502  -1.958  -1.447  -1.321  -1.210   0
   4.02938032  -2.074  -1.597  -1.477  -1.377   0
   4.02987099  -2.178  -1.741  -1.629  -1.539   0
   4.03048134  -2.265  -1.875  -1.771  -1.694   0
   4.03100824  -2.320  -1.973  -1.876  -1.811   0
   4.03158283  -2.366  -2.071  -1.983  -1.930   0
   4.03200150  -2.393  -2.138  -2.057  -2.014   0
   4.03241301  -2.414  -2.205  -2.132  -2.099   0
   4.03284740  -2.428  -2.274  -2.210  -2.190   0
   4.03329325  -2.431  -2.341  -2.290  -2.284   0
   4.03372765  -2.419  -2.404  -2.370  -2.385   0
   4.03418493  -2.384  -2.450  -2.445  -2.491   0
   4.03462982  -2.312  -2.456  -2.497  -2.600   0
   4.03485250  -2.260  -2.436  -2.510  -2.655   3
   4.03507519  -2.195  -2.381  -2.505  -2.709   0
   4.03529787  -2.117  -2.297  -2.484  -2.762   0
   4.03552008  -2.021  -2.178  -2.444  -2.812   0
   4.03574228  -1.896  -2.028  -2.380  -2.854   0
   4.03595304  -1.708  -1.832  -2.293  -2.885   0
   4.03617525  -1.452  -1.610  -2.189  -2.889   0
   4.03638601  -1.209  -1.418  -2.080  -2.849   0
   4.03659630  -0.965  -1.229  -1.959  -2.781   0
   4.03698206  -0.622  -0.999  -1.826  -2.725   4
   4.03728819  -0.559  -1.032  -1.929  -2.881   0
   4.03749990  -0.581  -1.114  -2.043  -3.022   0
   4.03781796  -0.599  -1.197  -2.163  -3.169   0
   4.03835917  -0.620  -1.279  -2.279  -3.312   0
   4.03900623  -0.672  -1.379  -2.405  -3.457   0
   4.03970003  -0.720  -1.480  -2.533  -3.608   0
   4.04040527  -0.751  -1.570  -2.652  -3.750   0
   4.04190826  -0.768  -1.644  -2.754  -3.875   2
   4.05830812  -0.782  -1.590  -2.666  -3.759   0
   4.07176828  -0.772  -1.521  -2.568  -3.637   0
   4.08318329  -0.738  -1.434  -2.452  -3.499   0
   4.09378433  -0.719  -1.361  -2.349  -3.373   0
   4.10710096  -0.749  -1.319  -2.266  -3.258   0
   4.11846876  -0.832  -1.343  -2.258  -3.222   4
   4.13073349  -1.184  -1.588  -2.421  -3.321   0
   4.13576031  -1.534  -1.836  -2.582  -3.414   0
   4.13925457  -1.822  -2.045  -2.694  -3.450   0
   4.14270496  -2.089  -2.256  -2.794  -3.457   0
   4.14540577  -2.269  -2.420  -2.866  -3.441   0
   4.14741468  -2.379  -2.530  -2.913  -3.423   0
   4.14940119  -2.464  -2.626  -2.954  -3.402   0
   4.15201092  -2.557  -2.734  -2.997  -3.369   0
   4.15470886  -2.636  -2.827  -3.031  -3.336   0
   4.15793562  -2.715  -2.920  -3.060  -3.295   0
   4.16172981  -2.790  -2.983  -3.075  -3.252   0
   4.16794682  -2.864  -3.033  -3.085  -3.211   0
   4.17275095  -2.890  -3.049  -3.092  -3.209   1
   4.20388508  -2.923  -3.113  -3.193  -3.356   0
   4.21788836  -2.905  -3.111  -3.233  -3.449   0
   4.22590351  -2.868  -3.069  -3.244  -3.519   0
   4.23143578  -2.820  -3.013  -3.243  -3.580   0
   4.23577881  -2.764  -2.944  -3.231  -3.632   0
   4.24047184  -2.671  -2.838  -3.202  -3.690   0
   4.24192381  -2.593  -2.756  -3.174  -3.721   0
   4.24355555  -2.478  -2.646  -3.135  -3.753   0
   4.24531269  -2.302  -2.503  -3.082  -3.778   0
   4.24741125  -1.993  -2.279  -2.985  -3.785   0
   4.24879074  -1.671  -2.056  -2.864  -3.741   0
   4.24988985  -1.300  -1.799  -2.700  -3.649   0
   4.25077105  -0.985  -1.633  -2.622  -3.643   4
   4.25098944  -0.974  -1.704  -2.740  -3.797   0
   4.25112867  -0.985  -1.778  -2.846  -3.929   0
   4.25209045  -0.972  -1.862  -2.977  -4.099   0
   4.25241756  -0.992  -1.950  -3.097  -4.245   0
   4.25285387  -1.006  -2.030  -3.209  -4.383   0
   4.25341892  -1.019  -2.110  -3.321  -4.520   0
   4.25402308  -1.032  -2.191  -3.430  -4.657   0
   4.25466633  -1.046  -2.278  -3.549  -4.804   0
   4.25529957  -1.046  -2.364  -3.674  -4.962   0
   4.25581408  -1.032  -2.436  -3.783  -5.103   0
   4.25632811  -0.992  -2.505  -3.899  -5.262   0
   4.25669336  -0.957  -2.556  -3.988  -5.388   0
   4.25701952  -0.931  -2.612  -4.078  -5.512   0
   4.25738525  -0.891  -2.680  -4.192  -5.670   0
   4.25769138  -0.836  -2.734  -4.295  -5.819   0
   4.25793791  -0.840  -2.777  -4.364  -5.930   0
   4.25823402  -0.893  -2.823  -4.432  -6.060   0
   4.25842142  -0.935  -2.846  -4.471  -6.164   2
   4.25872755  -0.888  -2.822  -4.427  -6.043   0
   4.25875711  -0.880  -2.818  -4.418  -6.014   0
   4.25878668  -0.906  -2.832  -4.446  -6.093   0
   4.25882626  -0.941  -2.848  -4.475  -6.177   0
   4.25893497  -0.989  -2.871  -4.510  -6.268   0
   4.25894451  -1.003  -2.878  -4.519  -6.291   0
   4.25901651  -1.021  -2.885  -4.530  -6.320   0
   4.25908899  -1.040  -2.893  -4.540  -6.349   0
   4.25916100  -1.061  -2.902  -4.551  -6.378   0
   4.25923347  -1.082  -2.910  -4.562  -6.408   0
   4.25930548  -1.105  -2.919  -4.573  -6.437   0
   4.25937653  -1.150  -2.940  -4.590  -6.470   0
   4.25944757  -1.197  -2.959  -4.604  -6.501   0
   4.25951910  -1.225  -2.965  -4.605  -6.521   0
   4.25959015  -1.244  -2.969  -4.607  -6.534   0
   4.25966120  -1.262  -2.973  -4.608  -6.547   0
   4.26009369  -1.289  -2.977  -4.608  -6.568   0
   4.26051331  -1.316  -2.982  -4.609  -6.588   0
   4.26093483  -1.341  -2.987  -4.609  -6.609   0
   4.26135874  -1.365  -2.990  -4.610  -6.628   0
   4.26178598  -1.386  -2.993  -4.609  -6.647   0
   4.26221704  -1.407  -2.995  -4.609  -6.666   0
   4.26276159  -1.430  -2.997  -4.607  -6.688   0
   4.26331472  -1.452  -2.997  -4.605  -6.710   0
   4.26387787  -1.471  -2.996  -4.602  -6.732   0
   4.26444626  -1.489  -2.994  -4.598  -6.754   0
   4.26501656  -1.504  -2.991  -4.594  -6.775   0
   4.26558828  -1.518  -2.987  -4.588  -6.795   0
   4.26616192  -1.529  -2.982  -4.583  -6.815   0
   4.26673126  -1.538  -2.975  -4.576  -6.834   0
   4.26727486  -1.545  -2.968  -4.569  -6.852   0
   4.26779222  -1.550  -2.960  -4.561  -6.869   0
   4.26828623  -1.552  -2.952  -4.554  -6.884   0
   4.26885080  -1.553  -2.941  -4.545  -6.901   0
   4.26938725  -1.552  -2.929  -4.535  -6.917   0
   4.26989841  -1.550  -2.918  -4.525  -6.931   0
   4.27046537  -1.545  -2.899  -4.507  -6.943   0
   4.27100372  -1.540  -2.875  -4.481  -6.950   0
   4.27156782  -1.533  -2.849  -4.452  -6.955   0
   4.27192926  -1.526  -2.830  -4.430  -6.955   0
   4.27207518  -1.519  -2.818  -4.418  -6.951   0
   4.27214193  -1.512  -2.809  -4.409  -6.946   0
   4.27217340  -1.505  -2.801  -4.400  -6.939   0
   4.27218866  -1.497  -2.793  -4.392  -6.932   0
   4.27219582  -1.488  -2.783  -4.383  -6.923   0
   4.27220011  -1.481  -2.775  -4.375  -6.915   0
   4.27220440  -1.473  -2.767  -4.367  -6.908   0
   4.27220821  -1.465  -2.759  -4.359  -6.900   0
   4.27221251  -1.456  -2.750  -4.350  -6.891   0
   4.27221680  -1.447  -2.742  -4.341  -6.883   0
   4.27222061  -1.438  -2.732  -4.332  -6.874   0
   4.27222490  -1.429  -2.723  -4.322  -6.864   0
   4.27222919  -1.418  -2.712  -4.312  -6.854   0
   4.27223349  -1.408  -2.702  -4.301  -6.843   0
   4.27223778  -1.397  -2.690  -4.290  -6.832   0
   4.27224159  -1.385  -2.678  -4.278  -6.821   0
   4.27224588  -1.372  -2.665  -4.265  -6.808   0
   4.27225018  -1.359  -2.652  -4.251  -6.795   0
   4.27225447  -1.344  -2.637  -4.237  -6.781   0
   4.27226162  -1.329  -2.622  -4.221  -6.765   0
