   0.15000001  15.197  13.634  12.056  10.116   0
   0.20000000  13.644  12.419  11.015   9.330   0
   0.25000000  12.784  11.690  10.366   8.791   0
   0.30000001  12.199  11.149   9.874   8.364   0
   0.34999999  11.749  10.728   9.489   8.026   0
   0.36623779  11.632  10.617   9.386   7.934   0
   0.40000001  11.405  10.403   9.189   7.759   0
   0.44999999  10.992  10.022   8.843   7.462   0
   0.50000000  10.494   9.573   8.442   7.124   0
   0.55000001   9.923   9.066   7.995   6.756   0
   0.60000002   9.260   8.521   7.515   6.367   0
   0.62646258   8.803   8.166   7.214   6.139   0
   0.69274265   7.765   7.382   6.542   5.610   0
   0.69999999   7.660   7.303   6.475   5.557   0
   0.70718008   7.549   7.221   6.406   5.501   0
   0.75426418   6.862   6.701   5.971   5.153   0
   0.79318273   6.346   6.300   5.638   4.880   0
   0.80000001   6.265   6.233   5.583   4.835   0
   0.81191367   6.129   6.119   5.487   4.754   0
   0.84426039   5.766   5.813   5.229   4.535   0
   0.87257880   5.469   5.553   5.006   4.344   0
   0.89785409   5.225   5.327   4.812   4.176   0
   0.89999998   5.204   5.308   4.795   4.162   0
   0.91363865   5.071   5.184   4.687   4.068   0
   0.93206239   4.892   5.016   4.539   3.938   0
   0.94905889   4.734   4.862   4.403   3.818   0
   0.96530098   4.590   4.718   4.273   3.703   0
   0.98146605   4.449   4.574   4.142   3.587   0
   0.99754268   4.310   4.433   4.013   3.471   0
   1.00000000   4.289   4.411   3.994   3.453   0
   1.00549150   4.239   4.361   3.948   3.412   0
   1.01417732   4.161   4.281   3.874   3.346   0
   1.01785553   4.130   4.249   3.845   3.319   0
   1.02406693   4.079   4.197   3.796   3.274   0
   1.03064799   4.025   4.142   3.744   3.226   0
   1.04121578   3.943   4.056   3.663   3.150   0
   1.04760277   3.894   4.005   3.614   3.102   0
   1.05757260   3.807   3.915   3.528   3.021   0
   1.06555963   3.701   3.804   3.427   2.930   1
   1.09859908   3.396   3.485   3.105   2.605   0
   1.10000002   3.382   3.470   3.089   2.587   0
   1.11708176   3.222   3.298   2.898   2.375   0
   1.12890828   3.146   3.215   2.774   2.204   0
   1.13514054   3.208   3.253   2.751   2.122   3
   1.13920581   3.390   3.390   2.815   2.121   0
   1.14164305   3.591   3.541   2.907   2.163   0
   1.14449251   3.806   3.677   2.980   2.182   4
   1.14843512   3.841   3.646   2.896   2.055   0
   1.15110278   3.760   3.531   2.760   1.901   0
   1.15341687   3.650   3.395   2.610   1.739   0
   1.15526533   3.533   3.261   2.467   1.587   0
   1.15699363   3.410   3.121   2.317   1.429   0
   1.15857792   3.283   2.976   2.161   1.264   0
   1.15987790   3.167   2.843   2.018   1.112   0
   1.16109657   3.046   2.704   1.868   0.953   0
   1.16212106   2.933   2.573   1.725   0.801   0
   1.16304922   2.817   2.437   1.579   0.646   0
   1.16383827   2.709   2.310   1.439   0.498   0
   1.16457260   2.604   2.181   1.298   0.345   0
   1.16521847   2.507   2.058   1.161   0.196   0
   1.16581619   2.410   1.934   1.023   0.047   0
   1.16633940   2.322   1.815   0.888  -0.102   0
   1.16682982   2.230   1.694   0.751  -0.252   0
   1.16731298   2.152   1.589   0.632  -0.383   0
   1.16765833   2.111   1.532   0.567  -0.455   0
   1.16803670   2.176   1.635   0.689  -0.316   0
   1.16810846   2.188   1.654   0.713  -0.289   1
   1.16848946   2.104   1.536   0.577  -0.439   0
   1.16885006   2.022   1.421   0.444  -0.586   0
   1.16923082   1.939   1.298   0.299  -0.749   0
   1.16957533   1.854   1.174   0.155  -0.909   0
   1.16986835   1.779   1.059   0.020  -1.061   0
   1.17012227   1.703   0.945  -0.111  -1.209   0
   1.17037213   1.648   0.838  -0.243  -1.362   0
   1.17058623   1.587   0.723  -0.384  -1.524   0
   1.17076957   1.524   0.615  -0.514  -1.672   0
   1.17092931   1.479   0.516  -0.639  -1.818   0
   1.17108369   1.409   0.399  -0.777  -1.975   0
   1.17121601   1.370   0.302  -0.899  -2.120   0
   1.17132699   1.344   0.218  -1.010  -2.255   0
   1.17143047   1.323   0.130  -1.127  -2.400   0
   1.17152417   1.302   0.042  -1.244  -2.542   0
   1.17160702   1.285  -0.042  -1.357  -2.681   0
   1.17168558   1.282  -0.118  -1.465  -2.820   0
   1.17175317   1.292  -0.184  -1.564  -2.952   0
   1.17181730   1.275  -0.267  -1.675  -3.091   0
   1.17187250   1.303  -0.323  -1.767  -3.218   0
   1.17192423   1.329  -0.382  -1.863  -3.350   0
   1.17196977   1.353  -0.436  -1.952  -3.475   0
   1.17201471   1.346  -0.454  -2.000  -3.596   0
   1.17205393   1.333  -0.469  -2.041  -3.707   0
   1.17209053   1.330  -0.460  -2.058  -3.811   0
   1.17212367   1.298  -0.477  -2.095  -3.915   0
   1.17213750   1.278  -0.490  -2.114  -3.957   2
   1.17213750   1.888   1.518   0.677  -0.237   1
   1.17244935   1.867   1.474   0.616  -0.310   0
   1.17279947   1.852   1.455   0.594  -0.335   0
   1.17283344   1.851   1.454   0.593  -0.336   0
   1.17321265   1.845   1.450   0.592  -0.335   0
   1.17360699   1.836   1.447   0.592  -0.332   0
   1.17400956   1.827   1.442   0.590  -0.332   0
   1.17442036   1.818   1.436   0.587  -0.333   0
   1.17484653   1.808   1.430   0.583  -0.334   0
   1.17528415   1.797   1.423   0.578  -0.337   0
   1.17571330   1.787   1.415   0.573  -0.341   0
   1.17614567   1.779   1.409   0.568  -0.345   0
   1.17655945   1.771   1.402   0.562  -0.350   0
   1.17681432   1.766   1.397   0.557  -0.354   0
   1.17699277   1.763   1.394   0.554  -0.358   0
   1.17744732   1.757   1.386   0.545  -0.368   0
   1.17791784   1.750   1.376   0.533  -0.382   0
   1.17839170   1.739   1.361   0.516  -0.400   0
   1.17888510   1.726   1.343   0.494  -0.426   0
   1.17944527   1.707   1.314   0.458  -0.466   0
   1.17975557   1.694   1.293   0.433  -0.495   0
   1.18009782   1.676   1.263   0.394  -0.540   0
   1.18130183   1.622   1.150   0.248  -0.714   0
   1.18137014   1.585   1.088   0.172  -0.801   0
   1.18142366   1.531   0.986   0.044  -0.951   0
   1.18144000   1.502   0.916  -0.048  -1.062   0
   1.18145311   1.438   0.778  -0.229  -1.275   0
   1.18145895   1.393   0.676  -0.359  -1.429   0
   1.18146539   1.356   0.578  -0.487  -1.583   0
   1.18147779   1.320   0.489  -0.601  -1.719   0
   1.18151581   1.359   0.587  -0.475  -1.568   0
   1.18154085   1.363   0.601  -0.456  -1.546   1
   1.18166864   1.320   0.488  -0.601  -1.719   0
   1.18172598   1.283   0.385  -0.738  -1.882   0
   1.18177283   1.238   0.260  -0.900  -2.076   0
   1.18181479   1.196   0.122  -1.081  -2.297   0
   1.18184233   1.186   0.042  -1.193  -2.438   0
   1.18187273   1.197  -0.032  -1.304  -2.584   0
   1.18190134   1.172  -0.142  -1.451  -2.763   0
   1.18191814   1.178  -0.217  -1.561  -2.904   0
   1.18193221   1.201  -0.277  -1.657  -3.038   0
   1.18194377   1.226  -0.335  -1.752  -3.170   0
   1.18195367   1.255  -0.392  -1.844  -3.298   0
   1.18196416   1.300  -0.443  -1.937  -3.432   0
   1.18197477   1.337  -0.469  -2.001  -3.552   0
   1.18198633   1.343  -0.465  -2.028  -3.662   0
   1.18199682   1.340  -0.460  -2.049  -3.768   0
   1.18199825   1.334  -0.462  -2.059  -3.801   0
   1.18199992   1.329  -0.464  -2.065  -3.822   0
   1.18200195   1.321  -0.467  -2.074  -3.849   0
   1.18200409   1.313  -0.471  -2.083  -3.876   0
   1.18200612   1.305  -0.475  -2.091  -3.903   0
   1.18200827   1.295  -0.479  -2.100  -3.929   0
   1.18201029   1.284  -0.484  -2.109  -3.956   0
   1.18201196   1.275  -0.488  -2.116  -3.977   0
   1.18201399   1.262  -0.493  -2.125  -4.004   0
   1.18201613   1.248  -0.493  -2.127  -4.029   3
   1.18201816   1.234  -0.490  -2.124  -4.053   0
   1.18202031   1.219  -0.487  -2.121  -4.076   0
   1.18202198   1.207  -0.485  -2.118  -4.095   0
   1.18202400   1.191  -0.483  -2.115  -4.119   0
   1.18202615   1.175  -0.480  -2.112  -4.143   0
   1.18202817   1.159  -0.478  -2.109  -4.166   0
   1.18203032   1.142  -0.475  -2.105  -4.190   0
   1.18203235   1.125  -0.473  -2.102  -4.214   0
   1.18203402   1.112  -0.472  -2.100  -4.233   0
   1.18203616   1.094  -0.470  -2.097  -4.256   0
   1.18203819   1.077  -0.468  -2.094  -4.280   0
   1.18204033   1.059  -0.466  -2.090  -4.303   0
   1.18204236   1.040  -0.465  -2.087  -4.327   0
   1.18204451   1.021  -0.463  -2.084  -4.350   0
   1.18204653   1.002  -0.462  -2.081  -4.374   0
   1.18204868   0.983  -0.461  -2.078  -4.397   0
   1.18205070   0.963  -0.460  -2.075  -4.421   0
   1.18205285   0.942  -0.459  -2.072  -4.446   0
   1.18205488   0.922  -0.458  -2.069  -4.467   0
   1.18205655   0.912  -0.457  -2.067  -4.479   0
   1.18205869   0.907  -0.450  -2.059  -4.489   0
   1.18206072   0.910  -0.436  -2.043  -4.494   0
   1.18206334   0.913  -0.419  -2.024  -4.499   0
   1.18206787   0.918  -0.392  -1.994  -4.507   0
   1.18207252   0.924  -0.365  -1.964  -4.515   0
   1.18207705   0.929  -0.338  -1.933  -4.524   0
   1.18208170   0.935  -0.310  -1.902  -4.532   0
   1.18208623   0.940  -0.282  -1.871  -4.540   0
   1.18209076   0.946  -0.253  -1.840  -4.548   0
   1.18209517   0.952  -0.225  -1.809  -4.556   0
   1.18209946   0.958  -0.197  -1.777  -4.564   0
   1.18210387   0.964  -0.168  -1.745  -4.572   0
   1.18210828   0.971  -0.139  -1.712  -4.580   0
   1.18211257   0.978  -0.109  -1.679  -4.587   0
   1.18211699   0.985  -0.078  -1.645  -4.595   0
   1.18212128   0.992  -0.048  -1.612  -4.602   0
   1.18212545   1.000  -0.016  -1.577  -4.609   0
   1.18212891   1.011   0.016  -1.542  -4.612   0
   1.18213224   1.042   0.081  -1.472  -4.601   0
   1.18213284   1.078   0.140  -1.410  -4.580   0
