   0.15000001  15.216  13.646  12.067  10.123   0
   0.20000000  13.698  12.464  11.054   9.362   0
   0.25000000  12.875  11.771  10.441   8.857   0
   0.30000001  12.312  11.258   9.978   8.461   0
   0.34999999  11.867  10.846   9.604   8.137   0
   0.40000001  11.434  10.431   9.215   7.783   0
   0.44999999  11.037  10.065   8.884   7.498   0
   0.50000000  10.561   9.635   8.499   7.174   0
   0.55000001  10.008   9.143   8.065   6.817   0
   0.60000002   9.393   8.633   7.616   6.452   0
   0.69999999   7.916   7.498   6.642   5.693   0
   0.80000001   6.613   6.517   5.826   5.042   0
   0.89999998   5.642   5.719   5.161   4.489   0
   0.98435092   4.994   5.130   4.659   4.063   0
   1.00000000   4.890   5.028   4.571   3.989   0
   1.01249838   4.810   4.949   4.502   3.931   0
   1.10000002   4.288   4.426   4.043   3.543   0
   1.10238230   4.276   4.412   4.031   3.534   0
   1.20000005   3.782   3.884   3.568   3.158   0
   1.29999995   3.342   3.380   3.139   2.848   0
   1.37312567   3.057   3.050   2.864   2.663   0
   1.39999998   2.958   2.938   2.772   2.601   0
   1.43071055   2.846   2.811   2.668   2.529   0
   1.48564267   2.659   2.620   2.513   2.417   0
   1.49605167   2.626   2.586   2.485   2.398   0
   1.50000000   2.614   2.574   2.475   2.390   0
   1.58177972   2.351   2.327   2.266   2.225   0
   1.60000002   2.295   2.276   2.222   2.188   0
   1.69450784   2.017   2.031   2.007   2.003   0
   1.70000005   2.001   2.017   1.994   1.992   0
   1.79999995   1.719   1.771   1.771   1.788   0
   1.84885025   1.586   1.658   1.667   1.691   0
   1.89999998   1.448   1.539   1.556   1.586   0
   1.96652091   1.274   1.388   1.415   1.451   0
   2.00000000   1.185   1.309   1.341   1.380   0
   2.07027268   1.005   1.147   1.186   1.230   0
   2.15477777   0.788   0.944   0.989   1.035   0
   2.20000005   0.670   0.829   0.876   0.923   0
   2.22906899   0.597   0.758   0.806   0.852   0
   2.29437232   0.427   0.585   0.635   0.679   1
   2.35032701   0.279   0.424   0.473   0.515   0
   2.39858508   0.150   0.276   0.321   0.356   0
   2.44079971   0.036   0.136   0.175   0.203   0
   2.47831059  -0.066   0.002   0.035   0.053   0
   2.49546909  -0.113  -0.059  -0.032  -0.019   0
   2.50000000  -0.126  -0.076  -0.049  -0.037   0
   2.51224566  -0.161  -0.119  -0.094  -0.085   0
   2.52256465  -0.196  -0.154  -0.130  -0.121   0
   2.53057122  -0.231  -0.180  -0.152  -0.140   0
   2.53632903  -0.271  -0.194  -0.157  -0.137   3
   2.54024148  -0.324  -0.186  -0.134  -0.100   0
   2.54134560  -0.372  -0.182  -0.119  -0.073   0
   2.54195952  -0.437  -0.191  -0.116  -0.057   0
   2.54202247  -0.423  -0.179  -0.105  -0.047   0
   2.54217625  -0.334  -0.131  -0.066  -0.017   0
   2.54235578  -0.327  -0.176  -0.121  -0.083   0
   2.54260254  -0.396  -0.296  -0.253  -0.228   0
   2.54293561  -0.449  -0.405  -0.377  -0.369   0
   2.54338050  -0.469  -0.490  -0.482  -0.497   0
   2.54379249  -0.465  -0.537  -0.552  -0.593   0
   2.54425907  -0.441  -0.554  -0.602  -0.683   0
   2.54478455  -0.396  -0.536  -0.632  -0.773   0
   2.54516172  -0.352  -0.494  -0.635  -0.833   3
   2.54555488  -0.293  -0.419  -0.620  -0.890   0
   2.54596353  -0.216  -0.311  -0.579  -0.940   0
   2.54637885  -0.099  -0.162  -0.511  -0.979   0
   2.54680061   0.075   0.027  -0.417  -0.993   0
   2.54722238   0.279   0.220  -0.303  -0.957   0
   2.54764152   0.539   0.443  -0.153  -0.868   0
   2.54805589   0.820   0.680   0.022  -0.746   0
   2.54847026   1.020   0.827   0.114  -0.697   4
   2.54907107   1.049   0.785   0.013  -0.845   0
   2.54959226   0.992   0.683  -0.118  -0.999   0
   2.55025315   0.911   0.567  -0.257  -1.157   0
   2.55105066   0.823   0.441  -0.408  -1.327   0
   2.55176401   0.742   0.326  -0.544  -1.480   0
   2.55262208   0.655   0.194  -0.702  -1.659   0
   2.55336499   0.561   0.072  -0.839  -1.807   0
   2.55412865   0.500  -0.035  -0.970  -1.959   0
   2.55485582   0.428  -0.146  -1.103  -2.109   0
   2.55555153   0.370  -0.246  -1.226  -2.251   0
   2.55617046   0.332  -0.314  -1.311  -2.348   2
   2.55728436   0.379  -0.220  -1.191  -2.208   0
   2.55963230   0.444  -0.114  -1.062  -2.061   0
   2.56223941   0.502  -0.009  -0.932  -1.910   0
   2.56449270   0.593   0.118  -0.786  -1.749   0
   2.56636119   0.654   0.223  -0.658  -1.602   0
   2.56844854   0.748   0.350  -0.510  -1.436   0
   2.57083273   0.829   0.469  -0.364  -1.271   0
   2.57368350   0.909   0.583  -0.228  -1.118   0
   2.57899261   0.953   0.676  -0.103  -0.967   0
   2.58398271   0.903   0.664  -0.088  -0.930   4
   2.61664677   0.487   0.308  -0.376  -1.163   0
   2.65697646   0.228   0.057  -0.612  -1.387   0
   2.69236207  -0.007  -0.171  -0.825  -1.588   0
   2.73345327  -0.149  -0.339  -1.012  -1.789   3
   2.77025437   0.170  -0.165  -0.969  -1.852   0
   2.77399397   0.258  -0.149  -1.006  -1.930   0
   2.77432346   0.241  -0.209  -1.096  -2.043   0
   2.77435374   0.236  -0.220  -1.111  -2.061   0
   2.77445960   0.190  -0.313  -1.229  -2.200   0
   2.77456379   0.131  -0.420  -1.362  -2.355   0
   2.77737451  -0.030  -0.743  -1.774  -2.834   0
   2.77777433  -0.052  -0.830  -1.893  -2.980   0
   2.77816772  -0.094  -0.928  -2.018  -3.128   0
   2.77855945  -0.127  -1.020  -2.138  -3.271   0
   2.77895260  -0.165  -1.121  -2.268  -3.426   0
   2.77934074  -0.189  -1.225  -2.411  -3.599   0
   2.77966166  -0.217  -1.325  -2.543  -3.760   0
   2.77994919  -0.235  -1.421  -2.673  -3.921   0
   2.78026843  -0.222  -1.521  -2.822  -4.115   0
   2.78056931  -0.223  -1.637  -2.989  -4.325   0
   2.78076816  -0.193  -1.717  -3.117  -4.500   0
   2.78089738  -0.177  -1.779  -3.212  -4.628   0
   2.78101420  -0.155  -1.825  -3.288  -4.732   0
   2.78111601  -0.122  -1.861  -3.354  -4.827   0
   2.78122520  -0.079  -1.919  -3.453  -4.968   0
   2.78134823  -0.072  -1.942  -3.518  -5.125   0
   2.78140569  -0.082  -1.954  -3.531  -5.136   0
   2.78143144  -0.100  -1.971  -3.558  -5.189   0
   2.78145576  -0.112  -1.975  -3.574  -5.249   0
   2.78147125  -0.116  -1.977  -3.579  -5.265   0
   2.78149080  -0.122  -1.980  -3.586  -5.286   0
   2.78150630  -0.127  -1.982  -3.591  -5.302   0
   2.78152561  -0.134  -1.985  -3.598  -5.322   0
   2.78154492  -0.142  -1.989  -3.605  -5.343   0
   2.78156447  -0.150  -1.992  -3.612  -5.363   0
   2.78158379  -0.159  -1.996  -3.618  -5.383   0
   2.78160334  -0.168  -2.000  -3.625  -5.404   0
   2.78162265  -0.178  -2.004  -3.632  -5.424   0
   2.78164196  -0.188  -2.008  -3.639  -5.444   0
   2.78166151  -0.199  -2.012  -3.646  -5.464   0
   2.78168082  -0.210  -2.017  -3.654  -5.485   0
   2.78170013  -0.222  -2.022  -3.661  -5.505   0
   2.78171945  -0.234  -2.027  -3.668  -5.525   0
   2.78173447  -0.244  -2.031  -3.674  -5.541   0
   2.78176665  -0.259  -2.036  -3.681  -5.564   0
   2.78185248  -0.294  -2.035  -3.680  -5.615   2
   2.78193760  -0.312  -2.033  -3.676  -5.640   0
   2.78202224  -0.325  -2.031  -3.673  -5.658   0
   2.78210592  -0.338  -2.029  -3.671  -5.676   0
   2.78218913  -0.351  -2.028  -3.668  -5.694   0
   2.78227162  -0.364  -2.026  -3.666  -5.712   0
   2.78235340  -0.378  -2.025  -3.663  -5.730   0
   2.78243423  -0.391  -2.023  -3.661  -5.747   0
   2.78251457  -0.414  -2.027  -3.661  -5.766   0
   2.78259444  -0.438  -2.031  -3.662  -5.785   0
   2.78267336  -0.460  -2.034  -3.662  -5.804   0
   2.78275180  -0.482  -2.037  -3.662  -5.822   0
   2.78282952  -0.502  -2.039  -3.661  -5.840   0
   2.78290629  -0.520  -2.040  -3.660  -5.858   0
   2.78298259  -0.537  -2.041  -3.658  -5.875   0
   2.78305817  -0.554  -2.041  -3.656  -5.892   0
   2.78313327  -0.568  -2.040  -3.654  -5.909   0
   2.78320742  -0.582  -2.039  -3.651  -5.925   0
   2.78328085  -0.594  -2.037  -3.648  -5.941   0
   2.78333926  -0.603  -2.035  -3.645  -5.953   0
   2.78339720  -0.612  -2.033  -3.642  -5.966   0
   2.78345466  -0.619  -2.030  -3.639  -5.978   0
   2.78351212  -0.626  -2.027  -3.635  -5.990   0
   2.78356886  -0.632  -2.023  -3.632  -6.002   0
   2.78362560  -0.637  -2.019  -3.628  -6.014   0
   2.78368211  -0.642  -2.015  -3.623  -6.025   0
   2.78373814  -0.645  -2.010  -3.619  -6.036   0
   2.78379393  -0.644  -1.998  -3.606  -6.042   0
   2.78384972  -0.642  -1.983  -3.589  -6.047   0
   2.78390503  -0.639  -1.969  -3.573  -6.052   0
   2.78396034  -0.636  -1.954  -3.557  -6.056   0
   2.78401566  -0.633  -1.940  -3.541  -6.061   0
   2.78408432  -0.630  -1.922  -3.522  -6.066   0
   2.78415275  -0.626  -1.905  -3.502  -6.072   0
   2.78422141  -0.623  -1.887  -3.483  -6.077   0
   2.78428984  -0.619  -1.870  -3.463  -6.082   0
   2.78435850  -0.615  -1.853  -3.444  -6.086   0
   2.78442693  -0.611  -1.835  -3.424  -6.090   0
   2.78449202  -0.605  -1.817  -3.405  -6.093   0
   2.78456068  -0.598  -1.796  -3.382  -6.093   0
   2.78462696  -0.584  -1.769  -3.354  -6.088   0
   2.78465414  -0.571  -1.750  -3.334  -6.078   0
   2.78466630  -0.558  -1.734  -3.317  -6.068   0
   2.78467202  -0.545  -1.719  -3.301  -6.056   0
   2.78467441  -0.531  -1.703  -3.285  -6.044   0
   2.78467655  -0.518  -1.688  -3.270  -6.031   0
   2.78467870  -0.503  -1.671  -3.253  -6.017   0
   2.78468060  -0.487  -1.653  -3.235  -6.003   0
   2.78468275  -0.470  -1.634  -3.215  -5.987   0
   2.78468490  -0.452  -1.613  -3.194  -5.970   0
   2.78468704  -0.431  -1.590  -3.171  -5.951   0
   2.78468966  -0.409  -1.565  -3.145  -5.931   0
