   0.15000001  15.186  13.625  12.050  10.112   0
   0.20000000  13.619  12.398  10.996   9.314   0
   0.25000000  12.766  11.673  10.351   8.777   0
   0.30000001  12.185  11.136   9.863   8.354   0
   0.34999999  11.739  10.718   9.480   8.018   0
   0.40000001  11.387  10.385   9.172   7.744   0
   0.44999999  10.967   9.998   8.821   7.442   0
   0.50000000  10.463   9.544   8.416   7.102   0
   0.55000001   9.871   9.022   7.955   6.722   0
   0.58970541   9.312   8.564   7.553   6.399   0
   0.60000002   9.174   8.451   7.455   6.319   0
   0.61624002   8.879   8.221   7.260   6.173   0
   0.66240132   8.091   7.627   6.750   5.775   0
   0.69999999   7.490   7.175   6.366   5.469   0
   0.71368045   7.268   7.009   6.226   5.356   0
   0.74372584   6.810   6.658   5.932   5.118   0
   0.77024084   6.425   6.356   5.681   4.911   0
   0.79414141   6.106   6.095   5.462   4.728   0
   0.80000001   6.031   6.032   5.409   4.683   0
   0.81073201   5.896   5.917   5.311   4.600   0
   0.83137047   5.638   5.696   5.121   4.435   0
   0.85039026   5.412   5.493   4.946   4.282   0
   0.86830604   5.210   5.304   4.779   4.136   0
   0.88603860   5.010   5.114   4.611   3.986   0
   0.89999998   4.851   4.962   4.475   3.863   0
   0.90151405   4.833   4.945   4.459   3.850   0
   0.91628104   4.651   4.769   4.300   3.705   0
   0.92296404   4.573   4.692   4.229   3.640   0
   0.92926389   4.499   4.618   4.160   3.576   0
   0.93212628   4.468   4.585   4.130   3.548   0
   0.93702489   4.416   4.532   4.080   3.501   0
   0.94177246   4.365   4.480   4.030   3.454   0
   0.94887984   4.287   4.399   3.953   3.381   0
   0.95458293   4.221   4.332   3.888   3.319   0
   0.97867507   3.926   4.025   3.584   3.015   1
   0.99220449   3.758   3.846   3.386   2.797   0
   1.00000000   3.692   3.760   3.271   2.656   0
   1.00017667   3.691   3.758   3.269   2.652   0
   1.00595772   3.714   3.752   3.209   2.542   3
   1.00930464   3.882   3.854   3.242   2.516   0
   1.01139128   4.067   3.972   3.297   2.520   0
   1.01276159   4.181   4.035   3.321   2.510   0
   1.01547825   4.255   4.026   3.255   2.394   0
   1.01742208   4.186   3.916   3.120   2.238   0
   1.01901162   4.076   3.781   2.972   2.077   0
   1.02032983   3.951   3.638   2.818   1.915   0
   1.02152359   3.820   3.493   2.664   1.754   0
   1.02257264   3.688   3.345   2.508   1.590   0
   1.02348840   3.563   3.204   2.356   1.430   0
   1.02428210   3.433   3.061   2.205   1.272   0
   1.02496016   3.311   2.925   2.060   1.120   0
   1.02560580   3.187   2.783   1.909   0.961   0
   1.02616596   3.076   2.649   1.762   0.804   0
   1.02665091   2.966   2.518   1.621   0.654   0
   1.02707911   2.867   2.394   1.484   0.506   0
   1.02745724   2.768   2.271   1.348   0.359   0
   1.02781582   2.671   2.147   1.210   0.209   0
   1.02813351   2.570   2.022   1.072   0.060   0
   1.02843332   2.474   1.900   0.936  -0.087   0
   1.02879250   2.390   1.786   0.806  -0.230   0
   1.02884459   2.387   1.781   0.800  -0.236   2
   1.02912927   2.456   1.892   0.933  -0.085   0
   1.02916074   2.465   1.903   0.946  -0.071   0
   1.02938592   2.375   1.784   0.811  -0.218   0
   1.02961457   2.291   1.666   0.675  -0.368   0
   1.02984107   2.202   1.542   0.533  -0.525   0
   1.03005934   2.119   1.419   0.391  -0.685   0
   1.03024483   2.057   1.306   0.253  -0.845   0
   1.03040612   1.952   1.176   0.110  -0.998   0
   1.03054619   1.889   1.069  -0.018  -1.143   0
   1.03068233   1.826   0.953  -0.158  -1.305   0
   1.03079939   1.760   0.839  -0.295  -1.460   0
   1.03090131   1.705   0.734  -0.424  -1.609   0
   1.03098786   1.661   0.638  -0.544  -1.751   0
   1.03107274   1.601   0.528  -0.676  -1.903   0
   1.03114557   1.569   0.434  -0.798  -2.051   0
   1.03120863   1.552   0.348  -0.914  -2.195   0
   1.03126287   1.537   0.268  -1.022  -2.328   0
   1.03132021   1.514   0.172  -1.150  -2.483   0
   1.03136337   1.509   0.097  -1.256  -2.620   0
   1.03140485   1.511   0.026  -1.358  -2.753   0
   1.03144240   1.511  -0.045  -1.459  -2.885   0
   1.03147733   1.515  -0.117  -1.565  -3.022   0
   1.03151000   1.542  -0.182  -1.668  -3.164   0
   1.03153992   1.556  -0.226  -1.747  -3.290   0
   1.03156269   1.550  -0.242  -1.791  -3.403   0
   1.03158438   1.533  -0.261  -1.835  -3.515   0
   1.03160489   1.522  -0.263  -1.861  -3.618   0
   1.03162503   1.482  -0.287  -1.906  -3.736   0
   1.03164399   1.430  -0.307  -1.940  -3.845   2
   1.03165698   1.390  -0.297  -1.929  -3.911   0
   1.03165698   1.973   1.603   0.761  -0.152   0
   1.03180635   1.959   1.561   0.700  -0.228   0
   1.03199697   1.940   1.536   0.672  -0.259   0
   1.03205562   1.938   1.533   0.668  -0.263   2
   1.03219676   1.930   1.529   0.667  -0.263   0
   1.03240466   1.921   1.526   0.669  -0.257   0
   1.03261995   1.912   1.523   0.670  -0.252   0
   1.03283834   1.903   1.519   0.670  -0.249   0
   1.03306472   1.892   1.514   0.669  -0.247   0
   1.03330004   1.884   1.510   0.667  -0.247   0
   1.03353155   1.875   1.504   0.664  -0.248   0
   1.03375757   1.869   1.499   0.661  -0.250   0
   1.03397965   1.860   1.493   0.656  -0.254   0
   1.03420675   1.853   1.486   0.649  -0.260   0
   1.03426993   1.850   1.484   0.647  -0.261   0
   1.03444207   1.846   1.478   0.641  -0.269   0
   1.03468335   1.838   1.467   0.628  -0.282   0
   1.03493726   1.828   1.453   0.611  -0.302   0
   1.03521073   1.820   1.435   0.586  -0.332   0
   1.03552163   1.806   1.405   0.546  -0.381   0
   1.03565228   1.794   1.386   0.522  -0.408   0
   1.03582203   1.774   1.354   0.481  -0.456   0
   1.03641868   1.706   1.237   0.337  -0.623   0
   1.03645599   1.682   1.179   0.261  -0.714   0
   1.03648472   1.643   1.081   0.130  -0.871   0
   1.03649330   1.611   1.007   0.032  -0.989   0
   1.03650010   1.558   0.867  -0.155  -1.214   0
   1.03650308   1.527   0.774  -0.278  -1.363   0
   1.03650630   1.506   0.686  -0.398  -1.511   0
   1.03651237   1.460   0.593  -0.514  -1.645   0
   1.03653693   1.497   0.693  -0.384  -1.490   0
   1.03654456   1.499   0.698  -0.377  -1.482   1
   1.03661215   1.462   0.602  -0.501  -1.630   0
   1.03664362   1.447   0.512  -0.627  -1.786   0
   1.03667045   1.389   0.382  -0.792  -1.978   0
   1.03669345   1.355   0.252  -0.965  -2.192   0
   1.03670728   1.389   0.200  -1.055  -2.319   0
   1.03672469   1.364   0.108  -1.176  -2.466   0
   1.03673923   1.358   0.012  -1.312  -2.636   0
   1.03674889   1.371  -0.063  -1.424  -2.785   0
   1.03675580   1.400  -0.123  -1.523  -2.924   0
   1.03676271   1.441  -0.172  -1.611  -3.051   0
   1.03676915   1.478  -0.224  -1.701  -3.179   0
   1.03677487   1.514  -0.277  -1.792  -3.307   0
   1.03678060   1.535  -0.273  -1.821  -3.416   0
   1.03678679   1.536  -0.268  -1.845  -3.523   0
   1.03679407   1.522  -0.269  -1.871  -3.633   0
   1.03679538   1.502  -0.279  -1.894  -3.699   0
   1.03679657   1.493  -0.283  -1.902  -3.724   0
   1.03679764   1.483  -0.287  -1.910  -3.748   0
   1.03679872   1.473  -0.291  -1.918  -3.773   0
   1.03679967   1.464  -0.295  -1.925  -3.793   0
   1.03680074   1.453  -0.300  -1.933  -3.817   3
   1.03680193   1.439  -0.298  -1.932  -3.840   0
   1.03680301   1.426  -0.295  -1.929  -3.862   0
   1.03680408   1.412  -0.293  -1.926  -3.884   0
   1.03680527   1.398  -0.290  -1.923  -3.906   0
   1.03680634   1.383  -0.288  -1.920  -3.928   0
   1.03680742   1.369  -0.285  -1.917  -3.949   0
   1.03680837   1.354  -0.283  -1.914  -3.971   0
   1.03680944   1.339  -0.281  -1.911  -3.993   0
   1.03681028   1.327  -0.279  -1.909  -4.010   0
   1.03681099   1.314  -0.278  -1.906  -4.027   0
   1.03681207   1.299  -0.276  -1.903  -4.049   0
   1.03681314   1.283  -0.274  -1.900  -4.070   0
   1.03681409   1.266  -0.272  -1.897  -4.092   0
   1.03681517   1.250  -0.271  -1.895  -4.113   0
   1.03681612   1.233  -0.269  -1.892  -4.135   0
   1.03681719   1.216  -0.268  -1.889  -4.156   0
   1.03681815   1.198  -0.267  -1.886  -4.178   0
   1.03681922   1.181  -0.265  -1.883  -4.199   0
   1.03682005   1.166  -0.264  -1.880  -4.216   0
   1.03682101   1.148  -0.263  -1.878  -4.238   0
   1.03682208   1.129  -0.263  -1.875  -4.259   0
   1.03682303   1.110  -0.262  -1.872  -4.281   0
   1.03682411   1.103  -0.249  -1.857  -4.296   0
   1.03682506   1.108  -0.226  -1.831  -4.304   0
   1.03682613   1.111  -0.203  -1.805  -4.311   0
   1.03682721   1.115  -0.180  -1.780  -4.319   0
   1.03682816   1.119  -0.158  -1.755  -4.327   0
   1.03682923   1.123  -0.135  -1.729  -4.335   0
   1.03683066   1.129  -0.111  -1.703  -4.340   0
   1.03683293   1.135  -0.084  -1.674  -4.348   0
   1.03683519   1.140  -0.058  -1.644  -4.355   0
   1.03683746   1.146  -0.030  -1.614  -4.362   0
   1.03683972   1.152  -0.003  -1.583  -4.370   0
   1.03684187   1.159   0.025  -1.552  -4.377   0
   1.03684413   1.165   0.053  -1.521  -4.384   0
   1.03684628   1.172   0.081  -1.490  -4.391   0
   1.03684843   1.179   0.110  -1.458  -4.397   0
   1.03685057   1.186   0.139  -1.426  -4.404   0
   1.03685272   1.194   0.169  -1.393  -4.410   0
   1.03685474   1.203   0.202  -1.356  -4.415   0
   1.03685653   1.221   0.244  -1.311  -4.413   0
   1.03685725   1.243   0.285  -1.267  -4.402   0
