   0.15000001  15.200  13.635  12.058  10.117   0
   0.20000000  13.650  12.425  11.020   9.334   0
   0.25000000  12.794  11.699  10.375   8.798   0
   0.30000001  12.212  11.161   9.886   8.375   0
   0.34999999  11.763  10.742   9.503   8.039   0
   0.40000001  11.409  10.406   9.192   7.762   0
   0.44999999  10.997  10.027   8.848   7.466   0
   0.50000000  10.502   9.580   8.449   7.130   0
   0.55000001   9.933   9.075   8.002   6.762   0
   0.60000002   9.275   8.533   7.526   6.376   0
   0.64506072   8.524   7.955   7.033   5.997   0
   0.69999999   7.690   7.326   6.494   5.572   0
   0.72610158   7.295   7.032   6.247   5.375   0
   0.77444547   6.630   6.523   5.824   5.033   0
   0.80000001   6.305   6.268   5.612   4.860   0
   0.83289820   5.940   5.961   5.354   4.643   0
   0.86608100   5.583   5.658   5.098   4.424   0
   0.89513129   5.307   5.405   4.881   4.238   0
   0.89999998   5.262   5.363   4.845   4.207   0
   0.91233855   5.145   5.255   4.750   4.125   0
   0.93325460   4.948   5.071   4.590   3.986   0
   0.95207393   4.777   4.907   4.446   3.860   0
   0.96943533   4.631   4.760   4.314   3.744   0
   0.98602617   4.493   4.620   4.188   3.632   0
   1.00000000   4.377   4.504   4.082   3.538   0
   1.01187027   4.276   4.400   3.989   3.456   0
   1.02617800   4.154   4.276   3.875   3.354   0
   1.03504264   4.079   4.200   3.806   3.292   0
   1.03929639   4.046   4.165   3.774   3.263   0
   1.04645514   3.991   4.109   3.722   3.215   0
   1.05401170   3.935   4.051   3.668   3.165   0
   1.06609654   3.851   3.963   3.583   3.085   0
   1.07337594   3.801   3.911   3.532   3.036   0
   1.08470893   3.711   3.815   3.441   2.950   0
   1.09376574   3.590   3.685   3.322   2.846   0
   1.10000002   3.536   3.629   3.267   2.792   0
   1.10628366   3.483   3.572   3.213   2.740   1
   1.13414216   3.233   3.310   2.949   2.473   0
   1.15308130   3.075   3.147   2.760   2.252   0
   1.16511750   3.020   3.085   2.651   2.087   0
   1.17146206   3.108   3.149   2.647   2.017   3
   1.17560124   3.323   3.316   2.735   2.035   0
   1.17808294   3.530   3.474   2.835   2.087   0
   1.18098485   3.738   3.607   2.908   2.109   4
   1.18531823   3.762   3.568   2.819   1.979   0
   1.18824911   3.676   3.449   2.681   1.824   0
   1.19079065   3.566   3.314   2.531   1.661   0
   1.19282031   3.452   3.183   2.390   1.512   0
   1.19471753   3.332   3.045   2.243   1.356   0
   1.19645631   3.207   2.901   2.089   1.193   0
   1.19788289   3.092   2.770   1.947   1.043   0
   1.19921982   2.972   2.632   1.798   0.885   0
   1.20000005   2.896   2.543   1.701   0.782   0
   1.20061612   2.838   2.475   1.626   0.702   0
   1.20164263   2.722   2.340   1.480   0.547   0
   1.20259392   2.610   2.206   1.333   0.390   0
   1.20339596   2.509   2.080   1.194   0.239   0
   1.20415211   2.409   1.953   1.052   0.085   0
   1.20483005   2.313   1.829   0.914  -0.066   0
   1.20539474   2.226   1.711   0.780  -0.214   0
   1.20596981   2.132   1.587   0.640  -0.367   0
   1.20670795   2.051   1.474   0.510  -0.510   0
   1.20715797   2.115   1.579   0.637  -0.366   0
   1.20720673   2.121   1.589   0.649  -0.350   1
   1.20764971   2.041   1.473   0.514  -0.502   0
   1.20808494   1.955   1.353   0.377  -0.653   0
   1.20853293   1.872   1.229   0.229  -0.819   0
   1.20891857   1.788   1.108   0.089  -0.975   0
   1.20924544   1.714   0.996  -0.041  -1.121   0
   1.20953393   1.648   0.889  -0.168  -1.265   0
   1.20981801   1.595   0.786  -0.295  -1.413   0
   1.21006095   1.533   0.672  -0.434  -1.572   0
   1.21027172   1.472   0.566  -0.561  -1.717   0
   1.21045470   1.429   0.470  -0.683  -1.860   0
   1.21063244   1.360   0.355  -0.819  -2.014   0
   1.21078682   1.321   0.259  -0.940  -2.159   0
   1.21093404   1.289   0.163  -1.064  -2.309   0
   1.21104801   1.270   0.081  -1.175  -2.445   0
   1.21115768   1.250  -0.007  -1.292  -2.589   0
   1.21125913   1.234  -0.094  -1.409  -2.733   0
   1.21135080   1.232  -0.170  -1.518  -2.872   0
   1.21142983   1.242  -0.235  -1.615  -3.003   0
   1.21150529   1.224  -0.319  -1.727  -3.143   0
   1.21157002   1.254  -0.373  -1.818  -3.270   0
   1.21163201   1.280  -0.434  -1.916  -3.403   0
   1.21168602   1.304  -0.488  -2.005  -3.530   0
   1.21173632   1.297  -0.505  -2.051  -3.645   0
   1.21178401   1.283  -0.521  -2.093  -3.758   0
   1.21182621   1.287  -0.503  -2.103  -3.859   0
   1.21186757   1.247  -0.529  -2.147  -3.967   2
   1.21186757   1.865   1.498   0.657  -0.256   1
   1.21224284   1.844   1.455   0.599  -0.326   0
   1.21269774   1.829   1.435   0.576  -0.352   0
   1.21271837   1.829   1.435   0.576  -0.352   0
   1.21321988   1.821   1.431   0.574  -0.351   0
   1.21373165   1.812   1.426   0.573  -0.349   0
   1.21425414   1.800   1.419   0.570  -0.350   0
   1.21478808   1.789   1.412   0.565  -0.352   0
   1.21534562   1.779   1.405   0.561  -0.355   0
   1.21591771   1.767   1.397   0.555  -0.359   0
   1.21648252   1.756   1.388   0.549  -0.364   0
   1.21705055   1.748   1.382   0.543  -0.368   0
   1.21759689   1.739   1.374   0.536  -0.375   0
   1.21773720   1.737   1.371   0.533  -0.377   0
   1.21815097   1.731   1.365   0.527  -0.384   0
   1.21870065   1.726   1.357   0.517  -0.395   0
   1.21927810   1.718   1.346   0.504  -0.410   0
   1.21987748   1.709   1.332   0.487  -0.430   0
   1.22056520   1.694   1.310   0.460  -0.460   0
   1.22124648   1.674   1.279   0.422  -0.503   0
   1.22159588   1.657   1.256   0.395  -0.534   0
   1.22200441   1.640   1.224   0.353  -0.583   0
   1.22334957   1.586   1.113   0.209  -0.754   0
   1.22343278   1.556   1.061   0.146  -0.826   0
   1.22349727   1.497   0.957   0.017  -0.975   0
   1.22351706   1.467   0.886  -0.076  -1.088   0
   1.22353220   1.404   0.754  -0.247  -1.289   0
   1.22353935   1.360   0.654  -0.375  -1.441   0
   1.22354734   1.322   0.556  -0.503  -1.594   0
   1.22356224   1.285   0.466  -0.618  -1.731   0
   1.22360373   1.322   0.559  -0.498  -1.587   0
   1.22364020   1.328   0.578  -0.473  -1.557   1
   1.22379422   1.286   0.472  -0.610  -1.720   0
   1.22386420   1.245   0.370  -0.740  -1.876   0
   1.22392452   1.204   0.248  -0.902  -2.069   0
   1.22395933   1.173   0.153  -1.026  -2.219   0
   1.22400820   1.129   0.021  -1.199  -2.428   0
   1.22405231   1.152  -0.061  -1.326  -2.599   0
   1.22408664   1.124  -0.167  -1.467  -2.770   0
   1.22411025   1.124  -0.254  -1.590  -2.926   0
   1.22412813   1.148  -0.316  -1.690  -3.064   0
   1.22414267   1.168  -0.380  -1.791  -3.203   0
   1.22415519   1.199  -0.436  -1.884  -3.333   0
   1.22416735   1.242  -0.484  -1.971  -3.458   0
   1.22418034   1.280  -0.526  -2.051  -3.583   0
   1.22419429   1.290  -0.520  -2.076  -3.690   0
   1.22420752   1.287  -0.513  -2.103  -3.823   0
   1.22420907   1.279  -0.516  -2.115  -3.862   0
   1.22421110   1.274  -0.518  -2.121  -3.882   0
   1.22421348   1.267  -0.521  -2.129  -3.906   0
   1.22421575   1.260  -0.525  -2.137  -3.931   0
   1.22421813   1.252  -0.528  -2.145  -3.955   0
   1.22422051   1.243  -0.532  -2.153  -3.980   0
   1.22422290   1.233  -0.536  -2.161  -4.005   0
   1.22422516   1.222  -0.541  -2.169  -4.029   0
   1.22422707   1.213  -0.545  -2.176  -4.049   0
   1.22422945   1.201  -0.548  -2.182  -4.073   2
   1.22423184   1.188  -0.546  -2.179  -4.095   0
   1.22423410   1.174  -0.543  -2.176  -4.116   0
   1.22423649   1.160  -0.540  -2.174  -4.138   0
   1.22423887   1.146  -0.538  -2.171  -4.160   0
   1.22424114   1.131  -0.535  -2.168  -4.182   0
   1.22424352   1.117  -0.533  -2.165  -4.203   0
   1.22424591   1.102  -0.531  -2.162  -4.225   0
   1.22424829   1.087  -0.529  -2.159  -4.247   0
   1.22425056   1.071  -0.527  -2.156  -4.269   0
   1.22425294   1.055  -0.525  -2.153  -4.290   0
   1.22425532   1.039  -0.524  -2.150  -4.312   0
   1.22425771   1.023  -0.522  -2.147  -4.334   0
   1.22425997   1.007  -0.520  -2.144  -4.355   0
   1.22426188   0.995  -0.519  -2.142  -4.370   0
   1.22426426   0.981  -0.518  -2.140  -4.388   0
   1.22426665   0.966  -0.516  -2.137  -4.406   0
   1.22426891   0.952  -0.515  -2.135  -4.424   0
   1.22427130   0.937  -0.514  -2.132  -4.442   0
   1.22427368   0.922  -0.513  -2.130  -4.460   0
   1.22427607   0.907  -0.512  -2.127  -4.478   0
   1.22427821   0.891  -0.512  -2.125  -4.496   0
   1.22428048   0.875  -0.512  -2.123  -4.514   0
   1.22428405   0.860  -0.510  -2.120  -4.531   0
   1.22428954   0.856  -0.495  -2.102  -4.544   0
   1.22429502   0.861  -0.470  -2.074  -4.552   0
   1.22430038   0.866  -0.444  -2.046  -4.560   0
   1.22430587   0.870  -0.419  -2.017  -4.568   0
   1.22431111   0.875  -0.393  -1.989  -4.576   0
   1.22431648   0.881  -0.367  -1.960  -4.584   0
   1.22432172   0.886  -0.341  -1.931  -4.591   0
   1.22432697   0.891  -0.315  -1.902  -4.599   0
   1.22433221   0.897  -0.289  -1.873  -4.607   0
   1.22433734   0.902  -0.262  -1.843  -4.614   0
   1.22434247   0.908  -0.235  -1.814  -4.622   0
   1.22434759   0.914  -0.208  -1.783  -4.629   0
   1.22435260   0.920  -0.180  -1.753  -4.636   0
   1.22435760   0.927  -0.153  -1.722  -4.643   0
   1.22436261   0.933  -0.125  -1.691  -4.650   0
   1.22436762   0.940  -0.096  -1.660  -4.657   0
   1.22437251   0.948  -0.066  -1.626  -4.663   0
   1.22437668   0.959  -0.033  -1.590  -4.665   0
   1.22438037   0.991   0.031  -1.521  -4.653   0
   1.22438073   1.026   0.087  -1.463  -4.632   0
   1.22438073   1.032   0.096  -1.453  -4.628   0
