   0.15000001  15.206  13.640  12.061  10.120   0
   0.20000000  13.670  12.441  11.034   9.345   0
   0.25000000  12.828  11.729  10.402   8.822   0
   0.30000001  12.254  11.201   9.924   8.411   0
   0.34999999  11.805  10.785   9.545   8.079   0
   0.40000001  11.419  10.417   9.201   7.771   0
   0.44999999  11.014  10.043   8.863   7.480   0
   0.50000000  10.527   9.603   8.469   7.148   0
   0.55000001   9.963   9.102   8.027   6.784   0
   0.60000002   9.323   8.573   7.561   6.405   0
   0.61378831   9.089   8.390   7.406   6.287   0
   0.69999999   7.779   7.393   6.551   5.617   0
   0.73714948   7.237   6.989   6.212   5.348   0
   0.80000001   6.428   6.369   5.699   4.934   0
   0.82681000   6.140   6.131   5.500   4.767   0
   0.87926435   5.607   5.683   5.124   4.451   0
   0.89999998   5.425   5.517   4.983   4.331   0
   0.90214807   5.406   5.500   4.968   4.319   0
   0.93755543   5.100   5.219   4.726   4.110   0
   0.96741974   4.853   4.987   4.525   3.937   0
   0.99325055   4.661   4.795   4.354   3.790   0
   1.00000000   4.612   4.746   4.310   3.752   0
   1.02097940   4.458   4.591   4.173   3.633   0
   1.04283965   4.299   4.430   4.031   3.510   0
   1.06250656   4.159   4.288   3.904   3.400   0
   1.08069777   4.039   4.161   3.788   3.300   0
   1.09774685   3.929   4.043   3.681   3.207   0
   1.10000002   3.915   4.028   3.667   3.195   0
   1.10565782   3.878   3.988   3.632   3.165   0
   1.12321973   3.764   3.867   3.522   3.072   0
   1.14602053   3.627   3.720   3.389   2.957   0
   1.17963862   3.439   3.520   3.203   2.788   0
   1.20000005   3.334   3.409   3.094   2.683   0
   1.20753801   3.295   3.367   3.054   2.646   0
   1.23213148   3.173   3.239   2.927   2.520   1
   1.25696623   3.059   3.121   2.803   2.387   0
   1.28152394   2.954   3.015   2.682   2.246   0
   1.29357755   2.902   2.963   2.623   2.175   0
   1.29999995   2.871   2.931   2.587   2.135   0
   1.30415082   2.849   2.909   2.564   2.109   0
   1.30746257   2.828   2.887   2.541   2.086   0
   1.31419694   2.763   2.816   2.478   2.034   0
   1.31722760   2.699   2.743   2.422   2.000   0
   1.31927621   2.591   2.613   2.328   1.958   0
   1.31987703   2.502   2.503   2.247   1.922   0
   1.32019699   2.432   2.418   2.181   1.886   1
   1.32065499   2.451   2.455   2.189   1.849   0
   1.32414937   2.430   2.457   2.143   1.730   0
   1.33083749   2.426   2.469   2.105   1.623   0
   1.33567178   2.476   2.522   2.106   1.563   0
   1.33964372   2.577   2.615   2.143   1.541   0
   1.34262776   2.721   2.743   2.218   1.567   0
   1.34544718   2.937   2.919   2.336   1.634   0
   1.34768486   3.131   3.077   2.447   1.705   0
   1.35072279   3.340   3.226   2.542   1.756   0
   1.35139906   3.374   3.247   2.554   1.759   4
   1.35849667   3.339   3.137   2.384   1.541   0
   1.36306036   3.208   2.972   2.200   1.340   0
   1.36656344   3.076   2.817   2.033   1.161   0
   1.36958158   2.946   2.665   1.868   0.986   0
   1.37205100   2.827   2.527   1.719   0.828   0
   1.37415409   2.707   2.389   1.570   0.669   0
   1.37601960   2.599   2.257   1.423   0.511   0
   1.37766004   2.486   2.124   1.278   0.356   0
   1.37903011   2.380   1.999   1.141   0.210   0
   1.38028729   2.278   1.876   1.004   0.063   0
   1.38133812   2.192   1.765   0.881  -0.071   0
   1.38230550   2.104   1.653   0.756  -0.207   0
   1.38315475   2.023   1.546   0.635  -0.340   0
   1.38389826   1.946   1.445   0.521  -0.465   0
   1.38457298   1.873   1.346   0.410  -0.587   0
   1.38523459   1.811   1.259   0.308  -0.699   0
   1.38591158   1.769   1.194   0.231  -0.786   2
   1.38665390   1.827   1.294   0.355  -0.643   0
   1.38734317   1.754   1.182   0.221  -0.795   0
   1.38799679   1.672   1.064   0.085  -0.946   0
   1.38860583   1.594   0.950  -0.050  -1.096   0
   1.38917017   1.523   0.839  -0.182  -1.246   0
   1.38972259   1.446   0.718  -0.324  -1.406   0
   1.39019477   1.382   0.602  -0.464  -1.568   0
   1.39059687   1.316   0.491  -0.597  -1.719   0
   1.39094245   1.266   0.390  -0.722  -1.863   0
   1.39124334   1.228   0.300  -0.838  -2.001   0
   1.39153838   1.163   0.190  -0.969  -2.148   0
   1.39179301   1.119   0.092  -1.091  -2.293   0
   1.39201498   1.092   0.008  -1.201  -2.426   0
   1.39222658   1.056  -0.085  -1.319  -2.568   0
   1.39241135   1.051  -0.160  -1.425  -2.702   0
   1.39258564   1.030  -0.251  -1.546  -2.850   0
   1.39273775   1.013  -0.333  -1.656  -2.985   0
   1.39287925   1.015  -0.405  -1.760  -3.120   0
   1.39300287   1.013  -0.474  -1.858  -3.247   0
   1.39311767   1.011  -0.545  -1.959  -3.377   0
   1.39321899   1.033  -0.601  -2.048  -3.498   0
   1.39331281   1.064  -0.651  -2.134  -3.619   0
   1.39339328   1.083  -0.704  -2.217  -3.731   0
   1.39347076   1.084  -0.724  -2.265  -3.837   0
   1.39354384   1.082  -0.728  -2.295  -3.939   0
   1.39359152   1.077  -0.730  -2.312  -4.004   2
   1.39359152   1.747   1.402   0.576  -0.326   1
   1.39431429   1.735   1.367   0.524  -0.390   0
   1.39496195   1.724   1.351   0.506  -0.410   0
   1.39520717   1.720   1.348   0.504  -0.412   0
   1.39612329   1.710   1.343   0.501  -0.413   0
   1.39706540   1.700   1.336   0.497  -0.415   0
   1.39803565   1.689   1.327   0.491  -0.420   0
   1.39902925   1.677   1.319   0.484  -0.425   0
   1.40004230   1.665   1.309   0.476  -0.430   0
   1.40109646   1.653   1.300   0.469  -0.437   0
   1.40212739   1.641   1.289   0.459  -0.445   0
   1.40314579   1.629   1.279   0.450  -0.453   0
   1.40416312   1.614   1.266   0.440  -0.462   0
   1.40458465   1.610   1.262   0.436  -0.466   0
   1.40518260   1.605   1.256   0.430  -0.472   0
   1.40622723   1.594   1.245   0.417  -0.485   0
   1.40733910   1.582   1.231   0.403  -0.500   0
   1.40850317   1.570   1.215   0.385  -0.520   0
   1.40964949   1.557   1.196   0.361  -0.547   0
   1.41094160   1.546   1.172   0.329  -0.585   0
   1.41166782   1.536   1.154   0.305  -0.615   0
   1.41246343   1.516   1.122   0.265  -0.660   0
   1.41496515   1.452   1.016   0.132  -0.815   0
   1.41512752   1.430   0.964   0.065  -0.895   0
   1.41525328   1.376   0.868  -0.055  -1.034   0
   1.41529131   1.330   0.793  -0.145  -1.137   0
   1.41532099   1.265   0.662  -0.312  -1.333   0
   1.41533566   1.207   0.553  -0.451  -1.494   0
   1.41535234   1.160   0.444  -0.590  -1.660   0
   1.41537499   1.132   0.377  -0.676  -1.762   0
   1.41547906   1.170   0.474  -0.551  -1.613   0
   1.41552424   1.174   0.482  -0.542  -1.602   1
   1.41580248   1.128   0.382  -0.668  -1.750   0
   1.41593361   1.102   0.291  -0.789  -1.899   0
   1.41604841   1.036   0.157  -0.955  -2.092   0
   1.41611433   1.010   0.061  -1.086  -2.251   0
   1.41618013   0.966  -0.042  -1.216  -2.404   0
   1.41624558   0.930  -0.132  -1.331  -2.541   0
   1.41630733   0.935  -0.205  -1.437  -2.680   0
   1.41636014   0.936  -0.277  -1.543  -2.815   0
   1.41641080   0.905  -0.387  -1.686  -2.988   0
   1.41644120   0.902  -0.460  -1.789  -3.118   0
   1.41646731   0.921  -0.521  -1.886  -3.250   0
   1.41649091   0.945  -0.578  -1.978  -3.378   0
   1.41651332   0.963  -0.641  -2.075  -3.509   0
   1.41653609   1.003  -0.690  -2.163  -3.635   0
   1.41656196   1.051  -0.737  -2.250  -3.762   0
   1.41658437   1.067  -0.747  -2.294  -3.880   0
   1.41658771   1.071  -0.740  -2.314  -3.976   0
   1.41659081   1.067  -0.739  -2.325  -4.026   0
   1.41659498   1.062  -0.742  -2.333  -4.051   0
   1.41659915   1.056  -0.745  -2.341  -4.076   0
   1.41660333   1.050  -0.748  -2.349  -4.100   0
   1.41660762   1.043  -0.751  -2.357  -4.126   0
   1.41661096   1.037  -0.754  -2.364  -4.146   0
   1.41661429   1.030  -0.757  -2.370  -4.167   0
   1.41661847   1.021  -0.761  -2.379  -4.192   0
   1.41662180   1.013  -0.764  -2.386  -4.212   0
   1.41662598   1.003  -0.768  -2.394  -4.238   0
   1.41663015   0.992  -0.773  -2.403  -4.263   0
   1.41663432   0.979  -0.778  -2.411  -4.289   0
   1.41663849   0.966  -0.780  -2.415  -4.313   3
   1.41664267   0.952  -0.777  -2.412  -4.335   0
   1.41664684   0.938  -0.775  -2.409  -4.358   0
   1.41665018   0.926  -0.772  -2.406  -4.376   0
   1.41665447   0.911  -0.770  -2.403  -4.398   0
   1.41665864   0.896  -0.768  -2.400  -4.421   0
   1.41666281   0.881  -0.766  -2.397  -4.443   0
   1.41666698   0.865  -0.763  -2.395  -4.466   0
   1.41667116   0.849  -0.761  -2.392  -4.489   0
   1.41667533   0.832  -0.760  -2.389  -4.511   0
   1.41667950   0.816  -0.758  -2.386  -4.534   0
   1.41668367   0.799  -0.756  -2.383  -4.556   0
   1.41668785   0.785  -0.754  -2.379  -4.575   0
   1.41669893   0.769  -0.751  -2.375  -4.595   0
   1.41671002   0.752  -0.749  -2.372  -4.617   0
   1.41672087   0.735  -0.748  -2.369  -4.639   0
   1.41673172   0.717  -0.746  -2.365  -4.660   0
   1.41674256   0.699  -0.744  -2.362  -4.682   0
   1.41675317   0.680  -0.743  -2.358  -4.704   0
   1.41676378   0.660  -0.743  -2.356  -4.726   0
   1.41677427   0.641  -0.741  -2.352  -4.747   0
   1.41678476   0.624  -0.739  -2.348  -4.768   0
   1.41679513   0.629  -0.713  -2.320  -4.777   0
   1.41680551   0.633  -0.688  -2.291  -4.785   0
   1.41681576   0.638  -0.662  -2.262  -4.794   0
   1.41682589   0.643  -0.636  -2.233  -4.802   0
   1.41683602   0.648  -0.610  -2.204  -4.810   0
   1.41684604   0.653  -0.583  -2.175  -4.818   0
   1.41685593   0.659  -0.557  -2.145  -4.826   0
   1.41686583   0.664  -0.530  -2.116  -4.834   0
   1.41687572   0.670  -0.503  -2.085  -4.842   0
   1.41688538   0.675  -0.476  -2.055  -4.849   0
   1.41689503   0.681  -0.448  -2.025  -4.857   0
   1.41690457   0.687  -0.421  -1.994  -4.864   0
   1.41691411   0.693  -0.393  -1.963  -4.872   0
   1.41692352   0.700  -0.364  -1.932  -4.879   0
   1.41693282   0.707  -0.336  -1.900  -4.886   0
   1.41694140   0.715  -0.306  -1.867  -4.892   0
   1.41694880   0.728  -0.270  -1.828  -4.892   0
   1.41695356   0.755  -0.218  -1.773  -4.881   0
   1.41695428   0.780  -0.177  -1.730  -4.865   0
   1.41695428   0.799  -0.147  -1.698  -4.854   0
   1.41695428   0.826  -0.104  -1.653  -4.836   0
