   0.15000001  15.203  13.638  12.060  10.118   0
   0.20000000  13.661  12.434  11.028   9.340   0
   0.25000000  12.813  11.716  10.390   8.812   0
   0.30000001  12.235  11.184   9.907   8.395   0
   0.34999999  11.787  10.766   9.526   8.062   0
   0.40000001  11.415  10.412   9.197   7.767   0
   0.44999999  11.006  10.036   8.856   7.474   0
   0.50000000  10.516   9.593   8.460   7.140   0
   0.55000001   9.949   9.089   8.015   6.773   0
   0.60000002   9.302   8.555   7.545   6.392   0
   0.68392992   7.966   7.533   6.670   5.714   0
   0.69999999   7.740   7.363   6.525   5.597   0
   0.76547694   6.813   6.665   5.942   5.130   0
   0.80000001   6.373   6.324   5.661   4.902   0
   0.83551693   5.989   6.004   5.392   4.676   0
   0.87650853   5.568   5.646   5.090   4.420   0
   0.89999998   5.355   5.452   4.924   4.279   0
   0.92717892   5.110   5.225   4.728   4.110   0
   0.95193529   4.891   5.022   4.552   3.957   0
   0.97375911   4.717   4.849   4.398   3.823   0
   0.99339521   4.564   4.695   4.261   3.704   0
   1.00000000   4.514   4.644   4.216   3.664   1
   1.00121844   4.504   4.635   4.207   3.657   0
   1.02010047   4.356   4.486   4.074   3.541   0
   1.03756559   4.221   4.348   3.950   3.432   0
   1.05393422   4.095   4.220   3.835   3.331   0
   1.06883681   3.988   4.107   3.731   3.239   0
   1.07807004   3.924   4.039   3.669   3.184   0
   1.08354247   3.889   4.001   3.633   3.152   0
   1.09271085   3.829   3.938   3.575   3.099   0
   1.10000002   3.784   3.889   3.529   3.057   0
   1.10570157   3.748   3.851   3.493   3.025   0
   1.13047481   3.604   3.699   3.347   2.886   1
   1.16108572   3.443   3.532   3.176   2.710   0
   1.17921150   3.348   3.433   3.073   2.601   0
   1.18694580   3.301   3.385   3.024   2.551   0
   1.19208884   3.256   3.336   2.979   2.510   0
   1.20000005   3.153   3.224   2.882   2.433   0
   1.20029140   3.147   3.217   2.876   2.429   0
   1.20234811   3.038   3.095   2.780   2.367   0
   1.20306683   2.966   3.011   2.711   2.322   0
   1.20318139   2.956   3.001   2.702   2.315   1
   1.21187973   2.892   2.943   2.620   2.196   0
   1.23266792   2.777   2.837   2.464   1.973   0
   1.24388862   2.809   2.867   2.423   1.850   3
   1.24921095   2.944   2.977   2.468   1.830   0
   1.25280154   3.129   3.126   2.554   1.861   0
   1.25485086   3.279   3.241   2.627   1.899   0
   1.25678766   3.422   3.350   2.698   1.938   0
   1.25930595   3.578   3.452   2.757   1.962   4
   1.26481354   3.600   3.413   2.670   1.835   0
   1.26884747   3.511   3.291   2.528   1.674   0
   1.27205229   3.403   3.159   2.381   1.516   0
   1.27473855   3.288   3.026   2.239   1.365   0
   1.27714074   3.171   2.891   2.094   1.211   0
   1.27937233   3.047   2.748   1.940   1.048   0
   1.28130424   2.927   2.610   1.790   0.889   0
   1.28292739   2.811   2.477   1.648   0.738   0
   1.28442919   2.698   2.342   1.499   0.580   0
   1.28570032   2.591   2.215   1.359   0.430   0
   1.28687811   2.479   2.081   1.211   0.272   0
   1.28787076   2.373   1.954   1.073   0.124   0
   1.28880632   2.278   1.829   0.933  -0.030   0
   1.28964496   2.180   1.702   0.791  -0.185   0
   1.29034328   2.093   1.587   0.661  -0.328   0
   1.29105449   2.006   1.467   0.524  -0.479   0
   1.29196715   1.916   1.347   0.387  -0.628   2
   1.29247570   1.978   1.443   0.502  -0.498   0
   1.29253078   1.984   1.454   0.515  -0.484   0
   1.29307413   1.907   1.342   0.386  -0.627   0
   1.29360783   1.830   1.230   0.254  -0.775   0
   1.29415715   1.740   1.101   0.104  -0.941   0
   1.29463005   1.663   0.983  -0.035  -1.098   0
   1.29503071   1.597   0.878  -0.160  -1.240   0
   1.29538429   1.535   0.774  -0.284  -1.382   0
   1.29573250   1.464   0.656  -0.424  -1.540   0
   1.29603028   1.408   0.550  -0.554  -1.690   0
   1.29628861   1.350   0.444  -0.683  -1.837   0
   1.29651284   1.306   0.350  -0.801  -1.976   0
   1.29673052   1.250   0.243  -0.931  -2.125   0
   1.29691970   1.216   0.152  -1.048  -2.267   0
   1.29710019   1.179   0.053  -1.174  -2.418   0
   1.29723990   1.157  -0.027  -1.280  -2.547   0
   1.29737413   1.144  -0.106  -1.388  -2.681   0
   1.29749846   1.131  -0.189  -1.501  -2.821   0
   1.29761076   1.126  -0.266  -1.609  -2.959   0
   1.29770756   1.129  -0.332  -1.705  -3.084   0
   1.29780006   1.123  -0.406  -1.808  -3.216   0
   1.29787934   1.131  -0.469  -1.902  -3.339   0
   1.29795527   1.164  -0.520  -1.989  -3.463   0
   1.29802144   1.185  -0.573  -2.074  -3.579   0
   1.29808307   1.196  -0.606  -2.138  -3.693   0
   1.29814148   1.194  -0.612  -2.171  -3.796   0
   1.29819322   1.190  -0.612  -2.195  -3.891   0
   1.29824388   1.173  -0.618  -2.221  -3.988   2
   1.29824388   1.809   1.450   0.615  -0.294   1
   1.29876530   1.798   1.417   0.565  -0.356   0
   1.29935837   1.792   1.402   0.545  -0.381   0
   1.29940462   1.791   1.401   0.545  -0.382   0
   1.30007696   1.784   1.398   0.544  -0.380   0
   1.30076766   1.770   1.390   0.539  -0.381   0
   1.30147386   1.755   1.380   0.533  -0.384   0
   1.30219591   1.736   1.368   0.526  -0.387   0
   1.30293822   1.725   1.359   0.521  -0.391   0
   1.30370951   1.715   1.352   0.514  -0.396   0
   1.30446327   1.704   1.342   0.507  -0.402   0
   1.30521369   1.694   1.334   0.500  -0.409   0
   1.30594695   1.683   1.325   0.492  -0.416   0
   1.30652070   1.676   1.318   0.485  -0.422   0
   1.30667555   1.674   1.316   0.483  -0.424   0
   1.30742645   1.665   1.306   0.472  -0.435   0
   1.30820847   1.656   1.294   0.459  -0.450   0
   1.30915666   1.643   1.277   0.439  -0.472   0
   1.30990314   1.637   1.263   0.419  -0.496   0
   1.31106567   1.621   1.232   0.379  -0.544   0
   1.31141913   1.608   1.214   0.357  -0.568   0
   1.31187296   1.589   1.185   0.321  -0.609   0
   1.31357360   1.534   1.083   0.191  -0.762   0
   1.31404769   1.498   1.013   0.102  -0.867   0
   1.31413400   1.435   0.908  -0.025  -1.012   0
   1.31416047   1.399   0.835  -0.118  -1.122   0
   1.31418133   1.337   0.705  -0.286  -1.321   0
   1.31419182   1.285   0.597  -0.424  -1.482   0
   1.31420338   1.249   0.497  -0.555  -1.641   0
   1.31421971   1.216   0.424  -0.646  -1.748   0
   1.31428123   1.249   0.518  -0.524  -1.600   0
   1.31432331   1.256   0.533  -0.504  -1.577   1
   1.31452239   1.217   0.435  -0.631  -1.728   0
   1.31461692   1.178   0.337  -0.757  -1.878   0
   1.31469977   1.131   0.218  -0.911  -2.062   0
   1.31474519   1.095   0.120  -1.039  -2.214   0
   1.31479084   1.049   0.016  -1.170  -2.368   0
   1.31483424   1.035  -0.064  -1.278  -2.503   0
   1.31489205   1.051  -0.150  -1.409  -2.677   0
   1.31493640   1.025  -0.256  -1.551  -2.850   0
   1.31496286   1.019  -0.334  -1.660  -2.986   0
   1.31498539   1.035  -0.401  -1.763  -3.125   0
   1.31500435   1.059  -0.464  -1.864  -3.264   0
   1.31502116   1.096  -0.515  -1.952  -3.391   0
   1.31503797   1.121  -0.575  -2.049  -3.523   0
   1.31505513   1.163  -0.624  -2.137  -3.649   0
   1.31507373   1.188  -0.623  -2.170  -3.759   0
   1.31508803   1.187  -0.619  -2.198  -3.883   0
   1.31509089   1.165  -0.629  -2.232  -3.993   0
   1.31509197   1.159  -0.632  -2.239  -4.013   0
   1.31509519   1.151  -0.635  -2.247  -4.038   0
   1.31509829   1.143  -0.639  -2.255  -4.063   0
   1.31510150   1.134  -0.643  -2.263  -4.088   0
   1.31510460   1.124  -0.647  -2.272  -4.113   0
   1.31510770   1.113  -0.652  -2.280  -4.138   0
   1.31511092   1.101  -0.656  -2.289  -4.163   0
   1.31511402   1.088  -0.659  -2.294  -4.188   2
   1.31511724   1.075  -0.656  -2.291  -4.210   0
   1.31512034   1.061  -0.654  -2.288  -4.232   0
   1.31512344   1.046  -0.651  -2.285  -4.254   0
   1.31512666   1.032  -0.649  -2.282  -4.277   0
   1.31512976   1.017  -0.646  -2.279  -4.299   0
   1.31513298   1.002  -0.644  -2.276  -4.321   0
   1.31513608   0.986  -0.642  -2.273  -4.343   0
   1.31513929   0.970  -0.640  -2.270  -4.366   0
   1.31514239   0.954  -0.638  -2.267  -4.388   0
   1.31514490   0.941  -0.637  -2.265  -4.406   0
   1.31514740   0.928  -0.635  -2.262  -4.423   0
   1.31514990   0.915  -0.634  -2.260  -4.441   0
   1.31515253   0.901  -0.633  -2.258  -4.459   0
   1.31515563   0.885  -0.631  -2.255  -4.480   0
   1.31515872   0.870  -0.630  -2.252  -4.499   0
   1.31516194   0.855  -0.629  -2.250  -4.517   0
   1.31516504   0.844  -0.626  -2.246  -4.532   0
   1.31517291   0.826  -0.624  -2.243  -4.553   0
   1.31518078   0.808  -0.623  -2.239  -4.575   0
   1.31518841   0.790  -0.621  -2.236  -4.596   0
   1.31519616   0.770  -0.621  -2.233  -4.618   0
   1.31520379   0.752  -0.619  -2.229  -4.639   0
   1.31521142   0.747  -0.603  -2.211  -4.653   0
   1.31521893   0.752  -0.578  -2.182  -4.661   0
   1.31522644   0.757  -0.552  -2.153  -4.669   0
   1.31523383   0.762  -0.526  -2.125  -4.677   0
   1.31524122   0.767  -0.500  -2.096  -4.685   0
   1.31524849   0.772  -0.474  -2.067  -4.693   0
   1.31525576   0.777  -0.447  -2.037  -4.701   0
   1.31526303   0.783  -0.421  -2.008  -4.709   0
   1.31527019   0.788  -0.394  -1.978  -4.717   0
   1.31527734   0.794  -0.367  -1.948  -4.725   0
   1.31528425   0.800  -0.340  -1.918  -4.732   0
   1.31529129   0.806  -0.312  -1.887  -4.740   0
   1.31529832   0.812  -0.284  -1.856  -4.747   0
   1.31530511   0.818  -0.256  -1.825  -4.754   0
   1.31531191   0.825  -0.228  -1.794  -4.761   0
   1.31531882   0.832  -0.199  -1.761  -4.768   0
   1.31532490   0.840  -0.169  -1.728  -4.773   0
   1.31533039   0.856  -0.129  -1.685  -4.772   0
   1.31533313   0.886  -0.075  -1.628  -4.758   0
   1.31533349   0.914  -0.030  -1.580  -4.740   0
   1.31533349   0.935   0.004  -1.545  -4.727   0
