   0.15000001  15.217  13.648  12.068  10.124   0
   0.20000000  13.704  12.469  11.059   9.365   0
   0.25000000  12.885  11.780  10.449   8.864   0
   0.30000001  12.325  11.270   9.989   8.471   0
   0.34999999  11.880  10.859   9.617   8.149   0
   0.40000001  11.437  10.434   9.217   7.785   0
   0.44999999  11.041  10.069   8.888   7.502   0
   0.50000000  10.569   9.642   8.505   7.179   0
   0.55000001  10.017   9.152   8.073   6.824   0
   0.60000002   9.408   8.646   7.629   6.463   0
   0.69999999   7.948   7.523   6.664   5.711   0
   0.80000001   6.660   6.556   5.859   5.070   0
   0.89999998   5.704   5.777   5.212   4.535   0
   1.00000000   4.961   5.100   4.636   4.047   0
   1.10000002   4.365   4.507   4.120   3.614   0
   1.20000005   3.875   3.985   3.663   3.244   0
   1.29999995   3.451   3.501   3.251   2.946   0
   1.39999998   3.086   3.077   2.901   2.716   0
   1.50000000   2.768   2.733   2.625   2.532   0
   1.59672701   2.484   2.471   2.415   2.384   0
   1.60000002   2.475   2.463   2.408   2.379   0
   1.70000005   2.207   2.246   2.228   2.238   0
   1.79999995   1.968   2.062   2.071   2.104   0
   1.89999998   1.754   1.905   1.937   1.986   0
   1.92318487   1.707   1.871   1.906   1.958   0
   2.00000000   1.554   1.760   1.808   1.870   0
   2.20000005   1.208   1.503   1.575   1.655   0
   2.50000000   0.773   1.173   1.267   1.369   0
   3.00000000   0.187   0.710   0.830   0.958   0
   3.50000000  -0.280   0.327   0.467   0.614   0
   4.00000000  -0.674  -0.003   0.153   0.317   0
   4.50000000  -1.013  -0.292  -0.122   0.055   0
   5.00000000  -1.313  -0.547  -0.367  -0.177   0
   5.80542088  -1.758  -0.935  -0.739  -0.533   0
   6.00000000  -1.857  -1.022  -0.823  -0.613   0
   7.00000000  -2.325  -1.433  -1.217  -0.991   0
   7.97199965  -2.735  -1.799  -1.572  -1.333   0
   9.00000000  -3.135  -2.160  -1.923  -1.672   0
   9.55618286  -3.329  -2.337  -2.095  -1.839   0
  11.97305489  -4.159  -3.108  -2.848  -2.572   0
  12.00000000  -4.169  -3.117  -2.857  -2.581   0
  13.70385361  -4.726  -3.651  -3.383  -3.102   1
  15.00000000  -5.182  -4.098  -3.831  -3.552   0
  16.27099991  -5.632  -4.559  -4.298  -4.027   0
  17.27169037  -6.050  -5.010  -4.761  -4.508   0
  17.68882561  -6.269  -5.242  -5.004  -4.764   0
  17.91721916  -6.380  -5.360  -5.126  -4.890   0
  17.98327827  -6.390  -5.363  -5.127  -4.889   3
  18.04241562  -6.346  -5.299  -5.052  -4.800   0
  18.05022812  -6.339  -5.271  -5.014  -4.751   0
  18.05131912  -6.340  -5.268  -5.010  -4.745   0
  18.05453110  -6.354  -5.299  -5.047  -4.790   0
  18.05569839  -6.397  -5.352  -5.106  -4.857   0
  18.05694962  -6.481  -5.446  -5.209  -4.970   0
  18.05800819  -6.551  -5.537  -5.307  -5.077   0
  18.05897141  -6.622  -5.628  -5.404  -5.183   0
  18.05983734  -6.691  -5.720  -5.502  -5.290   0
  18.06060600  -6.753  -5.806  -5.594  -5.388   0
  18.06128120  -6.806  -5.888  -5.681  -5.483   0
  18.06195450  -6.860  -5.971  -5.769  -5.577   0
  18.06262779  -6.933  -6.058  -5.866  -5.687   0
  18.06330109  -7.015  -6.152  -5.971  -5.806   0
  18.06397629  -7.084  -6.252  -6.078  -5.925   0
  18.06445694  -7.137  -6.330  -6.162  -6.019   0
  18.06513786  -7.210  -6.441  -6.284  -6.154   0
  18.06570625  -7.270  -6.547  -6.398  -6.280   0
  18.06627274  -7.331  -6.652  -6.512  -6.408   0
  18.06672668  -7.403  -6.739  -6.616  -6.532   0
  18.06729507  -7.464  -6.870  -6.756  -6.684   0
  18.06774902  -7.510  -6.997  -6.889  -6.827   0
  18.06809044  -7.549  -7.092  -6.992  -6.941   0
  18.06843185  -7.588  -7.194  -7.103  -7.065   0
  18.06888390  -7.648  -7.311  -7.241  -7.232   0
  18.06922531  -7.689  -7.421  -7.369  -7.386   0
  18.06968117  -7.693  -7.560  -7.528  -7.573   0
  18.06990623  -7.707  -7.593  -7.591  -7.672   0
  18.07013321  -7.675  -7.655  -7.670  -7.773   0
  18.07047462  -7.591  -7.710  -7.754  -7.900   0
  18.07081604  -7.443  -7.671  -7.779  -8.017   3
  18.07126999  -7.175  -7.461  -7.740  -8.156   0
  18.07183838  -6.596  -6.969  -7.571  -8.270   0
  18.07229233  -5.502  -6.250  -7.248  -8.245   0
  18.07274628  -4.477  -5.665  -6.916  -8.108   0
  18.07321548  -4.073  -5.499  -6.862  -8.149   4
  18.07333183  -4.033  -5.513  -6.900  -8.208   0
  18.07368279  -4.007  -5.565  -6.987  -8.325   0
  18.07391739  -4.007  -5.611  -7.054  -8.409   0
  18.07450294  -4.004  -5.664  -7.132  -8.507   0
  18.07789803  -3.980  -5.709  -7.209  -8.608   2
  18.11286736  -4.047  -5.697  -7.161  -8.531   0
  18.15134621  -4.145  -5.702  -7.125  -8.459   0
  18.21163940  -4.343  -5.779  -7.149  -8.436   0
  18.23026848  -4.587  -5.913  -7.235  -8.476   0
  18.23383904  -5.859  -6.608  -7.600  -8.588   0
  18.23471260  -6.466  -6.965  -7.729  -8.552   0
  18.23516655  -6.659  -7.092  -7.770  -8.527   0
  18.23584747  -6.848  -7.225  -7.811  -8.495   0
  18.23717308  -7.036  -7.368  -7.852  -8.451   0
  18.23875809  -7.137  -7.452  -7.872  -8.415   0
  18.24034309  -7.198  -7.504  -7.886  -8.394   0
  18.24196434  -7.239  -7.539  -7.894  -8.379   0
  18.24523354  -7.292  -7.586  -7.905  -8.358   0
  18.24980354  -7.349  -7.638  -7.919  -8.338   0
  18.25479889  -7.400  -7.685  -7.933  -8.322   0
  18.26125336  -7.451  -7.728  -7.946  -8.304   0
  18.26781464  -7.494  -7.764  -7.957  -8.290   0
  18.27572441  -7.539  -7.802  -7.970  -8.277   0
  18.28881264  -7.743  -7.949  -8.031  -8.237   3
  18.39461136  -7.637  -6.961  -6.838  -6.753   1
  18.41274643  -7.654  -6.977  -6.857  -6.777   0
  18.42536545  -7.670  -6.996  -6.879  -6.802   0
  18.43445396  -7.679  -7.018  -6.902  -6.826   0
  18.44246674  -7.690  -7.043  -6.928  -6.854   0
  18.51694107  -7.755  -7.202  -7.092  -7.028   0
  18.57689667  -7.802  -7.317  -7.212  -7.155   0
  18.62484741  -7.850  -7.417  -7.321  -7.275   0
  18.66147614  -7.889  -7.517  -7.430  -7.397   0
  18.68858528  -7.940  -7.602  -7.531  -7.522   0
  18.71000481  -7.978  -7.689  -7.634  -7.647   0
  18.72606277  -7.990  -7.778  -7.733  -7.761   0
  18.73805237  -7.989  -7.853  -7.819  -7.859   0
  18.75008965  -8.005  -7.893  -7.894  -7.978   0
  18.75798798  -7.981  -7.934  -7.954  -8.060   0
  18.76451111  -7.947  -7.966  -8.002  -8.129   0
  18.76964569  -7.910  -8.002  -8.047  -8.188   0
  18.77338600  -7.857  -8.002  -8.062  -8.231   0
  18.77713013  -7.798  -8.000  -8.076  -8.276   3
  18.78041267  -7.720  -7.955  -8.073  -8.324   0
  18.78369522  -7.625  -7.889  -8.063  -8.376   0
  18.78557396  -7.552  -7.830  -8.050  -8.410   0
  18.78745461  -7.464  -7.755  -8.031  -8.446   0
  18.78933525  -7.358  -7.660  -8.007  -8.484   0
  18.79168892  -7.198  -7.522  -7.964  -8.525   0
  18.79263115  -7.103  -7.441  -7.937  -8.545   0
  18.79404449  -6.917  -7.296  -7.882  -8.565   0
  18.79545784  -6.611  -7.075  -7.792  -8.579   0
  18.79687309  -6.068  -6.720  -7.634  -8.567   0
  18.79828835  -5.482  -6.370  -7.453  -8.510   0
  18.80017662  -4.694  -5.931  -7.207  -8.414   0
  18.80335999  -4.346  -5.816  -7.201  -8.501   4
  18.80761147  -4.317  -5.833  -7.238  -8.555   0
  18.82682800  -4.296  -5.849  -7.271  -8.603   0
  18.86570168  -4.265  -5.872  -7.318  -8.669   0
  18.90849113  -4.227  -5.889  -7.361  -8.733   0
  18.96666527  -4.156  -5.926  -7.445  -8.859   0
  18.97934723  -4.223  -6.058  -7.603  -9.049   0
