   0.15000001  15.217  13.648  12.067  10.124   0
   0.20000000  13.702  12.468  11.058   9.364   0
   0.25000000  12.883  11.778  10.447   8.862   0
   0.30000001  12.322  11.267   9.987   8.469   0
   0.34999999  11.877  10.856   9.614   8.147   0
   0.40000001  11.436  10.433   9.217   7.785   0
   0.44999999  11.040  10.068   8.887   7.502   0
   0.50000000  10.567   9.640   8.504   7.178   0
   0.55000001  10.015   9.150   8.071   6.822   0
   0.60000002   9.404   8.643   7.625   6.460   0
   0.69999999   7.940   7.516   6.658   5.706   0
   0.80000001   6.648   6.546   5.850   5.062   0
   0.89999998   5.685   5.759   5.195   4.519   0
   1.00000000   4.942   5.081   4.619   4.031   0
   1.10000002   4.345   4.486   4.100   3.595   0
   1.20000005   3.851   3.959   3.639   3.222   0
   1.29999995   3.427   3.475   3.226   2.922   0
   1.39999998   3.060   3.048   2.874   2.691   0
   1.50000000   2.734   2.698   2.592   2.501   0
   1.60000002   2.437   2.424   2.370   2.340   0
   1.70000005   2.164   2.199   2.180   2.188   0
   1.79999995   1.919   2.005   2.012   2.042   0
   1.89999998   1.692   1.831   1.859   1.904   0
   1.99609172   1.495   1.679   1.722   1.778   0
   2.00000000   1.487   1.673   1.716   1.773   0
   2.20000005   1.110   1.377   1.443   1.517   0
   2.50000000   0.623   0.991   1.079   1.173   0
   2.54935431   0.551   0.932   1.023   1.119   0
   2.94328237   0.006   0.479   0.590   0.704   0
   3.00000000  -0.070   0.415   0.528   0.645   0
   3.27097392  -0.405   0.125   0.249   0.375   0
   3.50000000  -0.685  -0.123   0.009   0.141   0
   3.54844785  -0.740  -0.173  -0.039   0.094   0
   3.76681852  -0.994  -0.405  -0.266  -0.127   0
   3.95127988  -1.218  -0.615  -0.472  -0.330   0
   4.00000000  -1.280  -0.674  -0.530  -0.388   0
   4.12404251  -1.442  -0.831  -0.685  -0.542   0
   4.26025391  -1.632  -1.019  -0.872  -0.730   1
   4.37655067  -1.808  -1.198  -1.052  -0.912   0
   4.47634649  -1.974  -1.371  -1.226  -1.090   0
   4.50000000  -2.016  -1.417  -1.273  -1.138   0
   4.56539297  -2.135  -1.545  -1.402  -1.271   0
   4.63935947  -2.283  -1.708  -1.568  -1.442   0
   4.67217731  -2.352  -1.784  -1.646  -1.523   0
   4.70253277  -2.417  -1.855  -1.718  -1.597   0
   4.72112322  -2.455  -1.893  -1.756  -1.635   0
   4.73578787  -2.480  -1.912  -1.774  -1.651   3
   4.74611378  -2.489  -1.905  -1.764  -1.637   0
   4.75322962  -2.478  -1.863  -1.714  -1.578   0
   4.75528574  -2.474  -1.833  -1.677  -1.533   0
   4.75647831  -2.481  -1.812  -1.651  -1.498   0
   4.75663424  -2.468  -1.803  -1.642  -1.491   0
   4.75697803  -2.432  -1.795  -1.641  -1.497   0
   4.75732231  -2.490  -1.884  -1.737  -1.603   0
   4.75775671  -2.615  -2.039  -1.899  -1.775   0
   4.75828171  -2.736  -2.195  -2.062  -1.950   0
   4.75893307  -2.841  -2.344  -2.220  -2.122   0
   4.75949383  -2.913  -2.455  -2.339  -2.252   0
   4.76009083  -2.980  -2.567  -2.460  -2.386   0
   4.76074171  -3.040  -2.685  -2.588  -2.528   0
   4.76119375  -3.076  -2.768  -2.678  -2.630   0
   4.76163912  -3.103  -2.848  -2.767  -2.731   0
   4.76208448  -3.124  -2.933  -2.863  -2.842   0
   4.76252985  -3.132  -3.016  -2.961  -2.958   0
   4.76299143  -3.115  -3.096  -3.062  -3.084   0
   4.76343632  -3.063  -3.149  -3.150  -3.213   0
   4.76365852  -3.016  -3.156  -3.185  -3.281   0
   4.76388073  -2.953  -3.139  -3.205  -3.349   3
   4.76410294  -2.871  -3.075  -3.199  -3.415   0
   4.76432514  -2.768  -2.958  -3.170  -3.483   0
   4.76454735  -2.634  -2.797  -3.113  -3.546   0
   4.76476955  -2.435  -2.586  -3.024  -3.593   0
   4.76499176  -2.131  -2.319  -2.907  -3.613   0
   4.76521349  -1.775  -2.054  -2.771  -3.580   0
   4.76555490  -1.324  -1.733  -2.571  -3.475   0
   4.76570845  -1.180  -1.646  -2.530  -3.468   4
   4.76597500  -1.071  -1.663  -2.621  -3.619   0
   4.76615238  -1.058  -1.727  -2.729  -3.761   0
   4.76638317  -1.084  -1.809  -2.843  -3.899   0
   4.76686192  -1.101  -1.888  -2.954  -4.035   0
   4.76753616  -1.113  -1.967  -3.065  -4.173   0
   4.76824522  -1.123  -2.047  -3.179  -4.315   0
   4.76900768  -1.147  -2.124  -3.279  -4.435   0
   4.77090263  -1.164  -2.176  -3.349  -4.518   2
   4.79328632  -1.176  -2.121  -3.262  -4.404   0
   4.81017208  -1.178  -2.056  -3.164  -4.280   0
   4.82442284  -1.195  -2.002  -3.076  -4.163   0
   4.84016991  -1.223  -1.957  -2.994  -4.050   0
   4.85933161  -1.336  -1.983  -2.969  -3.986   4
   4.87341595  -1.864  -2.330  -3.197  -4.119   0
   4.87868118  -2.396  -2.688  -3.388  -4.182   0
   4.88250208  -2.773  -2.971  -3.510  -4.172   0
   4.88568830  -2.980  -3.157  -3.587  -4.145   0
   4.88820696  -3.098  -3.280  -3.636  -4.117   0
   4.89067125  -3.191  -3.383  -3.677  -4.087   0
   4.89309883  -3.268  -3.471  -3.706  -4.052   0
   4.89555931  -3.335  -3.546  -3.729  -4.018   0
   4.89854050  -3.409  -3.624  -3.750  -3.976   0
   4.90141487  -3.470  -3.669  -3.756  -3.937   0
   4.90477324  -3.534  -3.709  -3.759  -3.892   3
   4.90816307  -3.586  -3.723  -3.747  -3.847   0
   4.91191387  -3.634  -3.728  -3.729  -3.801   0
   4.91659594  -3.678  -3.719  -3.700  -3.750   0
   4.92258596  -3.712  -3.704  -3.671  -3.704   0
   4.93035984  -3.738  -3.701  -3.662  -3.687   0
   4.94382954  -3.754  -3.768  -3.741  -3.781   0
   4.95448732  -3.740  -3.824  -3.822  -3.891   0
   4.96225643  -3.720  -3.852  -3.873  -3.971   0
   4.96804571  -3.689  -3.863  -3.911  -4.043   0
   4.97312069  -3.640  -3.843  -3.933  -4.119   0
   4.97641468  -3.564  -3.782  -3.934  -4.192   0
   4.97973442  -3.481  -3.693  -3.923  -4.265   0
   4.98142242  -3.403  -3.602  -3.901  -4.317   0
   4.98277521  -3.295  -3.484  -3.862  -4.367   0
   4.98395348  -3.150  -3.343  -3.812  -4.409   0
   4.98489237  -2.942  -3.169  -3.746  -4.439   0
   4.98576403  -2.553  -2.886  -3.624  -4.445   0
   4.98642397  -2.156  -2.621  -3.479  -4.392   0
   4.98704386  -1.687  -2.303  -3.268  -4.264   0
   4.98733330  -1.467  -2.178  -3.200  -4.242   4
   4.98756266  -1.381  -2.206  -3.288  -4.379   0
   4.98770618  -1.357  -2.263  -3.384  -4.508   0
   4.98860931  -1.351  -2.348  -3.513  -4.672   0
   4.98898172  -1.355  -2.439  -3.646  -4.838   0
   4.98946857  -1.354  -2.519  -3.761  -4.985   0
   4.99018431  -1.363  -2.610  -3.888  -5.144   0
   4.99097109  -1.351  -2.683  -3.999  -5.288   0
   4.99164248  -1.333  -2.742  -4.091  -5.409   0
   4.99217129  -1.311  -2.788  -4.167  -5.511   0
   4.99268532  -1.280  -2.835  -4.248  -5.623   0
   4.99312782  -1.241  -2.875  -4.321  -5.730   0
   4.99349880  -1.205  -2.912  -4.390  -5.830   0
   4.99381256  -1.181  -2.951  -4.456  -5.922   0
   4.99414015  -1.149  -2.994  -4.532  -6.029   0
   4.99453926  -1.155  -3.060  -4.624  -6.145   0
   4.99472475  -1.167  -3.093  -4.667  -6.195   0
   4.99495268  -1.166  -3.137  -4.737  -6.300   0
   4.99509525  -1.187  -3.151  -4.763  -6.364   0
   4.99512386  -1.191  -3.153  -4.766  -6.375   0
   4.99519491  -1.203  -3.159  -4.778  -6.405   0
   4.99526644  -1.215  -3.166  -4.789  -6.436   0
   4.99537992  -1.232  -3.176  -4.804  -6.469   0
   4.99544811  -1.242  -3.181  -4.812  -6.492   0
   4.99553347  -1.256  -3.187  -4.822  -6.520   0
   4.99560165  -1.268  -3.192  -4.830  -6.543   0
   4.99568701  -1.285  -3.198  -4.840  -6.572   0
   4.99577188  -1.301  -3.205  -4.850  -6.600   0
   4.99585533  -1.319  -3.213  -4.860  -6.629   0
   4.99593925  -1.338  -3.221  -4.871  -6.657   0
   4.99602318  -1.358  -3.229  -4.881  -6.685   2
   4.99610662  -1.396  -3.246  -4.896  -6.716   0
   4.99619055  -1.442  -3.267  -4.914  -6.747   0
   4.99627447  -1.490  -3.289  -4.932  -6.780   0
   4.99690437  -1.540  -3.312  -4.950  -6.811   0
   4.99753952  -1.572  -3.328  -4.962  -6.831   0
   4.99817991  -1.606  -3.343  -4.974  -6.852   0
   4.99882698  -1.630  -3.349  -4.976  -6.869   0
   4.99948120  -1.653  -3.354  -4.977  -6.887   0
