   0.15000001  15.217  13.647  12.067  10.124   0
   0.20000000  13.702  12.468  11.057   9.364   0
   0.25000000  12.882  11.777  10.447   8.862   0
   0.30000001  12.322  11.266   9.986   8.468   0
   0.34999999  11.877  10.855   9.614   8.146   0
   0.40000001  11.436  10.433   9.217   7.785   0
   0.44999999  11.040  10.068   8.887   7.501   0
   0.50000000  10.567   9.640   8.503   7.178   0
   0.55000001  10.015   9.150   8.071   6.822   0
   0.60000002   9.404   8.642   7.625   6.459   0
   0.69999999   7.939   7.516   6.657   5.706   0
   0.80000001   6.647   6.544   5.849   5.061   0
   0.89999998   5.683   5.757   5.194   4.518   0
   1.00000000   4.940   5.079   4.617   4.030   0
   1.10000002   4.342   4.483   4.097   3.593   0
   1.20000005   3.848   3.956   3.636   3.219   0
   1.29999995   3.423   3.471   3.222   2.919   0
   1.39999998   3.056   3.044   2.870   2.687   0
   1.50000000   2.729   2.693   2.587   2.496   0
   1.59917808   2.434   2.420   2.366   2.336   0
   1.60000002   2.431   2.418   2.364   2.335   0
   1.70000005   2.158   2.192   2.174   2.181   0
   1.79999995   1.911   1.997   2.004   2.033   0
   1.89999998   1.684   1.820   1.848   1.893   0
   1.91124701   1.660   1.802   1.832   1.878   0
   2.00000000   1.477   1.660   1.703   1.759   0
   2.20000005   1.095   1.360   1.426   1.499   0
   2.40707016   0.749   1.085   1.167   1.254   0
   2.50000000   0.600   0.965   1.053   1.146   0
   2.80306673   0.161   0.600   0.705   0.812   0
   3.00000000  -0.110   0.369   0.482   0.597   0
   3.10618734  -0.248   0.250   0.367   0.486   0
   3.35191464  -0.564  -0.030   0.096   0.222   0
   3.50000000  -0.755  -0.204  -0.074   0.055   0
   3.56979942  -0.841  -0.283  -0.150  -0.020   0
   3.74461269  -1.064  -0.491  -0.355  -0.222   0
   3.89339805  -1.265  -0.684  -0.546  -0.411   0
   4.00000000  -1.420  -0.839  -0.699  -0.565   0
   4.03159237  -1.467  -0.885  -0.745  -0.611   0
   4.14164686  -1.641  -1.062  -0.922  -0.791   1
   4.23608637  -1.804  -1.233  -1.095  -0.967   0
   4.31701183  -1.958  -1.399  -1.264  -1.140   0
   4.38659573  -2.103  -1.561  -1.428  -1.310   0
   4.41762877  -2.172  -1.637  -1.506  -1.391   0
   4.44643211  -2.236  -1.707  -1.577  -1.463   0
   4.46195507  -2.269  -1.740  -1.610  -1.497   0
   4.47686529  -2.295  -1.757  -1.625  -1.510   3
   4.48594666  -2.302  -1.748  -1.612  -1.493   0
   4.49215746  -2.295  -1.707  -1.565  -1.435   0
   4.49396038  -2.294  -1.679  -1.530  -1.393   0
   4.49497604  -2.301  -1.660  -1.506  -1.360   0
   4.49511242  -2.288  -1.651  -1.497  -1.352   0
   4.49548054  -2.255  -1.651  -1.505  -1.371   0
   4.49583435  -2.327  -1.755  -1.615  -1.491   0
   4.49630213  -2.458  -1.920  -1.788  -1.675   0
   4.49688292  -2.576  -2.081  -1.957  -1.857   0
   4.49760485  -2.680  -2.235  -2.122  -2.036   0
   4.49822807  -2.750  -2.354  -2.249  -2.176   0
   4.49890804  -2.810  -2.475  -2.381  -2.324   0
   4.49940348  -2.847  -2.563  -2.478  -2.433   0
   4.49977398  -2.867  -2.628  -2.549  -2.515   0
   4.50000000  -2.879  -2.670  -2.596  -2.568   0
   4.50029802  -2.888  -2.721  -2.655  -2.636   0
   4.50075388  -2.890  -2.799  -2.748  -2.747   0
   4.50122786  -2.870  -2.870  -2.841  -2.866   0
   4.50168371  -2.814  -2.914  -2.923  -2.991   0
   4.50191164  -2.767  -2.913  -2.951  -3.056   0
   4.50213957  -2.704  -2.889  -2.966  -3.120   3
   4.50236702  -2.622  -2.824  -2.959  -3.184   0
   4.50259495  -2.525  -2.707  -2.927  -3.246   0
   4.50282240  -2.399  -2.554  -2.870  -3.302   0
   4.50305033  -2.209  -2.349  -2.782  -3.346   0
   4.50327778  -1.908  -2.085  -2.665  -3.366   0
   4.50350571  -1.597  -1.847  -2.540  -3.332   0
   4.50385571  -1.155  -1.524  -2.335  -3.220   0
   4.50401306  -0.997  -1.427  -2.287  -3.209   4
   4.50427580  -0.906  -1.437  -2.363  -3.336   0
   4.50445080  -0.873  -1.487  -2.460  -3.471   0
   4.50467825  -0.907  -1.578  -2.583  -3.617   0
   4.50515079  -0.946  -1.672  -2.707  -3.764   0
   4.50581551  -0.971  -1.756  -2.821  -3.903   0
   4.50651455  -0.987  -1.841  -2.939  -4.049   0
   4.50726652  -1.011  -1.930  -3.059  -4.193   0
   4.50913525  -1.024  -1.990  -3.142  -4.295   2
   4.53083324  -1.047  -1.939  -3.055  -4.179   0
   4.54720020  -1.047  -1.872  -2.955  -4.052   0
   4.56101227  -1.050  -1.808  -2.859  -3.928   0
   4.57627249  -1.053  -1.746  -2.761  -3.803   0
   4.59484100  -1.163  -1.769  -2.733  -3.735   4
   4.60834026  -1.550  -2.024  -2.903  -3.835   0
   4.61338663  -1.957  -2.299  -3.069  -3.917   0
   4.61704826  -2.282  -2.530  -3.184  -3.943   0
   4.62010241  -2.524  -2.717  -3.268  -3.941   0
   4.62251616  -2.693  -2.864  -3.330  -3.924   0
   4.62487793  -2.822  -2.990  -3.382  -3.901   0
   4.62720442  -2.915  -3.093  -3.424  -3.874   0
   4.62956238  -2.995  -3.184  -3.458  -3.845   0
   4.63242006  -3.078  -3.281  -3.492  -3.809   0
   4.63517427  -3.147  -3.355  -3.513  -3.772   0
   4.63839293  -3.219  -3.423  -3.529  -3.730   0
   4.64164162  -3.282  -3.470  -3.537  -3.688   0
   4.64523602  -3.341  -3.494  -3.530  -3.643   0
   4.64972305  -3.399  -3.510  -3.517  -3.593   0
   4.65546370  -3.447  -3.506  -3.493  -3.546   0
   4.66291332  -3.481  -3.514  -3.490  -3.532   1
   4.67753792  -3.486  -3.566  -3.562  -3.626   0
   4.68910503  -3.475  -3.607  -3.628  -3.723   0
   4.69753361  -3.450  -3.622  -3.670  -3.800   0
   4.70381308  -3.413  -3.609  -3.694  -3.870   0
   4.70931673  -3.358  -3.572  -3.708  -3.946   0
   4.71288824  -3.288  -3.499  -3.701  -4.012   0
   4.71648741  -3.198  -3.393  -3.680  -4.082   0
   4.71831703  -3.102  -3.286  -3.646  -4.130   0
   4.71978331  -2.984  -3.166  -3.605  -4.173   0
   4.72106075  -2.818  -3.017  -3.551  -4.208   0
   4.72207832  -2.595  -2.842  -3.480  -4.226   0
   4.72302294  -2.246  -2.598  -3.366  -4.212   0
   4.72373819  -1.882  -2.354  -3.223  -4.146   0
   4.72440958  -1.481  -2.086  -3.046  -4.041   0
   4.72472382  -1.298  -1.991  -3.004  -4.040   4
   4.72496033  -1.247  -2.042  -3.110  -4.190   0
   4.72510862  -1.231  -2.104  -3.210  -4.322   0
   4.72604036  -1.227  -2.190  -3.340  -4.488   0
   4.72642469  -1.228  -2.281  -3.473  -4.656   0
   4.72692728  -1.241  -2.366  -3.591  -4.801   0
   4.72766542  -1.242  -2.451  -3.713  -4.956   0
   4.72847748  -1.252  -2.542  -3.840  -5.114   0
   4.72917032  -1.240  -2.612  -3.946  -5.252   0
   4.72971582  -1.216  -2.668  -4.036  -5.371   0
   4.73024654  -1.181  -2.723  -4.130  -5.502   0
   4.73070288  -1.140  -2.771  -4.217  -5.626   0
   4.73108578  -1.118  -2.826  -4.304  -5.745   0
   4.73140955  -1.079  -2.867  -4.380  -5.855   0
   4.73174763  -1.035  -2.915  -4.469  -5.982   0
   4.73215961  -1.045  -2.990  -4.572  -6.110   0
   4.73235083  -1.063  -3.022  -4.621  -6.195   0
   4.73258591  -1.102  -3.047  -4.664  -6.300   2
   4.73273277  -1.090  -3.041  -4.653  -6.265   0
   4.73276234  -1.071  -3.031  -4.632  -6.210   0
   4.73283577  -1.098  -3.047  -4.661  -6.286   0
   4.73290920  -1.126  -3.060  -4.686  -6.357   0
   4.73302698  -1.155  -3.076  -4.710  -6.413   0
   4.73308706  -1.166  -3.081  -4.717  -6.434   0
   4.73316193  -1.180  -3.087  -4.726  -6.460   0
   4.73322201  -1.192  -3.092  -4.734  -6.481   0
   4.73329687  -1.208  -3.098  -4.743  -6.507   0
   4.73337126  -1.225  -3.105  -4.752  -6.534   0
   4.73344517  -1.243  -3.112  -4.762  -6.560   0
   4.73351860  -1.261  -3.120  -4.772  -6.586   0
   4.73359251  -1.283  -3.129  -4.782  -6.612   0
   4.73366594  -1.325  -3.149  -4.798  -6.641   0
   4.73373985  -1.369  -3.169  -4.815  -6.671   0
   4.73381329  -1.410  -3.188  -4.829  -6.697   0
   4.73436785  -1.455  -3.208  -4.845  -6.725   0
   4.73492622  -1.484  -3.217  -4.850  -6.745   0
   4.73548985  -1.509  -3.222  -4.851  -6.764   0
   4.73605871  -1.534  -3.228  -4.853  -6.782   0
   4.73663473  -1.557  -3.232  -4.854  -6.800   0
   4.73736429  -1.585  -3.237  -4.854  -6.823   0
   4.73809576  -1.611  -3.240  -4.854  -6.844   0
   4.73882961  -1.635  -3.243  -4.854  -6.866   0
   4.73956490  -1.657  -3.245  -4.853  -6.887   0
   4.74030256  -1.678  -3.246  -4.851  -6.907   0
   4.74104214  -1.697  -3.246  -4.849  -6.927   0
   4.74178410  -1.714  -3.245  -4.846  -6.947   0
   4.74252844  -1.730  -3.243  -4.842  -6.967   0
   4.74325228  -1.743  -3.240  -4.838  -6.985   0
   4.74394083  -1.754  -3.236  -4.834  -7.002   0
   4.74459696  -1.764  -3.232  -4.829  -7.018   0
   4.74534655  -1.773  -3.227  -4.823  -7.036   0
   4.74605846  -1.780  -3.221  -4.817  -7.053   0
   4.74673605  -1.785  -3.214  -4.811  -7.068   0
   4.74748850  -1.788  -3.205  -4.803  -7.084   0
   4.74820185  -1.790  -3.197  -4.795  -7.099   0
   4.74888086  -1.791  -3.187  -4.787  -7.113   0
   4.74961853  -1.790  -3.176  -4.778  -7.128   0
   4.75031900  -1.787  -3.165  -4.769  -7.141   0
   4.75103474  -1.782  -3.153  -4.759  -7.154   0
   4.75172567  -1.775  -3.139  -4.747  -7.165   0
   4.75197840  -1.771  -3.130  -4.739  -7.165   0
   4.75209236  -1.767  -3.124  -4.732  -7.164   0
   4.75214720  -1.764  -3.120  -4.728  -7.161   0
   4.75217342  -1.761  -3.116  -4.724  -7.159   0
   4.75218678  -1.758  -3.113  -4.720  -7.156   0
   4.75219250  -1.755  -3.109  -4.717  -7.153   0
   4.75219822  -1.752  -3.106  -4.714  -7.149   0
   4.75220346  -1.748  -3.102  -4.710  -7.146   0
   4.75220919  -1.745  -3.099  -4.707  -7.143   0
   4.75221443  -1.741  -3.095  -4.703  -7.139   0
   4.75222015  -1.737  -3.091  -4.699  -7.135   0
   4.75222540  -1.733  -3.087  -4.695  -7.132   0
   4.75223112  -1.729  -3.083  -4.691  -7.128   0
   4.75223637  -1.725  -3.079  -4.686  -7.123   0
   4.75224209  -1.721  -3.074  -4.682  -7.119   0
   4.75224733  -1.716  -3.069  -4.677  -7.115   0
   4.75225306  -1.711  -3.064  -4.672  -7.110   0
   4.75225830  -1.706  -3.059  -4.667  -7.105   0
   4.75226402  -1.701  -3.054  -4.661  -7.100   0
   4.75226974  -1.695  -3.048  -4.655  -7.094   0
   4.75227499  -1.689  -3.042  -4.649  -7.088   0
   4.75228071  -1.683  -3.035  -4.643  -7.082   0
   4.75228786  -1.676  -3.028  -4.636  -7.075   0
