   0.15000001  15.122  13.578  12.010  10.084   0
   0.20000000  13.537  12.328  10.934   9.261   0
   0.25000000  12.705  11.617  10.299   8.731   0
   0.30000001  12.141  11.096   9.826   8.322   0
   0.34999999  11.709  10.691   9.456   7.999   0
   0.40000001  11.341  10.341   9.132   7.709   0
   0.44999999  10.893   9.931   8.761   7.392   0
   0.50000000  10.346   9.439   8.322   7.024   0
   0.55000001   9.681   8.863   7.814   6.607   0
   0.60000002   8.858   8.197   7.234   6.144   0
   0.62254447   8.387   7.843   6.930   5.909   0
   0.64459258   7.926   7.497   6.634   5.678   0
   0.66503096   7.516   7.189   6.373   5.469   0
   0.68421465   7.126   6.895   6.124   5.268   0
   0.69999999   6.821   6.657   5.925   5.104   0
   0.71079898   6.614   6.492   5.784   4.985   0
   0.72604513   6.316   6.252   5.579   4.810   0
   0.74201214   6.018   5.997   5.358   4.618   0
   0.75127763   5.846   5.846   5.225   4.500   0
   0.76210850   5.641   5.663   5.062   4.354   0
   0.77500463   5.385   5.429   4.852   4.162   0
   0.77820784   5.320   5.369   4.797   4.111   0
   0.78136176   5.257   5.311   4.744   4.061   0
   0.78337127   5.217   5.273   4.709   4.029   0
   0.78466201   5.192   5.249   4.686   4.007   0
   0.80000001   4.891   4.948   4.392   3.717   1
   0.80201507   4.850   4.905   4.349   3.674   0
   0.80950451   4.719   4.750   4.175   3.484   0
   0.81488985   4.680   4.663   4.045   3.316   0
   0.81785792   4.763   4.674   3.996   3.218   0
   0.81990975   4.892   4.711   3.968   3.134   0
   0.82163018   4.950   4.680   3.884   3.001   0
   0.82281190   4.892   4.578   3.757   2.851   0
   0.82381982   4.780   4.441   3.605   2.685   0
   0.82465875   4.647   4.292   3.446   2.518   0
   0.82539022   4.512   4.144   3.290   2.356   0
   0.82605249   4.372   3.992   3.131   2.191   0
   0.82660419   4.236   3.846   2.979   2.034   0
   0.82707715   4.112   3.710   2.836   1.885   0
   0.82749933   3.986   3.571   2.691   1.734   0
   0.82791364   3.854   3.425   2.536   1.573   0
   0.82825464   3.736   3.291   2.394   1.422   0
   0.82856530   3.610   3.150   2.245   1.268   0
   0.82882547   3.500   3.020   2.105   1.119   0
   0.82906419   3.392   2.892   1.966   0.972   0
   0.82927769   3.286   2.764   1.827   0.822   0
   0.82947105   3.181   2.638   1.689   0.676   0
   0.82964170   3.081   2.515   1.555   0.531   0
   0.82980227   2.972   2.387   1.417   0.386   0
   0.82994777   2.877   2.269   1.286   0.245   0
   0.83010453   2.810   2.187   1.196   0.149   0
   0.83025414   2.851   2.252   1.274   0.237   1
   0.83036387   2.754   2.128   1.135   0.088   0
   0.83048463   2.661   1.999   0.989  -0.074   0
   0.83059168   2.570   1.875   0.848  -0.229   0
   0.83068371   2.485   1.755   0.712  -0.380   0
   0.83077437   2.396   1.626   0.564  -0.546   0
   0.83085269   2.316   1.504   0.421  -0.706   0
   0.83091867   2.237   1.384   0.282  -0.860   0
   0.83097637   2.178   1.277   0.152  -1.009   0
   0.83102584   2.116   1.172   0.025  -1.153   0
   0.83107537   2.048   1.057  -0.111  -1.308   0
   0.83111805   2.005   0.958  -0.234  -1.454   0
   0.83115375   1.951   0.853  -0.363  -1.604   0
   0.83118820   1.907   0.753  -0.487  -1.751   0
   0.83121574   1.887   0.668  -0.600  -1.890   0
   0.83124459   1.873   0.581  -0.720  -2.038   0
   0.83126390   1.861   0.503  -0.826  -2.171   0
   0.83128452   1.853   0.427  -0.931  -2.306   0
   0.83130515   1.837   0.334  -1.058  -2.465   0
   0.83132166   1.848   0.269  -1.156  -2.597   0
   0.83133817   1.857   0.197  -1.263  -2.736   0
   0.83135056   1.865   0.126  -1.368  -2.873   0
   0.83136433   1.855   0.078  -1.447  -3.008   0
   0.83137536   1.863   0.077  -1.480  -3.123   0
   0.83138365   1.842   0.056  -1.525  -3.236   0
   0.83139461   1.812   0.039  -1.569  -3.366   0
   0.83140290   1.764   0.009  -1.618  -3.485   0
   0.83140975   1.710   0.010  -1.622  -3.581   2
   0.83141804   1.640   0.016  -1.614  -3.687   0
   0.83142358   1.572   0.023  -1.603  -3.782   0
   0.83142769   1.532   0.025  -1.598  -3.834   0
   0.83142769   1.870   1.625   0.881   0.046   0
   0.83148301   1.914   1.620   0.838  -0.026   0
   0.83155078   1.903   1.604   0.819  -0.047   0
   0.83155406   1.903   1.604   0.819  -0.048   2
   0.83162922   1.891   1.596   0.814  -0.050   0
   0.83170718   1.878   1.594   0.820  -0.038   0
   0.83178812   1.863   1.592   0.828  -0.023   0
   0.83187175   1.847   1.589   0.833  -0.011   0
   0.83195847   1.830   1.583   0.837   0.001   0
   0.83204770   1.819   1.579   0.840   0.010   0
   0.83213633   1.809   1.575   0.842   0.016   0
   0.83222318   1.804   1.572   0.841   0.017   0
   0.83230042   1.800   1.568   0.838   0.015   0
   0.83231121   1.800   1.568   0.838   0.014   0
   0.83239830   1.797   1.563   0.831   0.007   0
   0.83248526   1.796   1.557   0.822  -0.006   0
   0.83257568   1.795   1.550   0.808  -0.025   0
   0.83267158   1.790   1.537   0.787  -0.052   0
   0.83276826   1.785   1.519   0.759  -0.088   0
   0.83288556   1.779   1.491   0.718  -0.140   0
   0.83293974   1.773   1.472   0.690  -0.175   0
   0.83300239   1.763   1.445   0.652  -0.222   0
   0.83321810   1.715   1.345   0.516  -0.385   0
   0.83323312   1.693   1.287   0.433  -0.487   0
   0.83324456   1.678   1.198   0.296  -0.663   0
   0.83324802   1.651   1.120   0.189  -0.793   0
   0.83325082   1.634   0.977  -0.024  -1.062   0
   0.83325207   1.600   0.875  -0.163  -1.230   0
   0.83325332   1.578   0.780  -0.293  -1.390   0
   0.83325541   1.567   0.705  -0.398  -1.522   0
   0.83325607   1.567   0.702  -0.403  -1.528   0
   0.83326179   1.571   0.774  -0.298  -1.395   0
   0.83326840   1.569   0.791  -0.272  -1.361   1
   0.83329678   1.563   0.707  -0.394  -1.515   0
   0.83330965   1.559   0.625  -0.513  -1.666   0
   0.83332127   1.524   0.502  -0.679  -1.865   0
   0.83333123   1.547   0.414  -0.816  -2.049   0
   0.83333844   1.545   0.335  -0.928  -2.192   0
   0.83334696   1.537   0.231  -1.074  -2.376   0
   0.83335185   1.558   0.164  -1.179  -2.515   0
   0.83335584   1.604   0.109  -1.278  -2.659   0
   0.83335871   1.629   0.053  -1.370  -2.786   0
   0.83336139   1.687   0.012  -1.453  -2.911   0
   0.83336395   1.766  -0.019  -1.531  -3.038   0
   0.83336651   1.789  -0.038  -1.585  -3.158   0
   0.83336920   1.778  -0.047  -1.622  -3.272   0
   0.83337253   1.756  -0.058  -1.658  -3.385   2
   0.83337468   1.757  -0.070  -1.653  -3.324   0
   0.83337486   1.737  -0.076  -1.682  -3.429   0
   0.83337504   1.706  -0.083  -1.707  -3.529   0
   0.83337533   1.667  -0.088  -1.725  -3.619   0
   0.83337581   1.624  -0.068  -1.703  -3.689   0
   0.83337629   1.608  -0.065  -1.700  -3.712   0
   0.83337682   1.592  -0.063  -1.697  -3.735   0
   0.83337730   1.576  -0.060  -1.693  -3.758   0
   0.83337778   1.559  -0.058  -1.690  -3.781   0
   0.83337826   1.543  -0.056  -1.686  -3.804   0
   0.83337873   1.525  -0.054  -1.683  -3.827   0
   0.83337921   1.508  -0.052  -1.680  -3.851   0
   0.83337975   1.490  -0.050  -1.676  -3.874   0
   0.83338022   1.472  -0.048  -1.673  -3.897   0
   0.83338070   1.453  -0.046  -1.669  -3.919   0
   0.83338118   1.434  -0.045  -1.666  -3.942   0
   0.83338165   1.411  -0.046  -1.664  -3.966   0
   0.83338213   1.388  -0.046  -1.661  -3.989   0
   0.83338261   1.367  -0.045  -1.658  -4.012   0
   0.83338314   1.348  -0.043  -1.654  -4.035   0
   0.83338362   1.332  -0.040  -1.649  -4.057   0
   0.83338410   1.328  -0.024  -1.631  -4.072   0
   0.83338457   1.333   0.003  -1.601  -4.081   0
   0.83338505   1.338   0.030  -1.571  -4.090   0
   0.83338553   1.343   0.058  -1.541  -4.098   0
   0.83338606   1.348   0.085  -1.510  -4.107   0
   0.83338654   1.354   0.110  -1.482  -4.114   0
   0.83338720   1.362   0.139  -1.451  -4.118   0
   0.83338815   1.370   0.170  -1.416  -4.125   0
   0.83338851   1.373   0.183  -1.402  -4.128   0
