   0.15000001  15.212  13.644  12.065  10.122   0
   0.20000000  13.687  12.455  11.046   9.355   0
   0.25000000  12.856  11.754  10.426   8.843   0
   0.30000001  12.289  11.236   9.957   8.441   0
   0.34999999  11.843  10.822   9.581   8.114   0
   0.40000001  11.428  10.425   9.209   7.778   0
   0.44999999  11.028  10.056   8.876   7.491   0
   0.50000000  10.548   9.622   8.487   7.164   0
   0.55000001   9.990   9.127   8.050   6.804   0
   0.60000002   9.365   8.609   7.594   6.433   0
   0.69999999   7.859   7.453   6.603   5.660   0
   0.74214882   7.257   7.006   6.227   5.362   0
   0.80000001   6.533   6.453   5.771   4.995   0
   0.88416362   5.689   5.758   5.190   4.510   0
   0.89999998   5.553   5.637   5.089   4.425   0
   0.91031015   5.469   5.560   5.023   4.369   0
   0.97534603   4.954   5.089   4.620   4.026   0
   1.00000000   4.785   4.922   4.474   3.901   0
   1.00551772   4.748   4.886   4.441   3.874   0
   1.05399179   4.431   4.569   4.163   3.637   0
   1.09294641   4.193   4.324   3.947   3.453   0
   1.10000002   4.152   4.281   3.908   3.421   0
   1.13558650   3.951   4.066   3.719   3.265   0
   1.17332006   3.743   3.843   3.523   3.105   0
   1.20000005   3.607   3.692   3.389   2.997   0
   1.20801485   3.567   3.646   3.349   2.968   0
   1.24844849   3.363   3.415   3.151   2.819   0
   1.27320361   3.246   3.281   3.035   2.732   0
   1.28509378   3.192   3.219   2.981   2.692   0
   1.29999995   3.125   3.143   2.914   2.641   0
   1.31262577   3.068   3.079   2.858   2.599   0
   1.35891128   2.870   2.855   2.663   2.448   0
   1.39999998   2.700   2.670   2.499   2.314   0
   1.40822458   2.667   2.634   2.467   2.287   0
   1.45094228   2.494   2.447   2.298   2.140   0
   1.49463677   2.316   2.258   2.123   1.981   0
   1.50000000   2.294   2.235   2.101   1.961   0
   1.52279794   2.204   2.140   2.010   1.873   0
   1.55609286   2.073   2.004   1.875   1.736   1
   1.58699167   1.954   1.882   1.747   1.599   0
   1.60000002   1.905   1.832   1.693   1.538   0
   1.62584734   1.810   1.738   1.585   1.411   0
   1.65078270   1.724   1.653   1.480   1.277   0
   1.67280948   1.655   1.595   1.397   1.155   0
   1.68286061   1.623   1.568   1.358   1.096   0
   1.69227409   1.588   1.537   1.317   1.040   0
   1.69812310   1.559   1.507   1.285   1.007   2
   1.70000005   1.543   1.490   1.271   0.996   0
   1.70291841   1.521   1.464   1.250   0.981   0
   1.70630062   1.468   1.399   1.206   0.968   0
   1.70857668   1.374   1.285   1.139   0.966   0
   1.70921206   1.288   1.190   1.086   0.963   0
   1.70957291   1.170   1.088   1.021   0.945   0
   1.70961094   1.189   1.105   1.036   0.956   0
   1.70971549   1.300   1.201   1.103   0.988   4
   1.70984364   1.304   1.210   1.074   0.911   0
   1.71004295   1.271   1.184   1.010   0.794   0
   1.71035576   1.268   1.202   0.981   0.700   0
   1.71081960   1.298   1.259   0.986   0.629   0
   1.71128738   1.344   1.326   1.007   0.584   0
   1.71186268   1.409   1.410   1.040   0.549   0
   1.71251655   1.498   1.506   1.085   0.535   0
   1.71345937   1.660   1.660   1.174   0.558   0
   1.71442223   1.893   1.871   1.320   0.643   0
   1.71513033   2.140   2.082   1.476   0.752   0
   1.71584129   2.371   2.271   1.613   0.847   0
   1.71632802   2.480   2.344   1.655   0.864   4
   1.71759939   2.496   2.304   1.568   0.738   0
   1.71865320   2.415   2.192   1.434   0.585   0
   1.71962261   2.319   2.069   1.294   0.431   0
   1.72050238   2.226   1.952   1.163   0.289   0
   1.72146630   2.126   1.824   1.019   0.131   0
   1.72243917   2.021   1.692   0.870  -0.031   0
   1.72324491   1.932   1.580   0.745  -0.167   0
   1.72410572   1.838   1.462   0.610  -0.314   0
   1.72489882   1.750   1.352   0.485  -0.450   0
   1.72567630   1.664   1.242   0.361  -0.586   0
   1.72636962   1.589   1.141   0.248  -0.711   0
   1.72707200   1.516   1.041   0.132  -0.839   0
   1.72776449   1.454   0.947   0.022  -0.963   0
   1.72845829   1.387   0.850  -0.090  -1.087   0
   1.72914600   1.329   0.759  -0.199  -1.211   0
   1.73010230   1.271   0.671  -0.303  -1.328   0
   1.73062325   1.304   0.731  -0.228  -1.241   0
   1.73081553   1.352   0.809  -0.135  -1.134   0
   1.73098922   1.402   0.888  -0.041  -1.028   0
   1.73119128   1.452   0.960   0.044  -0.933   0
   1.73121655   1.455   0.964   0.047  -0.930   4
   1.73184454   1.384   0.864  -0.066  -1.055   0
   1.73251343   1.319   0.768  -0.180  -1.182   0
   1.73316264   1.257   0.674  -0.291  -1.307   0
   1.73380625   1.197   0.581  -0.402  -1.433   0
   1.73443770   1.134   0.484  -0.518  -1.563   0
   1.73508096   1.070   0.384  -0.637  -1.698   0
   1.73562706   1.027   0.301  -0.739  -1.816   0
   1.73616242   0.984   0.215  -0.846  -1.941   0
   1.73661363   0.932   0.130  -0.946  -2.055   0
   1.73705196   0.900   0.053  -1.045  -2.172   0
   1.73742485   0.869  -0.016  -1.132  -2.274   0
   1.73778260   0.822  -0.098  -1.230  -2.385   0
   1.73811889   0.791  -0.168  -1.320  -2.490   0
   1.73838162   0.787  -0.216  -1.388  -2.576   0
   1.73862374   0.752  -0.283  -1.470  -2.671   0
   1.73886514   0.739  -0.335  -1.540  -2.757   0
   1.73891723   0.735  -0.349  -1.558  -2.780   2
   1.73953485   1.879   1.624   0.852  -0.008   1
   1.74426401   1.869   1.603   0.825  -0.040   0
   1.75007129   1.860   1.600   0.824  -0.038   0
   1.75664783   1.852   1.595   0.822  -0.039   0
   1.76390409   1.842   1.588   0.818  -0.041   0
   1.77198303   1.829   1.579   0.812  -0.045   0
   1.78104377   1.813   1.568   0.804  -0.050   0
   1.79145658   1.795   1.555   0.794  -0.056   0
   1.79999995   1.780   1.545   0.787  -0.062   0
   1.80193949   1.769   1.533   0.775  -0.073   0
   1.82626438   1.609   1.375   0.620  -0.225   0
   1.85356259   1.449   1.205   0.446  -0.402   0
   1.87444496   1.366   1.086   0.305  -0.561   0
   1.88209569   1.312   0.986   0.175  -0.716   0
   1.88305712   1.256   0.892   0.054  -0.857   0
   1.88332498   1.195   0.794  -0.068  -0.998   0
   1.88341439   1.136   0.701  -0.183  -1.130   0
   1.88343024   1.123   0.678  -0.211  -1.163   0
   1.88349962   1.035   0.541  -0.375  -1.348   0
   1.88356388   0.950   0.412  -0.527  -1.520   0
   1.88587201   0.885   0.308  -0.652  -1.662   0
   1.88690722   0.805   0.169  -0.823  -1.858   0
   1.88735807   0.749   0.063  -0.957  -2.012   0
   1.88775003   0.692  -0.053  -1.102  -2.183   0
   1.88805079   0.642  -0.182  -1.268  -2.381   0
   1.88826573   0.609  -0.269  -1.381  -2.516   0
   1.88842154   0.579  -0.350  -1.487  -2.642   0
   1.88856661   0.526  -0.452  -1.612  -2.785   0
   1.88870645   0.481  -0.556  -1.743  -2.939   0
   1.88883543   0.473  -0.638  -1.858  -3.085   0
   1.88896441   0.473  -0.714  -1.968  -3.227   0
   1.88910425   0.437  -0.814  -2.096  -3.378   0
   1.88925481   0.428  -0.898  -2.212  -3.524   0
   1.88933551   0.435  -0.964  -2.309  -3.649   0
   1.88934088   0.437  -0.967  -2.315  -3.657   0
   1.88935137   0.443  -0.980  -2.336  -3.686   0
   1.88936186   0.448  -0.993  -2.356  -3.715   0
   1.88937199   0.455  -1.004  -2.376  -3.743   0
   1.88938224   0.463  -1.016  -2.396  -3.771   0
   1.88939238   0.471  -1.027  -2.416  -3.800   0
   1.88940263   0.479  -1.039  -2.437  -3.829   0
   1.88941276   0.487  -1.051  -2.457  -3.858   0
   1.88942301   0.495  -1.063  -2.477  -3.887   0
   1.88943291   0.503  -1.074  -2.497  -3.916   0
   1.88944268   0.511  -1.086  -2.517  -3.944   0
   1.88945258   0.519  -1.097  -2.537  -3.972   0
   1.88946235   0.527  -1.108  -2.557  -4.000   0
   1.88947225   0.536  -1.120  -2.577  -4.029   0
   1.88948214   0.545  -1.132  -2.598  -4.059   0
   1.88949192   0.554  -1.143  -2.618  -4.088   0
   1.88950181   0.563  -1.155  -2.638  -4.117   0
   1.88951147   0.572  -1.167  -2.659  -4.145   0
   1.88952100   0.580  -1.178  -2.678  -4.173   0
   1.88953042   0.589  -1.189  -2.698  -4.202   0
   1.88953996   0.598  -1.200  -2.718  -4.230   0
   1.88954949   0.608  -1.211  -2.738  -4.258   0
   1.88955903   0.611  -1.215  -2.747  -4.281   0
   1.88958991   0.613  -1.214  -2.754  -4.307   0
   1.88962591   0.612  -1.215  -2.762  -4.332   0
   1.88966179   0.611  -1.217  -2.770  -4.356   0
   1.88969731   0.610  -1.219  -2.777  -4.380   0
   1.88973272   0.607  -1.220  -2.785  -4.404   0
   1.88976800   0.605  -1.222  -2.793  -4.428   0
   1.88980281   0.601  -1.225  -2.800  -4.453   0
   1.88983762   0.597  -1.227  -2.808  -4.477   0
   1.88987219   0.593  -1.230  -2.816  -4.501   0
   1.88990641   0.588  -1.232  -2.823  -4.525   0
   1.88994062   0.583  -1.234  -2.831  -4.549   0
   1.88997447   0.577  -1.237  -2.838  -4.573   0
   1.89000809   0.571  -1.240  -2.846  -4.597   0
   1.89004147   0.563  -1.243  -2.854  -4.621   0
   1.89007461   0.555  -1.246  -2.861  -4.645   0
   1.89010775   0.546  -1.250  -2.869  -4.669   0
   1.89014053   0.537  -1.254  -2.877  -4.693   0
   1.89017320   0.527  -1.258  -2.885  -4.717   0
   1.89020550   0.515  -1.263  -2.893  -4.741   0
   1.89023769   0.504  -1.267  -2.901  -4.765   0
   1.89026964   0.491  -1.272  -2.909  -4.789   0
   1.89030135   0.478  -1.274  -2.912  -4.811   3
   1.89033282   0.464  -1.271  -2.909  -4.833   0
   1.89036417   0.450  -1.269  -2.906  -4.854   0
   1.89039528   0.436  -1.266  -2.903  -4.875   0
   1.89042628   0.422  -1.264  -2.900  -4.896   0
   1.89045680   0.408  -1.261  -2.897  -4.918   0
   1.89048731   0.393  -1.259  -2.893  -4.939   0
   1.89051759   0.378  -1.257  -2.890  -4.960   0
   1.89054751   0.362  -1.255  -2.887  -4.981   0
   1.89057732   0.347  -1.253  -2.884  -5.002   0
   1.89060700   0.331  -1.251  -2.881  -5.023   0
   1.89063632   0.314  -1.249  -2.878  -5.044   0
   1.89066541   0.298  -1.247  -2.875  -5.066   0
   1.89069438   0.281  -1.246  -2.871  -5.087   0
   1.89072299   0.264  -1.244  -2.868  -5.108   0
   1.89075160   0.246  -1.243  -2.865  -5.129   0
   1.89077973   0.222  -1.245  -2.864  -5.151   0
   1.89080787   0.201  -1.245  -2.862  -5.173   0
   1.89083564   0.181  -1.245  -2.859  -5.194   0
   1.89086330   0.164  -1.243  -2.856  -5.215   0
   1.89089072   0.148  -1.241  -2.851  -5.235   0
   1.89091778   0.134  -1.237  -2.847  -5.255   0
   1.89094472   0.130  -1.222  -2.830  -5.269   0
   1.89097154   0.134  -1.198  -2.802  -5.277   0
   1.89099801   0.139  -1.173  -2.775  -5.285   0
   1.89102423   0.144  -1.148  -2.747  -5.293   0
   1.89105034   0.149  -1.123  -2.719  -5.301   0
   1.89107609   0.153  -1.097  -2.691  -5.309   0
   1.89110160   0.158  -1.072  -2.662  -5.317   0
   1.89112711   0.163  -1.046  -2.634  -5.325   0
   1.89115214   0.169  -1.021  -2.605  -5.332   0
   1.89117718   0.174  -0.995  -2.577  -5.340   0
   1.89120185   0.179  -0.969  -2.548  -5.348   0
   1.89122617   0.185  -0.943  -2.519  -5.355   0
   1.89125061   0.190  -0.917  -2.491  -5.362   0
   1.89127409   0.197  -0.890  -2.461  -5.368   0
   1.89129627   0.207  -0.860  -2.427  -5.371   0
   1.89131582   0.227  -0.816  -2.380  -5.366   0
   1.89132118   0.247  -0.783  -2.345  -5.354   0
   1.89132273   0.278  -0.735  -2.295  -5.333   0
   1.89132273   0.280  -0.732  -2.292  -5.332   0
   1.89132273   0.282  -0.728  -2.288  -5.331   2
   1.89132273   0.352  -0.623  -2.178  -5.283   0
