   0.15000001  15.182  13.623  12.047  10.110   0
   0.20000000  13.611  12.391  10.990   9.309   0
   0.25000000  12.760  11.668  10.346   8.772   0
   0.30000001  12.181  11.132   9.859   8.351   0
   0.34999999  11.736  10.715   9.478   8.016   0
   0.40000001  11.381  10.379   9.166   7.739   0
   0.44999999  10.959   9.991   8.815   7.438   0
   0.50000000  10.453   9.534   8.407   7.094   0
   0.55000001   9.854   9.007   7.942   6.712   0
   0.60000002   9.146   8.428   7.434   6.303   0
   0.64330316   8.375   7.840   6.932   5.916   0
   0.68069017   7.744   7.365   6.527   5.597   0
   0.69999999   7.432   7.131   6.329   5.438   0
   0.72434509   7.035   6.831   6.076   5.235   0
   0.75016910   6.644   6.527   5.822   5.026   0
   0.77344686   6.301   6.256   5.595   4.838   0
   0.79470497   6.017   6.018   5.395   4.669   0
   0.80000001   5.947   5.959   5.345   4.626   0
   0.81042439   5.812   5.843   5.245   4.540   0
   0.82896495   5.569   5.633   5.065   4.384   0
   0.84642935   5.356   5.438   4.894   4.234   0
   0.86371511   5.150   5.244   4.721   4.080   0
   0.88245004   4.922   5.026   4.527   3.905   0
   0.89281422   4.795   4.903   4.415   3.804   0
   0.89999998   4.709   4.819   4.339   3.733   0
   0.90356433   4.664   4.776   4.299   3.696   0
   0.90973175   4.583   4.696   4.225   3.628   0
   0.91253400   4.548   4.662   4.193   3.598   0
   0.91660625   4.499   4.612   4.147   3.554   0
   0.92056942   4.449   4.563   4.100   3.510   0
   0.92652798   4.376   4.488   4.029   3.442   0
   0.93132782   4.316   4.426   3.969   3.385   0
   0.95173883   4.046   4.146   3.691   3.107   1
   0.96416152   3.891   3.974   3.499   2.895   0
   0.97285122   3.828   3.883   3.366   2.723   0
   0.97782314   3.912   3.915   3.333   2.633   3
   0.98067504   4.086   4.022   3.369   2.610   0
   0.98290098   4.287   4.131   3.410   2.593   0
   0.98523939   4.355   4.121   3.346   2.483   0
   0.98704135   4.297   4.019   3.218   2.331   0
   0.98853141   4.190   3.886   3.070   2.170   0
   0.98977268   4.065   3.742   2.915   2.006   0
   0.99079412   3.945   3.608   2.773   1.857   0
   0.99172294   3.819   3.468   2.625   1.702   0
   0.99252462   3.701   3.336   2.483   1.553   0
   0.99327064   3.573   3.194   2.333   1.396   0
   0.99393177   3.445   3.053   2.183   1.239   0
   0.99454260   3.319   2.909   2.031   1.080   0
   0.99504727   3.210   2.780   1.891   0.931   0
   0.99551749   3.098   2.646   1.747   0.777   0
   0.99593192   2.992   2.517   1.606   0.625   0
   0.99629056   2.892   2.392   1.468   0.476   0
   0.99661213   2.796   2.272   1.334   0.332   0
   0.99690175   2.697   2.149   1.200   0.187   0
   0.99718076   2.594   2.022   1.060   0.037   0
   0.99744123   2.514   1.917   0.941  -0.093   0
   0.99767774   2.462   1.847   0.861  -0.180   2
   0.99796265   2.536   1.963   1.000  -0.022   0
   0.99817145   2.441   1.837   0.857  -0.179   0
   0.99837160   2.356   1.720   0.722  -0.327   0
   0.99857467   2.264   1.593   0.579  -0.486   0
   0.99874586   2.191   1.484   0.452  -0.628   0
   0.99891424   2.128   1.369   0.312  -0.791   0
   0.99905938   2.021   1.236   0.165  -0.948   0
   0.99918431   1.954   1.126   0.035  -1.095   0
   0.99929178   1.895   1.020  -0.092  -1.240   0
   0.99939924   1.827   0.903  -0.233  -1.400   0
   0.99949223   1.768   0.794  -0.366  -1.553   0
   0.99957073   1.730   0.699  -0.487  -1.698   0
   0.99963754   1.672   0.598  -0.606  -1.835   0
   0.99970442   1.630   0.498  -0.732  -1.984   0
   0.99976254   1.613   0.410  -0.851  -2.132   0
   0.99980903   1.601   0.333  -0.956  -2.263   0
   0.99985552   1.581   0.247  -1.072  -2.404   0
   0.99989629   1.574   0.166  -1.184  -2.548   0
   0.99993408   1.573   0.091  -1.292  -2.688   0
   0.99996895   1.576   0.019  -1.396  -2.824   0
   0.99999803   1.577  -0.051  -1.496  -2.953   0
   1.00000000   1.577  -0.055  -1.503  -2.962   0
   1.00000572   1.577  -0.069  -1.523  -2.988   0
   1.00003481   1.603  -0.136  -1.630  -3.132   0
   1.00006163   1.610  -0.172  -1.697  -3.255   0
   1.00008190   1.602  -0.189  -1.743  -3.373   0
   1.00010121   1.582  -0.209  -1.789  -3.490   0
   1.00011957   1.570  -0.208  -1.813  -3.596   0
   1.00013745   1.514  -0.248  -1.872  -3.722   0
   1.00015450   1.457  -0.257  -1.890  -3.830   2
   1.00016594   1.417  -0.238  -1.869  -3.897   0
   1.00016594   1.980   1.614   0.777  -0.132   1
   1.00028646   1.971   1.579   0.724  -0.200   0
   1.00043619   1.955   1.556   0.696  -0.231   0
   1.00052130   1.950   1.549   0.688  -0.241   0
   1.00060153   1.945   1.546   0.687  -0.241   0
   1.00078321   1.934   1.543   0.688  -0.235   0
   1.00097096   1.925   1.540   0.691  -0.229   0
   1.00116515   1.915   1.537   0.691  -0.225   0
   1.00136328   1.905   1.532   0.691  -0.221   0
   1.00156653   1.897   1.528   0.690  -0.220   0
   1.00176907   1.887   1.522   0.687  -0.221   0
   1.00196815   1.880   1.518   0.684  -0.222   0
   1.00216448   1.872   1.511   0.679  -0.226   0
   1.00236499   1.864   1.504   0.673  -0.232   0
   1.00240302   1.862   1.503   0.672  -0.232   0
   1.00256765   1.858   1.496   0.664  -0.241   0
   1.00277460   1.850   1.486   0.651  -0.256   0
   1.00299239   1.842   1.471   0.633  -0.277   0
   1.00321710   1.835   1.454   0.608  -0.308   0
   1.00345707   1.821   1.425   0.570  -0.354   0
   1.00358427   1.807   1.402   0.540  -0.388   0
   1.00373316   1.787   1.369   0.498  -0.437   0
   1.00419462   1.728   1.263   0.365  -0.592   0
   1.00422835   1.706   1.208   0.292  -0.681   0
   1.00425410   1.667   1.109   0.160  -0.840   0
   1.00426173   1.635   1.034   0.061  -0.958   0
   1.00426769   1.582   0.891  -0.131  -1.189   0
   1.00427008   1.557   0.807  -0.244  -1.327   0
   1.00427258   1.540   0.728  -0.353  -1.462   0
   1.00427687   1.498   0.635  -0.470  -1.599   0
   1.00427806   1.489   0.616  -0.493  -1.627   0
   1.00429320   1.517   0.692  -0.395  -1.510   0
   1.00430620   1.529   0.720  -0.359  -1.466   1
   1.00436568   1.489   0.619  -0.489  -1.621   0
   1.00439239   1.472   0.527  -0.617  -1.780   0
   1.00441504   1.417   0.400  -0.778  -1.969   0
   1.00442958   1.399   0.309  -0.902  -2.123   0
   1.00444484   1.423   0.235  -1.019  -2.282   0
   1.00446391   1.398   0.116  -1.180  -2.479   0
   1.00447571   1.400   0.025  -1.310  -2.645   0
   1.00448310   1.419  -0.039  -1.411  -2.783   0
   1.00448954   1.457  -0.099  -1.513  -2.929   0
   1.00449526   1.496  -0.149  -1.601  -3.055   0
   1.00450039   1.531  -0.199  -1.688  -3.177   0
   1.00450575   1.568  -0.239  -1.767  -3.307   0
   1.00451100   1.583  -0.225  -1.786  -3.416   0
   1.00451660   1.577  -0.224  -1.812  -3.524   0
   1.00452149   1.555  -0.230  -1.841  -3.629   0
   1.00452220   1.539  -0.239  -1.857  -3.674   0
   1.00452328   1.528  -0.244  -1.866  -3.701   0
   1.00452435   1.517  -0.249  -1.876  -3.729   0
   1.00452542   1.504  -0.254  -1.885  -3.757   0
   1.00452662   1.490  -0.258  -1.892  -3.784   3
   1.00452769   1.475  -0.254  -1.888  -3.809   0
   1.00452876   1.460  -0.251  -1.885  -3.833   0
   1.00452983   1.444  -0.248  -1.881  -3.858   0
   1.00453103   1.428  -0.246  -1.878  -3.883   0
   1.00453210   1.410  -0.243  -1.874  -3.909   0
   1.00453317   1.392  -0.240  -1.871  -3.935   0
   1.00453424   1.374  -0.237  -1.867  -3.961   0
   1.00453496   1.361  -0.236  -1.865  -3.979   0
   1.00453591   1.344  -0.234  -1.862  -4.002   0
   1.00453687   1.327  -0.232  -1.858  -4.025   0
   1.00453770   1.310  -0.230  -1.855  -4.048   0
   1.00453866   1.292  -0.228  -1.852  -4.071   0
   1.00453961   1.274  -0.227  -1.849  -4.094   0
   1.00454056   1.256  -0.225  -1.846  -4.117   0
   1.00454140   1.238  -0.224  -1.843  -4.139   0
   1.00454235   1.219  -0.222  -1.840  -4.162   0
   1.00454330   1.200  -0.221  -1.836  -4.185   0
   1.00454414   1.179  -0.221  -1.833  -4.208   0
   1.00454509   1.159  -0.220  -1.830  -4.231   0
   1.00454605   1.145  -0.214  -1.822  -4.250   0
   1.00454688   1.149  -0.188  -1.793  -4.260   0
   1.00454783   1.154  -0.162  -1.764  -4.269   0
   1.00454879   1.158  -0.136  -1.735  -4.278   0
   1.00454974   1.163  -0.110  -1.706  -4.287   0
   1.00455058   1.167  -0.088  -1.682  -4.293   0
   1.00455153   1.171  -0.070  -1.662  -4.298   0
   1.00455248   1.174  -0.053  -1.644  -4.302   0
   1.00455332   1.178  -0.037  -1.626  -4.307   0
   1.00455475   1.183  -0.016  -1.602  -4.312   0
   1.00455678   1.189   0.013  -1.570  -4.320   0
   1.00455880   1.196   0.042  -1.538  -4.328   0
   1.00456071   1.202   0.072  -1.505  -4.335   0
   1.00456274   1.210   0.103  -1.471  -4.343   0
   1.00456476   1.217   0.134  -1.436  -4.350   0
   1.00456679   1.225   0.167  -1.400  -4.357   0
   1.00456882   1.234   0.199  -1.364  -4.364   0
   1.00457084   1.244   0.235  -1.325  -4.370   0
   1.00457251   1.263   0.282  -1.274  -4.367   0
   1.00457299   1.277   0.307  -1.247  -4.362   0
