   0.15000001  15.217  13.647  12.067  10.123   0
   0.20000000  13.701  12.467  11.057   9.364   0
   0.25000000  12.881  11.776  10.446   8.861   0
   0.30000001  12.319  11.264   9.984   8.467   0
   0.34999999  11.874  10.853   9.611   8.144   0
   0.40000001  11.435  10.432   9.216   7.784   0
   0.44999999  11.039  10.067   8.886   7.501   0
   0.50000000  10.566   9.639   8.502   7.177   0
   0.55000001  10.013   9.148   8.070   6.821   0
   0.60000002   9.401   8.640   7.623   6.458   0
   0.69999999   7.934   7.511   6.653   5.703   0
   0.80000001   6.639   6.538   5.844   5.057   0
   0.89999998   5.674   5.749   5.186   4.511   0
   1.00000000   4.929   5.068   4.606   4.020   0
   1.10000002   4.330   4.470   4.085   3.582   0
   1.20000005   3.833   3.940   3.621   3.205   0
   1.29999995   3.405   3.450   3.203   2.903   0
   1.39999998   3.034   3.020   2.848   2.668   0
   1.46648288   2.809   2.775   2.649   2.534   0
   1.50000000   2.703   2.666   2.562   2.474   0
   1.52964592   2.610   2.572   2.487   2.420   0
   1.60000002   2.401   2.387   2.334   2.305   0
   1.63290763   2.307   2.305   2.264   2.250   0
   1.70000005   2.123   2.154   2.136   2.141   0
   1.79999995   1.871   1.950   1.956   1.983   0
   1.89999998   1.635   1.763   1.789   1.831   0
   2.00000000   1.419   1.592   1.633   1.686   0
   2.01981425   1.377   1.559   1.602   1.657   0
   2.20000005   1.014   1.265   1.329   1.398   0
   2.29736233   0.833   1.118   1.190   1.266   0
   2.50000000   0.473   0.817   0.903   0.990   0
   2.53990698   0.406   0.761   0.848   0.938   0
   2.73028970   0.088   0.484   0.580   0.677   0
   2.88546658  -0.171   0.249   0.352   0.453   0
   3.00000000  -0.366   0.067   0.173   0.276   0
   3.02579355  -0.409   0.028   0.135   0.238   0
   3.14275932  -0.607  -0.163  -0.054   0.050   0
   3.24245906  -0.783  -0.338  -0.228  -0.125   0
   3.32795477  -0.944  -0.504  -0.394  -0.294   1
   3.40159941  -1.093  -0.664  -0.556  -0.459   0
   3.46547604  -1.234  -0.819  -0.713  -0.621   0
   3.50000000  -1.316  -0.912  -0.808  -0.719   0
   3.52692533  -1.379  -0.985  -0.882  -0.796   0
   3.55216932  -1.440  -1.056  -0.955  -0.872   0
   3.57570052  -1.499  -1.121  -1.021  -0.940   0
   3.58886766  -1.532  -1.155  -1.054  -0.974   0
   3.60170794  -1.563  -1.176  -1.074  -0.992   3
   3.60985494  -1.580  -1.174  -1.068  -0.981   0
   3.61544013  -1.587  -1.138  -1.025  -0.928   0
   3.61704373  -1.595  -1.113  -0.993  -0.888   0
   3.61795831  -1.621  -1.104  -0.978  -0.864   0
   3.61806965  -1.607  -1.094  -0.968  -0.855   0
   3.61830354  -1.555  -1.073  -0.953  -0.847   0
   3.61856961  -1.589  -1.143  -1.031  -0.934   0
   3.61892438  -1.697  -1.288  -1.182  -1.095   0
   3.61938381  -1.795  -1.430  -1.331  -1.256   0
   3.61995625  -1.871  -1.560  -1.469  -1.407   0
   3.62046409  -1.918  -1.655  -1.572  -1.522   0
   3.62102866  -1.954  -1.747  -1.675  -1.638   0
   3.62161589  -1.974  -1.835  -1.775  -1.754   0
   3.62202215  -1.980  -1.893  -1.844  -1.836   0
   3.62244344  -1.974  -1.949  -1.914  -1.921   0
   3.62287188  -1.950  -1.992  -1.978  -2.009   0
   3.62331557  -1.907  -2.014  -2.033  -2.103   0
   3.62375116  -1.835  -1.995  -2.065  -2.197   3
   3.62419415  -1.727  -1.904  -2.058  -2.291   0
   3.62441182  -1.659  -1.818  -2.031  -2.334   0
   3.62463689  -1.572  -1.709  -1.989  -2.374   0
   3.62485433  -1.460  -1.575  -1.931  -2.408   0
   3.62507200  -1.298  -1.403  -1.852  -2.433   0
   3.62528205  -1.094  -1.219  -1.763  -2.433   0
   3.62549949  -0.892  -1.049  -1.666  -2.399   0
   3.62591910  -0.485  -0.732  -1.459  -2.279   0
   3.62612891  -0.315  -0.610  -1.384  -2.240   4
   3.62650633  -0.206  -0.601  -1.447  -2.361   0
   3.62686896  -0.248  -0.713  -1.607  -2.558   0
   3.62721658  -0.276  -0.793  -1.716  -2.691   0
   3.62776351  -0.317  -0.886  -1.836  -2.833   0
   3.62839127  -0.362  -0.980  -1.957  -2.975   0
   3.62901878  -0.390  -1.063  -2.073  -3.114   0
   3.62969708  -0.451  -1.170  -2.204  -3.264   0
   3.63038969  -0.497  -1.258  -2.312  -3.389   0
   3.63133192  -0.523  -1.316  -2.386  -3.476   2
   3.64305949  -0.505  -1.243  -2.286  -3.353   0
   3.65327978  -0.469  -1.159  -2.177  -3.224   0
   3.66126204  -0.443  -1.081  -2.069  -3.094   0
   3.66848660  -0.410  -0.998  -1.959  -2.963   0
   3.67606783  -0.381  -0.920  -1.854  -2.837   0
   3.68647099  -0.399  -0.872  -1.769  -2.722   0
   3.69626689  -0.469  -0.895  -1.759  -2.686   4
   3.70481634  -0.722  -1.079  -1.888  -2.770   0
   3.70874643  -0.934  -1.234  -1.997  -2.844   0
   3.71177673  -1.116  -1.372  -2.083  -2.890   0
   3.71413970  -1.306  -1.512  -2.163  -2.922   0
   3.71595478  -1.458  -1.630  -2.224  -2.936   0
   3.71743894  -1.568  -1.720  -2.269  -2.943   0
   3.71936321  -1.684  -1.818  -2.318  -2.948   0
   3.75327492  -2.254  -2.439  -2.633  -2.921   0
   3.75876236  -2.281  -2.470  -2.653  -2.930   1
   3.79415083  -2.348  -2.530  -2.754  -3.077   0
   3.80645466  -2.328  -2.498  -2.769  -3.148   0
   3.81331205  -2.290  -2.449  -2.767  -3.202   0
   3.82017970  -2.215  -2.363  -2.747  -3.257   0
   3.82522130  -2.124  -2.272  -2.719  -3.295   0
   3.83077645  -1.855  -2.042  -2.632  -3.340   0
   3.83478260  -1.462  -1.759  -2.500  -3.328   0
   3.83756590  -0.963  -1.418  -2.293  -3.225   0
   3.83876634  -0.699  -1.292  -2.253  -3.254   4
   3.83893013  -0.695  -1.353  -2.351  -3.380   0
   3.83906388  -0.720  -1.433  -2.462  -3.515   0
   3.84033179  -0.761  -1.600  -2.691  -3.796   0
   3.84071994  -0.774  -1.682  -2.805  -3.937   0
   3.84122896  -0.795  -1.773  -2.931  -4.090   0
   3.84174371  -0.816  -1.858  -3.046  -4.228   0
   3.84226441  -0.830  -1.937  -3.155  -4.364   0
   3.84280896  -0.834  -2.018  -3.270  -4.509   0
   3.84338355  -0.857  -2.121  -3.407  -4.677   0
   3.84387302  -0.845  -2.203  -3.530  -4.836   0
   3.84433842  -0.817  -2.287  -3.663  -5.011   0
   3.84473109  -0.771  -2.354  -3.778  -5.175   0
   3.84506321  -0.740  -2.427  -3.897  -5.337   0
   3.84534073  -0.696  -2.491  -4.007  -5.491   0
   3.84552193  -0.658  -2.535  -4.086  -5.604   0
   3.84570289  -0.649  -2.568  -4.150  -5.720   0
   3.84585977  -0.677  -2.592  -4.190  -5.805   0
   3.84599829  -0.709  -2.615  -4.226  -5.886   0
   3.84613109  -0.749  -2.636  -4.262  -5.981   0
   3.84624577  -0.759  -2.641  -4.270  -6.002   0
   3.84636617  -0.759  -2.640  -4.269  -6.003   2
   3.84652901  -0.754  -2.640  -4.267  -5.990   0
   3.84654117  -0.750  -2.639  -4.264  -5.981   0
   3.84658337  -0.786  -2.654  -4.290  -6.053   0
   3.84664965  -0.835  -2.674  -4.318  -6.134   0
   3.84666181  -0.866  -2.687  -4.335  -6.180   0
   3.84673500  -0.892  -2.698  -4.348  -6.215   0
   3.84679341  -0.913  -2.706  -4.359  -6.243   0
   3.84686637  -0.938  -2.710  -4.362  -6.275   0
   3.84693909  -0.988  -2.721  -4.366  -6.311   0
   3.84701204  -1.037  -2.732  -4.370  -6.346   0
   3.84708500  -1.082  -2.742  -4.372  -6.381   0
   3.84715796  -1.102  -2.745  -4.372  -6.398   0
   3.84721637  -1.112  -2.746  -4.372  -6.405   0
   3.84728909  -1.124  -2.747  -4.371  -6.415   0
   3.84736204  -1.135  -2.748  -4.370  -6.425   0
   3.84743500  -1.147  -2.749  -4.370  -6.436   0
   3.84778595  -1.172  -2.751  -4.368  -6.458   0
   3.84812355  -1.195  -2.752  -4.367  -6.480   0
   3.84846306  -1.216  -2.753  -4.365  -6.501   0
   3.84889030  -1.239  -2.752  -4.362  -6.527   0
   3.84932232  -1.259  -2.750  -4.357  -6.551   0
   3.84975934  -1.276  -2.747  -4.352  -6.575   0
   3.85020328  -1.291  -2.742  -4.346  -6.597   0
   3.85065532  -1.303  -2.736  -4.340  -6.620   0
   3.85111642  -1.312  -2.727  -4.332  -6.642   0
   3.85158110  -1.319  -2.718  -4.322  -6.663   0
   3.85203123  -1.323  -2.707  -4.313  -6.683   0
   3.85245919  -1.323  -2.695  -4.302  -6.702   0
   3.85286689  -1.321  -2.679  -4.288  -6.717   0
   3.85333228  -1.315  -2.650  -4.255  -6.726   0
   3.85377169  -1.310  -2.622  -4.224  -6.734   0
   3.85420728  -1.303  -2.594  -4.193  -6.741   0
   3.85455203  -1.295  -2.568  -4.165  -6.743   0
   3.85468578  -1.288  -2.556  -4.151  -6.741   0
   3.85474539  -1.283  -2.547  -4.142  -6.737   0
   3.85477304  -1.278  -2.541  -4.136  -6.733   0
   3.85478592  -1.275  -2.537  -4.132  -6.730   0
   3.85479283  -1.271  -2.533  -4.128  -6.727   0
   3.85479689  -1.269  -2.530  -4.125  -6.724   0
   3.85480022  -1.266  -2.527  -4.122  -6.721   0
   3.85480618  -1.262  -2.523  -4.118  -6.718   0
   3.85481286  -1.257  -2.518  -4.113  -6.713   0
   3.85481954  -1.253  -2.513  -4.108  -6.709   0
   3.85482621  -1.246  -2.507  -4.101  -6.703   0
   3.85483289  -1.237  -2.498  -4.092  -6.694   0
   3.85483956  -1.221  -2.480  -4.075  -6.678   0
   3.85484600  -1.202  -2.461  -4.056  -6.659   0
   3.85485268  -1.180  -2.439  -4.034  -6.637   0
   3.85485935  -1.156  -2.415  -4.010  -6.614   0
   3.85486603  -1.129  -2.387  -3.982  -6.587   0
   3.85487556  -1.097  -2.355  -3.950  -6.555   0
