   0.15000001  15.214  13.645  12.065  10.122   0
   0.20000000  13.692  12.459  11.050   9.358   0
   0.25000000  12.865  11.762  10.433   8.849   0
   0.30000001  12.300  11.246   9.966   8.450   0
   0.34999999  11.854  10.833   9.591   8.125   0
   0.40000001  11.431  10.428   9.212   7.780   0
   0.44999999  11.032  10.060   8.879   7.494   0
   0.50000000  10.554   9.628   8.493   7.168   0
   0.55000001   9.998   9.135   8.057   6.810   0
   0.60000002   9.378   8.620   7.604   6.442   0
   0.69999999   7.885   7.473   6.620   5.675   0
   0.80000001   6.566   6.480   5.794   5.014   0
   0.82668871   6.281   6.251   5.602   4.855   0
   0.89999998   5.590   5.671   5.118   4.452   0
   0.97021163   5.040   5.170   4.691   4.088   0
   1.00000000   4.833   4.971   4.518   3.941   0
   1.00042808   4.830   4.968   4.516   3.939   0
   1.06886470   4.396   4.535   4.136   3.618   0
   1.10000002   4.215   4.348   3.971   3.478   0
   1.15712166   3.907   4.018   3.682   3.242   0
   1.20000005   3.689   3.781   3.473   3.073   0
   1.23170841   3.536   3.607   3.324   2.964   0
   1.28716016   3.281   3.315   3.074   2.782   0
   1.29999995   3.225   3.251   3.019   2.742   0
   1.34874082   3.019   3.013   2.817   2.599   0
   1.35236192   3.004   2.997   2.804   2.590   0
   1.39999998   2.818   2.789   2.629   2.462   0
   1.41516328   2.759   2.723   2.573   2.420   0
   1.47032380   2.553   2.507   2.387   2.272   0
   1.50000000   2.446   2.398   2.292   2.192   0
   1.52346635   2.361   2.312   2.215   2.127   0
   1.57641935   2.171   2.120   2.042   1.975   0
   1.60000002   2.087   2.037   1.966   1.906   0
   1.60877466   2.056   2.007   1.938   1.881   0
   1.66971219   1.841   1.797   1.740   1.692   0
   1.70000005   1.734   1.689   1.635   1.590   0
   1.72240400   1.656   1.610   1.558   1.514   0
   1.76718009   1.502   1.447   1.395   1.348   1
   1.79999995   1.391   1.323   1.268   1.214   0
   1.80589867   1.372   1.302   1.245   1.190   0
   1.83893263   1.264   1.187   1.119   1.045   0
   1.86776376   1.175   1.086   1.002   0.907   0
   1.89338100   1.101   1.000   0.897   0.774   0
   1.89999998   1.081   0.981   0.871   0.739   0
   1.90476727   1.067   0.967   0.852   0.714   0
   1.91636908   1.029   0.928   0.804   0.654   0
   1.92412996   0.994   0.893   0.768   0.616   0
   1.92928731   0.959   0.856   0.739   0.596   0
   1.93331540   0.909   0.802   0.706   0.588   0
   1.93603313   0.821   0.736   0.677   0.605   0
   1.93679166   0.741   0.685   0.654   0.615   0
   1.93722272   0.631   0.621   0.619   0.611   0
   1.93725479   0.646   0.633   0.630   0.620   0
   1.93736565   0.755   0.712   0.687   0.656   4
   1.93750060   0.774   0.695   0.647   0.587   0
   1.93769848   0.734   0.631   0.554   0.457   0
   1.93799019   0.720   0.607   0.490   0.342   0
   1.93829000   0.732   0.619   0.464   0.266   0
   1.93840730   0.738   0.632   0.462   0.244   0
   1.93880999   0.768   0.683   0.463   0.179   0
   1.93929684   0.816   0.760   0.487   0.125   0
   1.93966293   0.870   0.835   0.517   0.094   0
   1.94005585   0.938   0.920   0.554   0.068   0
   1.94068158   1.075   1.068   0.630   0.060   0
   1.94133031   1.252   1.234   0.732   0.099   0
   1.94198227   1.487   1.443   0.879   0.191   0
   1.94262922   1.777   1.694   1.066   0.324   0
   1.94328308   2.014   1.872   1.184   0.394   4
   1.94444156   2.035   1.824   1.078   0.238   0
   1.94539714   1.949   1.697   0.925   0.064   0
   1.94620419   1.862   1.581   0.790  -0.085   0
   1.94726872   1.743   1.424   0.610  -0.283   0
   1.94810498   1.642   1.297   0.466  -0.441   0
   1.94901538   1.534   1.158   0.309  -0.613   0
   1.94987118   1.429   1.027   0.159  -0.776   0
   1.95072544   1.337   0.902   0.015  -0.937   0
   1.95152926   1.245   0.777  -0.126  -1.090   0
   1.95229006   1.164   0.663  -0.257  -1.237   0
   1.95306277   1.089   0.549  -0.392  -1.388   0
   1.95375144   1.021   0.446  -0.515  -1.526   0
   1.95445049   0.954   0.340  -0.641  -1.669   0
   1.95512509   0.893   0.239  -0.764  -1.809   0
   1.95580077   0.833   0.138  -0.887  -1.950   0
   1.95632184   0.797   0.069  -0.971  -2.047   2
   1.95639753   0.848   0.170  -0.847  -1.902   0
   1.95641398   0.891   0.244  -0.757  -1.799   0
   1.95643318   0.938   0.319  -0.665  -1.696   0
   1.95646048   0.989   0.404  -0.561  -1.576   0
   1.95650518   1.050   0.498  -0.449  -1.450   0
   1.95660925   1.136   0.625  -0.301  -1.285   0
   1.95680749   1.223   0.754  -0.149  -1.114   0
   1.95705521   1.291   0.855  -0.032  -0.983   0
   1.95789003   1.384   0.981   0.114  -0.821   0
   1.96007538   1.554   1.205   0.374  -0.533   0
   1.96190262   1.685   1.379   0.575  -0.311   0
   1.96481287   1.780   1.518   0.742  -0.121   0
   1.97079587   1.808   1.591   0.843   0.004   4
   2.00000000   1.667   1.450   0.704  -0.133   0
   2.01524806   1.591   1.373   0.629  -0.208   0
   2.05383039   1.373   1.155   0.415  -0.417   0
   2.06330872   1.315   1.097   0.359  -0.472   1
   2.09733844   1.124   0.900   0.161  -0.671   0
   2.12973499   1.032   0.770   0.004  -0.850   0
   2.14163518   1.014   0.693  -0.114  -0.999   0
   2.14345384   0.974   0.612  -0.223  -1.130   0
   2.14375043   0.932   0.540  -0.315  -1.239   0
   2.14383936   0.894   0.476  -0.396  -1.333   0
   2.14393067   0.822   0.355  -0.546  -1.505   0
   2.14400673   0.747   0.240  -0.681  -1.659   0
   2.14414382   0.666   0.109  -0.839  -1.838   0
   2.14456964   0.724   0.210  -0.715  -1.695   1
   2.14728236   0.616   0.027  -0.939  -1.952   0
   2.14788938   0.546  -0.098  -1.094  -2.131   0
   2.14848876   0.480  -0.231  -1.262  -2.327   0
   2.14901972   0.440  -0.354  -1.426  -2.525   0
   2.14937615   0.391  -0.458  -1.555  -2.676   0
   2.14963388   0.365  -0.535  -1.658  -2.799   0
   2.14986110   0.325  -0.628  -1.776  -2.937   0
   2.15004301   0.274  -0.732  -1.905  -3.086   0
   2.15018702   0.258  -0.815  -2.018  -3.227   0
   2.15032339   0.247  -0.898  -2.133  -3.371   0
   2.15045977   0.229  -0.989  -2.256  -3.523   0
   2.15059614   0.210  -1.083  -2.382  -3.678   0
   2.15074778   0.213  -1.167  -2.504  -3.833   0
   2.15086889   0.242  -1.257  -2.646  -4.026   0
   2.15089154   0.273  -1.295  -2.713  -4.123   0
   2.15089917   0.283  -1.300  -2.725  -4.142   0
   2.15091252   0.290  -1.311  -2.744  -4.169   0
   2.15092587   0.299  -1.322  -2.764  -4.197   0
   2.15093660   0.305  -1.331  -2.779  -4.219   0
   2.15094709   0.311  -1.340  -2.794  -4.241   0
   2.15095997   0.320  -1.350  -2.813  -4.267   0
   2.15097284   0.328  -1.361  -2.832  -4.294   0
   2.15098310   0.334  -1.370  -2.847  -4.316   0
   2.15099597   0.343  -1.381  -2.866  -4.343   0
   2.15100884   0.351  -1.391  -2.885  -4.370   0
   2.15102172   0.360  -1.402  -2.904  -4.397   0
   2.15103197   0.367  -1.411  -2.919  -4.418   0
   2.15104485   0.375  -1.421  -2.938  -4.445   0
   2.15105748   0.384  -1.432  -2.957  -4.472   0
   2.15106773   0.391  -1.441  -2.972  -4.494   0
   2.15108061   0.394  -1.445  -2.984  -4.519   0
   2.15109301   0.394  -1.447  -2.991  -4.542   0
   2.15110517   0.392  -1.448  -2.999  -4.566   0
   2.15111756   0.391  -1.450  -3.006  -4.589   0
   2.15112996   0.388  -1.452  -3.014  -4.613   0
   2.15114236   0.386  -1.454  -3.021  -4.636   0
   2.15115452   0.383  -1.456  -3.028  -4.657   0
   2.15119767   0.381  -1.456  -3.032  -4.674   0
   2.15124798   0.378  -1.458  -3.039  -4.697   0
   2.15129828   0.374  -1.460  -3.046  -4.720   0
   2.15134811   0.370  -1.462  -3.053  -4.742   0
   2.15139747   0.365  -1.464  -3.060  -4.765   0
   2.15144658   0.360  -1.467  -3.067  -4.787   0
   2.15149546   0.353  -1.469  -3.075  -4.810   0
   2.15154409   0.347  -1.472  -3.082  -4.832   0
   2.15159225   0.339  -1.475  -3.089  -4.855   0
   2.15163994   0.331  -1.479  -3.096  -4.877   0
   2.15168762   0.322  -1.482  -3.104  -4.899   0
   2.15173483   0.313  -1.486  -3.111  -4.922   0
   2.15178180   0.303  -1.490  -3.119  -4.944   0
   2.15182853   0.292  -1.495  -3.126  -4.966   0
   2.15187478   0.281  -1.499  -3.134  -4.989   0
   2.15192080   0.269  -1.504  -3.141  -5.011   0
   2.15196657   0.256  -1.509  -3.149  -5.033   0
   2.15201187   0.243  -1.509  -3.149  -5.054   2
   2.15205693   0.230  -1.507  -3.146  -5.074   0
   2.15210152   0.217  -1.505  -3.144  -5.093   0
   2.15214610   0.204  -1.502  -3.141  -5.113   0
   2.15219021   0.190  -1.500  -3.138  -5.133   0
   2.15223384   0.176  -1.498  -3.135  -5.153   0
   2.15227723   0.162  -1.496  -3.132  -5.172   0
   2.15232038   0.148  -1.494  -3.129  -5.192   0
   2.15236330   0.134  -1.492  -3.126  -5.212   0
   2.15240574   0.119  -1.491  -3.124  -5.231   0
   2.15244794   0.104  -1.489  -3.121  -5.251   0
   2.15248966   0.089  -1.487  -3.118  -5.271   0
   2.15253139   0.073  -1.486  -3.115  -5.290   0
   2.15257239   0.058  -1.484  -3.112  -5.310   0
   2.15261316   0.039  -1.484  -3.110  -5.330   0
   2.15265369   0.016  -1.487  -3.109  -5.351   0
   2.15269375  -0.006  -1.488  -3.108  -5.371   0
   2.15273380  -0.026  -1.489  -3.106  -5.391   0
   2.15277338  -0.044  -1.489  -3.104  -5.411   0
   2.15281248  -0.061  -1.487  -3.100  -5.430   0
   2.15285134  -0.076  -1.485  -3.097  -5.449   0
   2.15288997  -0.089  -1.482  -3.093  -5.468   0
   2.15292811  -0.101  -1.478  -3.088  -5.486   0
   2.15296602  -0.111  -1.473  -3.082  -5.504   0
   2.15300369  -0.107  -1.450  -3.056  -5.512   0
   2.15304065  -0.102  -1.427  -3.030  -5.519   0
   2.15307784  -0.098  -1.403  -3.005  -5.527   0
   2.15311432  -0.094  -1.380  -2.979  -5.534   0
   2.15315056  -0.089  -1.357  -2.953  -5.541   0
   2.15318656  -0.085  -1.334  -2.928  -5.549   0
   2.15322208  -0.081  -1.311  -2.902  -5.556   0
   2.15325737  -0.076  -1.288  -2.877  -5.563   0
   2.15329242  -0.072  -1.266  -2.851  -5.569   0
   2.15332747  -0.067  -1.243  -2.826  -5.576   0
   2.15336227  -0.062  -1.220  -2.801  -5.583   0
   2.15339661  -0.057  -1.197  -2.775  -5.589   0
   2.15343118  -0.051  -1.173  -2.748  -5.594   0
   2.15346360  -0.042  -1.145  -2.718  -5.596   0
   2.15349460  -0.025  -1.108  -2.678  -5.593   0
   2.15350819   0.005  -1.060  -2.628  -5.573   0
   2.15351272   0.063  -0.978  -2.542  -5.531   0
   2.15351415   0.089  -0.941  -2.503  -5.511   1
   2.15351415   0.094  -0.934  -2.497  -5.508   0
   2.15351415   0.098  -0.927  -2.489  -5.505   0
   2.15351415   0.104  -0.919  -2.481  -5.501   0
   2.15351510   0.110  -0.911  -2.472  -5.497   0
