   0.15000001  15.217  13.648  12.068  10.124   0
   0.20000000  13.703  12.468  11.058   9.364   0
   0.25000000  12.883  11.778  10.447   8.863   0
   0.30000001  12.322  11.267   9.987   8.469   0
   0.34999999  11.877  10.856   9.614   8.147   0
   0.40000001  11.436  10.433   9.217   7.785   0
   0.44999999  11.040  10.068   8.887   7.502   0
   0.50000000  10.567   9.640   8.504   7.178   0
   0.55000001  10.015   9.150   8.071   6.822   0
   0.60000002   9.405   8.643   7.625   6.460   0
   0.69999999   7.941   7.517   6.658   5.707   0
   0.80000001   6.649   6.547   5.851   5.063   0
   0.89999998   5.687   5.761   5.196   4.520   0
   1.00000000   4.944   5.083   4.620   4.033   0
   1.10000002   4.347   4.488   4.102   3.597   0
   1.20000005   3.854   3.962   3.642   3.224   0
   1.29999995   3.430   3.478   3.229   2.925   0
   1.39999998   3.064   3.052   2.878   2.694   0
   1.50000000   2.738   2.702   2.596   2.505   0
   1.60000002   2.442   2.429   2.375   2.345   0
   1.70000005   2.170   2.205   2.187   2.194   0
   1.79999995   1.925   2.012   2.020   2.049   0
   1.89999998   1.700   1.840   1.868   1.914   0
   2.00000000   1.495   1.683   1.727   1.785   0
   2.08721089   1.328   1.552   1.607   1.673   0
   2.20000005   1.122   1.392   1.459   1.533   0
   2.50000000   0.642   1.012   1.101   1.195   0
   2.67687869   0.392   0.808   0.907   1.010   0
   3.00000000  -0.036   0.453   0.567   0.685   0
   3.10938168  -0.168   0.340   0.459   0.582   0
   3.44450235  -0.561   0.000   0.132   0.265   0
   3.50000000  -0.624  -0.056   0.077   0.212   0
   3.74428868  -0.891  -0.294  -0.154  -0.012   0
   3.97471142  -1.146  -0.527  -0.381  -0.234   0
   4.00000000  -1.174  -0.553  -0.406  -0.259   0
   4.18875504  -1.395  -0.762  -0.611  -0.461   0
   4.35794783  -1.605  -0.964  -0.811  -0.660   0
   4.50000000  -1.793  -1.151  -0.996  -0.846   1
   4.50745916  -1.803  -1.161  -1.006  -0.856   0
   4.63264656  -1.983  -1.343  -1.189  -1.041   0
   4.73999166  -2.152  -1.519  -1.366  -1.222   0
   4.83170557  -2.312  -1.690  -1.540  -1.400   0
   4.90998602  -2.463  -1.856  -1.709  -1.575   0
   4.94471836  -2.535  -1.936  -1.790  -1.659   0
   4.97684479  -2.603  -2.009  -1.864  -1.735   0
   4.99651957  -2.641  -2.047  -1.903  -1.774   0
   5.00000000  -2.647  -2.051  -1.907  -1.778   0
   5.01205349  -2.666  -2.067  -1.921  -1.791   3
   5.02293825  -2.673  -2.060  -1.911  -1.777   0
   5.03041649  -2.661  -2.017  -1.861  -1.717   0
   5.03259182  -2.655  -1.986  -1.824  -1.672   0
   5.03387642  -2.660  -1.965  -1.797  -1.637   0
   5.03404760  -2.649  -1.956  -1.789  -1.630   0
   5.03439331  -2.614  -1.948  -1.787  -1.635   0
   5.03473949  -2.668  -2.031  -1.877  -1.735   0
   5.03518391  -2.794  -2.187  -2.040  -1.909   0
   5.03572702  -2.920  -2.349  -2.209  -2.089   0
   5.03619576  -3.005  -2.463  -2.330  -2.220   0
   5.03671408  -3.082  -2.574  -2.449  -2.350   0
   5.03730631  -3.155  -2.688  -2.571  -2.484   0
   5.03792286  -3.224  -2.806  -2.699  -2.626   0
   5.03836679  -3.267  -2.889  -2.788  -2.726   0
   5.03881073  -3.304  -2.974  -2.881  -2.830   0
   5.03927517  -3.337  -3.062  -2.978  -2.941   0
   5.03971529  -3.361  -3.152  -3.081  -3.059   0
   5.04017973  -3.372  -3.245  -3.189  -3.186   0
   5.04064369  -3.355  -3.333  -3.298  -3.322   0
   5.04086351  -3.335  -3.373  -3.352  -3.393   0
   5.04110718  -3.294  -3.393  -3.396  -3.466   0
   5.04132700  -3.238  -3.391  -3.429  -3.539   0
   5.04157114  -3.162  -3.355  -3.442  -3.614   3
   5.04179049  -3.063  -3.267  -3.428  -3.688   0
   5.04201031  -2.938  -3.122  -3.385  -3.759   0
   5.04222965  -2.764  -2.925  -3.309  -3.821   0
   5.04247332  -2.460  -2.642  -3.191  -3.863   0
   5.04269314  -2.060  -2.341  -3.049  -3.850   0
   5.04286337  -1.780  -2.139  -2.929  -3.794   0
   5.04310751  -1.482  -1.936  -2.804  -3.729   0
   5.04325342  -1.351  -1.860  -2.769  -3.726   4
   5.04347420  -1.233  -1.864  -2.844  -3.856   0
   5.04364538  -1.233  -1.941  -2.964  -4.010   0
   5.04389048  -1.250  -2.027  -3.087  -4.162   0
   5.04442930  -1.244  -2.099  -3.196  -4.303   0
   5.04511452  -1.249  -2.174  -3.304  -4.438   0
   5.04587317  -1.256  -2.253  -3.418  -4.580   0
   5.04702282  -1.294  -2.346  -3.538  -4.721   0
   5.04858732  -1.301  -2.361  -3.556  -4.741   2
   5.07405901  -1.304  -2.297  -3.461  -4.620   0
   5.09181547  -1.309  -2.232  -3.362  -4.494   0
   5.10757828  -1.340  -2.183  -3.275  -4.375   0
   5.12575817  -1.394  -2.153  -3.204  -4.269   0
   5.14095068  -1.501  -2.191  -3.201  -4.235   4
   5.15306282  -1.906  -2.452  -3.374  -4.337   0
   5.15685463  -2.324  -2.725  -3.531  -4.404   0
   5.15990496  -2.672  -2.961  -3.645  -4.426   0
   5.16235828  -2.920  -3.144  -3.723  -4.418   0
   5.16412020  -3.080  -3.273  -3.775  -4.404   0
   5.16600037  -3.199  -3.386  -3.820  -4.380   0
   5.16840267  -3.321  -3.510  -3.867  -4.349   0
   5.17073298  -3.411  -3.610  -3.905  -4.318   0
   5.17365551  -3.501  -3.713  -3.939  -4.276   0
   5.17645788  -3.577  -3.794  -3.961  -4.236   0
   5.17987585  -3.657  -3.871  -3.979  -4.188   0
   5.18314838  -3.723  -3.914  -3.983  -4.144   3
   5.18691683  -3.786  -3.941  -3.977  -4.094   0
   5.19108438  -3.845  -3.956  -3.962  -4.042   0
   5.19555569  -3.888  -3.942  -3.930  -3.988   0
   5.20070791  -3.926  -3.925  -3.895  -3.934   0
   5.20724678  -3.956  -3.902  -3.861  -3.885   0
   5.21676731  -3.983  -3.898  -3.850  -3.866   0
   5.22949743  -3.998  -3.962  -3.925  -3.956   0
   5.23645782  -4.001  -4.013  -3.987  -4.031   0
   5.24563026  -3.983  -4.063  -4.060  -4.131   0
   5.25162268  -3.954  -4.087  -4.109  -4.211   0
   5.25639439  -3.917  -4.098  -4.149  -4.288   0
   5.25881052  -3.861  -4.067  -4.157  -4.346   0
   5.26239204  -3.781  -4.003  -4.159  -4.424   0
   5.26430798  -3.715  -3.935  -4.149  -4.477   0
   5.26537514  -3.642  -3.851  -4.127  -4.522   0
   5.26670170  -3.525  -3.723  -4.090  -4.582   0
   5.26792622  -3.327  -3.530  -4.020  -4.635   0
   5.26864815  -3.062  -3.314  -3.934  -4.662   0
   5.26916885  -2.745  -3.089  -3.833  -4.658   0
   5.26960945  -2.406  -2.865  -3.714  -4.618   0
   5.27007008  -1.995  -2.585  -3.530  -4.510   0
   5.27039003  -1.708  -2.409  -3.422  -4.456   4
   5.27062321  -1.543  -2.363  -3.442  -4.529   0
   5.27077150  -1.490  -2.411  -3.539  -4.667   0
   5.27163982  -1.470  -2.496  -3.674  -4.843   0
   5.27193594  -1.471  -2.561  -3.770  -4.963   0
   5.27233839  -1.462  -2.631  -3.876  -5.100   0
   5.27295160  -1.474  -2.721  -4.000  -5.254   0
   5.27371311  -1.460  -2.793  -4.109  -5.396   0
   5.27457952  -1.436  -2.863  -4.220  -5.542   0
   5.27531862  -1.404  -2.921  -4.317  -5.673   0
   5.27597332  -1.365  -2.970  -4.405  -5.799   0
   5.27650070  -1.318  -3.013  -4.486  -5.918   0
   5.27694368  -1.287  -3.059  -4.565  -6.030   0
   5.27736568  -1.254  -3.109  -4.652  -6.151   0
   5.27789259  -1.282  -3.190  -4.757  -6.276   0
   5.27812433  -1.267  -3.233  -4.825  -6.367   0
   5.27839851  -1.281  -3.258  -4.868  -6.450   0
   5.27848244  -1.288  -3.265  -4.877  -6.464   0
