   0.15000001  15.214  13.646  12.066  10.123   0
   0.20000000  13.694  12.461  11.052   9.360   0
   0.25000000  12.869  11.766  10.436   8.852   0
   0.30000001  12.305  11.251   9.971   8.454   0
   0.34999999  11.859  10.838   9.597   8.130   0
   0.40000001  11.432  10.429   9.213   7.781   0
   0.44999999  11.034  10.062   8.881   7.496   0
   0.50000000  10.557   9.631   8.495   7.170   0
   0.55000001  10.002   9.138   8.060   6.813   0
   0.60000002   9.384   8.625   7.609   6.446   0
   0.69999999   7.898   7.484   6.629   5.682   0
   0.80000001   6.586   6.495   5.807   5.026   0
   0.86997384   5.881   5.919   5.326   4.626   0
   0.89999998   5.608   5.688   5.134   4.465   0
   0.90416390   5.574   5.658   5.107   4.443   0
   1.00000000   4.856   4.994   4.539   3.961   0
   1.04201639   4.590   4.729   4.308   3.765   0
   1.10000002   4.246   4.380   4.001   3.505   0
   1.13241220   4.072   4.195   3.839   3.373   0
   1.20000005   3.728   3.824   3.513   3.109   0
   1.20508325   3.704   3.797   3.490   3.092   0
   1.28493583   3.338   3.379   3.133   2.833   0
   1.29999995   3.274   3.305   3.069   2.788   0
   1.34716880   3.080   3.079   2.879   2.656   0
   1.39999998   2.876   2.850   2.689   2.524   0
   1.40458500   2.858   2.829   2.672   2.512   0
   1.41085386   2.834   2.802   2.650   2.495   0
   1.47166324   2.615   2.573   2.457   2.350   0
   1.50000000   2.517   2.473   2.372   2.282   0
   1.53632271   2.391   2.346   2.262   2.193   0
   1.60000002   2.178   2.145   2.083   2.037   0
   1.66348350   1.970   1.949   1.906   1.879   0
   1.70000005   1.849   1.835   1.801   1.782   0
   1.74629414   1.701   1.695   1.670   1.659   0
   1.79999995   1.528   1.530   1.513   1.506   0
   1.81494999   1.481   1.484   1.469   1.464   0
   1.87195718   1.300   1.304   1.293   1.289   0
   1.89999998   1.211   1.211   1.200   1.195   0
   1.92030871   1.148   1.144   1.134   1.128   1
   1.96412849   1.011   0.993   0.980   0.968   0
   2.00000000   0.901   0.868   0.847   0.823   0
   2.00219011   0.894   0.861   0.839   0.814   0
   2.03524780   0.798   0.743   0.710   0.670   0
   2.06456137   0.715   0.638   0.589   0.530   0
   2.07798100   0.678   0.593   0.537   0.466   0
   2.09061408   0.638   0.547   0.484   0.405   0
   2.09918165   0.604   0.511   0.447   0.367   0
   2.10487056   0.570   0.480   0.422   0.348   0
   2.10941958   0.522   0.443   0.401   0.344   0
   2.11249924   0.442   0.407   0.394   0.369   0
   2.11336184   0.370   0.380   0.388   0.387   0
   2.11385775   0.270   0.340   0.371   0.391   0
   2.11389279   0.285   0.351   0.381   0.400   0
   2.11401606   0.393   0.417   0.430   0.435   4
   2.11416388   0.407   0.384   0.377   0.361   0
   2.11437821   0.358   0.291   0.263   0.220   0
   2.11468983   0.339   0.236   0.175   0.091   0
   2.11500239   0.346   0.223   0.130   0.005   0
   2.11512446   0.353   0.228   0.121  -0.023   0
   2.11550665   0.381   0.258   0.106  -0.094   3
   2.11596513   0.422   0.322   0.112  -0.163   0
   2.11631155   0.468   0.391   0.137  -0.201   0
   2.11667991   0.530   0.477   0.172  -0.236   0
   2.11706972   0.616   0.584   0.220  -0.264   0
   2.11747384   0.726   0.707   0.282  -0.275   0
   2.11809635   0.941   0.911   0.404  -0.234   0
   2.11872101   1.222   1.159   0.579  -0.124   0
   2.11913514   1.446   1.355   0.726  -0.018   0
   2.11976004   1.706   1.547   0.851   0.054   4
   2.12055779   1.717   1.500   0.753  -0.087   0
   2.12122631   1.661   1.405   0.632  -0.228   0
   2.12204719   1.573   1.280   0.484  -0.394   0
   2.12282276   1.482   1.158   0.343  -0.550   0
   2.12357044   1.390   1.039   0.206  -0.701   0
   2.12431121   1.300   0.921   0.070  -0.851   0
   2.12507582   1.203   0.797  -0.071  -1.007   0
   2.12586665   1.116   0.675  -0.213  -1.165   0
   2.12661052   1.033   0.559  -0.346  -1.312   0
   2.12728071   0.966   0.458  -0.464  -1.445   0
   2.12793255   0.893   0.355  -0.584  -1.577   0
   2.12859559   0.827   0.253  -0.705  -1.714   0
   2.12924147   0.767   0.155  -0.825  -1.851   0
   2.12984419   0.711   0.063  -0.937  -1.979   0
   2.13028932   0.675   0.003  -1.011  -2.062   2
   2.13042402   0.721   0.082  -0.912  -1.950   0
   2.13049436   0.756   0.143  -0.837  -1.863   0
   2.13059688   0.795   0.206  -0.761  -1.777   0
   2.13083816   0.853   0.300  -0.646  -1.646   0
   2.13124251   0.915   0.395  -0.534  -1.520   0
   2.13235974   1.001   0.520  -0.389  -1.358   0
   2.13367224   1.075   0.635  -0.253  -1.204   0
   2.13472414   1.150   0.745  -0.123  -1.057   0
   2.13603592   1.258   0.887   0.042  -0.875   0
   2.13771415   1.379   1.047   0.228  -0.669   0
   2.13980246   1.486   1.193   0.399  -0.478   0
   2.14369702   1.550   1.304   0.540  -0.313   0
   2.14909291   1.540   1.331   0.595  -0.235   4
   2.19841266   1.307   1.098   0.366  -0.460   0
   2.20000005   1.299   1.089   0.358  -0.468   0
   2.23586178   1.088   0.879   0.152  -0.669   0
   2.25252104   0.984   0.775   0.052  -0.767   1
   2.29005814   0.780   0.563  -0.162  -0.982   0
   2.32742739   0.757   0.482  -0.291  -1.149   0
   2.33618784   0.778   0.430  -0.393  -1.290   0
   2.33695221   0.737   0.345  -0.508  -1.429   0
   2.33709145   0.698   0.279  -0.593  -1.528   0
   2.33718824   0.635   0.168  -0.731  -1.689   0
   2.33728814   0.557   0.040  -0.886  -1.866   0
   2.33741093   0.513  -0.030  -0.970  -1.961   0
   2.33790684   0.541   0.019  -0.909  -1.892   1
   2.34024119   0.457  -0.119  -1.076  -2.082   0
   2.34093785   0.366  -0.292  -1.294  -2.334   0
   2.34142828   0.316  -0.406  -1.443  -2.510   0
   2.34191847   0.265  -0.526  -1.596  -2.692   0
   2.34238434   0.225  -0.646  -1.754  -2.883   0
   2.34283328   0.158  -0.786  -1.929  -3.085   0
   2.34314704   0.144  -0.873  -2.051  -3.236   0
   2.34338379   0.108  -0.961  -2.162  -3.368   0
   2.34354305   0.091  -1.035  -2.261  -3.490   0
   2.34369040   0.084  -1.114  -2.372  -3.630   0
   2.34382010   0.071  -1.198  -2.487  -3.773   0
   2.34394360   0.061  -1.283  -2.604  -3.918   0
   2.34406424   0.074  -1.354  -2.713  -4.059   0
   2.34419680   0.115  -1.406  -2.805  -4.193   0
   2.34431148   0.140  -1.490  -2.935  -4.369   0
   2.34433222   0.158  -1.544  -3.021  -4.485   0
   2.34435487   0.187  -1.556  -3.050  -4.531   0
   2.34436989   0.196  -1.566  -3.068  -4.557   0
   2.34438515   0.204  -1.577  -3.086  -4.583   0
   2.34440017   0.212  -1.587  -3.105  -4.609   0
   2.34441519   0.221  -1.597  -3.123  -4.635   0
   2.34443021   0.230  -1.607  -3.141  -4.661   0
   2.34444499   0.236  -1.616  -3.157  -4.686   0
   2.34445977   0.235  -1.617  -3.164  -4.709   0
   2.34447432   0.234  -1.619  -3.171  -4.731   0
   2.34448910   0.232  -1.620  -3.178  -4.754   0
   2.34450388   0.229  -1.622  -3.186  -4.777   0
   2.34451866   0.226  -1.624  -3.193  -4.799   0
   2.34453321   0.223  -1.626  -3.200  -4.822   0
   2.34454799   0.220  -1.628  -3.207  -4.845   0
   2.34456229   0.217  -1.630  -3.214  -4.867   0
   2.34457660   0.212  -1.632  -3.221  -4.889   0
   2.34459114   0.208  -1.634  -3.228  -4.912   0
   2.34460545   0.202  -1.637  -3.235  -4.933   0
   2.34461975   0.199  -1.638  -3.239  -4.950   0
   2.34463429   0.195  -1.639  -3.244  -4.966   0
   2.34468675   0.190  -1.641  -3.249  -4.984   0
   2.34474826   0.182  -1.644  -3.256  -5.006   0
   2.34480929   0.175  -1.647  -3.263  -5.027   0
   2.34486985   0.166  -1.651  -3.271  -5.049   0
   2.34493017   0.157  -1.655  -3.278  -5.071   0
   2.34499002   0.148  -1.659  -3.285  -5.093   0
   2.34504938   0.137  -1.663  -3.293  -5.115   0
   2.34510827   0.126  -1.667  -3.300  -5.137   0
   2.34516692   0.115  -1.672  -3.307  -5.158   0
   2.34522510   0.103  -1.677  -3.315  -5.180   0
   2.34528279   0.090  -1.682  -3.322  -5.202   0
   2.34534025   0.077  -1.685  -3.327  -5.223   2
   2.34539700   0.064  -1.682  -3.324  -5.242   0
   2.34545350   0.051  -1.680  -3.321  -5.261   0
   2.34550953   0.038  -1.678  -3.318  -5.281   0
   2.34556532   0.025  -1.676  -3.316  -5.300   0
   2.34562039   0.011  -1.674  -3.313  -5.319   0
   2.34567523  -0.003  -1.672  -3.310  -5.339   0
   2.34572959  -0.017  -1.670  -3.307  -5.358   0
   2.34578347  -0.031  -1.669  -3.305  -5.377   0
   2.34583712  -0.045  -1.667  -3.302  -5.396   0
   2.34589005  -0.060  -1.666  -3.299  -5.415   0
   2.34594274  -0.075  -1.664  -3.296  -5.434   0
   2.34599495  -0.090  -1.663  -3.294  -5.454   0
   2.34604669  -0.110  -1.664  -3.292  -5.473   0
   2.34609795  -0.134  -1.667  -3.292  -5.494   0
   2.34614897  -0.157  -1.669  -3.291  -5.515   0
   2.34619951  -0.178  -1.670  -3.290  -5.535   0
   2.34624958  -0.198  -1.671  -3.288  -5.555   0
   2.34629917  -0.215  -1.670  -3.285  -5.574   0
   2.34634829  -0.232  -1.669  -3.282  -5.593   0
   2.34639716  -0.246  -1.667  -3.279  -5.612   0
   2.34644532  -0.259  -1.664  -3.274  -5.630   0
   2.34649324  -0.271  -1.660  -3.270  -5.648   0
   2.34654093  -0.280  -1.655  -3.265  -5.665   0
   2.34658790  -0.288  -1.648  -3.257  -5.681   0
   2.34663439  -0.284  -1.627  -3.233  -5.689   0
   2.34667134  -0.280  -1.609  -3.213  -5.694   0
   2.34670806  -0.277  -1.591  -3.194  -5.700   0
   2.34674478  -0.274  -1.574  -3.174  -5.706   0
   2.34678102  -0.271  -1.556  -3.155  -5.711   0
   2.34681726  -0.267  -1.539  -3.135  -5.717   0
   2.34685349  -0.264  -1.521  -3.116  -5.722   0
   2.34689832  -0.260  -1.500  -3.091  -5.729   0
   2.34694314  -0.255  -1.478  -3.067  -5.735   0
   2.34698749  -0.251  -1.456  -3.043  -5.742   0
   2.34703183  -0.246  -1.435  -3.019  -5.748   0
   2.34707618  -0.242  -1.413  -2.995  -5.754   0
   2.34712005  -0.236  -1.390  -2.970  -5.759   0
   2.34716082  -0.228  -1.366  -2.943  -5.761   0
   2.34720397  -0.213  -1.332  -2.907  -5.758   0
   2.34722304  -0.194  -1.300  -2.874  -5.746   0
   2.34723020  -0.163  -1.259  -2.831  -5.722   0
   2.34723282  -0.143  -1.232  -2.803  -5.707   0
   2.34723425  -0.128  -1.212  -2.782  -5.695   0
   2.34723544  -0.113  -1.191  -2.760  -5.683   0
   2.34723687  -0.096  -1.168  -2.737  -5.670   0
   2.34723830  -0.077  -1.143  -2.710  -5.655   0
   2.34724021  -0.057  -1.116  -2.682  -5.639   0
