   0.15000001  15.217  13.648  12.068  10.124   0
   0.20000000  13.704  12.469  11.059   9.365   0
   0.25000000  12.885  11.780  10.449   8.864   0
   0.30000001  12.325  11.270   9.989   8.471   0
   0.34999999  11.880  10.859   9.617   8.149   0
   0.40000001  11.437  10.434   9.217   7.785   0
   0.44999999  11.041  10.069   8.888   7.502   0
   0.50000000  10.569   9.642   8.505   7.179   0
   0.55000001  10.017   9.152   8.073   6.824   0
   0.60000002   9.408   8.646   7.629   6.463   0
   0.69999999   7.949   7.523   6.664   5.711   0
   0.80000001   6.661   6.556   5.859   5.070   0
   0.89999998   5.705   5.778   5.213   4.536   0
   1.00000000   4.962   5.100   4.636   4.047   0
   1.10000002   4.365   4.508   4.120   3.614   0
   1.20000005   3.875   3.985   3.664   3.244   0
   1.29999995   3.451   3.501   3.252   2.946   0
   1.39999998   3.086   3.077   2.901   2.716   0
   1.50000000   2.768   2.734   2.626   2.533   0
   1.60000002   2.475   2.463   2.408   2.379   0
   1.70000005   2.207   2.245   2.228   2.237   0
   1.79999995   1.967   2.061   2.071   2.103   0
   1.89999998   1.754   1.905   1.937   1.986   0
   2.00000000   1.554   1.760   1.809   1.871   0
   2.02287054   1.513   1.730   1.781   1.846   0
   2.20000005   1.209   1.505   1.576   1.657   0
   2.50000000   0.775   1.176   1.269   1.371   0
   3.00000000   0.190   0.714   0.834   0.962   0
   3.50000000  -0.275   0.333   0.472   0.620   0
   4.00000000  -0.668   0.004   0.160   0.325   0
   4.50000000  -1.006  -0.283  -0.114   0.064   0
   5.00000000  -1.302  -0.536  -0.355  -0.165   0
   6.00000000  -1.843  -1.006  -0.807  -0.597   0
   6.17944479  -1.931  -1.083  -0.881  -0.668   0
   7.00000000  -2.306  -1.412  -1.197  -0.970   0
   8.49530602  -2.912  -1.956  -1.723  -1.478   0
   9.00000000  -3.101  -2.126  -1.889  -1.638   0
  10.22285175  -3.511  -2.499  -2.251  -1.988   0
  12.00000000  -4.092  -3.038  -2.776  -2.500   0
  12.73805428  -4.310  -3.242  -2.976  -2.695   0
  14.77455235  -4.932  -3.837  -3.564  -3.278   0
  15.00000000  -5.006  -3.910  -3.637  -3.351   1
  16.35903168  -5.400  -4.298  -4.027  -3.744   0
  17.75131989  -5.853  -4.763  -4.499  -4.225   0
  18.84305191  -6.264  -5.210  -4.958  -4.700   0
  19.29813957  -6.482  -5.443  -5.201  -4.957   0
  19.54730988  -6.599  -5.564  -5.327  -5.089   0
  19.61779785  -6.603  -5.562  -5.323  -5.081   0
  19.68089867  -6.554  -5.497  -5.246  -4.990   0
  19.68923569  -6.548  -5.469  -5.210  -4.943   0
  19.69039726  -6.548  -5.466  -5.205  -4.937   1
  19.69394112  -6.566  -5.501  -5.246  -4.985   0
  19.69522858  -6.601  -5.546  -5.296  -5.042   0
  19.69660187  -6.684  -5.638  -5.397  -5.154   0
  19.69776344  -6.762  -5.730  -5.497  -5.263   0
  19.69882011  -6.830  -5.818  -5.592  -5.367   0
  19.69976997  -6.897  -5.907  -5.686  -5.470   0
  19.70061493  -6.954  -5.990  -5.774  -5.565   0
  19.70135307  -7.004  -6.066  -5.855  -5.652   0
  19.70209312  -7.056  -6.147  -5.942  -5.746   0
  19.70283127  -7.116  -6.233  -6.034  -5.846   0
  19.70357132  -7.206  -6.326  -6.140  -5.968   0
  19.70431137  -7.283  -6.425  -6.249  -6.090   0
  19.70483780  -7.333  -6.499  -6.328  -6.179   0
  19.70563698  -7.411  -6.621  -6.459  -6.324   0
  19.70630455  -7.472  -6.730  -6.577  -6.453   0
  19.70697021  -7.539  -6.847  -6.704  -6.594   0
  19.70750427  -7.613  -6.940  -6.813  -6.723   0
  19.70817184  -7.690  -7.080  -6.966  -6.894   0
  19.70870399  -7.738  -7.215  -7.107  -7.044   0
  19.70910454  -7.779  -7.319  -7.218  -7.166   0
  19.70950508  -7.823  -7.429  -7.338  -7.300   0
  19.71003723  -7.894  -7.561  -7.495  -7.490   0
  19.71043777  -7.932  -7.682  -7.633  -7.655   0
  19.71097183  -7.940  -7.815  -7.797  -7.857   0
  19.71123695  -7.939  -7.858  -7.865  -7.955   0
  19.71150398  -7.901  -7.908  -7.938  -8.058   0
  19.71190453  -7.793  -7.952  -8.014  -8.189   0
  19.71230507  -7.629  -7.886  -8.028  -8.309   3
  19.71283722  -7.331  -7.630  -7.973  -8.448   0
  19.71350479  -6.695  -7.118  -7.788  -8.540   0
  19.71403694  -5.760  -6.519  -7.522  -8.520   0
  19.71457100  -4.738  -5.951  -7.214  -8.412   0
  19.71512604  -4.337  -5.773  -7.142  -8.430   0
  19.71526527  -4.313  -5.776  -7.158  -8.457   0
  19.71568108  -4.277  -5.802  -7.210  -8.532   0
  19.71595955  -4.255  -5.820  -7.247  -8.584   0
  19.71665382  -4.227  -5.840  -7.288  -8.643   0
  19.72068214  -4.186  -5.893  -7.383  -8.773   2
  19.75558090  -4.289  -5.915  -7.370  -8.729   0
  19.79398727  -4.404  -5.942  -7.358  -8.683   0
  19.85417366  -4.566  -6.012  -7.387  -8.676   0
  19.87494850  -4.770  -6.120  -7.453  -8.702   0
  19.87630653  -4.904  -6.192  -7.494  -8.718   0
  19.87663841  -4.974  -6.227  -7.512  -8.722   0
  19.87681198  -5.004  -6.243  -7.520  -8.724   0
  19.87706947  -5.040  -6.261  -7.529  -8.726   0
  19.87757492  -5.088  -6.286  -7.542  -8.730   0
  19.87817764  -5.128  -6.307  -7.553  -8.733   0
  19.87878227  -5.159  -6.323  -7.562  -8.737   0
  19.87939835  -5.186  -6.338  -7.571  -8.740   0
  19.88064384  -5.235  -6.365  -7.586  -8.746   0
  19.88238335  -5.299  -6.400  -7.607  -8.755   0
  19.88428688  -5.366  -6.437  -7.628  -8.765   0
  19.88674545  -5.450  -6.484  -7.656  -8.777   0
  19.88924980  -5.530  -6.529  -7.682  -8.788   0
  19.89226532  -5.620  -6.582  -7.710  -8.799   0
  19.89726257  -6.460  -7.084  -7.963  -8.868   3
  19.93783760  -7.898  -7.296  -7.183  -7.115   1
  19.94482994  -7.895  -7.285  -7.173  -7.103   0
  19.94970131  -7.893  -7.277  -7.165  -7.096   0
  19.95321274  -7.891  -7.272  -7.160  -7.090   0
  19.95631218  -7.889  -7.268  -7.155  -7.085   0
  20.00000000  -7.917  -7.337  -7.226  -7.159   0
  20.02226448  -7.927  -7.363  -7.253  -7.187   0
  20.08554459  -7.964  -7.459  -7.351  -7.290   0
  20.17635155  -8.014  -7.559  -7.459  -7.408   0
  20.26122093  -8.063  -7.667  -7.576  -7.538   0
  20.32077026  -8.098  -7.747  -7.664  -7.637   0
  20.36816025  -8.145  -7.811  -7.744  -7.739   0
  20.40551376  -8.157  -7.826  -7.762  -7.761   0
  20.43726730  -8.180  -7.895  -7.841  -7.854   0
  20.46394157  -8.193  -7.964  -7.918  -7.943   0
  20.48567772  -8.192  -8.040  -8.001  -8.036   0
  20.50303459  -8.202  -8.078  -8.060  -8.121   0
  20.52104378  -8.205  -8.114  -8.124  -8.217   0
  20.53381920  -8.188  -8.139  -8.175  -8.297   0
  20.54926300  -8.135  -8.201  -8.250  -8.392   0
  20.56045914  -8.066  -8.218  -8.283  -8.461   0
  20.57289886  -7.953  -8.178  -8.296  -8.543   3
  20.58086395  -7.858  -8.119  -8.290  -8.600   0
  20.58883667  -7.728  -8.019  -8.273  -8.669   0
  20.59661484  -7.549  -7.866  -8.239  -8.741   0
  20.60419655  -7.311  -7.671  -8.183  -8.804   0
  20.60768318  -7.120  -7.526  -8.133  -8.831   0
  20.61137581  -6.756  -7.272  -8.036  -8.857   0
  20.61301804  -6.436  -7.069  -7.952  -8.859   0
  20.61486626  -6.110  -6.869  -7.863  -8.851   0
  20.61753464  -5.463  -6.497  -7.669  -8.789   0
  20.61938477  -5.026  -6.257  -7.529  -8.729   0
  20.62273979  -4.666  -6.114  -7.492  -8.778   4
  20.81471062  -4.548  -6.127  -7.563  -8.898   0
  20.89639473  -4.502  -6.175  -7.652  -9.025   0
  20.90244102  -4.539  -6.244  -7.735  -9.122   0
  20.90546036  -4.532  -6.237  -7.727  -9.114   0
  20.91291618  -4.587  -6.333  -7.841  -9.244   0
