   0.15000001  15.212  13.644  12.065  10.122   0
   0.20000000  13.689  12.457  11.048   9.356   0
   0.25000000  12.859  11.757  10.428   8.846   0
   0.30000001  12.293  11.239   9.960   8.444   0
   0.34999999  11.847  10.826   9.585   8.118   0
   0.40000001  11.429  10.426   9.210   7.779   0
   0.44999999  11.029  10.058   8.877   7.492   0
   0.50000000  10.550   9.624   8.489   7.165   0
   0.55000001   9.993   9.130   8.053   6.806   0
   0.60000002   9.370   8.613   7.598   6.437   0
   0.69999999   7.868   7.461   6.609   5.666   0
   0.76200593   7.009   6.818   6.072   5.238   0
   0.80000001   6.544   6.462   5.778   5.001   0
   0.89999998   5.567   5.650   5.100   4.435   0
   0.92985469   5.325   5.430   4.912   4.276   0
   0.99628693   4.828   4.965   4.512   3.935   0
   1.00000000   4.803   4.940   4.490   3.916   0
   1.02620482   4.631   4.769   4.340   3.788   0
   1.07567632   4.317   4.454   4.064   3.554   0
   1.10000002   4.176   4.306   3.932   3.442   0
   1.11028647   4.118   4.245   3.878   3.398   0
   1.15929031   3.848   3.955   3.624   3.190   0
   1.19781148   3.649   3.738   3.431   3.035   0
   1.20000005   3.638   3.726   3.421   3.026   0
   1.23384058   3.470   3.534   3.256   2.905   0
   1.27513862   3.273   3.310   3.064   2.762   0
   1.29999995   3.162   3.182   2.953   2.681   0
   1.30039179   3.160   3.180   2.952   2.680   0
   1.34415877   2.971   2.964   2.765   2.541   0
   1.39721036   2.755   2.725   2.559   2.382   0
   1.39999998   2.743   2.713   2.549   2.374   0
   1.40158916   2.737   2.706   2.543   2.369   0
   1.44796741   2.555   2.508   2.367   2.223   0
   1.49708283   2.363   2.307   2.186   2.066   0
   1.50000000   2.352   2.296   2.176   2.056   0
   1.53263772   2.226   2.167   2.056   1.945   0
   1.57210243   2.074   2.011   1.907   1.803   0
   1.60000002   1.968   1.900   1.799   1.696   0
   1.62836230   1.861   1.788   1.687   1.582   1
   1.66280091   1.735   1.652   1.545   1.430   0
   1.69245744   1.630   1.544   1.424   1.288   0
   1.70000005   1.604   1.520   1.393   1.249   0
   1.71914756   1.542   1.459   1.317   1.151   0
   1.74280584   1.469   1.388   1.220   1.021   0
   1.75360787   1.436   1.360   1.180   0.961   0
   1.76376140   1.400   1.328   1.138   0.904   0
   1.76999724   1.371   1.298   1.107   0.870   2
   1.77503133   1.332   1.254   1.071   0.845   0
   1.77853620   1.281   1.190   1.028   0.832   0
   1.78089488   1.188   1.090   0.976   0.839   0
   1.78155351   1.104   1.012   0.934   0.841   0
   1.78192735   0.988   0.918   0.875   0.826   0
   1.78196347   1.006   0.934   0.888   0.837   0
   1.78206193   1.110   1.024   0.952   0.869   0
   1.78218257   1.124   1.022   0.922   0.803   0
   1.78237021   1.095   0.994   0.856   0.686   0
   1.78266478   1.087   0.999   0.814   0.581   0
   1.78310156   1.110   1.047   0.807   0.496   0
   1.78354216   1.149   1.112   0.824   0.443   0
   1.78408384   1.214   1.202   0.858   0.400   0
   1.78469968   1.311   1.311   0.907   0.377   0
   1.78558767   1.482   1.478   1.002   0.394   0
   1.78649461   1.721   1.696   1.150   0.476   0
   1.78716159   1.977   1.916   1.312   0.590   0
   1.78783143   2.225   2.119   1.459   0.692   0
   1.78829002   2.339   2.195   1.502   0.707   4
   1.78910136   2.343   2.160   1.434   0.612   0
   1.78977406   2.325   2.115   1.365   0.524   0
   1.79039323   2.268   2.036   1.274   0.421   0
   1.79095531   2.214   1.964   1.189   0.327   0
   1.79157162   2.149   1.879   1.093   0.220   0
   1.79219365   2.080   1.790   0.993   0.111   0
   1.79270911   2.022   1.716   0.909   0.020   0
   1.79326010   1.959   1.636   0.819  -0.078   0
   1.79376781   1.900   1.562   0.735  -0.169   0
   1.79426575   1.840   1.488   0.652  -0.259   0
   1.79471004   1.786   1.421   0.577  -0.341   0
   1.79516017   1.734   1.355   0.501  -0.424   0
   1.79560411   1.683   1.290   0.427  -0.506   0
   1.79604924   1.630   1.223   0.352  -0.588   0
   1.79649043   1.580   1.158   0.278  -0.668   0
   1.79710436   1.516   1.071   0.179  -0.778   0
   1.79743886   1.484   1.027   0.129  -0.833   0
   1.79756236   1.473   1.012   0.112  -0.852   0
   1.79767394   1.463   0.999   0.097  -0.868   0
   1.79780376   1.452   0.983   0.078  -0.889   0
   1.79781997   1.450   0.980   0.075  -0.892   0
   1.79822350   1.403   0.916   0.002  -0.973   0
   1.79865348   1.348   0.844  -0.079  -1.061   0
   1.79907095   1.302   0.777  -0.157  -1.148   0
   1.79948509   1.260   0.712  -0.233  -1.234   0
   1.79989135   1.216   0.647  -0.311  -1.322   0
   1.79999995   1.205   0.629  -0.332  -1.345   0
   1.80021834   1.183   0.596  -0.372  -1.390   0
   1.80094695   1.117   0.488  -0.503  -1.539   0
   1.80166781   1.046   0.378  -0.633  -1.686   0
   1.80246460   0.986   0.274  -0.759  -1.831   0
   1.80309236   0.956   0.224  -0.819  -1.899   2
   1.80374169   1.039   0.373  -0.639  -1.691   0
   1.80397952   1.106   0.484  -0.503  -1.536   0
   1.80416596   1.169   0.588  -0.376  -1.392   0
   1.80420089   1.236   0.698  -0.241  -1.237   0
   1.80420780   1.300   0.803  -0.115  -1.093   0
   1.80421484   1.396   0.935   0.034  -0.929   0
   1.80422175   1.500   1.088   0.214  -0.727   0
   1.80423570   1.608   1.226   0.372  -0.553   0
   1.80425668   1.702   1.347   0.512  -0.399   0
   1.80429876   1.827   1.509   0.697  -0.196   0
   1.80436921   1.919   1.628   0.832  -0.047   0
   1.80454707   2.007   1.747   0.970   0.106   0
   1.80529797   2.070   1.837   1.076   0.224   4
   1.84467793   1.865   1.634   0.877   0.029   0
   1.87846744   1.673   1.445   0.693  -0.151   0
   1.89999998   1.543   1.316   0.566  -0.275   0
   1.90245533   1.527   1.300   0.550  -0.290   1
   1.93119240   1.357   1.121   0.369  -0.474   0
   1.95623124   1.260   0.985   0.208  -0.655   0
   1.96443915   1.218   0.893   0.083  -0.806   0
   1.96566892   1.169   0.807  -0.028  -0.937   0
   1.96591258   1.109   0.709  -0.152  -1.081   0
   1.96599174   1.050   0.615  -0.268  -1.215   0
   1.96606994   0.967   0.482  -0.429  -1.398   0
   1.96613622   0.882   0.357  -0.575  -1.561   0
   1.96626270   0.812   0.236  -0.722  -1.730   0
   1.96660006   0.867   0.335  -0.600  -1.588   1
   1.96900177   0.801   0.223  -0.737  -1.746   0
   1.96974158   0.726   0.092  -0.899  -1.932   0
   1.97022247   0.670  -0.013  -1.031  -2.085   0
   1.97063124   0.617  -0.126  -1.174  -2.253   0
   1.97096181   0.576  -0.246  -1.331  -2.443   0
   1.97120810   0.521  -0.356  -1.467  -2.600   0
   1.97138834   0.499  -0.438  -1.578  -2.735   0
   1.97154450   0.435  -0.549  -1.712  -2.886   0
   1.97167671   0.403  -0.641  -1.831  -3.030   0
   1.97180295   0.399  -0.719  -1.942  -3.171   0
   1.97193503   0.395  -0.799  -2.056  -3.317   0
   1.97207308   0.362  -0.897  -2.182  -3.467   0
   1.97222328   0.359  -0.986  -2.309  -3.627   0
   1.97230732   0.383  -1.082  -2.457  -3.825   0
   1.97231841   0.391  -1.094  -2.476  -3.853   0
   1.97232962   0.398  -1.105  -2.496  -3.881   0
   1.97234070   0.406  -1.116  -2.515  -3.909   0
   1.97235179   0.414  -1.128  -2.535  -3.937   0
   1.97236264   0.422  -1.139  -2.555  -3.965   0
   1.97237337   0.429  -1.150  -2.575  -3.993   0
   1.97238410   0.437  -1.162  -2.594  -4.021   0
   1.97239482   0.446  -1.173  -2.614  -4.049   0
   1.97240555   0.454  -1.184  -2.633  -4.077   0
   1.97241628   0.462  -1.195  -2.653  -4.104   0
   1.97242701   0.471  -1.207  -2.672  -4.132   0
   1.97243774   0.479  -1.218  -2.692  -4.160   0
   1.97244811   0.487  -1.229  -2.711  -4.187   0
   1.97245836   0.496  -1.239  -2.730  -4.215   0
   1.97246873   0.505  -1.251  -2.750  -4.242   0
   1.97247910   0.513  -1.262  -2.769  -4.270   0
   1.97248733   0.521  -1.271  -2.785  -4.293   0
   1.97249770   0.530  -1.282  -2.805  -4.320   0
   1.97250593   0.537  -1.290  -2.820  -4.343   0
   1.97251630   0.538  -1.293  -2.829  -4.368   0
   1.97252655   0.538  -1.293  -2.834  -4.384   0
   1.97253692   0.539  -1.293  -2.836  -4.394   0
   1.97254515   0.539  -1.293  -2.838  -4.402   0
   1.97256160   0.540  -1.292  -2.841  -4.413   0
   1.97260165   0.539  -1.293  -2.848  -4.436   0
   1.97264171   0.537  -1.295  -2.856  -4.460   0
   1.97268140   0.534  -1.297  -2.863  -4.484   0
   1.97272086   0.531  -1.299  -2.871  -4.507   0
   1.97276020   0.528  -1.301  -2.878  -4.531   0
   1.97279906   0.524  -1.304  -2.886  -4.554   0
   1.97283781   0.520  -1.306  -2.893  -4.578   0
   1.97287631   0.515  -1.308  -2.900  -4.601   0
   1.97291458   0.510  -1.310  -2.908  -4.625   0
   1.97295249   0.504  -1.313  -2.915  -4.648   0
   1.97299027   0.498  -1.316  -2.923  -4.672   0
   1.97302771   0.490  -1.319  -2.930  -4.695   0
   1.97306502   0.482  -1.322  -2.938  -4.719   0
   1.97310197   0.474  -1.326  -2.945  -4.742   0
   1.97313881   0.464  -1.330  -2.953  -4.765   0
   1.97317529   0.454  -1.334  -2.961  -4.789   0
   1.97321165   0.443  -1.338  -2.969  -4.812   0
   1.97324777   0.432  -1.343  -2.977  -4.835   0
   1.97328353   0.420  -1.348  -2.984  -4.858   0
   1.97331893   0.407  -1.353  -2.992  -4.881   2
   1.97335446   0.394  -1.350  -2.988  -4.902   0
   1.97338939   0.380  -1.347  -2.986  -4.923   0
   1.97342420   0.367  -1.345  -2.982  -4.943   0
   1.97345877   0.353  -1.343  -2.980  -4.964   0
   1.97349298   0.339  -1.340  -2.977  -4.985   0
   1.97352719   0.324  -1.338  -2.974  -5.005   0
   1.97356093   0.310  -1.336  -2.971  -5.026   0
   1.97359455   0.295  -1.334  -2.968  -5.046   0
   1.97362792   0.280  -1.332  -2.964  -5.067   0
   1.97366095   0.264  -1.330  -2.961  -5.087   0
   1.97369373   0.249  -1.328  -2.958  -5.108   0
   1.97372639   0.233  -1.327  -2.955  -5.129   0
   1.97375858   0.217  -1.325  -2.952  -5.149   0
   1.97379076   0.200  -1.324  -2.949  -5.169   0
   1.97382247   0.183  -1.322  -2.946  -5.190   0
   1.97385406   0.160  -1.324  -2.945  -5.211   0
   1.97388554   0.138  -1.325  -2.943  -5.233   0
   1.97391653   0.118  -1.325  -2.941  -5.253   0
   1.97394741   0.100  -1.325  -2.938  -5.274   0
   1.97397804   0.083  -1.323  -2.935  -5.294   0
   1.97400832   0.068  -1.320  -2.930  -5.314   0
   1.97403848   0.056  -1.316  -2.925  -5.333   0
   1.97406828   0.051  -1.303  -2.911  -5.347   0
   1.97409785   0.055  -1.279  -2.884  -5.355   0
   1.97412717   0.060  -1.255  -2.857  -5.363   0
   1.97415614   0.064  -1.231  -2.830  -5.371   0
   1.97418487   0.069  -1.206  -2.803  -5.378   0
   1.97421360   0.074  -1.182  -2.776  -5.386   0
   1.97424173   0.078  -1.158  -2.749  -5.393   0
   1.97426987   0.083  -1.133  -2.722  -5.401   0
   1.97429776   0.088  -1.108  -2.694  -5.408   0
   1.97432518   0.093  -1.084  -2.667  -5.416   0
   1.97435260   0.098  -1.059  -2.640  -5.423   0
   1.97437966   0.103  -1.035  -2.612  -5.430   0
   1.97440672   0.109  -1.010  -2.585  -5.437   0
   1.97443306   0.115  -0.984  -2.556  -5.442   0
   1.97445798   0.125  -0.954  -2.524  -5.445   0
   1.97448099   0.144  -0.912  -2.478  -5.440   0
   1.97448778   0.162  -0.882  -2.447  -5.430   0
   1.97448993   0.180  -0.854  -2.417  -5.418   0
   1.97449028   0.189  -0.841  -2.403  -5.412   1
   1.97449028   0.194  -0.832  -2.395  -5.408   0
   1.97449028   0.200  -0.823  -2.385  -5.404   0
   1.97449028   0.275  -0.713  -2.269  -5.352   0
