   0.15000001  15.217  13.648  12.068  10.124   0
   0.20000000  13.704  12.469  11.059   9.365   0
   0.25000000  12.885  11.780  10.449   8.864   0
   0.30000001  12.325  11.270   9.989   8.471   0
   0.34999999  11.880  10.859   9.617   8.149   0
   0.40000001  11.437  10.434   9.218   7.785   0
   0.44999999  11.041  10.069   8.888   7.503   0
   0.50000000  10.569   9.642   8.505   7.179   0
   0.55000001  10.017   9.152   8.073   6.824   0
   0.60000002   9.408   8.647   7.629   6.463   0
   0.69999999   7.949   7.524   6.664   5.712   0
   0.80000001   6.661   6.557   5.860   5.071   0
   0.89999998   5.706   5.779   5.214   4.537   0
   1.00000000   4.963   5.102   4.637   4.048   0
   1.10000002   4.366   4.509   4.122   3.615   0
   1.20000005   3.876   3.986   3.665   3.245   0
   1.29999995   3.452   3.502   3.253   2.948   0
   1.39999998   3.086   3.077   2.901   2.716   0
   1.50000000   2.769   2.734   2.627   2.534   0
   1.60000002   2.474   2.462   2.408   2.379   0
   1.70000005   2.205   2.244   2.227   2.236   0
   1.79999995   1.964   2.059   2.069   2.102   0
   1.89999998   1.752   1.905   1.937   1.987   0
   2.00000000   1.550   1.758   1.808   1.870   0
   2.20000005   1.212   1.509   1.581   1.662   0
   2.37527013   0.950   1.312   1.397   1.492   0
   2.50000000   0.780   1.182   1.276   1.379   0
   3.00000000   0.199   0.725   0.846   0.974   0
   3.50000000  -0.262   0.349   0.489   0.637   0
   4.00000000  -0.649   0.026   0.182   0.348   0
   4.50000000  -0.983  -0.257  -0.087   0.092   0
   5.00000000  -1.272  -0.502  -0.320  -0.128   0
   6.00000000  -1.798  -0.957  -0.756  -0.544   0
   7.00000000  -2.245  -1.348  -1.132  -0.904   0
   7.92214251  -2.611  -1.676  -1.449  -1.209   0
   9.00000000  -2.999  -2.022  -1.784  -1.532   0
  12.00000000  -3.888  -2.829  -2.566  -2.286   0
  13.34113884  -4.224  -3.138  -2.866  -2.578   0
  15.00000000  -4.629  -3.514  -3.235  -2.940   0
  17.32135963  -5.093  -3.952  -3.668  -3.372   0
  20.00000000  -5.602  -4.445  -4.159  -3.863   0
  20.35899734  -5.656  -4.499  -4.213  -3.917   0
  23.66386795  -6.197  -5.045  -4.759  -4.463   1
  26.34362793  -6.688  -5.554  -5.276  -4.988   0
  28.52377701  -7.167  -6.073  -5.811  -5.540   0
  29.45691109  -7.404  -6.340  -6.091  -5.837   0
  30.00000000  -7.572  -6.510  -6.270  -6.029   0
  30.03564453  -7.582  -6.519  -6.280  -6.040   0
  30.07642555  -7.587  -6.524  -6.285  -6.044   3
  30.28490257  -7.531  -6.464  -6.215  -5.961   0
  30.31257439  -7.484  -6.400  -6.140  -5.871   0
  30.32065582  -7.474  -6.375  -6.112  -5.840   0
  30.32938004  -7.498  -6.416  -6.157  -5.891   0
  30.33446693  -7.604  -6.531  -6.280  -6.024   0
  30.33851433  -7.708  -6.639  -6.396  -6.152   0
  30.34210014  -7.792  -6.730  -6.496  -6.262   0
  30.34551239  -7.839  -6.806  -6.577  -6.351   0
  30.34834671  -7.889  -6.883  -6.660  -6.441   0
  30.35106659  -7.944  -6.969  -6.752  -6.540   0
  30.35355568  -8.001  -7.059  -6.847  -6.643   0
  30.35564041  -8.056  -7.143  -6.937  -6.741   0
  30.35754967  -8.113  -7.225  -7.026  -6.838   0
  30.36027145  -8.266  -7.359  -7.181  -7.021   0
  30.36397743  -8.377  -7.550  -7.383  -7.239   0
  30.36716270  -8.479  -7.726  -7.571  -7.445   0
  30.37081146  -8.616  -7.926  -7.793  -7.697   0
  30.37376785  -8.729  -8.082  -7.971  -7.901   0
  30.37776566  -8.808  -8.309  -8.202  -8.142   0
  30.38570786  -8.934  -8.584  -8.502  -8.477   0
  30.39812088  -9.023  -8.744  -8.691  -8.706   0
  30.40584183  -9.038  -8.786  -8.737  -8.758   0
  30.41198921  -9.041  -8.788  -8.739  -8.760   2
  30.43175697  -9.021  -8.693  -8.632  -8.634   0
  30.45636559  -8.921  -8.498  -8.403  -8.359   0
  30.47168732  -8.885  -8.413  -8.311  -8.257   0
  30.50428009  -8.829  -8.261  -8.150  -8.084   0
  30.56607056  -8.801  -8.159  -8.047  -7.978   1
  30.61260605  -8.798  -8.143  -8.031  -7.961   0
  30.81640625  -8.829  -8.217  -8.105  -8.037   0
  31.00077057  -8.860  -8.289  -8.178  -8.112   0
  31.20848656  -8.893  -8.364  -8.255  -8.192   0
  31.37065125  -8.927  -8.439  -8.333  -8.276   0
  31.47660446  -8.960  -8.510  -8.411  -8.361   0
  31.55166817  -8.990  -8.581  -8.488  -8.448   0
  31.60076714  -9.013  -8.649  -8.562  -8.530   0
  31.63811111  -9.045  -8.703  -8.628  -8.613   0
  31.67088318  -9.081  -8.753  -8.692  -8.695   0
  31.69944000  -9.093  -8.806  -8.752  -8.765   0
  31.72849083  -9.104  -8.863  -8.815  -8.838   0
  31.75803757  -9.102  -8.918  -8.876  -8.907   0
  31.79308319  -9.102  -8.968  -8.936  -8.979   0
  31.83391762  -9.112  -8.992  -8.981  -9.050   0
  31.88083839  -9.112  -9.008  -9.022  -9.119   0
  31.93427658  -9.099  -9.016  -9.062  -9.190   0
  32.00564575  -9.053  -9.071  -9.123  -9.266   0
  32.10813904  -8.591  -8.893  -9.144  -9.539   0
  32.12511063  -8.774  -9.033  -9.201  -9.510   0
  32.14382553  -8.840  -9.070  -9.204  -9.471   0
  32.34384537  -8.804  -9.047  -9.191  -9.472   2
  32.34968185  -9.028  -8.686  -8.612  -8.597   0
  32.35315704  -9.010  -8.663  -8.583  -8.560   0
  32.60136414  -8.682  -7.974  -7.828  -7.715   0
  32.64994812  -8.680  -7.968  -7.822  -7.707   0
  32.68970490  -8.677  -7.960  -7.813  -7.696   0
  32.72714615  -8.668  -7.942  -7.793  -7.674   0
  32.75748444  -8.667  -7.941  -7.791  -7.672   0
  32.77926254  -8.669  -7.942  -7.792  -7.673   1
  32.80629730  -8.684  -7.968  -7.820  -7.704   0
  32.82075119  -8.700  -7.996  -7.851  -7.739   0
  32.83180237  -8.721  -8.031  -7.889  -7.781   0
  32.84297180  -8.755  -8.066  -7.932  -7.835   0
  32.85431671  -8.801  -8.105  -7.983  -7.899   0
  32.86583328  -8.832  -8.131  -8.018  -7.943   0
  32.87757874  -8.848  -8.165  -8.054  -7.983   0
  32.88944244  -8.858  -8.200  -8.088  -8.018   0
  32.89908218  -8.867  -8.235  -8.124  -8.055   0
  32.91135025  -8.881  -8.286  -8.174  -8.106   0
  32.92390442  -8.893  -8.326  -8.215  -8.150   0
  32.93675232  -8.904  -8.361  -8.252  -8.188   0
  32.95665741  -8.900  -8.378  -8.269  -8.207   0
  32.97311401  -8.923  -8.428  -8.322  -8.263   0
  32.98840332  -8.936  -8.464  -8.361  -8.307   0
  33.00939941  -8.946  -8.492  -8.392  -8.342   0
  33.02531815  -8.955  -8.522  -8.426  -8.380   0
  33.04875183  -8.960  -8.545  -8.451  -8.409   0
  33.07969284  -8.972  -8.560  -8.467  -8.425   0
  33.23910904  -8.960  -8.477  -8.372  -8.315   1
  33.27913284  -9.155  -8.801  -8.716  -8.686   0
  33.29056931  -9.224  -9.346  -9.451  -9.645   0
