   0.15000001  15.217  13.648  12.068  10.124   0
   0.20000000  13.703  12.468  11.058   9.365   0
   0.25000000  12.883  11.778  10.448   8.863   0
   0.30000001  12.323  11.267   9.987   8.469   0
   0.34999999  11.878  10.857   9.615   8.147   0
   0.40000001  11.436  10.433   9.217   7.785   0
   0.44999999  11.040  10.069   8.887   7.502   0
   0.50000000  10.567   9.640   8.504   7.178   0
   0.55000001  10.015   9.151   8.072   6.823   0
   0.60000002   9.405   8.643   7.626   6.460   0
   0.69999999   7.941   7.518   6.659   5.707   0
   0.80000001   6.650   6.548   5.852   5.064   0
   0.89999998   5.688   5.762   5.198   4.521   0
   1.00000000   4.946   5.085   4.622   4.034   0
   1.10000002   4.349   4.490   4.104   3.599   0
   1.20000005   3.856   3.965   3.644   3.226   0
   1.29999995   3.432   3.481   3.232   2.927   0
   1.39999998   3.067   3.056   2.881   2.697   0
   1.50000000   2.742   2.706   2.600   2.508   0
   1.60000002   2.447   2.434   2.379   2.350   0
   1.70000005   2.175   2.210   2.192   2.200   0
   1.79999995   1.931   2.018   2.026   2.056   0
   1.89999998   1.707   1.848   1.877   1.923   0
   2.00000000   1.503   1.693   1.737   1.795   0
   2.18026567   1.169   1.433   1.498   1.571   0
   2.20000005   1.134   1.405   1.472   1.547   0
   2.50000000   0.659   1.031   1.120   1.215   0
   2.81078100   0.235   0.686   0.792   0.902   0
   3.00000000  -0.007   0.485   0.600   0.719   0
   3.27433586  -0.325   0.215   0.341   0.470   0
   3.50000000  -0.576  -0.003   0.131   0.267   0
   3.65433073  -0.736  -0.143  -0.004   0.137   0
   3.95093608  -1.042  -0.415  -0.268  -0.119   0
   4.00000000  -1.092  -0.462  -0.313  -0.163   0
   4.21632147  -1.323  -0.674  -0.520  -0.366   0
   4.42632866  -1.557  -0.894  -0.737  -0.579   0
   4.50000000  -1.643  -0.977  -0.819  -0.661   0
   4.61527395  -1.777  -1.107  -0.947  -0.788   0
   4.77038956  -1.971  -1.299  -1.138  -0.980   0
   4.90287924  -2.153  -1.483  -1.322  -1.166   1
   5.00000000  -2.299  -1.635  -1.475  -1.322   0
   5.02242994  -2.333  -1.671  -1.511  -1.358   0
   5.11968613  -2.496  -1.845  -1.688  -1.540   0
   5.20224524  -2.650  -2.013  -1.859  -1.717   0
   5.23877001  -2.722  -2.093  -1.941  -1.801   0
   5.27242041  -2.790  -2.167  -2.015  -1.878   0
   5.29284191  -2.828  -2.205  -2.054  -1.917   0
   5.30891943  -2.853  -2.224  -2.072  -1.933   3
   5.32014418  -2.859  -2.216  -2.061  -1.918   0
   5.32785702  -2.845  -2.173  -2.011  -1.859   0
   5.33010054  -2.838  -2.142  -1.974  -1.815   0
   5.33142519  -2.843  -2.121  -1.947  -1.780   0
   5.33158827  -2.833  -2.114  -1.940  -1.774   0
   5.33194590  -2.802  -2.108  -1.940  -1.782   0
   5.33230352  -2.853  -2.187  -2.026  -1.876   0
   5.33276320  -2.977  -2.343  -2.189  -2.051   0
   5.33332491  -3.112  -2.513  -2.367  -2.241   0
   5.33380985  -3.202  -2.634  -2.496  -2.380   0
   5.33434582  -3.286  -2.753  -2.623  -2.519   0
   5.33495808  -3.368  -2.879  -2.757  -2.667   0
   5.33559561  -3.447  -3.009  -2.898  -2.822   0
   5.33605480  -3.494  -3.100  -2.997  -2.933   0
   5.33651400  -3.538  -3.195  -3.101  -3.050   0
   5.33696365  -3.573  -3.287  -3.203  -3.166   0
   5.33738947  -3.599  -3.380  -3.308  -3.288   0
   5.33783865  -3.611  -3.478  -3.422  -3.421   0
   5.33828831  -3.594  -3.571  -3.536  -3.563   0
   5.33850098  -3.573  -3.612  -3.591  -3.635   0
   5.33873701  -3.530  -3.634  -3.639  -3.712   0
   5.33894968  -3.470  -3.628  -3.669  -3.788   0
   5.33918619  -3.385  -3.584  -3.680  -3.867   3
   5.33939886  -3.279  -3.485  -3.663  -3.944   0
   5.33961105  -3.146  -3.333  -3.617  -4.016   0
   5.33982372  -2.958  -3.126  -3.537  -4.076   0
   5.34005976  -2.611  -2.820  -3.408  -4.113   0
   5.34027243  -2.205  -2.522  -3.264  -4.090   0
   5.34043741  -1.918  -2.322  -3.143  -4.031   0
   5.34067345  -1.627  -2.130  -3.032  -3.982   0
   5.34081507  -1.482  -2.057  -3.003  -3.987   4
   5.34103680  -1.392  -2.094  -3.113  -4.154   0
   5.34120989  -1.386  -2.165  -3.225  -4.300   0
   5.34145641  -1.387  -2.236  -3.330  -4.432   0
   5.34199905  -1.380  -2.303  -3.433  -4.565   0
   5.34268951  -1.383  -2.375  -3.537  -4.696   0
   5.34345341  -1.393  -2.449  -3.642  -4.824   0
   5.34461117  -1.423  -2.526  -3.742  -4.942   0
   5.34618664  -1.430  -2.541  -3.759  -4.962   2
   5.37232494  -1.434  -2.480  -3.669  -4.847   0
   5.39054775  -1.442  -2.419  -3.574  -4.725   0
   5.40672636  -1.473  -2.373  -3.492  -4.613   0
   5.42538691  -1.542  -2.356  -3.432  -4.517   0
   5.44098330  -1.652  -2.393  -3.430  -4.483   4
   5.45378160  -2.161  -2.716  -3.641  -4.604   0
   5.45778847  -2.757  -3.096  -3.835  -4.657   0
   5.46101189  -3.126  -3.363  -3.950  -4.651   0
   5.46360445  -3.335  -3.535  -4.020  -4.631   0
   5.46546602  -3.447  -3.642  -4.062  -4.610   0
   5.46745253  -3.548  -3.745  -4.100  -4.581   0
   5.46999121  -3.651  -3.857  -4.141  -4.543   0
   5.47245312  -3.730  -3.948  -4.169  -4.504   0
   5.47554159  -3.813  -4.035  -4.192  -4.457   0
   5.47850323  -3.883  -4.101  -4.206  -4.415   0
   5.48211432  -3.955  -4.145  -4.209  -4.365   3
   5.48557281  -4.012  -4.167  -4.201  -4.320   0
   5.48955441  -4.067  -4.178  -4.186  -4.271   0
   5.49395800  -4.110  -4.166  -4.156  -4.218   0
   5.49868298  -4.147  -4.151  -4.124  -4.167   0
   5.50412750  -4.173  -4.123  -4.085  -4.115   0
   5.51103640  -4.197  -4.101  -4.054  -4.072   0
   5.52109671  -4.220  -4.093  -4.041  -4.052   0
   5.53265715  -4.241  -4.157  -4.113  -4.135   0
   5.53897953  -4.243  -4.201  -4.166  -4.200   0
   5.54731226  -4.235  -4.267  -4.250  -4.305   0
   5.55275679  -4.212  -4.309  -4.310  -4.388   0
   5.55709267  -4.172  -4.324  -4.355  -4.471   0
   5.55928850  -4.129  -4.317  -4.375  -4.526   0
   5.56254339  -4.051  -4.276  -4.387  -4.605   0
   5.56428480  -3.990  -4.215  -4.379  -4.656   0
   5.56525469  -3.925  -4.148  -4.366  -4.701   0
   5.56646061  -3.810  -4.020  -4.335  -4.772   0
   5.56757355  -3.629  -3.836  -4.271  -4.832   0
   5.56822968  -3.394  -3.631  -4.191  -4.868   0
   5.56870317  -3.088  -3.401  -4.093  -4.877   0
   5.56910372  -2.708  -3.145  -3.969  -4.853   0
   5.56952190  -2.270  -2.847  -3.783  -4.753   0
   5.56981325  -1.952  -2.642  -3.646  -4.671   0
   5.57004118  -1.707  -2.520  -3.595  -4.676   4
   5.57018661  -1.624  -2.555  -3.688  -4.818   0
   5.57103729  -1.590  -2.652  -3.848  -5.029   0
   5.57132769  -1.585  -2.701  -3.923  -5.124   0
   5.57172155  -1.574  -2.772  -4.030  -5.264   0
   5.57232237  -1.580  -2.860  -4.154  -5.420   0
   5.57306814  -1.562  -2.931  -4.263  -5.562   0
   5.57391691  -1.533  -2.996  -4.369  -5.704   0
   5.57464123  -1.498  -3.045  -4.455  -5.822   0
   5.57528257  -1.463  -3.089  -4.532  -5.932   0
   5.57579899  -1.425  -3.126  -4.601  -6.033   0
   5.57623339  -1.396  -3.163  -4.667  -6.128   0
   5.57664633  -1.373  -3.208  -4.742  -6.231   0
   5.57716274  -1.392  -3.275  -4.832  -6.339   0
   5.57738972  -1.395  -3.305  -4.873  -6.390   0
   5.57765818  -1.396  -3.333  -4.913  -6.441   0
   5.57774067  -1.401  -3.340  -4.921  -6.450   0
