   0.15000001  15.215  13.646  12.066  10.123   0
   0.20000000  13.696  12.463  11.053   9.361   0
   0.25000000  12.872  11.769  10.439   8.855   0
   0.30000001  12.309  11.255   9.975   8.458   0
   0.34999999  11.864  10.843   9.601   8.134   0
   0.40000001  11.433  10.430   9.214   7.782   0
   0.44999999  11.035  10.064   8.883   7.497   0
   0.50000000  10.560   9.633   8.497   7.172   0
   0.55000001  10.005   9.141   8.063   6.815   0
   0.60000002   9.389   8.630   7.613   6.449   0
   0.69999999   7.908   7.492   6.636   5.688   0
   0.80000001   6.601   6.508   5.817   5.035   0
   0.89999998   5.627   5.706   5.149   4.478   0
   0.94340581   5.283   5.394   4.883   4.253   0
   1.00000000   4.874   5.013   4.556   3.976   0
   1.08533359   4.350   4.491   4.100   3.590   0
   1.10000002   4.269   4.406   4.025   3.526   0
   1.18018067   3.854   3.962   3.636   3.211   0
   1.20000005   3.758   3.858   3.544   3.136   0
   1.25716007   3.496   3.558   3.289   2.951   0
   1.29999995   3.312   3.347   3.109   2.822   0
   1.32035756   3.229   3.250   3.027   2.767   0
   1.39999998   2.922   2.899   2.736   2.568   0
   1.44454539   2.758   2.720   2.588   2.462   0
   1.45282841   2.729   2.691   2.564   2.445   0
   1.50000000   2.572   2.530   2.431   2.345   0
   1.52742982   2.479   2.436   2.352   2.284   0
   1.60000002   2.245   2.220   2.164   2.126   0
   1.69614065   1.949   1.952   1.924   1.916   0
   1.70000005   1.937   1.942   1.915   1.907   0
   1.79999995   1.638   1.674   1.669   1.678   0
   1.80989909   1.610   1.648   1.645   1.655   0
   1.89848971   1.350   1.410   1.421   1.442   0
   1.89999998   1.345   1.406   1.417   1.438   0
   1.97368062   1.134   1.209   1.227   1.252   0
   2.00000000   1.058   1.135   1.155   1.180   0
   2.04016542   0.944   1.022   1.045   1.070   0
   2.09578133   0.785   0.856   0.880   0.903   1
   2.14356542   0.647   0.704   0.726   0.745   0
   2.18469977   0.529   0.567   0.582   0.592   0
   2.20000005   0.486   0.513   0.524   0.530   0
   2.22338843   0.422   0.433   0.439   0.439   0
   2.25755787   0.328   0.310   0.307   0.293   0
   2.27318811   0.286   0.256   0.246   0.225   0
   2.28787947   0.241   0.202   0.187   0.160   0
   2.29695463   0.208   0.167   0.152   0.124   0
   2.30420399   0.171   0.137   0.128   0.104   0
   2.30928850   0.126   0.113   0.116   0.105   3
   2.31273723   0.057   0.102   0.126   0.137   0
   2.31370449  -0.004   0.094   0.133   0.160   0
   2.31424928  -0.087   0.073   0.128   0.169   0
   2.31429744  -0.072   0.084   0.139   0.179   0
   2.31444144   0.029   0.138   0.181   0.210   0
   2.31461120   0.036   0.092   0.120   0.134   0
   2.31485009  -0.023  -0.019  -0.007  -0.011   0
   2.31518650  -0.054  -0.104  -0.116  -0.148   0
   2.31551552  -0.057  -0.147  -0.182  -0.242   0
   2.31577659  -0.048  -0.161  -0.218  -0.303   0
   2.31618905  -0.022  -0.152  -0.247  -0.381   0
   2.31666899   0.021  -0.110  -0.258  -0.459   3
   2.31702518   0.063  -0.054  -0.250  -0.509   0
   2.31740141   0.120   0.029  -0.220  -0.552   0
   2.31779504   0.198   0.134  -0.176  -0.591   0
   2.31820035   0.310   0.268  -0.113  -0.617   0
   2.31861329   0.456   0.421  -0.031  -0.615   0
   2.31903028   0.627   0.584   0.068  -0.579   0
   2.31944537   0.847   0.774   0.199  -0.499   0
   2.31985879   1.088   0.986   0.355  -0.390   0
   2.32047367   1.377   1.201   0.496  -0.309   4
   2.32123566   1.386   1.141   0.378  -0.474   0
   2.32185173   1.323   1.037   0.249  -0.624   0
   2.32258415   1.239   0.919   0.109  -0.781   0
   2.32327390   1.160   0.811  -0.017  -0.921   0
   2.32400537   1.072   0.695  -0.152  -1.071   0
   2.32475829   0.987   0.577  -0.292  -1.227   0
   2.32546639   0.905   0.465  -0.421  -1.370   0
   2.32620096   0.825   0.353  -0.550  -1.514   0
   2.32695341   0.753   0.243  -0.680  -1.660   0
   2.32768774   0.676   0.130  -0.812  -1.807   0
   2.32836342   0.615   0.031  -0.933  -1.945   0
   2.32905316   0.555  -0.068  -1.054  -2.083   0
   2.32954764   0.521  -0.127  -1.126  -2.166   2
   2.32989097   0.565  -0.048  -1.027  -2.052   0
   2.33030081   0.610   0.032  -0.928  -1.937   0
   2.33108091   0.667   0.120  -0.823  -1.819   0
   2.33275628   0.738   0.228  -0.695  -1.675   0
   2.33436370   0.797   0.330  -0.570  -1.531   0
   2.33571744   0.874   0.440  -0.444  -1.390   0
   2.33723783   0.964   0.565  -0.296  -1.226   0
   2.33900213   1.065   0.702  -0.135  -1.046   0
   2.34107065   1.162   0.835   0.021  -0.871   0
   2.34435177   1.252   0.969   0.184  -0.686   0
   2.35242105   1.240   1.022   0.283  -0.550   4
   2.40216875   0.925   0.723   0.008  -0.805   0
   2.44286442   0.682   0.483  -0.225  -1.030   0
   2.45965171   0.577   0.379  -0.325  -1.127   1
   2.49849415   0.396   0.187  -0.522  -1.329   0
   2.50000000   0.389   0.180  -0.529  -1.336   0
   2.50278020   0.375   0.165  -0.545  -1.352   0
   2.54250622   0.486   0.184  -0.603  -1.472   0
   2.54653645   0.534   0.154  -0.688  -1.600   0
   2.54689169   0.492   0.068  -0.805  -1.741   0
   2.54692411   0.479   0.047  -0.831  -1.771   0
   2.54703236   0.419  -0.063  -0.968  -1.931   0
   2.54713869   0.350  -0.183  -1.117  -2.103   0
   2.55000758   0.240  -0.368  -1.343  -2.361   0
   2.55041575   0.198  -0.478  -1.490  -2.536   0
   2.55081749   0.129  -0.601  -1.641  -2.709   0
   2.55121732   0.107  -0.691  -1.763  -2.860   0
   2.55161834   0.060  -0.797  -1.898  -3.019   0
   2.55201459   0.023  -0.906  -2.042  -3.191   0
   2.55234218  -0.019  -1.012  -2.179  -3.352   0
   2.55263567  -0.051  -1.110  -2.307  -3.507   0
   2.55296135  -0.062  -1.208  -2.443  -3.677   0
   2.55326843  -0.068  -1.293  -2.562  -3.828   0
   2.55347133  -0.086  -1.392  -2.697  -3.995   0
   2.55360317  -0.088  -1.473  -2.813  -4.140   0
   2.55372238  -0.078  -1.540  -2.913  -4.271   0
   2.55382609  -0.041  -1.586  -2.996  -4.390   0
   2.55393767   0.003  -1.636  -3.085  -4.520   0
   2.55406308   0.062  -1.680  -3.174  -4.653   0
   2.55412197   0.065  -1.740  -3.260  -4.764   0
   2.55414820   0.066  -1.801  -3.349  -4.881   0
   2.55417299   0.070  -1.795  -3.354  -4.923   0
   2.55418777   0.068  -1.796  -3.361  -4.942   0
   2.55420637   0.065  -1.798  -3.368  -4.965   0
   2.55422139   0.063  -1.799  -3.374  -4.984   0
   2.55423999   0.060  -1.801  -3.381  -5.008   0
   2.55425858   0.056  -1.803  -3.388  -5.031   0
   2.55427718   0.051  -1.805  -3.396  -5.055   0
   2.55429578   0.046  -1.808  -3.403  -5.079   0
   2.55431437   0.040  -1.811  -3.411  -5.102   0
   2.55433297   0.033  -1.814  -3.418  -5.126   0
   2.55435157   0.026  -1.817  -3.426  -5.149   0
   2.55437016   0.017  -1.821  -3.434  -5.173   0
   2.55438876   0.009  -1.824  -3.442  -5.196   0
   2.55440736  -0.001  -1.828  -3.449  -5.220   0
   2.55442548  -0.011  -1.833  -3.457  -5.243   0
   2.55444002  -0.020  -1.837  -3.464  -5.262   0
   2.55447102  -0.027  -1.837  -3.467  -5.279   0
   2.55455303  -0.042  -1.843  -3.478  -5.310   0
   2.55463481  -0.056  -1.849  -3.486  -5.335   0
   2.55471563  -0.070  -1.854  -3.494  -5.358   0
   2.55479598  -0.084  -1.860  -3.502  -5.381   0
   2.55487561  -0.099  -1.864  -3.508  -5.404   3
   2.55495453  -0.113  -1.861  -3.505  -5.425   0
   2.55503297  -0.127  -1.859  -3.502  -5.445   0
   2.55511069  -0.141  -1.857  -3.499  -5.466   0
   2.55518770  -0.156  -1.855  -3.496  -5.486   0
   2.55526400  -0.171  -1.853  -3.493  -5.507   0
   2.55533981  -0.186  -1.851  -3.490  -5.528   0
   2.55541468  -0.201  -1.849  -3.487  -5.548   0
   2.55548906  -0.216  -1.848  -3.484  -5.569   0
   2.55556273  -0.232  -1.846  -3.481  -5.589   0
   2.55563593  -0.249  -1.845  -3.479  -5.610   0
   2.55570841  -0.277  -1.849  -3.479  -5.632   0
   2.55578017  -0.302  -1.853  -3.479  -5.653   0
   2.55585122  -0.326  -1.855  -3.478  -5.675   0
   2.55592179  -0.349  -1.857  -3.477  -5.696   0
   2.55597758  -0.365  -1.858  -3.475  -5.713   0
   2.55603313  -0.382  -1.858  -3.473  -5.730   0
   2.55608821  -0.397  -1.857  -3.471  -5.747   0
   2.55614305  -0.410  -1.856  -3.468  -5.763   0
   2.55619764  -0.423  -1.854  -3.465  -5.779   0
   2.55625200  -0.434  -1.851  -3.461  -5.795   0
   2.55630612  -0.444  -1.848  -3.457  -5.811   0
   2.55635977  -0.453  -1.844  -3.453  -5.826   0
   2.55641341  -0.461  -1.839  -3.448  -5.841   0
   2.55646658  -0.467  -1.834  -3.443  -5.856   0
   2.55651975  -0.467  -1.820  -3.428  -5.866   0
   2.55657268  -0.464  -1.801  -3.407  -5.872   0
   2.55662560  -0.460  -1.782  -3.386  -5.878   0
   2.55669141  -0.456  -1.759  -3.360  -5.885   0
   2.55675721  -0.451  -1.735  -3.334  -5.893   0
   2.55682278  -0.447  -1.712  -3.308  -5.900   0
   2.55688834  -0.442  -1.689  -3.282  -5.907   0
   2.55695415  -0.437  -1.666  -3.256  -5.914   0
   2.55701971  -0.432  -1.642  -3.230  -5.920   0
   2.55708218  -0.427  -1.620  -3.205  -5.926   0
   2.55714798  -0.419  -1.594  -3.177  -5.929   0
   2.55721140  -0.406  -1.562  -3.142  -5.927   0
   2.55723739  -0.393  -1.540  -3.119  -5.921   0
   2.55724907  -0.381  -1.522  -3.100  -5.912   0
   2.55725455  -0.368  -1.505  -3.083  -5.901   0
   2.55725694  -0.354  -1.488  -3.065  -5.890   0
   2.55725884  -0.340  -1.470  -3.047  -5.878   0
   2.55726099  -0.325  -1.452  -3.028  -5.865   0
   2.55726290  -0.309  -1.431  -3.007  -5.851   0
   2.55726480  -0.291  -1.409  -2.984  -5.836   1
   2.55726695  -0.272  -1.385  -2.960  -5.820   0
   2.55726886  -0.251  -1.359  -2.933  -5.802   0
   2.55727124  -0.227  -1.330  -2.903  -5.782   0
