   0.15000001  15.217  13.648  12.068  10.124   0
   0.20000000  13.704  12.469  11.059   9.365   0
   0.25000000  12.885  11.780  10.449   8.864   0
   0.30000001  12.325  11.270   9.989   8.471   0
   0.34999999  11.880  10.859   9.617   8.149   0
   0.40000001  11.437  10.434   9.217   7.785   0
   0.44999999  11.041  10.069   8.888   7.502   0
   0.50000000  10.569   9.642   8.505   7.179   0
   0.55000001  10.017   9.152   8.073   6.824   0
   0.60000002   9.408   8.647   7.629   6.463   0
   0.69999999   7.949   7.524   6.664   5.712   0
   0.80000001   6.661   6.556   5.859   5.071   0
   0.89999998   5.705   5.778   5.213   4.536   0
   1.00000000   4.962   5.101   4.637   4.048   0
   1.10000002   4.366   4.509   4.121   3.615   0
   1.20000005   3.876   3.986   3.664   3.245   0
   1.29999995   3.452   3.502   3.252   2.947   0
   1.39999998   3.086   3.077   2.901   2.716   0
   1.50000000   2.769   2.734   2.626   2.533   0
   1.60000002   2.474   2.462   2.408   2.379   0
   1.70000005   2.206   2.244   2.227   2.237   0
   1.79999995   1.965   2.060   2.070   2.103   0
   1.89999998   1.753   1.905   1.937   1.986   0
   2.00000000   1.552   1.759   1.808   1.871   0
   2.20000005   1.211   1.507   1.579   1.660   0
   2.50000000   0.778   1.179   1.273   1.375   0
   3.00000000   0.195   0.720   0.840   0.968   0
   3.50000000  -0.268   0.342   0.482   0.630   0
   4.00000000  -0.657   0.016   0.173   0.338   0
   4.50000000  -0.993  -0.269  -0.099   0.080   0
   5.00000000  -1.285  -0.517  -0.335  -0.144   0
   6.00000000  -1.818  -0.979  -0.779  -0.568   0
   6.95803547  -2.254  -1.363  -1.148  -0.921   0
   7.00000000  -2.272  -1.378  -1.163  -0.936   0
   9.00000000  -3.044  -2.068  -1.830  -1.579   0
  11.69896412  -3.880  -2.829  -2.568  -2.292   0
  12.00000000  -3.971  -2.913  -2.650  -2.372   0
  14.80629349  -4.720  -3.613  -3.336  -3.044   0
  15.00000000  -4.772  -3.663  -3.385  -3.093   0
  17.33799744  -5.312  -4.183  -3.902  -3.608   1
  19.47109795  -5.819  -4.690  -4.411  -4.120   0
  20.00000000  -5.961  -4.836  -4.559  -4.270   0
  21.19433784  -6.237  -5.116  -4.844  -4.562   0
  22.94834137  -6.689  -5.611  -5.352  -5.086   0
  23.69907951  -6.927  -5.873  -5.627  -5.377   0
  24.15840340  -7.089  -6.037  -5.800  -5.560   0
  24.23706245  -7.087  -6.034  -5.794  -5.552   0
  24.34235001  -7.029  -5.966  -5.714  -5.457   0
  24.35622597  -7.007  -5.923  -5.663  -5.394   0
  24.35904121  -7.006  -5.915  -5.652  -5.382   1
  24.36547279  -7.049  -5.978  -5.723  -5.461   0
  24.36696243  -7.090  -6.026  -5.775  -5.518   0
  24.36907387  -7.173  -6.114  -5.871  -5.624   0
  24.37086105  -7.257  -6.200  -5.964  -5.728   0
  24.37260056  -7.316  -6.278  -6.048  -5.820   0
  24.37421417  -7.367  -6.354  -6.129  -5.908   0
  24.37562943  -7.416  -6.428  -6.209  -5.994   0
  24.37707138  -7.470  -6.512  -6.298  -6.090   0
  24.37828827  -7.519  -6.589  -6.379  -6.178   0
  24.37955475  -7.575  -6.676  -6.472  -6.279   0
  24.38084602  -7.660  -6.773  -6.580  -6.401   0
  24.38186455  -7.753  -6.857  -6.678  -6.515   0
  24.38270950  -7.801  -6.928  -6.754  -6.599   0
  24.38385201  -7.861  -7.029  -6.862  -6.717   0
  24.38479614  -7.910  -7.116  -6.954  -6.818   0
  24.38586426  -7.970  -7.221  -7.067  -6.942   0
  24.38670921  -8.020  -7.309  -7.162  -7.047   0
  24.38780212  -8.103  -7.419  -7.288  -7.193   0
  24.38854790  -8.176  -7.490  -7.377  -7.303   0
  24.38956642  -8.222  -7.628  -7.516  -7.449   0
  24.39108086  -8.301  -7.839  -7.738  -7.686   0
  24.39329338  -8.444  -8.132  -8.074  -8.081   0
  24.39550400  -8.478  -8.370  -8.373  -8.459   0
  24.39662361  -8.411  -8.425  -8.469  -8.602   0
  24.39771652  -8.250  -8.435  -8.504  -8.694   3
  24.39883423  -8.067  -8.320  -8.461  -8.741   0
  24.39977837  -8.031  -8.297  -8.478  -8.799   0
  24.40144348  -8.081  -8.358  -8.569  -8.922   0
  24.40671349  -8.085  -8.380  -8.645  -9.051   0
  24.40897369  -8.083  -8.380  -8.652  -9.064   2
  24.46646690  -8.084  -8.373  -8.609  -8.989   0
  24.51245689  -8.104  -8.385  -8.604  -8.965   0
  24.55476189  -8.383  -8.544  -8.612  -8.794   0
  24.58635521  -8.490  -8.564  -8.614  -8.758   3
  24.59652901  -8.584  -8.547  -8.591  -8.722   0
  24.60163498  -8.632  -8.510  -8.498  -8.565   0
  24.60418701  -8.616  -8.429  -8.386  -8.417   0
  24.60671043  -8.605  -8.330  -8.277  -8.292   0
  24.60926628  -8.579  -8.248  -8.184  -8.182   0
  24.61437798  -8.505  -8.125  -8.036  -8.001   0
  24.62374496  -8.441  -7.972  -7.870  -7.816   0
  24.63373756  -8.403  -7.884  -7.776  -7.714   0
  24.64358521  -8.386  -7.836  -7.726  -7.662   0
  24.66355515  -8.374  -7.799  -7.688  -7.621   1
  24.71333122  -8.380  -7.806  -7.696  -7.629   0
  24.85012627  -8.430  -7.930  -7.823  -7.762   0
  24.95608711  -8.482  -8.032  -7.933  -7.884   0
  25.10808945  -8.610  -8.284  -8.223  -8.227   0
  25.25009727  -8.646  -8.540  -8.545  -8.633   0
  25.34971237  -8.645  -8.541  -8.548  -8.637   0
  25.42896843  -8.637  -8.552  -8.573  -8.679   2
  25.49143410  -8.480  -8.017  -7.916  -7.864   1
  25.54452705  -8.508  -8.074  -7.978  -7.932   0
  25.58912277  -8.529  -8.125  -8.033  -7.993   0
  25.62546158  -8.573  -8.225  -8.146  -8.123   0
  25.65447617  -8.628  -8.303  -8.242  -8.247   0
  25.68457985  -8.652  -8.422  -8.376  -8.400   0
  25.70593452  -8.653  -8.523  -8.496  -8.547   0
  25.73174858  -8.617  -8.613  -8.665  -8.806   0
  25.75046349  -8.483  -8.635  -8.753  -8.970   3
  25.77125549  -8.224  -8.516  -8.736  -9.104   0
  25.78456688  -8.064  -8.383  -8.703  -9.159   0
  25.79789352  -7.838  -8.216  -8.669  -9.236   0
  25.81089211  -7.570  -8.024  -8.611  -9.285   0
  25.82356453  -7.226  -7.782  -8.526  -9.321   0
  25.82938957  -7.051  -7.661  -8.480  -9.334   0
  25.83556175  -6.785  -7.497  -8.414  -9.340   0
  25.83830643  -6.625  -7.397  -8.373  -9.342   0
  25.84139442  -6.462  -7.299  -8.329  -9.338   0
  25.84585571  -6.166  -7.128  -8.243  -9.315   0
  25.84894371  -5.984  -7.022  -8.188  -9.299   0
  25.85152245  -5.865  -6.973  -8.181  -9.324   4
  25.99884033  -5.669  -6.912  -8.190  -9.388   0
  26.06147194  -5.568  -6.928  -8.267  -9.513   0
  26.06610489  -5.590  -6.971  -8.321  -9.576   0
  26.06842041  -5.592  -6.978  -8.330  -9.587   0
  26.07413483  -5.625  -7.038  -8.404  -9.672   0
