   0.15000001  15.192  13.630  12.053  10.114   0
   0.20000000  13.632  12.409  11.006   9.323   0
   0.25000000  12.776  11.683  10.359   8.785   0
   0.30000001  12.193  11.143   9.869   8.360   0
   0.34999999  11.744  10.723   9.484   8.021   0
   0.40000001  11.397  10.395   9.181   7.753   0
   0.44999999  10.979  10.009   8.832   7.451   0
   0.50000000  10.480   9.560   8.430   7.114   0
   0.55000001   9.900   9.047   7.977   6.741   0
   0.60000002   9.222   8.490   7.488   6.346   0
   0.65337259   8.315   7.796   6.895   5.889   0
   0.69999999   7.585   7.247   6.428   5.519   0
   0.71546561   7.341   7.065   6.274   5.396   0
   0.75238222   6.801   6.652   5.929   5.116   0
   0.78405696   6.361   6.310   5.645   4.884   0
   0.80000001   6.164   6.147   5.509   4.772   0
   0.80225456   6.138   6.125   5.490   4.755   0
   0.82916403   5.820   5.856   5.262   4.560   0
   0.85318172   5.542   5.617   5.058   4.385   0
   0.87490082   5.317   5.409   4.878   4.229   0
   0.89491642   5.110   5.216   4.709   4.082   0
   0.89999998   5.058   5.167   4.666   4.044   0
   0.90958178   4.957   5.071   4.582   3.969   0
   0.92514831   4.792   4.914   4.442   3.844   0
   0.94064099   4.633   4.757   4.300   3.717   0
   0.95604885   4.478   4.600   4.157   3.588   0
   0.96302187   4.410   4.531   4.093   3.529   0
   0.96959519   4.345   4.465   4.031   3.473   0
   0.97258180   4.317   4.436   4.004   3.449   0
   0.97923684   4.257   4.374   3.947   3.395   0
   0.98565495   4.198   4.314   3.890   3.342   0
   0.99521434   4.109   4.221   3.802   3.259   0
   1.00000000   4.061   4.172   3.755   3.215   0
   1.00531960   4.008   4.117   3.702   3.164   0
   1.01131070   3.940   4.047   3.635   3.101   0
   1.03641415   3.667   3.761   3.350   2.816   1
   1.05076039   3.506   3.592   3.165   2.613   0
   1.06167340   3.412   3.485   3.024   2.433   0
   1.06816733   3.459   3.501   2.978   2.329   3
   1.07192409   3.645   3.628   3.030   2.317   0
   1.07426524   3.837   3.759   3.099   2.333   0
   1.07580221   3.969   3.838   3.137   2.337   0
   1.07891226   4.020   3.818   3.063   2.218   0
   1.08113670   3.947   3.705   2.927   2.060   0
   1.08295476   3.836   3.570   2.778   1.900   0
   1.08446217   3.711   3.428   2.626   1.739   0
   1.08582687   3.582   3.282   2.472   1.577   0
   1.08702588   3.455   3.139   2.319   1.416   0
   1.08807230   3.332   3.000   2.170   1.259   0
   1.08897924   3.214   2.865   2.025   1.106   0
   1.08975375   3.100   2.735   1.885   0.958   0
   1.09049129   2.981   2.598   1.736   0.800   0
   1.09113097   2.866   2.463   1.590   0.646   0
   1.09168482   2.763   2.337   1.453   0.498   0
   1.09217381   2.667   2.217   1.320   0.354   0
   1.09260547   2.574   2.101   1.191   0.215   0
   1.09301484   2.487   1.985   1.060   0.071   0
   1.09337759   2.400   1.871   0.932  -0.070   0
   1.09371984   2.317   1.760   0.807  -0.207   0
   1.09412992   2.240   1.657   0.690  -0.334   0
   1.09418929   2.232   1.647   0.678  -0.347   2
   1.09452796   2.312   1.767   0.820  -0.188   0
   1.09456539   2.322   1.782   0.837  -0.169   0
   1.09484327   2.233   1.664   0.705  -0.313   0
   1.09512532   2.151   1.547   0.568  -0.464   0
   1.09540486   2.069   1.426   0.426  -0.623   0
   1.09567416   1.982   1.302   0.283  -0.783   0
   1.09590292   1.916   1.186   0.144  -0.943   0
   1.09610200   1.816   1.059   0.003  -1.095   0
   1.09627485   1.760   0.956  -0.122  -1.239   0
   1.09644270   1.704   0.846  -0.259  -1.397   0
   1.09658706   1.636   0.731  -0.395  -1.552   0
   1.09671283   1.589   0.630  -0.522  -1.700   0
   1.09681952   1.527   0.525  -0.647  -1.842   0
   1.09692430   1.480   0.423  -0.774  -1.992   0
   1.09701407   1.454   0.330  -0.896  -2.143   0
   1.09709179   1.433   0.242  -1.014  -2.287   0
   1.09715867   1.413   0.162  -1.120  -2.416   0
   1.09722936   1.389   0.067  -1.246  -2.570   0
   1.09728265   1.382  -0.005  -1.346  -2.696   0
   1.09733367   1.388  -0.073  -1.446  -2.829   0
   1.09738004   1.379  -0.148  -1.550  -2.960   0
   1.09742308   1.390  -0.214  -1.649  -3.092   0
   1.09746337   1.420  -0.273  -1.746  -3.227   0
   1.09750032   1.448  -0.334  -1.845  -3.362   0
   1.09752846   1.445  -0.349  -1.886  -3.463   0
   1.09755516   1.434  -0.366  -1.926  -3.564   0
   1.09758043   1.422  -0.375  -1.959  -3.663   0
   1.09760523   1.414  -0.367  -1.975  -3.763   0
   1.09762871   1.371  -0.393  -2.018  -3.870   0
   1.09764457   1.334  -0.415  -2.049  -3.938   2
   1.09764457   1.929   1.558   0.716  -0.198   1
   1.09781730   1.917   1.524   0.666  -0.260   0
   1.09803784   1.904   1.502   0.638  -0.293   0
   1.09810555   1.901   1.497   0.632  -0.300   0
   1.09828973   1.895   1.493   0.630  -0.301   0
   1.09856105   1.888   1.491   0.631  -0.297   0
   1.09884167   1.881   1.488   0.631  -0.295   0
   1.09912670   1.873   1.484   0.630  -0.293   0
   1.09942186   1.863   1.479   0.628  -0.293   0
   1.09972858   1.854   1.473   0.625  -0.293   0
   1.10003042   1.845   1.467   0.622  -0.295   0
   1.10032499   1.837   1.461   0.617  -0.298   0
   1.10061443   1.829   1.455   0.613  -0.301   0
   1.10091043   1.822   1.449   0.607  -0.307   0
   1.10099268   1.819   1.447   0.605  -0.309   0
   1.10123515   1.814   1.440   0.598  -0.316   0
   1.10157502   1.805   1.429   0.586  -0.328   0
   1.10193264   1.789   1.412   0.568  -0.348   0
   1.10231769   1.775   1.391   0.542  -0.377   0
   1.10275543   1.756   1.359   0.501  -0.425   0
   1.10293925   1.748   1.342   0.479  -0.451   0
   1.10317814   1.732   1.312   0.438  -0.500   0
   1.10401738   1.673   1.196   0.292  -0.673   0
   1.10406995   1.637   1.136   0.218  -0.757   0
   1.10411024   1.591   1.034   0.086  -0.915   0
   1.10412240   1.560   0.961  -0.011  -1.030   0
   1.10413194   1.501   0.817  -0.202  -1.258   0
   1.10413611   1.454   0.711  -0.336  -1.417   0
   1.10414076   1.430   0.620  -0.459  -1.567   0
   1.10414922   1.392   0.538  -0.563  -1.690   0
   1.10418332   1.429   0.640  -0.430  -1.530   0
   1.10419381   1.431   0.646  -0.422  -1.521   1
   1.10428035   1.392   0.539  -0.561  -1.687   0
   1.10432065   1.375   0.449  -0.686  -1.842   0
   1.10435486   1.313   0.314  -0.857  -2.041   0
   1.10438430   1.273   0.175  -1.039  -2.264   0
   1.10440207   1.300   0.119  -1.132  -2.393   0
   1.10442424   1.279   0.026  -1.257  -2.546   0
   1.10444295   1.271  -0.066  -1.385  -2.705   0
   1.10445523   1.281  -0.137  -1.491  -2.846   0
   1.10446417   1.299  -0.193  -1.580  -2.967   0
   1.10447299   1.339  -0.245  -1.672  -3.099   0
   1.10448110   1.383  -0.300  -1.769  -3.239   0
   1.10448849   1.416  -0.356  -1.863  -3.370   0
   1.10449588   1.445  -0.361  -1.903  -3.481   0
   1.10450375   1.454  -0.351  -1.922  -3.586   0
   1.10451305   1.432  -0.360  -1.961  -3.719   0
   1.10451472   1.415  -0.370  -1.981  -3.769   0
   1.10451627   1.406  -0.374  -1.990  -3.798   0
   1.10451794   1.396  -0.379  -1.999  -3.825   0
   1.10451949   1.384  -0.383  -2.008  -3.854   0
   1.10452080   1.375  -0.387  -2.016  -3.876   0
   1.10452235   1.362  -0.393  -2.025  -3.904   0
   1.10452390   1.347  -0.393  -2.027  -3.930   3
   1.10452545   1.332  -0.390  -2.024  -3.955   0
   1.10452712   1.316  -0.387  -2.020  -3.980   0
   1.10452867   1.300  -0.384  -2.017  -4.005   0
   1.10453022   1.284  -0.381  -2.013  -4.029   0
   1.10453165   1.269  -0.379  -2.010  -4.052   0
   1.10453308   1.253  -0.377  -2.007  -4.075   0
   1.10453451   1.237  -0.375  -2.004  -4.097   0
   1.10453570   1.224  -0.373  -2.002  -4.116   0
   1.10453677   1.211  -0.371  -1.999  -4.134   0
   1.10453820   1.194  -0.369  -1.996  -4.156   0
   1.10453963   1.177  -0.368  -1.993  -4.179   0
   1.10454106   1.160  -0.366  -1.990  -4.202   0
   1.10454249   1.142  -0.364  -1.987  -4.224   0
   1.10454404   1.124  -0.363  -1.984  -4.247   0
   1.10454547   1.106  -0.362  -1.981  -4.270   0
   1.10454690   1.087  -0.360  -1.978  -4.292   0
   1.10454834   1.069  -0.359  -1.975  -4.314   0
   1.10454941   1.053  -0.358  -1.973  -4.333   0
   1.10455084   1.033  -0.358  -1.970  -4.355   0
   1.10455227   1.014  -0.357  -1.967  -4.378   0
   1.10455382   1.009  -0.341  -1.948  -4.392   0
   1.10455525   1.013  -0.316  -1.920  -4.401   0
   1.10455668   1.018  -0.295  -1.897  -4.406   0
   1.10455811   1.021  -0.280  -1.881  -4.410   0
   1.10455954   1.023  -0.267  -1.866  -4.414   0
   1.10456097   1.026  -0.254  -1.851  -4.419   0
   1.10456240   1.028  -0.240  -1.836  -4.423   0
   1.10456455   1.032  -0.221  -1.815  -4.428   0
   1.10456765   1.038  -0.194  -1.785  -4.436   0
   1.10457087   1.044  -0.166  -1.754  -4.444   0
   1.10457397   1.050  -0.137  -1.722  -4.452   0
   1.10457718   1.056  -0.108  -1.689  -4.460   0
   1.10458028   1.063  -0.078  -1.656  -4.468   0
   1.10458338   1.069  -0.049  -1.624  -4.476   0
   1.10458636   1.076  -0.019  -1.591  -4.483   0
   1.10458946   1.083   0.011  -1.558  -4.491   0
   1.10459244   1.091   0.041  -1.524  -4.498   0
   1.10459542   1.099   0.073  -1.489  -4.505   0
   1.10459840   1.109   0.110  -1.449  -4.510   0
   1.10460091   1.133   0.162  -1.392  -4.504   0
   1.10460186   1.164   0.218  -1.333  -4.488   0
