   0.15000001  15.217  13.648  12.068  10.124   0
   0.20000000  13.704  12.469  11.058   9.365   0
   0.25000000  12.884  11.779  10.449   8.864   0
   0.30000001  12.324  11.269   9.989   8.471   0
   0.34999999  11.880  10.858   9.616   8.149   0
   0.40000001  11.437  10.434   9.217   7.785   0
   0.44999999  11.041  10.069   8.888   7.502   0
   0.50000000  10.568   9.641   8.505   7.179   0
   0.55000001  10.017   9.152   8.073   6.824   0
   0.60000002   9.407   8.646   7.628   6.462   0
   0.69999999   7.946   7.521   6.662   5.710   0
   0.74604326   7.312   7.051   6.267   5.397   0
   0.80000001   6.657   6.553   5.856   5.068   0
   0.81798762   6.463   6.402   5.730   4.963   0
   0.89999998   5.700   5.773   5.208   4.531   0
   1.00000000   4.956   5.095   4.631   4.042   0
   1.10000002   4.360   4.502   4.115   3.609   0
   1.13136816   4.201   4.333   3.967   3.489   0
   1.20000005   3.869   3.979   3.657   3.238   0
   1.22421992   3.763   3.858   3.554   3.163   0
   1.29999995   3.448   3.498   3.248   2.941   0
   1.39999998   3.085   3.076   2.899   2.713   0
   1.50000000   2.764   2.729   2.620   2.527   0
   1.60000002   2.472   2.459   2.404   2.375   0
   1.70000005   2.203   2.240   2.223   2.231   0
   1.79999995   1.962   2.055   2.063   2.095   0
   1.89999998   1.744   1.893   1.924   1.972   0
   2.00000000   1.543   1.745   1.793   1.854   0
   2.20000005   1.191   1.481   1.552   1.631   0
   2.50000000   0.749   1.142   1.234   1.334   0
   3.00000000   0.146   0.659   0.777   0.902   0
   3.50000000  -0.342   0.254   0.391   0.535   0
   3.64293480  -0.466   0.148   0.290   0.439   0
   4.00000000  -0.758  -0.099   0.055   0.215   0
   4.50000000  -1.114  -0.403  -0.235  -0.061   0
   4.88590860  -1.373  -0.626  -0.450  -0.266   0
   5.00000000  -1.448  -0.692  -0.512  -0.326   0
   5.81024790  -1.954  -1.139  -0.944  -0.741   0
   6.00000000  -2.070  -1.242  -1.044  -0.838   0
   6.54186440  -2.387  -1.528  -1.321  -1.106   0
   7.00000000  -2.656  -1.775  -1.563  -1.342   0
   7.12003803  -2.725  -1.839  -1.625  -1.402   0
   7.62624025  -3.026  -2.123  -1.904  -1.677   0
   8.05196762  -3.287  -2.372  -2.150  -1.920   0
   8.41053581  -3.529  -2.609  -2.386  -2.156   0
   8.71999073  -3.748  -2.825  -2.601  -2.372   1
   8.98582649  -3.966  -3.046  -2.824  -2.598   0
   9.00000000  -3.978  -3.058  -2.836  -2.611   0
   9.18819618  -4.124  -3.208  -2.987  -2.764   0
   9.58272457  -4.502  -3.613  -3.399  -3.187   0
   9.74127865  -4.678  -3.804  -3.595  -3.389   0
   9.80675793  -4.747  -3.875  -3.667  -3.463   0
   9.84946442  -4.768  -3.884  -3.673  -3.465   3
   9.87101173  -4.738  -3.816  -3.595  -3.374   0
   9.87393570  -4.747  -3.795  -3.568  -3.338   0
   9.87407017  -4.746  -3.794  -3.566  -3.336   0
   9.87512016  -4.725  -3.797  -3.575  -3.352   0
   9.87560940  -4.761  -3.854  -3.637  -3.421   0
   9.87606907  -4.835  -3.950  -3.739  -3.533   0
   9.87657738  -4.934  -4.076  -3.873  -3.677   0
   9.87711811  -5.048  -4.221  -4.027  -3.843   0
   9.87749577  -5.127  -4.324  -4.136  -3.962   0
   9.87790489  -5.209  -4.434  -4.254  -4.089   0
   9.87831497  -5.292  -4.548  -4.376  -4.223   0
   9.87874126  -5.381  -4.671  -4.508  -4.369   0
   9.87916756  -5.473  -4.800  -4.649  -4.525   0
   9.87962627  -5.570  -4.944  -4.805  -4.700   0
   9.87995434  -5.643  -5.056  -4.928  -4.838   0
   9.88021660  -5.700  -5.149  -5.030  -4.952   0
   9.88029861  -5.715  -5.175  -5.058  -4.985   0
   9.88054562  -5.767  -5.268  -5.161  -5.101   0
   9.88079262  -5.809  -5.367  -5.269  -5.221   0
   9.88100719  -5.842  -5.459  -5.369  -5.334   0
   9.88118839  -5.867  -5.530  -5.450  -5.427   0
   9.88135338  -5.899  -5.594  -5.527  -5.522   0
   9.88151836  -5.917  -5.664  -5.608  -5.620   0
   9.88168335  -5.923  -5.737  -5.693  -5.720   0
   9.88184834  -5.913  -5.813  -5.780  -5.824   0
   9.88194752  -5.900  -5.857  -5.835  -5.893   0
   9.88206196  -5.868  -5.893  -5.886  -5.964   0
   9.88217735  -5.824  -5.919  -5.932  -6.035   0
   9.88227654  -5.764  -5.927  -5.964  -6.102   0
   9.88239193  -5.676  -5.893  -5.975  -6.171   3
   9.88250732  -5.576  -5.819  -5.964  -6.235   0
   9.88260651  -5.459  -5.709  -5.939  -6.298   0
   9.88272190  -5.301  -5.548  -5.891  -6.361   0
   9.88283730  -5.088  -5.347  -5.818  -6.411   0
   9.88293552  -4.787  -5.099  -5.716  -6.437   0
   9.88298512  -4.536  -4.920  -5.639  -6.439   0
   9.88310051  -3.990  -4.562  -5.467  -6.405   0
   9.88324928  -3.358  -4.174  -5.239  -6.299   0
   9.88341427  -2.913  -3.921  -5.086  -6.230   4
   9.88359642  -2.594  -3.858  -5.146  -6.394   0
   9.88369560  -2.541  -3.941  -5.287  -6.587   0
   9.88379478  -2.572  -4.042  -5.419  -6.742   0
   9.88402653  -2.609  -4.148  -5.555  -6.902   0
   9.88497066  -2.613  -4.223  -5.663  -7.037   0
   9.88953686  -2.619  -4.280  -5.742  -7.137   2
   9.93058968  -2.663  -4.234  -5.655  -7.013   0
   9.97353172  -2.703  -4.186  -5.568  -6.892   0
  10.02988052  -2.854  -4.206  -5.532  -6.804   0
  10.05310345  -2.990  -4.270  -5.565  -6.808   0
  10.07407093  -3.272  -4.433  -5.672  -6.864   0
  10.08312225  -5.616  -5.891  -6.312  -6.857   0
  10.08549404  -5.848  -6.111  -6.386  -6.793   0
  10.08669281  -5.963  -6.219  -6.407  -6.728   0
  10.08795738  -6.050  -6.288  -6.414  -6.667   0
  10.08917904  -6.111  -6.333  -6.416  -6.619   0
  10.09162331  -6.188  -6.354  -6.397  -6.547   0
  10.09529305  -6.244  -6.347  -6.366  -6.481   0
  10.10244560  -6.298  -6.317  -6.317  -6.405   0
  10.11397934  -6.338  -6.263  -6.248  -6.313   0
  10.13145351  -6.354  -6.216  -6.179  -6.216   0
  10.15048122  -6.369  -6.184  -6.142  -6.173   1
  10.17727280  -6.382  -6.252  -6.216  -6.256   0
  10.18781757  -6.385  -6.302  -6.284  -6.346   0
  10.19534302  -6.368  -6.357  -6.354  -6.438   0
  10.20026588  -6.335  -6.400  -6.410  -6.512   0
  10.20484638  -6.274  -6.426  -6.458  -6.595   0
  10.20761871  -6.208  -6.406  -6.473  -6.655   0
  10.21026230  -6.121  -6.356  -6.476  -6.722   3
  10.21277714  -5.996  -6.254  -6.460  -6.800   0
  10.21509552  -5.797  -6.065  -6.415  -6.893   0
  10.21632099  -5.633  -5.915  -6.364  -6.934   0
  10.21844482  -5.119  -5.512  -6.204  -6.980   0
  10.22046089  -3.154  -4.337  -5.587  -6.790   4
  10.22801304  -2.829  -4.338  -5.733  -7.064   0
  10.23172569  -2.761  -4.384  -5.830  -7.204   0
  10.23240948  -2.726  -4.413  -5.887  -7.289   0
  10.23254871  -2.724  -4.417  -5.895  -7.300   0
  10.23371696  -2.733  -4.405  -5.872  -7.267   1
  10.23511505  -2.687  -4.433  -5.933  -7.361   0
  10.23621178  -2.646  -4.461  -5.991  -7.448   0
  10.23765373  -2.616  -4.498  -6.058  -7.543   0
  10.23924351  -2.583  -4.531  -6.120  -7.631   0
  10.24075031  -2.539  -4.558  -6.177  -7.717   0
