   0.15000001  15.146  13.596  12.025  10.095   0
   0.20000000  13.568  12.354  10.957   9.281   0
   0.25000000  12.728  11.638  10.318   8.748   0
   0.30000001  12.158  11.111   9.840   8.334   0
   0.34999999  11.720  10.701   9.465   8.006   0
   0.40000001  11.357  10.356   9.145   7.721   0
   0.44999999  10.920   9.956   8.784   7.411   0
   0.50000000  10.392   9.479   8.358   7.054   0
   0.55000001   9.754   8.924   7.868   6.651   0
   0.60000002   8.984   8.298   7.321   6.212   0
   0.60551858   8.874   8.212   7.248   6.158   0
   0.63436061   8.318   7.793   6.889   5.879   0
   0.66005689   7.823   7.422   6.572   5.631   0
   0.68343359   7.391   7.098   6.298   5.411   0
   0.69999999   7.082   6.866   6.103   5.254   0
   0.71505010   6.820   6.660   5.930   5.111   0
   0.73272836   6.514   6.417   5.724   4.938   0
   0.74934447   6.228   6.186   5.527   4.772   0
   0.76541746   5.970   5.965   5.338   4.609   0
   0.78225029   5.699   5.728   5.132   4.427   0
   0.79201823   5.538   5.585   5.006   4.315   0
   0.80000001   5.409   5.469   4.903   4.222   0
   0.80618125   5.308   5.376   4.819   4.146   0
   0.81533653   5.156   5.231   4.687   4.025   0
   0.82401878   5.011   5.090   4.557   3.904   0
   0.82628393   4.974   5.053   4.522   3.871   0
   0.82723445   4.959   5.038   4.508   3.858   0
   0.83199179   4.883   4.962   4.436   3.789   0
   0.83549756   4.824   4.904   4.379   3.734   0
   0.84963030   4.577   4.650   4.128   3.483   1
   0.85894620   4.426   4.483   3.941   3.278   0
   0.86561573   4.400   4.404   3.812   3.104   0
   0.86928231   4.519   4.445   3.781   3.012   0
   0.87181342   4.699   4.515   3.772   2.936   0
   0.87371343   4.738   4.473   3.680   2.801   0
   0.87501824   4.673   4.367   3.550   2.649   0
   0.87613106   4.556   4.227   3.397   2.483   0
   0.87705714   4.425   4.080   3.240   2.318   0
   0.87786454   4.292   3.934   3.086   2.157   0
   0.87859547   4.155   3.784   2.929   1.994   0
   0.87920433   4.023   3.642   2.779   1.839   0
   0.87972629   3.909   3.513   2.642   1.695   0
   0.88019216   3.790   3.380   2.502   1.548   0
   0.88064927   3.661   3.236   2.349   1.389   0
   0.88102555   3.542   3.102   2.208   1.240   0
   0.88136828   3.430   2.969   2.065   1.088   0
   0.88165540   3.322   2.844   1.930   0.947   0
   0.88191873   3.218   2.720   1.796   0.804   0
   0.88215429   3.123   2.601   1.665   0.662   0
   0.88236755   3.027   2.483   1.535   0.522   0
   0.88255584   2.932   2.368   1.409   0.387   0
   0.88273299   2.836   2.253   1.283   0.253   0
   0.88289350   2.756   2.150   1.168   0.128   0
   0.88306642   2.694   2.077   1.089   0.045   2
   0.88325387   2.754   2.165   1.193   0.161   0
   0.88339120   2.658   2.042   1.055   0.012   0
   0.88354236   2.564   1.911   0.905  -0.154   0
   0.88367635   2.472   1.786   0.765  -0.307   0
   0.88379145   2.391   1.669   0.630  -0.458   0
   0.88390493   2.305   1.542   0.483  -0.623   0
   0.88400292   2.218   1.414   0.336  -0.786   0
   0.88408548   2.144   1.299   0.200  -0.938   0
   0.88415772   2.082   1.189   0.067  -1.090   0
   0.88421965   2.021   1.086  -0.056  -1.230   0
   0.88428158   1.961   0.975  -0.190  -1.384   0
   0.88433492   1.915   0.873  -0.317  -1.535   0
   0.88437963   1.857   0.767  -0.445  -1.682   0
   0.88442272   1.815   0.667  -0.571  -1.831   0
   0.88445711   1.797   0.586  -0.678  -1.964   0
   0.88449329   1.783   0.492  -0.807  -2.125   0
   0.88451737   1.769   0.422  -0.902  -2.241   0
   0.88454318   1.761   0.346  -1.008  -2.377   0
   0.88456899   1.751   0.255  -1.133  -2.537   0
   0.88458967   1.758   0.191  -1.229  -2.663   0
   0.88461035   1.764   0.114  -1.342  -2.811   0
   0.88462585   1.774   0.053  -1.432  -2.929   0
   0.88464308   1.773  -0.003  -1.521  -3.066   0
   0.88465685   1.778  -0.008  -1.558  -3.182   0
   0.88466722   1.765  -0.023  -1.596  -3.280   0
   0.88468093   1.735  -0.045  -1.645  -3.413   0
   0.88469130   1.699  -0.065  -1.685  -3.521   0
   0.88469988   1.657  -0.081  -1.713  -3.614   2
   0.88471025   1.586  -0.071  -1.702  -3.727   0
   0.88471717   1.528  -0.065  -1.693  -3.811   0
   0.88472229   1.495  -0.062  -1.689  -3.856   0
   0.88472229   1.973   1.659   0.861  -0.016   0
   0.88480031   1.967   1.617   0.795  -0.103   0
   0.88490349   1.956   1.599   0.772  -0.128   2
   0.88499832   1.946   1.594   0.771  -0.127   0
   0.88509899   1.936   1.593   0.775  -0.118   0
   0.88520306   1.926   1.592   0.781  -0.108   0
   0.88531017   1.915   1.589   0.785  -0.098   0
   0.88542169   1.906   1.587   0.787  -0.092   0
   0.88553542   1.897   1.584   0.789  -0.087   0
   0.88564879   1.890   1.582   0.789  -0.084   0
   0.88576108   1.884   1.578   0.788  -0.084   0
   0.88587415   1.878   1.574   0.785  -0.086   0
   0.88591862   1.875   1.572   0.783  -0.088   0
   0.88598317   1.873   1.569   0.779  -0.093   0
   0.88609141   1.870   1.562   0.769  -0.104   0
   0.88620341   1.865   1.552   0.756  -0.119   0
   0.88631934   1.858   1.538   0.737  -0.142   0
   0.88644528   1.845   1.516   0.710  -0.174   0
   0.88657349   1.837   1.490   0.672  -0.221   0
   0.88664186   1.824   1.468   0.643  -0.255   0
   0.88671589   1.812   1.440   0.606  -0.300   0
   0.88700557   1.762   1.335   0.461  -0.475   0
   0.88702333   1.736   1.274   0.379  -0.574   0
   0.88703704   1.704   1.176   0.246  -0.737   0
   0.88704115   1.673   1.098   0.142  -0.862   0
   0.88704455   1.633   0.953  -0.061  -1.111   0
   0.88704616   1.620   0.860  -0.194  -1.278   0
   0.88704795   1.593   0.761  -0.329  -1.443   0
   0.88705093   1.578   0.688  -0.429  -1.567   0
   0.88705862   1.587   0.763  -0.323  -1.434   0
   0.88706642   1.593   0.785  -0.294  -1.398   1
   0.88710469   1.574   0.684  -0.433  -1.571   0
   0.88712054   1.550   0.589  -0.562  -1.728   0
   0.88713473   1.509   0.463  -0.729  -1.928   0
   0.88714671   1.536   0.370  -0.874  -2.125   0
   0.88715476   1.527   0.289  -0.987  -2.266   0
   0.88716310   1.513   0.205  -1.101  -2.407   0
   0.88717067   1.539   0.123  -1.230  -2.579   0
   0.88717514   1.577   0.067  -1.327  -2.718   0
   0.88717890   1.599   0.006  -1.424  -2.850   0
   0.88718194   1.651  -0.035  -1.504  -2.971   0
   0.88718492   1.713  -0.073  -1.586  -3.096   0
   0.88718790   1.738  -0.079  -1.625  -3.206   0
   0.88719136   1.739  -0.074  -1.650  -3.315   0
   0.88719505   1.719  -0.082  -1.683  -3.427   0
   0.88719797   1.678  -0.105  -1.726  -3.545   0
   0.88719857   1.642  -0.116  -1.750  -3.631   0
   0.88719916   1.628  -0.115  -1.751  -3.655   2
   0.88719982   1.614  -0.113  -1.748  -3.678   0
   0.88720042   1.599  -0.110  -1.745  -3.701   0
   0.88720107   1.584  -0.107  -1.741  -3.724   0
   0.88720173   1.568  -0.104  -1.738  -3.747   0
   0.88720232   1.553  -0.102  -1.735  -3.770   0
   0.88720298   1.537  -0.100  -1.732  -3.793   0
   0.88720357   1.521  -0.097  -1.728  -3.816   0
   0.88720423   1.504  -0.095  -1.725  -3.840   0
   0.88720483   1.486  -0.093  -1.721  -3.864   0
   0.88720548   1.467  -0.091  -1.718  -3.889   0
   0.88720608   1.448  -0.089  -1.714  -3.913   0
   0.88720673   1.429  -0.087  -1.711  -3.937   0
   0.88720721   1.414  -0.085  -1.708  -3.957   0
   0.88720787   1.394  -0.084  -1.705  -3.981   0
   0.88720846   1.374  -0.082  -1.701  -4.006   0
   0.88720912   1.352  -0.082  -1.698  -4.030   0
   0.88720971   1.328  -0.082  -1.695  -4.055   0
   0.88721025   1.311  -0.081  -1.692  -4.074   0
   0.88721085   1.292  -0.078  -1.688  -4.098   0
   0.88721150   1.289  -0.060  -1.667  -4.113   0
   0.88721198   1.293  -0.037  -1.641  -4.121   0
   0.88721263   1.298  -0.009  -1.610  -4.130   0
   0.88721323   1.303   0.017  -1.581  -4.138   0
   0.88721389   1.308   0.041  -1.555  -4.145   0
   0.88721448   1.312   0.064  -1.529  -4.152   0
   0.88721514   1.317   0.087  -1.503  -4.159   0
   0.88721573   1.322   0.111  -1.477  -4.166   0
   0.88721639   1.326   0.134  -1.451  -4.173   0
   0.88721699   1.331   0.158  -1.424  -4.180   0
   0.88721794   1.339   0.186  -1.394  -4.184   0
   0.88721907   1.347   0.218  -1.359  -4.191   0
   0.88722026   1.355   0.250  -1.324  -4.198   0
   0.88722140   1.365   0.284  -1.285  -4.203   0
   0.88722169   1.368   0.294  -1.275  -4.204   0
