   0.15000001  15.217  13.648  12.068  10.124   0
   0.20000000  13.703  12.469  11.058   9.365   0
   0.25000000  12.884  11.779  10.449   8.864   0
   0.30000001  12.324  11.269   9.989   8.471   0
   0.34999999  11.879  10.858   9.616   8.149   0
   0.40000001  11.437  10.434   9.217   7.785   0
   0.44999999  11.041  10.069   8.888   7.502   0
   0.50000000  10.568   9.641   8.505   7.179   0
   0.55000001  10.016   9.152   8.073   6.823   0
   0.60000002   9.407   8.645   7.627   6.462   0
   0.68990844   8.079   7.622   6.749   5.779   0
   0.69999999   7.945   7.521   6.661   5.709   0
   0.70766753   7.837   7.440   6.594   5.656   0
   0.80000001   6.656   6.552   5.855   5.067   0
   0.89999998   5.699   5.772   5.207   4.530   0
   0.99614823   4.979   5.118   4.650   4.059   0
   1.00000000   4.955   5.094   4.630   4.041   0
   1.10000002   4.358   4.500   4.113   3.607   0
   1.20000005   3.867   3.977   3.655   3.237   0
   1.29999995   3.446   3.496   3.246   2.939   0
   1.39999998   3.083   3.073   2.897   2.711   0
   1.50000000   2.761   2.726   2.618   2.525   0
   1.60000002   2.469   2.456   2.401   2.372   0
   1.70000005   2.200   2.237   2.219   2.228   0
   1.79999995   1.958   2.050   2.059   2.091   0
   1.89999998   1.740   1.888   1.918   1.966   0
   2.00000000   1.538   1.739   1.786   1.847   0
   2.20000005   1.184   1.472   1.543   1.621   0
   2.50000000   0.738   1.128   1.220   1.320   0
   3.00000000   0.128   0.636   0.754   0.878   0
   3.24554801  -0.126   0.426   0.554   0.686   0
   3.50000000  -0.368   0.224   0.361   0.504   0
   4.00000000  -0.793  -0.136   0.017   0.176   0
   4.34804583  -1.050  -0.356  -0.193  -0.024   0
   4.50000000  -1.159  -0.450  -0.283  -0.110   0
   5.00000000  -1.512  -0.759  -0.580  -0.395   0
   5.17775631  -1.633  -0.866  -0.683  -0.494   0
   5.79500961  -2.045  -1.235  -1.041  -0.841   0
   6.00000000  -2.182  -1.361  -1.163  -0.960   0
   6.31693316  -2.389  -1.550  -1.348  -1.140   0
   6.73473549  -2.672  -1.814  -1.607  -1.393   0
   7.00000000  -2.860  -1.993  -1.783  -1.567   0
   7.09052658  -2.923  -2.053  -1.842  -1.626   0
   7.40628004  -3.157  -2.281  -2.069  -1.852   0
   7.67878532  -3.374  -2.496  -2.283  -2.067   1
   7.91287851  -3.584  -2.708  -2.497  -2.283   0
   8.11488628  -3.778  -2.909  -2.699  -2.489   0
   8.28652477  -3.971  -3.115  -2.908  -2.704   0
   8.43101501  -4.143  -3.300  -3.097  -2.898   0
   8.49428177  -4.226  -3.391  -3.190  -2.994   0
   8.55238152  -4.303  -3.474  -3.274  -3.081   0
   8.59346962  -4.354  -3.527  -3.328  -3.135   0
   8.61450481  -4.370  -3.537  -3.337  -3.143   3
   8.63316250  -4.376  -3.533  -3.330  -3.133   0
   8.64597511  -4.357  -3.485  -3.275  -3.069   0
   8.64970589  -4.352  -3.466  -3.253  -3.042   0
   8.65191269  -4.359  -3.447  -3.228  -3.009   0
   8.65210438  -4.353  -3.446  -3.229  -3.011   0
   8.65271091  -4.333  -3.445  -3.232  -3.020   0
   8.65318584  -4.369  -3.506  -3.298  -3.094   0
   8.65367126  -4.465  -3.631  -3.431  -3.238   0
   8.65409088  -4.563  -3.753  -3.559  -3.376   0
   8.65455627  -4.673  -3.893  -3.708  -3.536   0
   8.65506744  -4.789  -4.044  -3.869  -3.711   0
   8.65561104  -4.906  -4.203  -4.039  -3.896   0
   8.65599728  -4.988  -4.319  -4.163  -4.032   0
   8.65639114  -5.074  -4.440  -4.295  -4.179   0
   8.65679646  -5.162  -4.569  -4.435  -4.336   0
   8.65721512  -5.251  -4.710  -4.589  -4.508   0
   8.65763474  -5.335  -4.855  -4.749  -4.689   0
   8.65803242  -5.403  -5.005  -4.914  -4.875   0
   8.65823078  -5.430  -5.085  -5.002  -4.975   0
   8.65843010  -5.458  -5.160  -5.089  -5.077   0
   8.65862846  -5.478  -5.237  -5.178  -5.184   0
   8.65882778  -5.484  -5.319  -5.274  -5.298   0
   8.65903187  -5.471  -5.404  -5.373  -5.417   0
   8.65915871  -5.449  -5.453  -5.433  -5.494   0
   8.65928459  -5.410  -5.490  -5.488  -5.572   0
   8.65943527  -5.340  -5.496  -5.528  -5.656   0
   8.65956211  -5.248  -5.460  -5.542  -5.734   3
   8.65968800  -5.145  -5.382  -5.532  -5.804   0
   8.65976620  -5.069  -5.311  -5.517  -5.848   0
   8.65984440  -4.969  -5.207  -5.491  -5.899   0
   8.65991688  -4.867  -5.103  -5.456  -5.934   0
   8.65999508  -4.740  -4.979  -5.411  -5.967   0
   8.66006756  -4.593  -4.846  -5.359  -5.992   0
   8.66014576  -4.348  -4.649  -5.278  -6.010   0
   8.66021729  -4.024  -4.422  -5.181  -6.013   0
   8.66028976  -3.691  -4.209  -5.076  -5.989   0
   8.66039848  -3.271  -3.946  -4.928  -5.928   0
   8.66053677  -2.878  -3.705  -4.782  -5.855   0
   8.66063881  -2.643  -3.576  -4.706  -5.825   4
   8.66081715  -2.363  -3.532  -4.777  -5.990   0
   8.66092491  -2.318  -3.609  -4.908  -6.170   0
   8.66104603  -2.332  -3.696  -5.027  -6.316   0
   8.66136360  -2.353  -3.789  -5.151  -6.465   0
   8.66217709  -2.348  -3.854  -5.246  -6.585   0
   8.66316795  -2.349  -3.881  -5.284  -6.632   0
   8.66641045  -2.357  -3.936  -5.360  -6.724   2
   8.71184063  -2.414  -3.886  -5.263  -6.588   0
   8.74532509  -2.445  -3.845  -5.191  -6.489   0
   8.78161430  -2.545  -3.856  -5.164  -6.427   0
   8.81983948  -2.723  -3.927  -5.189  -6.407   0
   8.82989311  -2.860  -4.008  -5.242  -6.436   0
   8.83135033  -2.906  -4.035  -5.260  -6.446   0
   8.83219910  -2.950  -4.060  -5.274  -6.452   0
   8.83295822  -3.017  -4.094  -5.293  -6.458   0
   8.83371639  -3.074  -4.124  -5.309  -6.463   0
   8.83454895  -3.118  -4.147  -5.322  -6.467   0
   8.83595085  -3.167  -4.173  -5.336  -6.472   0
   8.83788586  -3.215  -4.199  -5.351  -6.478   0
   8.83978844  -3.265  -4.226  -5.367  -6.484   0
   8.84165764  -3.309  -4.250  -5.381  -6.489   0
   8.84403706  -3.377  -4.288  -5.404  -6.500   0
   8.84678650  -3.602  -4.424  -5.487  -6.542   0
   8.84948540  -3.815  -4.555  -5.566  -6.581   0
   8.85266209  -5.039  -5.338  -5.889  -6.552   0
   8.85598373  -5.452  -5.707  -5.991  -6.404   0
   8.85981560  -5.561  -5.813  -6.010  -6.338   0
   8.86423874  -5.629  -5.876  -6.022  -6.298   0
   8.86908817  -5.681  -5.916  -6.030  -6.267   0
   8.87518024  -5.730  -5.954  -6.039  -6.241   0
   8.88353157  -5.778  -5.974  -6.038  -6.214   0
   8.89376831  -5.805  -5.988  -6.044  -6.207   1
   8.91278458  -5.730  -5.962  -6.071  -6.301   0
   8.92032433  -5.620  -5.873  -6.065  -6.389   0
   8.92488956  -5.497  -5.753  -6.044  -6.464   0
   8.92819500  -5.347  -5.609  -6.007  -6.530   0
   8.93101120  -5.113  -5.408  -5.942  -6.591   0
   8.93282127  -4.832  -5.197  -5.867  -6.627   0
   8.93427372  -4.404  -4.919  -5.760  -6.648   0
   8.93548965  -3.882  -4.615  -5.621  -6.631   0
   8.93590832  -3.717  -4.518  -5.567  -6.610   0
   8.93645477  -3.494  -4.388  -5.496  -6.583   0
   8.93678188  -3.346  -4.306  -5.446  -6.561   0
   8.93707848  -3.252  -4.253  -5.414  -6.546   0
   8.93724537  -3.195  -4.222  -5.395  -6.538   0
   8.93739700  -3.141  -4.192  -5.377  -6.530   0
   8.93751907  -3.097  -4.167  -5.362  -6.523   0
   8.93758774  -3.071  -4.153  -5.353  -6.519   0
   8.93771648  -3.023  -4.126  -5.337  -6.511   0
   8.93786144  -2.972  -4.097  -5.319  -6.502   0
   8.93804264  -2.911  -4.061  -5.296  -6.490   0
   8.93865871  -2.882  -4.051  -5.295  -6.496   0
   8.93907642  -2.867  -4.047  -5.297  -6.502   0
   8.94116497  -2.799  -4.025  -5.295  -6.519   0
   8.94257832  -2.753  -4.010  -5.294  -6.531   0
   8.94393253  -2.708  -3.995  -5.292  -6.542   0
   8.94596577  -2.640  -3.972  -5.288  -6.556   4
   8.94879818  -2.567  -3.972  -5.321  -6.617   0
   8.95221424  -2.472  -4.039  -5.459  -6.817   0
   8.95583534  -2.397  -4.085  -5.558  -6.967   0
   8.95940208  -2.309  -4.197  -5.759  -7.252   0
   8.96162891  -2.229  -4.248  -5.865  -7.412   0
