   0.15000001  15.135  13.588  12.018  10.089   0
   0.20000000  13.553  12.342  10.946   9.272   0
   0.25000000  12.717  11.628  10.309   8.740   0
   0.30000001  12.150  11.104   9.833   8.329   0
   0.34999999  11.715  10.696   9.461   8.002   0
   0.40000001  11.350  10.349   9.139   7.715   0
   0.44999999  10.907   9.944   8.773   7.402   0
   0.50000000  10.370   9.460   8.342   7.040   0
   0.55000001   9.719   8.895   7.843   6.631   0
   0.59037411   9.071   8.369   7.383   6.263   0
   0.60000002   8.926   8.252   7.281   6.181   0
   0.61607087   8.604   8.007   7.072   6.020   0
   0.64102632   8.102   7.630   6.748   5.769   0
   0.66372907   7.659   7.297   6.466   5.545   0
   0.68477416   7.250   6.991   6.207   5.336   0
   0.69999999   6.963   6.771   6.022   5.186   0
   0.71363413   6.716   6.575   5.857   5.048   0
   0.72981727   6.419   6.338   5.655   4.878   0
   0.74547142   6.140   6.107   5.457   4.709   0
   0.76186562   5.858   5.863   5.245   4.522   0
   0.77137905   5.692   5.716   5.116   4.408   0
   0.78249973   5.498   5.541   4.960   4.268   0
   0.79574084   5.258   5.322   4.762   4.087   0
   0.79902983   5.199   5.266   4.712   4.040   0
   0.80000001   5.183   5.250   4.697   4.027   0
   0.80325788   5.124   5.194   4.645   3.978   0
   0.80546594   5.084   5.154   4.608   3.943   0
   0.80627501   5.070   5.141   4.595   3.931   0
   0.81033272   4.999   5.070   4.527   3.865   0
   0.81333137   4.944   5.015   4.474   3.814   0
   0.82547945   4.712   4.777   4.238   3.578   1
   0.83385903   4.569   4.616   4.058   3.380   0
   0.83986992   4.540   4.534   3.928   3.210   0
   0.84317821   4.641   4.559   3.888   3.115   0
   0.84546334   4.796   4.613   3.870   3.035   0
   0.84727168   4.844   4.576   3.782   2.901   0
   0.84851366   4.782   4.472   3.653   2.750   0
   0.84957290   4.668   4.334   3.501   2.584   0
   0.85045451   4.536   4.186   3.343   2.418   0
   0.85122311   4.402   4.039   3.188   2.257   0
   0.85191900   4.263   3.888   3.030   2.093   0
   0.85249865   4.129   3.744   2.879   1.936   0
   0.85299563   4.010   3.611   2.739   1.790   0
   0.85343915   3.888   3.476   2.596   1.641   0
   0.85387444   3.758   3.330   2.443   1.481   0
   0.85423273   3.639   3.196   2.301   1.331   0
   0.85455906   3.520   3.059   2.155   1.178   0
   0.85483241   3.411   2.932   2.018   1.033   0
   0.85508317   3.305   2.806   1.881   0.888   0
   0.85530746   3.204   2.682   1.746   0.742   0
   0.85551053   3.104   2.560   1.612   0.599   0
   0.85568988   3.007   2.441   1.482   0.459   0
   0.85585856   2.904   2.320   1.350   0.320   0
   0.85601139   2.817   2.210   1.227   0.187   0
   0.85617608   2.752   2.132   1.143   0.097   2
   0.85634410   2.803   2.209   1.233   0.199   0
   0.85646725   2.706   2.085   1.095   0.050   0
   0.85660279   2.612   1.955   0.947  -0.114   0
   0.85672295   2.521   1.830   0.807  -0.268   0
   0.85682619   2.438   1.712   0.671  -0.419   0
   0.85692799   2.350   1.584   0.523  -0.584   0
   0.85701585   2.267   1.459   0.378  -0.746   0
   0.85708994   2.191   1.342   0.241  -0.899   0
   0.85715473   2.130   1.233   0.110  -1.050   0
   0.85721022   2.069   1.129  -0.016  -1.191   0
   0.85726577   2.004   1.016  -0.150  -1.346   0
   0.85731363   1.960   0.916  -0.275  -1.494   0
   0.85735375   1.904   0.810  -0.404  -1.643   0
   0.85739237   1.861   0.710  -0.529  -1.791   0
   0.85742325   1.842   0.627  -0.639  -1.927   0
   0.85745567   1.828   0.537  -0.764  -2.081   0
   0.85747731   1.815   0.463  -0.864  -2.206   0
   0.85750049   1.807   0.387  -0.969  -2.341   0
   0.85752362   1.794   0.295  -1.096  -2.501   0
   0.85754216   1.803   0.230  -1.193  -2.630   0
   0.85756069   1.811   0.155  -1.302  -2.774   0
   0.85757464   1.819   0.089  -1.400  -2.901   0
   0.85759008   1.814   0.038  -1.484  -3.037   0
   0.85760242   1.820   0.035  -1.519  -3.153   0
   0.85761172   1.804   0.017  -1.560  -3.258   0
   0.85762405   1.774  -0.003  -1.607  -3.390   0
   0.85763329   1.732  -0.028  -1.652  -3.503   0
   0.85764104   1.684  -0.035  -1.667  -3.597   2
   0.85765028   1.613  -0.028  -1.658  -3.707   0
   0.85765648   1.550  -0.021  -1.648  -3.796   0
   0.85766113   1.514  -0.019  -1.643  -3.845   0
   0.85766113   1.946   1.660   0.881   0.019   0
   0.85772634   1.951   1.622   0.815  -0.070   0
   0.85780627   1.941   1.606   0.796  -0.092   0
   0.85781020   1.941   1.606   0.795  -0.092   2
   0.85789961   1.930   1.600   0.793  -0.092   0
   0.85799241   1.919   1.599   0.798  -0.081   0
   0.85808867   1.908   1.598   0.805  -0.069   0
   0.85818815   1.895   1.596   0.810  -0.058   0
   0.85829133   1.884   1.593   0.813  -0.050   0
   0.85839748   1.874   1.590   0.815  -0.044   0
   0.85850292   1.867   1.588   0.816  -0.041   0
   0.85860622   1.862   1.584   0.815  -0.041   0
   0.85869813   1.856   1.580   0.811  -0.044   0
   0.85871017   1.856   1.580   0.810  -0.044   0
   0.85880721   1.854   1.575   0.804  -0.052   0
   0.85890418   1.851   1.567   0.794  -0.064   0
   0.85900497   1.847   1.557   0.779  -0.082   0
   0.85911196   1.839   1.541   0.758  -0.107   0
   0.85921973   1.830   1.521   0.730  -0.141   0
   0.85935050   1.820   1.490   0.685  -0.198   0
   0.85941088   1.809   1.467   0.654  -0.235   0
   0.85948074   1.797   1.439   0.616  -0.281   0
   0.85972118   1.756   1.348   0.490  -0.434   0
   0.85973799   1.726   1.286   0.405  -0.537   0
   0.85975075   1.699   1.188   0.268  -0.707   0
   0.85975456   1.669   1.109   0.162  -0.835   0
   0.85975772   1.635   0.962  -0.049  -1.095   0
   0.85975909   1.623   0.875  -0.175  -1.253   0
   0.85976046   1.598   0.782  -0.299  -1.405   0
   0.85976279   1.589   0.715  -0.394  -1.524   0
   0.85976350   1.588   0.701  -0.415  -1.551   0
   0.85976946   1.589   0.768  -0.316  -1.425   0
   0.85977626   1.593   0.794  -0.280  -1.379   1
   0.85980839   1.586   0.710  -0.401  -1.532   0
   0.85982305   1.569   0.628  -0.514  -1.671   0
   0.85983622   1.531   0.509  -0.672  -1.860   0
   0.85984749   1.550   0.416  -0.815  -2.051   0
   0.85985571   1.548   0.332  -0.935  -2.204   0
   0.85986531   1.534   0.227  -1.079  -2.383   0
   0.85987085   1.554   0.159  -1.185  -2.523   0
   0.85987538   1.593   0.104  -1.281  -2.662   0
   0.85987866   1.615   0.048  -1.370  -2.785   0
   0.85988170   1.661   0.001  -1.458  -2.913   0
   0.85988462   1.734  -0.035  -1.541  -3.042   0
   0.85988748   1.773  -0.047  -1.591  -3.162   0
   0.85989058   1.770  -0.048  -1.620  -3.273   0
   0.85989434   1.748  -0.059  -1.658  -3.397   0
   0.85989678   1.720  -0.076  -1.690  -3.475   0
   0.85989696   1.712  -0.080  -1.697  -3.499   0
   0.85989720   1.703  -0.083  -1.705  -3.522   0
   0.85989749   1.692  -0.087  -1.713  -3.550   0
   0.85989809   1.651  -0.087  -1.723  -3.637   2
   0.85989875   1.633  -0.083  -1.718  -3.666   0
   0.85989946   1.613  -0.079  -1.714  -3.696   0
   0.85990018   1.594  -0.076  -1.710  -3.725   0
   0.85990089   1.574  -0.073  -1.706  -3.754   0
   0.85990161   1.553  -0.070  -1.702  -3.783   0
   0.85990226   1.532  -0.067  -1.698  -3.812   0
   0.85990298   1.510  -0.065  -1.693  -3.842   0
   0.85990369   1.489  -0.062  -1.689  -3.870   0
   0.85990441   1.466  -0.060  -1.685  -3.900   0
   0.85990512   1.443  -0.058  -1.681  -3.928   0
   0.85990578   1.419  -0.056  -1.676  -3.957   0
   0.85990649   1.393  -0.055  -1.673  -3.987   0
   0.85990721   1.365  -0.055  -1.669  -4.016   0
   0.85990793   1.340  -0.054  -1.665  -4.044   0
   0.85990864   1.318  -0.050  -1.659  -4.073   0
   0.85990930   1.318  -0.023  -1.629  -4.088   0
   0.85991001   1.324   0.011  -1.591  -4.099   0
   0.85991073   1.331   0.045  -1.554  -4.110   0
   0.85991144   1.337   0.079  -1.516  -4.121   0
   0.85991216   1.344   0.114  -1.477  -4.132   0
   0.85991281   1.351   0.147  -1.440  -4.141   0
   0.85991353   1.358   0.172  -1.412  -4.146   0
   0.85991454   1.365   0.203  -1.378  -4.152   0
   0.85991585   1.376   0.245  -1.331  -4.161   0
   0.85991639   1.381   0.262  -1.313  -4.164   0
