   0.15000001  15.217  13.648  12.068  10.124   0
   0.20000000  13.704  12.469  11.059   9.365   0
   0.25000000  12.885  11.780  10.449   8.864   0
   0.30000001  12.325  11.270   9.989   8.471   0
   0.34999999  11.880  10.859   9.617   8.149   0
   0.40000001  11.437  10.434   9.217   7.785   0
   0.44999999  11.041  10.069   8.888   7.502   0
   0.50000000  10.569   9.642   8.505   7.179   0
   0.55000001  10.017   9.152   8.073   6.824   0
   0.60000002   9.408   8.646   7.628   6.463   0
   0.69999999   7.948   7.523   6.664   5.711   0
   0.80000001   6.660   6.556   5.859   5.070   0
   0.89999998   5.704   5.777   5.212   4.535   0
   1.00000000   4.961   5.099   4.635   4.046   0
   1.10000002   4.364   4.507   4.120   3.614   0
   1.20000005   3.874   3.984   3.663   3.243   0
   1.29999995   3.451   3.501   3.251   2.945   0
   1.39999998   3.086   3.077   2.901   2.716   0
   1.50000000   2.768   2.733   2.625   2.532   0
   1.57908022   2.534   2.515   2.450   2.409   0
   1.60000002   2.475   2.463   2.409   2.379   0
   1.70000005   2.208   2.246   2.229   2.238   0
   1.79120028   1.989   2.078   2.085   2.116   0
   1.79999995   1.969   2.063   2.072   2.104   0
   1.84803522   1.863   1.984   2.005   2.046   0
   1.89999998   1.754   1.905   1.936   1.985   0
   2.00000000   1.553   1.758   1.807   1.869   0
   2.20000005   1.206   1.501   1.573   1.653   0
   2.50000000   0.771   1.171   1.264   1.366   0
   3.00000000   0.184   0.706   0.826   0.953   0
   3.50000000  -0.285   0.321   0.461   0.608   0
   4.00000000  -0.681  -0.011   0.145   0.308   0
   4.50000000  -1.021  -0.301  -0.132   0.045   0
   5.00000000  -1.324  -0.560  -0.380  -0.190   0
   5.48033571  -1.598  -0.799  -0.609  -0.410   0
   6.00000000  -1.873  -1.038  -0.839  -0.630   0
   7.00000000  -2.348  -1.455  -1.240  -1.014   0
   7.48092842  -2.558  -1.644  -1.423  -1.190   0
   8.98564720  -3.168  -2.195  -1.958  -1.708   0
   9.00000000  -3.174  -2.200  -1.963  -1.713   0
  11.19224739  -3.972  -2.941  -2.686  -2.418   0
  12.00000000  -4.275  -3.229  -2.970  -2.698   0
  12.71074581  -4.519  -3.464  -3.202  -2.927   0
  14.01387405  -5.018  -3.954  -3.692  -3.419   1
  15.00000000  -5.452  -4.398  -4.142  -3.878   0
  15.83136463  -5.836  -4.809  -4.564  -4.315   0
  16.21371651  -6.052  -5.040  -4.805  -4.568   0
  16.42306137  -6.161  -5.156  -4.924  -4.692   0
  16.48494339  -6.175  -5.164  -4.930  -4.695   3
  16.54034042  -6.136  -5.100  -4.856  -4.608   0
  16.54765701  -6.130  -5.071  -4.818  -4.558   0
  16.54867935  -6.131  -5.069  -4.814  -4.552   0
  16.55158997  -6.144  -5.099  -4.851  -4.598   0
  16.55265045  -6.192  -5.158  -4.916  -4.671   0
  16.55378914  -6.269  -5.252  -5.018  -4.783   0
  16.55475426  -6.342  -5.345  -5.118  -4.892   0
  16.55563164  -6.413  -5.438  -5.217  -5.000   0
  16.55642128  -6.486  -5.534  -5.319  -5.110   0
  16.55712318  -6.551  -5.623  -5.414  -5.213   0
  16.55773735  -6.609  -5.711  -5.507  -5.314   0
  16.55835152  -6.670  -5.795  -5.598  -5.414   0
  16.55896378  -6.749  -5.884  -5.697  -5.527   0
  16.55957794  -6.817  -5.978  -5.800  -5.640   0
  16.56019211  -6.886  -6.079  -5.909  -5.761   0
  16.56063080  -6.941  -6.160  -5.997  -5.859   0
  16.56120682  -7.008  -6.262  -6.108  -5.983   0
  16.56168938  -7.067  -6.365  -6.220  -6.107   0
  16.56217003  -7.124  -6.456  -6.321  -6.222   0
  16.56255341  -7.187  -6.542  -6.420  -6.338   0
  16.56303406  -7.238  -6.660  -6.545  -6.474   0
  16.56341934  -7.282  -6.778  -6.670  -6.610   0
  16.56370735  -7.319  -6.865  -6.765  -6.715   0
  16.56399727  -7.353  -6.959  -6.868  -6.830   0
  16.56438065  -7.403  -7.062  -6.988  -6.973   0
  16.56467056  -7.446  -7.159  -7.105  -7.118   0
  16.56505394  -7.451  -7.293  -7.254  -7.288   0
  16.56524658  -7.456  -7.338  -7.321  -7.383   0
  16.56543922  -7.444  -7.391  -7.396  -7.486   0
  16.56572723  -7.376  -7.452  -7.481  -7.606   0
  16.56601715  -7.252  -7.455  -7.529  -7.723   3
  16.56640053  -7.009  -7.281  -7.503  -7.862   0
  16.56688309  -6.475  -6.811  -7.350  -7.998   0
  16.56726646  -5.243  -5.979  -6.974  -7.970   0
  16.56765175  -4.216  -5.379  -6.618  -7.803   0
  16.56804276  -3.809  -5.225  -6.581  -7.868   4
  16.56814194  -3.754  -5.249  -6.642  -7.960   0
  16.56843567  -3.738  -5.328  -6.764  -8.117   0
  16.56863022  -3.759  -5.403  -6.862  -8.234   0
  16.56912041  -3.782  -5.488  -6.977  -8.370   0
  16.57196045  -3.773  -5.523  -7.031  -8.443   2
  16.60674667  -3.806  -5.479  -6.952  -8.334   0
  16.64502144  -3.887  -5.462  -6.891  -8.235   0
  16.70499039  -4.121  -5.547  -6.911  -8.196   0
  16.72168732  -4.404  -5.707  -7.016  -8.250   0
  16.72709656  -6.471  -6.914  -7.610  -8.381   0
  16.72841644  -7.096  -7.393  -7.744  -8.225   0
  16.72910500  -7.260  -7.539  -7.767  -8.135   0
  16.73013687  -7.417  -7.654  -7.774  -8.028   3
  16.73214340  -7.559  -7.690  -7.741  -7.896   0
  16.73454666  -7.619  -7.650  -7.679  -7.800   0
  16.73694611  -7.646  -7.619  -7.634  -7.737   0
  16.73940086  -7.657  -7.593  -7.600  -7.693   0
  16.74435425  -7.672  -7.557  -7.555  -7.634   0
  16.75127602  -7.667  -7.539  -7.516  -7.571   0
  16.75884438  -7.665  -7.520  -7.482  -7.518   0
  16.76862144  -7.673  -7.477  -7.434  -7.463   0
  16.77856445  -7.680  -7.442  -7.395  -7.419   0
  16.79054832  -7.680  -7.410  -7.358  -7.375   0
  16.81038475  -7.691  -7.360  -7.295  -7.294   0
  16.97083092  -7.346  -6.643  -6.498  -6.386   1
  16.99835014  -7.376  -6.692  -6.550  -6.443   0
  17.01750183  -7.412  -6.736  -6.601  -6.502   0
  17.03129387  -7.448  -6.775  -6.648  -6.559   0
  17.04345703  -7.488  -6.820  -6.702  -6.623   0
  17.09126472  -7.546  -6.953  -6.839  -6.770   0
  17.12973213  -7.588  -7.059  -6.949  -6.887   0
  17.16048622  -7.629  -7.156  -7.053  -6.999   0
  17.18396759  -7.670  -7.250  -7.155  -7.112   0
  17.20134354  -7.702  -7.341  -7.255  -7.224   0
  17.21506882  -7.751  -7.416  -7.347  -7.340   0
  17.22535896  -7.781  -7.492  -7.437  -7.450   0
  17.23303795  -7.792  -7.565  -7.518  -7.544   0
  17.24074936  -7.786  -7.649  -7.614  -7.653   0
  17.24580956  -7.796  -7.677  -7.668  -7.739   0
  17.24998665  -7.782  -7.713  -7.722  -7.816   0
  17.25327492  -7.757  -7.743  -7.768  -7.882   0
  17.25567055  -7.716  -7.767  -7.803  -7.932   0
  17.25806808  -7.668  -7.785  -7.833  -7.983   0
  17.26016998  -7.597  -7.778  -7.846  -8.031   3
  17.26227188  -7.502  -7.731  -7.841  -8.082   0
  17.26347542  -7.426  -7.684  -7.832  -8.117   0
  17.26467896  -7.328  -7.601  -7.809  -8.157   0
  17.26588440  -7.204  -7.493  -7.778  -8.200   0
  17.26739120  -7.018  -7.324  -7.725  -8.250   0
  17.26799393  -6.890  -7.213  -7.684  -8.272   0
  17.26889801  -6.674  -7.039  -7.615  -8.292   0
  17.26980400  -6.306  -6.769  -7.499  -8.297   0
  17.27070999  -5.642  -6.334  -7.292  -8.258   0
  17.27161598  -5.026  -5.963  -7.082  -8.169   0
  17.27282524  -4.393  -5.617  -6.886  -8.091   4
  17.27474594  -4.107  -5.558  -6.932  -8.228   0
  17.27731133  -4.046  -5.597  -7.016  -8.349   0
  17.28890610  -4.025  -5.633  -7.079  -8.434   0
  17.31235123  -4.012  -5.684  -7.159  -8.537   0
  17.33814240  -3.988  -5.725  -7.229  -8.630   0
  17.37318420  -3.929  -5.762  -7.306  -8.751   0
  17.38068199  -3.970  -5.847  -7.409  -8.875   0
