   0.15000001  15.216  13.647  12.067  10.123   0
   0.20000000  13.700  12.466  11.056   9.363   0
   0.25000000  12.879  11.774  10.444   8.859   0
   0.30000001  12.317  11.262   9.982   8.465   0
   0.34999999  11.872  10.851   9.609   8.142   0
   0.40000001  11.435  10.432   9.216   7.784   0
   0.44999999  11.038  10.067   8.885   7.500   0
   0.50000000  10.564   9.637   8.501   7.176   0
   0.55000001  10.011   9.147   8.068   6.819   0
   0.60000002   9.398   8.638   7.620   6.456   0
   0.69999999   7.928   7.507   6.650   5.699   0
   0.80000001   6.630   6.531   5.838   5.052   0
   0.89999998   5.663   5.739   5.178   4.503   0
   1.00000000   4.916   5.055   4.594   4.010   0
   1.09842825   4.324   4.464   4.079   3.575   0
   1.10000002   4.316   4.455   4.071   3.569   0
   1.19734728   3.828   3.935   3.615   3.199   0
   1.20000005   3.816   3.921   3.603   3.189   0
   1.27619743   3.480   3.539   3.278   2.952   0
   1.29999995   3.384   3.427   3.182   2.884   0
   1.33800960   3.237   3.254   3.037   2.788   0
   1.39999998   3.009   2.993   2.823   2.646   0
   1.40605485   2.988   2.969   2.803   2.632   0
   1.50000000   2.673   2.635   2.533   2.447   0
   1.55628002   2.495   2.466   2.394   2.343   0
   1.57482934   2.439   2.416   2.353   2.311   0
   1.60000002   2.366   2.351   2.298   2.268   0
   1.70000005   2.084   2.112   2.092   2.095   0
   1.76561165   1.912   1.967   1.964   1.983   0
   1.79999995   1.825   1.895   1.900   1.924   0
   1.89999998   1.577   1.695   1.719   1.757   0
   2.00000000   1.347   1.508   1.547   1.596   0
   2.01626563   1.311   1.478   1.519   1.570   0
   2.19851565   0.916   1.149   1.209   1.274   0
   2.20000005   0.913   1.146   1.207   1.272   0
   2.35469532   0.598   0.875   0.948   1.021   0
   2.48489738   0.334   0.640   0.720   0.798   0
   2.50000000   0.303   0.612   0.693   0.771   0
   2.60535359   0.094   0.417   0.502   0.582   0
   2.70106387  -0.102   0.227   0.315   0.395   0
   2.78274107  -0.276   0.051   0.139   0.218   1
   2.85287786  -0.432  -0.113  -0.026   0.050   0
   2.91323566  -0.571  -0.267  -0.182  -0.111   0
   2.96599174  -0.699  -0.415  -0.334  -0.268   0
   3.00000000  -0.786  -0.520  -0.441  -0.380   0
   3.01568961  -0.825  -0.567  -0.489  -0.430   0
   3.03742766  -0.881  -0.635  -0.559  -0.503   0
   3.05776739  -0.936  -0.698  -0.623  -0.569   0
   3.07042003  -0.972  -0.734  -0.659  -0.606   0
   3.08038521  -1.003  -0.756  -0.679  -0.623   3
   3.08749843  -1.027  -0.757  -0.676  -0.616   0
   3.09236455  -1.055  -0.732  -0.642  -0.571   0
   3.09375906  -1.077  -0.713  -0.616  -0.536   0
   3.09454107  -1.116  -0.707  -0.602  -0.511   0
   3.09462929  -1.101  -0.695  -0.591  -0.501   0
   3.09482193  -1.034  -0.663  -0.565  -0.483   0
   3.09504652  -1.050  -0.722  -0.631  -0.558   0
   3.09534431  -1.140  -0.855  -0.771  -0.709   0
   3.09573865  -1.222  -0.987  -0.910  -0.860   0
   3.09624243  -1.278  -1.104  -1.037  -1.001   0
   3.09669614  -1.304  -1.183  -1.129  -1.106   0
   3.09703946  -1.314  -1.235  -1.190  -1.178   0
   3.09757519  -1.314  -1.304  -1.277  -1.284   0
   3.09796333  -1.299  -1.337  -1.329  -1.357   0
   3.09836483  -1.274  -1.362  -1.377  -1.433   0
   3.09877920  -1.232  -1.368  -1.417  -1.511   0
   3.09920716  -1.168  -1.334  -1.431  -1.588   3
   3.09963918  -1.083  -1.240  -1.417  -1.665   0
   3.09985280  -1.029  -1.167  -1.389  -1.697   0
   3.10007095  -0.963  -1.081  -1.355  -1.728   0
   3.10028458  -0.883  -0.979  -1.309  -1.755   0
   3.10050273  -0.773  -0.855  -1.251  -1.774   0
   3.10071635  -0.639  -0.720  -1.183  -1.778   0
   3.10114765  -0.324  -0.441  -1.023  -1.726   0
   3.10156560   0.023  -0.154  -0.827  -1.605   0
   3.10198331   0.286   0.040  -0.709  -1.547   4
   3.10238528   0.335   0.009  -0.797  -1.681   0
   3.10279131   0.284  -0.099  -0.942  -1.856   0
   3.10330939   0.224  -0.205  -1.079  -2.017   0
   3.10394359   0.165  -0.308  -1.209  -2.167   0
   3.10461569   0.105  -0.413  -1.338  -2.316   0
   3.10526991   0.038  -0.519  -1.466  -2.461   0
   3.10597944  -0.017  -0.623  -1.596  -2.612   0
   3.10668802  -0.079  -0.731  -1.730  -2.765   0
   3.10739183  -0.116  -0.815  -1.840  -2.895   0
   3.10774326  -0.148  -0.851  -1.878  -2.934   2
   3.11287427  -0.096  -0.759  -1.763  -2.803   0
   3.11891460  -0.058  -0.670  -1.646  -2.664   0
   3.12360692  -0.019  -0.584  -1.533  -2.531   0
   3.12794662   0.045  -0.478  -1.405  -2.384   0
   3.13200426   0.100  -0.379  -1.282  -2.243   0
   3.13673449   0.154  -0.280  -1.157  -2.097   0
   3.14341617   0.193  -0.193  -1.037  -1.950   0
   3.15282726   0.136  -0.192  -0.995  -1.876   4
   3.16116357  -0.148  -0.405  -1.150  -1.985   0
   3.16468358  -0.351  -0.572  -1.274  -2.074   0
   3.16851640  -0.560  -0.737  -1.386  -2.145   0
   3.21671486  -1.185  -1.295  -1.761  -2.358   0
   3.24343896  -1.340  -1.453  -1.892  -2.461   1
   3.28942084  -1.381  -1.507  -2.014  -2.653   0
   3.30391574  -1.114  -1.308  -1.951  -2.703   0
   3.31223440  -0.789  -1.078  -1.833  -2.673   0
   3.31843519  -0.324  -0.798  -1.695  -2.648   4
   3.31881881  -0.284  -0.804  -1.727  -2.701   0
   3.31894898  -0.297  -0.873  -1.827  -2.825   0
   3.31907606  -0.334  -0.968  -1.954  -2.977   0
   3.32075644  -0.414  -1.173  -2.226  -3.302   0
   3.32123923  -0.454  -1.287  -2.375  -3.481   0
   3.32172203  -0.486  -1.384  -2.504  -3.635   0
   3.32220435  -0.507  -1.469  -2.620  -3.776   0
   3.32268643  -0.511  -1.549  -2.735  -3.921   0
   3.32326150  -0.556  -1.671  -2.892  -4.108   0
   3.32366657  -0.569  -1.756  -3.008  -4.252   0
   3.32404160  -0.572  -1.842  -3.131  -4.407   0
   3.32437372  -0.570  -1.929  -3.256  -4.566   0
   3.32465887  -0.556  -2.008  -3.376  -4.721   0
   3.32488441  -0.527  -2.066  -3.472  -4.854   0
   3.32508349  -0.476  -2.111  -3.559  -4.983   0
   3.32526565  -0.448  -2.175  -3.662  -5.124   0
   3.32543135  -0.417  -2.240  -3.768  -5.268   0
   3.32558393  -0.386  -2.285  -3.854  -5.409   0
   3.32573628  -0.419  -2.310  -3.906  -5.544   0
   3.32593513  -0.482  -2.338  -3.965  -5.718   0
   3.32603765  -0.529  -2.359  -3.997  -5.807   2
   3.32612395  -0.529  -2.362  -3.999  -5.805   0
   3.32620001  -0.506  -2.355  -3.986  -5.761   0
   3.32626605  -0.538  -2.365  -4.004  -5.819   0
   3.32630253  -0.601  -2.390  -4.038  -5.916   0
   3.32633829  -0.618  -2.397  -4.046  -5.939   0
   3.32637310  -0.633  -2.395  -4.044  -5.959   0
   3.32640815  -0.647  -2.394  -4.041  -5.980   0
   3.32644296  -0.663  -2.392  -4.039  -6.000   0
   3.32647800  -0.678  -2.391  -4.036  -6.021   0
   3.32651305  -0.695  -2.390  -4.034  -6.042   0
   3.32654786  -0.726  -2.397  -4.037  -6.064   0
   3.32658291  -0.756  -2.403  -4.038  -6.087   0
   3.32661772  -0.784  -2.408  -4.039  -6.109   0
   3.32665277  -0.810  -2.413  -4.040  -6.131   0
   3.32668781  -0.835  -2.416  -4.040  -6.153   0
   3.32672262  -0.851  -2.418  -4.039  -6.167   0
   3.32675767  -0.861  -2.418  -4.038  -6.177   0
   3.32678556  -0.869  -2.418  -4.037  -6.184   0
   3.32682037  -0.878  -2.418  -4.036  -6.193   0
   3.32685542  -0.886  -2.418  -4.035  -6.201   0
   3.32698607  -0.900  -2.418  -4.033  -6.216   0
   3.32711625  -0.914  -2.418  -4.031  -6.230   0
   3.32724571  -0.926  -2.417  -4.029  -6.245   0
   3.32737470  -0.938  -2.416  -4.027  -6.259   0
   3.32750297  -0.949  -2.415  -4.024  -6.273   0
   3.32763100  -0.959  -2.413  -4.021  -6.286   0
   3.32775855  -0.967  -2.410  -4.018  -6.299   0
   3.32788563  -0.975  -2.407  -4.015  -6.312   0
   3.32801270  -0.982  -2.404  -4.011  -6.324   0
   3.32813931  -0.989  -2.400  -4.008  -6.336   0
   3.32826591  -0.994  -2.396  -4.003  -6.348   0
   3.32839251  -0.998  -2.392  -3.999  -6.359   0
   3.32851887  -1.002  -2.387  -3.995  -6.370   0
   3.32864547  -1.005  -2.382  -3.990  -6.381   0
   3.32880378  -1.008  -2.375  -3.983  -6.395   0
   3.32896280  -1.007  -2.361  -3.969  -6.404   0
   3.32912254  -1.003  -2.342  -3.948  -6.410   0
   3.32928324  -0.999  -2.324  -3.927  -6.416   0
   3.32944489  -0.996  -2.305  -3.906  -6.422   0
   3.32960820  -0.992  -2.286  -3.885  -6.427   0
   3.32977343  -0.988  -2.267  -3.864  -6.433   0
   3.32994080  -0.984  -2.248  -3.843  -6.438   0
   3.33012247  -0.979  -2.226  -3.819  -6.443   0
   3.33030343  -0.970  -2.202  -3.793  -6.444   0
   3.33039021  -0.962  -2.187  -3.777  -6.441   0
   3.33044004  -0.954  -2.175  -3.764  -6.435   0
   3.33046842  -0.943  -2.162  -3.750  -6.426   0
   3.33048463  -0.915  -2.132  -3.721  -6.398   0
   3.33049369  -0.893  -2.110  -3.698  -6.377   0
   3.33049870  -0.879  -2.095  -3.684  -6.363   0
   3.33050108  -0.870  -2.086  -3.674  -6.354   0
   3.33050346  -0.860  -2.076  -3.664  -6.344   0
   3.33050609  -0.850  -2.065  -3.654  -6.334   0
   3.33050847  -0.839  -2.054  -3.643  -6.324   0
   3.33051085  -0.828  -2.043  -3.631  -6.312   0
   3.33051348  -0.815  -2.030  -3.619  -6.300   0
   3.33051586  -0.803  -2.017  -3.606  -6.287   2
   3.33051825  -0.789  -2.004  -3.592  -6.274   0
   3.33052301  -0.774  -1.989  -3.577  -6.259   0
