   0.15000001  15.157  13.604  12.032  10.099   0
   0.20000000  13.580  12.365  10.967   9.289   0
   0.25000000  12.737  11.647  10.326   8.755   0
   0.30000001  12.165  11.117   9.846   8.339   0
   0.34999999  11.725  10.705   9.469   8.009   0
   0.40000001  11.363  10.362   9.151   7.725   0
   0.44999999  10.932   9.966   8.793   7.419   0
   0.50000000  10.410   9.496   8.373   7.066   0
   0.55000001   9.785   8.949   7.891   6.670   0
   0.60000002   9.033   8.337   7.355   6.240   0
   0.62349498   8.586   7.996   7.064   6.016   0
   0.65319324   8.032   7.579   6.706   5.737   0
   0.67965245   7.555   7.222   6.404   5.497   0
   0.69999999   7.191   6.949   6.173   5.312   0
   0.71454298   6.940   6.755   6.011   5.179   0
   0.73418218   6.612   6.497   5.794   4.999   0
   0.75233340   6.312   6.258   5.591   4.828   0
   0.76939416   6.051   6.038   5.404   4.669   0
   0.78589720   5.801   5.823   5.219   4.508   0
   0.80000001   5.589   5.637   5.057   4.366   0
   0.80006307   5.588   5.636   5.056   4.365   0
   0.81741732   5.319   5.392   4.840   4.172   0
   0.82701772   5.179   5.258   4.718   4.060   0
   0.83640957   5.036   5.120   4.592   3.945   0
   0.84531623   4.898   4.986   4.468   3.830   0
   0.84763992   4.863   4.951   4.436   3.799   0
   0.84873879   4.848   4.936   4.421   3.786   0
   0.85422975   4.767   4.855   4.345   3.712   0
   0.85826778   4.705   4.793   4.285   3.655   0
   0.87448776   4.443   4.523   4.017   3.387   1
   0.88478816   4.289   4.352   3.826   3.176   0
   0.89215076   4.260   4.275   3.695   2.998   0
   0.89619464   4.398   4.331   3.673   2.909   0
   0.89898467   4.603   4.418   3.673   2.837   0
   0.89999998   4.618   4.395   3.627   2.769   0
   0.90084916   4.638   4.379   3.589   2.713   0
   0.90226287   4.567   4.266   3.452   2.553   0
   0.90343261   4.447   4.124   3.296   2.385   0
   0.90440762   4.315   3.975   3.138   2.219   0
   0.90521038   4.189   3.835   2.990   2.065   0
   0.90594053   4.059   3.694   2.841   1.910   0
   0.90657097   3.931   3.554   2.694   1.757   0
   0.90715790   3.810   3.418   2.549   1.604   0
   0.90767813   3.686   3.277   2.400   1.447   0
   0.90815890   3.554   3.131   2.245   1.286   0
   0.90855622   3.434   2.994   2.100   1.133   0
   0.90892643   3.323   2.859   1.952   0.975   0
   0.90925282   3.202   2.720   1.805   0.820   0
   0.90953535   3.098   2.592   1.665   0.669   0
   0.90978861   3.002   2.470   1.528   0.521   0
   0.91001678   2.900   2.344   1.390   0.372   0
   0.91023666   2.788   2.212   1.246   0.220   0
   0.91044188   2.697   2.092   1.112   0.073   0
   0.91062826   2.636   2.021   1.034  -0.008   2
   0.91083431   2.703   2.119   1.149   0.119   0
   0.91098708   2.606   1.993   1.008  -0.032   0
   0.91113353   2.523   1.877   0.875  -0.180   0
   0.91128212   2.430   1.753   0.735  -0.333   0
   0.91140747   2.352   1.639   0.604  -0.479   0
   0.91153067   2.273   1.518   0.463  -0.639   0
   0.91163695   2.183   1.391   0.318  -0.799   0
   0.91172838   2.110   1.278   0.186  -0.947   0
   0.91180706   2.048   1.170   0.056  -1.095   0
   0.91188574   1.980   1.053  -0.085  -1.255   0
   0.91195381   1.920   0.943  -0.217  -1.406   0
   0.91201127   1.879   0.847  -0.338  -1.551   0
   0.91206020   1.818   0.741  -0.464  -1.696   0
   0.91210914   1.772   0.638  -0.593  -1.848   0
   0.91215175   1.752   0.550  -0.712  -1.994   0
   0.91218579   1.742   0.470  -0.822  -2.132   0
   0.91221988   1.723   0.382  -0.940  -2.276   0
   0.91224968   1.714   0.302  -1.051  -2.419   0
   0.91227734   1.707   0.215  -1.172  -2.574   0
   0.91230291   1.714   0.143  -1.279  -2.714   0
   0.91232419   1.718   0.068  -1.388  -2.856   0
   0.91234553   1.732  -0.003  -1.494  -2.997   0
   0.91236258   1.729  -0.049  -1.571  -3.123   0
   0.91237748   1.736  -0.051  -1.605  -3.238   0
   0.91239238   1.712  -0.076  -1.657  -3.364   0
   0.91240513   1.686  -0.092  -1.697  -3.480   0
   0.91241795   1.643  -0.115  -1.741  -3.598   0
   0.91242862   1.588  -0.120  -1.752  -3.701   2
   0.91243714   1.523  -0.112  -1.742  -3.800   0
   0.91244566   1.476  -0.106  -1.734  -3.867   0
   0.91244566   1.979   1.646   0.834  -0.055   0
   0.91254610   1.975   1.609   0.774  -0.133   0
   0.91267896   1.962   1.589   0.750  -0.161   2
   0.91279030   1.953   1.585   0.749  -0.159   0
   0.91290861   1.942   1.583   0.753  -0.150   0
   0.91303080   1.933   1.581   0.757  -0.142   0
   0.91315663   1.922   1.579   0.760  -0.134   0
   0.91328758   1.913   1.576   0.762  -0.129   0
   0.91342115   1.904   1.572   0.762  -0.126   0
   0.91355425   1.896   1.568   0.761  -0.124   0
   0.91368616   1.889   1.563   0.758  -0.125   0
   0.91381890   1.883   1.559   0.754  -0.128   0
   0.91387111   1.879   1.556   0.753  -0.129   0
   0.91394252   1.877   1.552   0.748  -0.135   0
   0.91406214   1.874   1.545   0.738  -0.146   0
   0.91418600   1.869   1.536   0.725  -0.162   0
   0.91431421   1.863   1.523   0.708  -0.184   0
   0.91445351   1.852   1.502   0.681  -0.216   0
   0.91459519   1.839   1.474   0.643  -0.261   0
   0.91467083   1.827   1.453   0.616  -0.293   0
   0.91475266   1.815   1.428   0.581  -0.335   0
   0.91507292   1.762   1.316   0.430  -0.516   0
   0.91509253   1.739   1.257   0.351  -0.612   0
   0.91510773   1.705   1.162   0.222  -0.769   0
   0.91511226   1.673   1.086   0.122  -0.889   0
   0.91511601   1.629   0.946  -0.072  -1.124   0
   0.91511786   1.611   0.852  -0.203  -1.288   0
   0.91511983   1.590   0.759  -0.331  -1.446   0
   0.91512322   1.560   0.673  -0.444  -1.582   0
   0.91513300   1.581   0.753  -0.335  -1.449   0
   0.91514295   1.589   0.773  -0.309  -1.418   1
   0.91518611   1.554   0.662  -0.456  -1.596   0
   0.91520393   1.530   0.566  -0.588  -1.757   0
   0.91521990   1.488   0.438  -0.755  -1.958   0
   0.91523343   1.508   0.341  -0.903  -2.155   0
   0.91524243   1.505   0.266  -1.011  -2.291   0
   0.91525191   1.487   0.181  -1.125  -2.432   0
   0.91526037   1.512   0.099  -1.253  -2.602   0
   0.91526544   1.544   0.041  -1.350  -2.740   0
   0.91526967   1.574  -0.014  -1.441  -2.868   0
   0.91527307   1.617  -0.058  -1.523  -2.988   0
   0.91527641   1.666  -0.103  -1.608  -3.112   0
   0.91527981   1.695  -0.119  -1.658  -3.222   0
   0.91528368   1.707  -0.104  -1.676  -3.330   0
   0.91528785   1.691  -0.109  -1.706  -3.443   0
   0.91529113   1.656  -0.127  -1.745  -3.558   0
   0.91529179   1.623  -0.141  -1.771  -3.633   0
   0.91529262   1.610  -0.147  -1.781  -3.661   0
   0.91529340   1.595  -0.147  -1.782  -3.687   3
   0.91529417   1.579  -0.143  -1.778  -3.712   0
   0.91529495   1.564  -0.140  -1.775  -3.737   0
   0.91529572   1.547  -0.137  -1.771  -3.762   0
   0.91529655   1.531  -0.135  -1.768  -3.787   0
   0.91529733   1.513  -0.132  -1.764  -3.812   0
   0.91529810   1.496  -0.130  -1.761  -3.836   0
   0.91529888   1.477  -0.127  -1.757  -3.863   0
   0.91529965   1.457  -0.124  -1.753  -3.891   0
   0.91530049   1.436  -0.122  -1.749  -3.919   0
   0.91530126   1.414  -0.120  -1.745  -3.948   0
   0.91530204   1.392  -0.118  -1.741  -3.976   0
   0.91530269   1.374  -0.116  -1.738  -3.998   0
   0.91530347   1.351  -0.114  -1.734  -4.027   0
   0.91530424   1.327  -0.113  -1.730  -4.055   0
   0.91530502   1.301  -0.112  -1.726  -4.083   0
   0.91530579   1.276  -0.111  -1.723  -4.111   0
   0.91530645   1.258  -0.109  -1.719  -4.133   0
   0.91530722   1.259  -0.082  -1.688  -4.148   0
   0.91530800   1.264  -0.050  -1.653  -4.159   0
   0.91530865   1.269  -0.023  -1.623  -4.168   0
   0.91530943   1.275   0.009  -1.587  -4.178   0
   0.91531020   1.281   0.037  -1.556  -4.185   0
   0.91531098   1.286   0.059  -1.532  -4.191   0
   0.91531181   1.291   0.080  -1.508  -4.197   0
   0.91531259   1.295   0.101  -1.485  -4.203   0
   0.91531336   1.300   0.122  -1.461  -4.208   0
   0.91531414   1.304   0.143  -1.438  -4.214   0
   0.91531491   1.309   0.165  -1.414  -4.220   0
   0.91531610   1.317   0.194  -1.382  -4.225   0
   0.91531754   1.325   0.228  -1.344  -4.233   0
   0.91531903   1.335   0.263  -1.305  -4.240   0
   0.91532046   1.347   0.304  -1.261  -4.244   0
   0.91532081   1.352   0.316  -1.248  -4.244   0
