   0.15000001  15.217  13.648  12.068  10.124   0
   0.20000000  13.704  12.469  11.058   9.365   0
   0.25000000  12.885  11.780  10.449   8.864   0
   0.30000001  12.324  11.269   9.989   8.471   0
   0.34999999  11.880  10.859   9.616   8.149   0
   0.40000001  11.437  10.434   9.217   7.785   0
   0.44999999  11.041  10.069   8.888   7.502   0
   0.50000000  10.569   9.641   8.505   7.179   0
   0.55000001  10.017   9.152   8.073   6.824   0
   0.60000002   9.408   8.646   7.628   6.463   0
   0.69999999   7.947   7.522   6.663   5.710   0
   0.78650004   6.815   6.674   5.956   5.148   0
   0.80000001   6.658   6.554   5.857   5.068   0
   0.86081719   6.055   6.067   5.452   4.733   0
   0.89999998   5.702   5.775   5.210   4.533   0
   1.00000000   4.957   5.096   4.632   4.043   0
   1.00338459   4.935   5.075   4.613   4.028   0
   1.10000002   4.361   4.504   4.117   3.611   0
   1.17909265   3.970   4.086   3.752   3.315   0
   1.20000005   3.871   3.981   3.659   3.240   0
   1.27712381   3.540   3.604   3.338   3.006   0
   1.29999995   3.449   3.500   3.249   2.942   0
   1.30606985   3.426   3.472   3.226   2.927   0
   1.39999998   3.086   3.077   2.900   2.715   0
   1.41787004   3.026   3.009   2.845   2.678   0
   1.50000000   2.766   2.731   2.622   2.529   0
   1.60000002   2.474   2.462   2.407   2.377   0
   1.70000005   2.206   2.243   2.226   2.234   0
   1.79999995   1.965   2.058   2.067   2.099   0
   1.89999998   1.748   1.897   1.928   1.977   0
   2.00000000   1.547   1.750   1.798   1.859   0
   2.20000005   1.197   1.489   1.560   1.639   0
   2.50000000   0.757   1.153   1.245   1.346   0
   3.00000000   0.160   0.676   0.795   0.921   0
   3.50000000  -0.320   0.279   0.417   0.562   0
   4.00000000  -0.730  -0.068   0.086   0.247   0
   4.07218027  -0.783  -0.114   0.042   0.206   0
   4.50000000  -1.080  -0.367  -0.199  -0.024   0
   5.00000000  -1.402  -0.643  -0.464  -0.276   0
   5.52116823  -1.715  -0.917  -0.727  -0.529   0
   6.00000000  -1.992  -1.161  -0.962  -0.755   0
   6.56415272  -2.296  -1.432  -1.224  -1.007   0
   7.00000000  -2.527  -1.640  -1.426  -1.203   0
   7.39392614  -2.729  -1.825  -1.606  -1.378   0
   8.08548069  -3.083  -2.153  -1.927  -1.692   0
   8.66032124  -3.391  -2.445  -2.214  -1.974   0
   9.00000000  -3.573  -2.618  -2.385  -2.143   0
   9.10453510  -3.626  -2.668  -2.435  -2.192   0
   9.91409969  -4.093  -3.126  -2.892  -2.650   1
  10.51491070  -4.505  -3.547  -3.317  -3.082   0
  10.96640587  -4.889  -3.958  -3.735  -3.512   0
  11.14785480  -5.068  -4.151  -3.933  -3.717   0
  11.22278881  -5.138  -4.223  -4.007  -3.793   0
  11.26883984  -5.152  -4.224  -4.004  -3.785   0
  11.29207802  -5.123  -4.161  -3.932  -3.701   0
  11.29523087  -5.129  -4.141  -3.905  -3.665   0
  11.29537582  -5.129  -4.140  -3.904  -3.664   1
  11.29664135  -5.115  -4.147  -3.916  -3.684   0
  11.29722977  -5.154  -4.205  -3.980  -3.754   0
  11.29770565  -5.219  -4.288  -4.069  -3.851   0
  11.29823399  -5.304  -4.398  -4.185  -3.977   0
  11.29879475  -5.406  -4.529  -4.325  -4.128   0
  11.29918575  -5.479  -4.624  -4.426  -4.237   0
  11.29961109  -5.558  -4.730  -4.538  -4.360   0
  11.30003643  -5.636  -4.838  -4.654  -4.486   0
  11.30047798  -5.725  -4.958  -4.783  -4.629   0
  11.30091953  -5.816  -5.085  -4.921  -4.782   0
  11.30139637  -5.915  -5.228  -5.078  -4.956   0
  11.30173588  -5.989  -5.339  -5.199  -5.092   0
  11.30200768  -6.050  -5.434  -5.302  -5.209   0
  11.30209255  -6.067  -5.462  -5.333  -5.242   0
  11.30235195  -6.123  -5.554  -5.434  -5.357   0
  11.30261135  -6.177  -5.663  -5.554  -5.491   0
  11.30283642  -6.218  -5.757  -5.657  -5.605   0
  11.30302620  -6.249  -5.839  -5.746  -5.705   0
  11.30319881  -6.275  -5.918  -5.833  -5.802   0
  11.30337238  -6.312  -5.987  -5.917  -5.907   0
  11.30354500  -6.341  -6.061  -6.006  -6.018   0
  11.30371761  -6.348  -6.148  -6.104  -6.133   0
  11.30382156  -6.341  -6.205  -6.168  -6.205   0
  11.30394268  -6.330  -6.253  -6.232  -6.289   0
  11.30406380  -6.303  -6.300  -6.295  -6.374   0
  11.30416775  -6.260  -6.336  -6.346  -6.447   0
  11.30428791  -6.187  -6.347  -6.385  -6.527   0
  11.30440998  -6.096  -6.316  -6.397  -6.595   3
  11.30451298  -5.997  -6.242  -6.384  -6.655   0
  11.30463409  -5.844  -6.100  -6.351  -6.733   0
  11.30475521  -5.646  -5.906  -6.290  -6.799   0
  11.30485821  -5.400  -5.686  -6.203  -6.837   0
  11.30491066  -5.166  -5.497  -6.123  -6.851   0
  11.30503178  -4.599  -5.107  -5.944  -6.831   0
  11.30518723  -3.773  -4.599  -5.666  -6.724   0
  11.30535984  -3.215  -4.271  -5.460  -6.619   4
  11.30555248  -2.862  -4.196  -5.514  -6.784   0
  11.30565739  -2.801  -4.298  -5.686  -7.017   0
  11.30576229  -2.843  -4.414  -5.836  -7.193   0
  11.30600739  -2.871  -4.512  -5.965  -7.348   0
  11.30700397  -2.892  -4.590  -6.070  -7.475   0
  11.31182957  -2.902  -4.628  -6.120  -7.536   2
  11.35085106  -2.921  -4.566  -6.022  -7.404   0
  11.39169025  -2.960  -4.516  -5.933  -7.281   0
  11.44531441  -3.117  -4.540  -5.897  -7.192   0
  11.46742725  -3.259  -4.606  -5.931  -7.195   0
  11.48389912  -3.551  -4.773  -6.042  -7.253   0
  11.49715614  -6.672  -6.704  -6.709  -6.803   3
  11.50063133  -6.711  -6.639  -6.634  -6.712   0
  11.50238514  -6.714  -6.616  -6.598  -6.661   0
  11.50423813  -6.713  -6.596  -6.567  -6.616   0
  11.50602722  -6.714  -6.577  -6.540  -6.578   0
  11.50960636  -6.719  -6.525  -6.482  -6.512   0
  11.51498127  -6.721  -6.462  -6.412  -6.431   0
  11.52545452  -6.702  -6.372  -6.308  -6.308   0
  11.54234219  -6.645  -6.270  -6.182  -6.148   0
  11.56792355  -6.608  -6.149  -6.048  -5.996   0
  11.59577274  -6.590  -6.088  -5.980  -5.919   1
  11.63362122  -6.637  -6.169  -6.067  -6.014   0
  11.64851475  -6.679  -6.262  -6.168  -6.125   0
  11.65914249  -6.716  -6.359  -6.274  -6.244   0
  11.66609478  -6.761  -6.425  -6.355  -6.347   0
  11.67256260  -6.796  -6.508  -6.454  -6.467   0
  11.67647839  -6.807  -6.577  -6.530  -6.555   0
  11.68021107  -6.803  -6.657  -6.619  -6.655   0
  11.68376160  -6.807  -6.715  -6.708  -6.782   0
  11.68703556  -6.742  -6.805  -6.819  -6.927   0
  11.68876648  -6.651  -6.813  -6.864  -7.023   3
  11.69176579  -6.267  -6.540  -6.825  -7.243   0
  11.69461060  -3.403  -4.608  -5.868  -7.077   4
  11.69903851  -3.014  -4.705  -6.182  -7.582   0
  11.70121574  -2.983  -4.776  -6.299  -7.740   0
  11.70161533  -2.971  -4.789  -6.323  -7.774   0
  11.70169735  -2.970  -4.792  -6.327  -7.780   0
  11.70238209  -2.960  -4.801  -6.345  -7.807   0
  11.70320320  -2.934  -4.814  -6.375  -7.853   0
  11.70384598  -2.912  -4.825  -6.399  -7.891   0
  11.70469189  -2.888  -4.839  -6.430  -7.937   0
  11.70562458  -2.870  -4.855  -6.461  -7.982   0
  11.70650864  -2.858  -4.871  -6.490  -8.022   0
