   0.15000001  15.205  13.639  12.061  10.119   0
   0.20000000  13.666  12.438  11.031   9.343   0
   0.25000000  12.821  11.723  10.396   8.817   0
   0.30000001  12.245  11.193   9.916   8.403   0
   0.34999999  11.797  10.776   9.536   8.071   0
   0.40000001  11.417  10.414   9.199   7.769   0
   0.44999999  11.010  10.039   8.860   7.477   0
   0.50000000  10.522   9.598   8.465   7.144   0
   0.55000001   9.957   9.096   8.022   6.779   0
   0.60000002   9.313   8.564   7.553   6.398   0
   0.69999999   7.761   7.379   6.539   5.608   0
   0.71794009   7.494   7.181   6.372   5.476   0
   0.78595829   6.577   6.484   5.793   5.010   0
   0.80000001   6.401   6.348   5.681   4.919   0
   0.80597883   6.336   6.294   5.635   4.881   0
   0.85711157   5.797   5.843   5.257   4.563   0
   0.89916265   5.399   5.493   4.961   4.312   0
   0.89999998   5.392   5.487   4.955   4.307   0
   0.91784906   5.234   5.342   4.830   4.199   0
   0.94708562   4.979   5.106   4.626   4.023   0
   0.97237355   4.775   4.908   4.453   3.873   0
   0.99466592   4.606   4.739   4.303   3.743   0
   1.00000000   4.567   4.699   4.267   3.712   1
   1.00039756   4.564   4.696   4.264   3.709   0
   1.02181721   4.402   4.533   4.119   3.584   0
   1.04108763   4.258   4.387   3.989   3.470   0
   1.05891204   4.126   4.253   3.869   3.366   0
   1.07561755   4.012   4.132   3.758   3.269   0
   1.09082675   3.911   4.024   3.659   3.182   0
   1.10000002   3.852   3.961   3.602   3.131   1
   1.10025346   3.850   3.959   3.600   3.130   0
   1.11691082   3.743   3.845   3.496   3.040   0
   1.14207196   3.594   3.686   3.348   2.906   0
   1.17738521   3.405   3.488   3.154   2.716   1
   1.20000005   3.295   3.373   3.035   2.593   0
   1.20502436   3.271   3.348   3.009   2.565   0
   1.22539902   3.174   3.249   2.903   2.449   0
   1.23542905   3.126   3.200   2.849   2.388   0
   1.24526334   3.071   3.143   2.789   2.324   0
   1.24680507   3.060   3.132   2.778   2.313   0
   1.25452673   2.981   3.046   2.701   2.249   0
   1.25728345   2.916   2.973   2.644   2.212   0
   1.25922370   2.804   2.842   2.545   2.159   0
   1.25990188   2.710   2.728   2.456   2.110   0
   1.26001000   2.693   2.707   2.440   2.100   0
   1.26395512   2.670   2.700   2.405   2.020   0
   1.27996802   2.615   2.667   2.285   1.783   3
   1.28866792   2.751   2.792   2.314   1.706   0
   1.29281259   2.948   2.961   2.413   1.740   0
   1.29561627   3.164   3.131   2.526   1.805   0
   1.29721951   3.279   3.223   2.587   1.840   0
   1.29873657   3.381   3.296   2.634   1.867   0
   1.29999995   3.467   3.356   2.673   1.888   0
   1.30083966   3.493   3.370   2.679   1.887   4
   1.30849683   3.506   3.314   2.569   1.732   0
   1.31341577   3.391   3.166   2.401   1.546   0
   1.31718898   3.266   3.017   2.238   1.371   0
   1.32043803   3.134   2.865   2.074   1.197   0
   1.32309508   3.010   2.722   1.920   1.033   0
   1.32535708   2.888   2.581   1.768   0.873   0
   1.32736278   2.770   2.443   1.617   0.712   0
   1.32912600   2.650   2.303   1.467   0.552   0
   1.33059824   2.543   2.174   1.324   0.399   0
   1.33194876   2.434   2.044   1.181   0.246   0
   1.33307743   2.333   1.921   1.044   0.098   0
   1.33411610   2.232   1.796   0.907  -0.049   0
   1.33502793   2.147   1.681   0.777  -0.193   0
   1.33582604   2.057   1.566   0.648  -0.333   0
   1.33655024   1.975   1.456   0.523  -0.471   0
   1.33726025   1.900   1.350   0.402  -0.605   0
   1.33798683   1.843   1.271   0.311  -0.705   2
   1.33864224   1.907   1.375   0.436  -0.563   0
   1.33927822   1.829   1.261   0.302  -0.713   0
   1.33988154   1.750   1.146   0.167  -0.863   0
   1.34044349   1.670   1.029   0.031  -1.014   0
   1.34096444   1.596   0.916  -0.103  -1.165   0
   1.34147441   1.521   0.796  -0.244  -1.326   0
   1.34191012   1.455   0.680  -0.383  -1.486   0
   1.34228134   1.386   0.567  -0.518  -1.638   0
   1.34260035   1.334   0.465  -0.643  -1.783   0
   1.34287810   1.287   0.368  -0.764  -1.924   0
   1.34315038   1.231   0.263  -0.894  -2.073   0
   1.34338558   1.181   0.161  -1.019  -2.218   0
   1.34359050   1.152   0.074  -1.131  -2.355   0
   1.34378576   1.116  -0.021  -1.253  -2.500   0
   1.34395635   1.102  -0.102  -1.364  -2.638   0
   1.34411728   1.085  -0.190  -1.483  -2.785   0
   1.34425759   1.070  -0.275  -1.598  -2.927   0
   1.34438825   1.071  -0.350  -1.706  -3.067   0
   1.34450245   1.072  -0.420  -1.807  -3.199   0
   1.34460843   1.064  -0.498  -1.915  -3.337   0
   1.34470189   1.096  -0.553  -2.007  -3.464   0
   1.34478855   1.123  -0.609  -2.099  -3.591   0
   1.34486282   1.142  -0.658  -2.181  -3.711   0
   1.34493434   1.140  -0.668  -2.218  -3.819   0
   1.34500182   1.136  -0.670  -2.247  -3.926   0
   1.34504592   1.126  -0.673  -2.267  -3.996   2
   1.34504592   1.779   1.427   0.597  -0.309   1
   1.34561098   1.769   1.395   0.549  -0.368   0
   1.34625387   1.759   1.378   0.527  -0.394   0
   1.34630716   1.758   1.377   0.526  -0.395   0
   1.34708095   1.749   1.372   0.524  -0.395   0
   1.34787583   1.738   1.365   0.520  -0.396   0
   1.34868836   1.725   1.357   0.515  -0.400   0
   1.34951913   1.711   1.347   0.508  -0.403   0
   1.35037291   1.700   1.339   0.502  -0.408   0
   1.35125995   1.690   1.330   0.495  -0.413   0
   1.35212684   1.679   1.321   0.487  -0.420   0
   1.35298967   1.668   1.312   0.480  -0.427   0
   1.35383272   1.656   1.301   0.470  -0.435   0
   1.35449219   1.647   1.294   0.464  -0.441   0
   1.35467160   1.645   1.292   0.461  -0.443   0
   1.35554123   1.635   1.281   0.450  -0.455   0
   1.35644674   1.625   1.269   0.437  -0.468   0
   1.35754442   1.612   1.252   0.418  -0.490   0
   1.35840857   1.603   1.236   0.397  -0.514   0
   1.35975397   1.589   1.207   0.359  -0.561   0
   1.36016297   1.580   1.193   0.340  -0.582   0
   1.36068821   1.564   1.168   0.309  -0.617   0
   1.36265552   1.506   1.069   0.184  -0.764   0
   1.36320376   1.470   0.993   0.087  -0.879   0
   1.36330366   1.414   0.894  -0.034  -1.018   0
   1.36333430   1.372   0.821  -0.125  -1.123   0
   1.36335838   1.306   0.689  -0.293  -1.320   0
   1.36337066   1.250   0.580  -0.432  -1.483   0
   1.36338413   1.211   0.478  -0.565  -1.643   0
   1.36340296   1.184   0.410  -0.653  -1.748   0
   1.36347461   1.212   0.493  -0.543  -1.614   0
   1.36352360   1.220   0.513  -0.518  -1.584   1
   1.36375737   1.179   0.416  -0.641  -1.731   0
   1.36386836   1.152   0.324  -0.764  -1.880   0
   1.36396563   1.091   0.197  -0.922  -2.065   0
   1.36401892   1.060   0.102  -1.049  -2.217   0
   1.36407256   1.017   0.003  -1.174  -2.364   0
   1.36412346   0.990  -0.080  -1.282  -2.496   0
   1.36419129   0.995  -0.176  -1.422  -2.678   0
   1.36424339   0.982  -0.276  -1.561  -2.851   0
   1.36427450   0.963  -0.357  -1.669  -2.982   0
   1.36430085   0.972  -0.428  -1.775  -3.120   0
   1.36432314   0.994  -0.491  -1.874  -3.257   0
   1.36434293   1.023  -0.546  -1.965  -3.385   0
   1.36436260   1.041  -0.612  -2.068  -3.523   0
   1.36438274   1.092  -0.657  -2.153  -3.650   0
   1.36440456   1.127  -0.684  -2.218  -3.772   0
   1.36442137   1.132  -0.678  -2.246  -3.894   0
   1.36442482   1.121  -0.680  -2.274  -4.003   0
   1.36442602   1.116  -0.681  -2.280  -4.024   0
   1.36442983   1.110  -0.684  -2.288  -4.051   0
   1.36443365   1.102  -0.688  -2.297  -4.078   0
   1.36443746   1.093  -0.691  -2.306  -4.105   0
   1.36444116   1.084  -0.696  -2.314  -4.132   0
   1.36444497   1.073  -0.700  -2.323  -4.159   0
   1.36444879   1.062  -0.705  -2.332  -4.186   0
   1.36445260   1.049  -0.710  -2.342  -4.213   0
   1.36445642   1.036  -0.714  -2.349  -4.239   3
   1.36446023   1.021  -0.711  -2.346  -4.263   0
   1.36446393   1.006  -0.709  -2.343  -4.287   0
   1.36446774   0.991  -0.706  -2.339  -4.310   0
   1.36447155   0.975  -0.703  -2.336  -4.334   0
   1.36447537   0.959  -0.701  -2.333  -4.358   0
   1.36447906   0.943  -0.699  -2.330  -4.382   0
   1.36448288   0.926  -0.696  -2.327  -4.406   0
   1.36448669   0.909  -0.694  -2.324  -4.429   0
   1.36448979   0.896  -0.693  -2.321  -4.448   0
   1.36449277   0.882  -0.691  -2.319  -4.467   0
   1.36449575   0.867  -0.690  -2.316  -4.486   0
   1.36449885   0.853  -0.688  -2.314  -4.505   0
   1.36450267   0.836  -0.686  -2.310  -4.527   0
   1.36450636   0.826  -0.685  -2.308  -4.540   0
   1.36451018   0.817  -0.684  -2.306  -4.552   0
   1.36451399   0.809  -0.683  -2.304  -4.562   0
   1.36452353   0.791  -0.681  -2.301  -4.585   0
   1.36453283   0.772  -0.679  -2.297  -4.607   0
   1.36454213   0.754  -0.677  -2.294  -4.630   0
   1.36455142   0.734  -0.676  -2.290  -4.652   0
   1.36456072   0.713  -0.676  -2.287  -4.675   0
   1.36456978   0.695  -0.673  -2.283  -4.697   0
   1.36457884   0.693  -0.654  -2.260  -4.709   0
   1.36458790   0.698  -0.627  -2.231  -4.718   0
   1.36459672   0.703  -0.600  -2.201  -4.726   0
   1.36460567   0.709  -0.573  -2.171  -4.735   0
   1.36461449   0.714  -0.546  -2.140  -4.743   0
   1.36462319   0.719  -0.518  -2.110  -4.751   0
   1.36463189   0.725  -0.491  -2.079  -4.760   0
   1.36464047   0.730  -0.463  -2.048  -4.768   0
   1.36464918   0.736  -0.435  -2.017  -4.776   0
   1.36465752   0.742  -0.407  -1.986  -4.784   0
   1.36466599   0.748  -0.378  -1.954  -4.792   0
   1.36467445   0.755  -0.349  -1.922  -4.800   0
   1.36468267   0.761  -0.320  -1.890  -4.807   0
   1.36469090   0.768  -0.290  -1.857  -4.815   0
   1.36469913   0.775  -0.260  -1.823  -4.822   0
   1.36470640   0.784  -0.229  -1.789  -4.828   0
   1.36471307   0.801  -0.187  -1.744  -4.826   0
   1.36471641   0.831  -0.131  -1.684  -4.812   0
   1.36471677   0.853  -0.096  -1.647  -4.798   0
   1.36471677   0.887  -0.042  -1.591  -4.777   0
