   0.15000001  15.217  13.648  12.068  10.124   0
   0.20000000  13.704  12.469  11.059   9.365   0
   0.25000000  12.885  11.780  10.449   8.864   0
   0.30000001  12.325  11.269   9.989   8.471   0
   0.34999999  11.880  10.859   9.617   8.149   0
   0.40000001  11.437  10.434   9.217   7.785   0
   0.44999999  11.041  10.069   8.888   7.502   0
   0.50000000  10.569   9.642   8.505   7.179   0
   0.55000001  10.017   9.152   8.073   6.824   0
   0.60000002   9.408   8.646   7.628   6.463   0
   0.69999999   7.948   7.523   6.663   5.711   0
   0.80000001   6.660   6.555   5.858   5.070   0
   0.89999998   5.704   5.777   5.212   4.535   0
   1.00000000   4.960   5.099   4.634   4.046   0
   1.08854103   4.428   4.571   4.176   3.661   0
   1.10000002   4.364   4.506   4.119   3.613   0
   1.20000005   3.874   3.984   3.662   3.243   0
   1.29999995   3.451   3.501   3.251   2.945   0
   1.39999998   3.086   3.077   2.901   2.716   0
   1.49969447   2.769   2.734   2.625   2.532   0
   1.50000000   2.768   2.733   2.625   2.531   0
   1.56162846   2.585   2.559   2.486   2.435   0
   1.60000002   2.476   2.463   2.409   2.379   0
   1.69585633   2.220   2.255   2.236   2.244   0
   1.70000005   2.209   2.247   2.229   2.238   0
   1.71840179   2.163   2.210   2.198   2.213   0
   1.79999995   1.969   2.063   2.072   2.104   0
   1.89999998   1.753   1.904   1.935   1.983   0
   2.00000000   1.552   1.757   1.805   1.867   0
   2.20000005   1.205   1.499   1.571   1.651   0
   2.50000000   0.769   1.168   1.261   1.363   0
   3.00000000   0.180   0.701   0.821   0.948   0
   3.50000000  -0.290   0.315   0.454   0.601   0
   4.00000000  -0.688  -0.020   0.135   0.299   0
   4.50000000  -1.031  -0.312  -0.143   0.033   0
   5.00000000  -1.337  -0.574  -0.394  -0.205   0
   5.17345476  -1.439  -0.664  -0.480  -0.287   0
   6.00000000  -1.891  -1.057  -0.858  -0.648   0
   7.00000000  -2.372  -1.481  -1.266  -1.040   0
   7.02010727  -2.382  -1.489  -1.274  -1.047   0
   8.43213654  -2.991  -2.039  -1.807  -1.564   0
   9.00000000  -3.229  -2.257  -2.021  -1.771   0
  10.46235943  -3.786  -2.774  -2.526  -2.265   0
  11.92362785  -4.371  -3.333  -3.077  -2.809   0
  12.00000000  -4.405  -3.367  -3.111  -2.842   0
  12.99830055  -4.815  -3.769  -3.513  -3.245   1
  13.91337872  -5.246  -4.210  -3.959  -3.701   0
  14.61497688  -5.652  -4.642  -4.402  -4.159   0
  14.90223312  -5.850  -4.855  -4.623  -4.390   0
  15.00000000  -5.913  -4.921  -4.691  -4.460   0
  15.05350685  -5.943  -4.953  -4.724  -4.494   0
  15.11144829  -5.960  -4.965  -4.734  -4.502   3
  15.16331577  -5.925  -4.901  -4.660  -4.416   0
  15.17016792  -5.919  -4.872  -4.621  -4.365   0
  15.17112350  -5.920  -4.870  -4.617  -4.359   0
  15.17376328  -5.932  -4.899  -4.654  -4.405   0
  15.17472267  -5.983  -4.962  -4.724  -4.483   0
  15.17576218  -6.059  -5.058  -4.827  -4.596   0
  15.17664146  -6.134  -5.155  -4.931  -4.709   0
  15.17744064  -6.206  -5.249  -5.031  -4.817   0
  15.17815971  -6.280  -5.348  -5.136  -4.931   0
  15.17879963  -6.348  -5.439  -5.234  -5.037   0
  15.17935848  -6.412  -5.534  -5.334  -5.146   0
  15.17991829  -6.480  -5.619  -5.428  -5.250   0
  15.18047810  -6.550  -5.709  -5.526  -5.360   0
  15.18103695  -6.618  -5.805  -5.630  -5.475   0
  15.18159676  -6.688  -5.905  -5.739  -5.597   0
  15.18199635  -6.745  -5.990  -5.832  -5.700   0
  15.18248177  -6.806  -6.083  -5.933  -5.813   0
  15.18288612  -6.865  -6.183  -6.042  -5.934   0
  15.18329048  -6.916  -6.261  -6.129  -6.036   0
  15.18361378  -6.969  -6.346  -6.225  -6.145   0
  15.18401814  -7.014  -6.449  -6.335  -6.265   0
  15.18434143  -7.055  -6.559  -6.452  -6.392   0
  15.18458462  -7.088  -6.638  -6.539  -6.490   0
  15.18482685  -7.119  -6.724  -6.633  -6.595   0
  15.18515110  -7.157  -6.812  -6.734  -6.715   0
  15.18539333  -7.203  -6.898  -6.841  -6.850   0
  15.18571663  -7.212  -7.017  -6.974  -7.004   0
  15.18587875  -7.208  -7.081  -7.050  -7.095   0
  15.18604088  -7.211  -7.121  -7.119  -7.200   0
  15.18628311  -7.161  -7.196  -7.207  -7.311   0
  15.18652630  -7.051  -7.212  -7.266  -7.428   3
  15.18684959  -6.834  -7.092  -7.262  -7.568   0
  15.18725395  -6.342  -6.647  -7.127  -7.725   0
  15.18757820  -4.983  -5.709  -6.700  -7.696   0
  15.18790150  -3.949  -5.090  -6.319  -7.499   0
  15.18822575  -3.546  -4.951  -6.301  -7.587   4
  15.18830681  -3.475  -4.986  -6.384  -7.712   0
  15.18855095  -3.470  -5.092  -6.540  -7.909   0
  15.18871307  -3.512  -5.195  -6.670  -8.059   0
  15.18911839  -3.557  -5.308  -6.815  -8.231   0
  15.19147110  -3.565  -5.337  -6.853  -8.276   2
  15.22586250  -3.566  -5.262  -6.743  -8.136   0
  15.26370144  -3.630  -5.222  -6.658  -8.012   0
  15.32298660  -3.898  -5.314  -6.673  -7.956   0
  15.33794403  -4.221  -5.500  -6.797  -8.024   0
  15.34486198  -6.794  -7.111  -7.561  -8.131   0
  15.34655094  -7.349  -7.548  -7.621  -7.814   3
  15.34743214  -7.468  -7.511  -7.540  -7.662   0
  15.34875202  -7.519  -7.399  -7.388  -7.457   0
  15.35131836  -7.489  -7.214  -7.162  -7.178   0
  15.35439301  -7.418  -7.073  -6.995  -6.975   0
  15.35746288  -7.371  -6.976  -6.886  -6.848   0
  15.36060238  -7.344  -6.907  -6.810  -6.764   0
  15.36693954  -7.303  -6.815  -6.710  -6.652   0
  15.37579536  -7.269  -6.720  -6.609  -6.544   0
  15.38548183  -7.240  -6.640  -6.525  -6.452   0
  15.39799500  -7.207  -6.557  -6.436  -6.356   0
  15.41072273  -7.165  -6.499  -6.369  -6.277   0
  15.42606640  -7.125  -6.447  -6.308  -6.203   0
  15.45147133  -7.096  -6.388  -6.242  -6.128   0
  15.65725517  -7.076  -6.311  -6.154  -6.025   1
  15.69260406  -7.123  -6.388  -6.237  -6.115   0
  15.71721172  -7.169  -6.464  -6.319  -6.205   0
  15.73493958  -7.214  -6.534  -6.395  -6.290   0
  15.75057507  -7.273  -6.605  -6.478  -6.389   0
  15.77535725  -7.334  -6.703  -6.586  -6.511   0
  15.79530621  -7.374  -6.799  -6.686  -6.617   0
  15.81125832  -7.409  -6.893  -6.784  -6.722   0
  15.82344151  -7.445  -6.980  -6.878  -6.825   0
  15.83245754  -7.479  -7.063  -6.969  -6.927   0
  15.83958054  -7.507  -7.146  -7.060  -7.028   0
  15.84492016  -7.548  -7.211  -7.141  -7.132   0
  15.84890652  -7.576  -7.271  -7.213  -7.222   0
  15.85290813  -7.588  -7.352  -7.305  -7.328   0
  15.85553455  -7.580  -7.415  -7.375  -7.408   0
  15.85770321  -7.580  -7.454  -7.433  -7.490   0
  15.85940933  -7.581  -7.477  -7.479  -7.564   0
  15.86065292  -7.551  -7.513  -7.524  -7.622   0
  15.86189842  -7.512  -7.536  -7.562  -7.679   0
  15.86298847  -7.455  -7.559  -7.598  -7.735   0
  15.86408043  -7.363  -7.540  -7.606  -7.787   3
  15.86470509  -7.286  -7.505  -7.601  -7.823   0
  15.86532974  -7.181  -7.437  -7.583  -7.866   0
  15.86595535  -7.041  -7.319  -7.547  -7.915   0
  15.86673737  -6.831  -7.123  -7.485  -7.975   0
  15.86705017  -6.675  -6.984  -7.431  -7.999   0
  15.86752033  -6.430  -6.781  -7.348  -8.019   0
  15.86798954  -6.002  -6.463  -7.206  -8.015   0
  15.86845970  -5.194  -5.942  -6.943  -7.944   0
  15.86893082  -4.561  -5.554  -6.708  -7.823   0
  15.86955833  -4.093  -5.303  -6.565  -7.769   4
  15.87040138  -3.869  -5.299  -6.664  -7.954   0
  15.87152672  -3.776  -5.361  -6.794  -8.144   0
  15.87661457  -3.754  -5.417  -6.887  -8.265   0
  15.88690090  -3.758  -5.496  -6.999  -8.404   0
  15.89821434  -3.744  -5.555  -7.089  -8.524   0
  15.91357899  -3.702  -5.597  -7.167  -8.642   0
  15.91667747  -3.718  -5.636  -7.214  -8.701   0
