   0.15000001  15.217  13.648  12.068  10.124   0
   0.20000000  13.704  12.469  11.059   9.365   0
   0.25000000  12.885  11.780  10.449   8.864   0
   0.30000001  12.325  11.269   9.989   8.471   0
   0.34999999  11.880  10.859   9.617   8.149   0
   0.40000001  11.437  10.434   9.217   7.785   0
   0.44999999  11.041  10.069   8.888   7.502   0
   0.50000000  10.569   9.642   8.505   7.179   0
   0.55000001  10.017   9.152   8.073   6.824   0
   0.60000002   9.408   8.646   7.628   6.463   0
   0.69999999   7.948   7.523   6.663   5.711   0
   0.80000001   6.659   6.555   5.858   5.069   0
   0.89999998   5.703   5.776   5.211   4.534   0
   1.00000000   4.959   5.098   4.634   4.045   0
   1.06659722   4.555   4.697   4.285   3.752   0
   1.10000002   4.363   4.506   4.119   3.613   0
   1.20000005   3.873   3.983   3.662   3.242   0
   1.29999995   3.450   3.501   3.250   2.944   0
   1.38514256   3.138   3.136   2.948   2.746   0
   1.39999998   3.086   3.077   2.900   2.715   0
   1.47880602   2.832   2.800   2.678   2.567   0
   1.50000000   2.767   2.733   2.624   2.531   0
   1.54436958   2.635   2.603   2.521   2.460   0
   1.60000002   2.476   2.464   2.409   2.379   0
   1.62911248   2.397   2.394   2.352   2.336   0
   1.70000005   2.209   2.246   2.229   2.238   0
   1.79999995   1.969   2.062   2.071   2.103   0
   1.89999998   1.752   1.902   1.933   1.982   0
   2.00000000   1.551   1.756   1.804   1.866   0
   2.20000005   1.203   1.497   1.569   1.649   0
   2.50000000   0.767   1.165   1.258   1.359   0
   3.00000000   0.176   0.696   0.816   0.942   0
   3.50000000  -0.297   0.307   0.446   0.593   0
   4.00000000  -0.697  -0.030   0.125   0.288   0
   4.50000000  -1.041  -0.324  -0.156   0.020   0
   4.83622646  -1.252  -0.505  -0.329  -0.144   0
   5.00000000  -1.351  -0.590  -0.410  -0.221   0
   6.00000000  -1.911  -1.078  -0.878  -0.670   0
   6.60379982  -2.213  -1.343  -1.134  -0.915   0
   7.00000000  -2.403  -1.512  -1.297  -1.072   0
   7.91272116  -2.814  -1.883  -1.657  -1.420   0
   8.94767857  -3.269  -2.301  -2.065  -1.817   0
   9.00000000  -3.291  -2.321  -2.085  -1.837   0
   9.78007030  -3.604  -2.611  -2.369  -2.114   0
  11.14604378  -4.182  -3.163  -2.914  -2.652   0
  12.00000000  -4.587  -3.560  -3.309  -3.049   1
  12.05632496  -4.611  -3.584  -3.334  -3.073   0
  12.90508842  -5.045  -4.027  -3.780  -3.527   0
  13.55584145  -5.449  -4.458  -4.222  -3.983   0
  13.82228088  -5.647  -4.670  -4.442  -4.212   0
  13.95582962  -5.740  -4.767  -4.541  -4.315   0
  14.00826645  -5.753  -4.772  -4.544  -4.314   3
  14.04592133  -5.721  -4.709  -4.470  -4.228   0
  14.05088234  -5.720  -4.685  -4.437  -4.184   0
  14.05128098  -5.720  -4.683  -4.435  -4.181   0
  14.05331421  -5.726  -4.706  -4.464  -4.220   0
  14.05408764  -5.772  -4.768  -4.533  -4.296   0
  14.05480671  -5.838  -4.853  -4.624  -4.395   0
  14.05556774  -5.922  -4.960  -4.738  -4.519   0
  14.05607510  -5.982  -5.038  -4.822  -4.609   0
  14.05662441  -6.051  -5.129  -4.918  -4.714   0
  14.05708981  -6.113  -5.213  -5.007  -4.810   0
  14.05759716  -6.184  -5.308  -5.109  -4.921   0
  14.05801964  -6.248  -5.395  -5.203  -5.025   0
  14.05840015  -6.306  -5.471  -5.286  -5.117   0
  14.05882263  -6.368  -5.556  -5.379  -5.220   0
  14.05920315  -6.428  -5.641  -5.471  -5.322   0
  14.05954170  -6.480  -5.717  -5.553  -5.413   0
  14.05983734  -6.530  -5.791  -5.633  -5.503   0
  14.06009102  -6.574  -5.857  -5.706  -5.584   0
  14.06047153  -6.636  -5.952  -5.809  -5.700   0
  14.06071091  -6.682  -6.027  -5.892  -5.794   0
  14.06099701  -6.731  -6.102  -5.977  -5.892   0
  14.06128311  -6.777  -6.194  -6.077  -6.002   0
  14.06156921  -6.817  -6.289  -6.179  -6.115   0
  14.06185532  -6.861  -6.398  -6.297  -6.245   0
  14.06204605  -6.891  -6.475  -6.381  -6.339   0
  14.06223679  -6.916  -6.556  -6.470  -6.439   0
  14.06242752  -6.954  -6.617  -6.546  -6.536   0
  14.06261826  -6.984  -6.689  -6.633  -6.644   0
  14.06280899  -6.992  -6.779  -6.735  -6.762   0
  14.06299973  -6.984  -6.861  -6.830  -6.876   0
  14.06319046  -6.969  -6.926  -6.925  -7.009   0
  14.06342888  -6.888  -6.992  -7.016  -7.138   0
  14.06352425  -6.828  -6.989  -7.037  -7.194   0
  14.06361961  -6.757  -6.971  -7.050  -7.248   3
  14.06371498  -6.672  -6.912  -7.041  -7.299   0
  14.06381035  -6.580  -6.838  -7.026  -7.349   0
  14.06390572  -6.464  -6.735  -6.999  -7.399   0
  14.06400108  -6.321  -6.598  -6.957  -7.445   0
  14.06404877  -6.215  -6.501  -6.922  -7.467   0
  14.06414413  -6.027  -6.338  -6.860  -7.496   0
  14.06423950  -5.682  -6.069  -6.742  -7.502   0
  14.06433487  -5.186  -5.733  -6.587  -7.483   0
  14.06443024  -4.620  -5.390  -6.414  -7.435   0
  14.06457329  -4.092  -5.068  -6.215  -7.331   0
  14.06466866  -3.749  -4.869  -6.088  -7.264   4
  14.06476307  -3.612  -4.825  -6.090  -7.301   0
  14.06480980  -3.546  -4.817  -6.109  -7.343   0
  14.06485748  -3.493  -4.823  -6.140  -7.398   0
  14.06490421  -3.477  -4.847  -6.181  -7.454   0
  14.06502247  -3.401  -4.855  -6.227  -7.534   0
  14.06587029  -3.356  -5.077  -6.569  -7.976   0
  14.06916332  -3.388  -5.158  -6.671  -8.097   2
  14.10013866  -3.387  -5.086  -6.569  -7.967   0
  14.13338566  -3.430  -5.041  -6.484  -7.847   0
  14.17910671  -3.611  -5.083  -6.464  -7.773   0
  14.19913960  -3.722  -5.125  -6.477  -7.757   0
  14.21257782  -4.045  -5.311  -6.601  -7.825   0
  14.22681522  -7.287  -7.022  -6.971  -6.989   3
  14.23023224  -7.235  -6.892  -6.816  -6.799   0
  14.23189926  -7.199  -6.829  -6.742  -6.709   0
  14.23418140  -7.169  -6.747  -6.652  -6.609   0
  14.23760796  -7.131  -6.658  -6.555  -6.501   0
  14.24218369  -7.094  -6.564  -6.455  -6.391   0
  14.24659061  -7.065  -6.491  -6.377  -6.307   0
  14.25551414  -7.020  -6.384  -6.264  -6.184   0
  14.26882076  -6.951  -6.283  -6.148  -6.049   0
  14.28657341  -6.894  -6.189  -6.043  -5.929   0
  14.30507183  -6.867  -6.136  -5.985  -5.864   0
  14.32387543  -6.865  -6.127  -5.974  -5.852   0
  14.34618664  -6.863  -6.120  -5.966  -5.842   0
  14.37291813  -6.864  -6.115  -5.961  -5.835   0
  14.40643501  -6.869  -6.116  -5.960  -5.833   4
  14.44668674  -6.878  -6.122  -5.966  -5.838   0
  14.51142502  -6.941  -6.213  -6.063  -5.943   0
  14.56152534  -7.076  -6.412  -6.283  -6.192   0
  14.58658218  -7.164  -6.568  -6.453  -6.381   0
  14.59532070  -7.200  -6.658  -6.548  -6.483   0
  14.60106659  -7.228  -6.735  -6.628  -6.570   0
  14.60590649  -7.262  -6.813  -6.714  -6.665   0
  14.60921669  -7.287  -6.881  -6.788  -6.748   0
  14.61205482  -7.311  -6.955  -6.869  -6.839   0
  14.61449909  -7.351  -7.015  -6.946  -6.938   0
  14.61641979  -7.377  -7.081  -7.025  -7.036   0
  14.61801147  -7.384  -7.152  -7.106  -7.130   0
  14.61904526  -7.375  -7.211  -7.171  -7.205   0
  14.61990643  -7.372  -7.247  -7.224  -7.278   0
  14.62070942  -7.367  -7.275  -7.277  -7.363   0
  14.62164497  -7.300  -7.328  -7.348  -7.460   0
  14.62240887  -7.187  -7.334  -7.385  -7.543   3
  14.62292385  -7.035  -7.264  -7.375  -7.613   0
  14.62328625  -6.871  -7.137  -7.337  -7.675   0
  14.62355328  -6.720  -7.002  -7.294  -7.721   0
  14.62376308  -6.552  -6.845  -7.239  -7.759   0
  14.62397194  -6.328  -6.648  -7.160  -7.785   0
  14.62412453  -6.100  -6.465  -7.079  -7.791   0
  14.62427711  -5.777  -6.230  -6.972  -7.783   0
  14.62440968  -5.312  -5.919  -6.816  -7.742   0
  14.62450504  -4.914  -5.675  -6.688  -7.699   0
  14.62458134  -4.686  -5.534  -6.603  -7.655   0
  14.62467575  -4.411  -5.364  -6.498  -7.599   0
  14.62480927  -4.135  -5.203  -6.395  -7.544   0
  14.62500000  -3.893  -5.071  -6.318  -7.511   0
  14.62503815  -3.842  -5.044  -6.303  -7.506   4
  14.62534428  -3.607  -5.097  -6.486  -7.803   0
  14.62561512  -3.537  -5.150  -6.595  -7.958   0
  14.62826633  -3.521  -5.268  -6.773  -8.187   0
  14.62969208  -3.523  -5.321  -6.848  -8.282   0
  14.63159370  -3.516  -5.376  -6.931  -8.390   0
  14.63410378  -3.488  -5.411  -6.992  -8.481   0
  14.63545990  -3.479  -5.431  -7.024  -8.527   0
