   0.15000001  15.217  13.647  12.067  10.123   0
   0.20000000  13.702  12.468  11.057   9.364   0
   0.25000000  12.882  11.777  10.447   8.862   0
   0.30000001  12.321  11.266   9.986   8.468   0
   0.34999999  11.876  10.855   9.613   8.146   0
   0.40000001  11.436  10.433   9.217   7.784   0
   0.44999999  11.040  10.068   8.887   7.501   0
   0.50000000  10.567   9.640   8.503   7.177   0
   0.55000001  10.014   9.149   8.071   6.822   0
   0.60000002   9.403   8.642   7.624   6.459   0
   0.69999999   7.938   7.515   6.656   5.705   0
   0.80000001   6.645   6.543   5.848   5.060   0
   0.89999998   5.681   5.756   5.192   4.516   0
   1.00000000   4.938   5.077   4.614   4.028   0
   1.10000002   4.340   4.481   4.095   3.591   0
   1.20000005   3.845   3.953   3.633   3.216   0
   1.29999995   3.419   3.466   3.218   2.915   0
   1.39999998   3.051   3.039   2.865   2.683   0
   1.50000000   2.724   2.687   2.582   2.492   0
   1.58150423   2.478   2.458   2.396   2.357   0
   1.60000002   2.425   2.412   2.358   2.328   0
   1.70000005   2.150   2.184   2.166   2.173   0
   1.79999995   1.904   1.987   1.994   2.023   0
   1.82493281   1.845   1.942   1.955   1.987   0
   1.89999998   1.674   1.808   1.836   1.880   0
   2.00000000   1.465   1.646   1.688   1.744   0
   2.20000005   1.079   1.341   1.407   1.479   0
   2.29736686   0.909   1.206   1.280   1.359   0
   2.50000000   0.574   0.935   1.023   1.115   0
   2.66953087   0.319   0.723   0.820   0.921   0
   2.94044662  -0.072   0.389   0.499   0.610   0
   3.00000000  -0.157   0.315   0.427   0.541   0
   3.18305063  -0.407   0.095   0.214   0.333   0
   3.37267184  -0.665  -0.140  -0.016   0.108   0
   3.50000000  -0.842  -0.306  -0.178  -0.053   0
   3.54875493  -0.907  -0.367  -0.238  -0.113   0
   3.68975830  -1.105  -0.557  -0.425  -0.299   0
   3.81023026  -1.288  -0.738  -0.606  -0.479   0
   3.91327310  -1.460  -0.913  -0.781  -0.656   1
   4.00000000  -1.617  -1.078  -0.947  -0.826   0
   4.00872183  -1.632  -1.095  -0.964  -0.843   0
   4.08530331  -1.783  -1.258  -1.130  -1.014   0
   4.15115261  -1.924  -1.416  -1.291  -1.181   0
   4.18052006  -1.990  -1.491  -1.367  -1.260   0
   4.20777750  -2.052  -1.559  -1.436  -1.331   0
   4.22246742  -2.085  -1.591  -1.469  -1.364   0
   4.23725653  -2.113  -1.611  -1.487  -1.380   3
   4.24626255  -2.124  -1.604  -1.476  -1.365   0
   4.25242138  -2.120  -1.565  -1.429  -1.308   0
   4.25420904  -2.120  -1.536  -1.395  -1.266   0
   4.25521564  -2.129  -1.517  -1.370  -1.232   0
   4.25534916  -2.116  -1.507  -1.360  -1.224   0
   4.25568819  -2.078  -1.503  -1.363  -1.236   0
   4.25601339  -2.143  -1.601  -1.468  -1.351   0
   4.25644350  -2.266  -1.759  -1.633  -1.526   0
   4.25697756  -2.378  -1.912  -1.793  -1.698   0
   4.25764179  -2.474  -2.056  -1.947  -1.865   0
   4.25821495  -2.535  -2.163  -2.063  -1.994   0
   4.25884008  -2.588  -2.273  -2.182  -2.127   0
   4.25929594  -2.620  -2.350  -2.267  -2.223   0
   4.25968838  -2.641  -2.417  -2.341  -2.307   0
   4.26010323  -2.656  -2.487  -2.420  -2.398   0
   4.26052904  -2.662  -2.557  -2.502  -2.495   0
   4.26094294  -2.652  -2.622  -2.584  -2.596   0
   4.26137972  -2.619  -2.674  -2.663  -2.705   0
   4.26180458  -2.549  -2.688  -2.721  -2.816   0
   4.26201725  -2.497  -2.669  -2.735  -2.873   3
   4.26222944  -2.431  -2.620  -2.734  -2.929   0
   4.26244164  -2.352  -2.541  -2.716  -2.984   0
   4.26265383  -2.257  -2.423  -2.679  -3.037   0
   4.26286650  -2.133  -2.274  -2.618  -3.082   0
   4.26306725  -1.955  -2.087  -2.536  -3.116   0
   4.26327944  -1.692  -1.857  -2.431  -3.127   0
   4.26348019  -1.439  -1.658  -2.324  -3.094   0
   4.26368093  -1.195  -1.472  -2.208  -3.034   0
   4.26404905  -0.811  -1.214  -2.057  -2.967   4
   4.26435709  -0.728  -1.243  -2.161  -3.130   0
   4.26456976  -0.735  -1.321  -2.279  -3.278   0
   4.26488924  -0.762  -1.408  -2.399  -3.425   0
   4.26543331  -0.791  -1.495  -2.519  -3.569   0
   4.26608324  -0.828  -1.587  -2.639  -3.712   0
   4.26678038  -0.862  -1.681  -2.762  -3.859   0
   4.26748848  -0.884  -1.756  -2.862  -3.980   0
   4.26899910  -0.896  -1.817  -2.947  -4.084   2
   4.28611374  -0.915  -1.769  -2.867  -3.977   0
   4.30016088  -0.912  -1.707  -2.776  -3.862   0
   4.31207418  -0.899  -1.636  -2.678  -3.741   0
   4.32313919  -0.887  -1.574  -2.586  -3.627   0
   4.33703804  -0.919  -1.537  -2.511  -3.522   0
   4.34890366  -0.996  -1.556  -2.496  -3.479   4
   4.36283445  -1.422  -1.845  -2.689  -3.595   0
   4.36854315  -1.846  -2.143  -2.870  -3.686   0
   4.37251139  -2.193  -2.395  -2.991  -3.703   0
   4.37642908  -2.475  -2.636  -3.095  -3.684   0
   4.37949562  -2.629  -2.792  -3.162  -3.656   0
   4.38177633  -2.719  -2.892  -3.204  -3.633   0
   4.38403177  -2.792  -2.977  -3.235  -3.604   0
   4.38699436  -2.875  -3.074  -3.269  -3.566   0
   4.39005756  -2.950  -3.158  -3.294  -3.527   0
   4.39372015  -3.026  -3.220  -3.307  -3.480   0
   4.39802694  -3.098  -3.263  -3.309  -3.431   0
   4.40508270  -3.172  -3.292  -3.303  -3.381   0
   4.41053534  -3.198  -3.299  -3.303  -3.373   1
   4.43699503  -3.203  -3.367  -3.412  -3.534   0
   4.44891214  -3.174  -3.369  -3.456  -3.631   0
   4.45573807  -3.131  -3.343  -3.474  -3.704   0
   4.46045208  -3.082  -3.287  -3.474  -3.764   3
   4.46415377  -3.022  -3.218  -3.464  -3.820   0
   4.46815538  -2.923  -3.103  -3.435  -3.888   0
   4.46939325  -2.858  -3.031  -3.412  -3.919   0
   4.47078466  -2.758  -2.932  -3.378  -3.952   0
   4.47228384  -2.603  -2.794  -3.328  -3.985   0
   4.47407389  -2.259  -2.537  -3.224  -4.007   0
   4.47525120  -1.901  -2.290  -3.095  -3.969   0
   4.47618914  -1.493  -2.009  -2.918  -3.872   0
   4.47694111  -1.131  -1.805  -2.809  -3.840   4
   4.47715855  -1.114  -1.873  -2.924  -3.991   0
   4.47729731  -1.106  -1.935  -3.020  -4.116   0
   4.47825623  -1.102  -2.037  -3.173  -4.311   0
   4.47858238  -1.103  -2.116  -3.289  -4.458   0
   4.47901726  -1.123  -2.197  -3.400  -4.591   0
   4.47957993  -1.121  -2.264  -3.498  -4.717   0
   4.48018265  -1.134  -2.340  -3.601  -4.845   0
   4.48082399  -1.150  -2.424  -3.715  -4.984   0
   4.48145485  -1.139  -2.501  -3.830  -5.132   0
   4.48196793  -1.113  -2.564  -3.931  -5.267   0
   4.48248005  -1.072  -2.625  -4.038  -5.416   0
   4.48284483  -1.039  -2.674  -4.121  -5.533   0
   4.48316956  -1.030  -2.734  -4.211  -5.652   0
   4.48353434  -0.973  -2.787  -4.311  -5.798   0
   4.48383904  -0.923  -2.836  -4.404  -5.933   0
   4.48408508  -0.935  -2.884  -4.470  -6.018   0
   4.48438025  -0.987  -2.929  -4.537  -6.155   0
   4.48456717  -1.026  -2.950  -4.575  -6.251   2
   4.48487234  -0.978  -2.925  -4.527  -6.122   0
   4.48490191  -0.993  -2.935  -4.545  -6.166   0
   4.48493099  -1.010  -2.942  -4.560  -6.213   0
   4.48497057  -1.036  -2.953  -4.581  -6.274   0
   4.48507881  -1.076  -2.974  -4.612  -6.349   0
   4.48508835  -1.080  -2.977  -4.615  -6.356   0
   4.48517609  -1.099  -2.985  -4.627  -6.389   0
   4.48526382  -1.120  -2.993  -4.639  -6.423   0
   4.48535109  -1.142  -3.002  -4.651  -6.456   0
   4.48543930  -1.167  -3.012  -4.663  -6.490   0
   4.48552656  -1.192  -3.023  -4.676  -6.524   0
   4.48561287  -1.247  -3.048  -4.697  -6.562   0
   4.48569918  -1.304  -3.074  -4.718  -6.598   0
   4.48578596  -1.330  -3.083  -4.724  -6.615   0
   4.48587227  -1.336  -3.085  -4.724  -6.620   0
   4.48595858  -1.343  -3.086  -4.725  -6.624   0
   4.48648357  -1.375  -3.094  -4.727  -6.648   0
   4.48699284  -1.404  -3.100  -4.729  -6.669   0
   4.48750448  -1.432  -3.105  -4.730  -6.690   0
   4.48801899  -1.457  -3.110  -4.730  -6.711   0
   4.48853779  -1.481  -3.113  -4.731  -6.730   0
   4.48906040  -1.503  -3.116  -4.730  -6.749   0
   4.48972178  -1.528  -3.118  -4.729  -6.773   0
   4.49039316  -1.552  -3.120  -4.728  -6.796   0
   4.49107647  -1.574  -3.120  -4.725  -6.819   0
   4.49176645  -1.594  -3.119  -4.722  -6.842   0
   4.49245834  -1.612  -3.116  -4.718  -6.864   0
   4.49315214  -1.627  -3.113  -4.713  -6.886   0
   4.49384880  -1.640  -3.108  -4.707  -6.907   0
   4.49453974  -1.651  -3.102  -4.700  -6.928   0
   4.49519920  -1.659  -3.095  -4.693  -6.946   0
   4.49582720  -1.664  -3.087  -4.686  -6.964   0
   4.49642658  -1.668  -3.078  -4.678  -6.980   0
   4.49711180  -1.670  -3.068  -4.669  -6.998   0
   4.49776268  -1.670  -3.056  -4.659  -7.014   0
   4.49838305  -1.668  -3.044  -4.649  -7.029   0
   4.49907064  -1.663  -3.030  -4.637  -7.045   0
   4.49972439  -1.657  -3.010  -4.618  -7.056   0
   4.50000000  -1.655  -3.000  -4.606  -7.059   0
   4.50020123  -1.653  -2.993  -4.598  -7.061   0
   4.50080585  -1.645  -2.968  -4.571  -7.063   0
   4.50102711  -1.639  -2.955  -4.558  -7.060   0
   4.50112629  -1.633  -2.946  -4.548  -7.056   0
   4.50117445  -1.627  -2.939  -4.541  -7.051   0
   4.50119734  -1.620  -2.932  -4.534  -7.045   0
   4.50120878  -1.614  -2.925  -4.527  -7.039   0
   4.50121403  -1.607  -2.919  -4.521  -7.032   0
   4.50121880  -1.601  -2.912  -4.514  -7.026   0
   4.50122356  -1.594  -2.905  -4.507  -7.019   0
   4.50122833  -1.587  -2.897  -4.499  -7.012   0
   4.50123358  -1.579  -2.890  -4.492  -7.004   0
   4.50123835  -1.571  -2.882  -4.484  -6.997   0
   4.50124311  -1.563  -2.874  -4.476  -6.989   0
   4.50124788  -1.555  -2.865  -4.467  -6.980   0
   4.50125265  -1.546  -2.857  -4.458  -6.972   0
   4.50125742  -1.537  -2.847  -4.449  -6.963   0
   4.50126219  -1.528  -2.838  -4.439  -6.953   0
   4.50126696  -1.518  -2.828  -4.429  -6.943   0
   4.50127172  -1.507  -2.817  -4.419  -6.933   0
   4.50127649  -1.496  -2.806  -4.408  -6.922   0
   4.50128126  -1.485  -2.794  -4.396  -6.910   0
   4.50128603  -1.472  -2.781  -4.383  -6.898   0
   4.50129080  -1.459  -2.768  -4.370  -6.885   0
   4.50129938  -1.445  -2.754  -4.356  -6.871   0
