   0.15000001  15.217  13.648  12.068  10.124   0
   0.20000000  13.704  12.469  11.059   9.365   0
   0.25000000  12.885  11.780  10.449   8.864   0
   0.30000001  12.325  11.269   9.989   8.471   0
   0.34999999  11.880  10.859   9.617   8.149   0
   0.40000001  11.437  10.434   9.217   7.785   0
   0.44999999  11.041  10.069   8.888   7.502   0
   0.50000000  10.569   9.642   8.505   7.179   0
   0.55000001  10.017   9.152   8.073   6.824   0
   0.60000002   9.408   8.646   7.628   6.463   0
   0.69999999   7.948   7.522   6.663   5.711   0
   0.80000001   6.659   6.555   5.858   5.069   0
   0.89999998   5.703   5.776   5.211   4.534   0
   1.00000000   4.959   5.097   4.633   4.044   0
   1.04509580   4.681   4.823   4.395   3.844   0
   1.10000002   4.363   4.505   4.118   3.612   0
   1.20000005   3.872   3.982   3.661   3.242   0
   1.29999995   3.450   3.500   3.250   2.944   0
   1.35826683   3.232   3.244   3.036   2.803   0
   1.39999998   3.086   3.077   2.900   2.715   0
   1.45820844   2.896   2.866   2.730   2.602   0
   1.50000000   2.767   2.732   2.624   2.530   0
   1.52730143   2.685   2.648   2.557   2.485   0
   1.60000002   2.476   2.464   2.409   2.379   0
   1.70000005   2.208   2.246   2.228   2.237   0
   1.79999995   1.968   2.061   2.070   2.102   0
   1.89999998   1.751   1.901   1.932   1.981   0
   2.00000000   1.550   1.754   1.802   1.864   0
   2.20000005   1.201   1.495   1.566   1.646   0
   2.50000000   0.764   1.161   1.254   1.355   0
   3.00000000   0.171   0.690   0.809   0.936   0
   3.50000000  -0.304   0.299   0.438   0.584   0
   4.00000000  -0.707  -0.041   0.114   0.276   0
   4.50000000  -1.053  -0.338  -0.170   0.006   0
   4.56966496  -1.098  -0.377  -0.207  -0.029   0
   5.00000000  -1.366  -0.605  -0.426  -0.237   0
   6.00000000  -1.933  -1.101  -0.902  -0.693   0
   6.22336531  -2.049  -1.203  -1.000  -0.787   0
   7.00000000  -2.438  -1.548  -1.333  -1.108   0
   7.42530203  -2.638  -1.728  -1.508  -1.278   0
   8.39650631  -3.089  -2.142  -1.911  -1.670   0
   9.00000000  -3.361  -2.393  -2.158  -1.911   0
   9.14227581  -3.421  -2.449  -2.212  -1.964   0
  10.41916943  -3.996  -2.997  -2.753  -2.498   0
  11.34562969  -4.470  -3.463  -3.218  -2.964   1
  12.00000000  -4.864  -3.864  -3.623  -3.377   0
  12.57346153  -5.248  -4.275  -4.043  -3.809   0
  12.82059193  -5.445  -4.487  -4.261  -4.036   0
  12.94446278  -5.537  -4.582  -4.359  -4.136   0
  12.99370766  -5.553  -4.591  -4.366  -4.141   3
  13.02906895  -5.518  -4.524  -4.289  -4.051   0
  13.03372860  -5.520  -4.500  -4.256  -4.008   0
  13.03410244  -5.521  -4.499  -4.254  -4.005   0
  13.03593349  -5.518  -4.515  -4.277  -4.037   0
  13.03663063  -5.561  -4.575  -4.343  -4.109   0
  13.03732109  -5.632  -4.665  -4.440  -4.214   0
  13.03805161  -5.722  -4.780  -4.562  -4.348   0
  13.03853893  -5.788  -4.867  -4.654  -4.447   0
  13.03906727  -5.862  -4.964  -4.758  -4.559   0
  13.03951359  -5.928  -5.052  -4.851  -4.660   0
  13.04000092  -6.000  -5.151  -4.956  -4.775   0
  13.04040718  -6.067  -5.240  -5.053  -4.882   0
  13.04077244  -6.128  -5.322  -5.143  -4.981   0
  13.04117775  -6.192  -5.412  -5.240  -5.089   0
  13.04154396  -6.256  -5.502  -5.338  -5.199   0
  13.04186821  -6.310  -5.582  -5.425  -5.295   0
  13.04215240  -6.364  -5.662  -5.513  -5.393   0
  13.04239559  -6.408  -5.730  -5.587  -5.476   0
  13.04274178  -6.469  -5.826  -5.691  -5.594   0
  13.04295826  -6.516  -5.900  -5.775  -5.689   0
  13.04321766  -6.559  -5.981  -5.864  -5.788   0
  13.04347706  -6.600  -6.073  -5.963  -5.898   0
  13.04373646  -6.639  -6.168  -6.066  -6.012   0
  13.04399586  -6.678  -6.272  -6.179  -6.139   0
  13.04416847  -6.702  -6.345  -6.260  -6.230   0
  13.04434204  -6.742  -6.407  -6.337  -6.330   0
  13.04451466  -6.768  -6.472  -6.416  -6.427   0
  13.04468727  -6.777  -6.550  -6.504  -6.529   0
  13.04486084  -6.767  -6.635  -6.599  -6.639   0
  13.04503345  -6.762  -6.687  -6.678  -6.752   0
  13.04520607  -6.709  -6.758  -6.765  -6.864   0
  13.04542255  -6.603  -6.770  -6.818  -6.973   0
  13.04550934  -6.535  -6.749  -6.827  -7.024   3
  13.04559517  -6.454  -6.693  -6.819  -7.074   0
  13.04568195  -6.363  -6.620  -6.804  -7.122   0
  13.04576874  -6.262  -6.528  -6.781  -7.169   0
  13.04585457  -6.136  -6.405  -6.743  -7.211   0
  13.04594135  -5.982  -6.263  -6.693  -7.246   0
  13.04598427  -5.839  -6.135  -6.642  -7.266   0
  13.04607105  -5.611  -5.952  -6.565  -7.279   0
  13.04615784  -5.254  -5.694  -6.449  -7.273   0
  13.04624367  -4.785  -5.391  -6.303  -7.242   0
  13.04633045  -4.299  -5.100  -6.147  -7.186   0
  13.04646015  -3.819  -4.808  -5.961  -7.086   0
  13.04654694  -3.559  -4.660  -5.869  -7.040   4
  13.04667282  -3.362  -4.595  -5.870  -7.093   0
  13.04673576  -3.268  -4.594  -5.909  -7.169   0
  13.04679871  -3.209  -4.627  -5.981  -7.276   0
  13.04686165  -3.226  -4.695  -6.073  -7.387   0
  13.04701900  -3.205  -4.765  -6.183  -7.531   0
  13.04815006  -3.196  -4.927  -6.422  -7.836   0
  13.05254269  -3.217  -4.980  -6.490  -7.916   2
  13.08809662  -3.220  -4.910  -6.388  -7.785   0
  13.12624741  -3.259  -4.862  -6.301  -7.663   0
  13.17869282  -3.429  -4.894  -6.271  -7.579   0
  13.20166397  -3.560  -4.950  -6.294  -7.572   0
  13.21643829  -3.873  -5.129  -6.414  -7.635   0
  13.22681808  -6.915  -7.119  -7.193  -7.387   3
  13.22930908  -7.097  -7.092  -7.099  -7.195   0
  13.23052406  -7.119  -7.012  -7.003  -7.075   0
  13.23218822  -7.107  -6.941  -6.901  -6.935   0
  13.23468685  -7.098  -6.826  -6.773  -6.789   0
  13.23802280  -7.060  -6.725  -6.656  -6.649   0
  13.24123478  -7.015  -6.661  -6.576  -6.546   0
  13.24774170  -6.978  -6.555  -6.460  -6.417   0
  13.25744343  -6.938  -6.457  -6.352  -6.296   0
  13.27038765  -6.902  -6.359  -6.247  -6.181   0
  13.28387547  -6.876  -6.288  -6.172  -6.098   0
  13.29758549  -6.862  -6.250  -6.131  -6.053   0
  13.31385517  -6.847  -6.212  -6.090  -6.008   0
  13.33334827  -6.830  -6.178  -6.051  -5.963   0
  13.35778904  -6.810  -6.150  -6.017  -5.921   0
  13.38714218  -6.797  -6.126  -5.988  -5.886   1
  13.43435287  -6.820  -6.150  -6.014  -5.913   0
  13.47088814  -6.901  -6.258  -6.135  -6.052   0
  13.50621033  -6.970  -6.395  -6.280  -6.210   0
  13.51852417  -7.008  -6.486  -6.376  -6.314   0
  13.52661705  -7.041  -6.564  -6.461  -6.406   0
  13.53343391  -7.078  -6.648  -6.552  -6.507   0
  13.53809643  -7.102  -6.718  -6.628  -6.592   0
  13.54209137  -7.133  -6.787  -6.708  -6.686   0
  13.54553413  -7.176  -6.848  -6.786  -6.788   0
  13.54823780  -7.191  -6.919  -6.867  -6.883   0
  13.55047894  -7.192  -6.991  -6.948  -6.977   0
  13.55193424  -7.186  -7.049  -7.013  -7.052   0
  13.55314636  -7.188  -7.075  -7.061  -7.126   0
  13.55427647  -7.172  -7.114  -7.117  -7.206   0
  13.55559444  -7.104  -7.163  -7.186  -7.303   0
  13.55666828  -6.993  -7.161  -7.220  -7.390   3
  13.55739403  -6.854  -7.090  -7.211  -7.462   0
  13.55790329  -6.707  -6.973  -7.180  -7.524   0
  13.55827904  -6.569  -6.849  -7.143  -7.571   0
  13.55857372  -6.420  -6.710  -7.097  -7.610   0
  13.55886841  -6.220  -6.530  -7.027  -7.641   0
  13.55908298  -6.004  -6.357  -6.954  -7.651   0
  13.55929756  -5.713  -6.143  -6.859  -7.650   0
  13.55948544  -5.327  -5.881  -6.732  -7.625   0
  13.55961895  -4.978  -5.659  -6.622  -7.596   0
  13.55972672  -4.691  -5.488  -6.525  -7.554   0
  13.55986023  -4.385  -5.303  -6.417  -7.504   0
  13.56004810  -4.063  -5.110  -6.291  -7.432   0
  13.56031609  -3.764  -4.934  -6.178  -7.370   0
  13.56036949  -3.693  -4.897  -6.157  -7.363   4
  13.56068707  -3.434  -4.908  -6.290  -7.602   0
  13.56097031  -3.363  -4.967  -6.408  -7.769   0
  13.56372643  -3.340  -5.065  -6.559  -7.967   0
  13.56520939  -3.341  -5.129  -6.651  -8.084   0
  13.56718731  -3.322  -5.184  -6.739  -8.202   0
  13.56979752  -3.272  -5.217  -6.807  -8.307   0
  13.57120800  -3.267  -5.241  -6.843  -8.357   0
