   0.15000001  15.217  13.648  12.068  10.124   0
   0.20000000  13.704  12.469  11.058   9.365   0
   0.25000000  12.885  11.780  10.449   8.864   0
   0.30000001  12.325  11.269   9.989   8.471   0
   0.34999999  11.880  10.859   9.617   8.149   0
   0.40000001  11.437  10.434   9.217   7.785   0
   0.44999999  11.041  10.069   8.888   7.502   0
   0.50000000  10.569   9.641   8.505   7.179   0
   0.55000001  10.017   9.152   8.073   6.824   0
   0.60000002   9.408   8.646   7.628   6.463   0
   0.69999999   7.947   7.522   6.663   5.711   0
   0.80000001   6.659   6.554   5.857   5.069   0
   0.88306576   5.853   5.900   5.314   4.619   0
   0.89999998   5.702   5.775   5.210   4.533   0
   1.00000000   4.958   5.097   4.632   4.044   0
   1.02402782   4.808   4.949   4.504   3.936   0
   1.10000002   4.362   4.504   4.117   3.611   0
   1.20000005   3.872   3.982   3.660   3.241   0
   1.29999995   3.450   3.500   3.250   2.943   0
   1.33191276   3.329   3.358   3.131   2.865   0
   1.39999998   3.086   3.077   2.900   2.715   0
   1.43789780   2.961   2.933   2.783   2.638   0
   1.50000000   2.766   2.732   2.623   2.530   0
   1.51042187   2.735   2.699   2.597   2.512   0
   1.60000002   2.475   2.463   2.408   2.378   0
   1.70000005   2.207   2.244   2.227   2.236   0
   1.79999995   1.966   2.059   2.069   2.100   0
   1.89999998   1.749   1.899   1.930   1.979   0
   2.00000000   1.548   1.752   1.800   1.862   0
   2.20000005   1.199   1.492   1.563   1.643   0
   2.50000000   0.761   1.157   1.250   1.351   0
   3.00000000   0.166   0.684   0.803   0.929   0
   3.50000000  -0.312   0.289   0.428   0.573   0
   4.00000000  -0.718  -0.054   0.101   0.262   0
   4.30314398  -0.933  -0.239  -0.076   0.094   0
   4.50000000  -1.066  -0.352  -0.184  -0.009   0
   5.00000000  -1.383  -0.623  -0.444  -0.256   0
   5.84867525  -1.876  -1.054  -0.858  -0.653   0
   6.00000000  -1.960  -1.128  -0.929  -0.721   0
   6.96541977  -2.460  -1.573  -1.359  -1.135   0
   7.00000000  -2.477  -1.589  -1.374  -1.150   0
   7.87928629  -2.909  -1.983  -1.758  -1.524   0
   8.61623573  -3.263  -2.311  -2.080  -1.838   0
   9.00000000  -3.458  -2.496  -2.262  -2.017   0
   9.73969650  -3.811  -2.832  -2.593  -2.344   0
  10.60573959  -4.281  -3.293  -3.054  -2.806   1
  11.24846458  -4.697  -3.719  -3.483  -3.243   0
  11.73145771  -5.083  -4.131  -3.904  -3.676   0
  11.92556477  -5.264  -4.325  -4.103  -3.882   0
  12.00000000  -5.329  -4.393  -4.172  -3.953   0
  12.00638866  -5.334  -4.398  -4.178  -3.959   0
  12.05262852  -5.353  -4.410  -4.188  -3.967   3
  12.08583164  -5.316  -4.340  -4.109  -3.875   0
  12.09020615  -5.321  -4.316  -4.076  -3.832   0
  12.09055805  -5.322  -4.314  -4.074  -3.829   0
  12.09220505  -5.311  -4.325  -4.091  -3.854   0
  12.09283257  -5.352  -4.382  -4.153  -3.923   0
  12.09349537  -5.426  -4.478  -4.255  -4.034   0
  12.09419632  -5.522  -4.602  -4.387  -4.177   0
  12.09466362  -5.595  -4.696  -4.488  -4.286   0
  12.09517002  -5.674  -4.800  -4.598  -4.404   0
  12.09559917  -5.743  -4.893  -4.697  -4.513   0
  12.09606647  -5.817  -4.994  -4.805  -4.630   0
  12.09645557  -5.884  -5.084  -4.903  -4.739   0
  12.09680653  -5.950  -5.174  -5.000  -4.847   0
  12.09719563  -6.016  -5.267  -5.101  -4.959   0
  12.09754658  -6.083  -5.364  -5.206  -5.076   0
  12.09785748  -6.139  -5.447  -5.297  -5.177   0
  12.09813023  -6.197  -5.534  -5.393  -5.285   0
  12.09836388  -6.241  -5.603  -5.467  -5.369   0
  12.09867764  -6.301  -5.699  -5.573  -5.488   0
  12.09887314  -6.344  -5.776  -5.658  -5.583   0
  12.09910870  -6.383  -5.860  -5.749  -5.685   0
  12.09934330  -6.421  -5.949  -5.847  -5.793   0
  12.09957886  -6.458  -6.043  -5.950  -5.908   0
  12.09981346  -6.491  -6.141  -6.058  -6.031   0
  12.09996986  -6.526  -6.197  -6.128  -6.121   0
  12.10012722  -6.553  -6.260  -6.204  -6.216   0
  12.10028362  -6.561  -6.333  -6.286  -6.311   0
  12.10044003  -6.552  -6.410  -6.372  -6.409   0
  12.10059738  -6.543  -6.466  -6.450  -6.514   0
  12.10075378  -6.505  -6.527  -6.528  -6.616   0
  12.10091019  -6.430  -6.561  -6.587  -6.713   0
  12.10110664  -6.309  -6.529  -6.609  -6.807   3
  12.10118484  -6.234  -6.473  -6.599  -6.852   0
  12.10126305  -6.149  -6.404  -6.585  -6.899   0
  12.10134125  -6.051  -6.311  -6.562  -6.945   0
  12.10142040  -5.938  -6.201  -6.528  -6.984   0
  12.10149860  -5.801  -6.072  -6.483  -7.018   0
  12.10157681  -5.640  -5.926  -6.426  -7.044   0
  12.10161591  -5.427  -5.754  -6.353  -7.055   0
  12.10169411  -5.151  -5.552  -6.263  -7.055   0
  12.10177231  -4.792  -5.309  -6.150  -7.037   0
  12.10185051  -4.370  -5.045  -6.014  -6.997   0
  12.10192966  -3.978  -4.811  -5.880  -6.938   0
  12.10204697  -3.547  -4.548  -5.708  -6.841   0
  12.10212517  -3.369  -4.450  -5.650  -6.816   0
  12.10227776  -3.111  -4.365  -5.648  -6.883   4
  12.10235405  -2.992  -4.372  -5.710  -6.995   0
  12.10242939  -2.923  -4.429  -5.822  -7.155   0
  12.10250568  -2.973  -4.543  -5.965  -7.320   0
  12.10269642  -3.003  -4.670  -6.136  -7.527   0
  12.10406590  -3.037  -4.776  -6.276  -7.696   0
  12.10938263  -3.046  -4.802  -6.308  -7.734   2
  12.14869404  -3.053  -4.734  -6.208  -7.603   0
  12.19087696  -3.088  -4.683  -6.117  -7.479   0
  12.24886227  -3.247  -4.705  -6.078  -7.386   0
  12.27425957  -3.399  -4.774  -6.112  -7.386   0
  12.29011726  -3.700  -4.946  -6.227  -7.445   0
  12.29710960  -5.798  -6.184  -6.837  -7.580   0
  12.29878902  -6.445  -6.723  -7.006  -7.424   0
  12.29960728  -6.638  -6.885  -7.025  -7.297   3
  12.30072880  -6.791  -6.950  -7.001  -7.160   0
  12.30241203  -6.893  -6.908  -6.913  -7.008   0
  12.30466080  -6.917  -6.812  -6.796  -6.860   0
  12.30682564  -6.908  -6.756  -6.717  -6.752   0
  12.31121159  -6.907  -6.656  -6.607  -6.628   0
  12.31775188  -6.892  -6.577  -6.518  -6.524   0
  12.32648087  -6.852  -6.508  -6.432  -6.414   0
  12.33557796  -6.821  -6.441  -6.352  -6.317   0
  12.34482861  -6.803  -6.381  -6.287  -6.243   0
  12.35580826  -6.780  -6.318  -6.217  -6.165   0
  12.36896801  -6.756  -6.254  -6.146  -6.086   0
  12.38547421  -6.734  -6.188  -6.075  -6.008   0
  12.40530682  -6.713  -6.127  -6.010  -5.936   0
  12.43722439  -6.700  -6.084  -5.964  -5.884   0
  12.46193886  -6.717  -6.109  -5.989  -5.911   1
  12.50585842  -6.777  -6.220  -6.107  -6.038   0
  12.52116966  -6.818  -6.313  -6.205  -6.145   0
  12.53123283  -6.854  -6.394  -6.293  -6.242   0
  12.53971100  -6.891  -6.481  -6.388  -6.347   0
  12.54550838  -6.917  -6.554  -6.468  -6.437   0
  12.55047607  -6.956  -6.617  -6.545  -6.533   0
  12.55475712  -6.991  -6.684  -6.626  -6.634   0
  12.55811977  -7.005  -6.757  -6.708  -6.730   0
  12.56090641  -7.001  -6.831  -6.790  -6.823   0
  12.56271648  -6.999  -6.877  -6.849  -6.898   0
  12.56422424  -7.003  -6.903  -6.897  -6.974   0
  12.56562996  -6.977  -6.953  -6.957  -7.048   0
  12.56726742  -6.907  -6.997  -7.023  -7.146   0
  12.56860352  -6.799  -6.987  -7.055  -7.236   3
  12.56950569  -6.674  -6.916  -7.048  -7.311   0
  12.57013893  -6.542  -6.808  -7.023  -7.373   0
  12.57060623  -6.418  -6.696  -6.991  -7.421   0
  12.57097340  -6.289  -6.574  -6.955  -7.461   0
  12.57133961  -6.105  -6.410  -6.893  -7.495   0
  12.57160664  -5.907  -6.250  -6.828  -7.511   0
  12.57187366  -5.648  -6.056  -6.746  -7.517   0
  12.57210636  -5.342  -5.842  -6.648  -7.508   0
  12.57227325  -5.016  -5.636  -6.549  -7.486   0
  12.57240677  -4.696  -5.442  -6.448  -7.453   0
  12.57257271  -4.354  -5.240  -6.335  -7.408   0
  12.57280636  -3.990  -5.016  -6.187  -7.321   0
  12.57313919  -3.634  -4.798  -6.038  -7.228   0
  12.57320595  -3.543  -4.750  -6.012  -7.220   4
  12.57353306  -3.261  -4.720  -6.094  -7.402   0
  12.57382298  -3.189  -4.785  -6.220  -7.580   0
  12.57665634  -3.158  -4.861  -6.345  -7.747   0
  12.57818031  -3.159  -4.937  -6.453  -7.885   0
  12.58021259  -3.129  -4.992  -6.547  -8.014   0
  12.58289623  -3.057  -5.024  -6.623  -8.133   0
  12.58434582  -3.056  -5.051  -6.662  -8.186   0
