   0.15000001  15.215  13.646  12.066  10.123   0
   0.20000000  13.697  12.463  11.054   9.361   0
   0.25000000  12.874  11.770  10.440   8.856   0
   0.30000001  12.311  11.256   9.977   8.459   0
   0.34999999  11.865  10.844   9.603   8.136   0
   0.40000001  11.433  10.430   9.214   7.782   0
   0.44999999  11.036  10.064   8.883   7.498   0
   0.50000000  10.561   9.634   8.498   7.173   0
   0.55000001  10.006   9.142   8.064   6.816   0
   0.60000002   9.391   8.631   7.615   6.451   0
   0.69999999   7.912   7.495   6.639   5.690   0
   0.80000001   6.607   6.513   5.822   5.038   0
   0.89999998   5.635   5.713   5.155   4.484   0
   0.96366090   5.138   5.262   4.771   4.158   0
   1.00000000   4.882   5.020   4.564   3.983   0
   1.10000002   4.279   4.416   4.034   3.535   0
   1.20000005   3.771   3.871   3.557   3.148   0
   1.28403652   3.394   3.441   3.190   2.882   0
   1.29999995   3.328   3.365   3.125   2.836   0
   1.34648311   3.142   3.147   2.942   2.712   0
   1.39999998   2.942   2.920   2.756   2.586   0
   1.41078293   2.901   2.874   2.718   2.560   0
   1.46494985   2.708   2.670   2.550   2.440   0
   1.47428167   2.678   2.639   2.525   2.421   0
   1.50000000   2.594   2.553   2.454   2.369   0
   1.55436730   2.415   2.381   2.309   2.254   0
   1.60000002   2.272   2.250   2.196   2.160   0
   1.62781703   2.187   2.173   2.128   2.103   0
   1.70000005   1.971   1.982   1.957   1.952   0
   1.77099383   1.766   1.801   1.793   1.802   0
   1.79999995   1.682   1.727   1.724   1.738   0
   1.88649952   1.439   1.514   1.526   1.551   0
   1.89999998   1.402   1.480   1.494   1.520   0
   1.98044622   1.181   1.283   1.308   1.340   0
   2.00000000   1.127   1.233   1.260   1.293   0
   2.06280994   0.958   1.073   1.106   1.142   0
   2.13112354   0.772   0.891   0.927   0.963   0
   2.18921924   0.612   0.725   0.762   0.796   0
   2.20000005   0.582   0.692   0.729   0.762   1
   2.24320960   0.464   0.564   0.600   0.630   0
   2.28926849   0.336   0.416   0.448   0.472   0
   2.32955933   0.227   0.281   0.305   0.320   0
   2.36536050   0.130   0.154   0.169   0.173   0
   2.38173699   0.085   0.093   0.104   0.102   0
   2.39712977   0.038   0.035   0.043   0.036   0
   2.40663838   0.004  -0.001   0.007   0.001   0
   2.41413808  -0.032  -0.027  -0.015  -0.019   0
   2.41939855  -0.073  -0.041  -0.021  -0.016   3
   2.42296672  -0.136  -0.045  -0.006   0.018   0
   2.42396736  -0.190  -0.046   0.006   0.043   0
   2.42453098  -0.262  -0.059   0.006   0.056   0
   2.42458534  -0.247  -0.047   0.017   0.067   0
   2.42473960  -0.155  -0.001   0.054   0.093   0
   2.42492104  -0.152  -0.053  -0.012   0.013   0
   2.42517638  -0.216  -0.172  -0.145  -0.136   0
   2.42553639  -0.256  -0.273  -0.266  -0.280   0
   2.42588806  -0.262  -0.328  -0.343  -0.381   0
   2.42616749  -0.255  -0.349  -0.384  -0.447   0
   2.42656779  -0.232  -0.360  -0.427  -0.527   0
   2.42703342  -0.190  -0.330  -0.445  -0.607   3
   2.42737913  -0.150  -0.282  -0.442  -0.660   0
   2.42774439  -0.096  -0.210  -0.424  -0.711   0
   2.42812634  -0.025  -0.110  -0.386  -0.756   0
   2.42851973   0.077   0.021  -0.326  -0.790   0
   2.42892075   0.222   0.184  -0.244  -0.802   0
   2.42932558   0.410   0.362  -0.141  -0.776   0
   2.42972851   0.633   0.558  -0.011  -0.704   0
   2.43012977   0.881   0.775   0.146  -0.597   0
   2.43072653   1.198   1.015   0.307  -0.500   4
   2.43140864   1.217   0.962   0.195  -0.660   0
   2.43195987   1.158   0.861   0.066  -0.811   0
   2.43261552   1.077   0.747  -0.069  -0.962   0
   2.43323326   1.006   0.648  -0.186  -1.094   0
   2.43388796   0.928   0.541  -0.312  -1.235   0
   2.43456221   0.850   0.432  -0.442  -1.380   0
   2.43519640   0.780   0.331  -0.560  -1.513   0
   2.43585396   0.699   0.222  -0.682  -1.646   0
   2.43652773   0.637   0.123  -0.802  -1.782   0
   2.43718553   0.571   0.021  -0.923  -1.919   0
   2.43779063   0.513  -0.071  -1.034  -2.045   0
   2.43840861   0.462  -0.158  -1.141  -2.168   0
   2.43885159   0.434  -0.210  -1.206  -2.242   2
   2.43921494   0.461  -0.157  -1.139  -2.165   0
   2.43964839   0.492  -0.099  -1.067  -2.081   0
   2.44047379   0.533  -0.034  -0.987  -1.991   0
   2.44224644   0.593   0.064  -0.869  -1.856   0
   2.44394708   0.644   0.153  -0.759  -1.729   0
   2.44537950   0.715   0.253  -0.645  -1.603   0
   2.44698787   0.792   0.367  -0.510  -1.451   0
   2.44885445   0.889   0.503  -0.349  -1.271   0
   2.45104289   0.987   0.640  -0.186  -1.088   0
   2.45451403   1.092   0.792  -0.003  -0.881   0
   2.46305060   1.085   0.859   0.115  -0.721   4
   2.50000000   0.798   0.600  -0.110  -0.919   0
   2.53615642   0.555   0.365  -0.332  -1.129   0
   2.57266831   0.305   0.121  -0.561  -1.346   1
   2.61557508   0.112  -0.087  -0.778  -1.571   0
   2.65393829   0.328   0.010  -0.786  -1.662   0
   2.65783310   0.396   0.003  -0.847  -1.765   0
   2.65817642   0.366  -0.071  -0.951  -1.892   0
   2.65820789   0.356  -0.087  -0.972  -1.917   0
   2.65831494   0.304  -0.188  -1.099  -2.066   0
   2.65842032   0.240  -0.302  -1.240  -2.229   0
   2.66126418   0.104  -0.556  -1.559  -2.598   0
   2.66166854   0.069  -0.655  -1.693  -2.759   0
   2.66206670   0.017  -0.765  -1.829  -2.919   0
   2.66246295  -0.011  -0.856  -1.951  -3.066   0
   2.66286063  -0.055  -0.960  -2.083  -3.222   0
   2.66325331  -0.084  -1.066  -2.227  -3.395   0
   2.66357803  -0.121  -1.171  -2.363  -3.558   0
   2.66386890  -0.144  -1.266  -2.490  -3.714   0
   2.66419196  -0.143  -1.364  -2.633  -3.896   0
   2.66449618  -0.150  -1.466  -2.776  -4.076   0
   2.66469741  -0.150  -1.562  -2.914  -4.250   0
   2.66482806  -0.136  -1.629  -3.015  -4.385   0
   2.66494632  -0.118  -1.683  -3.100  -4.502   0
   2.66504908  -0.083  -1.724  -3.175  -4.609   0
   2.66515970  -0.039  -1.778  -3.269  -4.744   0
   2.66528392   0.021  -1.833  -3.374  -4.896   0
   2.66534233   0.008  -1.860  -3.412  -4.955   0
   2.66536832  -0.015  -1.886  -3.453  -5.035   0
   2.66539288  -0.017  -1.884  -3.464  -5.086   0
   2.66540813  -0.020  -1.885  -3.470  -5.104   0
   2.66542721  -0.024  -1.887  -3.476  -5.126   0
   2.66544223  -0.028  -1.889  -3.482  -5.143   0
   2.66546130  -0.033  -1.892  -3.489  -5.165   0
   2.66548038  -0.039  -1.894  -3.496  -5.187   0
   2.66549921  -0.046  -1.897  -3.503  -5.209   0
   2.66551828  -0.053  -1.900  -3.510  -5.231   0
   2.66553736  -0.061  -1.904  -3.518  -5.253   0
   2.66555619  -0.069  -1.907  -3.525  -5.275   0
   2.66557527  -0.078  -1.911  -3.532  -5.297   0
   2.66559434  -0.088  -1.915  -3.540  -5.319   0
   2.66561341  -0.098  -1.920  -3.547  -5.341   0
   2.66563225  -0.108  -1.924  -3.555  -5.362   0
   2.66565108  -0.120  -1.929  -3.562  -5.384   0
   2.66566563  -0.129  -1.933  -3.568  -5.401   0
   2.66569734  -0.140  -1.935  -3.574  -5.422   0
   2.66578126  -0.166  -1.946  -3.589  -5.465   0
   2.66586471  -0.184  -1.951  -3.596  -5.491   2
   2.66594744  -0.197  -1.949  -3.593  -5.510   0
   2.66602945  -0.210  -1.947  -3.591  -5.530   0
   2.66611075  -0.224  -1.945  -3.588  -5.549   0
   2.66619158  -0.237  -1.943  -3.585  -5.568   0
   2.66627169  -0.251  -1.942  -3.582  -5.587   0
   2.66635108  -0.265  -1.940  -3.580  -5.607   0
   2.66642976  -0.279  -1.938  -3.577  -5.626   0
   2.66650772  -0.294  -1.937  -3.574  -5.645   0
   2.66658521  -0.308  -1.935  -3.572  -5.664   0
   2.66666174  -0.325  -1.935  -3.570  -5.683   0
   2.66673779  -0.351  -1.939  -3.570  -5.703   0
   2.66681314  -0.375  -1.943  -3.570  -5.723   0
   2.66688776  -0.398  -1.946  -3.570  -5.743   0
   2.66696191  -0.419  -1.948  -3.569  -5.763   0
   2.66703534  -0.439  -1.949  -3.568  -5.782   0
   2.66710782  -0.458  -1.949  -3.566  -5.801   0
   2.66717982  -0.475  -1.949  -3.564  -5.819   0
   2.66723704  -0.487  -1.948  -3.561  -5.834   0
   2.66729355  -0.499  -1.947  -3.559  -5.848   0
   2.66735005  -0.510  -1.945  -3.556  -5.863   0
   2.66740608  -0.520  -1.943  -3.553  -5.877   0
   2.66746187  -0.529  -1.940  -3.549  -5.891   0
   2.66751719  -0.537  -1.936  -3.545  -5.905   0
   2.66757250  -0.544  -1.932  -3.541  -5.918   0
   2.66762757  -0.551  -1.928  -3.536  -5.932   0
   2.66768217  -0.556  -1.923  -3.532  -5.944   0
   2.66773677  -0.556  -1.911  -3.519  -5.953   0
   2.66779089  -0.553  -1.895  -3.501  -5.959   0
   2.66784501  -0.550  -1.878  -3.482  -5.964   0
   2.66789913  -0.547  -1.861  -3.464  -5.969   0
   2.66796637  -0.543  -1.841  -3.441  -5.976   0
   2.66803360  -0.539  -1.820  -3.418  -5.982   0
   2.66810060  -0.535  -1.800  -3.395  -5.988   0
   2.66816759  -0.531  -1.779  -3.373  -5.994   0
   2.66823483  -0.526  -1.759  -3.350  -6.000   0
   2.66830182  -0.521  -1.738  -3.327  -6.005   0
   2.66836572  -0.516  -1.718  -3.305  -6.009   0
   2.66843295  -0.508  -1.695  -3.279  -6.011   0
   2.66849780  -0.495  -1.665  -3.248  -6.007   0
   2.66852427  -0.482  -1.645  -3.226  -5.999   0
   2.66853619  -0.469  -1.628  -3.209  -5.990   0
   2.66854167  -0.457  -1.612  -3.192  -5.979   0
   2.66854405  -0.443  -1.596  -3.175  -5.967   0
   2.66854620  -0.429  -1.579  -3.158  -5.955   1
   2.66854835  -0.414  -1.561  -3.140  -5.941   0
   2.66855025  -0.398  -1.542  -3.121  -5.927   0
   2.66855240  -0.381  -1.522  -3.100  -5.912   0
   2.66855431  -0.362  -1.499  -3.077  -5.895   0
   2.66855645  -0.341  -1.475  -3.052  -5.877   0
   2.66855907  -0.318  -1.447  -3.024  -5.857   0
