   0.15000001  15.218  13.648  12.068  10.124   0
   0.20000000  13.704  12.469  11.059   9.365   0
   0.25000000  12.885  11.780  10.449   8.864   0
   0.30000001  12.325  11.270   9.989   8.471   0
   0.34999999  11.880  10.859   9.617   8.150   0
   0.40000001  11.437  10.434   9.218   7.785   0
   0.44999999  11.041  10.069   8.888   7.503   0
   0.50000000  10.569   9.642   8.505   7.179   0
   0.55000001  10.017   9.152   8.073   6.824   0
   0.60000002   9.409   8.647   7.629   6.463   0
   0.69999999   7.949   7.524   6.664   5.712   0
   0.80000001   6.662   6.557   5.860   5.071   0
   0.89999998   5.706   5.779   5.214   4.537   0
   1.00000000   4.963   5.102   4.638   4.049   0
   1.10000002   4.367   4.510   4.122   3.616   0
   1.20000005   3.877   3.987   3.665   3.246   0
   1.29999995   3.452   3.502   3.253   2.948   0
   1.39999998   3.086   3.077   2.901   2.717   0
   1.50000000   2.769   2.735   2.627   2.534   0
   1.60000002   2.473   2.461   2.408   2.379   0
   1.70000005   2.204   2.243   2.226   2.236   0
   1.79999995   1.963   2.059   2.069   2.102   0
   1.89999998   1.752   1.905   1.937   1.987   0
   2.00000000   1.549   1.758   1.807   1.870   0
   2.20000005   1.212   1.510   1.582   1.663   0
   2.50000000   0.782   1.185   1.279   1.382   0
   2.56695223   0.696   1.118   1.216   1.322   0
   3.00000000   0.203   0.729   0.850   0.978   0
   3.50000000  -0.257   0.354   0.495   0.644   0
   4.00000000  -0.643   0.033   0.190   0.356   0
   4.50000000  -0.975  -0.248  -0.078   0.102   0
   5.00000000  -1.261  -0.489  -0.307  -0.115   0
   6.00000000  -1.782  -0.939  -0.738  -0.526   0
   7.00000000  -2.222  -1.325  -1.108  -0.879   0
   8.99634647  -2.962  -1.985  -1.746  -1.494   1
   9.00000000  -2.963  -1.986  -1.748  -1.495   0
  12.00000000  -3.828  -2.768  -2.505  -2.224   0
  15.00000000  -4.522  -3.405  -3.125  -2.829   0
  15.29536057  -4.578  -3.457  -3.176  -2.880   0
  20.00000000  -5.392  -4.227  -3.938  -3.640   1
  20.21897888  -5.421  -4.255  -3.966  -3.669   0
  25.30533600  -6.083  -4.908  -4.617  -4.319   1
  29.41314697  -6.632  -5.462  -5.173  -4.877   0
  30.00000000  -6.719  -5.552  -5.263  -4.967   0
  32.86521530  -7.069  -5.917  -5.632  -5.336   0
  36.73819351  -7.655  -6.542  -6.276  -6.002   0
  38.45788574  -7.948  -6.879  -6.630  -6.378   0
  39.68217468  -8.206  -7.156  -6.924  -6.693   0
  39.72660065  -8.206  -7.152  -6.919  -6.687   0
  39.95370865  -8.165  -7.096  -6.855  -6.611   0
  39.98385239  -8.105  -7.030  -6.778  -6.521   0
  39.99265289  -8.081  -7.001  -6.745  -6.482   0
  40.00000000  -8.112  -7.037  -6.785  -6.528   0
  40.00839615  -8.140  -7.069  -6.822  -6.570   0
  40.00901031  -8.148  -7.077  -6.830  -6.580   1
  40.01624680  -8.255  -7.187  -6.949  -6.709   0
  40.02201080  -8.334  -7.282  -7.050  -6.819   0
  40.02752686  -8.386  -7.360  -7.133  -6.908   0
  40.03267670  -8.434  -7.435  -7.213  -6.995   0
  40.03745651  -8.484  -7.512  -7.295  -7.084   0
  40.04174805  -8.534  -7.592  -7.381  -7.177   0
  40.04652786  -8.598  -7.692  -7.488  -7.293   0
  40.04971313  -8.662  -7.772  -7.575  -7.391   0
  40.05387878  -8.794  -7.888  -7.710  -7.550   0
  40.05878067  -8.877  -8.032  -7.862  -7.714   0
  40.06380463  -8.973  -8.200  -8.041  -7.910   0
  40.06895065  -9.083  -8.387  -8.243  -8.133   0
  40.07458496  -9.240  -8.584  -8.472  -8.402   0
  40.07899094  -9.306  -8.788  -8.680  -8.618   0
  40.08425903  -9.397  -9.005  -8.915  -8.878   0
  40.08768845  -9.469  -9.134  -9.067  -9.061   0
  40.09001541  -9.501  -9.216  -9.162  -9.176   0
  40.09172821  -9.513  -9.289  -9.244  -9.269   0
  40.09478760  -9.519  -9.390  -9.365  -9.418   0
  40.09626007  -9.532  -9.418  -9.417  -9.498   0
  40.09919739  -9.513  -9.449  -9.502  -9.639   0
  40.10213470  -9.457  -9.533  -9.588  -9.736   0
  40.10507202  -9.398  -9.520  -9.626  -9.821   0
  40.10788727  -9.320  -9.510  -9.636  -9.877   0
  40.11082458  -9.236  -9.484  -9.637  -9.928   3
  40.11510849  -9.128  -9.415  -9.628  -9.988   0
  40.12086105  -8.996  -9.310  -9.612 -10.052   0
  40.12795639  -8.867  -9.212  -9.595 -10.104   0
  40.14067841  -8.716  -9.111  -9.575 -10.150   0
  40.16550446  -8.606  -9.032  -9.554 -10.176   2
  40.19108963  -8.667  -9.076  -9.564 -10.159   0
  40.21517563  -8.912  -9.240  -9.593 -10.079   0
  40.22419357  -9.040  -9.345  -9.611 -10.020   0
  40.23828125  -9.152  -9.427  -9.621  -9.959   0
  40.24977493  -9.260  -9.493  -9.627  -9.896   3
  40.25731277  -9.336  -9.501  -9.622  -9.847   0
  40.26374435  -9.371  -8.910  -8.809  -8.758   0
  40.26596832  -9.321  -8.798  -8.690  -8.628   0
  40.27276611  -9.286  -8.702  -8.590  -8.523   0
  40.29094315  -9.254  -8.596  -8.484  -8.414   0
  40.32706451  -9.200  -8.503  -8.383  -8.301   0
  40.36790466  -9.121  -8.435  -8.295  -8.190   0
  40.40010071  -9.042  -8.303  -8.151  -8.029   0
  40.42090988  -8.980  -8.193  -8.032  -7.897   0
  40.47085571  -8.771  -7.871  -7.684  -7.512   0
  40.55098724  -8.658  -7.759  -7.556  -7.362   0
  40.63009262  -8.605  -7.673  -7.463  -7.261   0
  40.72370911  -8.554  -7.588  -7.372  -7.162   0
  40.83588791  -8.529  -7.544  -7.325  -7.111   0
  41.35732651  -8.517  -7.513  -7.290  -7.071   0
  41.78874969  -8.506  -7.487  -7.262  -7.039   0
  42.14058304  -8.510  -7.485  -7.259  -7.035   0
  42.44133759  -8.521  -7.496  -7.269  -7.044   0
  42.68935776  -8.535  -7.511  -7.284  -7.060   1
  42.89181519  -8.548  -7.526  -7.300  -7.076   0
  43.07028198  -8.557  -7.537  -7.311  -7.088   0
  43.20311737  -8.566  -7.549  -7.324  -7.102   0
  43.31595993  -8.578  -7.568  -7.343  -7.123   0
  43.41775131  -8.590  -7.586  -7.363  -7.144   0
  43.49024200  -8.612  -7.622  -7.402  -7.186   0
  43.54162216  -8.635  -7.660  -7.443  -7.231   0
  43.61177444  -8.647  -7.686  -7.471  -7.263   0
  43.64228058  -8.674  -7.734  -7.522  -7.319   0
  43.66633606  -8.703  -7.784  -7.577  -7.378   0
  43.68573761  -8.735  -7.837  -7.635  -7.442   0
  43.69919205  -8.784  -7.892  -7.697  -7.513   0
  43.71032333  -8.856  -7.954  -7.770  -7.601   0
  43.71976852  -8.911  -8.016  -7.840  -7.681   0
  43.72779465  -8.947  -8.084  -7.912  -7.760   0
  43.73439789  -8.984  -8.154  -7.987  -7.842   0
  43.73996353  -9.026  -8.230  -8.068  -7.931   0
  43.74423599  -9.063  -8.299  -8.142  -8.013   0
  43.74850845  -9.103  -8.371  -8.220  -8.099   0
  43.75291061  -9.141  -8.437  -8.292  -8.180   0
  43.75718307  -9.183  -8.495  -8.358  -8.256   0
  43.76145554  -9.235  -8.540  -8.417  -8.332   0
  43.76728439  -9.282  -8.591  -8.479  -8.408   0
  43.77453613  -9.299  -8.661  -8.549  -8.480   0
  43.78321457  -9.316  -8.729  -8.618  -8.550   0
  43.79059982  -9.332  -8.788  -8.678  -8.615   0
  43.79798126  -9.347  -8.845  -8.738  -8.677   0
  43.80549622  -9.364  -8.895  -8.793  -8.739   0
  43.83283997  -9.336  -8.907  -8.812  -8.767   0
  43.83439636  -9.405  -8.921  -8.816  -8.760   3
  43.83452606  -9.409  -8.884  -8.775  -8.713   0
  43.93750763  -9.355  -8.839  -8.730  -8.669   0
  43.97891617  -9.347  -8.795  -8.685  -8.620   0
  44.02320862  -9.323  -8.712  -8.600  -8.531   0
  44.04062271  -9.295  -8.627  -8.515  -8.445   0
  44.06154633  -9.244  -8.546  -8.428  -8.349   0
  44.06375504  -9.187  -8.497  -8.364  -8.266   0
  44.06505585  -9.138  -8.438  -8.294  -8.183   0
  44.06583786  -9.081  -8.341  -8.188  -8.065   0
  44.06635666  -8.976  -8.155  -7.988  -7.846   0
  44.06700516  -8.679  -7.773  -7.569  -7.374   0
  44.06752777  -8.862  -7.954  -7.775  -7.613   2
  44.06856537  -8.410  -7.345  -7.110  -6.875   1
  44.06947708  -8.607  -7.656  -7.443  -7.236   0
  44.07038498  -8.287  -7.216  -6.968  -6.717   0
  44.07116699  -8.470  -7.438  -7.210  -6.984   0
  44.07194519  -8.376  -7.308  -7.069  -6.829   0
  44.07285690  -8.448  -7.400  -7.169  -6.939   0
  44.07415771  -8.307  -7.237  -6.991  -6.741   0
  44.08494568  -8.192  -7.108  -6.849  -6.582   0
  44.10770416  -8.127  -7.015  -6.749  -6.476   0
  44.14139938  -8.086  -6.959  -6.689  -6.412   0
  44.19202805  -8.005  -6.871  -6.596  -6.312   0
  44.24099731  -7.922  -6.778  -6.497  -6.206   0
  44.29221344  -7.838  -6.682  -6.396  -6.100   0
  44.32507324  -7.764  -6.597  -6.308  -6.012   0
  44.37399292  -7.658  -6.481  -6.187  -5.887   0
  44.40597153  -7.567  -6.384  -6.087  -5.782   0
  44.43730927  -7.470  -6.278  -5.979  -5.675   0
  44.46983337  -7.374  -6.176  -5.874  -5.568   0
  44.51335144  -7.240  -6.036  -5.729  -5.419   0
  44.55702591  -7.017  -5.801  -5.490  -5.176   0
  44.59640121  -6.863  -5.642  -5.327  -5.011   0
  44.63671494  -6.717  -5.488  -5.172  -4.857   1
  44.67678833  -6.647  -5.409  -5.099  -4.794   0
  44.71491241  -6.568  -5.322  -5.015  -4.715   0
  44.75122070  -6.450  -5.200  -4.891  -4.586   0
  44.78754807  -6.351  -5.099  -4.786  -4.479   0
  44.82178879  -6.156  -4.899  -4.582  -4.270   0
  44.85381317  -5.981  -4.720  -4.399  -4.082   0
  44.88624191  -5.872  -4.608  -4.285  -3.965   0
  44.91684723  -5.769  -4.503  -4.178  -3.856   0
  44.97059631  -5.679  -4.411  -4.084  -3.760   0
  45.04714203  -5.561  -4.291  -3.962  -3.635   0
  45.13455963  -5.460  -4.189  -3.857  -3.529   0
  45.23328018  -5.358  -4.085  -3.752  -3.421   0
  45.32485962  -5.255  -3.980  -3.645  -3.312   0
  45.41455460  -5.144  -3.868  -3.531  -3.197   0
  45.42671967  -5.135  -3.859  -3.522  -3.187   4
  45.45845032  -5.203  -3.927  -3.591  -3.257   0
  45.46440125  -5.273  -3.998  -3.663  -3.330   0
  45.46731186  -5.349  -4.075  -3.741  -3.410   0
  45.46969223  -5.422  -4.149  -3.816  -3.486   0
  45.47220230  -5.510  -4.239  -3.907  -3.579   0
  45.47472000  -5.633  -4.364  -4.034  -3.708   0
  45.47736359  -5.756  -4.489  -4.162  -3.839   0
  45.47881699  -5.845  -4.580  -4.255  -3.934   0
  45.48014069  -5.937  -4.673  -4.350  -4.031   0
  45.48159790  -6.083  -4.823  -4.503  -4.187   0
  45.48305130  -6.242  -4.986  -4.669  -4.357   0
  45.48530197  -6.560  -5.311  -5.002  -4.699   0
  45.48768234  -6.780  -5.549  -5.234  -4.922   1
  45.48979950  -7.019  -5.801  -5.487  -5.172   0
  45.49204636  -7.398  -6.197  -5.893  -5.585   0
  45.49442673  -7.637  -6.452  -6.154  -5.850   0
