   0.15000001  15.218  13.648  12.068  10.124   0
   0.20000000  13.704  12.469  11.059   9.365   0
   0.25000000  12.885  11.780  10.449   8.864   0
   0.30000001  12.325  11.270   9.989   8.471   0
   0.34999999  11.880  10.859   9.617   8.150   0
   0.40000001  11.437  10.434   9.218   7.785   0
   0.44999999  11.041  10.069   8.888   7.503   0
   0.50000000  10.569   9.642   8.505   7.179   0
   0.55000001  10.017   9.152   8.073   6.824   0
   0.60000002   9.409   8.647   7.629   6.463   0
   0.69999999   7.949   7.524   6.664   5.712   0
   0.80000001   6.662   6.557   5.860   5.071   0
   0.89999998   5.706   5.779   5.214   4.537   0
   1.00000000   4.964   5.103   4.638   4.049   0
   1.10000002   4.367   4.510   4.122   3.616   0
   1.20000005   3.877   3.987   3.665   3.246   0
   1.29999995   3.452   3.502   3.253   2.948   0
   1.39999998   3.086   3.077   2.901   2.717   0
   1.50000000   2.769   2.735   2.627   2.535   0
   1.60000002   2.473   2.461   2.408   2.379   0
   1.70000005   2.203   2.243   2.226   2.236   0
   1.79999995   1.963   2.058   2.068   2.101   0
   1.89999998   1.752   1.905   1.937   1.987   0
   2.00000000   1.548   1.757   1.807   1.870   0
   2.20000005   1.212   1.511   1.583   1.664   0
   2.50000000   0.783   1.186   1.280   1.383   0
   2.69535708   0.541   0.997   1.102   1.216   0
   3.00000000   0.204   0.731   0.851   0.980   0
   3.50000000  -0.255   0.357   0.497   0.646   0
   4.00000000  -0.640   0.036   0.193   0.359   0
   4.50000000  -0.972  -0.244  -0.074   0.106   0
   5.00000000  -1.256  -0.484  -0.302  -0.110   0
   6.00000000  -1.776  -0.932  -0.731  -0.518   0
   7.00000000  -2.213  -1.314  -1.098  -0.869   0
   9.00000000  -2.947  -1.969  -1.730  -1.477   0
   9.56341362  -3.122  -2.127  -1.884  -1.625   0
  12.00000000  -3.803  -2.743  -2.479  -2.199   0
  15.00000000  -4.485  -3.368  -3.088  -2.792   0
  16.68691826  -4.792  -3.653  -3.368  -3.069   0
  20.00000000  -5.324  -4.158  -3.868  -3.570   0
  22.54172134  -5.632  -4.457  -4.165  -3.866   0
  28.21239281  -6.286  -5.107  -4.812  -4.509   1
  30.00000000  -6.499  -5.320  -5.026  -4.724   0
  32.58004379  -6.753  -5.576  -5.283  -4.983   0
  37.77597809  -7.333  -6.177  -5.890  -5.594   0
  40.00000000  -7.631  -6.494  -6.216  -5.928   0
  42.44165039  -7.919  -6.797  -6.530  -6.255   0
  45.14990234  -8.386  -7.327  -7.094  -6.861   0
  47.20102310  -8.466  -7.400  -7.165  -6.929   3
  47.26303101  -8.465  -7.399  -7.163  -6.927   0
  47.65263748  -8.416  -7.346  -7.102  -6.855   0
  47.71397018  -8.329  -7.247  -6.989  -6.723   0
  47.73344421  -8.305  -7.207  -6.943  -6.672   0
  47.75245285  -8.360  -7.278  -7.021  -6.756   0
  47.75310898  -8.365  -7.284  -7.027  -6.762   0
  47.76084518  -8.443  -7.370  -7.120  -6.865   0
  47.76700592  -8.524  -7.455  -7.212  -6.967   0
  47.77289963  -8.604  -7.537  -7.302  -7.067   0
  47.77840424  -8.648  -7.605  -7.375  -7.147   0
  47.78351212  -8.697  -7.684  -7.459  -7.238   0
  47.78809738  -8.751  -7.768  -7.549  -7.335   0
  47.79320526  -8.827  -7.888  -7.677  -7.474   0
  47.79660797  -8.888  -7.982  -7.777  -7.583   0
  47.80106354  -9.022  -8.121  -7.935  -7.763   0
  47.80630112  -9.161  -8.313  -8.143  -7.994   0
  47.81166840  -9.293  -8.543  -8.388  -8.263   0
  47.81716537  -9.511  -8.820  -8.708  -8.637   0
  47.82318878  -9.674  -9.273  -9.181  -9.142   0
  47.82789993  -9.796  -9.552  -9.504  -9.526   0
  47.83352661  -9.811  -9.690  -9.678  -9.746   0
  47.83719254  -9.809  -9.720  -9.755  -9.873   0
  47.83967590  -9.788  -9.752  -9.805  -9.944   0
  47.84151077  -9.764  -9.795  -9.847  -9.990   1
  47.84477997  -9.725  -9.819  -9.893 -10.060   0
  47.84635162  -9.702  -9.815  -9.911 -10.097   0
  47.84949112  -9.637  -9.808  -9.929 -10.159   0
  47.85263062  -9.571  -9.803  -9.937 -10.205   0
  47.85577011  -9.500  -9.762  -9.936 -10.251   0
  47.85877991  -9.439  -9.724  -9.934 -10.289   0
  47.86191559  -9.377  -9.679  -9.930 -10.326   0
  47.86649323  -9.304  -9.620  -9.925 -10.368   0
  47.87263870  -9.224  -9.557  -9.920 -10.413   0
  47.88022232  -9.135  -9.499  -9.914 -10.449   0
  47.89381790  -9.044  -9.441  -9.909 -10.487   0
  47.92034531  -8.968  -9.391  -9.907 -10.525   0
  48.00965500  -9.120  -9.501  -9.942 -10.499   3
  48.03895950  -9.688  -9.141  -9.031  -8.967   0
  48.04993439  -9.631  -8.953  -8.842  -8.771   0
  48.06707382  -9.508  -8.822  -8.683  -8.577   0
  48.08105850  -9.439  -8.709  -8.559  -8.439   0
  48.09023285  -9.401  -8.644  -8.489  -8.362   0
  48.09805679  -8.962  -8.019  -7.807  -7.602   0
  48.10076141  -8.921  -7.956  -7.741  -7.531   0
  48.10903549  -8.885  -7.901  -7.682  -7.468   0
  48.13114929  -8.841  -7.832  -7.608  -7.388   0
  48.17510223  -8.795  -7.760  -7.531  -7.304   0
  48.22479630  -8.754  -7.693  -7.459  -7.226   0
  48.26397324  -8.662  -7.593  -7.349  -7.103   0
  48.28929138  -8.589  -7.514  -7.263  -7.006   0
  48.35006714  -8.448  -7.327  -7.060  -6.786   0
  48.44757462  -8.338  -7.204  -6.928  -6.643   0
  48.54382706  -8.240  -7.092  -6.810  -6.517   0
  48.65774536  -8.129  -6.964  -6.676  -6.380   0
  48.79425430  -8.005  -6.827  -6.534  -6.233   0
  49.42880249  -7.529  -6.322  -6.014  -5.703   0
  49.95384979  -7.238  -6.018  -5.704  -5.388   0
  50.38206100  -7.122  -5.897  -5.581  -5.263   0
  50.74811935  -7.083  -5.855  -5.539  -5.223   1
  51.05001068  -7.068  -5.835  -5.522  -5.211   0
  51.29644775  -7.049  -5.812  -5.501  -5.194   0
  51.51369095  -7.016  -5.774  -5.467  -5.166   0
  51.67538452  -6.949  -5.702  -5.395  -5.094   0
  51.81275177  -6.873  -5.624  -5.315  -5.010   0
  51.93666077  -6.810  -5.559  -5.248  -4.942   0
  52.02490997  -6.782  -5.530  -5.218  -4.911   0
  52.08745956  -6.769  -5.517  -5.205  -4.898   0
  52.17285919  -6.728  -5.476  -5.162  -4.855   0
  52.21000290  -6.730  -5.478  -5.165  -4.857   0
  52.23928070  -6.738  -5.486  -5.174  -4.867   0
  52.26290131  -6.752  -5.501  -5.189  -4.883   0
  52.27928543  -6.771  -5.520  -5.209  -4.904   0
  52.29283142  -6.794  -5.544  -5.234  -4.929   0
  52.30433273  -6.820  -5.571  -5.262  -4.958   0
  52.31410217  -6.850  -5.603  -5.294  -4.992   0
  52.32213974  -6.883  -5.637  -5.329  -5.028   0
  52.32891464  -6.919  -5.674  -5.368  -5.068   0
  52.33411789  -6.943  -5.700  -5.393  -5.094   0
  52.33931732  -6.956  -5.715  -5.407  -5.105   0
  52.34467697  -6.968  -5.728  -5.419  -5.116   0
  52.34988022  -6.979  -5.741  -5.431  -5.125   0
  52.35508347  -6.989  -5.752  -5.441  -5.134   0
  52.36217880  -6.998  -5.763  -5.451  -5.142   0
  52.37100601  -7.005  -5.772  -5.459  -5.148   0
  52.38157272  -7.011  -5.779  -5.465  -5.153   0
  52.39056015  -7.017  -5.786  -5.472  -5.158   0
  52.39955139  -7.022  -5.793  -5.477  -5.163   0
  52.40869522  -7.027  -5.799  -5.482  -5.166   0
  52.44198608  -7.007  -5.781  -5.463  -5.145   0
  52.44387817  -7.033  -5.803  -5.488  -5.173   0
  52.44403839  -7.032  -5.801  -5.487  -5.174   0
  52.56940842  -6.975  -5.742  -5.429  -5.118   0
  52.61982346  -6.954  -5.719  -5.407  -5.099   0
  52.67374420  -6.923  -5.685  -5.375  -5.070   0
  52.69494247  -6.899  -5.659  -5.351  -5.048   0
  52.72041702  -6.872  -5.629  -5.322  -5.022   0
  52.72311020  -6.849  -5.604  -5.298  -4.998   0
  52.72469330  -6.813  -5.567  -5.260  -4.959   0
  52.72564316  -6.762  -5.514  -5.205  -4.902   0
  52.72627640  -6.663  -5.412  -5.101  -4.795   0
  52.72706604  -6.460  -5.204  -4.887  -4.576   0
  52.72769928  -6.555  -5.302  -4.987  -4.679   0
  52.72896576  -6.211  -4.949  -4.627  -4.309   1
  52.73007202  -6.392  -5.134  -4.817  -4.503   0
  52.73118210  -6.144  -4.880  -4.557  -4.238   0
  52.73213196  -6.266  -5.005  -4.685  -4.368   0
  52.73308182  -6.190  -4.928  -4.605  -4.287   0
  52.73418808  -6.241  -4.980  -4.659  -4.342   0
  52.73577118  -6.152  -4.889  -4.566  -4.247   0
  52.74890900  -6.076  -4.811  -4.487  -4.166   0
  52.77661514  -6.005  -4.738  -4.413  -4.090   0
  52.81763840  -5.954  -4.687  -4.360  -4.037   0
  52.87928009  -5.887  -4.619  -4.291  -3.966   0
  52.93889618  -5.817  -4.548  -4.218  -3.892   0
  53.00125504  -5.744  -4.474  -4.143  -3.816   0
  53.04125977  -5.687  -4.416  -4.084  -3.756   0
  53.10081863  -5.612  -4.340  -4.007  -3.677   0
  53.13975143  -5.556  -4.282  -3.949  -3.618   0
  53.17790604  -5.498  -4.224  -3.890  -3.558   0
  53.21750259  -5.442  -4.167  -3.832  -3.499   0
  53.27048874  -5.367  -4.091  -3.755  -3.421   0
  53.32366180  -5.258  -3.981  -3.644  -3.308   0
  53.37160492  -5.181  -3.903  -3.565  -3.228   0
  53.42068863  -5.092  -3.812  -3.473  -3.135   0
  53.46948242  -5.001  -3.720  -3.380  -3.040   0
  53.51589966  -4.927  -3.645  -3.304  -2.963   0
  53.56010818  -4.863  -3.580  -3.237  -2.896   0
  53.60433960  -4.807  -3.523  -3.180  -2.838   0
  53.64602661  -4.713  -3.429  -3.085  -2.742   0
  53.68502045  -4.630  -3.344  -2.999  -2.655   0
  53.72450638  -4.573  -3.287  -2.941  -2.596   1
  53.76177216  -4.521  -3.233  -2.888  -2.541   0
  53.82721710  -4.463  -3.175  -2.829  -2.482   0
  53.92042160  -4.385  -3.096  -2.749  -2.401   0
  54.02686310  -4.309  -3.020  -2.672  -2.323   0
  54.14707184  -4.227  -2.938  -2.590  -2.240   0
  54.25858307  -4.139  -2.849  -2.500  -2.150   0
  54.36780167  -4.032  -2.740  -2.391  -2.039   0
  54.38261414  -4.013  -2.721  -2.371  -2.019   0
  54.42125320  -3.990  -2.698  -2.348  -1.996   0
  54.42849731  -3.990  -2.698  -2.347  -1.995   0
  54.43204117  -4.004  -2.712  -2.362  -2.010   2
  54.43494415  -4.020  -2.729  -2.378  -2.026   0
  54.43799591  -4.042  -2.750  -2.400  -2.048   0
  54.44105911  -4.074  -2.782  -2.433  -2.081   0
  54.44428253  -4.104  -2.813  -2.464  -2.113   0
  54.44605255  -4.129  -2.838  -2.489  -2.138   0
  54.44766235  -4.155  -2.865  -2.516  -2.165   0
  54.44944000  -4.202  -2.911  -2.563  -2.213   0
  54.45120621  -4.253  -2.963  -2.615  -2.265   0
  54.45394897  -4.360  -3.071  -2.724  -2.375   0
  54.45684433  -4.485  -3.197  -2.851  -2.504   0
  54.45942307  -4.581  -3.295  -2.949  -2.604   1
  54.46215820  -4.704  -3.420  -3.076  -2.732   0
  54.46506119  -4.784  -3.500  -3.157  -2.815   0
