   0.15000001  15.207  13.641  12.062  10.120   0
   0.20000000  13.674  12.444  11.037   9.348   0
   0.25000000  12.834  11.735  10.407   8.827   0
   0.30000001  12.261  11.209   9.931   8.417   0
   0.34999999  11.813  10.793   9.553   8.087   0
   0.40000001  11.421  10.418   9.203   7.772   0
   0.44999999  11.017  10.046   8.866   7.482   0
   0.50000000  10.532   9.607   8.473   7.152   0
   0.55000001   9.969   9.108   8.032   6.788   0
   0.60000002   9.332   8.581   7.568   6.411   0
   0.63201022   8.802   8.167   7.217   6.143   0
   0.69999999   7.796   7.405   6.561   5.626   0
   0.75687289   6.992   6.804   6.058   5.225   0
   0.80000001   6.451   6.388   5.715   4.948   0
   0.84817964   5.944   5.968   5.364   4.654   0
   0.89999998   5.453   5.544   5.006   4.352   0
   0.92151737   5.269   5.375   4.861   4.228   0
   0.95768493   4.967   5.096   4.621   4.022   0
   0.98819041   4.736   4.871   4.423   3.852   0
   1.00000000   4.651   4.786   4.348   3.787   0
   1.01665330   4.532   4.666   4.242   3.695   0
   1.04198468   4.352   4.485   4.081   3.557   0
   1.06429470   4.197   4.328   3.942   3.437   0
   1.08436620   4.069   4.192   3.819   3.331   0
   1.10000002   3.970   4.087   3.724   3.249   0
   1.10898042   3.913   4.026   3.670   3.203   0
   1.12873697   3.788   3.892   3.550   3.103   0
   1.14666533   3.678   3.774   3.444   3.014   0
   1.17588902   3.512   3.596   3.283   2.875   0
   1.20000005   3.385   3.457   3.154   2.760   0
   1.22340703   3.265   3.325   3.032   2.653   0
   1.25227773   3.122   3.172   2.885   2.516   1
   1.28164506   2.983   3.027   2.739   2.368   0
   1.29999995   2.900   2.943   2.650   2.270   0
   1.30063546   2.897   2.940   2.647   2.267   0
   1.32447159   2.792   2.835   2.533   2.139   0
   1.34735715   2.700   2.745   2.427   2.009   0
   1.35840046   2.657   2.703   2.374   1.943   0
   1.36905217   2.606   2.652   2.317   1.877   0
   1.37294102   2.583   2.627   2.292   1.850   2
   1.37917900   2.516   2.554   2.229   1.802   0
   1.38198793   2.449   2.477   2.172   1.772   0
   1.38388729   2.346   2.347   2.081   1.739   0
   1.38444436   2.256   2.235   2.000   1.707   0
   1.38474107   2.178   2.138   1.929   1.674   1
   1.38493741   2.228   2.202   1.973   1.688   0
   1.38707769   2.216   2.234   1.919   1.504   0
   1.39118421   2.254   2.291   1.913   1.414   0
   1.39416206   2.321   2.361   1.933   1.375   0
   1.39661586   2.442   2.471   1.988   1.376   0
   1.39846396   2.597   2.612   2.079   1.419   0
   1.39999998   2.800   2.778   2.194   1.490   0
   1.40061986   2.882   2.846   2.242   1.522   0
   1.40238917   3.096   3.018   2.364   1.603   0
   1.40436292   3.250   3.120   2.424   1.628   4
   1.40885413   3.250   3.056   2.312   1.475   0
   1.41213322   3.146   2.923   2.160   1.307   0
   1.41557574   3.019   2.772   1.995   1.130   0
   1.41847479   2.892   2.624   1.835   0.959   0
   1.42100286   2.771   2.480   1.678   0.792   0
   1.42338192   2.645   2.334   1.519   0.622   0
   1.42528498   2.530   2.197   1.369   0.462   0
   1.42693663   2.428   2.071   1.228   0.310   0
   1.42835677   2.326   1.949   1.094   0.166   0
   1.42962754   2.224   1.829   0.963   0.027   0
   1.43073547   2.137   1.721   0.842  -0.105   0
   1.43174219   2.060   1.620   0.728  -0.230   0
   1.43259156   1.986   1.523   0.620  -0.347   0
   1.43334508   1.917   1.433   0.519  -0.459   0
   1.43404496   1.853   1.349   0.424  -0.562   0
   1.43479705   1.801   1.272   0.335  -0.662   0
   1.43500924   1.797   1.264   0.324  -0.675   0
   1.43599761   1.844   1.344   0.422  -0.561   1
   1.43686795   1.758   1.219   0.276  -0.725   0
   1.43771350   1.680   1.110   0.151  -0.863   0
   1.43858111   1.614   1.015   0.040  -0.987   0
   1.43930054   1.558   0.932  -0.058  -1.096   0
   1.44001746   1.469   0.802  -0.210  -1.265   0
   1.44062817   1.398   0.686  -0.349  -1.424   0
   1.44116116   1.334   0.576  -0.480  -1.575   0
   1.44162214   1.282   0.475  -0.604  -1.717   0
   1.44207799   1.227   0.366  -0.739  -1.874   0
   1.44247258   1.161   0.255  -0.871  -2.024   0
   1.44281435   1.114   0.154  -0.998  -2.171   0
   1.44314778   1.073   0.054  -1.126  -2.324   0
   1.44343257   1.025  -0.047  -1.250  -2.470   0
   1.44368267   1.014  -0.127  -1.361  -2.609   0
   1.44391441   0.982  -0.223  -1.485  -2.759   0
   1.44413459   0.969  -0.309  -1.602  -2.904   0
   1.44432914   0.958  -0.395  -1.722  -3.052   0
   1.44451451   0.944  -0.483  -1.841  -3.202   0
   1.44467390   0.942  -0.562  -1.953  -3.347   0
   1.44482636   0.974  -0.626  -2.060  -3.496   0
   1.44496477   0.993  -0.697  -2.169  -3.642   0
   1.44509137   1.023  -0.763  -2.276  -3.788   0
   1.44520605   1.034  -0.778  -2.327  -3.920   0
   1.44525874   1.026  -0.787  -2.349  -3.979   2
   1.44525874   1.709   1.369   0.546  -0.353   1
   1.44610739   1.692   1.332   0.495  -0.415   0
   1.44686759   1.681   1.317   0.478  -0.434   0
   1.44714475   1.677   1.314   0.476  -0.436   0
   1.44817960   1.668   1.308   0.472  -0.437   0
   1.44924402   1.658   1.301   0.467  -0.441   0
   1.45033979   1.645   1.291   0.460  -0.446   0
   1.45146203   1.632   1.281   0.452  -0.453   0
   1.45260596   1.619   1.271   0.443  -0.460   0
   1.45379603   1.605   1.260   0.434  -0.467   0
   1.45495987   1.592   1.248   0.424  -0.476   0
   1.45610940   1.580   1.237   0.414  -0.485   0
   1.45725751   1.568   1.226   0.404  -0.494   0
   1.45773327   1.563   1.222   0.400  -0.498   0
   1.45844102   1.558   1.215   0.393  -0.505   0
   1.45967746   1.547   1.204   0.381  -0.518   0
   1.46099317   1.534   1.189   0.366  -0.534   0
   1.46237028   1.520   1.173   0.347  -0.553   0
   1.46372616   1.507   1.154   0.325  -0.579   0
   1.46525407   1.491   1.128   0.292  -0.617   0
   1.46611285   1.484   1.111   0.269  -0.645   0
   1.46705329   1.471   1.085   0.233  -0.688   0
   1.46958888   1.409   0.988   0.114  -0.825   0
   1.47003245   1.398   0.972   0.093  -0.849   0
   1.47021794   1.378   0.922   0.027  -0.929   0
   1.47036064   1.325   0.828  -0.089  -1.063   0
   1.47040367   1.274   0.751  -0.179  -1.165   0
   1.47043681   1.218   0.629  -0.337  -1.352   0
   1.47045434   1.157   0.516  -0.479  -1.517   0
   1.47047389   1.103   0.404  -0.623  -1.685   0
   1.47050035   1.067   0.334  -0.709  -1.786   0
   1.47060597   1.117   0.434  -0.586  -1.641   0
   1.47068071   1.124   0.445  -0.571  -1.625   1
   1.47100425   1.068   0.337  -0.704  -1.780   0
   1.47115409   1.036   0.242  -0.829  -1.931   0
   1.47128010   0.973   0.106  -1.000  -2.131   0
   1.47135746   0.954   0.013  -1.130  -2.292   0
   1.47143865   0.905  -0.102  -1.276  -2.462   0
   1.47152662   0.859  -0.204  -1.403  -2.612   0
   1.47161317   0.883  -0.286  -1.531  -2.785   0
   1.47167444   0.857  -0.385  -1.663  -2.945   0
   1.47171593   0.829  -0.477  -1.783  -3.090   0
   1.47175002   0.841  -0.549  -1.891  -3.230   0
   1.47177899   0.859  -0.612  -1.989  -3.365   0
   1.47180629   0.894  -0.667  -2.084  -3.499   0
   1.47183311   0.909  -0.733  -2.184  -3.633   0
   1.47186244   0.962  -0.775  -2.267  -3.757   0
   1.47189093   0.997  -0.818  -2.353  -3.905   0
   1.47189534   1.010  -0.804  -2.370  -4.009   0
   1.47189713   1.010  -0.804  -2.374  -4.024   0
   1.47190201   1.006  -0.806  -2.382  -4.049   0
   1.47190678   1.002  -0.809  -2.390  -4.073   0
   1.47191155   0.997  -0.811  -2.398  -4.098   0
   1.47191525   0.993  -0.814  -2.404  -4.117   0
   1.47191978   0.987  -0.816  -2.412  -4.142   0
   1.47192430   0.982  -0.819  -2.420  -4.166   0
   1.47192883   0.975  -0.822  -2.427  -4.190   0
   1.47193336   0.968  -0.825  -2.435  -4.215   0
   1.47193789   0.960  -0.829  -2.443  -4.239   0
   1.47194242   0.951  -0.833  -2.451  -4.264   0
   1.47194695   0.942  -0.837  -2.459  -4.288   0
   1.47195137   0.931  -0.841  -2.468  -4.312   0
   1.47195590   0.920  -0.846  -2.476  -4.336   0
   1.47196043   0.908  -0.851  -2.484  -4.361   0
   1.47196496   0.896  -0.853  -2.488  -4.384   3
   1.47196949   0.882  -0.850  -2.486  -4.406   0
   1.47197402   0.868  -0.848  -2.483  -4.427   0
   1.47197855   0.855  -0.845  -2.480  -4.448   0
   1.47198308   0.841  -0.843  -2.477  -4.470   0
   1.47198761   0.826  -0.841  -2.474  -4.491   0
   1.47199118   0.815  -0.839  -2.472  -4.508   0
   1.47199571   0.800  -0.837  -2.469  -4.529   0
   1.47200024   0.785  -0.835  -2.466  -4.550   0
   1.47200477   0.770  -0.834  -2.464  -4.571   0
   1.47200930   0.755  -0.832  -2.461  -4.592   0
   1.47201383   0.739  -0.830  -2.458  -4.613   0
   1.47202492   0.727  -0.827  -2.453  -4.629   0
   1.47203743   0.711  -0.825  -2.450  -4.650   0
   1.47204983   0.694  -0.823  -2.447  -4.671   0
   1.47206223   0.678  -0.821  -2.443  -4.693   0
   1.47207463   0.661  -0.819  -2.440  -4.714   0
   1.47208679   0.643  -0.818  -2.437  -4.735   0
   1.47209895   0.626  -0.816  -2.434  -4.756   0
   1.47211099   0.605  -0.816  -2.431  -4.778   0
   1.47212291   0.586  -0.815  -2.428  -4.799   0
   1.47213483   0.568  -0.814  -2.424  -4.820   0
   1.47214663   0.552  -0.811  -2.420  -4.840   0
   1.47215831   0.556  -0.786  -2.393  -4.849   0
   1.47216988   0.561  -0.761  -2.365  -4.857   0
   1.47218156   0.566  -0.736  -2.337  -4.865   0
   1.47219288   0.570  -0.711  -2.309  -4.873   0
   1.47220421   0.575  -0.685  -2.280  -4.881   0
   1.47221553   0.580  -0.660  -2.252  -4.889   0
   1.47222674   0.586  -0.634  -2.223  -4.897   0
   1.47223783   0.591  -0.608  -2.194  -4.904   0
   1.47224879   0.596  -0.582  -2.165  -4.912   0
   1.47225988   0.602  -0.555  -2.136  -4.919   0
   1.47227061   0.607  -0.529  -2.106  -4.927   0
   1.47228134   0.613  -0.502  -2.077  -4.934   0
   1.47229207   0.619  -0.475  -2.046  -4.942   0
   1.47230256   0.625  -0.448  -2.016  -4.949   0
   1.47231293   0.631  -0.420  -1.985  -4.956   0
   1.47232270   0.639  -0.391  -1.954  -4.961   0
   1.47233129   0.652  -0.357  -1.916  -4.962   0
   1.47233701   0.677  -0.307  -1.863  -4.952   0
   1.47233820   0.704  -0.263  -1.817  -4.936   0
   1.47233820   0.731  -0.220  -1.771  -4.919   0
   1.47233820   0.759  -0.175  -1.724  -4.901   0
