   0.15000001  15.189  13.628  12.052  10.113   0
   0.20000000  13.626  12.404  11.002   9.319   0
   0.25000000  12.771  11.678  10.355   8.781   0
   0.30000001  12.189  11.140   9.866   8.357   0
   0.34999999  11.741  10.721   9.482   8.020   0
   0.40000001  11.392  10.390   9.177   7.749   0
   0.44999999  10.973  10.004   8.827   7.447   0
   0.50000000  10.472   9.552   8.423   7.108   0
   0.55000001   9.886   9.035   7.967   6.732   0
   0.60000002   9.199   8.472   7.472   6.333   0
   0.63453478   8.596   8.008   7.077   6.031   0
   0.68206644   7.817   7.421   6.575   5.636   0
   0.69999999   7.540   7.214   6.399   5.496   0
   0.73277587   7.030   6.828   6.075   5.235   0
   0.76362520   6.586   6.484   5.788   5.001   0
   0.79084963   6.218   6.190   5.543   4.798   0
   0.80000001   6.103   6.094   5.463   4.731   0
   0.80827349   6.002   6.009   5.391   4.669   0
   0.83168608   5.718   5.767   5.185   4.492   0
   0.85285801   5.472   5.551   4.998   4.331   0
   0.87236929   5.261   5.355   4.828   4.182   0
   0.89074814   5.064   5.169   4.664   4.038   0
   0.89999998   4.965   5.075   4.581   3.964   0
   0.90570265   4.902   5.015   4.527   3.916   0
   0.92086971   4.729   4.850   4.379   3.783   0
   0.93595374   4.563   4.684   4.228   3.646   0
   0.94278020   4.491   4.612   4.161   3.585   0
   0.94921535   4.422   4.541   4.096   3.525   0
   0.95213920   4.392   4.510   4.067   3.498   0
   0.95789838   4.337   4.453   4.013   3.448   0
   0.96346390   4.281   4.397   3.960   3.398   0
   0.97177100   4.198   4.310   3.878   3.320   0
   0.97841871   4.127   4.237   3.808   3.253   0
   1.00000000   3.880   3.980   3.554   3.002   0
   1.00665438   3.802   3.899   3.473   2.921   1
   1.02017248   3.640   3.728   3.288   2.720   0
   1.03046644   3.551   3.621   3.146   2.543   0
   1.03659594   3.586   3.626   3.093   2.435   3
   1.04014325   3.763   3.741   3.136   2.416   0
   1.04235435   3.952   3.866   3.198   2.426   0
   1.04380608   4.075   3.936   3.229   2.424   0
   1.04671478   4.137   3.922   3.159   2.306   0
   1.04879570   4.066   3.810   3.023   2.149   0
   1.05049682   3.956   3.676   2.875   1.989   0
   1.05190742   3.831   3.533   2.722   1.827   0
   1.05318463   3.701   3.388   2.568   1.665   0
   1.05430686   3.571   3.242   2.413   1.503   0
   1.05528641   3.447   3.102   2.263   1.345   0
   1.05613542   3.323   2.963   2.115   1.189   0
   1.05686057   3.205   2.830   1.972   1.039   0
   1.05755103   3.082   2.690   1.821   0.880   0
   1.05814993   2.971   2.556   1.676   0.725   0
   1.05866861   2.864   2.428   1.537   0.576   0
   1.05912650   2.767   2.306   1.402   0.430   0
   1.05953074   2.671   2.186   1.270   0.287   0
   1.05991411   2.579   2.066   1.135   0.140   0
   1.06025374   2.485   1.946   1.002  -0.005   0
   1.06057441   2.396   1.830   0.871  -0.147   0
   1.06095839   2.315   1.722   0.748  -0.282   0
   1.06101406   2.309   1.714   0.739  -0.291   2
   1.06132507   2.384   1.829   0.876  -0.136   0
   1.06135941   2.394   1.843   0.891  -0.120   0
   1.06161022   2.304   1.724   0.758  -0.266   0
   1.06186485   2.221   1.606   0.622  -0.416   0
   1.06211722   2.134   1.483   0.479  -0.575   0
   1.06236029   2.051   1.360   0.337  -0.734   0
   1.06256688   1.986   1.246   0.199  -0.894   0
   1.06274652   1.884   1.117   0.057  -1.046   0
   1.06290257   1.825   1.013  -0.070  -1.191   0
   1.06305408   1.765   0.900  -0.208  -1.351   0
   1.06318450   1.698   0.785  -0.345  -1.506   0
   1.06329811   1.647   0.682  -0.473  -1.654   0
   1.06339431   1.594   0.582  -0.595  -1.796   0
   1.06348896   1.541   0.476  -0.725  -1.947   0
   1.06357002   1.512   0.382  -0.847  -2.097   0
   1.06364012   1.492   0.295  -0.964  -2.241   0
   1.06370056   1.475   0.215  -1.071  -2.372   0
   1.06376445   1.451   0.120  -1.198  -2.526   0
   1.06381261   1.446   0.046  -1.301  -2.658   0
   1.06385863   1.449  -0.023  -1.402  -2.791   0
   1.06390047   1.445  -0.096  -1.504  -2.923   0
   1.06393933   1.452  -0.166  -1.607  -3.057   0
   1.06397569   1.481  -0.227  -1.707  -3.195   0
   1.06400919   1.503  -0.280  -1.796  -3.326   0
   1.06403458   1.498  -0.296  -1.838  -3.433   0
   1.06405866   1.484  -0.313  -1.881  -3.540   0
   1.06408143   1.472  -0.319  -1.910  -3.640   0
   1.06410384   1.448  -0.327  -1.941  -3.749   0
   1.06412506   1.402  -0.353  -1.984  -3.859   0
   1.06413937   1.362  -0.356  -1.989  -3.925   2
   1.06413937   1.951   1.581   0.739  -0.175   1
   1.06430006   1.938   1.542   0.683  -0.244   0
   1.06450534   1.922   1.519   0.655  -0.276   0
   1.06456840   1.919   1.515   0.650  -0.282   0
   1.06473053   1.913   1.511   0.648  -0.282   0
   1.06496918   1.904   1.508   0.650  -0.277   0
   1.06521630   1.897   1.506   0.651  -0.273   0
   1.06546712   1.888   1.502   0.650  -0.271   0
   1.06572700   1.878   1.496   0.648  -0.270   0
   1.06599689   1.869   1.492   0.646  -0.270   0
   1.06626272   1.860   1.486   0.643  -0.272   0
   1.06652200   1.853   1.480   0.639  -0.274   0
   1.06677687   1.845   1.474   0.634  -0.278   0
   1.06703746   1.837   1.467   0.628  -0.283   0
   1.06710994   1.835   1.465   0.626  -0.285   0
   1.06731617   1.830   1.459   0.619  -0.292   0
   1.06760538   1.821   1.448   0.607  -0.305   0
   1.06790960   1.808   1.432   0.589  -0.325   0
   1.06823742   1.797   1.413   0.564  -0.354   0
   1.06860983   1.781   1.382   0.523  -0.403   0
   1.06876624   1.771   1.364   0.500  -0.430   0
   1.06896961   1.753   1.333   0.460  -0.478   0
   1.06968415   1.690   1.217   0.314  -0.648   0
   1.06972885   1.659   1.158   0.239  -0.735   0
   1.06976318   1.617   1.058   0.108  -0.893   0
   1.06977355   1.586   0.984   0.011  -1.009   0
   1.06978166   1.529   0.842  -0.179  -1.236   0
   1.06978524   1.491   0.743  -0.307  -1.390   0
   1.06978917   1.468   0.653  -0.428  -1.539   0
   1.06979632   1.426   0.565  -0.538  -1.667   0
   1.06982553   1.463   0.666  -0.407  -1.510   0
   1.06983447   1.465   0.672  -0.400  -1.502   1
   1.06991136   1.427   0.571  -0.531  -1.659   0
   1.06994712   1.411   0.481  -0.657  -1.814   0
   1.06997752   1.351   0.348  -0.824  -2.010   0
   1.07000363   1.314   0.213  -1.002  -2.228   0
   1.07001948   1.345   0.159  -1.094  -2.356   0
   1.07003915   1.321   0.067  -1.217  -2.506   0
   1.07005572   1.314  -0.027  -1.348  -2.670   0
   1.07006669   1.326  -0.100  -1.458  -2.815   0
   1.07007456   1.350  -0.158  -1.551  -2.946   0
   1.07008243   1.390  -0.209  -1.641  -3.075   0
   1.07008970   1.430  -0.262  -1.735  -3.209   0
   1.07009614   1.465  -0.317  -1.827  -3.339   0
   1.07010269   1.490  -0.317  -1.862  -3.449   0
   1.07010972   1.495  -0.309  -1.884  -3.554   0
   1.07011807   1.477  -0.315  -1.916  -3.676   0
   1.07011950   1.458  -0.325  -1.937  -3.734   0
   1.07012081   1.449  -0.329  -1.946  -3.761   0
   1.07012212   1.440  -0.333  -1.955  -3.787   0
   1.07012355   1.429  -0.337  -1.963  -3.813   0
   1.07012463   1.420  -0.341  -1.970  -3.834   0
   1.07012594   1.407  -0.346  -1.979  -3.861   0
   1.07012725   1.393  -0.346  -1.979  -3.885   2
   1.07012856   1.379  -0.343  -1.976  -3.908   0
   1.07012999   1.364  -0.340  -1.973  -3.932   0
   1.07013130   1.349  -0.337  -1.970  -3.955   0
   1.07013261   1.334  -0.335  -1.967  -3.978   0
   1.07013381   1.319  -0.332  -1.964  -4.001   0
   1.07013512   1.303  -0.330  -1.961  -4.023   0
   1.07013631   1.288  -0.328  -1.958  -4.045   0
   1.07013726   1.275  -0.326  -1.955  -4.063   0
   1.07013822   1.263  -0.325  -1.953  -4.080   0
   1.07013941   1.246  -0.323  -1.950  -4.102   0
   1.07014072   1.230  -0.321  -1.947  -4.125   0
   1.07014191   1.213  -0.319  -1.944  -4.147   0
   1.07014310   1.196  -0.318  -1.941  -4.169   0
   1.07014441   1.178  -0.316  -1.938  -4.191   0
   1.07014561   1.161  -0.315  -1.935  -4.213   0
   1.07014680   1.143  -0.313  -1.932  -4.235   0
   1.07014799   1.125  -0.312  -1.929  -4.257   0
   1.07014894   1.110  -0.311  -1.927  -4.274   0
   1.07015026   1.091  -0.310  -1.924  -4.296   0
   1.07015145   1.071  -0.310  -1.921  -4.318   0
   1.07015264   1.054  -0.307  -1.916  -4.340   0
   1.07015383   1.058  -0.282  -1.888  -4.348   0
   1.07015514   1.063  -0.260  -1.864  -4.355   0
   1.07015634   1.066  -0.242  -1.843  -4.361   0
   1.07015753   1.069  -0.224  -1.823  -4.367   0
   1.07015872   1.073  -0.206  -1.803  -4.373   0
   1.07016003   1.076  -0.188  -1.783  -4.379   0
   1.07016182   1.081  -0.166  -1.759  -4.384   0
   1.07016444   1.086  -0.139  -1.729  -4.392   0
   1.07016718   1.092  -0.112  -1.699  -4.400   0
   1.07016993   1.098  -0.084  -1.668  -4.407   0
   1.07017255   1.104  -0.055  -1.636  -4.415   0
   1.07017529   1.111  -0.027  -1.604  -4.423   0
   1.07017791   1.117   0.002  -1.572  -4.430   0
   1.07018042   1.124   0.031  -1.540  -4.437   0
   1.07018304   1.131   0.060  -1.508  -4.444   0
   1.07018554   1.138   0.090  -1.475  -4.451   0
   1.07018816   1.146   0.121  -1.441  -4.457   0
   1.07019067   1.156   0.156  -1.403  -4.462   0
   1.07019269   1.177   0.203  -1.351  -4.459   0
   1.07019353   1.204   0.252  -1.300  -4.445   0
