   0.15000001  15.217  13.648  12.068  10.124   0
   0.20000000  13.704  12.469  11.059   9.365   0
   0.25000000  12.885  11.780  10.449   8.864   0
   0.30000001  12.325  11.270   9.989   8.471   0
   0.34999999  11.880  10.859   9.617   8.149   0
   0.40000001  11.437  10.434   9.217   7.785   0
   0.44999999  11.041  10.069   8.888   7.502   0
   0.50000000  10.569   9.642   8.505   7.179   0
   0.55000001  10.017   9.152   8.073   6.824   0
   0.60000002   9.408   8.647   7.629   6.463   0
   0.69999999   7.949   7.523   6.664   5.712   0
   0.80000001   6.661   6.556   5.859   5.070   0
   0.89999998   5.705   5.778   5.213   4.536   0
   1.00000000   4.962   5.101   4.636   4.047   0
   1.10000002   4.366   4.508   4.121   3.615   0
   1.20000005   3.875   3.986   3.664   3.245   0
   1.29999995   3.452   3.502   3.252   2.947   0
   1.39999998   3.086   3.077   2.901   2.716   0
   1.50000000   2.769   2.734   2.626   2.533   0
   1.60000002   2.474   2.462   2.408   2.379   0
   1.70000005   2.206   2.245   2.228   2.237   0
   1.79999995   1.966   2.061   2.070   2.103   0
   1.89999998   1.753   1.905   1.937   1.986   0
   2.00000000   1.553   1.760   1.808   1.871   0
   2.11305737   1.355   1.614   1.676   1.749   0
   2.20000005   1.210   1.506   1.578   1.658   0
   2.50000000   0.776   1.178   1.271   1.373   0
   3.00000000   0.193   0.717   0.837   0.965   0
   3.50000000  -0.271   0.337   0.477   0.625   0
   4.00000000  -0.662   0.010   0.167   0.331   0
   4.50000000  -0.999  -0.276  -0.106   0.073   0
   5.00000000  -1.293  -0.526  -0.345  -0.154   0
   6.00000000  -1.830  -0.992  -0.792  -0.581   0
   6.55719423  -2.093  -1.223  -1.014  -0.794   0
   7.00000000  -2.288  -1.394  -1.179  -0.952   0
   9.00000000  -3.071  -2.095  -1.858  -1.606   0
  10.93603134  -3.694  -2.663  -2.409  -2.139   0
  12.00000000  -4.028  -2.972  -2.710  -2.432   0
  13.73329353  -4.514  -3.427  -3.155  -2.868   0
  15.00000000  -4.875  -3.772  -3.496  -3.206   0
  15.89214420  -5.097  -3.985  -3.708  -3.417   1
  17.84736061  -5.610  -4.495  -4.219  -3.932   0
  19.36631966  -6.075  -4.968  -4.700  -4.424   0
  20.00000000  -6.294  -5.205  -4.943  -4.672   0
  20.58370018  -6.450  -5.380  -5.123  -4.860   0
  21.25708008  -6.686  -5.638  -5.394  -5.145   0
  21.66907310  -6.841  -5.796  -5.559  -5.320   0
  21.74339676  -6.847  -5.801  -5.562  -5.321   3
  21.84288406  -6.791  -5.733  -5.483  -5.228   0
  21.85599327  -6.776  -5.695  -5.436  -5.168   0
  21.85865402  -6.775  -5.687  -5.426  -5.156   0
  21.86424255  -6.806  -5.738  -5.483  -5.222   0
  21.86553764  -6.841  -5.781  -5.531  -5.275   0
  21.86737061  -6.921  -5.868  -5.625  -5.379   0
  21.86892509  -7.000  -5.954  -5.719  -5.483   0
  21.87043571  -7.064  -6.037  -5.808  -5.581   0
  21.87183762  -7.127  -6.122  -5.899  -5.679   0
  21.87306786  -7.179  -6.200  -5.982  -5.769   0
  21.87431908  -7.235  -6.287  -6.075  -5.869   0
  21.87537766  -7.286  -6.367  -6.159  -5.961   0
  21.87647820  -7.343  -6.455  -6.253  -6.063   0
  21.87759972  -7.439  -6.554  -6.366  -6.192   0
  21.87848473  -7.515  -6.638  -6.460  -6.300   0
  21.87921906  -7.564  -6.709  -6.537  -6.384   0
  21.88021088  -7.628  -6.813  -6.648  -6.507   0
  21.88103104  -7.679  -6.903  -6.744  -6.612   0
  21.88195992  -7.740  -7.011  -6.861  -6.741   0
  21.88269424  -7.793  -7.103  -6.961  -6.852   0
  21.88364410  -7.893  -7.213  -7.093  -7.013   0
  21.88429070  -7.940  -7.311  -7.198  -7.127   0
  21.88517570  -7.991  -7.463  -7.354  -7.291   0
  21.88649368  -8.084  -7.695  -7.605  -7.568   0
  21.88841438  -8.193  -8.044  -8.005  -8.041   0
  21.89033699  -8.048  -8.217  -8.283  -8.464   3
  21.89130783  -7.785  -8.058  -8.261  -8.604   0
  21.89225769  -7.353  -7.679  -8.129  -8.698   0
  21.89322853  -6.866  -7.291  -7.959  -8.708   0
  21.89404869  -6.705  -7.197  -7.950  -8.765   0
  21.89549637  -6.714  -7.259  -8.067  -8.922   0
  21.90007401  -6.641  -7.272  -8.152  -9.057   0
  21.90203857  -6.649  -7.281  -8.163  -9.069   2
  21.97983742  -6.791  -7.330  -8.130  -8.978   0
  22.04213333  -6.884  -7.386  -8.140  -8.953   0
  22.07518196  -7.280  -7.663  -8.236  -8.907   0
  22.09986496  -7.530  -7.868  -8.329  -8.907   0
  22.10781288  -7.852  -8.152  -8.449  -8.884   0
  22.11180305  -8.221  -8.420  -8.510  -8.722   3
  22.11379814  -8.361  -8.379  -8.424  -8.560   0
  22.11576843  -8.408  -8.305  -8.309  -8.397   0
  22.11776543  -8.389  -8.242  -8.203  -8.239   0
  22.12175941  -8.364  -8.042  -7.982  -7.986   0
  22.12907791  -8.253  -7.835  -7.741  -7.698   0
  22.13688469  -8.191  -7.700  -7.594  -7.535   0
  22.14457893  -8.161  -7.622  -7.512  -7.449   0
  22.16018105  -8.138  -7.554  -7.442  -7.375   0
  22.19907188  -8.135  -7.537  -7.425  -7.357   1
  22.30595779  -8.179  -7.647  -7.538  -7.475   0
  22.38875961  -8.223  -7.746  -7.642  -7.587   0
  22.50754547  -8.303  -7.936  -7.850  -7.817   0
  22.61852646  -8.398  -8.135  -8.084  -8.102   0
  22.69638062  -8.406  -8.173  -8.127  -8.151   0
  22.75832367  -8.407  -8.227  -8.186  -8.217   0
  22.80714417  -8.311  -7.935  -7.847  -7.812   1
  22.84863853  -8.343  -7.996  -7.917  -7.895   0
  22.88349342  -8.379  -8.046  -7.979  -7.975   0
  22.91189384  -8.411  -8.128  -8.074  -8.088   0
  22.93457222  -8.422  -8.206  -8.161  -8.188   0
  22.95809937  -8.425  -8.293  -8.263  -8.310   0
  22.97479057  -8.437  -8.329  -8.337  -8.427   0
  22.99496460  -8.379  -8.405  -8.457  -8.599   0
  23.00959206  -8.277  -8.431  -8.522  -8.717   3
  23.02584267  -8.102  -8.358  -8.521  -8.824   0
  23.03624535  -7.980  -8.275  -8.503  -8.879   0
  23.04666138  -7.805  -8.130  -8.476  -8.955   0
  23.05682182  -7.590  -7.958  -8.431  -9.016   0
  23.06672478  -7.301  -7.743  -8.362  -9.065   0
  23.07127762  -7.097  -7.602  -8.311  -9.084   0
  23.07610130  -6.773  -7.389  -8.230  -9.102   0
  23.07824707  -6.511  -7.229  -8.163  -9.103   0
  23.08065987  -6.256  -7.075  -8.095  -9.098   0
  23.08414650  -5.774  -6.797  -7.953  -9.056   0
  23.08656120  -5.472  -6.625  -7.858  -9.019   0
  23.08959007  -5.249  -6.537  -7.838  -9.055   4
  23.26280975  -5.118  -6.523  -7.886  -9.150   0
  23.33646965  -5.038  -6.552  -7.962  -9.271   0
  23.34191895  -5.066  -6.609  -8.030  -9.350   0
  23.34464264  -5.063  -6.608  -8.030  -9.351   0
  23.35136223  -5.106  -6.686  -8.122  -9.458   0
