   0.15000001  15.210  13.642  12.063  10.121   0
   0.20000000  13.680  12.449  11.041   9.351   0
   0.25000000  12.844  11.744  10.416   8.835   0
   0.30000001  12.274  11.221   9.943   8.428   0
   0.34999999  11.827  10.807   9.566   8.100   0
   0.40000001  11.424  10.422   9.206   7.775   0
   0.44999999  11.022  10.051   8.870   7.486   0
   0.50000000  10.539   9.614   8.480   7.157   0
   0.55000001   9.979   9.117   8.041   6.795   0
   0.60000002   9.348   8.594   7.581   6.422   0
   0.67009306   8.248   7.747   6.855   5.859   0
   0.69999999   7.824   7.426   6.579   5.640   0
   0.79791695   6.515   6.438   5.758   4.983   0
   0.80000001   6.490   6.419   5.742   4.970   0
   0.81900454   6.284   6.252   5.602   4.854   0
   0.89259005   5.564   5.646   5.094   4.428   0
   0.89999998   5.501   5.589   5.046   4.387   0
   0.91512758   5.374   5.473   4.946   4.302   0
   0.96151245   4.995   5.125   4.648   4.047   0
   0.99924976   4.721   4.857   4.413   3.846   0
   1.00000000   4.716   4.852   4.409   3.842   0
   1.02817214   4.521   4.657   4.237   3.696   0
   1.05891609   4.314   4.449   4.053   3.538   0
   1.08530045   4.147   4.275   3.899   3.406   0
   1.10000002   4.059   4.181   3.814   3.334   0
   1.10280967   4.042   4.163   3.798   3.320   0
   1.13159800   3.869   3.978   3.634   3.185   0
   1.15576041   3.727   3.826   3.500   3.073   0
   1.17635036   3.612   3.701   3.388   2.981   0
   1.19503510   3.513   3.591   3.289   2.899   0
   1.20000005   3.487   3.563   3.264   2.878   0
   1.20236564   3.474   3.548   3.251   2.868   0
   1.23397076   3.309   3.363   3.088   2.739   0
   1.26908588   3.135   3.170   2.914   2.596   0
   1.29999995   2.991   3.012   2.768   2.467   0
   1.31515253   2.922   2.936   2.698   2.406   0
   1.34932864   2.767   2.769   2.539   2.260   0
   1.38347888   2.615   2.609   2.381   2.104   1
   1.39999998   2.542   2.534   2.304   2.024   0
   1.40346754   2.527   2.518   2.288   2.007   0
   1.43028033   2.414   2.405   2.166   1.870   0
   1.45610332   2.312   2.308   2.053   1.730   0
   1.48077714   2.221   2.227   1.948   1.586   0
   1.49260318   2.179   2.190   1.897   1.514   0
   1.50000000   2.150   2.164   1.863   1.467   0
   1.50337613   2.138   2.153   1.848   1.446   0
   1.50869060   2.108   2.122   1.815   1.412   2
   1.51231468   2.070   2.079   1.780   1.386   0
   1.51510227   2.015   2.012   1.731   1.365   0
   1.51698053   1.911   1.878   1.642   1.344   0
   1.51750529   1.821   1.763   1.566   1.327   0
   1.51780832   1.700   1.620   1.467   1.288   0
   1.51784563   1.723   1.645   1.486   1.301   0
   1.51794755   1.821   1.763   1.566   1.327   4
   1.51812446   1.799   1.763   1.523   1.216   0
   1.51837337   1.790   1.774   1.496   1.132   0
   1.51879025   1.813   1.816   1.495   1.071   0
   1.51944280   1.857   1.877   1.511   1.026   0
   1.52059329   1.948   1.974   1.551   0.999   0
   1.52191508   2.091   2.107   1.624   1.010   0
   1.52296150   2.258   2.262   1.727   1.065   0
   1.52396822   2.520   2.480   1.884   1.170   0
   1.52498496   2.779   2.692   2.038   1.275   0
   1.52579832   2.917   2.784   2.091   1.297   4
   1.52780128   2.908   2.708   1.962   1.124   0
   1.52905285   2.805   2.577   1.814   0.960   0
   1.53034306   2.684   2.428   1.647   0.779   0
   1.53153992   2.564   2.283   1.489   0.609   0
   1.53287029   2.432   2.122   1.310   0.416   0
   1.53414416   2.304   1.966   1.137   0.230   0
   1.53530180   2.191   1.826   0.980   0.059   0
   1.53650093   2.073   1.681   0.817  -0.117   0
   1.53775394   1.952   1.529   0.647  -0.302   0
   1.53901637   1.841   1.383   0.483  -0.482   0
   1.54057765   1.727   1.227   0.304  -0.679   0
   1.54166973   1.679   1.162   0.231  -0.760   0
   1.54334438   1.776   1.310   0.406  -0.562   1
   1.54420853   1.692   1.194   0.274  -0.707   0
   1.54519415   1.608   1.077   0.139  -0.858   0
   1.54762530   1.462   0.862  -0.113  -1.138   0
   1.54835415   1.387   0.751  -0.243  -1.284   0
   1.54910672   1.307   0.630  -0.387  -1.446   0
   1.54978120   1.241   0.518  -0.520  -1.599   0
   1.55035532   1.192   0.421  -0.642  -1.740   0
   1.55091596   1.132   0.312  -0.774  -1.892   0
   1.55139327   1.072   0.205  -0.903  -2.039   0
   1.55180287   1.024   0.110  -1.020  -2.175   0
   1.55220056   0.988   0.018  -1.139  -2.316   0
   1.55254006   0.942  -0.074  -1.253  -2.448   0
   1.55283022   0.902  -0.161  -1.360  -2.575   0
   1.55311131   0.891  -0.235  -1.462  -2.703   0
   1.55337501   0.864  -0.321  -1.574  -2.837   0
   1.55360055   0.858  -0.389  -1.669  -2.957   0
   1.55379653   0.834  -0.466  -1.769  -3.077   0
   1.55398178   0.821  -0.537  -1.865  -3.195   0
   1.55413973   0.822  -0.596  -1.951  -3.307   0
   1.55428505   0.827  -0.652  -2.033  -3.415   0
   1.55442393   0.837  -0.705  -2.113  -3.522   0
   1.55455232   0.853  -0.752  -2.187  -3.623   0
   1.55465579   0.870  -0.796  -2.258  -3.720   0
   1.55475903   0.891  -0.838  -2.327  -3.815   0
   1.55479002   0.892  -0.853  -2.348  -3.842   2
   1.55479002   1.653   1.334   0.524  -0.364   1
   1.55551875   1.652   1.319   0.501  -0.395   0
   1.55606472   1.651   1.309   0.484  -0.417   0
   1.55677104   1.644   1.300   0.474  -0.428   0
   1.55761969   1.638   1.295   0.470  -0.431   0
   1.55921984   1.625   1.287   0.465  -0.434   0
   1.56087708   1.612   1.276   0.457  -0.440   0
   1.56257164   1.597   1.265   0.447  -0.448   0
   1.56430590   1.581   1.252   0.437  -0.456   0
   1.56611264   1.567   1.240   0.427  -0.464   0
   1.56794524   1.552   1.227   0.416  -0.474   0
   1.56977224   1.540   1.216   0.405  -0.484   0
   1.57159710   1.527   1.204   0.394  -0.495   0
   1.57337892   1.512   1.190   0.381  -0.506   0
   1.57501709   1.501   1.179   0.371  -0.517   0
   1.57516634   1.500   1.178   0.370  -0.518   0
   1.57709193   1.485   1.164   0.355  -0.532   0
   1.57909203   1.471   1.149   0.339  -0.548   0
   1.58120406   1.459   1.133   0.321  -0.568   0
   1.58296704   1.451   1.119   0.303  -0.590   0
   1.58537269   1.433   1.091   0.270  -0.628   0
   1.58671296   1.422   1.073   0.247  -0.655   0
   1.58819115   1.406   1.046   0.211  -0.697   0
   1.59028554   1.370   0.979   0.124  -0.800   0
   1.59084833   1.336   0.925   0.057  -0.877   0
   1.59115434   1.298   0.846  -0.046  -1.000   0
   1.59123325   1.261   0.778  -0.132  -1.100   0
   1.59128976   1.180   0.647  -0.289  -1.279   0
   1.59131873   1.114   0.529  -0.435  -1.448   0
   1.59134853   1.048   0.407  -0.588  -1.626   0
   1.59138513   1.000   0.302  -0.725  -1.787   0
   1.59140813   0.985   0.278  -0.752  -1.818   0
   1.59153962   1.033   0.379  -0.624  -1.667   0
   1.59171402   1.045   0.405  -0.590  -1.627   1
   1.59226918   0.999   0.304  -0.721  -1.782   0
   1.59256101   0.945   0.182  -0.876  -1.965   0
   1.59277010   0.898   0.076  -1.010  -2.123   0
   1.59295845   0.866  -0.026  -1.145  -2.286   0
   1.59314084   0.802  -0.150  -1.298  -2.462   0
   1.59330809   0.757  -0.271  -1.455  -2.650   0
   1.59342802   0.753  -0.379  -1.608  -2.847   0
   1.59349787   0.738  -0.469  -1.731  -2.999   0
   1.59355927   0.717  -0.559  -1.851  -3.146   0
   1.59360707   0.713  -0.636  -1.960  -3.283   0
   1.59365308   0.723  -0.703  -2.061  -3.415   0
   1.59369504   0.748  -0.757  -2.148  -3.537   0
   1.59374487   0.764  -0.822  -2.248  -3.672   0
   1.59379470   0.808  -0.868  -2.334  -3.797   2
   1.59380913   0.770  -0.855  -2.298  -3.739   0
   1.59381318   0.808  -0.877  -2.347  -3.814   0
   1.59381688   0.842  -0.904  -2.400  -3.893   0
   1.59382308   0.883  -0.931  -2.457  -3.983   0
   1.59382963   0.882  -0.936  -2.478  -4.044   0
   1.59383667   0.881  -0.937  -2.486  -4.070   0
   1.59384370   0.880  -0.939  -2.494  -4.097   0
   1.59385073   0.878  -0.941  -2.503  -4.123   0
   1.59385777   0.875  -0.943  -2.511  -4.150   0
   1.59386480   0.871  -0.946  -2.520  -4.176   0
   1.59387183   0.867  -0.949  -2.528  -4.203   0
   1.59387887   0.862  -0.952  -2.537  -4.230   0
   1.59388590   0.856  -0.955  -2.546  -4.256   0
   1.59389293   0.850  -0.957  -2.554  -4.283   0
   1.59389997   0.844  -0.960  -2.563  -4.309   0
   1.59390700   0.836  -0.964  -2.571  -4.336   0
   1.59391403   0.828  -0.968  -2.580  -4.363   0
   1.59392083   0.818  -0.972  -2.589  -4.389   0
   1.59392762   0.808  -0.976  -2.597  -4.416   0
   1.59393454   0.797  -0.981  -2.606  -4.442   0
   1.59394133   0.785  -0.986  -2.615  -4.468   0
   1.59394813   0.772  -0.991  -2.624  -4.495   0
   1.59395492   0.759  -0.996  -2.633  -4.521   2
   1.59396172   0.744  -0.994  -2.630  -4.545   0
   1.59397137   0.728  -0.989  -2.624  -4.570   0
   1.59399199   0.712  -0.985  -2.620  -4.596   0
   1.59401250   0.697  -0.982  -2.616  -4.618   0
   1.59403300   0.681  -0.980  -2.613  -4.641   0
   1.59405327   0.666  -0.977  -2.610  -4.663   0
   1.59407341   0.650  -0.975  -2.606  -4.686   0
   1.59409344   0.633  -0.972  -2.603  -4.709   0
   1.59411335   0.617  -0.970  -2.600  -4.731   0
   1.59413314   0.600  -0.968  -2.596  -4.754   0
   1.59415269   0.583  -0.966  -2.593  -4.777   0
   1.59417224   0.565  -0.964  -2.589  -4.799   0
   1.59419155   0.547  -0.962  -2.586  -4.822   0
   1.59421074   0.529  -0.960  -2.582  -4.844   0
   1.59422982   0.511  -0.959  -2.579  -4.867   0
   1.59424877   0.490  -0.958  -2.576  -4.890   0
   1.59426749   0.467  -0.958  -2.573  -4.913   0
   1.59428620   0.447  -0.958  -2.570  -4.936   0
   1.59430468   0.428  -0.955  -2.566  -4.958   0
   1.59432304   0.412  -0.952  -2.561  -4.980   0
   1.59434128   0.415  -0.927  -2.534  -4.990   0
   1.59435940   0.420  -0.901  -2.504  -4.998   0
   1.59437740   0.425  -0.874  -2.474  -5.007   0
   1.59439516   0.431  -0.847  -2.444  -5.016   0
   1.59441280   0.436  -0.819  -2.413  -5.024   0
   1.59443033   0.441  -0.792  -2.383  -5.032   0
   1.59444761   0.447  -0.764  -2.352  -5.041   0
   1.59446490   0.452  -0.736  -2.321  -5.049   0
   1.59448206   0.458  -0.708  -2.289  -5.057   0
   1.59449899   0.464  -0.679  -2.258  -5.065   0
   1.59451580   0.470  -0.650  -2.226  -5.073   0
   1.59453249   0.477  -0.621  -2.194  -5.081   0
   1.59454894   0.483  -0.592  -2.161  -5.089   0
   1.59456444   0.491  -0.562  -2.128  -5.095   0
   1.59457743   0.502  -0.529  -2.092  -5.098   0
   1.59458816   0.525  -0.480  -2.039  -5.091   0
   1.59459043   0.550  -0.439  -1.996  -5.077   0
   1.59459138   0.576  -0.396  -1.951  -5.060   0
   1.59459233   0.607  -0.348  -1.900  -5.041   0
   1.59459281   0.628  -0.314  -1.865  -5.027   0
