   0.15000001  15.209  13.642  12.063  10.120   0
   0.20000000  13.677  12.447  11.039   9.349   0
   0.25000000  12.840  11.739  10.412   8.831   0
   0.30000001  12.268  11.215   9.938   8.423   0
   0.34999999  11.821  10.800   9.560   8.094   0
   0.40000001  11.423  10.420   9.205   7.774   0
   0.44999999  11.019  10.048   8.868   7.484   0
   0.50000000  10.536   9.611   8.477   7.155   0
   0.55000001   9.974   9.113   8.037   6.792   0
   0.60000002   9.340   8.588   7.575   6.417   0
   0.65077317   8.525   7.957   7.036   6.001   0
   0.69999999   7.811   7.416   6.571   5.634   0
   0.77712399   6.754   6.621   5.908   5.104   0
   0.80000001   6.472   6.405   5.729   4.960   0
   0.87010157   5.749   5.806   5.228   4.540   0
   0.89999998   5.479   5.568   5.027   4.371   0
   0.94130254   5.131   5.250   4.755   4.138   0
   0.97824663   4.841   4.976   4.517   3.934   0
   1.00000000   4.686   4.821   4.380   3.816   0
   1.00744534   4.633   4.768   4.334   3.777   0
   1.03756952   4.423   4.557   4.148   3.617   0
   1.06342208   4.246   4.379   3.990   3.481   0
   1.08619118   4.102   4.228   3.854   3.364   0
   1.10000002   4.018   4.138   3.772   3.294   0
   1.10846043   3.966   4.082   3.723   3.253   0
   1.13212883   3.820   3.926   3.585   3.138   0
   1.15229774   3.699   3.796   3.469   3.042   0
   1.17060041   3.593   3.682   3.367   2.956   0
   1.20000005   3.437   3.510   3.211   2.824   0
   1.20228541   3.425   3.496   3.198   2.814   0
   1.23201931   3.271   3.325   3.044   2.687   0
   1.26460278   3.110   3.149   2.882   2.544   0
   1.29867506   2.948   2.976   2.715   2.387   0
   1.29999995   2.942   2.970   2.709   2.380   0
   1.32874310   2.810   2.830   2.571   2.245   1
   1.35745323   2.683   2.700   2.436   2.101   0
   1.38530648   2.567   2.586   2.308   1.952   0
   1.39999998   2.508   2.532   2.243   1.868   0
   1.41487586   2.451   2.479   2.177   1.781   0
   1.42502058   2.414   2.444   2.131   1.721   0
   1.43486607   2.373   2.404   2.083   1.660   0
   1.44054604   2.340   2.370   2.047   1.622   2
   1.44551980   2.290   2.315   2.000   1.586   0
   1.44864202   2.227   2.241   1.945   1.558   0
   1.45073473   2.122   2.108   1.854   1.531   0
   1.45132923   2.030   1.991   1.773   1.505   0
   1.45166111   1.927   1.863   1.681   1.466   0
   1.45174921   1.967   1.911   1.718   1.486   0
   1.45193851   2.016   1.983   1.752   1.461   4
   1.45245087   1.994   1.987   1.707   1.342   0
   1.45383453   2.022   2.040   1.699   1.248   0
   1.45618725   2.096   2.127   1.723   1.193   0
   1.45813775   2.187   2.218   1.765   1.181   0
   1.45984077   2.324   2.342   1.837   1.204   0
   1.46137476   2.522   2.513   1.954   1.271   0
   1.46256506   2.725   2.682   2.074   1.351   0
   1.46380055   2.927   2.845   2.192   1.430   0
   1.46517932   3.079   2.945   2.250   1.454   4
   1.46816075   3.072   2.877   2.133   1.297   0
   1.47033989   2.962   2.736   1.972   1.118   0
   1.47262990   2.820   2.563   1.781   0.913   0
   1.47456050   2.685   2.403   1.607   0.725   0
   1.47624588   2.562   2.256   1.445   0.552   0
   1.47783351   2.443   2.112   1.286   0.381   0
   1.47910464   2.343   1.991   1.152   0.236   0
   1.48020875   2.255   1.883   1.031   0.106   0
   1.48115885   2.175   1.786   0.923  -0.010   0
   1.48200965   2.102   1.698   0.826  -0.115   0
   1.48275185   2.042   1.621   0.741  -0.207   0
   1.48342657   1.995   1.560   0.672  -0.283   0
   1.48399627   1.953   1.506   0.611  -0.349   0
   1.48450184   1.917   1.459   0.558  -0.407   0
   1.48497164   1.893   1.428   0.525  -0.443   0
   1.48547661   1.871   1.399   0.492  -0.479   0
   1.48561919   1.867   1.394   0.486  -0.486   0
   1.48694634   1.899   1.444   0.545  -0.419   1
   1.48808551   1.788   1.294   0.376  -0.605   0
   1.48919189   1.715   1.193   0.260  -0.733   0
   1.49032700   1.672   1.134   0.192  -0.807   0
   1.49126780   1.634   1.082   0.133  -0.872   0
   1.49220514   1.535   0.940  -0.032  -1.055   0
   1.49300361   1.451   0.813  -0.183  -1.225   0
   1.49370027   1.379   0.698  -0.321  -1.382   0
   1.49430275   1.319   0.594  -0.447  -1.527   0
   1.49489844   1.244   0.472  -0.591  -1.690   0
   1.49541390   1.183   0.360  -0.727  -1.846   0
   1.49586058   1.135   0.258  -0.854  -1.994   0
   1.49629605   1.079   0.147  -0.992  -2.154   0
   1.49666810   1.019   0.036  -1.128  -2.309   0
   1.49699473   0.984  -0.059  -1.249  -2.456   0
   1.49729729   0.946  -0.158  -1.375  -2.607   0
   1.49758494   0.934  -0.245  -1.495  -2.758   0
   1.49783897   0.914  -0.339  -1.622  -2.914   0
   1.49808109   0.884  -0.443  -1.758  -3.077   0
   1.49828923   0.881  -0.531  -1.883  -3.237   0
   1.49848831   0.889  -0.616  -2.008  -3.402   0
   1.49866891   0.906  -0.693  -2.125  -3.560   0
   1.49883413   0.936  -0.765  -2.242  -3.718   0
   1.49898398   0.980  -0.828  -2.352  -3.881   0
   1.49905276   0.967  -0.847  -2.386  -3.948   2
   1.49905276   1.678   1.347   0.530  -0.365   1
   1.50000834   1.665   1.315   0.485  -0.419   0
   1.50085938   1.656   1.301   0.469  -0.438   0
   1.50123155   1.652   1.298   0.466  -0.441   0
   1.50261581   1.640   1.291   0.462  -0.443   0
   1.50404108   1.629   1.282   0.454  -0.448   0
   1.50552130   1.613   1.269   0.445  -0.456   0
   1.50704360   1.597   1.257   0.435  -0.464   0
   1.50861919   1.582   1.244   0.424  -0.473   0
   1.51026070   1.566   1.231   0.412  -0.483   0
   1.51191032   1.551   1.217   0.400  -0.494   0
   1.51353145   1.536   1.204   0.387  -0.506   0
   1.51498163   1.524   1.192   0.376  -0.517   0
   1.51512802   1.524   1.191   0.375  -0.519   0
   1.51640904   1.512   1.180   0.364  -0.530   0
   1.51770997   1.502   1.168   0.352  -0.542   0
   1.51903689   1.490   1.155   0.338  -0.557   0
   1.52041852   1.480   1.141   0.322  -0.575   0
   1.52189279   1.471   1.125   0.300  -0.600   0
   1.52343285   1.456   1.101   0.270  -0.634   0
   1.52414536   1.450   1.089   0.254  -0.654   0
   1.52506876   1.438   1.067   0.226  -0.687   0
   1.52786279   1.362   0.943   0.069  -0.870   0
   1.52804911   1.340   0.894   0.005  -0.946   0
   1.52819252   1.301   0.817  -0.093  -1.061   0
   1.52823567   1.257   0.745  -0.179  -1.160   0
   1.52826893   1.198   0.638  -0.312  -1.315   0
   1.52829266   1.130   0.512  -0.471  -1.499   0
   1.52831912   1.063   0.382  -0.636  -1.690   0
   1.52835512   1.022   0.296  -0.743  -1.817   0
   1.52848864   1.073   0.402  -0.609  -1.660   0
   1.52858317   1.079   0.416  -0.591  -1.638   1
   1.52899563   1.032   0.311  -0.725  -1.797   0
   1.52918649   0.985   0.199  -0.868  -1.967   0
   1.52934718   0.928   0.077  -1.022  -2.146   0
   1.52944565   0.912   0.000  -1.128  -2.277   0
   1.52954924   0.871  -0.096  -1.251  -2.422   0
   1.52966142   0.817  -0.203  -1.383  -2.575   0
   1.52977157   0.812  -0.298  -1.518  -2.748   0
   1.52984977   0.813  -0.393  -1.655  -2.923   0
   1.52990258   0.780  -0.495  -1.788  -3.083   0
   1.52994597   0.772  -0.578  -1.903  -3.226   0
   1.52998292   0.789  -0.646  -2.007  -3.366   0
   1.53001773   0.818  -0.705  -2.104  -3.503   0
   1.53005183   0.837  -0.768  -2.203  -3.636   0
   1.53008926   0.873  -0.821  -2.295  -3.766   0
   1.53012562   0.943  -0.873  -2.410  -3.966   0
   1.53013122   0.949  -0.866  -2.432  -4.069   0
   1.53013349   0.945  -0.870  -2.441  -4.091   0
   1.53013945   0.941  -0.872  -2.449  -4.119   0
   1.53014541   0.936  -0.875  -2.458  -4.146   0
   1.53015125   0.931  -0.879  -2.467  -4.174   0
   1.53015578   0.926  -0.881  -2.474  -4.195   0
   1.53016138   0.920  -0.884  -2.483  -4.221   0
   1.53016698   0.913  -0.887  -2.491  -4.247   0
   1.53017247   0.905  -0.890  -2.499  -4.274   0
   1.53017807   0.897  -0.894  -2.508  -4.300   0
   1.53018367   0.887  -0.898  -2.517  -4.326   0
   1.53018928   0.877  -0.903  -2.525  -4.352   0
   1.53019476   0.866  -0.907  -2.534  -4.378   0
   1.53020036   0.854  -0.913  -2.543  -4.405   0
   1.53020597   0.840  -0.918  -2.552  -4.432   0
   1.53021145   0.826  -0.919  -2.555  -4.457   2
   1.53021705   0.811  -0.916  -2.551  -4.481   0
   1.53022265   0.796  -0.913  -2.548  -4.504   0
   1.53022826   0.781  -0.911  -2.545  -4.527   0
   1.53023386   0.771  -0.907  -2.541  -4.542   0
   1.53023934   0.763  -0.906  -2.539  -4.555   0
   1.53024495   0.755  -0.904  -2.537  -4.567   0
   1.53024936   0.748  -0.903  -2.536  -4.576   0
   1.53025496   0.740  -0.902  -2.534  -4.588   0
   1.53026056   0.731  -0.901  -2.533  -4.600   0
   1.53026617   0.723  -0.900  -2.531  -4.612   0
   1.53027165   0.714  -0.899  -2.529  -4.624   0
   1.53027725   0.706  -0.898  -2.528  -4.636   0
   1.53029096   0.692  -0.895  -2.524  -4.655   0
   1.53030634   0.675  -0.893  -2.521  -4.677   0
   1.53032160   0.658  -0.891  -2.517  -4.700   0
   1.53033698   0.641  -0.889  -2.514  -4.722   0
   1.53035212   0.624  -0.887  -2.511  -4.745   0
   1.53036714   0.606  -0.885  -2.507  -4.767   0
   1.53038216   0.588  -0.883  -2.504  -4.789   0
   1.53039706   0.569  -0.882  -2.500  -4.811   0
   1.53041172   0.548  -0.882  -2.497  -4.834   0
   1.53042626   0.526  -0.881  -2.494  -4.857   0
   1.53044093   0.507  -0.880  -2.491  -4.879   0
   1.53045535   0.491  -0.877  -2.486  -4.901   0
   1.53046966   0.490  -0.856  -2.463  -4.913   0
   1.53048384   0.495  -0.830  -2.433  -4.921   0
   1.53049803   0.500  -0.803  -2.404  -4.930   0
   1.53051198   0.505  -0.776  -2.374  -4.938   0
   1.53052592   0.511  -0.749  -2.344  -4.946   0
   1.53053963   0.516  -0.722  -2.313  -4.955   0
   1.53055334   0.521  -0.694  -2.283  -4.963   0
   1.53056693   0.527  -0.667  -2.252  -4.971   0
   1.53058040   0.533  -0.639  -2.221  -4.979   0
   1.53059363   0.538  -0.611  -2.190  -4.987   0
   1.53060687   0.544  -0.583  -2.159  -4.995   0
   1.53062010   0.551  -0.554  -2.127  -5.003   0
   1.53063297   0.557  -0.525  -2.095  -5.011   0
   1.53064597   0.564  -0.496  -2.062  -5.018   0
   1.53065789   0.572  -0.465  -2.029  -5.024   0
   1.53066838   0.587  -0.425  -1.985  -5.024   0
   1.53067553   0.629  -0.350  -1.905  -5.004   0
   1.53067708   0.683  -0.263  -1.814  -4.970   0
   1.53067708   0.691  -0.250  -1.800  -4.965   0
   1.53067708   0.699  -0.237  -1.787  -4.960   0
