   0.15000001  15.210  13.643  12.064  10.121   0
   0.20000000  13.683  12.451  11.043   9.353   0
   0.25000000  12.849  11.748  10.420   8.838   0
   0.30000001  12.280  11.227   9.948   8.433   0
   0.34999999  11.833  10.812   9.571   8.105   0
   0.40000001  11.426  10.423   9.207   7.776   0
   0.44999999  11.024  10.053   8.872   7.488   0
   0.50000000  10.542   9.617   8.483   7.160   0
   0.55000001   9.983   9.121   8.044   6.798   0
   0.60000002   9.354   8.600   7.586   6.426   0
   0.68998653   7.971   7.538   6.674   5.718   0
   0.69999999   7.836   7.435   6.587   5.647   0
   0.70397341   7.777   7.392   6.550   5.618   0
   0.80000001   6.506   6.432   5.752   4.979   0
   0.84017241   6.086   6.087   5.465   4.739   0
   0.89999998   5.520   5.607   5.062   4.402   0
   0.93477553   5.233   5.345   4.838   4.210   0
   0.98215628   4.865   5.001   4.541   3.957   0
   1.00000000   4.742   4.878   4.433   3.864   0
   1.01192546   4.661   4.797   4.362   3.804   0
   1.04932547   4.409   4.545   4.141   3.615   0
   1.08070195   4.209   4.341   3.959   3.460   0
   1.10000002   4.094   4.219   3.850   3.367   0
   1.12582922   3.942   4.056   3.706   3.249   0
   1.15521860   3.773   3.875   3.546   3.117   0
   1.17988527   3.637   3.727   3.415   3.009   0
   1.20000005   3.533   3.611   3.311   2.924   0
   1.22046208   3.424   3.489   3.205   2.843   0
   1.22933233   3.378   3.437   3.160   2.808   0
   1.26649106   3.194   3.230   2.978   2.665   0
   1.29999995   3.039   3.056   2.822   2.537   0
   1.32260323   2.937   2.943   2.720   2.453   0
   1.36163867   2.765   2.754   2.545   2.302   0
   1.39999998   2.597   2.573   2.374   2.144   0
   1.42796552   2.476   2.445   2.249   2.024   1
   1.46017897   2.340   2.304   2.106   1.876   0
   1.49133730   2.211   2.175   1.968   1.721   0
   1.50000000   2.176   2.141   1.930   1.676   0
   1.50340414   2.163   2.128   1.916   1.658   0
   1.52468157   2.085   2.058   1.827   1.539   0
   1.54434466   2.021   2.005   1.750   1.425   0
   1.55356884   1.991   1.981   1.714   1.369   0
   1.56235731   1.958   1.952   1.675   1.315   0
   1.56825078   1.927   1.920   1.641   1.278   2
   1.57211816   1.891   1.879   1.606   1.253   0
   1.57509255   1.836   1.811   1.558   1.233   0
   1.57709646   1.737   1.683   1.476   1.220   0
   1.57765627   1.648   1.569   1.402   1.204   0
   1.57797956   1.527   1.436   1.315   1.175   0
   1.57801294   1.548   1.459   1.333   1.188   0
   1.57810593   1.643   1.563   1.402   1.211   4
   1.57826722   1.638   1.579   1.373   1.118   0
   1.57849431   1.619   1.578   1.333   1.019   0
   1.57887447   1.632   1.615   1.326   0.945   0
   1.57946980   1.679   1.683   1.342   0.890   0
   1.58051932   1.777   1.795   1.387   0.853   0
   1.58172548   1.924   1.938   1.464   0.860   0
   1.58268046   2.092   2.094   1.568   0.913   0
   1.58359945   2.342   2.305   1.719   1.013   0
   1.58452749   2.612   2.531   1.884   1.128   0
   1.58527029   2.768   2.639   1.952   1.162   4
   1.58729231   2.757   2.554   1.807   0.968   0
   1.58855593   2.644   2.409   1.642   0.786   0
   1.58985865   2.510   2.244   1.459   0.587   0
   1.59106708   2.382   2.088   1.286   0.400   0
   1.59241045   2.241   1.912   1.089   0.186   0
   1.59369683   2.099   1.737   0.894  -0.024   0
   1.59486592   1.974   1.581   0.718  -0.215   0
   1.59607697   1.843   1.417   0.534  -0.416   0
   1.59734237   1.714   1.246   0.340  -0.629   0
   1.59861743   1.595   1.078   0.147  -0.843   0
   1.60000002   1.473   0.902  -0.057  -1.070   0
   1.60132933   1.398   0.795  -0.181  -1.208   0
   1.60216653   1.467   0.903  -0.053  -1.063   0
   1.60266674   1.545   1.016   0.080  -0.915   0
   1.60319829   1.601   1.104   0.185  -0.795   1
   1.60403061   1.519   0.988   0.050  -0.945   0
   1.60487723   1.441   0.874  -0.082  -1.093   0
   1.60568142   1.364   0.761  -0.215  -1.241   0
   1.60649335   1.287   0.641  -0.359  -1.403   0
   1.60731292   1.218   0.523  -0.503  -1.569   0
   1.60800791   1.149   0.411  -0.635  -1.719   0
   1.60869122   1.088   0.298  -0.772  -1.877   0
   1.60927761   1.032   0.191  -0.904  -2.029   0
   1.60978401   0.994   0.100  -1.020  -2.167   0
   1.61027300   0.925  -0.016  -1.159  -2.323   0
   1.61069250   0.887  -0.109  -1.278  -2.464   0
   1.61109829   0.866  -0.193  -1.391  -2.604   0
   1.61147082   0.809  -0.305  -1.527  -2.761   0
   1.61179721   0.819  -0.374  -1.630  -2.897   0
   1.61207438   0.781  -0.469  -1.750  -3.038   0
   1.61234140   0.771  -0.546  -1.857  -3.171   0
   1.61257255   0.763  -0.624  -1.965  -3.306   0
   1.61278713   0.766  -0.692  -2.064  -3.436   0
   1.61298537   0.781  -0.753  -2.157  -3.562   0
   1.61316729   0.790  -0.816  -2.252  -3.687   0
   1.61318350   0.795  -0.819  -2.258  -3.696   2
   1.61318350   1.671   1.365   0.565  -0.317   1
   1.61460555   1.662   1.338   0.525  -0.366   0
   1.61538732   1.657   1.329   0.513  -0.382   0
   1.61641681   1.649   1.323   0.508  -0.385   0
   1.61835730   1.636   1.313   0.501  -0.390   0
   1.62036633   1.623   1.303   0.493  -0.397   0
   1.62241995   1.609   1.291   0.482  -0.406   0
   1.62452066   1.593   1.277   0.471  -0.415   0
   1.62670827   1.577   1.264   0.459  -0.426   0
   1.62892663   1.561   1.250   0.447  -0.437   0
   1.63113713   1.547   1.236   0.434  -0.448   0
   1.63334429   1.533   1.224   0.422  -0.461   0
   1.63549864   1.518   1.209   0.409  -0.473   0
   1.63747859   1.506   1.198   0.397  -0.484   0
   1.63767993   1.505   1.197   0.396  -0.485   0
   1.64027750   1.487   1.179   0.379  -0.502   0
   1.64044309   1.486   1.178   0.378  -0.503   0
   1.64224923   1.476   1.168   0.368  -0.512   0
   1.64491475   1.463   1.154   0.354  -0.527   0
   1.64828289   1.449   1.136   0.333  -0.549   0
   1.65103173   1.436   1.119   0.313  -0.573   0
   1.65410030   1.418   1.093   0.282  -0.608   0
   1.65568829   1.410   1.078   0.262  -0.631   0
   1.65789413   1.394   1.050   0.227  -0.673   0
   1.66066420   1.361   0.989   0.147  -0.768   0
   1.66145718   1.328   0.936   0.079  -0.846   0
   1.66186535   1.280   0.854  -0.026  -0.969   0
   1.66196990   1.245   0.785  -0.112  -1.071   0
   1.66204166   1.168   0.662  -0.259  -1.238   0
   1.66208148   1.094   0.543  -0.403  -1.401   0
   1.66212368   1.028   0.422  -0.554  -1.577   0
   1.66217470   0.974   0.316  -0.689  -1.734   0
   1.66220665   0.955   0.286  -0.726  -1.776   0
   1.66242337   1.010   0.392  -0.591  -1.619   0
   1.66266847   1.023   0.416  -0.560  -1.583   1
   1.66359985   0.963   0.303  -0.703  -1.749   0
   1.66406715   0.901   0.170  -0.872  -1.948   0
   1.66437840   0.856   0.064  -1.007  -2.108   0
   1.66469216   0.799  -0.064  -1.169  -2.298   0
   1.66495383   0.753  -0.183  -1.323  -2.481   0
   1.66512775   0.695  -0.308  -1.480  -2.664   0
   1.66525710   0.667  -0.409  -1.614  -2.828   0
   1.66534960   0.671  -0.483  -1.722  -2.968   0
   1.66543698   0.660  -0.572  -1.846  -3.124   0
   1.66550469   0.639  -0.656  -1.956  -3.257   0
   1.66557419   0.637  -0.732  -2.064  -3.394   0
   1.66564417   0.650  -0.793  -2.158  -3.520   0
   1.66571677   0.676  -0.848  -2.248  -3.645   0
   1.66579676   0.706  -0.910  -2.350  -3.787   0
   1.66581047   0.734  -0.945  -2.413  -3.877   2
   1.66581142   0.734  -0.947  -2.415  -3.879   0
   1.66582084   0.743  -0.959  -2.436  -3.910   0
   1.66583025   0.753  -0.971  -2.457  -3.940   0
   1.66583955   0.762  -0.983  -2.478  -3.970   0
   1.66584861   0.771  -0.995  -2.499  -3.999   0
   1.66585779   0.781  -1.007  -2.520  -4.029   0
   1.66586506   0.789  -1.016  -2.537  -4.053   0
   1.66587424   0.795  -1.024  -2.553  -4.082   0
   1.66588330   0.796  -1.026  -2.562  -4.108   0
   1.66589248   0.796  -1.027  -2.570  -4.135   0
   1.66590154   0.795  -1.029  -2.578  -4.162   0
   1.66591072   0.793  -1.030  -2.587  -4.188   0
   1.66591978   0.791  -1.033  -2.595  -4.215   0
   1.66592896   0.788  -1.035  -2.604  -4.241   0
   1.66593778   0.784  -1.037  -2.612  -4.267   0
   1.66594660   0.779  -1.040  -2.621  -4.294   0
   1.66595542   0.774  -1.043  -2.629  -4.320   0
   1.66596425   0.769  -1.046  -2.638  -4.347   0
   1.66597307   0.763  -1.049  -2.646  -4.373   0
   1.66598189   0.756  -1.052  -2.655  -4.399   0
   1.66599071   0.748  -1.055  -2.663  -4.426   0
   1.66599953   0.740  -1.059  -2.672  -4.452   0
   1.66600835   0.734  -1.061  -2.677  -4.470   0
   1.66601539   0.729  -1.063  -2.682  -4.485   0
   1.66602242   0.723  -1.065  -2.686  -4.499   0
   1.66603136   0.716  -1.068  -2.692  -4.516   0
   1.66604400   0.710  -1.070  -2.697  -4.532   0
   1.66607225   0.698  -1.075  -2.705  -4.558   0
   1.66610026   0.686  -1.080  -2.714  -4.583   0
   1.66612804   0.673  -1.085  -2.722  -4.609   3
   1.66615582   0.659  -1.083  -2.720  -4.631   0
   1.66618323   0.644  -1.080  -2.717  -4.654   0
   1.66621053   0.630  -1.077  -2.713  -4.676   0
   1.66623771   0.615  -1.075  -2.710  -4.699   0
   1.66626465   0.599  -1.072  -2.707  -4.722   0
   1.66629148   0.584  -1.070  -2.703  -4.744   0
   1.66631806   0.568  -1.067  -2.700  -4.767   0
   1.66634440   0.552  -1.065  -2.697  -4.789   0
   1.66637063   0.535  -1.063  -2.693  -4.812   0
   1.66639662   0.518  -1.061  -2.690  -4.834   0
   1.66642261   0.501  -1.059  -2.687  -4.857   0
   1.66644824   0.484  -1.057  -2.683  -4.879   0
   1.66647363   0.466  -1.055  -2.680  -4.902   0
   1.66649902   0.448  -1.053  -2.676  -4.924   0
   1.66652405   0.429  -1.051  -2.673  -4.947   0
   1.66654897   0.407  -1.052  -2.671  -4.970   0
   1.66657376   0.384  -1.052  -2.668  -4.993   0
   1.66659832   0.363  -1.052  -2.665  -5.016   0
   1.66662264   0.345  -1.050  -2.661  -5.038   0
   1.66664684   0.328  -1.046  -2.656  -5.060   0
   1.66667080   0.320  -1.035  -2.643  -5.077   0
   1.66669464   0.325  -1.008  -2.613  -5.085   0
   1.66671824   0.330  -0.981  -2.583  -5.094   0
   1.66674161   0.336  -0.954  -2.553  -5.103   0
   1.66676486   0.341  -0.927  -2.523  -5.111   0
   1.66678786   0.346  -0.900  -2.493  -5.119   0
   1.66681075   0.352  -0.872  -2.462  -5.128   0
   1.66683340   0.357  -0.845  -2.431  -5.136   0
   1.66685593   0.363  -0.817  -2.400  -5.144   0
   1.66687834   0.369  -0.788  -2.369  -5.152   0
   1.66690040   0.375  -0.760  -2.337  -5.160   0
   1.66692221   0.381  -0.731  -2.305  -5.168   0
   1.66694391   0.387  -0.702  -2.273  -5.176   0
   1.66696262   0.395  -0.674  -2.242  -5.182   0
   1.66698050   0.406  -0.640  -2.205  -5.184   0
   1.66699207   0.426  -0.599  -2.161  -5.178   0
   1.66699469   0.440  -0.574  -2.135  -5.170   0
   1.66699600   0.456  -0.548  -2.107  -5.160   0
   1.66699719   0.475  -0.518  -2.075  -5.149   0
   1.66699839   0.502  -0.474  -2.030  -5.131   0
   1.66699851   0.530  -0.431  -1.984  -5.114   0
