   0.15000001  15.218  13.648  12.068  10.124   0
   0.20000000  13.704  12.469  11.059   9.365   0
   0.25000000  12.885  11.780  10.449   8.864   0
   0.30000001  12.325  11.270   9.990   8.471   0
   0.34999999  11.880  10.859   9.617   8.150   0
   0.40000001  11.437  10.434   9.218   7.785   0
   0.44999999  11.041  10.070   8.888   7.503   0
   0.50000000  10.569   9.642   8.505   7.179   0
   0.55000001  10.017   9.152   8.073   6.824   0
   0.60000002   9.409   8.647   7.629   6.463   0
   0.69999999   7.949   7.524   6.664   5.712   0
   0.80000001   6.662   6.557   5.860   5.071   0
   0.89999998   5.706   5.779   5.214   4.537   0
   1.00000000   4.964   5.103   4.638   4.049   0
   1.10000002   4.367   4.510   4.122   3.616   0
   1.20000005   3.877   3.987   3.666   3.246   0
   1.29999995   3.453   3.502   3.253   2.949   0
   1.39999998   3.086   3.077   2.901   2.717   0
   1.50000000   2.770   2.735   2.627   2.535   0
   1.60000002   2.473   2.461   2.408   2.379   0
   1.70000005   2.203   2.243   2.226   2.236   0
   1.79999995   1.962   2.058   2.068   2.101   0
   1.89999998   1.752   1.905   1.937   1.987   0
   2.00000000   1.548   1.757   1.807   1.870   0
   2.20000005   1.213   1.511   1.584   1.665   0
   2.50000000   0.783   1.187   1.282   1.384   0
   2.83018494   0.386   0.876   0.988   1.109   0
   3.00000000   0.205   0.732   0.853   0.982   0
   3.50000000  -0.253   0.359   0.499   0.648   0
   4.00000000  -0.637   0.039   0.196   0.362   0
   4.50000000  -0.969  -0.241  -0.070   0.110   0
   5.00000000  -1.252  -0.480  -0.298  -0.105   0
   6.00000000  -1.770  -0.925  -0.724  -0.511   0
   7.00000000  -2.205  -1.306  -1.089  -0.859   0
   9.00000000  -2.933  -1.953  -1.715  -1.461   0
  10.23058891  -3.302  -2.287  -2.038  -1.773   0
  12.00000000  -3.780  -2.720  -2.456  -2.175   0
  15.00000000  -4.453  -3.335  -3.055  -2.759   0
  18.20508003  -4.995  -3.840  -3.552  -3.253   0
  20.00000000  -5.264  -4.096  -3.806  -3.507   0
  25.13129997  -5.836  -4.655  -4.359  -4.056   0
  30.00000000  -6.334  -5.149  -4.851  -4.546   1
  30.53531837  -6.379  -5.193  -4.896  -4.591   0
  37.44819641  -6.997  -5.816  -5.520  -5.217   0
  40.00000000  -7.253  -6.077  -5.785  -5.486   0
  43.61804962  -7.556  -6.390  -6.102  -5.806   0
  50.65905380  -8.265  -7.156  -6.891  -6.618   0
  53.89167404  -8.846  -7.873  -7.656  -7.445   2
  56.33992386  -8.703  -7.634  -7.393  -7.150   0
  56.41393661  -8.696  -7.627  -7.384  -7.140   0
  56.87897491  -8.643  -7.569  -7.318  -7.061   0
  56.95218277  -8.563  -7.460  -7.196  -6.924   0
  56.97542953  -8.544  -7.418  -7.150  -6.874   1
  56.99546814  -8.603  -7.498  -7.234  -6.961   0
  56.99615860  -8.605  -7.502  -7.237  -6.965   0
  57.00431442  -8.646  -7.562  -7.301  -7.031   0
  57.01080704  -8.704  -7.625  -7.371  -7.110   0
  57.01702118  -8.762  -7.691  -7.443  -7.191   0
  57.02282333  -8.838  -7.769  -7.529  -7.287   0
  57.02820587  -8.916  -7.863  -7.630  -7.399   0
  57.03304291  -8.968  -7.946  -7.719  -7.496   0
  57.03842545  -9.058  -8.086  -7.869  -7.657   0
  57.04201126  -9.127  -8.194  -7.983  -7.781   0
  57.04670715  -9.246  -8.355  -8.159  -7.975   0
  57.05222702  -9.445  -8.594  -8.423  -8.273   0
  57.05788803  -9.613  -8.885  -8.735  -8.616   0
  57.06368256  -9.857  -9.301  -9.191  -9.126   0
  57.07003403 -10.082  -9.874  -9.830  -9.858   0
  57.07500076 -10.015 -10.099 -10.163 -10.319   0
  57.08092880  -9.862 -10.076 -10.207 -10.464   3
  57.08478928  -9.746 -10.016 -10.201 -10.530   0
  57.08740997  -9.673  -9.969 -10.196 -10.570   0
  57.08934021  -9.637  -9.939 -10.193 -10.591   0
  57.09278870  -9.609  -9.918 -10.195 -10.615   0
  57.09444046  -9.595  -9.907 -10.196 -10.626   0
  57.09775162  -9.568  -9.885 -10.199 -10.649   0
  57.10106277  -9.545  -9.867 -10.202 -10.670   0
  57.10437012  -9.525  -9.852 -10.205 -10.690   0
  57.10754395  -9.502  -9.839 -10.208 -10.706   0
  57.11085129  -9.480  -9.827 -10.211 -10.723   0
  57.11567688  -9.455  -9.814 -10.217 -10.744   0
  57.12215424  -9.428  -9.800 -10.226 -10.771   0
  57.13014603  -9.403  -9.787 -10.233 -10.793   0
  57.14448166  -9.373  -9.772 -10.243 -10.824   0
  57.17243576  -9.330  -9.751 -10.261 -10.874   0
  57.34920883  -9.573  -9.926 -10.320 -10.840   3
  57.38485718  -8.997  -7.926  -7.677  -7.425   0
  57.39820480  -8.825  -7.705  -7.438  -7.164   0
  57.41905212  -8.621  -7.476  -7.194  -6.902   0
  57.43606186  -8.496  -7.331  -7.043  -6.747   0
  57.44721985  -8.452  -7.280  -6.990  -6.694   0
  57.45673752  -8.295  -7.112  -6.816  -6.511   0
  57.46002960  -8.274  -7.090  -6.793  -6.488   0
  57.47009659  -8.243  -7.056  -6.758  -6.454   0
  57.49699020  -8.179  -6.987  -6.687  -6.383   0
  57.55045319  -8.099  -6.902  -6.600  -6.294   0
  57.61089706  -8.016  -6.814  -6.509  -6.200   0
  57.65855408  -7.938  -6.732  -6.425  -6.114   0
  57.68935394  -7.883  -6.674  -6.366  -6.054   0
  57.76327515  -7.744  -6.529  -6.217  -5.903   0
  57.88188553  -7.576  -6.354  -6.039  -5.722   0
  57.99897385  -7.446  -6.217  -5.902  -5.587   1
  58.13755035  -7.373  -6.133  -5.824  -5.520   0
  58.30360794  -7.188  -5.939  -5.629  -5.325   0
  59.07555008  -6.242  -4.972  -4.642  -4.315   0
  59.71433640  -5.712  -4.435  -4.097  -3.760   0
  60.00000000  -5.575  -4.295  -3.956  -3.617   0
  60.12208939  -5.558  -4.277  -3.938  -3.599   0
  61.32295609  -5.528  -4.247  -3.906  -3.566   0
  61.93891525  -5.477  -4.194  -3.852  -3.512   0
  62.28762054  -5.410  -4.126  -3.783  -3.441   0
  62.53314590  -5.336  -4.052  -3.708  -3.365   0
  62.74779892  -5.262  -3.976  -3.632  -3.287   0
  62.95243835  -5.188  -3.901  -3.556  -3.210   0
  63.15403366  -5.114  -3.826  -3.480  -3.133   0
  63.41166306  -5.044  -3.756  -3.408  -3.060   0
  63.69303131  -4.974  -3.685  -3.337  -2.988   0
  63.71042633  -4.960  -3.671  -3.323  -2.974   0
  64.02756500  -4.854  -3.565  -3.216  -2.867   0
  64.18637848  -4.774  -3.484  -3.135  -2.785   0
  65.00001526  -4.769  -3.480  -3.132  -2.783   0
  65.90715027  -4.730  -3.441  -3.093  -2.744   0
  66.80168915  -4.672  -3.383  -3.036  -2.687   0
  67.55667114  -4.633  -3.345  -2.997  -2.648   0
  67.84542847  -4.616  -3.327  -2.979  -2.630   0
  67.98030853  -4.679  -3.390  -3.042  -2.694   3
  68.01869965  -4.523  -3.232  -2.883  -2.533   0
  68.04759979  -4.799  -3.511  -3.164  -2.816   0
  68.06699371  -4.410  -3.117  -2.766  -2.413   0
