   0.15000001  15.217  13.648  12.068  10.124   0
   0.20000000  13.703  12.468  11.058   9.365   0
   0.25000000  12.884  11.779  10.448   8.863   0
   0.30000001  12.323  11.268   9.988   8.470   0
   0.34999999  11.878  10.857   9.615   8.148   0
   0.40000001  11.436  10.433   9.217   7.785   0
   0.44999999  11.041  10.069   8.887   7.502   0
   0.50000000  10.568   9.641   8.504   7.178   0
   0.55000001  10.016   9.151   8.072   6.823   0
   0.60000002   9.406   8.644   7.626   6.461   0
   0.69999999   7.943   7.519   6.660   5.708   0
   0.80000001   6.652   6.549   5.853   5.065   0
   0.89999998   5.691   5.764   5.199   4.523   0
   1.00000000   4.949   5.088   4.625   4.037   0
   1.10000002   4.352   4.493   4.107   3.602   0
   1.20000005   3.860   3.969   3.648   3.230   0
   1.29999995   3.437   3.486   3.237   2.931   0
   1.39999998   3.072   3.062   2.886   2.702   0
   1.50000000   2.749   2.713   2.606   2.514   0
   1.60000002   2.454   2.441   2.387   2.357   0
   1.70000005   2.183   2.219   2.201   2.209   0
   1.79999995   1.940   2.029   2.037   2.068   0
   1.89999998   1.718   1.861   1.891   1.938   0
   2.00000000   1.515   1.708   1.754   1.813   0
   2.20000005   1.151   1.428   1.496   1.572   0
   2.37975407   0.866   1.205   1.286   1.374   0
   2.50000000   0.687   1.064   1.153   1.249   0
   3.00000000   0.041   0.538   0.654   0.774   0
   3.11315441  -0.086   0.432   0.552   0.677   0
   3.50000000  -0.500   0.081   0.216   0.355   0
   3.66158080  -0.658  -0.056   0.085   0.229   0
   4.00000000  -0.977  -0.336  -0.185  -0.031   0
   4.08893585  -1.058  -0.407  -0.254  -0.097   0
   4.42990541  -1.373  -0.690  -0.528  -0.364   0
   4.50000000  -1.440  -0.752  -0.588  -0.423   0
   4.72820997  -1.657  -0.952  -0.784  -0.615   0
   4.96604061  -1.894  -1.175  -1.003  -0.831   0
   5.00000000  -1.929  -1.209  -1.036  -0.863   0
   5.18316984  -2.121  -1.396  -1.221  -1.048   0
   5.35837936  -2.320  -1.593  -1.417  -1.244   1
   5.50780439  -2.506  -1.781  -1.606  -1.435   0
   5.63594723  -2.683  -1.964  -1.791  -1.623   0
   5.74508429  -2.851  -2.144  -1.973  -1.810   0
   5.83772802  -3.012  -2.318  -2.151  -1.993   0
   5.87871504  -3.088  -2.402  -2.236  -2.082   0
   5.91647577  -3.160  -2.480  -2.315  -2.162   0
   5.93939209  -3.200  -2.521  -2.356  -2.204   0
   5.95644951  -3.223  -2.538  -2.372  -2.219   3
   5.96836042  -3.228  -2.529  -2.361  -2.203   0
   5.97654581  -3.212  -2.486  -2.311  -2.144   0
   5.97892666  -3.204  -2.456  -2.274  -2.101   0
   5.98033285  -3.207  -2.435  -2.248  -2.067   0
   5.98047400  -3.200  -2.429  -2.243  -2.062   0
   5.98085546  -3.178  -2.430  -2.249  -2.076   0
   5.98123741  -3.220  -2.499  -2.324  -2.159   0
   5.98172808  -3.343  -2.655  -2.489  -2.335   0
   5.98232794  -3.492  -2.841  -2.684  -2.544   0
   5.98284531  -3.595  -2.976  -2.827  -2.699   0
   5.98341751  -3.692  -3.111  -2.971  -2.856   0
   5.98407125  -3.792  -3.258  -3.129  -3.030   0
   5.98475170  -3.887  -3.411  -3.293  -3.212   0
   5.98524237  -3.950  -3.522  -3.414  -3.347   0
   5.98573208  -4.006  -3.636  -3.540  -3.490   0
   5.98614168  -4.046  -3.736  -3.652  -3.617   0
   5.98652935  -4.075  -3.837  -3.764  -3.746   0
   5.98693895  -4.090  -3.944  -3.887  -3.890   0
   5.98734808  -4.072  -4.047  -4.012  -4.044   0
   5.98754215  -4.047  -4.086  -4.068  -4.120   0
   5.98775721  -4.000  -4.114  -4.122  -4.205   0
   5.98795080  -3.931  -4.105  -4.152  -4.284   0
   5.98816586  -3.827  -4.046  -4.158  -4.373   3
   5.98835993  -3.704  -3.920  -4.132  -4.455   0
   5.98855352  -3.554  -3.748  -4.076  -4.526   0
   5.98874712  -3.328  -3.519  -3.987  -4.583   0
   5.98896217  -2.879  -3.162  -3.836  -4.609   0
   5.98915577  -2.462  -2.872  -3.685  -4.565   0
   5.98930645  -2.191  -2.685  -3.570  -4.505   0
   5.98952103  -1.878  -2.505  -3.476  -4.478   0
   5.98965025  -1.733  -2.446  -3.469  -4.510   4
   5.98987341  -1.672  -2.537  -3.637  -4.742   0
   5.99004698  -1.659  -2.600  -3.737  -4.872   0
   5.99029541  -1.653  -2.651  -3.816  -4.974   0
   5.99084139  -1.644  -2.710  -3.907  -5.090   0
   5.99153566  -1.639  -2.771  -4.000  -5.208   0
   5.99230433  -1.653  -2.832  -4.081  -5.308   0
   5.99346924  -1.665  -2.876  -4.139  -5.379   0
   5.99505424  -1.671  -2.892  -4.159  -5.402   2
   6.00000000  -1.673  -2.882  -4.145  -5.383   0
   6.02649117  -1.686  -2.834  -4.069  -5.283   0
   6.04739237  -1.705  -2.776  -3.976  -5.160   0
   6.06770849  -1.752  -2.737  -3.895  -5.045   0
   6.09622955  -1.919  -2.777  -3.873  -4.971   4
   6.09763479  -1.935  -2.785  -3.877  -4.971   0
   6.10984373  -2.296  -3.013  -4.030  -5.061   0
   6.11303616  -2.791  -3.320  -4.214  -5.149   0
   6.11486673  -3.209  -3.578  -4.332  -5.162   0
   6.11604595  -3.440  -3.736  -4.392  -5.149   0
   6.11728334  -3.626  -3.875  -4.444  -5.128   0
   6.11910725  -3.802  -4.021  -4.498  -5.101   0
   6.12095976  -3.923  -4.135  -4.540  -5.072   0
   6.12338924  -4.039  -4.254  -4.581  -5.033   0
   6.12580442  -4.126  -4.347  -4.612  -4.998   0
   6.12819338  -4.205  -4.434  -4.636  -4.955   0
   6.13113976  -4.288  -4.514  -4.653  -4.903   0
   6.13400936  -4.355  -4.571  -4.662  -4.859   0
   6.13739395  -4.421  -4.608  -4.661  -4.810   0
   6.14124632  -4.481  -4.622  -4.646  -4.757   0
   6.14543533  -4.534  -4.627  -4.626  -4.706   0
   6.15026045  -4.573  -4.605  -4.590  -4.650   0
   6.15588427  -4.607  -4.578  -4.549  -4.591   0
   6.16207123  -4.631  -4.544  -4.504  -4.533   0
   6.16971159  -4.649  -4.507  -4.457  -4.474   0
   6.18223906  -4.671  -4.475  -4.416  -4.421   0
   6.18906069  -4.681  -4.476  -4.415  -4.418   1
   6.20252514  -4.708  -4.549  -4.498  -4.512   0
   6.20752764  -4.716  -4.604  -4.561  -4.586   0
   6.21401310  -4.713  -4.672  -4.641  -4.683   0
   6.21699953  -4.697  -4.719  -4.701  -4.760   0
   6.22012138  -4.674  -4.762  -4.760  -4.839   0
   6.22348213  -4.604  -4.772  -4.807  -4.935   0
   6.22567320  -4.522  -4.735  -4.821  -5.014   3
   6.22664690  -4.433  -4.663  -4.817  -5.086   0
   6.22719479  -4.369  -4.601  -4.807  -5.134   0
   6.22806358  -4.228  -4.451  -4.766  -5.204   0
   6.22839260  -4.139  -4.358  -4.734  -5.237   0
   6.22869110  -4.012  -4.237  -4.689  -5.267   0
   6.22892475  -3.877  -4.117  -4.643  -5.289   0
   6.22910023  -3.732  -4.000  -4.595  -5.300   0
   6.22934914  -3.466  -3.805  -4.509  -5.301   0
   6.22957087  -3.204  -3.620  -4.414  -5.275   0
   6.22980404  -2.855  -3.379  -4.267  -5.198   0
   6.22993422  -2.629  -3.226  -4.168  -5.142   0
   6.23016071  -2.186  -2.945  -3.988  -5.040   4
   6.23030138  -2.013  -2.903  -4.014  -5.122   0
   6.23042679  -1.941  -2.934  -4.095  -5.245   0
   6.23136950  -1.820  -2.970  -4.206  -5.417   0
   6.23169374  -1.802  -3.032  -4.303  -5.546   0
   6.23223686  -1.798  -3.118  -4.428  -5.706   0
   6.23288536  -1.777  -3.182  -4.531  -5.840   0
   6.23372889  -1.745  -3.245  -4.634  -5.979   0
   6.23470879  -1.696  -3.297  -4.729  -6.115   0
   6.23570776  -1.650  -3.347  -4.821  -6.247   0
   6.23648739  -1.605  -3.390  -4.903  -6.366   0
   6.23717785  -1.591  -3.452  -4.999  -6.494   2
   6.23785591  -1.641  -3.488  -5.029  -6.516   0
