   0.15000001  15.217  13.648  12.068  10.124   0
   0.20000000  13.703  12.468  11.058   9.365   0
   0.25000000  12.884  11.779  10.448   8.863   0
   0.30000001  12.323  11.268   9.988   8.470   0
   0.34999999  11.879  10.857   9.615   8.148   0
   0.40000001  11.436  10.433   9.217   7.785   0
   0.44999999  11.041  10.069   8.888   7.502   0
   0.50000000  10.568   9.641   8.504   7.178   0
   0.55000001  10.016   9.151   8.072   6.823   0
   0.60000002   9.406   8.644   7.626   6.461   0
   0.69999999   7.943   7.519   6.660   5.708   0
   0.80000001   6.653   6.550   5.853   5.065   0
   0.89999998   5.692   5.765   5.200   4.523   0
   1.00000000   4.950   5.089   4.626   4.038   0
   1.10000002   4.353   4.495   4.108   3.603   0
   1.20000005   3.861   3.970   3.650   3.231   0
   1.29999995   3.439   3.488   3.239   2.933   0
   1.39999998   3.075   3.064   2.889   2.704   0
   1.50000000   2.751   2.716   2.609   2.516   0
   1.60000002   2.457   2.444   2.390   2.360   0
   1.70000005   2.187   2.223   2.205   2.213   0
   1.79999995   1.944   2.034   2.042   2.073   0
   1.89999998   1.723   1.867   1.897   1.944   0
   2.00000000   1.520   1.715   1.761   1.820   0
   2.20000005   1.158   1.438   1.506   1.583   0
   2.49339175   0.708   1.085   1.174   1.270   0
   2.50000000   0.699   1.077   1.167   1.264   0
   2.51290321   0.681   1.063   1.153   1.251   0
   3.00000000   0.060   0.559   0.675   0.796   0
   3.27831054  -0.242   0.307   0.434   0.566   0
   3.50000000  -0.469   0.114   0.249   0.389   0
   3.86366582  -0.811  -0.181  -0.034   0.118   0
   4.00000000  -0.935  -0.289  -0.138   0.018   0
   4.32085037  -1.212  -0.534  -0.374  -0.210   0
   4.50000000  -1.370  -0.676  -0.511  -0.343   0
   4.70272255  -1.547  -0.836  -0.667  -0.495   0
   5.00000000  -1.815  -1.084  -0.909  -0.732   0
   5.01957226  -1.833  -1.100  -0.925  -0.748   0
   5.27447701  -2.073  -1.328  -1.149  -0.969   0
   5.49062777  -2.289  -1.538  -1.356  -1.175   1
   5.67623043  -2.490  -1.736  -1.554  -1.373   0
   5.83451891  -2.678  -1.926  -1.745  -1.566   0
   5.97026300  -2.857  -2.112  -1.931  -1.756   0
   6.00000000  -2.901  -2.158  -1.978  -1.803   0
   6.09134007  -3.034  -2.299  -2.121  -1.950   0
   6.19048548  -3.195  -2.474  -2.300  -2.135   0
   6.23401833  -3.271  -2.558  -2.386  -2.223   0
   6.27396917  -3.342  -2.635  -2.464  -2.304   0
   6.30057049  -3.387  -2.680  -2.509  -2.350   0
   6.31743908  -3.408  -2.698  -2.526  -2.365   3
   6.33086586  -3.414  -2.691  -2.517  -2.352   0
   6.34008455  -3.398  -2.648  -2.467  -2.294   0
   6.34276676  -3.387  -2.616  -2.429  -2.249   0
   6.34437323  -3.391  -2.594  -2.402  -2.214   0
   6.34452772  -3.385  -2.589  -2.397  -2.209   0
   6.34504461  -3.357  -2.588  -2.402  -2.223   0
   6.34545946  -3.419  -2.679  -2.500  -2.330   0
   6.34596729  -3.549  -2.842  -2.671  -2.512   0
   6.34641266  -3.658  -2.977  -2.812  -2.664   0
   6.34691191  -3.761  -3.110  -2.953  -2.816   0
   6.34746408  -3.861  -3.243  -3.096  -2.971   0
   6.34806108  -3.958  -3.382  -3.244  -3.134   0
   6.34869289  -4.053  -3.527  -3.400  -3.306   0
   6.34913397  -4.116  -3.629  -3.510  -3.429   0
   6.34958792  -4.177  -3.736  -3.628  -3.561   0
   6.35004568  -4.234  -3.849  -3.753  -3.702   0
   6.35048389  -4.279  -3.960  -3.876  -3.842   0
   6.35092592  -4.312  -4.079  -4.009  -3.995   0
   6.35114670  -4.323  -4.141  -4.078  -4.076   0
   6.35136795  -4.323  -4.201  -4.148  -4.159   0
   6.35158873  -4.314  -4.258  -4.219  -4.247   0
   6.35180950  -4.291  -4.310  -4.288  -4.336   0
   6.35203457  -4.243  -4.345  -4.348  -4.427   0
   6.35225534  -4.165  -4.340  -4.385  -4.518   0
   6.35247612  -4.055  -4.278  -4.391  -4.610   3
   6.35267591  -3.926  -4.145  -4.363  -4.694   0
   6.35282564  -3.805  -4.009  -4.321  -4.754   0
   6.35295057  -3.682  -3.876  -4.272  -4.795   0
   6.35302925  -3.570  -3.769  -4.229  -4.816   0
   6.35311270  -3.427  -3.644  -4.179  -4.835   0
   6.35318804  -3.268  -3.515  -4.125  -4.846   0
   6.35330009  -2.996  -3.320  -4.037  -4.842   0
   6.35344553  -2.656  -3.089  -3.916  -4.805   0
   6.35362482  -2.317  -2.858  -3.775  -4.732   0
   6.35384941  -1.976  -2.671  -3.680  -4.710   4
   6.35388708  -1.938  -2.658  -3.683  -4.724   0
   6.35405540  -1.837  -2.681  -3.771  -4.866   0
   6.35419178  -1.799  -2.744  -3.883  -5.018   0
   6.35445595  -1.788  -2.827  -4.011  -5.183   0
   6.35515261  -1.779  -2.903  -4.127  -5.330   0
   6.35603142  -1.766  -2.970  -4.230  -5.466   0
   6.35726452  -1.779  -3.040  -4.325  -5.582   0
   6.35970306  -1.783  -3.063  -4.356  -5.620   2
   6.39211750  -1.812  -3.010  -4.268  -5.500   0
   6.41356611  -1.836  -2.958  -4.181  -5.382   0
   6.43441582  -1.885  -2.924  -4.107  -5.276   0
   6.46368980  -2.050  -2.965  -4.087  -5.205   4
   6.46513176  -2.063  -2.970  -4.090  -5.204   0
   6.47780657  -2.443  -3.207  -4.249  -5.298   0
   6.48112154  -3.136  -3.630  -4.487  -5.394   0
   6.48302174  -3.682  -3.980  -4.628  -5.377   0
   6.48424578  -3.872  -4.125  -4.681  -5.354   0
   6.48553085  -4.015  -4.243  -4.724  -5.329   0
   6.48742437  -4.135  -4.356  -4.765  -5.299   0
   6.48934746  -4.234  -4.455  -4.798  -5.266   0
   6.49186993  -4.339  -4.565  -4.832  -5.222   0
   6.49437714  -4.419  -4.652  -4.855  -5.180   0
   6.49685764  -4.490  -4.720  -4.870  -5.136   0
   6.49991703  -4.566  -4.787  -4.882  -5.087   3
   6.50289631  -4.626  -4.818  -4.880  -5.041   0
   6.50641060  -4.685  -4.841  -4.871  -4.992   0
   6.51041031  -4.740  -4.844  -4.849  -4.938   0
   6.51475954  -4.780  -4.828  -4.817  -4.885   0
   6.51976919  -4.817  -4.806  -4.780  -4.829   0
   6.52560902  -4.840  -4.767  -4.732  -4.768   0
   6.53203344  -4.858  -4.730  -4.685  -4.709   0
   6.53996658  -4.873  -4.692  -4.639  -4.651   0
   6.55297518  -4.887  -4.659  -4.597  -4.598   0
   6.56005859  -4.896  -4.657  -4.593  -4.591   1
   6.57284832  -4.928  -4.727  -4.671  -4.680   0
   6.57760048  -4.936  -4.767  -4.717  -4.734   0
   6.58376217  -4.943  -4.839  -4.799  -4.830   0
   6.58659983  -4.936  -4.888  -4.858  -4.901   0
   6.58956623  -4.920  -4.940  -4.923  -4.984   0
   6.59275961  -4.872  -4.981  -4.988  -5.082   0
   6.59484148  -4.796  -4.977  -5.027  -5.175   0
   6.59576702  -4.721  -4.944  -5.038  -5.243   3
   6.59628773  -4.663  -4.893  -5.032  -5.288   0
   6.59711313  -4.538  -4.772  -5.006  -5.364   0
   6.59742594  -4.460  -4.691  -4.985  -5.403   0
   6.59770966  -4.356  -4.583  -4.949  -5.440   0
   6.59793139  -4.254  -4.484  -4.912  -5.466   0
   6.59809828  -4.162  -4.397  -4.877  -5.481   0
   6.59833479  -3.980  -4.244  -4.811  -5.492   0
   6.59854555  -3.765  -4.075  -4.732  -5.487   0
   6.59876680  -3.411  -3.818  -4.599  -5.450   0
   6.59889078  -3.127  -3.631  -4.496  -5.410   0
   6.59911537  -2.574  -3.272  -4.275  -5.293   0
   6.59925461  -2.329  -3.142  -4.215  -5.288   4
   6.59937859  -2.179  -3.105  -4.233  -5.352   0
   6.60031176  -1.946  -3.118  -4.364  -5.583   0
   6.60063314  -1.927  -3.176  -4.455  -5.704   0
   6.60117102  -1.908  -3.257  -4.580  -5.867   0
   6.60181332  -1.880  -3.318  -4.680  -6.000   0
   6.60264874  -1.848  -3.379  -4.781  -6.135   0
   6.60361862  -1.802  -3.428  -4.872  -6.265   0
   6.60460806  -1.755  -3.473  -4.957  -6.390   0
   6.60538054  -1.714  -3.510  -5.028  -6.495   0
   6.60606384  -1.688  -3.555  -5.104  -6.600   0
   6.60673523  -1.694  -3.589  -5.150  -6.657   0
