   0.15000001  15.662  14.048  12.440  10.266   0
   0.20000000  14.478  13.032  11.516   9.566   0
   0.25000000  13.763  12.408  10.938   9.106   0
   0.30000001  13.184  11.895  10.469   8.722   0
   0.34999999  12.694  11.459  10.072   8.396   0
   0.40000001  12.188  10.994   9.639   8.026   0
   0.44999999  11.735  10.576   9.262   7.715   0
   0.50000000  11.251  10.121   8.855   7.377   0
   0.55000001  10.709   9.624   8.416   7.020   0
   0.60000002  10.161   9.143   7.997   6.682   0
   0.69999999   8.798   8.043   7.055   5.953   0
   0.80000001   7.331   6.959   6.142   5.255   0
   0.89999998   6.199   6.091   5.420   4.674   0
   1.00000000   5.371   5.391   4.827   4.172   0
   1.10000002   4.652   4.731   4.260   3.689   0
   1.17426693   4.224   4.314   3.899   3.384   0
   1.20000005   4.088   4.177   3.779   3.283   0
   1.24657583   3.862   3.941   3.575   3.119   0
   1.29999995   3.616   3.684   3.353   2.941   0
   1.32146573   3.526   3.583   3.268   2.881   0
   1.39999998   3.213   3.234   2.975   2.670   0
   1.50000000   2.853   2.827   2.639   2.444   0
   1.60000002   2.534   2.486   2.363   2.251   0
   1.70000005   2.247   2.207   2.133   2.079   0
   1.79999995   1.987   1.975   1.935   1.916   0
   1.82686257   1.920   1.917   1.884   1.874   0
   1.85000002   1.863   1.869   1.843   1.838   0
   1.89999998   1.740   1.764   1.749   1.754   0
   2.00000000   1.508   1.567   1.572   1.596   0
   2.10971379   1.268   1.370   1.393   1.429   0
   2.20000005   1.074   1.209   1.245   1.290   0
   2.34535933   0.784   0.967   1.019   1.075   0
   2.50000000   0.482   0.711   0.775   0.841   0
   2.52485776   0.437   0.671   0.738   0.804   0
   2.67772841   0.155   0.420   0.495   0.566   0
   2.80555820  -0.084   0.201   0.281   0.354   0
   2.91347194  -0.288   0.004   0.087   0.161   0
   3.00000000  -0.457  -0.165  -0.081  -0.009   1
   3.01259708  -0.481  -0.189  -0.105  -0.033   0
   3.09346008  -0.639  -0.354  -0.271  -0.201   0
   3.16341019  -0.782  -0.512  -0.431  -0.365   0
   3.22369790  -0.912  -0.663  -0.584  -0.524   0
   3.27591157  -1.027  -0.805  -0.731  -0.677   0
   3.29913640  -1.081  -0.872  -0.799  -0.749   0
   3.32067037  -1.135  -0.935  -0.864  -0.816   0
   3.33483815  -1.174  -0.975  -0.904  -0.857   0
   3.34460688  -1.205  -0.997  -0.924  -0.875   0
   3.35217142  -1.238  -1.004  -0.926  -0.872   3
   3.35726953  -1.278  -0.987  -0.900  -0.835   0
   3.35872316  -1.313  -0.977  -0.882  -0.808   0
   3.35951662  -1.354  -0.979  -0.878  -0.795   0
   3.35967946  -1.320  -0.956  -0.857  -0.777   0
   3.35989380  -1.267  -0.945  -0.853  -0.781   0
   3.36018538  -1.306  -1.033  -0.948  -0.887   0
   3.36059666  -1.393  -1.173  -1.097  -1.047   0
   3.36117506  -1.453  -1.295  -1.230  -1.195   0
   3.36194158  -1.482  -1.399  -1.351  -1.334   0
   3.36216426  -1.484  -1.422  -1.380  -1.370   0
   3.36279202  -1.480  -1.478  -1.453  -1.461   0
   3.36348557  -1.456  -1.520  -1.521  -1.558   0
   3.36397290  -1.422  -1.529  -1.556  -1.623   0
   3.36447096  -1.372  -1.521  -1.583  -1.690   0
   3.36496878  -1.300  -1.479  -1.590  -1.755   3
   3.36546612  -1.207  -1.382  -1.570  -1.820   0
   3.36595559  -1.081  -1.229  -1.512  -1.875   0
   3.36619687  -0.998  -1.133  -1.469  -1.897   0
   3.36643052  -0.892  -1.020  -1.416  -1.913   0
   3.36689377  -0.595  -0.742  -1.277  -1.913   0
   3.36734223  -0.220  -0.441  -1.102  -1.843   0
   3.36777592   0.178  -0.138  -0.894  -1.712   0
   3.36820197   0.514   0.100  -0.735  -1.616   4
   3.36878896   0.643   0.094  -0.828  -1.780   0
   3.36929774   0.626  -0.013  -0.982  -1.974   0
   3.36984634   0.578  -0.115  -1.112  -2.128   0
   3.37051868   0.524  -0.220  -1.244  -2.282   0
   3.37122035   0.470  -0.325  -1.377  -2.435   0
   3.37183738   0.439  -0.408  -1.485  -2.565   0
   3.37249708   0.404  -0.497  -1.599  -2.701   0
   3.37312222   0.375  -0.581  -1.707  -2.832   0
   3.37375021   0.367  -0.656  -1.812  -2.964   0
   3.37435055   0.344  -0.717  -1.891  -3.057   0
   3.37483048   0.326  -0.760  -1.946  -3.122   2
   3.37768745   0.343  -0.706  -1.874  -3.036   0
   3.38116646   0.357  -0.643  -1.789  -2.932   0
   3.38394284   0.358  -0.586  -1.706  -2.826   0
   3.38635588   0.379  -0.514  -1.611  -2.709   0
   3.38856626   0.404  -0.439  -1.514  -2.592   0
   3.39095998   0.439  -0.351  -1.400  -2.457   0
   3.39366007   0.488  -0.250  -1.272  -2.306   0
   3.39683557   0.542  -0.147  -1.143  -2.156   0
   3.40178657   0.586  -0.042  -1.005  -1.992   0
   3.41271734   0.496  -0.022  -0.922  -1.856   4
   3.44333482  -0.367  -0.676  -1.409  -2.207   0
   3.48358178  -0.557  -0.860  -1.582  -2.371   0
   3.50000000  -0.634  -0.935  -1.653  -2.437   0
   3.51623726  -0.723  -1.016  -1.724  -2.500   0
   3.57409191  -0.711  -1.073  -1.842  -2.667   3
   3.59157348  -0.430  -0.898  -1.752  -2.643   0
   3.60093713  -0.114  -0.689  -1.620  -2.572   0
   3.60845685   0.156  -0.577  -1.594  -2.621   4
   3.60912251   0.158  -0.637  -1.687  -2.740   0
   3.60930729   0.149  -0.721  -1.807  -2.891   0
   3.60946655   0.125  -0.812  -1.929  -3.042   0
   3.61131811   0.104  -0.922  -2.079  -3.227   0
   3.61186123   0.106  -1.006  -2.202  -3.384   0
   3.61240363   0.086  -1.088  -2.312  -3.519   0
   3.61313009   0.081  -1.178  -2.437  -3.679   0
   3.61385059   0.074  -1.271  -2.566  -3.841   0
   3.61441731   0.083  -1.343  -2.671  -3.977   0
   3.61505532   0.106  -1.429  -2.801  -4.149   0
   3.61548853   0.114  -1.496  -2.900  -4.280   0
   3.61588097   0.129  -1.564  -3.000  -4.415   0
   3.61622739   0.128  -1.640  -3.107  -4.552   0
   3.61653304   0.154  -1.702  -3.205  -4.685   0
   3.61688948   0.184  -1.790  -3.339  -4.866   0
   3.61711836   0.140  -1.804  -3.374  -4.983   0
   3.61734748   0.066  -1.839  -3.429  -5.119   0
   3.61752534  -0.002  -1.850  -3.456  -5.235   0
   3.61768317  -0.081  -1.874  -3.491  -5.341   0
   3.61781526  -0.152  -1.884  -3.507  -5.432   2
   3.61795259  -0.204  -1.858  -3.481  -5.519   0
   3.61815596  -0.247  -1.842  -3.463  -5.583   0
   3.61831331  -0.182  -1.876  -3.499  -5.481   0
   3.61836910  -0.250  -1.841  -3.462  -5.588   0
   3.61840987  -0.306  -1.807  -3.424  -5.669   0
   3.61843038  -0.267  -1.833  -3.453  -5.613   0
   3.61844039  -0.316  -1.802  -3.419  -5.682   0
   3.61845565  -0.363  -1.777  -3.389  -5.744   0
   3.61849785  -0.382  -1.773  -3.383  -5.767   0
   3.61854029  -0.401  -1.770  -3.378  -5.790   0
   3.61858249  -0.404  -1.750  -3.356  -5.804   0
   3.61862493  -0.397  -1.720  -3.323  -5.811   0
   3.61866713  -0.391  -1.690  -3.289  -5.819   0
   3.61870933  -0.384  -1.659  -3.256  -5.827   0
   3.61875176  -0.377  -1.629  -3.222  -5.835   0
   3.61879373  -0.370  -1.599  -3.189  -5.843   0
   3.61883521  -0.364  -1.573  -3.160  -5.850   0
   3.61887646  -0.358  -1.550  -3.135  -5.855   0
   3.61891794  -0.353  -1.528  -3.111  -5.861   0
   3.61895919  -0.348  -1.506  -3.086  -5.866   0
   3.61907601  -0.342  -1.483  -3.061  -5.871   0
   3.61925983  -0.336  -1.459  -3.035  -5.876   0
   3.61944389  -0.330  -1.436  -3.009  -5.882   0
   3.61962795  -0.325  -1.412  -2.983  -5.887   0
   3.61981201  -0.319  -1.389  -2.957  -5.893   0
   3.62004232  -0.312  -1.360  -2.925  -5.899   0
   3.62027359  -0.305  -1.332  -2.894  -5.906   0
   3.62050581  -0.298  -1.304  -2.863  -5.912   0
   3.62073922  -0.291  -1.276  -2.833  -5.918   0
   3.62097430  -0.284  -1.249  -2.802  -5.925   0
   3.62121177  -0.277  -1.222  -2.772  -5.930   0
   3.62145185  -0.270  -1.194  -2.742  -5.936   0
   3.62169504  -0.255  -1.158  -2.705  -5.934   0
   3.62194228  -0.241  -1.122  -2.669  -5.933   1
   3.62222147  -0.225  -1.083  -2.630  -5.931   0
   3.62251043  -0.208  -1.041  -2.588  -5.927   0
   3.62267709  -0.193  -1.012  -2.559  -5.921   0
   3.62274337  -0.184  -0.997  -2.544  -5.914   0
   3.62277317  -0.176  -0.988  -2.534  -5.908   0
   3.62278700  -0.169  -0.980  -2.527  -5.902   0
   3.62279320  -0.164  -0.974  -2.521  -5.896   0
   3.62279701  -0.157  -0.968  -2.514  -5.890   0
   3.62280107  -0.151  -0.961  -2.508  -5.883   0
   3.62280488  -0.143  -0.954  -2.501  -5.876   0
   3.62280869  -0.134  -0.945  -2.491  -5.866   0
   3.62281251  -0.123  -0.935  -2.481  -5.856   0
   3.62281656  -0.112  -0.924  -2.471  -5.844   0
   3.62282038  -0.101  -0.913  -2.459  -5.832   0
   3.62282419  -0.090  -0.902  -2.449  -5.821   0
   3.62282801  -0.079  -0.892  -2.438  -5.810   0
   3.62283182  -0.068  -0.881  -2.428  -5.799   0
   3.62283587  -0.056  -0.870  -2.416  -5.787   0
   3.62283969  -0.043  -0.857  -2.404  -5.774   0
   3.62284350  -0.030  -0.844  -2.391  -5.760   0
   3.62284732  -0.015  -0.830  -2.377  -5.745   0
   3.62285137   0.001  -0.815  -2.362  -5.728   0
   3.62285662   0.018  -0.799  -2.345  -5.711   0
