   0.15000001  15.664  14.049  12.441  10.267   0
   0.20000000  14.480  13.033  11.517   9.567   0
   0.25000000  13.765  12.409  10.940   9.107   0
   0.30000001  13.186  11.896  10.470   8.724   0
   0.34999999  12.696  11.461  10.073   8.398   0
   0.40000001  12.190  10.996   9.641   8.027   0
   0.44999999  11.738  10.578   9.264   7.718   0
   0.50000000  11.254  10.124   8.858   7.380   0
   0.55000001  10.713   9.628   8.420   7.023   0
   0.60000002  10.167   9.148   8.001   6.686   0
   0.69999999   8.812   8.054   7.064   5.961   0
   0.80000001   7.354   6.977   6.157   5.268   0
   0.89999998   6.226   6.114   5.440   4.692   0
   1.00000000   5.412   5.429   4.860   4.200   0
   1.10000002   4.697   4.777   4.303   3.728   0
   1.20000005   4.139   4.230   3.830   3.332   0
   1.29999995   3.667   3.737   3.405   2.990   0
   1.39999998   3.268   3.292   3.032   2.726   0
   1.50000000   2.915   2.892   2.703   2.506   0
   1.60000002   2.610   2.566   2.443   2.335   0
   1.70000005   2.328   2.296   2.226   2.178   0
   1.79999995   2.084   2.087   2.053   2.044   0
   1.85000002   1.915   1.944   1.927   1.934   0
   1.89999998   1.847   1.899   1.895   1.915   0
   2.00000000   1.636   1.737   1.754   1.791   0
   2.20000005   1.262   1.457   1.506   1.567   0
   2.50000000   0.789   1.101   1.180   1.264   0
   3.00000000   0.159   0.610   0.717   0.828   0
   3.45460010  -0.303   0.235   0.360   0.489   0
   3.50000000  -0.346   0.200   0.327   0.457   0
   4.00000000  -0.769  -0.150  -0.006   0.141   0
   4.50000000  -1.129  -0.452  -0.294  -0.132   0
   4.94907236  -1.435  -0.716  -0.546  -0.372   0
   5.00000000  -1.469  -0.745  -0.574  -0.399   0
   5.97417307  -2.071  -1.274  -1.083  -0.888   1
   6.00000000  -2.086  -1.287  -1.096  -0.900   0
   6.77934313  -2.531  -1.685  -1.482  -1.272   0
   7.00000000  -2.658  -1.800  -1.594  -1.381   0
   7.42152405  -2.893  -2.017  -1.806  -1.587   0
   7.95984459  -3.205  -2.309  -2.093  -1.870   0
   8.40482426  -3.469  -2.559  -2.340  -2.114   0
   8.78344154  -3.720  -2.805  -2.584  -2.358   1
   9.00000000  -3.866  -2.947  -2.727  -2.501   0
   9.09374523  -3.924  -3.004  -2.784  -2.558   0
   9.67921734  -4.353  -3.442  -3.225  -3.005   0
  10.11885738  -4.752  -3.871  -3.661  -3.454   0
  10.29603577  -4.942  -4.078  -3.873  -3.674   0
  10.37466049  -5.022  -4.161  -3.958  -3.761   0
  10.41846752  -5.043  -4.170  -3.965  -3.765   3
  10.44318867  -5.013  -4.097  -3.881  -3.666   0
  10.44642639  -5.023  -4.075  -3.851  -3.626   0
  10.44655800  -5.022  -4.073  -3.849  -3.623   0
  10.44761944  -4.991  -4.064  -3.845  -3.625   0
  10.44828796  -5.041  -4.142  -3.931  -3.722   0
  10.44876003  -5.115  -4.241  -4.036  -3.836   0
  10.44924927  -5.212  -4.367  -4.170  -3.982   0
  10.44962025  -5.287  -4.466  -4.275  -4.096   0
  10.44999123  -5.363  -4.569  -4.385  -4.216   0
  10.45037937  -5.445  -4.682  -4.505  -4.348   0
  10.45076656  -5.530  -4.797  -4.629  -4.485   0
  10.45118809  -5.619  -4.922  -4.766  -4.637   0
  10.45160866  -5.710  -5.056  -4.912  -4.800   0
  10.45204735  -5.802  -5.202  -5.072  -4.980   0
  10.45227528  -5.852  -5.284  -5.161  -5.081   0
  10.45252132  -5.901  -5.373  -5.260  -5.193   0
  10.45281887  -5.953  -5.492  -5.390  -5.338   0
  10.45301247  -5.982  -5.571  -5.478  -5.438   0
  10.45324039  -6.012  -5.660  -5.579  -5.555   0
  10.45343304  -6.040  -5.736  -5.671  -5.668   0
  10.45362663  -6.051  -5.818  -5.766  -5.782   0
  10.45380211  -6.042  -5.889  -5.849  -5.880   0
  10.45395947  -6.015  -5.957  -5.932  -5.983   0
  10.45408249  -5.983  -5.992  -5.983  -6.055   0
  10.45418835  -5.942  -6.019  -6.027  -6.118   0
  10.45431042  -5.867  -6.026  -6.063  -6.193   0
  10.45441628  -5.776  -5.990  -6.072  -6.255   3
  10.45452118  -5.673  -5.925  -6.065  -6.315   0
  10.45462608  -5.546  -5.820  -6.042  -6.376   0
  10.45473194  -5.374  -5.657  -5.997  -6.440   0
  10.45483685  -5.176  -5.477  -5.934  -6.485   0
  10.45494270  -4.903  -5.254  -5.845  -6.513   0
  10.45504761  -4.424  -4.915  -5.697  -6.515   0
  10.45510006  -4.147  -4.739  -5.613  -6.500   0
  10.45520496  -3.437  -4.316  -5.385  -6.418   0
  10.45529270  -2.969  -4.038  -5.207  -6.323   0
  10.45545101  -2.479  -3.757  -5.023  -6.225   0
  10.45550346  -2.325  -3.668  -4.962  -6.193   4
  10.45564651  -2.023  -3.597  -4.984  -6.308   0
  10.45578957  -1.818  -3.647  -5.136  -6.563   0
  10.45588493  -1.813  -3.764  -5.301  -6.775   0
  10.45598030  -1.818  -3.842  -5.409  -6.910   0
  10.45629787  -1.799  -3.891  -5.486  -7.013   0
  10.45729923  -1.805  -3.938  -5.556  -7.119   0
  10.45866489  -1.846  -3.951  -5.576  -7.182   0
  10.46199608  -1.879  -3.966  -5.596  -7.226   2
  10.48905182  -1.812  -3.959  -5.577  -7.126   0
  10.51359463  -1.878  -3.923  -5.499  -7.005   0
  10.53759956  -1.942  -3.895  -5.434  -6.902   0
  10.57198811  -2.066  -3.909  -5.403  -6.824   0
  10.61088848  -2.289  -4.005  -5.448  -6.809   0
  10.63109684  -2.529  -4.138  -5.539  -6.857   0
  10.64181805  -4.351  -5.135  -6.137  -7.112   0
  10.64439869  -5.608  -5.944  -6.436  -7.018   0
  10.64567184  -5.899  -6.197  -6.505  -6.923   0
  10.64630795  -6.011  -6.293  -6.521  -6.864   0
  10.64753151  -6.147  -6.397  -6.530  -6.775   3
  10.64873600  -6.228  -6.443  -6.525  -6.712   0
  10.64995861  -6.288  -6.460  -6.509  -6.658   0
  10.65241909  -6.349  -6.454  -6.478  -6.592   0
  10.65608120  -6.402  -6.433  -6.437  -6.525   0
  10.66086197  -6.438  -6.390  -6.382  -6.455   0
  10.66555405  -6.453  -6.361  -6.337  -6.390   0
  10.67131042  -6.465  -6.324  -6.284  -6.317   0
  10.67796040  -6.479  -6.267  -6.220  -6.244   0
  10.68535233  -6.486  -6.214  -6.160  -6.175   0
  10.69451141  -6.487  -6.161  -6.100  -6.104   0
  10.70674038  -6.472  -6.123  -6.052  -6.041   0
  10.72294426  -6.464  -6.099  -6.019  -5.998   1
  10.75189209  -6.521  -6.188  -6.126  -6.129   0
  10.76375484  -6.536  -6.268  -6.215  -6.230   0
  10.77318001  -6.537  -6.349  -6.304  -6.331   0
  10.77970886  -6.530  -6.411  -6.378  -6.419   0
  10.78546619  -6.530  -6.455  -6.445  -6.515   0
  10.79078770  -6.493  -6.517  -6.521  -6.609   0
  10.79551411  -6.421  -6.551  -6.580  -6.704   0
  10.79820538  -6.354  -6.539  -6.602  -6.766   0
  10.80079460  -6.270  -6.507  -6.613  -6.830   3
  10.80317593  -6.169  -6.440  -6.608  -6.894   0
  10.80521774  -6.051  -6.340  -6.592  -6.957   0
  10.80702591  -5.910  -6.215  -6.563  -7.018   0
  10.80862331  -5.730  -6.059  -6.521  -7.075   0
  10.80998707  -5.492  -5.872  -6.458  -7.120   0
  10.81061554  -5.331  -5.753  -6.416  -7.139   0
  10.81179619  -4.908  -5.474  -6.306  -7.157   0
  10.81334400  -3.915  -4.911  -6.037  -7.106   0
  10.81525898  -2.592  -4.189  -5.585  -6.897   0
  10.82005978  -2.118  -4.020  -5.539  -6.981   4
  10.82748795  -1.994  -4.081  -5.718  -7.365   0
  10.83353806  -2.355  -4.131  -5.758  -7.632   0
