   0.15000001  15.664  14.049  12.441  10.267   0
   0.20000000  14.480  13.033  11.517   9.567   0
   0.25000000  13.765  12.410  10.940   9.107   0
   0.30000001  13.186  11.897  10.470   8.724   0
   0.34999999  12.696  11.461  10.074   8.398   0
   0.40000001  12.190  10.996   9.641   8.028   0
   0.44999999  11.738  10.579   9.265   7.718   0
   0.50000000  11.254  10.124   8.858   7.380   0
   0.55000001  10.714   9.628   8.420   7.023   0
   0.60000002  10.167   9.149   8.001   6.686   0
   0.69999999   8.813   8.055   7.065   5.961   0
   0.80000001   7.356   6.978   6.159   5.269   0
   0.89999998   6.228   6.116   5.442   4.693   0
   1.00000000   5.415   5.432   4.862   4.203   0
   1.10000002   4.700   4.780   4.306   3.731   0
   1.20000005   4.142   4.234   3.834   3.335   0
   1.29999995   3.671   3.742   3.409   2.994   0
   1.39999998   3.272   3.297   3.036   2.730   0
   1.50000000   2.920   2.897   2.707   2.511   0
   1.60000002   2.616   2.572   2.450   2.342   0
   1.70000005   2.334   2.303   2.233   2.186   0
   1.79999995   2.092   2.096   2.062   2.054   0
   1.85000002   1.913   1.944   1.928   1.935   0
   1.89999998   1.853   1.908   1.905   1.926   0
   2.00000000   1.644   1.748   1.766   1.803   0
   2.20000005   1.273   1.473   1.523   1.586   0
   2.50000000   0.807   1.128   1.208   1.294   0
   3.00000000   0.189   0.654   0.763   0.877   0
   3.50000000  -0.296   0.268   0.399   0.533   0
   4.00000000  -0.693  -0.058   0.089   0.241   0
   4.50000000  -1.031  -0.340  -0.179  -0.012   0
   5.00000000  -1.335  -0.598  -0.424  -0.245   0
   6.00000000  -1.878  -1.068  -0.875  -0.674   0
   6.02897644  -1.892  -1.080  -0.887  -0.685   0
   7.00000000  -2.340  -1.469  -1.260  -1.041   0
   8.89299011  -3.090  -2.134  -1.904  -1.660   0
   9.00000000  -3.129  -2.169  -1.938  -1.693   0
  11.05652428  -3.784  -2.762  -2.514  -2.249   0
  12.00000000  -4.072  -3.027  -2.772  -2.500   0
  14.26858330  -4.686  -3.600  -3.331  -3.045   0
  15.00000000  -4.887  -3.791  -3.520  -3.231   0
  16.72672653  -5.300  -4.188  -3.915  -3.625   1
  18.81890297  -5.832  -4.714  -4.444  -4.160   0
  20.00000000  -6.167  -5.057  -4.792  -4.515   0
  20.31482887  -6.238  -5.131  -4.867  -4.592   0
  22.11367035  -6.721  -5.661  -5.414  -5.161   0
  22.88596344  -7.007  -5.967  -5.736  -5.503   0
  23.37300110  -7.170  -6.151  -5.927  -5.705   0
  23.44245720  -7.175  -6.150  -5.925  -5.701   0
  23.55256081  -7.141  -6.084  -5.851  -5.615   0
  23.56683540  -7.096  -6.028  -5.784  -5.534   0
  23.57017136  -7.078  -6.008  -5.760  -5.505   1
  23.57434845  -7.108  -6.042  -5.800  -5.552   0
  23.57603264  -7.162  -6.097  -5.860  -5.621   0
  23.57818794  -7.231  -6.181  -5.950  -5.719   0
  23.58003616  -7.294  -6.264  -6.040  -5.816   0
  23.58174324  -7.352  -6.351  -6.132  -5.915   0
  23.58336639  -7.410  -6.441  -6.227  -6.018   0
  23.58482361  -7.466  -6.529  -6.321  -6.118   0
  23.58605576  -7.518  -6.611  -6.408  -6.213   0
  23.58734322  -7.605  -6.706  -6.515  -6.335   0
  23.58863258  -7.706  -6.813  -6.635  -6.474   0
  23.58969688  -7.767  -6.906  -6.735  -6.583   0
  23.59078789  -7.824  -7.008  -6.843  -6.701   0
  23.59185410  -7.885  -7.117  -6.960  -6.830   0
  23.59272194  -7.939  -7.213  -7.063  -6.944   0
  23.59361839  -8.007  -7.314  -7.176  -7.073   0
  23.59454346  -8.098  -7.411  -7.295  -7.219   0
  23.59555244  -8.149  -7.562  -7.448  -7.380   0
  23.59628105  -8.187  -7.679  -7.569  -7.507   0
  23.59714890  -8.247  -7.804  -7.709  -7.665   0
  23.59770966  -8.280  -7.888  -7.803  -7.773   0
  23.59835434  -8.325  -7.975  -7.906  -7.899   0
  23.59908295  -8.353  -8.081  -8.028  -8.042   0
  23.60003662  -8.352  -8.220  -8.189  -8.233   0
  23.60157776  -8.285  -8.335  -8.385  -8.523   3
  23.60454941  -7.478  -7.865  -8.358  -8.936   0
  23.60572815  -6.873  -7.430  -8.191  -8.981   0
  23.60656929  -6.289  -7.064  -8.028  -8.965   0
  23.60741043  -5.674  -6.713  -7.852  -8.918   0
  23.60822487  -5.309  -6.529  -7.764  -8.905   0
  23.62981606  -4.903  -6.387  -7.746  -8.985   0
  23.66120338  -4.936  -6.452  -7.828  -9.076   0
  23.69765472  -5.015  -6.544  -7.925  -9.176   0
  23.77129555  -5.175  -6.654  -8.012  -9.243   3
  23.82334900  -5.302  -6.657  -7.955  -9.142   0
  23.94361877  -5.640  -6.797  -8.002  -9.113   0
  23.95805359  -6.903  -7.497  -8.288  -9.097   0
  23.99656677  -8.066  -8.344  -8.526  -8.830   0
  24.00109673  -8.170  -8.419  -8.564  -8.826   0
  24.00560379  -8.401  -8.527  -8.597  -8.762   3
  24.00785637  -8.536  -8.457  -8.489  -8.602   0
  24.00898361  -8.540  -8.417  -8.399  -8.459   0
  24.00975609  -8.530  -8.382  -8.341  -8.373   0
  24.01074791  -8.536  -8.306  -8.258  -8.280   0
  24.01254272  -8.518  -8.180  -8.117  -8.117   0
  24.01534653  -8.445  -8.038  -7.950  -7.916   0
  24.01912117  -8.380  -7.897  -7.793  -7.739   0
  24.02354431  -8.334  -7.797  -7.685  -7.621   0
  24.02792931  -8.313  -7.738  -7.625  -7.557   0
  24.03663826  -8.295  -7.687  -7.572  -7.502   0
  24.05859375  -8.290  -7.668  -7.554  -7.483   4
  24.18075752  -8.333  -7.779  -7.667  -7.601   0
  24.43466377  -8.531  -8.213  -8.153  -8.158   0
  24.52340698  -8.545  -8.423  -8.406  -8.467   0
  24.59999084  -8.527  -8.453  -8.506  -8.639   0
  24.65465164  -8.475  -8.508  -8.566  -8.710   0
  24.69861412  -8.424  -8.535  -8.602  -8.762   0
  24.73328400  -8.378  -8.536  -8.621  -8.804   0
  24.76019287  -8.335  -8.528  -8.633  -8.841   0
  24.78309250  -8.286  -8.506  -8.635  -8.874   0
  24.80212402  -8.237  -8.488  -8.638  -8.905   3
  24.82039642  -8.175  -8.452  -8.635  -8.939   0
  24.83509254  -8.114  -8.411  -8.630  -8.972   0
  24.84663773  -8.056  -8.373  -8.625  -9.001   0
  24.85704041  -7.990  -8.322  -8.616  -9.029   0
  24.86699486  -7.921  -8.268  -8.607  -9.057   0
  24.88020515  -7.814  -8.186  -8.590  -9.095   0
  24.88957977  -7.708  -8.103  -8.570  -9.125   0
  24.89878464  -7.582  -8.007  -8.546  -9.158   0
  24.90781403  -7.380  -7.864  -8.500  -9.190   0
  24.91407013  -7.187  -7.733  -8.456  -9.212   0
  24.91719818  -7.036  -7.636  -8.420  -9.222   0
  24.92034531  -6.867  -7.527  -8.377  -9.229   0
  24.92265320  -6.655  -7.401  -8.324  -9.229   0
  24.92559052  -6.327  -7.205  -8.235  -9.217   0
  24.92684937  -6.140  -7.098  -8.180  -9.200   0
  24.92831802  -5.943  -6.984  -8.116  -9.173   0
  24.92978668  -5.747  -6.870  -8.051  -9.145   0
  24.93541527  -5.560  -6.790  -8.030  -9.167   0
  24.95345688  -5.502  -6.797  -8.068  -9.228   0
  25.22012520  -5.600  -6.922  -8.205  -9.376   0
  25.23453140  -5.625  -6.971  -8.266  -9.445   0
  25.26341820  -5.702  -7.056  -8.355  -9.538   2
  25.27515793  -5.993  -7.279  -8.546  -9.703   0
