   0.15000001  15.600  13.997  12.395  10.236   0
   0.20000000  14.401  12.963  11.452   9.512   0
   0.25000000  13.672  12.325  10.860   9.038   0
   0.30000001  13.086  11.804  10.384   8.647   0
   0.34999999  12.608  11.377   9.993   8.325   0
   0.40000001  12.101  10.912   9.563   7.962   0
   0.44999999  11.636  10.479   9.172   7.636   0
   0.50000000  11.118   9.992   8.737   7.277   0
   0.55000001  10.513   9.447   8.259   6.890   0
   0.60000002   9.887   8.904   7.788   6.515   0
   0.65351444   8.960   8.171   7.163   6.037   0
   0.69999999   8.173   7.569   6.646   5.634   0
   0.71637374   7.852   7.330   6.442   5.478   0
   0.74911803   7.244   6.876   6.059   5.174   0
   0.77532214   6.777   6.519   5.758   4.930   0
   0.79689324   6.403   6.227   5.512   4.727   0
   0.80000001   6.349   6.184   5.476   4.696   0
   0.80853730   6.211   6.072   5.379   4.614   0
   0.81787086   6.070   5.953   5.276   4.525   0
   0.82720810   5.930   5.833   5.172   4.433   0
   0.83705521   5.784   5.705   5.059   4.333   0
   0.84809059   5.619   5.559   4.930   4.218   0
   0.85407555   5.533   5.482   4.860   4.155   0
   0.85991228   5.445   5.404   4.790   4.091   0
   0.86644286   5.350   5.317   4.711   4.018   0
   0.86914963   5.311   5.282   4.679   3.988   0
   0.87268293   5.262   5.236   4.636   3.949   0
   0.87434971   5.239   5.215   4.617   3.931   0
   0.87713981   5.209   5.186   4.589   3.905   0
   0.89999998   4.857   4.846   4.265   3.592   1
   0.91259724   4.699   4.678   4.092   3.415   0
   0.92412639   4.592   4.533   3.919   3.217   0
   0.93181974   4.634   4.508   3.837   3.086   3
   0.93577099   4.849   4.609   3.861   3.044   0
   0.93746769   4.985   4.676   3.883   3.026   0
   0.93999702   5.099   4.684   3.833   2.921   0
   0.94169128   5.054   4.590   3.712   2.775   0
   0.94309992   4.949   4.459   3.565   2.614   0
   0.94423860   4.833   4.325   3.420   2.459   0
   0.94528019   4.708   4.183   3.271   2.302   0
   0.94624203   4.582   4.042   3.121   2.144   0
   0.94698852   4.468   3.911   2.982   1.998   0
   0.94770581   4.346   3.774   2.836   1.846   0
   0.94836098   4.225   3.636   2.690   1.691   0
   0.94890559   4.108   3.503   2.547   1.541   0
   0.94939977   3.995   3.370   2.405   1.390   0
   0.94985127   3.883   3.238   2.262   1.239   0
   0.95023108   3.777   3.111   2.124   1.092   0
   0.95060307   3.669   2.978   1.977   0.934   0
   0.95090914   3.566   2.851   1.839   0.786   0
   0.95117259   3.467   2.730   1.706   0.645   0
   0.95142633   3.383   2.617   1.579   0.504   0
   0.95168585   3.299   2.502   1.449   0.360   0
   0.95194155   3.242   2.428   1.368   0.271   0
   0.95220506   3.304   2.529   1.487   0.409   1
   0.95240664   3.214   2.405   1.347   0.253   0
   0.95260829   3.132   2.281   1.203   0.091   0
   0.95280159   3.057   2.160   1.060  -0.072   0
   0.95296139   2.978   2.040   0.922  -0.227   0
   0.95310223   2.903   1.924   0.786  -0.379   0
   0.95322430   2.838   1.815   0.657  -0.525   0
   0.95334423   2.773   1.700   0.519  -0.685   0
   0.95344734   2.707   1.586   0.384  -0.840   0
   0.95353788   2.660   1.484   0.259  -0.988   0
   0.95361370   2.619   1.387   0.138  -1.133   0
   0.95367897   2.589   1.300   0.026  -1.268   0
   0.95374423   2.553   1.201  -0.098  -1.417   0
   0.95380116   2.519   1.106  -0.220  -1.563   0
   0.95384961   2.488   1.016  -0.334  -1.702   0
   0.95389175   2.486   0.947  -0.431  -1.830   0
   0.95393181   2.472   0.860  -0.548  -1.977   0
   0.95396763   2.473   0.788  -0.651  -2.111   0
   0.95399922   2.463   0.706  -0.761  -2.250   0
   0.95403081   2.421   0.599  -0.893  -2.405   0
   0.95405406   2.397   0.569  -0.947  -2.520   0
   0.95407510   2.367   0.552  -0.989  -2.636   0
   0.95409620   2.339   0.547  -1.017  -2.745   0
   0.95411730   2.291   0.534  -1.052  -2.864   0
   0.95413202   2.223   0.496  -1.104  -2.976   0
   0.95414889   2.147   0.473  -1.134  -3.097   3
   0.95416152   2.096   0.487  -1.123  -3.189   0
   0.95417631   2.053   0.540  -1.071  -3.280   0
   0.95418686   2.017   0.600  -1.009  -3.355   0
   0.95419741   1.960   0.618  -0.987  -3.442   0
   0.95420587   1.999   0.750  -0.842  -3.462   0
   0.95421636   2.040   0.898  -0.680  -3.489   0
   0.95422482   2.074   1.018  -0.548  -3.508   0
   0.95422482   2.532   1.917   0.958  -0.029   0
   0.95432681   2.512   1.863   0.887  -0.115   0
   0.95447469   2.509   1.848   0.866  -0.142   0
   0.95448774   2.510   1.848   0.865  -0.142   2
   0.95459688   2.490   1.843   0.868  -0.133   0
   0.95471936   2.482   1.844   0.874  -0.122   0
   0.95484668   2.479   1.847   0.881  -0.113   0
   0.95497775   2.474   1.849   0.885  -0.105   0
   0.95511216   2.466   1.848   0.889  -0.098   0
   0.95525259   2.458   1.846   0.890  -0.094   0
   0.95539212   2.451   1.844   0.890  -0.092   0
   0.95553100   2.445   1.841   0.889  -0.091   0
   0.95566940   2.440   1.838   0.887  -0.093   0
   0.95577091   2.435   1.834   0.883  -0.096   0
   0.95580846   2.434   1.832   0.881  -0.098   0
   0.95595658   2.428   1.824   0.872  -0.108   0
   0.95611000   2.415   1.809   0.856  -0.124   0
   0.95626950   2.398   1.789   0.835  -0.147   0
   0.95643759   2.393   1.768   0.805  -0.184   0
   0.95668048   2.382   1.721   0.739  -0.266   0
   0.95674109   2.378   1.703   0.715  -0.297   0
   0.95682645   2.364   1.671   0.673  -0.346   0
   0.95695460   2.342   1.619   0.605  -0.427   0
   0.95699930   2.320   1.560   0.526  -0.522   0
   0.95702142   2.298   1.460   0.388  -0.694   0
   0.95702755   2.294   1.391   0.289  -0.822   0
   0.95703202   2.279   1.251   0.091  -1.072   0
   0.95703346   2.269   1.180  -0.008  -1.196   0
   0.95703518   2.261   1.101  -0.117  -1.335   0
   0.95703733   2.256   1.025  -0.224  -1.472   0
   0.95704067   2.250   0.965  -0.305  -1.576   0
   0.95704949   2.251   1.043  -0.195  -1.434   0
   0.95706618   2.259   1.082  -0.143  -1.368   1
   0.95711333   2.248   0.976  -0.289  -1.554   0
   0.95713234   2.252   0.903  -0.395  -1.692   0
   0.95714986   2.259   0.814  -0.523  -1.857   0
   0.95716584   2.277   0.732  -0.646  -2.024   0
   0.95717913   2.290   0.657  -0.757  -2.173   0
   0.95718986   2.304   0.599  -0.845  -2.292   0
   0.95719802   2.349   0.543  -0.941  -2.432   0
   0.95720518   2.368   0.500  -1.023  -2.576   0
   0.95721054   2.340   0.490  -1.059  -2.693   0
   0.95721459   2.295   0.468  -1.101  -2.808   0
   0.95721853   2.260   0.482  -1.109  -2.914   0
   0.95722216   2.188   0.454  -1.152  -3.030   0
   0.95722568   2.130   0.450  -1.161  -3.124   3
   0.95722973   2.089   0.498  -1.114  -3.215   0
   0.95723397   2.061   0.584  -1.028  -3.291   0
   0.95723790   2.016   0.640  -0.969  -3.370   0
   0.95723879   2.006   0.638  -0.970  -3.382   0
   0.95723921   1.999   0.655  -0.950  -3.402   0
   0.95723951   2.001   0.679  -0.924  -3.413   0
   0.95724010   2.013   0.722  -0.876  -3.422   0
   0.95724088   2.021   0.756  -0.839  -3.430   0
   0.95724171   2.029   0.792  -0.798  -3.439   0
   0.95724249   2.038   0.829  -0.758  -3.448   0
   0.95724314   2.045   0.858  -0.725  -3.455   0
   0.95724392   2.054   0.895  -0.685  -3.464   0
   0.95724475   2.063   0.932  -0.644  -3.473   0
   0.95724553   2.071   0.969  -0.603  -3.482   0
   0.95724636   2.080   1.007  -0.561  -3.491   0
   0.95724714   2.089   1.044  -0.520  -3.500   0
   0.95724797   2.098   1.081  -0.479  -3.509   0
   0.95724857   2.106   1.111  -0.447  -3.516   0
   0.95724940   2.115   1.148  -0.405  -3.525   0
   0.95725018   2.124   1.186  -0.364  -3.534   0
   0.95725095   2.139   1.230  -0.317  -3.537   0
   0.95725179   2.158   1.281  -0.266  -3.535   0
   0.95725256   2.178   1.332  -0.215  -3.534   0
   0.95725334   2.198   1.383  -0.164  -3.532   0
   0.95725417   2.218   1.434  -0.112  -3.530   0
   0.95725495   2.238   1.486  -0.060  -3.528   0
   0.95725578   2.259   1.537  -0.008  -3.526   0
   0.95725656   2.279   1.589   0.044  -3.524   0
   0.95725733   2.300   1.642   0.097  -3.522   0
   0.95725816   2.321   1.694   0.150  -3.519   0
   0.95725894   2.342   1.747   0.204  -3.516   1
   0.95725977   2.365   1.804   0.260  -3.512   0
   0.95726055   2.389   1.850   0.307  -3.502   0
   0.95726120   2.428   1.918   0.376  -3.480   0
   0.95726126   2.429   1.921   0.378  -3.479   0
