   0.15000001  15.664  14.049  12.441  10.267   0
   0.20000000  14.480  13.033  11.517   9.567   0
   0.25000000  13.765  12.409  10.940   9.107   0
   0.30000001  13.186  11.896  10.470   8.724   0
   0.34999999  12.696  11.461  10.073   8.398   0
   0.40000001  12.190  10.996   9.641   8.027   0
   0.44999999  11.738  10.578   9.264   7.718   0
   0.50000000  11.254  10.124   8.858   7.380   0
   0.55000001  10.713   9.628   8.420   7.023   0
   0.60000002  10.167   9.148   8.001   6.686   0
   0.69999999   8.812   8.054   7.064   5.960   0
   0.80000001   7.354   6.977   6.157   5.268   0
   0.89999998   6.225   6.114   5.440   4.692   0
   1.00000000   5.412   5.428   4.859   4.200   0
   1.10000002   4.696   4.776   4.302   3.728   0
   1.20000005   4.138   4.230   3.830   3.331   0
   1.29999995   3.666   3.737   3.404   2.990   0
   1.39999998   3.267   3.292   3.031   2.725   0
   1.50000000   2.914   2.891   2.702   2.505   0
   1.60000002   2.609   2.564   2.442   2.334   0
   1.70000005   2.326   2.295   2.225   2.177   0
   1.79999995   2.083   2.085   2.051   2.042   0
   1.85000002   1.916   1.944   1.927   1.934   0
   1.89999998   1.846   1.897   1.894   1.914   0
   2.00000000   1.635   1.735   1.752   1.789   0
   2.20000005   1.261   1.454   1.503   1.564   0
   2.50000000   0.786   1.097   1.175   1.259   0
   3.00000000   0.154   0.602   0.709   0.819   0
   3.28727412  -0.149   0.357   0.476   0.598   0
   3.50000000  -0.355   0.189   0.316   0.445   0
   4.00000000  -0.783  -0.165  -0.022   0.125   0
   4.50000000  -1.147  -0.472  -0.314  -0.152   0
   4.68884420  -1.280  -0.587  -0.424  -0.257   0
   5.00000000  -1.494  -0.772  -0.601  -0.427   0
   5.65393829  -1.914  -1.141  -0.957  -0.768   0
   6.00000000  -2.130  -1.334  -1.143  -0.948   0
   6.40077877  -2.368  -1.547  -1.349  -1.147   0
   6.99284458  -2.724  -1.871  -1.665  -1.454   1
   7.00000000  -2.728  -1.875  -1.669  -1.458   0
   7.49605083  -3.030  -2.157  -1.947  -1.730   0
   7.91510248  -3.294  -2.408  -2.194  -1.975   0
   8.27165890  -3.542  -2.649  -2.434  -2.214   0
   8.57492352  -3.761  -2.865  -2.650  -2.430   0
   8.83644009  -3.981  -3.090  -2.875  -2.659   1
   9.00000000  -4.121  -3.233  -3.020  -2.806   0
   9.04711151  -4.158  -3.271  -3.058  -2.844   0
   9.45804119  -4.553  -3.695  -3.490  -3.289   0
   9.62364769  -4.741  -3.900  -3.700  -3.507   0
   9.69713879  -4.820  -3.981  -3.783  -3.592   0
   9.73818016  -4.842  -3.992  -3.791  -3.597   3
   9.76134014  -4.812  -3.918  -3.706  -3.496   0
   9.76437378  -4.824  -3.897  -3.677  -3.457   0
   9.76449680  -4.823  -3.895  -3.675  -3.454   0
   9.76547241  -4.788  -3.882  -3.666  -3.452   0
   9.76608658  -4.833  -3.957  -3.750  -3.546   0
   9.76655197  -4.912  -4.062  -3.861  -3.668   0
   9.76703453  -5.017  -4.197  -4.005  -3.823   0
   9.76739979  -5.095  -4.300  -4.114  -3.942   0
   9.76776600  -5.176  -4.408  -4.229  -4.067   0
   9.76814842  -5.259  -4.522  -4.351  -4.201   0
   9.76853085  -5.345  -4.641  -4.479  -4.342   0
   9.76894569  -5.435  -4.768  -4.617  -4.496   0
   9.76936150  -5.525  -4.903  -4.765  -4.661   0
   9.76979351  -5.617  -5.050  -4.926  -4.842   0
   9.77001381  -5.662  -5.130  -5.014  -4.942   0
   9.77025223  -5.708  -5.216  -5.109  -5.050   0
   9.77054024  -5.754  -5.331  -5.235  -5.191   0
   9.77072716  -5.778  -5.405  -5.318  -5.286   0
   9.77094746  -5.806  -5.487  -5.414  -5.400   0
   9.77113438  -5.821  -5.562  -5.501  -5.505   0
   9.77132130  -5.822  -5.636  -5.589  -5.610   0
   9.77149105  -5.807  -5.704  -5.668  -5.705   0
   9.77164364  -5.775  -5.762  -5.744  -5.803   0
   9.77176189  -5.738  -5.792  -5.790  -5.868   0
   9.77186394  -5.685  -5.801  -5.822  -5.928   0
   9.77198315  -5.611  -5.792  -5.847  -5.995   0
   9.77208424  -5.521  -5.754  -5.853  -6.055   3
   9.77218628  -5.417  -5.675  -5.839  -6.112   0
   9.77228832  -5.291  -5.563  -5.812  -6.170   0
   9.77239037  -5.128  -5.407  -5.766  -6.227   0
   9.77249241  -4.930  -5.228  -5.702  -6.269   0
   9.77259350  -4.653  -5.005  -5.613  -6.296   0
   9.77269554  -4.203  -4.690  -5.476  -6.297   0
   9.77274704  -3.925  -4.516  -5.393  -6.283   0
   9.77284813  -3.289  -4.137  -5.189  -6.212   0
   9.77293301  -2.828  -3.860  -5.013  -6.118   0
   9.77308559  -2.375  -3.597  -4.838  -6.022   0
   9.77313709  -2.233  -3.514  -4.782  -5.990   0
   9.77328205  -1.910  -3.413  -4.771  -6.071   4
   9.77342701  -1.692  -3.450  -4.911  -6.313   0
   9.77352333  -1.672  -3.556  -5.067  -6.519   0
   9.77362061  -1.681  -3.639  -5.180  -6.659   0
   9.77394295  -1.658  -3.694  -5.266  -6.776   0
   9.77495766  -1.635  -3.752  -5.357  -6.897   0
   9.77634239  -1.677  -3.769  -5.387  -6.983   0
   9.77972221  -1.706  -3.785  -5.407  -7.024   2
   9.80663586  -1.668  -3.783  -5.386  -6.925   0
   9.83104706  -1.741  -3.747  -5.307  -6.802   0
   9.85492134  -1.806  -3.717  -5.238  -6.694   0
   9.88911915  -1.916  -3.718  -5.196  -6.605   0
   9.92779827  -2.141  -3.815  -5.242  -6.592   0
   9.94657326  -2.364  -3.940  -5.327  -6.636   0
   9.95697403  -3.696  -4.673  -5.790  -6.855   0
   9.95947742  -4.872  -5.350  -6.092  -6.876   0
   9.96071243  -5.361  -5.698  -6.217  -6.822   0
   9.96132946  -5.540  -5.847  -6.260  -6.772   0
   9.96251583  -5.739  -6.026  -6.298  -6.681   0
   9.96368504  -5.854  -6.128  -6.311  -6.610   0
   9.96487045  -5.932  -6.182  -6.313  -6.555   3
   9.96725655  -6.023  -6.232  -6.307  -6.486   0
   9.97080994  -6.105  -6.256  -6.292  -6.421   0
   9.97544670  -6.167  -6.243  -6.256  -6.356   0
   9.97999859  -6.208  -6.219  -6.218  -6.299   0
   9.98558235  -6.245  -6.183  -6.169  -6.233   0
   9.99203300  -6.258  -6.150  -6.118  -6.160   0
   9.99920177  -6.274  -6.106  -6.063  -6.093   0
  10.00808620  -6.290  -6.053  -6.004  -6.025   0
  10.01994705  -6.295  -6.007  -5.951  -5.962   0
  10.03566360  -6.300  -5.983  -5.921  -5.924   1
  10.05973721  -6.327  -6.069  -6.018  -6.035   0
  10.06960297  -6.326  -6.146  -6.102  -6.130   0
  10.07744312  -6.319  -6.213  -6.183  -6.227   0
  10.08287430  -6.313  -6.256  -6.245  -6.313   0
  10.08766365  -6.278  -6.309  -6.312  -6.398   0
  10.09209061  -6.217  -6.338  -6.365  -6.484   0
  10.09602261  -6.119  -6.324  -6.396  -6.572   0
  10.09826183  -6.042  -6.285  -6.402  -6.630   3
  10.10041523  -5.948  -6.222  -6.397  -6.690   0
  10.10239697  -5.835  -6.121  -6.380  -6.751   0
  10.10409546  -5.703  -6.003  -6.353  -6.808   0
  10.10559940  -5.542  -5.862  -6.314  -6.859   0
  10.10692883  -5.331  -5.692  -6.258  -6.904   0
  10.10806274  -5.030  -5.476  -6.180  -6.936   0
  10.10858631  -4.810  -5.334  -6.125  -6.946   0
  10.10956860  -4.319  -5.037  -5.994  -6.938   0
  10.11085606  -3.460  -4.561  -5.742  -6.858   0
  10.11244965  -2.413  -3.987  -5.373  -6.681   0
  10.11602497  -2.014  -3.850  -5.341  -6.758   4
  10.12155819  -1.771  -3.903  -5.514  -7.054   0
  10.12989330  -2.137  -3.931  -5.567  -7.447   0
