   0.15000001  15.664  14.049  12.441  10.267   0
   0.20000000  14.480  13.033  11.517   9.567   0
   0.25000000  13.765  12.410  10.940   9.107   0
   0.30000001  13.186  11.897  10.470   8.724   0
   0.34999999  12.696  11.461  10.074   8.398   0
   0.40000001  12.190  10.996   9.641   8.028   0
   0.44999999  11.738  10.579   9.265   7.718   0
   0.50000000  11.254  10.124   8.858   7.380   0
   0.55000001  10.714   9.628   8.420   7.023   0
   0.60000002  10.167   9.149   8.001   6.686   0
   0.69999999   8.813   8.055   7.065   5.961   0
   0.80000001   7.355   6.978   6.158   5.269   0
   0.89999998   6.227   6.116   5.441   4.693   0
   1.00000000   5.415   5.431   4.862   4.202   0
   1.10000002   4.700   4.780   4.306   3.731   0
   1.20000005   4.142   4.234   3.834   3.335   0
   1.29999995   3.670   3.741   3.408   2.994   0
   1.39999998   3.271   3.296   3.036   2.729   0
   1.50000000   2.919   2.897   2.707   2.510   0
   1.60000002   2.615   2.571   2.449   2.341   0
   1.70000005   2.333   2.302   2.232   2.185   0
   1.79999995   2.091   2.095   2.061   2.053   0
   1.85000002   1.913   1.944   1.928   1.935   0
   1.89999998   1.853   1.907   1.904   1.925   0
   2.00000000   1.643   1.746   1.764   1.802   0
   2.20000005   1.272   1.471   1.521   1.583   0
   2.50000000   0.804   1.125   1.204   1.290   0
   3.00000000   0.185   0.649   0.757   0.871   0
   3.50000000  -0.302   0.260   0.390   0.524   0
   4.00000000  -0.702  -0.069   0.077   0.229   0
   4.50000000  -1.042  -0.354  -0.193  -0.027   0
   5.00000000  -1.351  -0.617  -0.444  -0.265   0
   5.40374851  -1.584  -0.818  -0.637  -0.450   0
   6.00000000  -1.902  -1.093  -0.901  -0.700   0
   7.00000000  -2.374  -1.504  -1.295  -1.077   0
   7.88685131  -2.751  -1.839  -1.619  -1.388   0
   9.00000000  -3.188  -2.230  -1.999  -1.755   0
   9.65957451  -3.417  -2.436  -2.200  -1.949   0
  12.00000000  -4.196  -3.155  -2.901  -2.631   0
  12.30017090  -4.285  -3.238  -2.982  -2.711   0
  14.38391590  -4.936  -3.858  -3.594  -3.315   0
  15.00000000  -5.143  -4.061  -3.797  -3.519   1
  15.91181564  -5.415  -4.330  -4.067  -3.790   0
  17.27682686  -5.878  -4.807  -4.552  -4.285   0
  18.34513664  -6.327  -5.286  -5.047  -4.803   0
  18.79019356  -6.551  -5.533  -5.305  -5.075   0
  19.03366661  -6.667  -5.660  -5.436  -5.212   0
  19.10023499  -6.670  -5.652  -5.425  -5.197   0
  19.15937614  -6.634  -5.583  -5.346  -5.106   0
  19.16702843  -6.602  -5.540  -5.293  -5.039   0
  19.16818619  -6.596  -5.531  -5.282  -5.026   1
  19.17120552  -6.629  -5.573  -5.332  -5.085   0
  19.17255974  -6.690  -5.645  -5.410  -5.173   0
  19.17287254  -6.705  -5.664  -5.431  -5.196   0
  19.17385101  -6.764  -5.741  -5.514  -5.286   0
  19.17483139  -6.832  -5.829  -5.608  -5.389   0
  19.17561340  -6.890  -5.909  -5.693  -5.480   0
  19.17629814  -6.937  -5.982  -5.770  -5.563   0
  19.17708206  -6.993  -6.068  -5.861  -5.662   0
  19.17766953  -7.037  -6.138  -5.935  -5.741   0
  19.17825699  -7.102  -6.212  -6.018  -5.836   0
  19.17884445  -7.176  -6.290  -6.106  -5.937   0
  19.17933464  -7.224  -6.358  -6.180  -6.019   0
  19.17952919  -7.243  -6.387  -6.211  -6.053   0
  19.18032074  -7.320  -6.502  -6.336  -6.192   0
  19.18098068  -7.383  -6.609  -6.450  -6.319   0
  19.18164062  -7.448  -6.724  -6.574  -6.456   0
  19.18203735  -7.491  -6.799  -6.656  -6.547   0
  19.18256569  -7.570  -6.890  -6.766  -6.681   0
  19.18309212  -7.623  -7.009  -6.892  -6.818   0
  19.18362045  -7.671  -7.146  -7.035  -6.971   0
  19.18414879  -7.730  -7.279  -7.181  -7.135   0
  19.18454552  -7.769  -7.381  -7.296  -7.267   0
  19.18494225  -7.820  -7.479  -7.414  -7.414   0
  19.18520737  -7.833  -7.557  -7.503  -7.517   0
  19.18560219  -7.827  -7.681  -7.641  -7.673   0
  19.18599892  -7.831  -7.744  -7.748  -7.834   0
  19.18639374  -7.742  -7.816  -7.858  -7.989   0
  19.18679047  -7.569  -7.798  -7.905  -8.126   3
  19.18692207  -7.490  -7.754  -7.904  -8.173   0
  19.18718719  -7.324  -7.631  -7.885  -8.258   0
  19.18745041  -7.126  -7.463  -7.850  -8.339   0
  19.18758202  -6.992  -7.354  -7.819  -8.376   0
  19.18784714  -6.692  -7.119  -7.729  -8.405   0
  19.18811035  -6.302  -6.848  -7.618  -8.417   0
  19.18837547  -5.805  -6.535  -7.475  -8.399   0
  19.18864059  -5.190  -6.181  -7.295  -8.348   0
  19.18890381  -4.524  -5.819  -7.090  -8.266   0
  19.18916893  -4.033  -5.562  -6.935  -8.202   0
  19.18943214  -3.703  -5.396  -6.834  -8.165   4
  19.18972969  -3.545  -5.354  -6.839  -8.213   0
  19.18980408  -3.493  -5.346  -6.848  -8.239   0
  19.18987846  -3.454  -5.344  -6.861  -8.269   0
  19.19002724  -3.401  -5.340  -6.876  -8.304   0
  19.19017601  -3.345  -5.335  -6.891  -8.340   0
  19.19054794  -3.304  -5.347  -6.925  -8.396   0
  19.19493484  -3.250  -5.462  -7.107  -8.646   2
  19.21951866  -3.288  -5.436  -7.056  -8.566   0
  19.24363518  -3.358  -5.435  -7.027  -8.507   0
  19.28398132  -3.500  -5.481  -7.035  -8.475   0
  19.32425308  -3.654  -5.541  -7.058  -8.456   0
  19.33987236  -3.806  -5.622  -7.112  -8.482   0
  19.34419060  -4.187  -5.822  -7.240  -8.540   0
  19.34525299  -4.467  -5.959  -7.321  -8.567   0
  19.34578514  -4.602  -6.025  -7.356  -8.575   0
  19.34631729  -4.715  -6.080  -7.384  -8.581   0
  19.34696770  -4.830  -6.137  -7.413  -8.588   0
  19.34803009  -4.984  -6.213  -7.452  -8.597   0
  19.34962463  -5.150  -6.294  -7.494  -8.608   0
  19.35151100  -5.276  -6.360  -7.526  -8.614   0
  19.35357666  -5.367  -6.408  -7.549  -8.618   0
  19.35563850  -5.437  -6.446  -7.568  -8.623   0
  19.35975838  -5.544  -6.505  -7.598  -8.632   0
  19.36593246  -5.675  -6.579  -7.638  -8.646   0
  19.37203598  -5.791  -6.645  -7.674  -8.660   0
  19.38029671  -6.353  -6.996  -7.855  -8.718   0
  19.39028549  -8.096  -7.916  -7.872  -7.900   3
  19.40344620  -7.842  -7.217  -7.102  -7.029   0
  19.43313980  -7.768  -7.077  -6.952  -6.866   1
  19.55962944  -7.843  -7.198  -7.083  -7.009   0
  19.63674355  -7.872  -7.257  -7.142  -7.071   0
  19.69596863  -7.897  -7.311  -7.197  -7.129   0
  19.74562836  -7.922  -7.378  -7.266  -7.201   0
  19.78386116  -7.948  -7.444  -7.335  -7.274   0
  19.78638077  -7.950  -7.448  -7.340  -7.279   0
  19.81954002  -7.986  -7.518  -7.417  -7.367   0
  19.84632111  -8.017  -7.587  -7.493  -7.453   0
  19.87239265  -8.049  -7.666  -7.581  -7.554   0
  19.89393616  -8.087  -7.735  -7.665  -7.657   0
  19.91348267  -8.112  -7.816  -7.759  -7.769   0
  19.92618752  -8.119  -7.884  -7.835  -7.856   0
  19.93788338  -8.111  -7.955  -7.914  -7.945   0
  19.94857216  -8.117  -7.997  -7.982  -8.045   0
  19.95812225  -8.105  -8.035  -8.049  -8.146   0
  19.96652985  -8.067  -8.068  -8.109  -8.236   0
  19.97404861  -8.005  -8.112  -8.167  -8.314   0
  19.98055267  -7.912  -8.112  -8.193  -8.385   0
  19.98603821  -7.792  -8.050  -8.194  -8.458   3
  19.98935509  -7.701  -7.988  -8.187  -8.506   0
  19.99229240  -7.594  -7.909  -8.173  -8.558   0
  19.99510002  -7.468  -7.803  -8.150  -8.606   0
  19.99752617  -7.325  -7.686  -8.120  -8.649   0
  19.99982452  -7.152  -7.549  -8.080  -8.689   0
  20.00000000  -7.134  -7.535  -8.075  -8.692   0
  20.00146484  -7.009  -7.444  -8.044  -8.708   0
  20.00432587  -6.710  -7.234  -7.963  -8.728   0
  20.00642586  -6.325  -6.989  -7.865  -8.741   0
  20.00909615  -5.594  -6.565  -7.663  -8.700   0
  20.01024246  -5.178  -6.334  -7.539  -8.656   0
  20.01157761  -4.707  -6.077  -7.382  -8.582   0
  20.01291275  -4.221  -5.811  -7.211  -8.495   0
  20.01577950  -3.732  -5.606  -7.118  -8.510   4
  20.02497292  -3.552  -5.582  -7.156  -8.613   0
  20.16094017  -3.493  -5.624  -7.238  -8.739   0
  20.16828918  -3.524  -5.714  -7.351  -8.880   0
  20.18302917  -3.565  -5.805  -7.460  -9.012   2
  20.18902016  -3.692  -5.860  -7.511  -9.119   0
