   0.15000001  15.660  14.046  12.438  10.265   0
   0.20000000  14.475  13.029  11.513   9.564   0
   0.25000000  13.760  12.405  10.935   9.103   0
   0.30000001  13.180  11.891  10.466   8.719   0
   0.34999999  12.691  11.457  10.069   8.394   0
   0.40000001  12.184  10.990   9.635   8.023   0
   0.44999999  11.731  10.572   9.258   7.712   0
   0.50000000  11.246  10.116   8.850   7.372   0
   0.55000001  10.702   9.617   8.409   7.014   0
   0.60000002  10.151   9.134   7.989   6.676   0
   0.69999999   8.775   8.025   7.039   5.941   0
   0.80000001   7.291   6.928   6.115   5.234   0
   0.89999998   6.154   6.053   5.387   4.645   0
   0.98129249   5.446   5.457   4.881   4.216   0
   1.00000000   5.302   5.328   4.772   4.124   0
   1.00904930   5.230   5.264   4.717   4.076   0
   1.10000002   4.595   4.675   4.208   3.642   0
   1.14540887   4.327   4.412   3.980   3.449   0
   1.20000005   4.025   4.110   3.717   3.226   0
   1.21932948   3.928   4.009   3.629   3.156   0
   1.29999995   3.540   3.601   3.275   2.870   0
   1.38220358   3.186   3.208   2.942   2.626   0
   1.39999998   3.117   3.129   2.875   2.578   0
   1.45228386   2.919   2.907   2.687   2.445   0
   1.50000000   2.747   2.715   2.527   2.330   0
   1.52065611   2.676   2.638   2.462   2.281   0
   1.60000002   2.411   2.353   2.219   2.091   0
   1.65682006   2.235   2.177   2.065   1.963   0
   1.70000005   2.102   2.044   1.947   1.861   0
   1.77044988   1.891   1.834   1.760   1.698   0
   1.79999995   1.803   1.749   1.682   1.628   0
   1.85000002   1.659   1.612   1.555   1.510   0
   1.86861479   1.606   1.560   1.506   1.464   0
   1.89999998   1.516   1.470   1.420   1.380   0
   1.94327557   1.393   1.351   1.306   1.271   0
   2.00000000   1.234   1.191   1.151   1.117   0
   2.01468825   1.194   1.150   1.111   1.078   0
   2.07413793   1.031   0.980   0.942   0.906   1
   2.12519789   0.893   0.830   0.788   0.745   0
   2.16936350   0.779   0.701   0.648   0.591   0
   2.20000005   0.705   0.616   0.550   0.476   0
   2.20993257   0.682   0.589   0.519   0.440   0
   2.24365640   0.609   0.495   0.407   0.304   0
   2.25885844   0.576   0.458   0.359   0.242   0
   2.27297664   0.540   0.420   0.312   0.184   0
   2.28084707   0.512   0.391   0.283   0.153   0
   2.28834867   0.467   0.345   0.247   0.128   0
   2.29302716   0.409   0.295   0.217   0.122   0
   2.29617929   0.309   0.228   0.188   0.135   0
   2.29707575   0.226   0.185   0.170   0.144   0
   2.29757619   0.139   0.139   0.147   0.145   0
   2.29772043   0.214   0.196   0.194   0.183   0
   2.29786634   0.290   0.235   0.211   0.178   4
   2.29810143   0.270   0.178   0.128   0.063   0
   2.29846573   0.244   0.118   0.037  -0.065   0
   2.29901576   0.259   0.121  -0.006  -0.165   0
   2.29919028   0.266   0.125  -0.015  -0.189   0
   2.29975295   0.295   0.167  -0.017  -0.246   0
   2.30044436   0.341   0.229  -0.007  -0.300   0
   2.30123305   0.409   0.318   0.024  -0.348   0
   2.30179572   0.480   0.402   0.060  -0.374   0
   2.30236578   0.571   0.501   0.105  -0.392   0
   2.30321693   0.754   0.678   0.196  -0.390   0
   2.30403709   0.997   0.892   0.327  -0.336   0
   2.30481529   1.319   1.156   0.512  -0.216   0
   2.30531192   1.581   1.368   0.671  -0.102   0
   2.30604053   1.902   1.607   0.839   0.008   0
   2.30628300   1.965   1.647   0.860   0.012   4
   2.30720115   2.014   1.611   0.772  -0.119   0
   2.30811906   1.960   1.503   0.631  -0.287   0
   2.30896544   1.897   1.398   0.500  -0.439   0
   2.30999994   1.786   1.249   0.329  -0.627   0
   2.31080079   1.712   1.138   0.199  -0.774   0
   2.31168008   1.635   1.018   0.057  -0.935   0
   2.31242490   1.563   0.912  -0.066  -1.073   0
   2.31320786   1.489   0.801  -0.196  -1.218   0
   2.31398773   1.402   0.682  -0.331  -1.366   0
   2.31472611   1.339   0.577  -0.458  -1.511   0
   2.31543994   1.284   0.477  -0.581  -1.652   0
   2.31609178   1.238   0.386  -0.693  -1.784   0
   2.31674290   1.194   0.295  -0.807  -1.918   0
   2.31735897   1.161   0.210  -0.915  -2.047   0
   2.31801605   1.130   0.130  -1.017  -2.169   0
   2.31805634   1.128   0.127  -1.021  -2.174   2
   2.31823730   1.156   0.205  -0.921  -2.054   0
   2.31836534   1.185   0.282  -0.821  -1.934   0
   2.31857228   1.222   0.362  -0.721  -1.816   0
   2.31893468   1.271   0.458  -0.603  -1.677   0
   2.31943631   1.318   0.552  -0.486  -1.541   0
   2.32010174   1.375   0.649  -0.368  -1.406   0
   2.32120466   1.470   0.790  -0.202  -1.220   0
   2.32215834   1.558   0.925  -0.044  -1.042   0
   2.32312799   1.638   1.053   0.109  -0.869   0
   2.32424903   1.716   1.176   0.255  -0.702   0
   2.32606959   1.815   1.322   0.428  -0.506   0
   2.32912970   1.896   1.451   0.587  -0.324   0
   2.33422852   1.893   1.497   0.662  -0.224   4
   2.40802670   1.624   1.228   0.396  -0.487   0
   2.43727660   1.504   1.108   0.279  -0.602   0
   2.48826408   1.306   0.904   0.072  -0.810   0
   2.50000000   1.273   0.864   0.028  -0.857   0
   2.54530740   1.165   0.713  -0.149  -1.054   0
   2.56334949   1.183   0.655  -0.257  -1.203   0
   2.56528687   1.162   0.567  -0.380  -1.357   0
   2.56560779   1.121   0.478  -0.494  -1.491   0
   2.56565952   1.089   0.433  -0.546  -1.549   0
   2.56576777   1.036   0.331  -0.673  -1.697   0
   2.56586123   0.976   0.228  -0.799  -1.840   0
   2.56600547   0.914   0.112  -0.944  -2.009   0
   2.56681418   0.962   0.202  -0.831  -1.877   1
   2.56963754   0.897   0.069  -0.999  -2.075   0
   2.57059979   0.849  -0.067  -1.175  -2.287   0
   2.57124162   0.810  -0.170  -1.308  -2.446   0
   2.57187605   0.779  -0.286  -1.462  -2.634   0
   2.57247424   0.772  -0.387  -1.604  -2.815   0
   2.57292247   0.744  -0.484  -1.731  -2.970   0
   2.57331491   0.719  -0.579  -1.856  -3.123   0
   2.57367945   0.714  -0.678  -1.993  -3.297   0
   2.57387495   0.712  -0.757  -2.102  -3.435   0
   2.57405186   0.717  -0.828  -2.206  -3.570   0
   2.57421017   0.749  -0.882  -2.294  -3.697   0
   2.57435131   0.764  -0.951  -2.397  -3.836   0
   2.57446074   0.778  -1.017  -2.495  -3.966   0
   2.57457542   0.779  -1.092  -2.602  -4.103   0
   2.57474947   0.785  -1.132  -2.674  -4.233   2
   2.57483387   0.788  -1.116  -2.639  -4.153   0
   2.57484984   0.766  -1.145  -2.695  -4.282   0
   2.57486296   0.726  -1.160  -2.729  -4.385   0
   2.57488799   0.670  -1.187  -2.772  -4.493   0
   2.57489324   0.667  -1.185  -2.772  -4.500   0
   2.57490945   0.656  -1.187  -2.777  -4.522   0
   2.57492542   0.643  -1.189  -2.783  -4.545   0
   2.57494116   0.631  -1.191  -2.788  -4.567   0
   2.57495713   0.617  -1.194  -2.793  -4.589   0
   2.57497287   0.604  -1.196  -2.799  -4.612   0
   2.57498884   0.589  -1.199  -2.804  -4.634   0
   2.57500148   0.577  -1.201  -2.809  -4.652   0
   2.57501745   0.562  -1.204  -2.814  -4.675   0
   2.57503319   0.546  -1.207  -2.820  -4.697   0
   2.57504916   0.529  -1.209  -2.825  -4.719   0
   2.57506180   0.520  -1.205  -2.821  -4.736   0
   2.57507730   0.509  -1.200  -2.817  -4.756   0
   2.57509279   0.498  -1.195  -2.812  -4.776   0
   2.57510829   0.487  -1.191  -2.808  -4.795   0
   2.57512045   0.479  -1.187  -2.804  -4.810   0
   2.57513595   0.468  -1.183  -2.800  -4.828   0
   2.57515144   0.457  -1.178  -2.796  -4.846   0
   2.57516694   0.446  -1.174  -2.792  -4.864   0
   2.57521582   0.439  -1.167  -2.784  -4.877   0
   2.57528663   0.426  -1.162  -2.779  -4.897   0
   2.57535720   0.413  -1.158  -2.775  -4.917   0
   2.57542706   0.400  -1.154  -2.770  -4.937   0
   2.57549644   0.387  -1.149  -2.765  -4.956   0
   2.57556534   0.373  -1.145  -2.761  -4.976   0
   2.57563353   0.359  -1.141  -2.756  -4.996   0
   2.57570148   0.345  -1.137  -2.752  -5.016   0
   2.57576895   0.330  -1.133  -2.747  -5.036   0
   2.57583594   0.316  -1.129  -2.742  -5.055   0
   2.57590222   0.301  -1.126  -2.738  -5.075   0
   2.57596803   0.286  -1.122  -2.733  -5.095   0
   2.57603335   0.270  -1.119  -2.728  -5.114   0
   2.57609844   0.254  -1.115  -2.723  -5.134   0
   2.57616282   0.250  -1.100  -2.706  -5.147   0
   2.57622647   0.256  -1.073  -2.676  -5.154   0
   2.57628989   0.263  -1.046  -2.647  -5.160   0
   2.57635260   0.269  -1.020  -2.618  -5.167   0
   2.57641506   0.275  -0.993  -2.588  -5.173   0
   2.57647681   0.282  -0.966  -2.559  -5.179   0
   2.57653809   0.288  -0.940  -2.529  -5.186   0
   2.57659888   0.294  -0.913  -2.500  -5.192   0
   2.57665920   0.301  -0.886  -2.471  -5.199   0
   2.57671905   0.307  -0.860  -2.441  -5.205   0
   2.57677817   0.314  -0.833  -2.412  -5.211   0
   2.57683706   0.320  -0.806  -2.382  -5.218   0
   2.57689524   0.327  -0.780  -2.353  -5.224   0
   2.57695293   0.333  -0.753  -2.323  -5.230   0
   2.57701015   0.340  -0.726  -2.294  -5.236   0
   2.57706690   0.347  -0.699  -2.264  -5.243   0
   2.57712317   0.353  -0.673  -2.234  -5.249   0
   2.57717872   0.360  -0.646  -2.205  -5.255   0
   2.57723379   0.367  -0.619  -2.175  -5.261   0
   2.57727766   0.372  -0.597  -2.151  -5.266   0
   2.57732129   0.378  -0.575  -2.127  -5.271   0
   2.57736444   0.383  -0.554  -2.103  -5.275   0
   2.57740760   0.390  -0.530  -2.078  -5.279   0
   2.57746124   0.404  -0.494  -2.041  -5.277   0
   2.57751465   0.419  -0.458  -2.005  -5.276   0
   2.57756782   0.433  -0.422  -1.969  -5.274   0
   2.57762074   0.447  -0.386  -1.933  -5.273   0
   2.57767344   0.462  -0.349  -1.896  -5.271   0
   2.57771921   0.476  -0.316  -1.863  -5.268   0
   2.57776523   0.492  -0.280  -1.826  -5.264   0
   2.57780981   0.514  -0.236  -1.782  -5.253   0
   2.57782745   0.531  -0.208  -1.753  -5.243   0
   2.57783532   0.546  -0.185  -1.730  -5.233   0
   2.57783866   0.562  -0.163  -1.708  -5.221   0
   2.57784033   0.577  -0.142  -1.687  -5.209   0
   2.57784200   0.593  -0.120  -1.665  -5.197   0
   2.57784367   0.610  -0.096  -1.642  -5.184   2
   2.57784557   0.628  -0.071  -1.616  -5.170   0
   2.57784724   0.647  -0.044  -1.589  -5.155   0
   2.57784891   0.669  -0.014  -1.559  -5.138   0
   2.57785058   0.692   0.018  -1.527  -5.120   0
   2.57785225   0.718   0.054  -1.491  -5.100   0
   2.57785463   0.747   0.093  -1.451  -5.078   0
