   0.15000001  15.638  14.028  12.422  10.254   0
   0.20000000  14.448  13.005  11.491   9.545   0
   0.25000000  13.728  12.376  10.908   9.080   0
   0.30000001  13.146  11.860  10.436   8.693   0
   0.34999999  12.661  11.428  10.042   8.369   0
   0.40000001  12.148  10.956   9.603   7.995   0
   0.44999999  11.690  10.530   9.218   7.675   0
   0.50000000  11.195  10.065   8.803   7.330   0
   0.55000001  10.630   9.551   8.350   6.963   0
   0.60000002  10.053   9.047   7.912   6.613   0
   0.60703075   9.945   8.956   7.835   6.555   0
   0.69999999   8.560   7.861   6.896   5.829   0
   0.76100379   7.549   7.112   6.265   5.345   0
   0.80000001   6.962   6.676   5.900   5.058   0
   0.81030768   6.828   6.572   5.813   4.986   0
   0.85271555   6.288   6.151   5.459   4.695   0
   0.88516325   5.922   5.850   5.206   4.482   0
   0.89999998   5.761   5.715   5.092   4.386   0
   0.91786200   5.574   5.555   4.953   4.266   0
   0.94502294   5.306   5.317   4.746   4.084   0
   0.96757722   5.098   5.124   4.576   3.934   0
   0.98681158   4.924   4.962   4.432   3.806   0
   1.00000000   4.808   4.853   4.335   3.719   0
   1.01373935   4.676   4.729   4.224   3.620   0
   1.02662158   4.555   4.614   4.120   3.526   0
   1.03444242   4.482   4.544   4.058   3.469   0
   1.03876674   4.447   4.509   4.025   3.439   0
   1.05268335   4.339   4.400   3.924   3.347   0
   1.06716287   4.242   4.301   3.829   3.255   0
   1.08146083   4.157   4.213   3.741   3.166   1
   1.08774936   4.120   4.175   3.702   3.126   0
   1.09372234   4.077   4.131   3.658   3.083   0
   1.09538376   4.063   4.116   3.644   3.070   0
   1.10000002   3.988   4.041   3.578   3.011   0
   1.10151422   3.972   4.025   3.562   2.997   0
   1.10480738   3.901   3.954   3.500   2.943   0
   1.10779762   3.818   3.870   3.423   2.875   0
   1.10826683   3.813   3.864   3.418   2.871   0
   1.11313796   3.774   3.824   3.378   2.830   0
   1.13778317   3.591   3.631   3.175   2.617   0
   1.15940630   3.462   3.483   2.997   2.407   0
   1.17270315   3.468   3.450   2.909   2.269   3
   1.17956805   3.720   3.623   2.992   2.274   0
   1.18313146   4.002   3.821   3.116   2.337   0
   1.18617868   4.255   3.984   3.216   2.383   0
   1.18705916   4.319   4.023   3.238   2.389   4
   1.19180477   4.405   4.014   3.175   2.276   0
   1.19517326   4.317   3.891   3.033   2.116   0
   1.19794095   4.209   3.762   2.891   1.963   0
   1.20000005   4.111   3.644   2.762   1.826   0
   1.20046055   4.089   3.619   2.735   1.797   0
   1.20274377   3.971   3.482   2.587   1.640   0
   1.20475030   3.843   3.337   2.433   1.478   0
   1.20656955   3.736   3.208   2.291   1.326   0
   1.20805395   3.618   3.073   2.148   1.174   0
   1.20941317   3.517   2.947   2.008   1.022   0
   1.21064317   3.404   2.811   1.861   0.865   0
   1.21175098   3.302   2.680   1.716   0.708   0
   1.21270049   3.198   2.549   1.570   0.550   0
   1.21352410   3.101   2.424   1.431   0.399   0
   1.21425521   3.004   2.299   1.292   0.249   0
   1.21495867   2.889   2.163   1.145   0.094   0
   1.21559119   2.815   2.053   1.016  -0.051   0
   1.21626544   2.763   1.977   0.930  -0.149   0
   1.21684182   2.819   2.077   1.050  -0.008   0
   1.21691358   2.823   2.085   1.059   0.003   1
   1.21739614   2.750   1.972   0.928  -0.147   0
   1.21787584   2.679   1.863   0.801  -0.291   0
   1.21836364   2.604   1.743   0.661  -0.449   0
   1.21877456   2.543   1.638   0.534  -0.595   0
   1.21918154   2.467   1.518   0.394  -0.753   0
   1.21953034   2.403   1.407   0.261  -0.906   0
   1.21983111   2.346   1.299   0.128  -1.059   0
   1.22009170   2.299   1.200   0.008  -1.201   0
   1.22034848   2.255   1.096  -0.121  -1.355   0
   1.22056890   2.215   0.998  -0.244  -1.503   0
   1.22075701   2.181   0.901  -0.368  -1.652   0
   1.22091985   2.154   0.814  -0.481  -1.790   0
   1.22107959   2.112   0.711  -0.609  -1.940   0
   1.22121716   2.105   0.632  -0.718  -2.081   0
   1.22133660   2.090   0.549  -0.829  -2.221   0
   1.22145200   2.092   0.473  -0.938  -2.364   0
   1.22155011   2.090   0.394  -1.048  -2.506   0
   1.22163558   2.033   0.288  -1.173  -2.647   0
   1.22171628   2.056   0.224  -1.272  -2.783   0
   1.22179294   2.028   0.186  -1.335  -2.907   0
   1.22184837   2.020   0.199  -1.349  -3.010   0
   1.22191095   1.970   0.170  -1.399  -3.130   0
   1.22196865   1.915   0.149  -1.439  -3.249   0
   1.22201860   1.839   0.112  -1.492  -3.372   0
   1.22205973   1.779   0.112  -1.497  -3.475   0
   1.22210085   1.711   0.102  -1.509  -3.580   3
   1.22213960   1.676   0.166  -1.446  -3.662   0
   1.22217369   1.625   0.208  -1.402  -3.748   0
   1.22220302   1.590   0.250  -1.355  -3.814   0
   1.22220302   2.392   1.765   0.799  -0.197   0
   1.22250676   2.363   1.708   0.728  -0.281   0
   1.22277653   2.353   1.692   0.709  -0.302   0
   1.22292507   2.348   1.688   0.706  -0.304   0
   1.22334850   2.410   1.727   0.731  -0.291   2
   1.22378480   2.340   1.691   0.714  -0.291   0
   1.22423434   2.333   1.689   0.715  -0.289   0
   1.22468412   2.328   1.688   0.715  -0.286   0
   1.22514713   2.323   1.686   0.715  -0.285   0
   1.22563899   2.316   1.682   0.713  -0.285   0
   1.22611809   2.308   1.678   0.710  -0.286   0
   1.22659719   2.300   1.673   0.707  -0.289   0
   1.22707081   2.293   1.667   0.702  -0.292   0
   1.22754538   2.286   1.660   0.695  -0.299   0
   1.22759199   2.285   1.659   0.694  -0.300   0
   1.22804403   2.280   1.652   0.686  -0.308   0
   1.22857046   2.272   1.642   0.675  -0.321   0
   1.22911477   2.261   1.626   0.657  -0.340   0
   1.22967601   2.247   1.605   0.631  -0.369   0
   1.23029053   2.225   1.570   0.591  -0.415   0
   1.23055983   2.213   1.549   0.564  -0.446   0
   1.23149312   2.188   1.495   0.495  -0.528   0
   1.23171890   2.163   1.430   0.409  -0.631   0
   1.23180985   2.141   1.375   0.337  -0.718   0
   1.23187685   2.105   1.278   0.210  -0.871   0
   1.23189628   2.079   1.206   0.116  -0.986   0
   1.23191142   2.041   1.068  -0.067  -1.211   0
   1.23191714   2.021   0.985  -0.179  -1.349   0
   1.23192394   2.000   0.891  -0.305  -1.505   0
   1.23193192   1.972   0.807  -0.413  -1.637   0
   1.23193765   1.977   0.789  -0.440  -1.674   0
   1.23196590   1.994   0.870  -0.333  -1.540   0
   1.23201430   2.000   0.909  -0.280  -1.472   1
   1.23216796   1.972   0.807  -0.414  -1.638   0
   1.23223305   1.959   0.721  -0.530  -1.784   0
   1.23228323   1.946   0.632  -0.652  -1.938   0
   1.23233199   1.938   0.537  -0.783  -2.103   0
   1.23237586   1.940   0.450  -0.905  -2.262   0
   1.23241377   1.954   0.372  -1.023  -2.421   0
   1.23245370   1.967   0.292  -1.140  -2.578   0
   1.23248076   1.980   0.196  -1.280  -2.763   0
   1.23249519   2.006   0.139  -1.370  -2.888   0
   1.23250926   2.003   0.155  -1.385  -2.999   0
   1.23252308   1.953   0.121  -1.440  -3.122   0
   1.23253381   1.920   0.127  -1.455  -3.227   0
   1.23254490   1.851   0.094  -1.504  -3.344   0
   1.23255658   1.784   0.077  -1.532  -3.452   3
   1.23256981   1.726   0.090  -1.522  -3.553   0
   1.23258138   1.692   0.152  -1.460  -3.634   0
   1.23258674   1.673   0.263  -1.346  -3.702   0
   1.23258674   1.673   0.264  -1.346  -3.702   0
   1.23258877   1.658   0.268  -1.341  -3.723   0
   1.23259068   1.643   0.272  -1.336  -3.744   0
   1.23259258   1.637   0.287  -1.320  -3.759   0
   1.23259413   1.642   0.309  -1.295  -3.765   0
   1.23259568   1.647   0.331  -1.271  -3.770   0
   1.23259759   1.654   0.359  -1.240  -3.777   0
   1.23259962   1.660   0.386  -1.210  -3.784   0
   1.23260117   1.666   0.409  -1.185  -3.790   0
   1.23260272   1.671   0.431  -1.160  -3.796   0
   1.23260462   1.677   0.459  -1.129  -3.803   0
   1.23260617   1.683   0.482  -1.104  -3.808   0
   1.23260808   1.689   0.510  -1.073  -3.816   0
   1.23260963   1.694   0.532  -1.048  -3.821   0
   1.23261154   1.701   0.560  -1.017  -3.828   0
   1.23261344   1.708   0.589  -0.986  -3.835   0
   1.23261547   1.714   0.617  -0.955  -3.842   0
   1.23261738   1.721   0.645  -0.924  -3.849   0
   1.23261893   1.726   0.668  -0.899  -3.855   0
   1.23262084   1.733   0.696  -0.867  -3.862   0
   1.23262239   1.738   0.719  -0.842  -3.867   0
   1.23262393   1.744   0.741  -0.817  -3.873   0
   1.23262548   1.749   0.764  -0.792  -3.879   0
   1.23262739   1.756   0.792  -0.761  -3.886   0
   1.23262894   1.761   0.815  -0.736  -3.891   0
   1.23263097   1.768   0.842  -0.706  -3.897   0
   1.23263288   1.781   0.876  -0.672  -3.897   0
   1.23263478   1.794   0.911  -0.637  -3.896   0
   1.23263633   1.805   0.939  -0.609  -3.895   0
   1.23263824   1.819   0.973  -0.574  -3.894   0
   1.23264027   1.832   1.008  -0.539  -3.893   0
   1.23264217   1.845   1.043  -0.503  -3.892   0
   1.23264503   1.859   1.077  -0.469  -3.890   0
   1.23264933   1.875   1.117  -0.429  -3.888   0
   1.23265362   1.891   1.158  -0.388  -3.886   0
   1.23265803   1.907   1.198  -0.347  -3.884   0
   1.23266232   1.924   1.239  -0.306  -3.882   0
   1.23266661   1.940   1.280  -0.264  -3.880   1
   1.23267090   1.957   1.322  -0.223  -3.877   0
   1.23267519   1.974   1.363  -0.181  -3.875   0
   1.23267937   1.991   1.405  -0.139  -3.872   0
   1.23268342   2.009   1.449  -0.095  -3.868   0
   1.23268700   2.029   1.492  -0.051  -3.863   0
   1.23269033   2.060   1.552   0.010  -3.849   0
   1.23269165   2.103   1.623   0.080  -3.821   0
   1.23269165   2.137   1.675   0.133  -3.798   0
   1.23269165   2.165   1.717   0.175  -3.779   0
