   0.15000001  15.662  14.048  12.439  10.266   0
   0.20000000  14.477  13.031  11.515   9.566   0
   0.25000000  13.762  12.407  10.937   9.105   0
   0.30000001  13.183  11.894  10.468   8.721   0
   0.34999999  12.693  11.459  10.071   8.396   0
   0.40000001  12.187  10.993   9.638   8.025   0
   0.44999999  11.734  10.575   9.261   7.714   0
   0.50000000  11.250  10.119   8.853   7.376   0
   0.55000001  10.707   9.622   8.414   7.018   0
   0.60000002  10.158   9.141   7.995   6.681   0
   0.69999999   8.792   8.038   7.050   5.950   0
   0.80000001   7.320   6.951   6.134   5.250   0
   0.89999998   6.187   6.081   5.411   4.666   0
   1.00000000   5.352   5.374   4.812   4.159   0
   1.09926856   4.636   4.715   4.245   3.674   0
   1.10000002   4.631   4.710   4.241   3.670   0
   1.11049712   4.568   4.649   4.187   3.626   0
   1.20000005   4.068   4.155   3.759   3.264   0
   1.29999995   3.595   3.661   3.331   2.921   0
   1.39999998   3.187   3.206   2.948   2.646   0
   1.50000000   2.825   2.797   2.610   2.416   0
   1.60000002   2.503   2.453   2.329   2.216   0
   1.60960054   2.475   2.425   2.305   2.198   0
   1.70000005   2.210   2.163   2.086   2.027   0
   1.79999995   1.940   1.921   1.875   1.849   0
   1.85000002   1.811   1.804   1.773   1.761   0
   1.86081719   1.783   1.779   1.751   1.741   0
   1.89999998   1.683   1.691   1.670   1.667   0
   2.00000000   1.439   1.478   1.477   1.490   0
   2.04153013   1.340   1.392   1.398   1.418   0
   2.19349265   0.986   1.085   1.112   1.147   0
   2.20000005   0.971   1.072   1.100   1.135   0
   2.20199943   0.967   1.068   1.097   1.132   0
   2.32811975   0.685   0.817   0.859   0.902   0
   2.43311381   0.452   0.602   0.651   0.698   0
   2.50000000   0.304   0.458   0.510   0.557   0
   2.52541852   0.249   0.404   0.458   0.505   0
   2.60517168   0.073   0.226   0.280   0.326   1
   2.67364764  -0.078   0.063   0.115   0.157   0
   2.73269510  -0.210  -0.088  -0.040  -0.005   0
   2.78390098  -0.326  -0.230  -0.188  -0.160   0
   2.82839799  -0.427  -0.362  -0.328  -0.308   0
   2.84837890  -0.473  -0.422  -0.391  -0.377   0
   2.86693096  -0.520  -0.481  -0.453  -0.442   0
   2.87835526  -0.557  -0.518  -0.490  -0.480   0
   2.88676643  -0.594  -0.544  -0.511  -0.498   0
   2.89267015  -0.638  -0.560  -0.519  -0.496   3
   2.89665341  -0.701  -0.560  -0.504  -0.467   0
   2.89778495  -0.756  -0.564  -0.496  -0.448   0
   2.89836264  -0.808  -0.572  -0.495  -0.438   0
   2.89853120  -0.757  -0.538  -0.465  -0.411   0
   2.89876437  -0.696  -0.533  -0.471  -0.429   0
   2.89907503  -0.742  -0.637  -0.588  -0.559   0
   2.89953876  -0.801  -0.757  -0.723  -0.712   0
   2.90021086  -0.823  -0.845  -0.835  -0.851   0
   2.90064049  -0.820  -0.880  -0.886  -0.919   0
   2.90121841  -0.800  -0.899  -0.931  -0.993   0
   2.90189528  -0.762  -0.901  -0.968  -1.071   0
   2.90264463  -0.697  -0.862  -0.982  -1.149   3
   2.90316582  -0.636  -0.794  -0.970  -1.200   0
   2.90369010  -0.558  -0.700  -0.940  -1.248   0
   2.90421200  -0.453  -0.572  -0.887  -1.287   0
   2.90472412  -0.297  -0.401  -0.806  -1.313   0
   2.90522146  -0.063  -0.182  -0.694  -1.308   0
   2.90569973   0.219   0.052  -0.555  -1.252   0
   2.90616322   0.533   0.306  -0.381  -1.145   0
   2.90661001   0.866   0.565  -0.191  -1.010   0
   2.90705085   1.100   0.722  -0.094  -0.963   4
   2.90760636   1.152   0.687  -0.186  -1.100   0
   2.90815926   1.128   0.602  -0.309  -1.255   0
   2.90882349   1.084   0.501  -0.441  -1.413   0
   2.90958834   1.026   0.390  -0.578  -1.573   0
   2.91020608   0.973   0.299  -0.689  -1.700   0
   2.91095400   0.903   0.186  -0.825  -1.854   0
   2.91164756   0.840   0.083  -0.949  -1.994   0
   2.91226006   0.788  -0.004  -1.055  -2.116   0
   2.91287756   0.744  -0.090  -1.161  -2.240   0
   2.91346240   0.710  -0.170  -1.262  -2.360   0
   2.91404772   0.684  -0.247  -1.362  -2.481   0
   2.91458583   0.663  -0.314  -1.449  -2.586   0
   2.91503048   0.650  -0.355  -1.503  -2.651   2
   2.91568589   0.659  -0.319  -1.456  -2.593   0
   2.91668081   0.671  -0.272  -1.392  -2.515   0
   2.91808295   0.687  -0.216  -1.318  -2.425   0
   2.91957664   0.705  -0.161  -1.246  -2.338   0
   2.92100263   0.734  -0.090  -1.157  -2.231   0
   2.92224574   0.770  -0.019  -1.069  -2.128   0
   2.92363262   0.819   0.069  -0.960  -2.002   0
   2.92513990   0.877   0.171  -0.833  -1.857   0
   2.92721677   0.962   0.311  -0.665  -1.666   0
   2.92971158   1.031   0.440  -0.505  -1.480   0
   2.93415856   1.102   0.581  -0.327  -1.269   0
   2.94325590   1.038   0.604  -0.246  -1.142   4
   3.00000000   0.643   0.264  -0.547  -1.410   0
   3.03143001   0.448   0.084  -0.715  -1.567   0
   3.07158947   0.229  -0.126  -0.914  -1.757   1
   3.14650512   0.277  -0.192  -1.056  -1.958   0
   3.16385913   0.561  -0.066  -1.027  -2.012   0
   3.16517210   0.550  -0.146  -1.144  -2.160   0
   3.16530848   0.540  -0.182  -1.194  -2.220   0
   3.16545057   0.491  -0.281  -1.320  -2.368   0
   3.16558743   0.443  -0.386  -1.453  -2.524   0
   3.16869521   0.396  -0.579  -1.713  -2.845   0
   3.16921544   0.375  -0.671  -1.838  -2.997   0
   3.16973233   0.377  -0.742  -1.942  -3.131   0
   3.17051005   0.347  -0.862  -2.100  -3.326   0
   3.17102885   0.342  -0.942  -2.212  -3.467   0
   3.17154741   0.337  -1.033  -2.338  -3.627   0
   3.17201495   0.336  -1.128  -2.472  -3.797   0
   3.17238927   0.338  -1.214  -2.593  -3.953   0
   3.17269468   0.369  -1.272  -2.688  -4.087   0
   3.17301559   0.383  -1.358  -2.815  -4.255   0
   3.17327809   0.409  -1.432  -2.928  -4.409   0
   3.17354298   0.418  -1.521  -3.056  -4.575   0
   3.17383456   0.377  -1.546  -3.113  -4.732   0
   3.17396951   0.322  -1.563  -3.149  -4.848   0
   3.17408609   0.260  -1.588  -3.187  -4.950   0
   3.17418671   0.201  -1.599  -3.210  -5.039   0
   3.17429256   0.148  -1.615  -3.232  -5.109   0
   3.17443299   0.104  -1.622  -3.242  -5.170   2
   3.17449903   0.036  -1.594  -3.214  -5.281   0
   3.17453337  -0.007  -1.572  -3.191  -5.348   0
   3.17454410  -0.024  -1.562  -3.179  -5.373   0
   3.17456865  -0.037  -1.558  -3.175  -5.392   0
   3.17459321  -0.051  -1.554  -3.171  -5.411   0
   3.17461777  -0.066  -1.551  -3.167  -5.430   0
   3.17464232  -0.080  -1.548  -3.162  -5.449   0
   3.17466211  -0.092  -1.545  -3.159  -5.464   0
   3.17468667  -0.107  -1.542  -3.155  -5.483   0
   3.17471123  -0.122  -1.539  -3.150  -5.502   0
   3.17473555  -0.137  -1.536  -3.146  -5.521   0
   3.17475963  -0.153  -1.533  -3.142  -5.539   0
   3.17478371  -0.168  -1.530  -3.138  -5.558   0
   3.17486620  -0.158  -1.489  -3.092  -5.567   0
   3.17498636  -0.147  -1.444  -3.043  -5.578   0
   3.17510581  -0.141  -1.417  -3.014  -5.584   0
   3.17522407  -0.135  -1.393  -2.986  -5.590   0
   3.17534137  -0.129  -1.368  -2.959  -5.596   0
   3.17545748  -0.123  -1.343  -2.932  -5.602   0
   3.17557240  -0.117  -1.318  -2.904  -5.608   0
   3.17568636  -0.111  -1.294  -2.877  -5.614   0
   3.17577696  -0.107  -1.274  -2.856  -5.619   0
   3.17586660  -0.102  -1.254  -2.833  -5.624   0
   3.17595601  -0.097  -1.234  -2.811  -5.628   0
   3.17604470  -0.092  -1.214  -2.789  -5.633   0
   3.17613292  -0.087  -1.194  -2.766  -5.638   0
   3.17622089  -0.082  -1.174  -2.744  -5.643   0
   3.17630816  -0.077  -1.154  -2.723  -5.647   0
   3.17639518  -0.072  -1.134  -2.701  -5.652   0
   3.17648172  -0.067  -1.114  -2.679  -5.656   0
   3.17656779  -0.063  -1.095  -2.657  -5.661   0
   3.17665386  -0.058  -1.075  -2.636  -5.665   0
   3.17673922  -0.053  -1.056  -2.615  -5.670   0
   3.17682457  -0.048  -1.037  -2.593  -5.674   0
   3.17690969  -0.043  -1.018  -2.572  -5.678   0
   3.17701602  -0.037  -0.994  -2.546  -5.683   0
   3.17712188  -0.031  -0.970  -2.520  -5.688   0
   3.17722774  -0.024  -0.945  -2.493  -5.692   0
   3.17733359  -0.012  -0.915  -2.462  -5.691   0
   3.17743969   0.000  -0.884  -2.431  -5.690   0
   3.17754555   0.012  -0.853  -2.401  -5.688   2
   3.17764926   0.025  -0.824  -2.371  -5.686   0
   3.17774630   0.038  -0.793  -2.340  -5.682   0
   3.17784166   0.056  -0.759  -2.305  -5.675   0
   3.17788029   0.068  -0.739  -2.285  -5.667   0
   3.17790270   0.087  -0.716  -2.263  -5.651   0
   3.17791486   0.106  -0.694  -2.240  -5.632   0
   3.17792153   0.121  -0.677  -2.223  -5.618   0
   3.17792487   0.133  -0.664  -2.210  -5.608   0
   3.17792654   0.142  -0.653  -2.199  -5.599   0
   3.17792845   0.152  -0.641  -2.187  -5.590   0
   3.17793012   0.163  -0.629  -2.175  -5.581   0
   3.17793179   0.174  -0.616  -2.162  -5.571   0
   3.17793369   0.186  -0.602  -2.148  -5.560   0
   3.17793536   0.198  -0.588  -2.134  -5.549   0
   3.17793703   0.211  -0.572  -2.118  -5.537   0
   3.17793894   0.225  -0.555  -2.101  -5.525   0
   3.17794061   0.240  -0.537  -2.084  -5.511   0
   3.17794228   0.257  -0.518  -2.064  -5.496   0
   3.17794561   0.275  -0.497  -2.043  -5.480   0
