   0.15000001  15.664  14.049  12.441  10.267   0
   0.20000000  14.480  13.033  11.517   9.567   0
   0.25000000  13.765  12.409  10.940   9.107   0
   0.30000001  13.186  11.896  10.470   8.724   0
   0.34999999  12.696  11.461  10.073   8.398   0
   0.40000001  12.190  10.996   9.641   8.028   0
   0.44999999  11.738  10.579   9.265   7.718   0
   0.50000000  11.254  10.124   8.858   7.380   0
   0.55000001  10.713   9.628   8.420   7.023   0
   0.60000002  10.167   9.148   8.001   6.686   0
   0.69999999   8.813   8.055   7.064   5.961   0
   0.80000001   7.354   6.977   6.158   5.269   0
   0.89999998   6.226   6.115   5.441   4.692   0
   1.00000000   5.413   5.430   4.860   4.201   0
   1.10000002   4.698   4.778   4.304   3.729   0
   1.20000005   4.140   4.232   3.831   3.333   0
   1.29999995   3.668   3.739   3.406   2.992   0
   1.39999998   3.269   3.294   3.033   2.727   0
   1.50000000   2.916   2.894   2.704   2.508   0
   1.60000002   2.612   2.568   2.445   2.337   0
   1.70000005   2.329   2.298   2.228   2.180   0
   1.79999995   2.087   2.090   2.056   2.047   0
   1.85000002   1.915   1.944   1.927   1.934   0
   1.89999998   1.849   1.902   1.898   1.919   0
   2.00000000   1.639   1.740   1.758   1.795   0
   2.20000005   1.266   1.462   1.511   1.573   0
   2.50000000   0.794   1.109   1.188   1.273   0
   3.00000000   0.168   0.623   0.731   0.843   0
   3.50000000  -0.331   0.221   0.348   0.480   0
   3.84490013  -0.623  -0.022   0.117   0.260   0
   4.00000000  -0.746  -0.124   0.020   0.168   0
   4.50000000  -1.099  -0.419  -0.261  -0.097   0
   5.00000000  -1.428  -0.702  -0.530  -0.354   0
   5.55131292  -1.763  -0.992  -0.809  -0.621   0
   6.00000000  -2.021  -1.218  -1.027  -0.829   0
   6.71524096  -2.401  -1.554  -1.351  -1.141   0
   7.00000000  -2.550  -1.687  -1.480  -1.265   0
   7.63306665  -2.869  -1.977  -1.762  -1.539   0
   8.36830044  -3.236  -2.315  -2.092  -1.861   0
   8.97529602  -3.554  -2.615  -2.388  -2.151   0
   9.00000000  -3.567  -2.627  -2.400  -2.163   0
   9.51176167  -3.816  -2.861  -2.631  -2.392   0
  10.40886497  -4.307  -3.341  -3.110  -2.871   1
  11.07900810  -4.744  -3.787  -3.560  -3.328   0
  11.58222771  -5.152  -4.224  -4.006  -3.787   0
  11.78502941  -5.346  -4.435  -4.223  -4.013   0
  11.87502480  -5.428  -4.522  -4.311  -4.104   0
  11.92493153  -5.447  -4.528  -4.315  -4.105   3
  11.95309639  -5.415  -4.456  -4.233  -4.009   0
  11.95678520  -5.421  -4.431  -4.200  -3.966   0
  11.95693493  -5.421  -4.430  -4.199  -3.964   0
  11.95819283  -5.399  -4.428  -4.202  -3.973   0
  11.95898438  -5.457  -4.514  -4.295  -4.077   0
  11.95946503  -5.522  -4.600  -4.387  -4.177   0
  11.95996284  -5.603  -4.709  -4.503  -4.302   0
  11.96034145  -5.671  -4.799  -4.598  -4.406   0
  11.96071911  -5.741  -4.894  -4.699  -4.517   0
  11.96111393  -5.818  -5.002  -4.814  -4.642   0
  11.96150875  -5.899  -5.110  -4.932  -4.773   0
  11.96193790  -5.987  -5.232  -5.064  -4.920   0
  11.96236706  -6.077  -5.363  -5.207  -5.079   0
  11.96281338  -6.172  -5.506  -5.363  -5.254   0
  11.96305656  -6.225  -5.590  -5.455  -5.358   0
  11.96331787  -6.281  -5.684  -5.559  -5.475   0
  11.96363544  -6.343  -5.810  -5.697  -5.630   0
  11.96384144  -6.381  -5.901  -5.796  -5.741   0
  11.96408367  -6.420  -5.998  -5.904  -5.863   0
  11.96428967  -6.452  -6.089  -6.008  -5.984   0
  11.96449566  -6.490  -6.177  -6.115  -6.119   0
  11.96468163  -6.498  -6.255  -6.206  -6.226   0
  11.96484947  -6.478  -6.345  -6.306  -6.341   0
  11.96498108  -6.463  -6.388  -6.368  -6.425   0
  11.96509266  -6.436  -6.423  -6.418  -6.494   0
  11.96522331  -6.368  -6.461  -6.479  -6.586   0
  11.96533489  -6.287  -6.460  -6.510  -6.657   0
  11.96544838  -6.187  -6.422  -6.518  -6.722   3
  11.96555996  -6.059  -6.329  -6.501  -6.788   0
  11.96567249  -5.868  -6.157  -6.457  -6.865   0
  11.96578407  -5.668  -5.974  -6.397  -6.917   0
  11.96589565  -5.404  -5.752  -6.310  -6.949   0
  11.96600819  -4.866  -5.365  -6.140  -6.950   0
  11.96606445  -4.590  -5.186  -6.054  -6.934   0
  11.96617603  -3.726  -4.672  -5.775  -6.832   0
  11.96626949  -3.249  -4.391  -5.593  -6.732   0
  11.96643829  -2.673  -4.068  -5.382  -6.625   0
  11.96649361  -2.504  -3.976  -5.322  -6.598   4
  11.96662903  -2.241  -3.962  -5.407  -6.779   0
  11.96676540  -2.057  -4.036  -5.585  -7.064   0
  11.96685600  -2.082  -4.173  -5.768  -7.288   0
  11.96694660  -2.088  -4.246  -5.867  -7.412   0
  11.96724892  -2.114  -4.279  -5.911  -7.483   0
  11.96819878  -2.172  -4.309  -5.948  -7.559   0
  11.96949577  -2.189  -4.314  -5.956  -7.581   0
  11.97266102  -2.230  -4.329  -5.975  -7.630   0
  11.99965191  -2.143  -4.304  -5.940  -7.522   0
  12.00000000  -2.142  -4.304  -5.940  -7.520   0
  12.00029182  -2.141  -4.304  -5.939  -7.519   0
  12.02870560  -2.159  -4.272  -5.875  -7.400   0
  12.06210899  -2.237  -4.243  -5.804  -7.286   4
  12.12146759  -2.500  -4.334  -5.826  -7.230   0
  12.13192177  -2.576  -4.374  -5.851  -7.239   0
  12.15717411  -2.869  -4.539  -5.966  -7.298   0
  12.16674995  -3.992  -5.152  -6.359  -7.488   0
  12.16830063  -4.624  -5.499  -6.549  -7.558   0
  12.16907597  -5.398  -5.950  -6.749  -7.572   0
  12.16988850  -5.978  -6.345  -6.883  -7.504   0
  12.17029476  -6.166  -6.498  -6.923  -7.445   0
  12.17099571  -6.400  -6.698  -6.962  -7.341   0
  12.17180729  -6.570  -6.827  -6.972  -7.232   3
  12.17276669  -6.700  -6.886  -6.955  -7.127   0
  12.17427921  -6.799  -6.878  -6.900  -7.013   0
  12.17579079  -6.844  -6.836  -6.840  -6.929   0
  12.17885017  -6.867  -6.768  -6.752  -6.814   0
  12.18334293  -6.868  -6.722  -6.682  -6.714   0
  12.18933964  -6.880  -6.651  -6.602  -6.624   0
  12.19518185  -6.880  -6.591  -6.535  -6.546   0
  12.20244789  -6.870  -6.526  -6.460  -6.457   0
  12.21087551  -6.841  -6.468  -6.387  -6.365   0
  12.22060394  -6.817  -6.405  -6.315  -6.279   0
  12.23388577  -6.794  -6.338  -6.239  -6.191   0
  12.26201057  -6.774  -6.281  -6.174  -6.116   1
  12.29807568  -6.820  -6.364  -6.264  -6.216   0
  12.31567192  -6.854  -6.436  -6.344  -6.307   0
  12.32087326  -6.865  -6.460  -6.371  -6.337   0
  12.33453178  -6.897  -6.527  -6.448  -6.428   0
  12.34562206  -6.931  -6.587  -6.521  -6.518   0
  12.35489464  -6.949  -6.652  -6.594  -6.604   0
  12.36387348  -6.957  -6.728  -6.680  -6.702   0
  12.36994934  -6.951  -6.788  -6.747  -6.777   0
  12.37549591  -6.949  -6.834  -6.807  -6.856   0
  12.38059330  -6.952  -6.866  -6.863  -6.940   0
  12.38532162  -6.921  -6.922  -6.927  -7.018   0
  12.38955212  -6.869  -6.951  -6.976  -7.093   0
  12.39332390  -6.799  -6.958  -7.013  -7.166   0
  12.39663601  -6.703  -6.931  -7.030  -7.240   3
  12.39867592  -6.621  -6.880  -7.027  -7.291   0
  12.40063286  -6.523  -6.807  -7.018  -7.346   0
  12.40250683  -6.409  -6.714  -7.001  -7.402   0
  12.40416813  -6.268  -6.590  -6.972  -7.456   0
  12.40566063  -6.094  -6.443  -6.929  -7.503   0
  12.40706921  -5.829  -6.241  -6.861  -7.546   0
  12.40839291  -5.395  -5.949  -6.751  -7.577   0
  12.40899086  -5.038  -5.734  -6.660  -7.576   0
  12.40958977  -4.579  -5.475  -6.539  -7.557   0
  12.41018772  -4.120  -5.225  -6.407  -7.516   0
  12.41176987  -3.149  -4.693  -6.070  -7.351   0
  12.41224098  -2.948  -4.584  -5.997  -7.316   0
  12.41391087  -2.573  -4.433  -5.935  -7.348   0
  12.42051315  -2.323  -4.365  -5.941  -7.433   0
  12.42284775  -2.242  -4.382  -5.997  -7.529   0
  12.42392159  -2.238  -4.379  -5.994  -7.526   0
  12.42607021  -2.252  -4.425  -6.068  -7.656   0
  12.42792130  -2.348  -4.458  -6.110  -7.771   2
  12.43036366  -2.498  -4.489  -6.134  -7.878   0
  12.43324852  -2.713  -4.529  -6.151  -7.978   0
  12.43409920  -2.776  -4.538  -6.151  -8.002   0
