   0.15000001  15.641  14.031  12.424  10.256   0
   0.20000000  14.452  13.008  11.494   9.548   0
   0.25000000  13.732  12.380  10.911   9.083   0
   0.30000001  13.150  11.864  10.440   8.696   0
   0.34999999  12.665  11.431  10.045   8.372   0
   0.40000001  12.153  10.960   9.608   7.999   0
   0.44999999  11.695  10.535   9.223   7.680   0
   0.50000000  11.200  10.070   8.807   7.334   0
   0.55000001  10.639   9.558   8.357   6.968   0
   0.60000002  10.065   9.059   7.922   6.621   0
   0.62527102   9.682   8.739   7.651   6.414   0
   0.69999999   8.585   7.880   6.913   5.841   0
   0.78180212   7.266   6.904   6.091   5.209   0
   0.80000001   7.000   6.705   5.925   5.079   0
   0.82849538   6.637   6.424   5.690   4.886   0
   0.87185508   6.118   6.013   5.344   4.600   0
   0.89999998   5.813   5.760   5.132   4.422   0
   0.90413660   5.770   5.724   5.101   4.395   0
   0.93857980   5.422   5.425   4.842   4.170   0
   0.96635377   5.170   5.194   4.640   3.994   0
   0.98941714   4.967   5.005   4.474   3.847   0
   1.00000000   4.876   4.920   4.398   3.780   0
   1.01591921   4.728   4.782   4.276   3.671   0
   1.03125143   4.588   4.650   4.159   3.566   0
   1.04435623   4.475   4.540   4.059   3.477   0
   1.05231214   4.410   4.475   4.000   3.423   0
   1.05720270   4.373   4.437   3.965   3.392   0
   1.07286990   4.257   4.321   3.858   3.294   0
   1.08908248   4.151   4.213   3.755   3.196   0
   1.10000002   4.086   4.146   3.689   3.131   1
   1.12088645   3.981   4.036   3.576   3.013   0
   1.13152456   3.929   3.981   3.518   2.952   0
   1.14123464   3.872   3.922   3.458   2.890   0
   1.14200521   3.866   3.915   3.451   2.884   0
   1.15099013   3.766   3.814   3.359   2.801   0
   1.15399790   3.687   3.736   3.292   2.746   0
   1.15673029   3.537   3.585   3.163   2.640   0
   1.15699422   3.534   3.582   3.160   2.638   1
   1.15973282   3.514   3.561   3.138   2.613   0
   1.17360449   3.421   3.460   3.021   2.479   0
   1.19588089   3.315   3.339   2.865   2.285   0
   1.20000005   3.313   3.328   2.840   2.249   0
   1.21076536   3.376   3.353   2.807   2.162   3
   1.21577048   3.559   3.482   2.872   2.172   0
   1.21902430   3.772   3.637   2.968   2.220   0
   1.22183120   4.013   3.801   3.076   2.279   0
   1.22471023   4.220   3.934   3.156   2.314   0
   1.22523904   4.250   3.952   3.165   2.316   4
   1.23059499   4.321   3.934   3.098   2.201   0
   1.23434627   4.238   3.820   2.965   2.052   0
   1.23781347   4.125   3.682   2.814   1.890   0
   1.24068487   4.006   3.543   2.663   1.729   0
   1.24322629   3.889   3.407   2.516   1.573   0
   1.24545896   3.765   3.266   2.364   1.413   0
   1.24748254   3.655   3.135   2.222   1.261   0
   1.24913311   3.545   3.005   2.083   1.113   0
   1.25064421   3.441   2.877   1.941   0.960   0
   1.25201130   3.331   2.743   1.795   0.803   0
   1.25324237   3.229   2.613   1.651   0.647   0
   1.25429749   3.128   2.482   1.506   0.489   0
   1.25521255   3.031   2.358   1.366   0.337   0
   1.25602460   2.935   2.235   1.229   0.189   0
   1.25680590   2.822   2.099   1.081   0.031   0
   1.25750840   2.744   1.986   0.951  -0.114   0
   1.25825703   2.691   1.908   0.862  -0.214   0
   1.25886488   2.746   2.006   0.980  -0.077   0
   1.25894058   2.751   2.013   0.989  -0.067   1
   1.25947189   2.676   1.898   0.854  -0.220   0
   1.25999999   2.605   1.789   0.728  -0.362   0
   1.26053703   2.536   1.673   0.590  -0.521   0
   1.26098919   2.472   1.566   0.462  -0.667   0
   1.26143730   2.400   1.449   0.324  -0.823   0
   1.26182115   2.335   1.337   0.190  -0.977   0
   1.26215219   2.278   1.229   0.057  -1.130   0
   1.26243901   2.236   1.134  -0.060  -1.270   0
   1.26272154   2.188   1.029  -0.189  -1.423   0
   1.26296413   2.148   0.929  -0.315  -1.573   0
   1.26317120   2.117   0.835  -0.435  -1.719   0
   1.26335037   2.091   0.751  -0.544  -1.852   0
   1.26352608   2.052   0.649  -0.673  -2.005   0
   1.26367748   2.039   0.566  -0.784  -2.146   0
   1.26380897   2.032   0.489  -0.890  -2.282   0
   1.26393592   2.033   0.412  -1.000  -2.426   0
   1.26404393   2.031   0.335  -1.107  -2.564   0
   1.26413798   1.985   0.236  -1.226  -2.702   0
   1.26422668   1.995   0.167  -1.328  -2.837   0
   1.26431119   1.982   0.140  -1.383  -2.959   0
   1.26437211   1.967   0.141  -1.405  -3.057   0
   1.26444089   1.927   0.125  -1.443  -3.172   0
   1.26450443   1.872   0.104  -1.483  -3.288   0
   1.26455939   1.799   0.065  -1.537  -3.407   0
   1.26460457   1.735   0.050  -1.559  -3.509   0
   1.26464987   1.669   0.040  -1.571  -3.611   3
   1.26469254   1.632   0.093  -1.519  -3.693   0
   1.26473010   1.586   0.138  -1.473  -3.776   0
   1.26476228   1.547   0.181  -1.427  -3.842   0
   1.26476228   2.367   1.744   0.780  -0.215   0
   1.26514375   2.336   1.688   0.711  -0.295   0
   1.26548243   2.327   1.672   0.693  -0.316   0
   1.26564538   2.322   1.670   0.691  -0.316   0
   1.26610959   2.350   1.689   0.706  -0.306   2
   1.26658797   2.313   1.671   0.698  -0.305   0
   1.26708078   2.306   1.669   0.698  -0.303   0
   1.26757371   2.300   1.667   0.698  -0.301   0
   1.26808119   2.294   1.664   0.696  -0.301   0
   1.26862037   2.287   1.660   0.694  -0.301   0
   1.26914549   2.279   1.655   0.691  -0.303   0
   1.26967049   2.271   1.650   0.688  -0.305   0
   1.27018952   2.264   1.645   0.683  -0.308   0
   1.27070963   2.256   1.638   0.677  -0.314   0
   1.27076066   2.255   1.637   0.676  -0.314   0
   1.27134275   2.253   1.632   0.669  -0.323   0
   1.27202082   2.248   1.623   0.658  -0.336   0
   1.27272153   2.237   1.607   0.640  -0.356   0
   1.27344370   2.221   1.583   0.612  -0.388   0
   1.27423429   2.197   1.547   0.570  -0.434   0
   1.27458072   2.182   1.519   0.536  -0.474   0
   1.27578092   2.142   1.438   0.433  -0.595   0
   1.27607107   2.125   1.397   0.380  -0.658   0
   1.27618802   2.106   1.349   0.316  -0.735   0
   1.27627409   2.066   1.245   0.181  -0.898   0
   1.27629900   2.040   1.172   0.086  -1.014   0
   1.27631855   1.996   1.027  -0.107  -1.250   0
   1.27632463   1.977   0.949  -0.211  -1.378   0
   1.27633202   1.956   0.863  -0.327  -1.520   0
   1.27634060   1.938   0.797  -0.413  -1.627   0
   1.27634680   1.935   0.771  -0.449  -1.672   0
   1.27638137   1.948   0.838  -0.360  -1.560   0
   1.27644050   1.956   0.878  -0.305  -1.491   1
   1.27660966   1.931   0.775  -0.441  -1.661   0
   1.27668130   1.912   0.688  -0.557  -1.806   0
   1.27673638   1.898   0.597  -0.681  -1.962   0
   1.27679002   1.885   0.495  -0.821  -2.137   0
   1.27683842   1.890   0.409  -0.944  -2.296   0
   1.27688003   1.903   0.330  -1.060  -2.454   0
   1.27692389   1.913   0.240  -1.191  -2.627   0
   1.27695382   1.931   0.137  -1.344  -2.831   0
   1.27696967   1.956   0.089  -1.420  -2.937   0
   1.27698505   1.954   0.102  -1.435  -3.042   0
   1.27700031   1.905   0.075  -1.486  -3.172   0
   1.27701211   1.872   0.079  -1.503  -3.274   0
   1.27702439   1.805   0.045  -1.552  -3.387   0
   1.27703714   1.733   0.018  -1.591  -3.496   3
   1.27705169   1.680   0.036  -1.576  -3.595   0
   1.27706444   1.637   0.090  -1.522  -3.687   0
   1.27707028   1.603   0.209  -1.400  -3.777   0
   1.27707040   1.602   0.211  -1.398  -3.779   0
   1.27707267   1.587   0.215  -1.393  -3.800   0
   1.27707493   1.580   0.229  -1.378  -3.816   0
   1.27707720   1.587   0.257  -1.347  -3.823   0
   1.27707911   1.592   0.279  -1.322  -3.828   0
   1.27708089   1.597   0.302  -1.297  -3.834   0
   1.27708316   1.604   0.329  -1.267  -3.841   0
   1.27708542   1.610   0.358  -1.235  -3.848   0
   1.27708721   1.615   0.380  -1.210  -3.854   0
   1.27708912   1.621   0.404  -1.184  -3.860   0
   1.27709138   1.628   0.433  -1.152  -3.867   0
   1.27709317   1.633   0.456  -1.126  -3.873   0
   1.27709544   1.640   0.486  -1.094  -3.880   0
   1.27709723   1.645   0.509  -1.068  -3.886   0
   1.27709961   1.652   0.538  -1.036  -3.894   0
   1.27710187   1.659   0.568  -1.003  -3.901   0
   1.27710414   1.666   0.597  -0.971  -3.908   0
   1.27710640   1.673   0.626  -0.939  -3.916   0
   1.27710819   1.679   0.650  -0.913  -3.921   0
   1.27711046   1.686   0.679  -0.880  -3.929   0
   1.27711236   1.691   0.702  -0.854  -3.934   0
   1.27711415   1.697   0.726  -0.828  -3.940   0
   1.27711594   1.702   0.750  -0.802  -3.946   0
   1.27711821   1.709   0.779  -0.770  -3.953   0
   1.27712011   1.720   0.809  -0.739  -3.954   0
   1.27712238   1.732   0.838  -0.709  -3.953   1
   1.27712464   1.742   0.864  -0.684  -3.951   0
   1.27712691   1.752   0.888  -0.659  -3.950   0
   1.27712870   1.759   0.908  -0.639  -3.949   0
   1.27713108   1.769   0.932  -0.614  -3.948   0
   1.27713335   1.779   0.957  -0.590  -3.948   0
   1.27713561   1.788   0.982  -0.565  -3.947   0
   1.27713907   1.800   1.012  -0.535  -3.945   0
   1.27714407   1.816   1.052  -0.494  -3.943   0
   1.27714920   1.832   1.093  -0.453  -3.941   0
   1.27715421   1.849   1.134  -0.412  -3.939   0
   1.27715933   1.865   1.175  -0.370  -3.937   0
   1.27716434   1.882   1.217  -0.328  -3.935   0
   1.27716947   1.899   1.259  -0.285  -3.933   0
   1.27717447   1.917   1.302  -0.242  -3.930   0
   1.27717936   1.934   1.345  -0.199  -3.927   0
   1.27718413   1.952   1.388  -0.155  -3.924   1
   1.27718842   1.972   1.433  -0.111  -3.918   0
   1.27719235   2.005   1.496  -0.047  -3.903   0
   1.27719390   2.060   1.585   0.042  -3.867   0
   1.27719390   2.074   1.605   0.063  -3.858   0
   1.27719390   2.116   1.671   0.128  -3.828   0
