   0.15000001  15.628  14.020  12.415  10.249   0
   0.20000000  14.435  12.994  11.480   9.536   0
   0.25000000  13.713  12.362  10.895   9.068   0
   0.30000001  13.129  11.845  10.422   8.680   0
   0.34999999  12.647  11.414  10.028   8.357   0
   0.40000001  12.131  10.940   9.588   7.982   0
   0.44999999  11.674  10.515   9.205   7.663   0
   0.50000000  11.174  10.045   8.785   7.315   0
   0.55000001  10.598   9.522   8.325   6.943   0
   0.60000002  10.008   9.009   7.879   6.587   0
   0.68226713   8.723   7.986   7.005   5.915   0
   0.69999999   8.465   7.789   6.834   5.780   0
   0.70187020   8.432   7.764   6.813   5.764   0
   0.77097619   7.255   6.892   6.078   5.196   0
   0.80000001   6.810   6.556   5.799   4.973   0
   0.82813853   6.425   6.255   5.544   4.762   0
   0.85262591   6.110   6.001   5.329   4.581   0
   0.87296927   5.867   5.797   5.155   4.433   0
   0.89007998   5.668   5.628   5.010   4.309   0
   0.89999998   5.556   5.532   4.927   4.236   0
   0.90490752   5.500   5.483   4.884   4.199   0
   0.92289609   5.303   5.306   4.728   4.060   0
   0.93847513   5.141   5.155   4.593   3.940   0
   0.95209318   5.001   5.023   4.475   3.832   0
   0.96411556   4.880   4.908   4.370   3.736   0
   0.97491932   4.773   4.805   4.276   3.650   0
   0.97742689   4.749   4.782   4.255   3.630   0
   0.99729055   4.587   4.622   4.102   3.484   0
   1.00000000   4.569   4.603   4.083   3.465   0
   1.00401545   4.540   4.573   4.053   3.435   1
   1.01373339   4.481   4.510   3.987   3.366   0
   1.01805711   4.455   4.481   3.957   3.334   0
   1.02218795   4.420   4.446   3.921   3.298   0
   1.02334082   4.408   4.433   3.909   3.287   0
   1.02687824   4.335   4.364   3.848   3.233   0
   1.02843237   4.267   4.301   3.794   3.187   0
   1.02968526   4.169   4.209   3.713   3.116   0
   1.02993739   4.147   4.187   3.693   3.097   0
   1.03040981   4.131   4.169   3.674   3.076   0
   1.04617488   4.015   4.039   3.532   2.924   0
   1.06582594   3.878   3.870   3.325   2.681   0
   1.07499921   3.953   3.885   3.276   2.577   3
   1.07925177   4.144   4.004   3.327   2.571   0
   1.08285677   4.470   4.203   3.439   2.607   0
   1.08328307   4.516   4.232   3.455   2.612   0
   1.08661556   4.652   4.261   3.423   2.524   0
   1.08920336   4.590   4.152   3.287   2.363   0
   1.09107816   4.482   4.023   3.144   2.210   0
   1.09272587   4.369   3.891   3.003   2.060   0
   1.09420168   4.248   3.751   2.851   1.898   0
   1.09553468   4.119   3.605   2.696   1.735   0
   1.09669447   4.000   3.468   2.550   1.582   0
   1.09768069   3.897   3.345   2.416   1.438   0
   1.09855568   3.787   3.214   2.275   1.287   0
   1.09938133   3.668   3.075   2.125   1.128   0
   1.10000002   3.575   2.961   2.000   0.994   0
   1.10006857   3.565   2.949   1.988   0.981   1
   1.10076988   3.466   2.824   1.850   0.832   0
   1.10138106   3.359   2.692   1.704   0.675   0
   1.10194361   3.257   2.562   1.560   0.520   0
   1.10240221   3.151   2.434   1.420   0.371   0
   1.10286689   3.053   2.306   1.276   0.214   0
   1.10331810   2.972   2.190   1.144   0.066   0
   1.10367286   2.940   2.145   1.092   0.008   0
   1.10405409   3.000   2.251   1.220   0.157   0
   1.10412765   3.014   2.272   1.244   0.185   1
   1.10446680   2.935   2.154   1.108   0.031   0
   1.10479987   2.870   2.048   0.983  -0.112   0
   1.10514390   2.790   1.925   0.840  -0.275   0
   1.10543442   2.717   1.811   0.708  -0.424   0
   1.10568500   2.656   1.706   0.582  -0.567   0
   1.10593820   2.587   1.589   0.442  -0.727   0
   1.10615385   2.517   1.474   0.306  -0.881   0
   1.10633934   2.464   1.369   0.178  -1.031   0
   1.10652041   2.424   1.267   0.050  -1.187   0
   1.10667658   2.371   1.157  -0.084  -1.343   0
   1.10680878   2.339   1.060  -0.210  -1.496   0
   1.10692298   2.307   0.966  -0.328  -1.639   0
   1.10702240   2.273   0.875  -0.444  -1.777   0
   1.10711944   2.250   0.784  -0.563  -1.925   0
   1.10720277   2.239   0.703  -0.674  -2.067   0
   1.10727537   2.240   0.629  -0.778  -2.203   0
   1.10734499   2.240   0.552  -0.886  -2.343   0
   1.10740530   2.183   0.442  -1.018  -2.494   0
   1.10745728   2.191   0.371  -1.121  -2.629   0
   1.10751069   2.168   0.333  -1.189  -2.767   0
   1.10755336   2.142   0.322  -1.224  -2.880   0
   1.10759318   2.108   0.312  -1.256  -2.991   0
   1.10762501   2.071   0.316  -1.274  -3.096   0
   1.10765839   1.987   0.262  -1.340  -3.220   0
   1.10768735   1.923   0.255  -1.354  -3.327   0
   1.10771489   1.855   0.248  -1.363  -3.434   3
   1.10773838   1.828   0.326  -1.286  -3.511   0
   1.10776246   1.788   0.394  -1.215  -3.592   0
   1.10778356   1.737   0.414  -1.188  -3.676   0
   1.10780227   1.777   0.546  -1.044  -3.695   0
   1.10780227   2.463   1.825   0.854  -0.147   0
   1.10796773   2.439   1.774   0.789  -0.224   0
   1.10819674   2.433   1.757   0.766  -0.252   0
   1.10821795   2.432   1.755   0.764  -0.253   2
   1.10843825   2.419   1.752   0.766  -0.246   0
   1.10869074   2.410   1.751   0.770  -0.239   0
   1.10894966   2.405   1.751   0.773  -0.234   0
   1.10921335   2.401   1.752   0.775  -0.229   0
   1.10948336   2.394   1.750   0.776  -0.226   0
   1.10976875   2.389   1.748   0.775  -0.225   0
   1.11005032   2.382   1.745   0.774  -0.224   0
   1.11032927   2.377   1.741   0.772  -0.226   0
   1.11060393   2.370   1.736   0.768  -0.229   0
   1.11085951   2.364   1.731   0.762  -0.234   0
   1.11087906   2.364   1.730   0.762  -0.235   0
   1.11115038   2.356   1.721   0.753  -0.244   0
   1.11142349   2.349   1.711   0.741  -0.257   0
   1.11169505   2.340   1.697   0.724  -0.276   0
   1.11202967   2.325   1.675   0.698  -0.306   0
   1.11232841   2.307   1.641   0.656  -0.353   0
   1.11250687   2.297   1.617   0.625  -0.391   0
   1.11301982   2.264   1.536   0.519  -0.519   0
   1.11314571   2.251   1.503   0.475  -0.571   0
   1.11319697   2.228   1.445   0.398  -0.664   0
   1.11323392   2.199   1.345   0.265  -0.827   0
   1.11324477   2.176   1.261   0.152  -0.967   0
   1.11325169   2.152   1.146  -0.004  -1.161   0
   1.11325490   2.134   1.063  -0.117  -1.300   0
   1.11325824   2.119   0.985  -0.223  -1.433   0
   1.11326194   2.106   0.919  -0.311  -1.544   0
   1.11326706   2.096   0.870  -0.376  -1.626   0
   1.11328185   2.111   0.942  -0.281  -1.506   0
   1.11331677   2.114   0.978  -0.230  -1.441   1
   1.11340022   2.092   0.871  -0.373  -1.620   0
   1.11343622   2.076   0.782  -0.493  -1.770   0
   1.11347044   2.077   0.682  -0.636  -1.954   0
   1.11349690   2.084   0.599  -0.756  -2.111   0
   1.11352515   2.102   0.510  -0.887  -2.289   0
   1.11354792   2.102   0.421  -1.014  -2.453   0
   1.11356390   2.126   0.334  -1.145  -2.632   0
   1.11357403   2.165   0.301  -1.214  -2.747   0
   1.11358333   2.140   0.291  -1.251  -2.870   0
   1.11359060   2.118   0.300  -1.266  -2.975   0
   1.11359704   2.071   0.287  -1.298  -3.084   0
   1.11360395   1.990   0.239  -1.361  -3.209   0
   1.11361051   1.919   0.215  -1.394  -3.319   3
   1.11361730   1.875   0.247  -1.365  -3.408   0
   1.11362410   1.849   0.314  -1.298  -3.478   0
   1.11363161   1.808   0.422  -1.187  -3.574   0
   1.11363268   1.791   0.448  -1.157  -3.610   0
   1.11363375   1.797   0.472  -1.131  -3.616   0
   1.11363494   1.804   0.502  -1.098  -3.624   0
   1.11363626   1.811   0.532  -1.065  -3.631   0
   1.11363745   1.818   0.561  -1.032  -3.639   0
   1.11363876   1.825   0.591  -0.999  -3.646   0
   1.11364007   1.832   0.621  -0.966  -3.654   0
   1.11364138   1.839   0.651  -0.933  -3.661   0
   1.11364257   1.846   0.681  -0.899  -3.669   0
   1.11364365   1.851   0.705  -0.873  -3.675   0
   1.11364484   1.858   0.735  -0.840  -3.682   0
   1.11364615   1.866   0.765  -0.807  -3.689   0
   1.11364746   1.873   0.795  -0.773  -3.697   0
   1.11364865   1.880   0.826  -0.740  -3.704   0
   1.11364996   1.887   0.856  -0.707  -3.712   0
   1.11365128   1.894   0.886  -0.674  -3.719   0
   1.11365247   1.901   0.916  -0.640  -3.726   0
   1.11365378   1.909   0.947  -0.607  -3.734   0
   1.11365509   1.916   0.977  -0.573  -3.741   0
   1.11365628   1.927   1.012  -0.536  -3.745   0
   1.11365736   1.939   1.045  -0.503  -3.744   0
   1.11365855   1.955   1.085  -0.462  -3.743   0
   1.11365986   1.971   1.126  -0.421  -3.742   0
   1.11366117   1.987   1.168  -0.379  -3.741   0
   1.11366248   2.003   1.209  -0.337  -3.739   0
   1.11366367   2.019   1.251  -0.295  -3.738   0
   1.11366498   2.035   1.293  -0.253  -3.737   0
   1.11366630   2.050   1.329  -0.216  -3.735   1
   1.11366749   2.061   1.355  -0.190  -3.733   0
   1.11366880   2.071   1.382  -0.163  -3.731   0
   1.11367011   2.082   1.407  -0.137  -3.730   0
   1.11367130   2.092   1.434  -0.111  -3.729   0
   1.11367261   2.103   1.460  -0.085  -3.727   0
   1.11367393   2.113   1.486  -0.059  -3.726   0
   1.11367571   2.127   1.519  -0.025  -3.723   0
   1.11367822   2.146   1.564   0.021  -3.720   0
   1.11368072   2.166   1.612   0.069  -3.716   0
   1.11368275   2.188   1.659   0.116  -3.709   0
   1.11368489   2.239   1.751   0.208  -3.682   0
   1.11368513   2.290   1.831   0.289  -3.646   0
