   0.15000001  15.607  14.002  12.400  10.239   0
   0.20000000  14.409  12.971  11.459   9.518   0
   0.25000000  13.682  12.335  10.869   9.045   0
   0.30000001  13.096  11.814  10.393   8.655   0
   0.34999999  12.618  11.386  10.002   8.333   0
   0.40000001  12.108  10.918   9.569   7.966   0
   0.44999999  11.645  10.488   9.180   7.643   0
   0.50000000  11.132  10.005   8.749   7.286   0
   0.55000001  10.534   9.466   8.275   6.903   0
   0.60000002   9.919   8.931   7.812   6.534   0
   0.60607159   9.818   8.847   7.740   6.479   0
   0.67315149   8.684   7.957   6.980   5.896   0
   0.69999999   8.247   7.625   6.694   5.672   0
   0.73595226   7.577   7.126   6.272   5.344   0
   0.76959151   6.978   6.678   5.893   5.043   0
   0.79651177   6.532   6.332   5.603   4.805   0
   0.80000001   6.474   6.287   5.566   4.774   0
   0.81445765   6.248   6.106   5.411   4.643   0
   0.82668525   6.070   5.957   5.282   4.533   0
   0.83622831   5.936   5.843   5.184   4.447   0
   0.84577513   5.802   5.727   5.083   4.359   0
   0.85584325   5.663   5.605   4.975   4.263   0
   0.86712629   5.507   5.467   4.853   4.154   0
   0.87324560   5.425   5.394   4.787   4.095   0
   0.87921339   5.344   5.321   4.722   4.035   0
   0.88589054   5.256   5.241   4.649   3.968   0
   0.88865805   5.220   5.208   4.619   3.941   0
   0.89227062   5.174   5.166   4.581   3.906   0
   0.89397484   5.154   5.147   4.564   3.890   0
   0.89729559   5.122   5.116   4.534   3.861   0
   0.89999998   5.096   5.091   4.510   3.838   0
   0.90060145   5.089   5.084   4.504   3.832   0
   0.90603197   5.040   5.034   4.454   3.784   0
   0.91174102   4.986   4.979   4.400   3.729   0
   0.91276664   4.973   4.967   4.388   3.718   0
   0.91747904   4.889   4.886   4.313   3.648   0
   0.91957718   4.818   4.818   4.251   3.591   0
   0.92078876   4.769   4.770   4.206   3.549   1
   0.92224884   4.746   4.746   4.181   3.523   0
   0.92542422   4.707   4.705   4.141   3.482   0
   0.93839461   4.554   4.543   3.972   3.308   0
   0.95101684   4.449   4.404   3.803   3.112   0
   0.95942181   4.507   4.390   3.728   2.985   3
   0.96373361   4.753   4.515   3.769   2.954   0
   0.96558422   4.904   4.593   3.799   2.941   0
   0.96829784   5.014   4.598   3.746   2.833   0
   0.97011507   4.963   4.501   3.623   2.686   0
   0.97162569   4.857   4.369   3.475   2.524   0
   0.97284669   4.744   4.237   3.333   2.373   0
   0.97396332   4.618   4.095   3.183   2.216   0
   0.97499436   4.498   3.958   3.037   2.061   0
   0.97579449   4.386   3.830   2.901   1.918   0
   0.97656327   4.266   3.694   2.757   1.767   0
   0.97726542   4.145   3.556   2.610   1.612   0
   0.97784907   4.031   3.425   2.469   1.463   0
   0.97837859   3.918   3.294   2.328   1.314   0
   0.97886235   3.808   3.163   2.186   1.163   0
   0.97926927   3.707   3.040   2.053   1.021   0
   0.97966784   3.601   2.909   1.909   0.866   0
   0.97999573   3.499   2.784   1.772   0.720   0
   0.98027796   3.404   2.668   1.644   0.584   0
   0.98054981   3.323   2.557   1.519   0.445   0
   0.98082787   3.239   2.444   1.392   0.305   0
   0.98110175   3.185   2.374   1.314   0.219   0
   0.98139405   3.250   2.480   1.440   0.365   1
   0.98161787   3.160   2.355   1.298   0.207   0
   0.98184180   3.081   2.233   1.156   0.046   0
   0.98205644   3.004   2.110   1.011  -0.119   0
   0.98223388   2.925   1.989   0.872  -0.275   0
   0.98239034   2.851   1.874   0.737  -0.426   0
   0.98252577   2.787   1.765   0.607  -0.574   0
   0.98265898   2.720   1.650   0.470  -0.732   0
   0.98277348   2.658   1.538   0.337  -0.886   0
   0.98287398   2.609   1.434   0.209  -1.037   0
   0.98295820   2.571   1.339   0.090  -1.179   0
   0.98303062   2.540   1.252  -0.021  -1.314   0
   0.98310310   2.503   1.153  -0.146  -1.463   0
   0.98316628   2.468   1.056  -0.269  -1.611   0
   0.98322010   2.443   0.971  -0.379  -1.747   0
   0.98326689   2.437   0.901  -0.476  -1.872   0
   0.98331136   2.424   0.814  -0.593  -2.020   0
   0.98335111   2.425   0.745  -0.691  -2.148   0
   0.98338622   2.408   0.658  -0.806  -2.290   0
   0.98342127   2.371   0.555  -0.935  -2.444   0
   0.98344707   2.352   0.521  -0.994  -2.559   0
   0.98347044   2.321   0.502  -1.037  -2.674   0
   0.98349386   2.295   0.498  -1.064  -2.780   0
   0.98351723   2.247   0.484  -1.100  -2.902   0
   0.98353362   2.184   0.450  -1.148  -3.007   0
   0.98355234   2.108   0.425  -1.182  -3.130   0
   0.98356640   2.054   0.427  -1.183  -3.222   3
   0.98358279   2.010   0.479  -1.132  -3.315   0
   0.98359448   1.978   0.539  -1.071  -3.386   0
   0.98360616   1.912   0.550  -1.058  -3.478   0
   0.98361558   1.927   0.639  -0.959  -3.509   0
   0.98362726   1.974   0.796  -0.787  -3.532   0
   0.98363662   2.007   0.912  -0.660  -3.551   0
   0.98363662   2.531   1.903   0.937  -0.056   0
   0.98372406   2.510   1.853   0.873  -0.134   0
   0.98384529   2.501   1.832   0.846  -0.166   0
   0.98391759   2.508   1.834   0.844  -0.170   2
   0.98397493   2.493   1.829   0.845  -0.165   0
   0.98411345   2.478   1.826   0.849  -0.155   0
   0.98425728   2.476   1.830   0.855  -0.146   0
   0.98440462   2.473   1.833   0.861  -0.137   0
   0.98455542   2.466   1.832   0.864  -0.131   0
   0.98471707   2.459   1.831   0.866  -0.126   0
   0.98487359   2.452   1.829   0.866  -0.124   0
   0.98502696   2.447   1.826   0.865  -0.124   0
   0.98518103   2.441   1.823   0.863  -0.124   0
   0.98533833   2.435   1.818   0.858  -0.129   0
   0.98548895   2.430   1.811   0.851  -0.137   0
   0.98564279   2.422   1.800   0.839  -0.149   0
   0.98584139   2.397   1.776   0.815  -0.172   0
   0.98600376   2.391   1.759   0.792  -0.201   0
   0.98618710   2.380   1.730   0.754  -0.247   0
   0.98628277   2.374   1.711   0.728  -0.279   0
   0.98639375   2.369   1.686   0.692  -0.323   0
   0.98666227   2.326   1.588   0.565  -0.474   0
   0.98668957   2.306   1.530   0.487  -0.569   0
   0.98671001   2.286   1.437   0.360  -0.728   0
   0.98671603   2.280   1.370   0.265  -0.850   0
   0.98672086   2.263   1.236   0.076  -1.087   0
   0.98672283   2.248   1.147  -0.046  -1.239   0
   0.98672515   2.235   1.051  -0.178  -1.407   0
   0.98672801   2.227   0.970  -0.289  -1.549   0
   0.98673016   2.223   0.950  -0.316  -1.583   0
   0.98673910   2.232   1.031  -0.205  -1.441   0
   0.98675650   2.236   1.067  -0.155  -1.378   1
   0.98680276   2.222   0.976  -0.278  -1.533   0
   0.98682582   2.223   0.899  -0.389  -1.677   0
   0.98684305   2.227   0.820  -0.501  -1.822   0
   0.98685968   2.237   0.739  -0.620  -1.978   0
   0.98687500   2.253   0.661  -0.736  -2.136   0
   0.98689139   2.258   0.571  -0.866  -2.306   0
   0.98690140   2.306   0.508  -0.974  -2.462   0
   0.98690856   2.330   0.462  -1.056  -2.597   0
   0.98691505   2.304   0.456  -1.091  -2.727   0
   0.98691928   2.261   0.438  -1.131  -2.841   0
   0.98692352   2.226   0.451  -1.140  -2.946   0
   0.98692739   2.152   0.415  -1.189  -3.062   0
   0.98693186   2.083   0.405  -1.205  -3.173   3
   0.98693597   2.046   0.457  -1.155  -3.258   0
   0.98694032   2.018   0.537  -1.075  -3.332   0
   0.98694474   1.977   0.601  -1.007  -3.409   0
   0.98694652   1.956   0.633  -0.969  -3.459   0
   0.98694730   1.963   0.663  -0.936  -3.466   0
   0.98694801   1.969   0.692  -0.904  -3.473   0
   0.98694867   1.976   0.721  -0.873  -3.480   0
   0.98694938   1.983   0.750  -0.841  -3.488   0
   0.98695004   1.990   0.779  -0.809  -3.495   0
   0.98695076   1.997   0.808  -0.777  -3.502   0
   0.98695141   2.004   0.837  -0.745  -3.509   0
   0.98695213   2.011   0.866  -0.713  -3.516   0
   0.98695278   2.017   0.895  -0.680  -3.523   0
   0.98695350   2.024   0.924  -0.648  -3.530   0
   0.98695415   2.031   0.953  -0.616  -3.537   0
   0.98695487   2.038   0.982  -0.584  -3.544   0
   0.98695552   2.045   1.011  -0.552  -3.551   0
   0.98695624   2.053   1.041  -0.519  -3.558   0
   0.98695689   2.060   1.070  -0.487  -3.565   0
   0.98695743   2.065   1.094  -0.461  -3.571   0
   0.98695815   2.073   1.123  -0.428  -3.578   0
   0.98695886   2.080   1.153  -0.396  -3.585   0
   0.98695952   2.094   1.191  -0.356  -3.584   0
   0.98696017   2.110   1.231  -0.316  -3.583   1
   0.98696077   2.122   1.263  -0.284  -3.582   0
   0.98696142   2.138   1.303  -0.244  -3.581   0
   0.98696214   2.153   1.343  -0.203  -3.580   0
   0.98696280   2.169   1.384  -0.162  -3.578   0
   0.98696351   2.185   1.424  -0.122  -3.577   0
   0.98696417   2.201   1.465  -0.081  -3.575   0
   0.98696470   2.214   1.497  -0.048  -3.574   0
   0.98696542   2.230   1.538  -0.007  -3.572   0
   0.98696607   2.246   1.579   0.034  -3.570   0
   0.98696679   2.261   1.616   0.072  -3.568   0
   0.98696744   2.275   1.652   0.108  -3.567   1
   0.98696816   2.290   1.689   0.145  -3.565   0
   0.98696882   2.305   1.726   0.182  -3.562   0
   0.98696953   2.322   1.765   0.222  -3.559   0
   0.98697066   2.353   1.826   0.283  -3.544   0
   0.98697126   2.396   1.897   0.354  -3.518   0
