   0.15000001  15.663  14.049  12.440  10.267   0
   0.20000000  14.479  13.033  11.516   9.567   0
   0.25000000  13.764  12.409  10.939   9.106   0
   0.30000001  13.185  11.896  10.470   8.723   0
   0.34999999  12.695  11.460  10.073   8.397   0
   0.40000001  12.189  10.995   9.640   8.027   0
   0.44999999  11.737  10.577   9.263   7.717   0
   0.50000000  11.253  10.122   8.856   7.378   0
   0.55000001  10.711   9.626   8.418   7.021   0
   0.60000002  10.164   9.146   7.999   6.684   0
   0.69999999   8.806   8.049   7.060   5.957   0
   0.80000001   7.343   6.969   6.150   5.263   0
   0.89999998   6.214   6.104   5.431   4.684   0
   1.00000000   5.394   5.412   4.845   4.188   0
   1.10000002   4.677   4.756   4.284   3.711   0
   1.20000005   4.116   4.207   3.808   3.310   0
   1.29999995   3.644   3.713   3.382   2.968   0
   1.39999998   3.244   3.267   3.006   2.701   0
   1.50000000   2.887   2.863   2.674   2.479   0
   1.60000002   2.574   2.528   2.405   2.296   0
   1.70000005   2.291   2.257   2.185   2.135   0
   1.77831256   2.091   2.080   2.038   2.019   0
   1.79999995   2.037   2.034   1.999   1.988   0
   1.85000002   1.921   1.941   1.920   1.922   0
   1.89999998   1.806   1.846   1.837   1.850   0
   2.00000000   1.587   1.669   1.681   1.712   0
   2.20000005   1.189   1.355   1.398   1.452   0
   2.38693833   0.856   1.093   1.156   1.224   0
   2.50000000   0.667   0.942   1.015   1.090   0
   2.79840779   0.217   0.577   0.667   0.758   0
   3.00000000  -0.068   0.338   0.438   0.537   0
   3.14031816  -0.254   0.181   0.287   0.391   0
   3.39404178  -0.583  -0.106   0.009   0.122   0
   3.50000000  -0.720  -0.229  -0.110   0.005   0
   3.62477732  -0.876  -0.369  -0.246  -0.128   0
   3.80849791  -1.112  -0.586  -0.459  -0.338   0
   3.96459174  -1.323  -0.788  -0.658  -0.535   0
   4.00000000  -1.374  -0.838  -0.707  -0.585   0
   4.10762024  -1.531  -0.992  -0.861  -0.740   1
   4.22202253  -1.710  -1.174  -1.044  -0.925   0
   4.31990814  -1.875  -1.349  -1.220  -1.105   0
   4.40405416  -2.030  -1.520  -1.393  -1.283   0
   4.47648716  -2.176  -1.685  -1.562  -1.458   0
   4.50000000  -2.226  -1.742  -1.620  -1.518   0
   4.50951338  -2.247  -1.765  -1.644  -1.543   0
   4.53921509  -2.311  -1.837  -1.716  -1.618   0
   4.55714273  -2.350  -1.876  -1.756  -1.658   0
   4.57149792  -2.378  -1.898  -1.776  -1.677   3
   4.58138704  -2.393  -1.895  -1.770  -1.666   0
   4.58804417  -2.398  -1.861  -1.728  -1.615   0
   4.58992290  -2.404  -1.836  -1.698  -1.576   0
   4.59101677  -2.421  -1.821  -1.676  -1.545   0
   4.59114599  -2.407  -1.811  -1.667  -1.537   0
   4.59145451  -2.356  -1.794  -1.657  -1.536   0
   4.59177876  -2.407  -1.881  -1.751  -1.640   0
   4.59219980  -2.527  -2.040  -1.916  -1.817   0
   4.59271860  -2.637  -2.194  -2.080  -1.992   0
   4.59317255  -2.703  -2.300  -2.193  -2.117   0
   4.59370708  -2.759  -2.404  -2.305  -2.240   0
   4.59429026  -2.803  -2.508  -2.418  -2.367   0
   4.59450054  -2.814  -2.543  -2.457  -2.411   0
   4.59490824  -2.833  -2.611  -2.532  -2.497   0
   4.59531546  -2.842  -2.677  -2.608  -2.585   0
   4.59575367  -2.841  -2.742  -2.687  -2.678   0
   4.59617662  -2.824  -2.800  -2.763  -2.775   0
   4.59661436  -2.782  -2.844  -2.835  -2.879   0
   4.59705210  -2.698  -2.845  -2.885  -2.985   0
   4.59727097  -2.635  -2.822  -2.898  -3.039   3
   4.59748983  -2.558  -2.764  -2.890  -3.091   0
   4.59769297  -2.469  -2.677  -2.868  -3.141   0
   4.59791136  -2.361  -2.554  -2.828  -3.188   0
   4.59806776  -2.260  -2.441  -2.783  -3.221   0
   4.59823942  -2.117  -2.293  -2.719  -3.248   0
   4.59841108  -1.909  -2.106  -2.637  -3.266   0
   4.59861374  -1.580  -1.851  -2.518  -3.262   0
   4.59884787  -1.196  -1.581  -2.365  -3.200   0
   4.59909773  -0.835  -1.331  -2.201  -3.104   0
   4.59933138  -0.531  -1.135  -2.079  -3.042   4
   4.59969568  -0.311  -1.108  -2.157  -3.207   0
   4.59988594  -0.332  -1.201  -2.286  -3.365   0
   4.60010767  -0.333  -1.273  -2.390  -3.498   0
   4.60051918  -0.308  -1.332  -2.488  -3.631   0
   4.60110521  -0.324  -1.413  -2.599  -3.767   0
   4.60176945  -0.342  -1.501  -2.718  -3.912   0
   4.60243368  -0.337  -1.574  -2.824  -4.051   0
   4.60311317  -0.334  -1.645  -2.925  -4.182   0
   4.60443974  -0.317  -1.703  -3.015  -4.301   0
   4.60497618  -0.322  -1.711  -3.024  -4.311   2
   4.61803675  -0.362  -1.665  -2.942  -4.195   0
   4.62646627  -0.381  -1.604  -2.849  -4.069   0
   4.63344669  -0.386  -1.533  -2.745  -3.934   0
   4.63975573  -0.376  -1.456  -2.637  -3.801   0
   4.64675426  -0.373  -1.382  -2.531  -3.666   0
   4.65563059  -0.415  -1.337  -2.446  -3.545   0
   4.67213678  -0.540  -1.352  -2.407  -3.459   4
   4.68096685  -0.850  -1.555  -2.550  -3.550   0
   4.68414736  -1.102  -1.723  -2.670  -3.629   0
   4.68664742  -1.344  -1.882  -2.770  -3.683   0
   4.68844223  -1.574  -2.027  -2.852  -3.715   0
   4.69015265  -1.832  -2.197  -2.938  -3.737   0
   4.69125843  -1.999  -2.308  -2.992  -3.746   0
   4.69296885  -2.201  -2.459  -3.063  -3.752   0
   4.69468451  -2.370  -2.591  -3.123  -3.753   0
   4.69668102  -2.494  -2.703  -3.175  -3.748   0
   4.72739506  -3.010  -3.232  -3.408  -3.672   1
   4.76508427  -3.041  -3.264  -3.488  -3.803   0
   4.77787781  -3.012  -3.231  -3.501  -3.864   0
   4.78631926  -2.959  -3.173  -3.498  -3.920   0
   4.79243422  -2.883  -3.095  -3.480  -3.964   0
   4.79732513  -2.791  -3.007  -3.454  -4.002   0
   4.80238199  -2.654  -2.887  -3.414  -4.038   0
   4.80748367  -2.429  -2.719  -3.355  -4.068   0
   4.81172466  -2.081  -2.487  -3.258  -4.078   0
   4.81591940  -1.568  -2.170  -3.096  -4.036   0
   4.81961584  -1.000  -1.820  -2.876  -3.921   0
   4.82331228  -0.628  -1.662  -2.822  -3.962   4
   4.82352352  -0.595  -1.662  -2.837  -3.990   0
   4.82374859  -0.572  -1.724  -2.937  -4.123   0
   4.82396030  -0.566  -1.762  -2.995  -4.198   0
   4.82515049  -0.511  -1.844  -3.133  -4.393   0
   4.82562637  -0.491  -1.914  -3.240  -4.535   0
   4.82636642  -0.477  -1.997  -3.362  -4.694   0
   4.82723761  -0.468  -2.074  -3.474  -4.839   0
   4.82797670  -0.449  -2.134  -3.567  -4.965   0
   4.82872820  -0.429  -2.203  -3.671  -5.105   0
   4.82933426  -0.409  -2.264  -3.765  -5.231   0
   4.82992697  -0.368  -2.323  -3.864  -5.371   0
   4.83045387  -0.369  -2.373  -3.946  -5.506   0
   4.83088779  -0.427  -2.395  -3.985  -5.621   0
   4.83125639  -0.489  -2.410  -4.016  -5.729   0
   4.83154535  -0.550  -2.442  -4.056  -5.812   0
   4.83195353  -0.647  -2.500  -4.123  -5.931   0
   4.83216333  -0.740  -2.530  -4.159  -6.034   0
   4.83237410  -0.800  -2.536  -4.166  -6.108   2
   4.83266306  -0.730  -2.530  -4.159  -6.024   0
   4.83268929  -0.693  -2.522  -4.148  -5.984   0
   4.83272886  -0.718  -2.526  -4.154  -6.012   0
   4.83278131  -0.778  -2.540  -4.170  -6.074   0
   4.83291245  -0.860  -2.509  -4.136  -6.197   0
   4.83293915  -0.879  -2.504  -4.130  -6.223   0
   4.83301735  -0.899  -2.499  -4.124  -6.250   0
   4.83309412  -0.919  -2.494  -4.119  -6.276   0
   4.83317137  -0.943  -2.492  -4.114  -6.303   0
   4.83324814  -0.974  -2.493  -4.111  -6.331   0
   4.83330965  -0.997  -2.492  -4.108  -6.353   0
   4.83338642  -1.023  -2.490  -4.103  -6.380   0
   4.83346367  -1.046  -2.487  -4.097  -6.406   0
   4.83354044  -1.066  -2.482  -4.091  -6.432   0
   4.83361721  -1.079  -2.477  -4.085  -6.450   0
   4.83369446  -1.083  -2.473  -4.081  -6.459   0
   4.83401585  -1.090  -2.466  -4.073  -6.471   0
   4.83456850  -1.098  -2.459  -4.067  -6.487   0
   4.83512497  -1.094  -2.438  -4.044  -6.494   0
   4.83568525  -1.088  -2.415  -4.018  -6.500   0
   4.83639240  -1.082  -2.387  -3.987  -6.507   0
   4.83710957  -1.075  -2.358  -3.955  -6.514   0
   4.83783770  -1.068  -2.329  -3.924  -6.521   0
   4.83858013  -1.061  -2.300  -3.892  -6.528   0
   4.83933020  -1.054  -2.271  -3.859  -6.535   0
   4.84008217  -1.047  -2.241  -3.827  -6.542   0
   4.84083700  -1.040  -2.212  -3.794  -6.549   0
   4.84159374  -1.032  -2.182  -3.761  -6.556   0
   4.84235287  -1.025  -2.153  -3.729  -6.563   0
   4.84308958  -1.018  -2.124  -3.697  -6.569   0
   4.84379053  -1.011  -2.097  -3.667  -6.575   0
   4.84445953  -1.004  -2.071  -3.638  -6.581   0
   4.84522247  -0.997  -2.041  -3.606  -6.587   0
   4.84594774  -0.990  -2.013  -3.575  -6.593   0
   4.84663820  -0.983  -1.987  -3.545  -6.598   0
   4.84740353  -0.975  -1.957  -3.513  -6.604   0
   4.84810781  -0.967  -1.930  -3.483  -6.609   0
   4.84878063  -0.958  -1.902  -3.452  -6.611   0
   4.84902573  -0.951  -1.889  -3.438  -6.609   1
   4.84913540  -0.945  -1.880  -3.430  -6.605   0
   4.84918880  -0.940  -1.873  -3.422  -6.600   0
   4.84921455  -0.933  -1.867  -3.416  -6.594   0
   4.84922838  -0.926  -1.859  -3.408  -6.586   0
   4.84923410  -0.920  -1.853  -3.403  -6.581   0
   4.84923983  -0.914  -1.848  -3.397  -6.574   0
   4.84924555  -0.908  -1.842  -3.391  -6.568   0
   4.84925175  -0.902  -1.836  -3.385  -6.562   0
   4.84925747  -0.895  -1.829  -3.379  -6.555   0
   4.84926367  -0.888  -1.823  -3.372  -6.548   0
   4.84926939  -0.881  -1.816  -3.366  -6.541   0
   4.84927511  -0.874  -1.809  -3.359  -6.534   0
   4.84928131  -0.867  -1.802  -3.351  -6.526   0
   4.84928703  -0.859  -1.794  -3.344  -6.518   0
   4.84929276  -0.851  -1.786  -3.336  -6.510   0
   4.84929895  -0.842  -1.778  -3.328  -6.501   0
   4.84930468  -0.833  -1.770  -3.319  -6.492   0
   4.84931040  -0.824  -1.761  -3.310  -6.482   0
   4.84931660  -0.814  -1.751  -3.301  -6.472   0
   4.84932232  -0.803  -1.741  -3.291  -6.461   0
   4.84932852  -0.792  -1.730  -3.280  -6.450   0
   4.84933424  -0.781  -1.719  -3.269  -6.438   0
   4.84933996  -0.768  -1.707  -3.257  -6.425   0
   4.84934568  -0.755  -1.695  -3.245  -6.411   0
   4.84935427  -0.740  -1.681  -3.231  -6.397   0
