   0.15000001  15.658  14.045  12.437  10.264   0
   0.20000000  14.473  13.027  11.511   9.562   0
   0.25000000  13.757  12.402  10.933   9.101   0
   0.30000001  13.177  11.888  10.463   8.717   0
   0.34999999  12.688  11.454  10.066   8.391   0
   0.40000001  12.181  10.987   9.632   8.020   0
   0.44999999  11.727  10.568   9.254   7.708   0
   0.50000000  11.241  10.111   8.845   7.368   0
   0.55000001  10.694   9.610   8.403   7.008   0
   0.60000002  10.142   9.126   7.982   6.670   0
   0.69999999   8.753   8.008   7.024   5.929   0
   0.80000001   7.253   6.899   6.090   5.212   0
   0.86508465   6.477   6.306   5.595   4.813   0
   0.89999998   6.111   6.016   5.354   4.616   0
   1.00000000   5.256   5.285   4.733   4.089   0
   1.05555487   4.838   4.906   4.407   3.809   0
   1.10000002   4.544   4.623   4.161   3.599   0
   1.13426101   4.333   4.416   3.981   3.446   0
   1.18383515   4.043   4.129   3.729   3.231   0
   1.20000005   3.958   4.040   3.650   3.164   0
   1.20846784   3.914   3.994   3.610   3.131   0
   1.26155853   3.642   3.708   3.361   2.928   0
   1.29999995   3.458   3.513   3.190   2.789   0
   1.31100154   3.407   3.457   3.142   2.753   0
   1.33902562   3.281   3.318   3.022   2.663   0
   1.39999998   3.022   3.031   2.775   2.474   0
   1.50000000   2.643   2.610   2.405   2.183   0
   1.51497078   2.589   2.551   2.352   2.139   0
   1.58840740   2.331   2.276   2.103   1.920   0
   1.60000002   2.290   2.234   2.063   1.883   0
   1.65076542   2.119   2.053   1.893   1.726   0
   1.70000005   1.957   1.883   1.728   1.564   0
   1.70391965   1.944   1.869   1.715   1.551   1
   1.75268161   1.787   1.706   1.550   1.382   0
   1.79451740   1.657   1.573   1.406   1.224   0
   1.79999995   1.641   1.557   1.388   1.202   0
   1.83021283   1.558   1.474   1.290   1.083   0
   1.85000002   1.509   1.429   1.231   1.001   0
   1.86024797   1.485   1.407   1.200   0.957   0
   1.88500583   1.432   1.363   1.126   0.841   0
   1.89618707   1.410   1.346   1.095   0.790   0
   1.89999998   1.400   1.337   1.082   0.772   0
   1.90735281   1.381   1.319   1.057   0.738   0
   1.91437089   1.352   1.289   1.027   0.705   2
   1.92025793   1.308   1.240   0.986   0.677   0
   1.92423952   1.246   1.166   0.936   0.659   0
   1.92692792   1.132   1.028   0.853   0.649   0
   1.92769349   1.030   0.920   0.790   0.640   0
   1.92809331   0.923   0.815   0.726   0.623   0
   1.92822170   0.999   0.889   0.784   0.665   0
   1.92837858   1.091   0.983   0.833   0.660   4
   1.92859674   1.069   0.968   0.778   0.553   0
   1.92895103   1.063   0.976   0.740   0.455   0
   1.92934597   1.084   1.009   0.738   0.402   0
   1.93009686   1.137   1.081   0.756   0.346   0
   1.93083274   1.198   1.155   0.783   0.313   0
   1.93170059   1.293   1.250   0.823   0.294   0
   1.93293846   1.452   1.395   0.901   0.303   0
   1.93416560   1.669   1.588   1.025   0.363   0
   1.93502533   1.920   1.791   1.169   0.458   0
   1.93584359   2.207   2.028   1.346   0.586   0
   1.93664014   2.491   2.240   1.500   0.691   0
   1.93717897   2.615   2.322   1.548   0.711   4
   1.93861389   2.665   2.286   1.458   0.574   0
   1.93976378   2.596   2.169   1.313   0.405   0
   1.94094193   2.494   2.027   1.145   0.218   0
   1.94192278   2.390   1.893   0.995   0.053   0
   1.94286847   2.296   1.766   0.850  -0.107   0
   1.94397163   2.190   1.618   0.679  -0.297   0
   1.94486690   2.106   1.498   0.542  -0.450   0
   1.94578516   2.021   1.375   0.400  -0.609   0
   1.94667542   1.929   1.250   0.257  -0.766   0
   1.94759500   1.827   1.113   0.102  -0.935   0
   1.94846153   1.752   0.993  -0.042  -1.098   0
   1.94923127   1.691   0.886  -0.172  -1.247   0
   1.94996774   1.638   0.784  -0.296  -1.393   0
   1.95069623   1.581   0.677  -0.426  -1.544   0
   1.95139825   1.532   0.579  -0.547  -1.686   0
   1.95216119   1.488   0.483  -0.667  -1.826   0
   1.95289111   1.465   0.429  -0.736  -1.907   2
   1.95374596   1.876   1.180   0.177  -0.852   0
   1.95404124   1.914   1.246   0.258  -0.760   0
   1.95429242   1.957   1.314   0.339  -0.667   0
   1.95452619   1.995   1.375   0.413  -0.583   0
   1.95484161   2.040   1.446   0.497  -0.488   0
   1.95687997   2.123   1.580   0.657  -0.304   0
   1.95688915   2.170   1.641   0.724  -0.230   0
   1.95691657   2.216   1.706   0.800  -0.146   0
   1.95695329   2.264   1.773   0.878  -0.059   0
   1.95701766   2.314   1.838   0.953   0.023   0
   1.95716476   2.358   1.899   1.023   0.101   0
   1.95751488   2.398   1.953   1.087   0.172   0
   1.95834827   2.416   1.982   1.123   0.213   4
   2.00000000   2.251   1.822   0.966   0.060   0
   2.02053189   2.170   1.744   0.892  -0.011   0
   2.06095004   1.990   1.568   0.718  -0.181   0
   2.06127024   1.987   1.566   0.717  -0.181   1
   2.10320187   1.804   1.376   0.524  -0.376   0
   2.13650298   1.680   1.225   0.357  -0.554   0
   2.15215993   1.633   1.145   0.257  -0.671   0
   2.15950036   1.586   1.045   0.125  -0.830   0
   2.16037393   1.553   0.965   0.020  -0.956   0
   2.16069579   1.509   0.887  -0.075  -1.066   0
   2.16081953   1.464   0.814  -0.163  -1.166   0
   2.16086078   1.437   0.771  -0.214  -1.223   0
   2.16093874   1.380   0.669  -0.340  -1.369   0
   2.16103220   1.307   0.539  -0.500  -1.554   0
   2.16478300   1.223   0.381  -0.694  -1.779   0
   2.16540980   1.200   0.322  -0.770  -1.871   0
   2.16630340   1.156   0.194  -0.936  -2.072   0
   2.16697049   1.106   0.056  -1.114  -2.285   0
   2.16736317   1.080  -0.046  -1.250  -2.451   0
   2.16762233   1.062  -0.135  -1.369  -2.600   0
   2.16790509   1.032  -0.243  -1.510  -2.773   0
   2.16809392   1.018  -0.333  -1.631  -2.924   0
   2.16825104   1.009  -0.422  -1.753  -3.076   0
   2.16843176   1.010  -0.513  -1.882  -3.243   0
   2.16859698   1.021  -0.586  -1.989  -3.386   0
   2.16875434   1.054  -0.644  -2.084  -3.521   0
   2.16893506   1.065  -0.715  -2.189  -3.660   0
   2.16906881   1.085  -0.767  -2.269  -3.769   0
   2.16910052   1.085  -0.767  -2.269  -3.770   0
   2.16912389   1.090  -0.785  -2.296  -3.806   0
   2.16913962   1.100  -0.803  -2.327  -3.853   0
   2.16914749   1.092  -0.810  -2.338  -3.874   0
   2.16915965   1.089  -0.809  -2.343  -3.898   0
   2.16917157   1.084  -0.809  -2.348  -3.921   0
   2.16918373   1.079  -0.809  -2.353  -3.945   0
   2.16919565   1.073  -0.809  -2.359  -3.968   0
   2.16920519   1.068  -0.809  -2.363  -3.987   0
   2.16921735   1.061  -0.809  -2.368  -4.011   0
   2.16922927   1.054  -0.810  -2.374  -4.035   0
   2.16924119   1.046  -0.811  -2.379  -4.059   0
   2.16925335   1.036  -0.812  -2.385  -4.083   0
   2.16926503   1.027  -0.813  -2.390  -4.106   0
   2.16927648   1.017  -0.814  -2.395  -4.129   0
   2.16928816   1.006  -0.816  -2.401  -4.153   0
   2.16929960   0.995  -0.817  -2.406  -4.176   0
   2.16931105   0.982  -0.819  -2.412  -4.199   0
   2.16932034   0.972  -0.821  -2.417  -4.218   0
   2.16933179   0.959  -0.823  -2.422  -4.242   0
   2.16934347   0.945  -0.826  -2.428  -4.265   0
   2.16935492   0.930  -0.828  -2.434  -4.289   0
   2.16937304   0.907  -0.832  -2.442  -4.324   3
   2.16941810   0.873  -0.819  -2.432  -4.386   0
   2.16946292   0.862  -0.812  -2.426  -4.407   0
   2.16950727   0.851  -0.807  -2.421  -4.427   0
   2.16955137   0.840  -0.802  -2.416  -4.447   0
   2.16959524   0.828  -0.797  -2.412  -4.467   0
   2.16963887   0.817  -0.792  -2.407  -4.487   0
   2.16968203   0.805  -0.788  -2.402  -4.507   0
   2.16972518   0.792  -0.783  -2.398  -4.527   0
   2.16976786   0.780  -0.778  -2.393  -4.547   0
   2.16981053   0.767  -0.774  -2.388  -4.567   0
   2.16985273   0.754  -0.769  -2.384  -4.587   0
   2.16989470   0.741  -0.765  -2.379  -4.607   0
   2.16993666   0.727  -0.761  -2.374  -4.627   0
   2.16997790   0.713  -0.757  -2.369  -4.647   0
   2.17001915   0.699  -0.753  -2.365  -4.666   0
   2.17006016   0.685  -0.749  -2.360  -4.686   0
   2.17010093   0.670  -0.745  -2.355  -4.706   0
   2.17014122   0.656  -0.741  -2.351  -4.726   0
   2.17018127   0.641  -0.737  -2.346  -4.746   0
   2.17022133   0.627  -0.732  -2.339  -4.764   0
   2.17026091   0.633  -0.705  -2.310  -4.771   0
   2.17030025   0.639  -0.679  -2.281  -4.778   0
   2.17033911   0.646  -0.652  -2.251  -4.784   0
   2.17037797   0.652  -0.625  -2.222  -4.791   0
   2.17041636   0.658  -0.599  -2.192  -4.797   0
   2.17045474   0.665  -0.572  -2.163  -4.803   0
   2.17049265   0.671  -0.545  -2.133  -4.810   0
   2.17053032   0.678  -0.518  -2.103  -4.816   0
   2.17056775   0.684  -0.491  -2.074  -4.823   0
   2.17060494   0.691  -0.464  -2.044  -4.829   0
   2.17064166   0.697  -0.437  -2.014  -4.836   0
   2.17067814   0.704  -0.410  -1.985  -4.842   0
   2.17071462   0.711  -0.383  -1.955  -4.848   0
   2.17075062   0.717  -0.356  -1.925  -4.855   0
   2.17078638   0.724  -0.329  -1.895  -4.861   0
   2.17082191   0.731  -0.302  -1.865  -4.867   0
   2.17085695   0.737  -0.275  -1.835  -4.874   0
   2.17089200   0.744  -0.247  -1.804  -4.880   0
   2.17092657   0.751  -0.220  -1.774  -4.886   0
   2.17096090   0.758  -0.192  -1.744  -4.892   0
   2.17099500   0.765  -0.165  -1.713  -4.898   0
   2.17102885   0.778  -0.130  -1.678  -4.899   0
   2.17106247   0.792  -0.093  -1.640  -4.897   1
   2.17109561   0.807  -0.055  -1.603  -4.896   0
   2.17112851   0.821  -0.018  -1.565  -4.894   0
   2.17116117   0.836   0.019  -1.527  -4.893   0
   2.17119360   0.851   0.057  -1.489  -4.891   0
   2.17122602   0.866   0.095  -1.451  -4.890   0
   2.17125773   0.881   0.132  -1.413  -4.888   0
   2.17128921   0.896   0.170  -1.375  -4.886   0
   2.17132044   0.913   0.210  -1.335  -4.883   0
   2.17134714   0.930   0.248  -1.297  -4.878   0
   2.17137194   0.953   0.294  -1.251  -4.868   0
   2.17138743   1.000   0.371  -1.173  -4.838   0
   2.17139244   1.093   0.510  -1.033  -4.772   0
   2.17139411   1.138   0.577  -0.966  -4.740   1
   2.17139411   1.141   0.582  -0.962  -4.737   0
   2.17139411   1.145   0.587  -0.956  -4.735   0
   2.17139411   1.148   0.593  -0.951  -4.732   0
   2.17139411   1.152   0.599  -0.945  -4.730   0
   2.17139411   1.157   0.606  -0.938  -4.726   0
   2.17139506   1.161   0.612  -0.931  -4.723   0
