   0.15000001  15.664  14.049  12.441  10.267   0
   0.20000000  14.480  13.033  11.517   9.567   0
   0.25000000  13.765  12.410  10.940   9.107   0
   0.30000001  13.186  11.897  10.470   8.724   0
   0.34999999  12.696  11.461  10.074   8.398   0
   0.40000001  12.190  10.996   9.641   8.028   0
   0.44999999  11.738  10.579   9.265   7.718   0
   0.50000000  11.254  10.124   8.858   7.380   0
   0.55000001  10.714   9.628   8.420   7.023   0
   0.60000002  10.167   9.148   8.001   6.686   0
   0.69999999   8.813   8.055   7.064   5.961   0
   0.80000001   7.355   6.978   6.158   5.269   0
   0.89999998   6.227   6.115   5.441   4.693   0
   1.00000000   5.414   5.431   4.861   4.202   0
   1.10000002   4.699   4.779   4.305   3.730   0
   1.20000005   4.141   4.233   3.833   3.334   0
   1.29999995   3.669   3.740   3.407   2.993   0
   1.39999998   3.270   3.295   3.034   2.728   0
   1.50000000   2.918   2.896   2.706   2.509   0
   1.60000002   2.614   2.570   2.447   2.340   0
   1.70000005   2.332   2.301   2.230   2.183   0
   1.79999995   2.089   2.093   2.059   2.050   0
   1.85000002   1.914   1.944   1.928   1.935   0
   1.89999998   1.851   1.904   1.901   1.922   0
   2.00000000   1.641   1.744   1.762   1.799   0
   2.20000005   1.269   1.467   1.517   1.579   0
   2.50000000   0.800   1.118   1.198   1.283   0
   3.00000000   0.178   0.638   0.746   0.859   0
   3.50000000  -0.314   0.244   0.373   0.506   0
   4.00000000  -0.720  -0.093   0.053   0.203   0
   4.50000000  -1.065  -0.382  -0.223  -0.058   0
   4.57246494  -1.112  -0.423  -0.262  -0.095   0
   5.00000000  -1.383  -0.653  -0.481  -0.304   0
   6.00000000  -1.950  -1.144  -0.952  -0.753   0
   6.57954693  -2.241  -1.398  -1.197  -0.987   0
   7.00000000  -2.443  -1.576  -1.368  -1.151   0
   8.03752899  -2.908  -1.992  -1.772  -1.541   0
   9.00000000  -3.327  -2.374  -2.144  -1.903   0
  10.12374306  -3.764  -2.776  -2.537  -2.286   0
  11.64801407  -4.382  -3.362  -3.116  -2.857   0
  12.00000000  -4.541  -3.517  -3.270  -3.011   0
  12.74507236  -4.851  -3.822  -3.574  -3.316   1
  13.67512989  -5.303  -4.284  -4.043  -3.794   0
  14.38783550  -5.737  -4.746  -4.517  -4.285   0
  14.67992592  -5.947  -4.976  -4.754  -4.533   0
  14.82138634  -6.043  -5.079  -4.860  -4.643   2
  14.88063431  -6.053  -5.078  -4.856  -4.635   0
  14.91955853  -6.019  -5.008  -4.776  -4.542   0
  14.92456627  -6.017  -4.979  -4.740  -4.496   0
  14.92510223  -6.015  -4.975  -4.735  -4.489   0
  14.92706394  -6.012  -4.991  -4.756  -4.518   0
  14.92796516  -6.063  -5.061  -4.833  -4.603   0
  14.92817688  -6.082  -5.086  -4.860  -4.633   0
  14.92878246  -6.139  -5.161  -4.941  -4.721   0
  14.92938709  -6.202  -5.247  -5.031  -4.819   0
  14.93003559  -6.282  -5.355  -5.146  -4.944   0
  14.93046761  -6.343  -5.439  -5.236  -5.040   0
  14.93085670  -6.391  -5.510  -5.311  -5.123   0
  14.93124580  -6.449  -5.583  -5.391  -5.213   0
  14.93163395  -6.511  -5.664  -5.481  -5.312   0
  14.93206692  -6.579  -5.761  -5.585  -5.428   0
  14.93236828  -6.628  -5.831  -5.661  -5.513   0
  14.93267155  -6.676  -5.902  -5.738  -5.599   0
  14.93284416  -6.710  -5.952  -5.792  -5.660   0
  14.93318939  -6.758  -6.026  -5.873  -5.750   0
  14.93353462  -6.815  -6.116  -5.971  -5.860   0
  14.93387985  -6.874  -6.210  -6.076  -5.980   0
  14.93412685  -6.926  -6.295  -6.171  -6.089   0
  14.93437386  -6.962  -6.376  -6.258  -6.183   0
  14.93466949  -7.001  -6.476  -6.364  -6.300   0
  14.93491650  -7.036  -6.562  -6.459  -6.406   0
  14.93516254  -7.072  -6.651  -6.559  -6.520   0
  14.93535995  -7.097  -6.719  -6.636  -6.611   0
  14.93555737  -7.127  -6.779  -6.710  -6.703   0
  14.93570614  -7.143  -6.839  -6.781  -6.789   0
  14.93590260  -7.141  -6.929  -6.882  -6.906   0
  14.93610096  -7.127  -7.002  -6.969  -7.011   0
  14.93624783  -7.126  -7.032  -7.025  -7.098   0
  14.93644524  -7.075  -7.104  -7.111  -7.205   0
  14.93664265  -6.956  -7.114  -7.166  -7.317   0
  14.93679047  -6.846  -7.076  -7.175  -7.386   3
  14.93688965  -6.769  -7.024  -7.167  -7.425   0
  14.93698883  -6.641  -6.926  -7.145  -7.481   0
  14.93708706  -6.492  -6.798  -7.110  -7.534   0
  14.93718529  -6.347  -6.668  -7.071  -7.573   0
  14.93723488  -6.252  -6.588  -7.041  -7.587   0
  14.93733311  -6.043  -6.414  -6.972  -7.609   0
  14.93743229  -5.765  -6.203  -6.882  -7.617   0
  14.93748188  -5.547  -6.054  -6.813  -7.607   0
  14.93758011  -5.052  -5.736  -6.658  -7.574   0
  14.93772793  -4.078  -5.164  -6.338  -7.445   0
  14.93797493  -3.053  -4.576  -5.943  -7.226   4
  14.93809319  -2.922  -4.554  -5.964  -7.288   0
  14.93818092  -2.822  -4.537  -5.980  -7.335   0
  14.93821049  -2.789  -4.532  -5.986  -7.353   0
  14.93826962  -2.699  -4.520  -6.006  -7.406   0
  14.93835831  -2.541  -4.549  -6.111  -7.590   0
  14.93888760  -2.620  -4.837  -6.494  -8.080   0
  14.94309521  -2.736  -4.899  -6.556  -8.186   0
  14.96717834  -2.608  -4.850  -6.505  -8.066   0
  14.98979759  -2.641  -4.796  -6.418  -7.946   0
  15.00000000  -2.672  -4.792  -6.399  -7.913   0
  15.03666592  -2.786  -4.796  -6.359  -7.828   4
  15.08232689  -3.039  -4.910  -6.418  -7.824   0
  15.11336803  -3.622  -5.243  -6.654  -7.957   0
  15.11881924  -5.752  -6.419  -7.307  -8.192   0
  15.12016201  -6.732  -7.086  -7.533  -8.073   0
  15.12083340  -7.018  -7.323  -7.573  -7.943   0
  15.12150478  -7.206  -7.452  -7.581  -7.827   3
  15.12232494  -7.355  -7.496  -7.553  -7.707   0
  15.12366676  -7.468  -7.423  -7.433  -7.526   0
  15.12567902  -7.471  -7.310  -7.268  -7.299   0
  15.12806225  -7.461  -7.161  -7.104  -7.113   0
  15.13066769  -7.423  -7.065  -6.992  -6.979   0
  15.13327217  -7.388  -7.000  -6.915  -6.886   0
  15.13847446  -7.352  -6.910  -6.814  -6.771   0
  15.14626789  -7.312  -6.822  -6.716  -6.659   0
  15.15397263  -7.286  -6.754  -6.642  -6.577   0
  15.16439629  -7.261  -6.672  -6.556  -6.484   0
  15.17700386  -7.208  -6.537  -6.414  -6.330   0
  15.19361115  -7.134  -6.447  -6.306  -6.200   0
  15.23107147  -7.107  -6.398  -6.251  -6.137   1
  15.30897617  -7.180  -6.497  -6.360  -6.259   0
  15.35649300  -7.249  -6.575  -6.451  -6.367   0
  15.39299679  -7.295  -6.664  -6.545  -6.469   0
  15.42361069  -7.334  -6.754  -6.639  -6.568   0
  15.44718552  -7.368  -6.840  -6.728  -6.664   0
  15.44873905  -7.370  -6.845  -6.734  -6.670   0
  15.46918774  -7.408  -6.927  -6.823  -6.769   0
  15.48570633  -7.445  -7.003  -6.908  -6.864   0
  15.50178623  -7.479  -7.088  -7.002  -6.972   0
  15.51507759  -7.517  -7.162  -7.091  -7.080   0
  15.52713490  -7.545  -7.243  -7.185  -7.193   0
  15.53497314  -7.554  -7.310  -7.260  -7.279   0
  15.54219055  -7.546  -7.378  -7.336  -7.365   0
  15.54878521  -7.549  -7.424  -7.403  -7.458   0
  15.55467701  -7.545  -7.463  -7.467  -7.553   0
  15.55986500  -7.508  -7.508  -7.533  -7.643   0
  15.56450558  -7.446  -7.545  -7.588  -7.723   0
  15.56851864  -7.358  -7.541  -7.615  -7.795   0
  15.57190418  -7.249  -7.495  -7.622  -7.866   3
  15.57395077  -7.160  -7.440  -7.617  -7.915   0
  15.57576275  -7.053  -7.357  -7.602  -7.966   0
  15.57749557  -6.928  -7.251  -7.578  -8.017   0
  15.57899284  -6.774  -7.120  -7.545  -8.067   0
  15.58041096  -6.587  -6.967  -7.499  -8.111   0
  15.58175087  -6.324  -6.775  -7.431  -8.143   0
  15.58285427  -5.935  -6.517  -7.330  -8.162   0
  15.58403683  -5.118  -6.039  -7.111  -8.132   0
  15.58466816  -4.637  -5.776  -6.973  -8.089   0
  15.58529854  -4.191  -5.535  -6.829  -8.024   0
  15.58656025  -3.512  -5.157  -6.576  -7.890   0
  15.58920765  -3.019  -4.968  -6.508  -7.946   0
  15.59686565  -2.849  -4.938  -6.533  -8.030   0
  15.60285664  -2.759  -4.959  -6.598  -8.138   0
  15.61017513  -2.778  -5.022  -6.685  -8.261   2
  15.61428452  -2.936  -5.076  -6.729  -8.368   0
  15.61971474  -3.165  -5.132  -6.763  -8.488   0
  15.62276649  -3.304  -5.176  -6.791  -8.556   0
