   0.15000001  15.657  14.043  12.435  10.263   0
   0.20000000  14.471  13.025  11.510   9.561   0
   0.25000000  13.754  12.400  10.931   9.099   0
   0.30000001  13.175  11.886  10.461   8.715   0
   0.34999999  12.686  11.452  10.065   8.390   0
   0.40000001  12.178  10.985   9.630   8.019   0
   0.44999999  11.724  10.565   9.252   7.706   0
   0.50000000  11.237  10.107   8.842   7.365   0
   0.55000001  10.689   9.605   8.399   7.005   0
   0.60000002  10.135   9.120   7.976   6.666   0
   0.69999999   8.738   7.996   7.014   5.921   0
   0.80000001   7.226   6.878   6.072   5.197   0
   0.82751971   6.884   6.618   5.854   5.022   0
   0.89999998   6.086   5.995   5.336   4.601   0
   0.99447036   5.268   5.295   4.740   4.093   0
   1.00000000   5.226   5.257   4.707   4.065   0
   1.02000952   5.070   5.116   4.586   3.961   0
   1.08215654   4.620   4.696   4.223   3.650   0
   1.10000002   4.504   4.583   4.124   3.564   0
   1.14057791   4.250   4.333   3.905   3.378   0
   1.17726731   4.031   4.116   3.715   3.214   0
   1.20000005   3.909   3.988   3.601   3.117   0
   1.21567237   3.825   3.900   3.523   3.054   0
   1.25455880   3.621   3.686   3.336   2.899   0
   1.26242054   3.581   3.644   3.299   2.869   0
   1.29999995   3.401   3.453   3.129   2.728   0
   1.33492434   3.242   3.277   2.977   2.610   0
   1.39411950   2.988   2.999   2.730   2.409   0
   1.39999998   2.963   2.973   2.707   2.389   0
   1.45935655   2.731   2.719   2.477   2.197   0
   1.50000000   2.576   2.551   2.322   2.060   0
   1.52927601   2.468   2.435   2.212   1.959   0
   1.57678032   2.297   2.255   2.035   1.786   1
   1.60000002   2.216   2.171   1.950   1.696   0
   1.61794972   2.155   2.109   1.885   1.628   0
   1.65352452   2.040   1.994   1.760   1.485   0
   1.68423927   1.949   1.907   1.655   1.353   0
   1.70000005   1.910   1.872   1.606   1.283   0
   1.71242797   1.879   1.843   1.567   1.229   0
   1.73772430   1.822   1.795   1.491   1.113   0
   1.74916625   1.799   1.774   1.456   1.059   0
   1.75981700   1.772   1.748   1.419   1.007   0
   1.76623571   1.744   1.718   1.388   0.974   2
   1.77134323   1.697   1.666   1.346   0.945   0
   1.77480435   1.627   1.587   1.291   0.921   0
   1.77713525   1.506   1.441   1.195   0.898   0
   1.77779651   1.405   1.320   1.117   0.879   0
   1.77817392   1.289   1.186   1.029   0.849   1
   1.77827621   1.361   1.263   1.090   0.891   0
   1.77840626   1.445   1.367   1.151   0.896   0
   1.77859294   1.441   1.375   1.121   0.810   0
   1.77890933   1.441   1.391   1.094   0.724   0
   1.77942765   1.480   1.442   1.097   0.662   0
   1.78048146   1.570   1.539   1.128   0.615   0
   1.78193617   1.704   1.666   1.190   0.608   0
   1.78349054   1.909   1.844   1.297   0.651   0
   1.78465557   2.157   2.047   1.437   0.737   0
   1.78547156   2.392   2.240   1.580   0.838   0
   1.78625739   2.643   2.435   1.725   0.941   0
   1.78733170   2.894   2.609   1.840   1.006   4
   1.78883648   2.943   2.580   1.761   0.884   0
   1.78998339   2.876   2.471   1.627   0.729   0
   1.79110634   2.781   2.341   1.476   0.561   0
   1.79243946   2.648   2.170   1.282   0.349   0
   1.79356074   2.529   2.019   1.111   0.163   0
   1.79450715   2.440   1.895   0.971   0.006   0
   1.79548538   2.352   1.769   0.826  -0.156   0
   1.79649866   2.261   1.639   0.675  -0.325   0
   1.79739726   2.177   1.520   0.537  -0.478   0
   1.79825103   2.080   1.394   0.397  -0.630   0
   1.79910612   1.990   1.268   0.252  -0.790   0
   1.79994333   1.917   1.150   0.110  -0.951   0
   1.79999995   1.913   1.142   0.100  -0.962   0
   1.80020809   1.897   1.113   0.066  -1.002   0
   1.80095303   1.835   1.005  -0.064  -1.153   0
   1.80167651   1.781   0.904  -0.187  -1.296   0
   1.80244827   1.730   0.803  -0.310  -1.440   0
   1.80326748   1.699   0.742  -0.387  -1.529   2
   1.80389762   1.745   0.843  -0.259  -1.379   0
   1.80411887   1.793   0.940  -0.140  -1.238   0
   1.80432034   1.854   1.054   0.000  -1.075   0
   1.80452168   1.911   1.162   0.132  -0.921   0
   1.80476213   1.982   1.274   0.265  -0.770   0
   1.80488968   1.994   1.296   0.293  -0.739   1
   1.80559468   1.923   1.184   0.159  -0.890   0
   1.80648053   1.857   1.075   0.029  -1.037   0
   1.80735230   1.802   0.974  -0.093  -1.180   0
   1.80821991   1.749   0.876  -0.213  -1.319   0
   1.80905950   1.701   0.780  -0.331  -1.458   0
   1.81000865   1.639   0.663  -0.474  -1.624   0
   1.81079733   1.595   0.566  -0.595  -1.765   0
   1.81157303   1.557   0.468  -0.720  -1.914   0
   1.81224728   1.532   0.384  -0.830  -2.049   0
   1.81290495   1.499   0.291  -0.947  -2.192   0
   1.81354177   1.464   0.192  -1.073  -2.343   0
   1.81408370   1.436   0.103  -1.188  -2.482   0
   1.81454551   1.420   0.024  -1.293  -2.612   0
   1.81499243   1.410  -0.054  -1.399  -2.745   0
   1.81541514   1.409  -0.128  -1.503  -2.881   0
   1.81580496   1.410  -0.203  -1.610  -3.020   0
   1.81613433   1.395  -0.282  -1.715  -3.151   0
   1.81645405   1.417  -0.338  -1.802  -3.272   0
   1.81656802   1.426  -0.364  -1.842  -3.326   2
   1.81656802   2.163   1.674   0.783  -0.150   1
   1.81860673   2.143   1.638   0.736  -0.205   0
   1.81937969   2.136   1.626   0.721  -0.223   0
   1.82234228   2.126   1.619   0.717  -0.225   0
   1.82666969   2.113   1.611   0.711  -0.228   0
   1.82763743   2.109   1.608   0.710  -0.229   0
   1.82769561   2.109   1.608   0.710  -0.229   0
   1.83193266   2.102   1.606   0.711  -0.225   0
   1.83627999   2.093   1.603   0.711  -0.222   0
   1.84067464   2.085   1.600   0.711  -0.219   0
   1.84522700   2.075   1.595   0.709  -0.219   0
   1.85000002   2.067   1.591   0.709  -0.217   0
   1.86187482   2.089   1.623   0.746  -0.175   0
   1.88131547   2.127   1.674   0.805  -0.110   0
   1.89999998   2.161   1.721   0.860  -0.049   0
   1.90839410   2.117   1.678   0.818  -0.089   0
   1.94375002   1.952   1.501   0.635  -0.277   0
   1.96688461   1.854   1.364   0.474  -0.457   0
   1.97909415   1.771   1.223   0.298  -0.662   0
   1.98087645   1.727   1.140   0.194  -0.783   0
   1.98137081   1.654   1.017   0.047  -0.952   0
   1.98154497   1.577   0.888  -0.109  -1.130   0
   1.98158681   1.548   0.835  -0.176  -1.208   0
   1.98165202   1.493   0.732  -0.303  -1.355   0
   1.98171735   1.442   0.639  -0.418  -1.488   0
   1.98179352   1.423   0.601  -0.464  -1.542   0
   1.98242354   1.422   0.601  -0.464  -1.542   0
   1.98443782   1.384   0.524  -0.558  -1.653   0
   1.98511803   1.357   0.461  -0.638  -1.748   0
   1.98617947   1.306   0.316  -0.827  -1.975   0
   1.98665273   1.264   0.205  -0.969  -2.144   0
   1.98703420   1.231   0.095  -1.114  -2.320   0
   1.98730266   1.207  -0.004  -1.244  -2.483   0
   1.98749590   1.190  -0.084  -1.350  -2.615   0
   1.98766208   1.176  -0.169  -1.465  -2.757   0
   1.98781753   1.166  -0.260  -1.590  -2.914   0
   1.98796773   1.161  -0.338  -1.698  -3.051   0
   1.98810709   1.168  -0.406  -1.796  -3.182   0
   1.98825693   1.185  -0.477  -1.902  -3.326   0
   1.98841226   1.203  -0.543  -2.003  -3.462   0
   1.98855674   1.205  -0.601  -2.085  -3.568   0
   1.98857820   1.221  -0.674  -2.200  -3.738   0
   1.98858893   1.218  -0.673  -2.206  -3.762   0
   1.98859954   1.214  -0.673  -2.211  -3.786   0
   1.98860979   1.209  -0.673  -2.216  -3.810   0
   1.98862004   1.203  -0.673  -2.221  -3.833   0
   1.98863041   1.197  -0.673  -2.227  -3.857   0
   1.98864067   1.190  -0.673  -2.232  -3.880   0
   1.98865092   1.183  -0.674  -2.237  -3.904   0
   1.98866129   1.175  -0.675  -2.243  -3.927   0
   1.98867142   1.166  -0.676  -2.248  -3.950   0
   1.98868132   1.157  -0.677  -2.253  -3.974   0
   1.98869133   1.147  -0.678  -2.259  -3.997   0
   1.98870122   1.136  -0.680  -2.264  -4.021   0
   1.98871112   1.125  -0.681  -2.270  -4.044   0
   1.98872101   1.113  -0.683  -2.275  -4.067   0
   1.98873091   1.100  -0.685  -2.281  -4.091   0
   1.98874080   1.087  -0.687  -2.287  -4.114   0
   1.98875082   1.073  -0.690  -2.292  -4.138   0
   1.98876071   1.061  -0.692  -2.297  -4.157   0
   1.98877037   1.054  -0.692  -2.299  -4.169   0
   1.98877978   1.048  -0.693  -2.301  -4.178   0
   1.98878932   1.043  -0.694  -2.303  -4.185   0
   1.98882067   1.032  -0.693  -2.304  -4.203   3
   1.98885727   1.021  -0.688  -2.300  -4.224   0
   1.98889351   1.011  -0.683  -2.295  -4.244   0
   1.98892963   1.000  -0.678  -2.291  -4.264   0
   1.98896551   0.989  -0.673  -2.286  -4.284   0
   1.98900127   0.978  -0.668  -2.281  -4.304   0
   1.98903680   0.967  -0.663  -2.277  -4.324   0
   1.98907197   0.955  -0.658  -2.272  -4.344   0
   1.98910713   0.943  -0.653  -2.267  -4.364   0
   1.98914182   0.931  -0.648  -2.263  -4.384   0
   1.98917639   0.919  -0.644  -2.258  -4.404   0
   1.98921072   0.906  -0.639  -2.253  -4.424   0
   1.98924494   0.893  -0.635  -2.249  -4.444   0
   1.98927891   0.880  -0.630  -2.244  -4.464   0
   1.98931265   0.867  -0.626  -2.239  -4.484   0
   1.98934615   0.853  -0.622  -2.235  -4.504   0
   1.98937941   0.839  -0.618  -2.230  -4.524   0
   1.98941267   0.825  -0.614  -2.225  -4.544   0
   1.98944545   0.811  -0.610  -2.221  -4.564   0
   1.98947823   0.796  -0.606  -2.216  -4.583   0
   1.98951066   0.781  -0.602  -2.211  -4.603   0
   1.98954296   0.766  -0.598  -2.206  -4.623   0
   1.98957491   0.767  -0.577  -2.183  -4.633   0
   1.98960674   0.774  -0.551  -2.153  -4.639   0
   1.98963845   0.780  -0.524  -2.124  -4.646   0
   1.98966968   0.786  -0.497  -2.095  -4.652   0
   1.98970103   0.793  -0.471  -2.065  -4.659   0
   1.98973203   0.799  -0.444  -2.035  -4.665   0
   1.98976278   0.806  -0.417  -2.006  -4.672   0
   1.98979330   0.812  -0.390  -1.976  -4.678   0
   1.98982370   0.819  -0.363  -1.947  -4.685   0
   1.98985386   0.825  -0.336  -1.917  -4.691   0
   1.98988366   0.832  -0.310  -1.887  -4.697   0
   1.98991346   0.838  -0.283  -1.857  -4.704   0
   1.98994291   0.845  -0.256  -1.828  -4.710   0
   1.98997223   0.851  -0.228  -1.798  -4.717   0
   1.99000120   0.858  -0.201  -1.768  -4.723   0
   1.99003005   0.865  -0.174  -1.738  -4.729   0
   1.99005866   0.871  -0.147  -1.708  -4.735   0
   1.99008703   0.878  -0.120  -1.678  -4.742   0
   1.99011528   0.885  -0.092  -1.647  -4.748   0
   1.99014318   0.892  -0.065  -1.617  -4.754   0
   1.99017096   0.899  -0.037  -1.587  -4.760   0
   1.99019849   0.909  -0.005  -1.553  -4.763   0
   1.99022579   0.924   0.032  -1.516  -4.761   0
   1.99025285   0.938   0.069  -1.478  -4.760   0
   1.99027967   0.953   0.106  -1.441  -4.759   0
   1.99030638   0.968   0.144  -1.403  -4.757   0
   1.99033272   0.983   0.181  -1.365  -4.755   0
   1.99035883   0.998   0.219  -1.327  -4.754   0
   1.99038482   1.013   0.257  -1.289  -4.752   0
   1.99041057   1.028   0.295  -1.251  -4.750   0
   1.99043608   1.043   0.334  -1.212  -4.748   0
   1.99045908   1.059   0.371  -1.174  -4.745   0
   1.99047947   1.076   0.409  -1.136  -4.740   0
   1.99049842   1.099   0.455  -1.089  -4.731   0
   1.99050415   1.111   0.476  -1.068  -4.725   1
   1.99050593   1.116   0.485  -1.059  -4.722   0
   1.99050748   1.120   0.493  -1.051  -4.719   0
   1.99050903   1.129   0.507  -1.037  -4.713   0
   1.99051058   1.138   0.522  -1.022  -4.707   0
   1.99051213   1.148   0.537  -1.007  -4.701   0
   1.99051368   1.323   0.805  -0.738  -4.579   0
