   0.15000001  15.663  14.049  12.440  10.267   0
   0.20000000  14.479  13.033  11.517   9.567   0
   0.25000000  13.764  12.409  10.939   9.107   0
   0.30000001  13.185  11.896  10.470   8.723   0
   0.34999999  12.695  11.461  10.073   8.397   0
   0.40000001  12.189  10.995   9.640   8.027   0
   0.44999999  11.737  10.578   9.264   7.717   0
   0.50000000  11.253  10.123   8.857   7.379   0
   0.55000001  10.712   9.627   8.419   7.022   0
   0.60000002  10.165   9.147   8.000   6.685   0
   0.69999999   8.808   8.051   7.061   5.958   0
   0.80000001   7.347   6.972   6.153   5.265   0
   0.89999998   6.218   6.108   5.434   4.687   0
   1.00000000   5.400   5.418   4.850   4.192   0
   1.10000002   4.684   4.764   4.291   3.717   0
   1.20000005   4.124   4.215   3.816   3.318   0
   1.29999995   3.653   3.722   3.390   2.976   0
   1.39999998   3.252   3.276   3.016   2.710   0
   1.50000000   2.897   2.874   2.684   2.489   0
   1.60000002   2.587   2.542   2.419   2.311   0
   1.70000005   2.304   2.271   2.200   2.151   0
   1.79999995   2.054   2.053   2.018   2.008   0
   1.85000002   1.922   1.946   1.926   1.930   0
   1.89999998   1.823   1.867   1.860   1.876   0
   2.00000000   1.608   1.697   1.711   1.744   0
   2.02645731   1.555   1.655   1.674   1.710   0
   2.20000005   1.219   1.395   1.439   1.495   0
   2.50000000   0.714   1.001   1.076   1.154   0
   2.74667001   0.357   0.717   0.806   0.898   0
   3.00000000   0.022   0.443   0.546   0.649   0
   3.26521015  -0.296   0.180   0.293   0.407   0
   3.50000000  -0.567  -0.050   0.073   0.195   0
   3.66823673  -0.744  -0.202  -0.074   0.053   0
   3.97828889  -1.069  -0.487  -0.350  -0.215   0
   4.00000000  -1.092  -0.507  -0.369  -0.233   0
   4.25564766  -1.366  -0.758  -0.613  -0.472   0
   4.47421551  -1.609  -0.986  -0.837  -0.692   0
   4.50000000  -1.639  -1.014  -0.865  -0.720   0
   4.67094707  -1.840  -1.207  -1.056  -0.910   0
   4.82938671  -2.040  -1.405  -1.252  -1.107   1
   4.96461821  -2.226  -1.594  -1.442  -1.299   0
   5.00000000  -2.279  -1.649  -1.497  -1.356   0
   5.08504200  -2.406  -1.783  -1.632  -1.493   0
   5.18546677  -2.573  -1.963  -1.815  -1.681   0
   5.27149725  -2.731  -2.137  -1.993  -1.866   0
   5.30969000  -2.805  -2.221  -2.078  -1.954   0
   5.34489012  -2.875  -2.298  -2.157  -2.035   0
   5.36621284  -2.917  -2.340  -2.199  -2.079   0
   5.38274670  -2.944  -2.362  -2.219  -2.097   3
   5.39415073  -2.955  -2.357  -2.212  -2.085   0
   5.40184879  -2.948  -2.318  -2.166  -2.029   0
   5.40402746  -2.947  -2.290  -2.131  -1.986   0
   5.40527201  -2.960  -2.274  -2.109  -1.955   0
   5.40538120  -2.953  -2.268  -2.103  -1.950   0
   5.40568066  -2.912  -2.250  -2.090  -1.943   0
   5.40600300  -2.935  -2.304  -2.151  -2.014   0
   5.40641737  -3.046  -2.451  -2.305  -2.181   0
   5.40678596  -3.149  -2.584  -2.446  -2.331   0
   5.40720034  -3.243  -2.714  -2.583  -2.479   0
   5.40768337  -3.329  -2.841  -2.719  -2.628   0
   5.40823555  -3.408  -2.971  -2.859  -2.782   0
   5.40881062  -3.472  -3.102  -3.001  -2.941   0
   5.40899467  -3.489  -3.144  -3.048  -2.993   0
   5.40937853  -3.518  -3.227  -3.139  -3.097   0
   5.40976191  -3.538  -3.310  -3.233  -3.205   0
   5.41016722  -3.545  -3.395  -3.332  -3.321   0
   5.41057205  -3.529  -3.476  -3.432  -3.444   0
   5.41095495  -3.480  -3.535  -3.521  -3.568   0
   5.41116810  -3.433  -3.551  -3.561  -3.636   0
   5.41135979  -3.367  -3.534  -3.583  -3.701   0
   5.41155100  -3.284  -3.489  -3.588  -3.765   3
   5.41176367  -3.174  -3.396  -3.571  -3.832   0
   5.41195536  -3.042  -3.256  -3.529  -3.895   0
   5.41214657  -2.866  -3.071  -3.460  -3.949   0
   5.41233826  -2.596  -2.821  -3.357  -3.989   0
   5.41252947  -2.155  -2.498  -3.213  -3.990   0
   5.41272068  -1.703  -2.197  -3.051  -3.936   0
   5.41301823  -1.150  -1.832  -2.813  -3.800   0
   5.41314602  -0.948  -1.717  -2.747  -3.775   4
   5.41339016  -0.783  -1.713  -2.826  -3.924   0
   5.41354561  -0.743  -1.782  -2.943  -4.085   0
   5.41370153  -0.724  -1.851  -3.052  -4.229   0
   5.41401243  -0.704  -1.912  -3.149  -4.357   0
   5.41456747  -0.679  -1.969  -3.241  -4.483   0
   5.41521120  -0.666  -2.037  -3.341  -4.615   0
   5.41585445  -0.660  -2.106  -3.441  -4.742   0
   5.41652012  -0.643  -2.158  -3.522  -4.850   0
   5.41862488  -0.648  -2.222  -3.609  -4.958   2
   5.43434238  -0.679  -2.169  -3.522  -4.839   0
   5.44461727  -0.703  -2.113  -3.433  -4.720   0
   5.45324135  -0.718  -2.052  -3.341  -4.599   0
   5.46184587  -0.746  -1.997  -3.252  -4.476   0
   5.47109604  -0.784  -1.952  -3.172  -4.363   0
   5.48387575  -0.857  -1.932  -3.111  -4.264   4
   5.49689531  -0.978  -1.972  -3.112  -4.230   0
   5.50984144  -1.711  -2.431  -3.427  -4.419   0
   5.51397991  -2.585  -2.966  -3.697  -4.485   0
   5.51713419  -2.988  -3.257  -3.827  -4.486   0
   5.51960707  -3.216  -3.450  -3.907  -4.463   0
   5.52114630  -3.331  -3.558  -3.949  -4.440   0
   5.52271032  -3.428  -3.657  -3.986  -4.413   0
   5.52432537  -3.510  -3.744  -4.015  -4.381   0
   5.52664661  -3.613  -3.850  -4.046  -4.336   0
   5.52901840  -3.702  -3.936  -4.068  -4.292   0
   5.53128910  -3.774  -3.983  -4.074  -4.250   0
   5.53366041  -3.835  -4.021  -4.078  -4.213   0
   5.53744459  -3.897  -4.038  -4.066  -4.167   0
   5.54531527  -3.959  -4.056  -4.059  -4.132   1
   5.57744980  -3.961  -4.119  -4.158  -4.274   0
   5.59522104  -3.926  -4.130  -4.211  -4.376   0
   5.60438395  -3.866  -4.102  -4.232  -4.455   0
   5.61036921  -3.794  -4.037  -4.231  -4.521   0
   5.61653852  -3.708  -3.947  -4.218  -4.587   0
   5.62009811  -3.606  -3.843  -4.193  -4.642   0
   5.62398672  -3.520  -3.757  -4.170  -4.683   0
   5.62616396  -3.397  -3.649  -4.134  -4.716   0
   5.62843847  -3.224  -3.509  -4.084  -4.746   0
   5.63057089  -3.035  -3.369  -4.033  -4.767   0
   5.63298655  -2.719  -3.162  -3.948  -4.775   0
   5.63519239  -1.979  -2.721  -3.724  -4.719   0
   5.63659716  -1.580  -2.479  -3.573  -4.640   0
   5.63940144  -1.042  -2.197  -3.410  -4.589   4
   5.64014292  -0.941  -2.186  -3.439  -4.655   0
   5.64038181  -0.895  -2.221  -3.507  -4.756   0
   5.64144659  -0.840  -2.273  -3.603  -4.895   0
   5.64175892  -0.811  -2.294  -3.644  -4.956   0
   5.64227247  -0.791  -2.363  -3.749  -5.092   0
   5.64293289  -0.762  -2.425  -3.847  -5.229   0
   5.64379406  -0.742  -2.492  -3.951  -5.368   0
   5.64470959  -0.725  -2.560  -4.052  -5.503   0
   5.64546013  -0.694  -2.608  -4.132  -5.615   0
   5.64604521  -0.663  -2.645  -4.195  -5.705   0
   5.64664841  -0.651  -2.687  -4.264  -5.809   0
   5.64714193  -0.692  -2.702  -4.292  -5.892   0
   5.64754343  -0.733  -2.712  -4.314  -5.968   0
   5.64807320  -0.798  -2.744  -4.356  -6.064   0
   5.64829206  -0.843  -2.758  -4.377  -6.125   0
   5.64851093  -0.893  -2.776  -4.400  -6.187   2
   5.64891243  -0.872  -2.794  -4.414  -6.159   0
   5.64898539  -0.901  -2.812  -4.435  -6.194   0
   5.64907694  -0.927  -2.823  -4.448  -6.225   0
   5.64909506  -0.933  -2.827  -4.452  -6.232   0
