   0.15000001  15.660  14.046  12.438  10.265   0
   0.20000000  14.475  13.029  11.513   9.564   0
   0.25000000  13.759  12.404  10.935   9.103   0
   0.30000001  13.180  11.891  10.465   8.719   0
   0.34999999  12.690  11.456  10.069   8.393   0
   0.40000001  12.183  10.990   9.635   8.023   0
   0.44999999  11.730  10.571   9.257   7.711   0
   0.50000000  11.245  10.115   8.849   7.372   0
   0.55000001  10.700   9.615   8.408   7.013   0
   0.60000002  10.149   9.133   7.987   6.675   0
   0.69999999   8.770   8.021   7.036   5.939   0
   0.80000001   7.283   6.922   6.110   5.229   0
   0.89999998   6.145   6.045   5.380   4.639   0
   0.95963186   5.610   5.599   5.002   4.319   0
   1.00000000   5.291   5.318   4.763   4.115   0
   1.10000002   4.586   4.665   4.200   3.634   0
   1.12428761   4.440   4.523   4.076   3.530   0
   1.19939554   4.015   4.100   3.708   3.218   1
   1.20000005   4.012   4.097   3.705   3.215   0
   1.27753079   3.627   3.694   3.354   2.931   0
   1.29999995   3.523   3.583   3.257   2.853   0
   1.35452342   3.284   3.317   3.032   2.688   0
   1.39302742   3.124   3.139   2.881   2.577   0
   1.39999998   3.097   3.108   2.854   2.558   0
   1.44739544   2.917   2.905   2.682   2.434   0
   1.50000000   2.725   2.693   2.502   2.302   0
   1.59479666   2.403   2.345   2.204   2.067   0
   1.60000002   2.386   2.326   2.188   2.054   0
   1.69889355   2.075   2.012   1.908   1.811   0
   1.70000005   2.071   2.009   1.905   1.809   0
   1.79052317   1.793   1.730   1.650   1.580   0
   1.79999995   1.764   1.701   1.623   1.555   0
   1.85000002   1.616   1.552   1.483   1.423   0
   1.86778951   1.563   1.498   1.432   1.373   0
   1.89999998   1.469   1.402   1.337   1.278   0
   1.92762899   1.389   1.320   1.257   1.200   1
   1.98399746   1.229   1.154   1.090   1.028   0
   2.00000000   1.184   1.107   1.041   0.976   0
   2.03426600   1.090   1.008   0.937   0.864   0
   2.07654190   0.979   0.885   0.803   0.713   0
   2.11321664   0.890   0.780   0.682   0.570   0
   2.14524722   0.820   0.707   0.583   0.438   0
   2.15968037   0.789   0.673   0.536   0.376   0
   2.17309308   0.755   0.636   0.490   0.317   0
   2.18116164   0.725   0.605   0.458   0.283   0
   2.18796921   0.683   0.562   0.424   0.259   0
   2.19259572   0.624   0.505   0.388   0.249   0
   2.19572330   0.518   0.414   0.342   0.256   0
   2.19661188   0.427   0.349   0.309   0.260   0
   2.19711685   0.334   0.297   0.283   0.260   0
   2.19724345   0.412   0.358   0.332   0.298   0
   2.19743085   0.485   0.395   0.338   0.269   4
   2.19769859   0.465   0.344   0.255   0.147   0
   2.19812346   0.458   0.326   0.193   0.030   0
   2.19858932   0.474   0.348   0.172  -0.046   0
   2.19928169   0.514   0.405   0.174  -0.112   0
   2.19995689   0.565   0.475   0.195  -0.157   0
   2.20000005   0.568   0.480   0.197  -0.160   0
   2.20065737   0.632   0.558   0.226  -0.193   0
   2.20123553   0.709   0.646   0.265  -0.215   0
   2.20182133   0.808   0.746   0.312  -0.227   0
   2.20269561   0.991   0.912   0.402  -0.210   0
   2.20353842   1.223   1.112   0.532  -0.144   0
   2.20433784   1.531   1.368   0.717  -0.018   0
   2.20484805   1.787   1.574   0.873   0.097   0
   2.20559645   2.083   1.791   1.024   0.192   0
   2.20584559   2.134   1.820   1.036   0.190   4
   2.20683670   2.176   1.783   0.949   0.061   0
   2.20782733   2.121   1.674   0.807  -0.108   0
   2.20874047   2.051   1.563   0.670  -0.264   0
   2.20985675   1.931   1.404   0.489  -0.464   0
   2.21072102   1.849   1.284   0.351  -0.619   0
   2.21166968   1.767   1.157   0.200  -0.790   0
   2.21247339   1.688   1.044   0.069  -0.937   0
   2.21331787   1.612   0.927  -0.069  -1.091   0
   2.21415925   1.509   0.795  -0.216  -1.250   0
   2.21495581   1.443   0.682  -0.354  -1.407   0
   2.21572590   1.384   0.575  -0.484  -1.559   0
   2.21642900   1.333   0.476  -0.605  -1.700   0
   2.21713138   1.283   0.376  -0.729  -1.845   0
   2.21779585   1.247   0.285  -0.845  -1.983   0
   2.21850443   1.213   0.196  -0.960  -2.120   0
   2.21854806   1.211   0.193  -0.963  -2.123   2
   2.21870613   1.245   0.289  -0.838  -1.974   0
   2.21881819   1.286   0.393  -0.705  -1.814   0
   2.21899915   1.335   0.496  -0.578  -1.665   0
   2.21931577   1.397   0.610  -0.439  -1.503   0
   2.21975422   1.457   0.720  -0.302  -1.345   0
   2.22033596   1.519   0.824  -0.177  -1.202   0
   2.22129989   1.622   0.965  -0.016  -1.025   0
   2.22213364   1.704   1.090   0.131  -0.860   0
   2.22298145   1.777   1.209   0.273  -0.697   0
   2.22396183   1.851   1.323   0.408  -0.544   0
   2.22555375   1.947   1.459   0.568  -0.366   0
   2.22823024   2.027   1.582   0.718  -0.194   0
   2.23269081   2.041   1.638   0.799  -0.092   4
   2.30138946   1.786   1.382   0.546  -0.342   0
   2.32864165   1.671   1.269   0.435  -0.451   0
   2.37972498   1.463   1.056   0.220  -0.666   0
   2.42392445   1.336   0.900   0.047  -0.851   0
   2.45176053   1.301   0.804  -0.089  -1.019   0
   2.45823812   1.283   0.730  -0.196  -1.155   0
   2.45925117   1.257   0.653  -0.299  -1.280   0
   2.45947981   1.214   0.574  -0.397  -1.394   0
   2.45951939   1.188   0.538  -0.438  -1.439   0
   2.45960951   1.142   0.450  -0.547  -1.566   0
   2.45969224   1.090   0.359  -0.659  -1.694   0
   2.45978332   1.040   0.270  -0.769  -1.820   0
   2.46438670   0.954   0.090  -0.994  -2.086   0
   2.46541262   0.900  -0.063  -1.193  -2.325   0
   2.46606016   0.874  -0.173  -1.341  -2.507   0
   2.46669531   0.850  -0.286  -1.494  -2.696   0
   2.46703506   0.826  -0.359  -1.588  -2.810   0
   2.46728230   0.806  -0.419  -1.664  -2.903   0
   2.46754646   0.793  -0.486  -1.755  -3.015   0
   2.46776485   0.790  -0.547  -1.839  -3.122   0
   2.46792603   0.789  -0.612  -1.931  -3.240   0
   2.46808553   0.787  -0.685  -2.032  -3.368   0
   2.46824408   0.809  -0.746  -2.127  -3.498   0
   2.46841836   0.830  -0.821  -2.242  -3.655   0
   2.46857953   0.839  -0.914  -2.376  -3.832   0
   2.46877909   0.852  -1.006  -2.511  -4.008   0
   2.46897101   0.825  -1.075  -2.630  -4.237   0
   2.46899343   0.791  -1.092  -2.660  -4.317   0
   2.46900940   0.782  -1.093  -2.666  -4.340   0
   2.46902561   0.772  -1.094  -2.671  -4.364   0
   2.46904111   0.762  -1.096  -2.677  -4.387   0
   2.46905684   0.751  -1.097  -2.682  -4.410   0
   2.46907258   0.739  -1.099  -2.688  -4.434   0
   2.46908808   0.727  -1.101  -2.693  -4.457   0
   2.46910381   0.714  -1.103  -2.699  -4.480   0
   2.46911931   0.700  -1.105  -2.705  -4.503   0
   2.46913457   0.687  -1.108  -2.710  -4.526   0
   2.46914983   0.672  -1.111  -2.716  -4.549   0
   2.46916533   0.657  -1.113  -2.721  -4.572   0
   2.46918058   0.641  -1.116  -2.727  -4.595   0
   2.46919584   0.624  -1.119  -2.733  -4.618   0
   2.46921110   0.610  -1.118  -2.733  -4.640   0
   2.46922612   0.599  -1.113  -2.728  -4.661   0
   2.46924090   0.588  -1.108  -2.724  -4.681   0
   2.46925592   0.576  -1.103  -2.719  -4.702   0
   2.46927094   0.567  -1.098  -2.715  -4.718   0
   2.46928596   0.565  -1.096  -2.712  -4.723   0
   2.46930075   0.562  -1.093  -2.709  -4.729   0
   2.46931577   0.559  -1.090  -2.707  -4.735   0
   2.46933079   0.555  -1.089  -2.705  -4.741   0
   2.46935511   0.551  -1.086  -2.703  -4.749   2
   2.46941710   0.539  -1.082  -2.698  -4.768   0
   2.46947885   0.528  -1.077  -2.694  -4.786   0
   2.46954012   0.516  -1.073  -2.690  -4.805   0
   2.46960115   0.504  -1.069  -2.685  -4.824   0
   2.46966171   0.491  -1.065  -2.681  -4.843   0
   2.46972179   0.479  -1.061  -2.677  -4.861   0
   2.46978140   0.466  -1.057  -2.672  -4.880   0
   2.46984076   0.453  -1.053  -2.668  -4.899   0
   2.46989989   0.440  -1.049  -2.664  -4.917   0
   2.46995831   0.427  -1.045  -2.659  -4.936   0
   2.47001672   0.413  -1.042  -2.655  -4.955   0
   2.47007442   0.399  -1.038  -2.650  -4.973   0
   2.47013187   0.385  -1.035  -2.646  -4.992   0
   2.47018886   0.371  -1.031  -2.642  -5.010   0
   2.47024536   0.356  -1.028  -2.637  -5.029   0
   2.47030163   0.342  -1.024  -2.633  -5.047   0
   2.47035742   0.341  -1.007  -2.613  -5.058   0
   2.47041273   0.346  -0.982  -2.585  -5.064   0
   2.47046781   0.352  -0.957  -2.558  -5.070   0
   2.47052240   0.358  -0.932  -2.530  -5.076   0
   2.47057652   0.364  -0.907  -2.503  -5.082   0
   2.47063041   0.370  -0.882  -2.475  -5.088   0
   2.47068381   0.376  -0.857  -2.447  -5.094   0
   2.47073674   0.382  -0.832  -2.419  -5.100   0
   2.47078943   0.388  -0.806  -2.392  -5.106   0
   2.47084141   0.395  -0.781  -2.364  -5.112   0
   2.47089314   0.401  -0.756  -2.336  -5.118   0
   2.47094464   0.407  -0.731  -2.308  -5.124   0
   2.47099566   0.413  -0.706  -2.280  -5.130   0
   2.47104621   0.419  -0.680  -2.252  -5.136   0
   2.47109628   0.425  -0.655  -2.224  -5.142   0
   2.47114611   0.432  -0.629  -2.196  -5.148   0
   2.47119546   0.438  -0.604  -2.168  -5.154   0
   2.47124434   0.444  -0.579  -2.140  -5.160   0
   2.47129297   0.451  -0.553  -2.112  -5.166   0
   2.47134113   0.457  -0.527  -2.083  -5.171   0
   2.47138858   0.463  -0.502  -2.055  -5.177   0
   2.47143602   0.470  -0.476  -2.026  -5.183   0
   2.47148275   0.476  -0.450  -1.998  -5.189   0
   2.47152925   0.489  -0.416  -1.964  -5.188   0
   2.47157550   0.503  -0.382  -1.929  -5.187   0
   2.47162104   0.516  -0.348  -1.895  -5.185   0
   2.47166610   0.529  -0.314  -1.861  -5.184   0
   2.47171092   0.543  -0.281  -1.828  -5.182   0
   2.47175527   0.556  -0.247  -1.794  -5.181   0
   2.47179937   0.570  -0.213  -1.759  -5.179   0
   2.47184062   0.585  -0.179  -1.724  -5.175   1
   2.47187805   0.602  -0.142  -1.688  -5.169   0
   2.47191596   0.629  -0.092  -1.637  -5.155   0
   2.47192907   0.663  -0.041  -1.586  -5.132   0
   2.47193408   0.707   0.022  -1.523  -5.098   0
   2.47193575   0.727   0.050  -1.495  -5.084   0
   2.47193718   0.743   0.073  -1.472  -5.071   0
   2.47193861   0.762   0.099  -1.445  -5.057   0
   2.47194004   0.781   0.126  -1.419  -5.043   0
   2.47194147   0.801   0.155  -1.389  -5.027   0
   2.47194290   0.825   0.188  -1.356  -5.009   0
   2.47194481   0.849   0.222  -1.322  -4.991   0
