   0.15000001  15.574  13.975  12.376  10.223   0
   0.20000000  14.368  12.934  11.425   9.489   0
   0.25000000  13.634  12.291  10.827   9.009   0
   0.30000001  13.049  11.770  10.351   8.616   0
   0.34999999  12.571  11.342   9.960   8.294   0
   0.40000001  12.075  10.889   9.542   7.945   0
   0.44999999  11.601  10.445   9.143   7.612   0
   0.50000000  11.064   9.941   8.693   7.240   0
   0.55000001  10.429   9.373   8.194   6.838   0
   0.60000002   9.764   8.798   7.696   6.442   0
   0.64064467   8.992   8.194   7.182   6.050   0
   0.67367023   8.369   7.717   6.772   5.732   0
   0.69999999   7.862   7.334   6.443   5.475   0
   0.71507597   7.549   7.098   6.243   5.316   0
   0.73497087   7.135   6.785   5.976   5.100   0
   0.75177979   6.792   6.519   5.750   4.914   0
   0.76621503   6.505   6.291   5.555   4.749   0
   0.77867144   6.255   6.088   5.379   4.599   0
   0.78955364   6.033   5.904   5.218   4.458   0
   0.79911727   5.853   5.746   5.078   4.333   0
   0.80000001   5.836   5.730   5.064   4.321   0
   0.80451429   5.749   5.652   4.994   4.258   0
   0.81062418   5.633   5.547   4.898   4.168   0
   0.81315655   5.586   5.503   4.857   4.131   0
   0.81646222   5.524   5.445   4.802   4.079   0
   0.81802160   5.495   5.417   4.776   4.054   0
   0.81934857   5.474   5.397   4.757   4.035   0
   0.83687764   5.173   5.097   4.462   3.743   1
   0.84659344   5.040   4.935   4.278   3.540   0
   0.85256362   5.045   4.879   4.178   3.401   0
   0.85609192   5.185   4.920   4.154   3.321   0
   0.85747916   5.283   4.955   4.151   3.283   0
   0.85937858   5.374   4.951   4.096   3.179   0
   0.86073405   5.339   4.866   3.982   3.039   0
   0.86186534   5.242   4.741   3.841   2.883   0
   0.86284769   5.119   4.597   3.687   2.718   0
   0.86366367   4.994   4.458   3.541   2.565   0
   0.86437654   4.871   4.323   3.399   2.417   0
   0.86500323   4.748   4.187   3.256   2.268   0
   0.86559713   4.623   4.046   3.107   2.113   0
   0.86611205   4.503   3.913   2.966   1.965   0
   0.86658323   4.381   3.774   2.819   1.812   0
   0.86700457   4.261   3.637   2.673   1.657   0
   0.86737114   4.145   3.504   2.530   1.507   0
   0.86770004   4.031   3.369   2.385   1.352   0
   0.86799604   3.919   3.235   2.238   1.197   0
   0.86824822   3.816   3.108   2.100   1.049   0
   0.86846995   3.714   2.983   1.963   0.902   0
   0.86868805   3.614   2.855   1.821   0.748   0
   0.86887813   3.528   2.741   1.694   0.608   0
   0.86908281   3.450   2.636   1.575   0.477   0
   0.86920345   3.417   2.593   1.528   0.426   2
   0.86939287   3.463   2.672   1.623   0.536   0
   0.86953896   3.375   2.552   1.487   0.385   0
   0.86970139   3.277   2.411   1.326   0.206   0
   0.86981916   3.215   2.309   1.205   0.068   0
   0.86993968   3.135   2.187   1.064  -0.090   0
   0.87004405   3.057   2.068   0.926  -0.245   0
   0.87013346   2.987   1.956   0.794  -0.392   0
   0.87021071   2.933   1.855   0.673  -0.535   0
   0.87028933   2.859   1.734   0.530  -0.698   0
   0.87035578   2.811   1.634   0.407  -0.843   0
   0.87041140   2.766   1.532   0.282  -0.992   0
   0.87046158   2.735   1.439   0.163  -1.135   0
   0.87050498   2.702   1.350   0.049  -1.272   0
   0.87054706   2.670   1.255  -0.072  -1.418   0
   0.87058365   2.630   1.156  -0.195  -1.566   0
   0.87061483   2.632   1.085  -0.297  -1.702   0
   0.87064475   2.618   0.997  -0.415  -1.851   0
   0.87067324   2.617   0.910  -0.536  -2.007   0
   0.87069631   2.602   0.827  -0.647  -2.144   0
   0.87071532   2.566   0.740  -0.757  -2.280   0
   0.87073290   2.532   0.712  -0.809  -2.401   0
   0.87074924   2.502   0.697  -0.849  -2.522   0
   0.87076414   2.466   0.687  -0.883  -2.638   0
   0.87077773   2.419   0.673  -0.916  -2.744   0
   0.87078995   2.342   0.637  -0.967  -2.872   0
   0.87079942   2.280   0.621  -0.986  -2.971   3
   0.87081033   2.228   0.654  -0.956  -3.074   0
   0.87081844   2.194   0.704  -0.907  -3.148   0
   0.87082660   2.138   0.734  -0.876  -3.238   0
   0.87083477   2.121   0.816  -0.785  -3.303   0
   0.87084156   2.168   0.972  -0.613  -3.326   0
   0.87084836   2.205   1.113  -0.458  -3.355   0
   0.87085372   2.254   1.257  -0.301  -3.367   0
   0.87085783   2.279   1.342  -0.208  -3.379   0
   0.87085783   2.433   1.914   1.011   0.074   0
   0.87090689   2.454   1.883   0.949  -0.013   0
   0.87096810   2.443   1.865   0.928  -0.038   0
   0.87097681   2.441   1.863   0.926  -0.040   2
   0.87104684   2.432   1.861   0.927  -0.035   0
   0.87111938   2.415   1.860   0.934  -0.020   0
   0.87119389   2.397   1.858   0.941  -0.006   0
   0.87127113   2.383   1.856   0.948   0.007   0
   0.87135059   2.371   1.854   0.953   0.019   0
   0.87143391   2.362   1.853   0.957   0.027   0
   0.87151688   2.353   1.851   0.959   0.032   0
   0.87159812   2.346   1.849   0.960   0.035   0
   0.87167984   2.341   1.845   0.958   0.035   0
   0.87171865   2.338   1.843   0.956   0.033   0
   0.87176055   2.337   1.841   0.953   0.030   0
   0.87184083   2.334   1.835   0.945   0.020   0
   0.87192339   2.333   1.826   0.932   0.004   0
   0.87201238   2.332   1.815   0.913  -0.021   0
   0.87211889   2.329   1.795   0.884  -0.059   0
   0.87221706   2.327   1.772   0.848  -0.105   0
   0.87226421   2.326   1.755   0.823  -0.138   0
   0.87231904   2.341   1.739   0.790  -0.185   0
   0.87240201   2.304   1.656   0.683  -0.311   0
   0.87242508   2.290   1.601   0.606  -0.407   0
   0.87243891   2.268   1.500   0.463  -0.584   0
   0.87244231   2.257   1.420   0.349  -0.729   0
   0.87244463   2.269   1.308   0.180  -0.951   0
   0.87244570   2.275   1.230   0.063  -1.102   0
   0.87244695   2.286   1.138  -0.076  -1.284   0
   0.87244844   2.284   1.041  -0.213  -1.461   0
   0.87245053   2.289   0.986  -0.292  -1.566   0
   0.87245589   2.275   1.061  -0.179  -1.415   0
   0.87246591   2.278   1.104  -0.120  -1.339   1
   0.87249875   2.275   1.002  -0.264  -1.524   0
   0.87251127   2.296   0.934  -0.369  -1.666   0
   0.87252259   2.310   0.856  -0.485  -1.818   0
   0.87253249   2.335   0.782  -0.599  -1.974   0
   0.87254059   2.354   0.709  -0.710  -2.126   0
   0.87254578   2.385   0.658  -0.794  -2.245   0
   0.87255120   2.452   0.599  -0.904  -2.410   0
   0.87255543   2.456   0.579  -0.958  -2.541   0
   0.87255847   2.409   0.551  -1.008  -2.664   0
   0.87256104   2.374   0.558  -1.024  -2.774   0
   0.87256342   2.316   0.546  -1.053  -2.885   0
   0.87256563   2.247   0.530  -1.080  -2.993   0
   0.87256795   2.191   0.544  -1.069  -3.091   0
   0.87257046   2.162   0.615  -0.999  -3.166   2
   0.87257332   2.131   0.702  -0.909  -3.239   0
   0.87257558   2.113   0.824  -0.774  -3.322   0
   0.87257582   2.143   0.896  -0.696  -3.319   0
   0.87257618   2.150   0.923  -0.666  -3.326   0
   0.87257659   2.156   0.951  -0.635  -3.332   0
   0.87257701   2.163   0.979  -0.605  -3.339   0
   0.87257737   2.170   1.007  -0.574  -3.346   0
   0.87257779   2.176   1.035  -0.543  -3.352   0
   0.87257820   2.183   1.062  -0.513  -3.359   0
   0.87257856   2.190   1.090  -0.482  -3.366   0
   0.87257898   2.196   1.118  -0.451  -3.372   0
   0.87257928   2.202   1.140  -0.427  -3.377   0
   0.87257969   2.209   1.168  -0.396  -3.384   0
   0.87258011   2.216   1.196  -0.365  -3.390   0
   0.87258047   2.223   1.225  -0.333  -3.397   0
   0.87258089   2.230   1.253  -0.302  -3.403   0
   0.87258118   2.235   1.276  -0.277  -3.409   0
   0.87258160   2.242   1.304  -0.246  -3.415   0
   0.87258202   2.252   1.336  -0.212  -3.418   0
   0.87258238   2.268   1.374  -0.173  -3.417   0
   0.87258279   2.283   1.413  -0.134  -3.416   1
   0.87258321   2.298   1.452  -0.095  -3.414   0
   0.87258357   2.313   1.490  -0.056  -3.413   0
   0.87258399   2.328   1.529  -0.017  -3.411   0
   0.87258440   2.344   1.568   0.022  -3.409   0
   0.87258476   2.359   1.607   0.061  -3.407   0
   0.87258518   2.375   1.647   0.101  -3.406   0
   0.87258559   2.391   1.686   0.141  -3.404   0
   0.87258595   2.407   1.727   0.182  -3.401   0
   0.87258637   2.425   1.769   0.225  -3.398   0
   0.87258673   2.444   1.812   0.268  -3.393   0
