   0.15000001  15.661  14.047  12.439  10.265   0
   0.20000000  14.476  13.030  11.514   9.565   0
   0.25000000  13.761  12.406  10.936   9.104   0
   0.30000001  13.181  11.892  10.467   8.720   0
   0.34999999  12.692  11.458  10.070   8.395   0
   0.40000001  12.185  10.991   9.637   8.024   0
   0.44999999  11.733  10.573   9.260   7.713   0
   0.50000000  11.248  10.117   8.852   7.374   0
   0.55000001  10.704   9.619   8.412   7.016   0
   0.60000002  10.154   9.137   7.992   6.678   0
   0.69999999   8.783   8.031   7.044   5.945   0
   0.80000001   7.305   6.939   6.124   5.241   0
   0.89999998   6.169   6.066   5.398   4.655   0
   1.00000000   5.326   5.350   4.791   4.140   0
   1.04421270   4.985   5.042   4.527   3.914   0
   1.10000002   4.611   4.691   4.223   3.654   0
   1.18884933   4.101   4.190   3.789   3.288   0
   1.20000005   4.045   4.131   3.736   3.244   0
   1.26535368   3.727   3.799   3.449   3.013   0
   1.29999995   3.566   3.630   3.302   2.894   0
   1.34147012   3.389   3.433   3.136   2.774   0
   1.39999998   3.150   3.166   2.910   2.611   0
   1.41553307   3.092   3.099   2.854   2.573   0
   1.50000000   2.785   2.754   2.567   2.373   0
   1.60000002   2.455   2.401   2.272   2.153   0
   1.63984239   2.333   2.280   2.169   2.071   0
   1.70000005   2.154   2.101   2.015   1.944   0
   1.79590011   1.881   1.846   1.789   1.749   0
   1.79999995   1.870   1.835   1.780   1.741   0
   1.80432415   1.858   1.824   1.770   1.732   0
   1.85000002   1.732   1.707   1.664   1.637   0
   1.89999998   1.596   1.579   1.546   1.528   0
   1.92069399   1.541   1.527   1.499   1.485   0
   2.00000000   1.330   1.332   1.317   1.313   0
   2.03254795   1.246   1.254   1.244   1.244   0
   2.12281656   1.012   1.032   1.032   1.039   0
   2.19882727   0.816   0.839   0.844   0.852   0
   2.20000005   0.813   0.836   0.841   0.849   0
   2.20367980   0.804   0.827   0.832   0.840   0
   2.26961589   0.639   0.656   0.662   0.668   1
   2.32629895   0.497   0.502   0.505   0.505   0
   2.37524343   0.377   0.362   0.358   0.349   0
   2.41768456   0.278   0.241   0.225   0.202   0
   2.45457888   0.195   0.129   0.100   0.060   0
   2.47120976   0.157   0.078   0.042  -0.006   0
   2.48665524   0.117   0.032  -0.010  -0.067   0
   2.49526572   0.088   0.001  -0.041  -0.098   0
   2.50000000   0.062  -0.021  -0.059  -0.111   0
   2.50272989   0.047  -0.034  -0.069  -0.119   0
   2.50816917  -0.004  -0.064  -0.086  -0.121   0
   2.51183844  -0.093  -0.101  -0.094  -0.099   0
   2.51288080  -0.165  -0.123  -0.097  -0.085   0
   2.51341271  -0.240  -0.150  -0.108  -0.081   0
   2.51359916  -0.174  -0.103  -0.068  -0.045   0
   2.51379538  -0.094  -0.076  -0.059  -0.056   4
   2.51405716  -0.130  -0.159  -0.161  -0.178   0
   2.51444745  -0.168  -0.244  -0.268  -0.310   0
   2.51501346  -0.167  -0.281  -0.338  -0.418   0
   2.51537514  -0.156  -0.289  -0.365  -0.468   0
   2.51600957  -0.125  -0.269  -0.385  -0.536   0
   2.51675224  -0.078  -0.220  -0.388  -0.601   3
   2.51757479  -0.009  -0.134  -0.368  -0.662   0
   2.51814651   0.053  -0.054  -0.338  -0.699   0
   2.51872182   0.144   0.054  -0.291  -0.728   0
   2.51929426   0.273   0.191  -0.227  -0.748   0
   2.51985645   0.444   0.351  -0.144  -0.743   0
   2.52040172   0.637   0.521  -0.041  -0.702   0
   2.52092671   0.883   0.721   0.093  -0.622   0
   2.52143502   1.164   0.952   0.263  -0.503   0
   2.52192497   1.450   1.175   0.430  -0.382   0
   2.52240872   1.631   1.298   0.504  -0.348   4
   2.52312970   1.690   1.273   0.427  -0.468   0
   2.52384734   1.648   1.178   0.300  -0.622   0
   2.52470970   1.588   1.069   0.160  -0.786   0
   2.52570200   1.491   0.928  -0.005  -0.971   0
   2.52650356   1.423   0.820  -0.134  -1.118   0
   2.52747369   1.343   0.688  -0.291  -1.297   0
   2.52837348   1.248   0.556  -0.443  -1.464   0
   2.52916789   1.181   0.448  -0.572  -1.611   0
   2.52996850   1.113   0.338  -0.705  -1.762   0
   2.53072691   1.058   0.234  -0.832  -1.909   0
   2.53148556   1.017   0.135  -0.958  -2.060   0
   2.53218317   0.981   0.043  -1.076  -2.201   0
   2.53275943   0.958  -0.018  -1.153  -2.293   2
   2.53326535   0.990   0.071  -1.039  -2.156   0
   2.53403330   1.025   0.168  -0.914  -2.006   0
   2.53511596   1.071   0.266  -0.791  -1.860   0
   2.53626919   1.124   0.363  -0.672  -1.723   0
   2.53737020   1.186   0.472  -0.539  -1.569   0
   2.53833008   1.264   0.585  -0.407  -1.423   0
   2.53940105   1.337   0.701  -0.269  -1.267   0
   2.54056501   1.402   0.812  -0.135  -1.113   0
   2.54216909   1.486   0.942   0.020  -0.937   0
   2.54409623   1.551   1.051   0.154  -0.783   0
   2.54753208   1.618   1.163   0.294  -0.620   0
   2.55456328   1.582   1.189   0.359  -0.522   4
   2.62919402   1.251   0.865   0.044  -0.830   0
   2.67359400   1.038   0.655  -0.163  -1.032   1
   2.72359610   0.897   0.487  -0.346  -1.227   0
   2.77053738   0.856   0.386  -0.486  -1.398   0
   2.78661895   0.942   0.382  -0.547  -1.505   0
   2.78834748   0.924   0.297  -0.667  -1.655   0
   2.78863358   0.898   0.232  -0.752  -1.757   0
   2.78868008   0.880   0.203  -0.786  -1.796   0
   2.78878784   0.832   0.111  -0.901  -1.930   0
   2.78888130   0.780   0.021  -1.012  -2.057   0
   2.78902507   0.731  -0.071  -1.126  -2.189   0
   2.78983188   0.745  -0.047  -1.097  -2.156   1
   2.79264832   0.690  -0.216  -1.319  -2.425   0
   2.79360843   0.655  -0.359  -1.511  -2.661   0
   2.79424882   0.613  -0.469  -1.653  -2.829   0
   2.79488182   0.586  -0.584  -1.807  -3.019   0
   2.79547882   0.583  -0.696  -1.963  -3.221   0
   2.79592586   0.584  -0.793  -2.101  -3.397   0
   2.79631758   0.576  -0.896  -2.243  -3.576   0
   2.79668140   0.580  -0.998  -2.388  -3.765   0
   2.79687643   0.575  -1.066  -2.483  -3.885   0
   2.79705286   0.585  -1.120  -2.562  -3.991   0
   2.79721093   0.613  -1.165  -2.636  -4.096   0
   2.79735184   0.642  -1.231  -2.741  -4.240   0
   2.79746127   0.649  -1.283  -2.823  -4.365   0
   2.79757571   0.602  -1.307  -2.870  -4.489   0
   2.79774928   0.537  -1.330  -2.915  -4.628   0
   2.79783344   0.523  -1.333  -2.923  -4.654   0
   2.79784942   0.479  -1.349  -2.948  -4.727   0
   2.79786253   0.434  -1.360  -2.968  -4.795   0
   2.79788756   0.373  -1.378  -2.994  -4.878   0
   2.79789281   0.368  -1.378  -2.995  -4.884   3
   2.79790974   0.357  -1.376  -2.993  -4.903   0
   2.79792643   0.347  -1.371  -2.989  -4.921   0
   2.79794312   0.337  -1.367  -2.985  -4.938   0
   2.79795980   0.326  -1.363  -2.981  -4.956   0
   2.79797649   0.316  -1.359  -2.977  -4.974   0
   2.79799318   0.305  -1.355  -2.973  -4.992   0
   2.79800653   0.297  -1.351  -2.970  -5.006   0
   2.79802346   0.286  -1.347  -2.966  -5.024   0
   2.79804015   0.274  -1.344  -2.962  -5.041   0
   2.79805684   0.263  -1.340  -2.958  -5.059   0
   2.79807019   0.253  -1.337  -2.955  -5.073   0
   2.79808640   0.242  -1.333  -2.951  -5.091   0
   2.79810262   0.230  -1.330  -2.947  -5.108   0
   2.79811883   0.220  -1.326  -2.944  -5.123   0
   2.79813194   0.215  -1.324  -2.941  -5.131   0
   2.79814816   0.208  -1.322  -2.938  -5.140   0
   2.79816437   0.201  -1.319  -2.935  -5.150   0
   2.79818058   0.194  -1.317  -2.933  -5.160   0
   2.79823208   0.187  -1.312  -2.928  -5.171   0
   2.79830670   0.175  -1.309  -2.924  -5.188   0
   2.79838085   0.162  -1.306  -2.920  -5.204   0
   2.79845428   0.150  -1.302  -2.916  -5.221   0
   2.79852724   0.137  -1.299  -2.912  -5.238   0
   2.79859972   0.124  -1.296  -2.908  -5.254   0
   2.79867172   0.111  -1.293  -2.904  -5.271   0
   2.79874301   0.098  -1.290  -2.900  -5.287   0
   2.79881406   0.084  -1.287  -2.896  -5.304   0
   2.79888439   0.076  -1.279  -2.886  -5.317   0
   2.79895425   0.081  -1.257  -2.861  -5.323   0
   2.79902363   0.087  -1.234  -2.837  -5.328   0
   2.79909229   0.092  -1.211  -2.811  -5.334   0
   2.79916048   0.098  -1.189  -2.786  -5.340   0
   2.79922819   0.103  -1.166  -2.761  -5.345   0
   2.79929543   0.108  -1.143  -2.736  -5.351   0
   2.79936194   0.114  -1.120  -2.711  -5.356   0
   2.79942799   0.119  -1.098  -2.686  -5.362   0
   2.79949379   0.125  -1.075  -2.661  -5.367   0
   2.79955864   0.130  -1.052  -2.636  -5.372   0
   2.79962325   0.136  -1.030  -2.611  -5.378   0
   2.79968715   0.141  -1.007  -2.586  -5.383   0
   2.79975057   0.147  -0.985  -2.561  -5.388   0
   2.79981351   0.152  -0.963  -2.537  -5.394   0
   2.79987574   0.157  -0.940  -2.512  -5.399   0
   2.79993773   0.163  -0.918  -2.488  -5.404   0
   2.79999876   0.168  -0.896  -2.463  -5.409   0
   2.80005956   0.174  -0.874  -2.439  -5.414   0
   2.80011988   0.179  -0.852  -2.415  -5.419   0
   2.80017948   0.185  -0.830  -2.391  -5.424   0
   2.80023861   0.190  -0.809  -2.367  -5.429   0
   2.80029726   0.195  -0.787  -2.343  -5.434   0
   2.80035520   0.201  -0.765  -2.319  -5.439   0
   2.80040121   0.205  -0.748  -2.300  -5.443   0
   2.80044723   0.210  -0.731  -2.281  -5.447   0
   2.80049276   0.214  -0.714  -2.262  -5.450   0
   2.80053806   0.222  -0.692  -2.240  -5.450   0
   2.80059457   0.233  -0.664  -2.212  -5.449   0
   2.80065060   0.244  -0.636  -2.183  -5.448   0
   2.80070662   0.255  -0.608  -2.155  -5.447   0
   2.80076218   0.267  -0.579  -2.126  -5.445   0
   2.80081749   0.279  -0.551  -2.097  -5.443   0
   2.80086589   0.291  -0.523  -2.070  -5.440   0
   2.80091429   0.304  -0.495  -2.041  -5.436   1
   2.80096102   0.325  -0.456  -2.003  -5.424   0
   2.80097961   0.341  -0.432  -1.978  -5.414   0
   2.80098796   0.356  -0.411  -1.957  -5.402   0
   2.80099154   0.373  -0.389  -1.935  -5.388   0
   2.80099320   0.387  -0.370  -1.916  -5.377   0
   2.80099511   0.402  -0.351  -1.896  -5.365   0
   2.80099678   0.417  -0.330  -1.876  -5.352   0
   2.80099869   0.435  -0.307  -1.853  -5.338   0
   2.80100036   0.453  -0.283  -1.829  -5.323   0
   2.80100226   0.473  -0.257  -1.802  -5.306   0
   2.80100417   0.495  -0.228  -1.774  -5.289   0
   2.80100584   0.519  -0.197  -1.742  -5.269   0
   2.80100870   0.545  -0.162  -1.707  -5.247   0
