   0.15000001  15.663  14.049  12.440  10.267   0
   0.20000000  14.479  13.033  11.517   9.567   0
   0.25000000  13.764  12.409  10.939   9.107   0
   0.30000001  13.185  11.896  10.470   8.723   0
   0.34999999  12.695  11.461  10.073   8.397   0
   0.40000001  12.189  10.995   9.640   8.027   0
   0.44999999  11.737  10.578   9.264   7.717   0
   0.50000000  11.254  10.123   8.857   7.379   0
   0.55000001  10.713   9.627   8.419   7.022   0
   0.60000002  10.166   9.147   8.000   6.685   0
   0.69999999   8.810   8.053   7.063   5.960   0
   0.80000001   7.351   6.974   6.155   5.267   0
   0.89999998   6.222   6.111   5.437   4.689   0
   1.00000000   5.406   5.424   4.855   4.196   0
   1.10000002   4.690   4.771   4.297   3.723   0
   1.20000005   4.132   4.223   3.823   3.325   0
   1.29999995   3.660   3.730   3.398   2.984   0
   1.39999998   3.260   3.284   3.024   2.718   0
   1.50000000   2.906   2.883   2.694   2.498   0
   1.60000002   2.599   2.554   2.431   2.323   0
   1.70000005   2.316   2.284   2.213   2.165   0
   1.79999995   2.069   2.070   2.036   2.027   0
   1.85000002   1.919   1.945   1.927   1.932   0
   1.89999998   1.835   1.884   1.878   1.896   0
   2.00000000   1.623   1.718   1.733   1.768   0
   2.20000005   1.243   1.428   1.474   1.533   0
   2.43259192   0.860   1.134   1.204   1.281   0
   2.50000000   0.755   1.053   1.130   1.210   0
   3.00000000   0.096   0.530   0.635   0.741   0
   3.37351274  -0.317   0.194   0.313   0.436   0
   3.50000000  -0.446   0.086   0.211   0.337   0
   4.00000000  -0.911  -0.308  -0.167  -0.025   0
   4.04847765  -0.953  -0.343  -0.201  -0.057   0
   4.50000000  -1.337  -0.677  -0.522  -0.365   0
   4.56890631  -1.395  -0.728  -0.572  -0.413   0
   4.96898556  -1.736  -1.036  -0.870  -0.703   0
   5.00000000  -1.763  -1.061  -0.894  -0.726   0
   5.31287718  -2.032  -1.310  -1.137  -0.965   0
   5.58880472  -2.281  -1.545  -1.368  -1.193   0
   5.82309437  -2.507  -1.763  -1.583  -1.407   0
   6.00000000  -2.692  -1.945  -1.765  -1.589   0
   6.02610588  -2.718  -1.972  -1.791  -1.615   1
   6.20267916  -2.915  -2.170  -1.990  -1.817   0
   6.35382605  -3.102  -2.365  -2.186  -2.016   0
   6.48355961  -3.281  -2.555  -2.380  -2.215   0
   6.59482908  -3.452  -2.743  -2.572  -2.413   0
   6.64438581  -3.534  -2.834  -2.664  -2.509   0
   6.68999052  -3.612  -2.918  -2.750  -2.598   0
   6.72053671  -3.661  -2.968  -2.801  -2.649   0
   6.73829031  -3.683  -2.985  -2.816  -2.663   3
   6.75241995  -3.690  -2.978  -2.806  -2.649   0
   6.76189280  -3.677  -2.938  -2.759  -2.593   0
   6.76455307  -3.671  -2.908  -2.724  -2.550   0
   6.76615524  -3.684  -2.891  -2.700  -2.516   0
   6.76617670  -3.683  -2.890  -2.699  -2.515   0
   6.76664591  -3.640  -2.871  -2.685  -2.508   0
   6.76702833  -3.668  -2.928  -2.749  -2.582   0
   6.76736212  -3.748  -3.035  -2.863  -2.705   0
   6.76774883  -3.862  -3.179  -3.015  -2.869   0
   6.76818323  -3.981  -3.332  -3.177  -3.044   0
   6.76866436  -4.094  -3.487  -3.343  -3.225   0
   6.76918983  -4.203  -3.649  -3.515  -3.415   0
   6.76956320  -4.273  -3.760  -3.635  -3.547   0
   6.76994514  -4.341  -3.875  -3.761  -3.689   0
   6.77014446  -4.370  -3.933  -3.826  -3.762   0
   6.77048206  -4.415  -4.035  -3.939  -3.890   0
   6.77083063  -4.451  -4.143  -4.060  -4.028   0
   6.77118301  -4.471  -4.256  -4.187  -4.175   0
   6.77153540  -4.464  -4.365  -4.315  -4.329   0
   6.77171516  -4.444  -4.414  -4.380  -4.412   0
   6.77189493  -4.407  -4.452  -4.439  -4.495   0
   6.77207088  -4.346  -4.470  -4.487  -4.579   0
   6.77225065  -4.250  -4.446  -4.513  -4.665   3
   6.77242994  -4.122  -4.361  -4.507  -4.749   0
   6.77260590  -3.965  -4.206  -4.469  -4.831   0
   6.77278566  -3.747  -3.985  -4.393  -4.902   0
   6.77296162  -3.389  -3.682  -4.272  -4.947   0
   6.77313757  -2.765  -3.253  -4.082  -4.942   0
   6.77329111  -2.249  -2.928  -3.897  -4.865   0
   6.77344131  -1.830  -2.662  -3.720  -4.759   0
   6.77354050  -1.625  -2.537  -3.639  -4.716   0
   6.77371073  -1.377  -2.453  -3.629  -4.775   4
   6.77380991  -1.289  -2.481  -3.710  -4.902   0
   6.77391958  -1.213  -2.538  -3.824  -5.069   0
   6.77405977  -1.154  -2.599  -3.933  -5.225   0
   6.77438593  -1.110  -2.657  -4.032  -5.363   0
   6.77496576  -1.078  -2.710  -4.121  -5.484   0
   6.77562046  -1.058  -2.763  -4.203  -5.597   0
   6.77631330  -1.050  -2.822  -4.288  -5.709   0
   6.77856350  -1.047  -2.874  -4.363  -5.805   2
   6.79942608  -1.083  -2.821  -4.274  -5.680   0
   6.81410170  -1.113  -2.767  -4.186  -5.556   0
   6.82605696  -1.147  -2.719  -4.104  -5.442   0
   6.83801508  -1.196  -2.684  -4.036  -5.343   0
   6.85383177  -1.283  -2.677  -3.991  -5.261   4
   6.87660503  -1.473  -2.743  -4.006  -5.221   0
   6.89026642  -2.047  -3.096  -4.258  -5.378   0
   6.89346838  -3.009  -3.651  -4.580  -5.512   0
   6.89582920  -3.884  -4.204  -4.797  -5.470   0
   6.89736748  -4.092  -4.370  -4.855  -5.434   0
   6.89888239  -4.224  -4.486  -4.895  -5.403   0
   6.90047741  -4.313  -4.572  -4.923  -5.375   0
   6.90204859  -4.395  -4.652  -4.948  -5.346   0
   6.90438414  -4.505  -4.762  -4.975  -5.293   0
   6.90671444  -4.595  -4.840  -4.991  -5.243   0
   6.90905333  -4.670  -4.899  -5.001  -5.200   0
   6.91135454  -4.733  -4.932  -4.999  -5.158   0
   6.91439962  -4.803  -4.956  -4.988  -5.105   0
   6.91743040  -4.860  -4.963  -4.969  -5.054   0
   6.92111397  -4.907  -4.945  -4.932  -4.994   0
   6.92476845  -4.943  -4.922  -4.894  -4.939   0
   6.92970514  -4.970  -4.882  -4.843  -4.873   0
   6.93768549  -4.994  -4.837  -4.786  -4.802   0
   6.94492340  -5.006  -4.829  -4.775  -4.786   1
   6.95786524  -5.020  -4.889  -4.843  -4.864   0
   6.97183037  -5.023  -4.975  -4.943  -4.983   0
   6.98031950  -5.009  -5.029  -5.012  -5.070   0
   6.98619699  -4.986  -5.067  -5.064  -5.140   0
   6.99036694  -4.951  -5.077  -5.096  -5.198   0
   6.99377394  -4.909  -5.082  -5.125  -5.255   0
   6.99787664  -4.834  -5.053  -5.142  -5.329   0
   6.99947453  -4.788  -5.027  -5.146  -5.367   3
   7.00000000  -4.772  -5.014  -5.145  -5.378   0
   7.00099659  -4.742  -4.989  -5.143  -5.400   0
   7.00308704  -4.652  -4.913  -5.134  -5.461   0
   7.00511122  -4.539  -4.803  -5.112  -5.525   0
   7.00705671  -4.406  -4.676  -5.076  -5.576   0
   7.00889301  -4.214  -4.507  -5.019  -5.624   0
   7.01037407  -3.874  -4.251  -4.927  -5.668   0
   7.01102877  -3.622  -4.088  -4.865  -5.681   0
   7.01168346  -3.242  -3.861  -4.767  -5.680   0
   7.01233149  -2.785  -3.601  -4.638  -5.651   0
   7.01319933  -2.295  -3.316  -4.465  -5.568   0
   7.01398516  -1.860  -3.053  -4.281  -5.458   0
   7.01523972  -1.475  -2.870  -4.184  -5.447   4
   7.01634216  -1.315  -2.837  -4.203  -5.519   0
   7.01806831  -1.235  -2.875  -4.289  -5.650   0
   7.01862907  -1.184  -2.929  -4.385  -5.789   0
   7.01932144  -1.158  -2.992  -4.484  -5.924   0
   7.02029753  -1.119  -3.052  -4.582  -6.062   0
   7.02147484  -1.069  -3.105  -4.675  -6.196   0
   7.02281523  -1.088  -3.145  -4.744  -6.325   0
   7.02411747  -1.154  -3.155  -4.770  -6.435   0
   7.02520561  -1.237  -3.180  -4.806  -6.547   0
   7.02566433  -1.267  -3.186  -4.815  -6.582   0
