   0.15000001  15.652  14.040  12.432  10.261   0
   0.20000000  14.466  13.021  11.505   9.557   0
   0.25000000  13.748  12.395  10.926   9.095   0
   0.30000001  13.168  11.880  10.455   8.710   0
   0.34999999  12.680  11.446  10.059   8.385   0
   0.40000001  12.171  10.978   9.624   8.013   0
   0.44999999  11.716  10.557   9.244   7.699   0
   0.50000000  11.227  10.097   8.832   7.356   0
   0.55000001  10.675   9.592   8.386   6.994   0
   0.60000002  10.116   9.104   7.962   6.654   0
   0.69999999   8.694   7.963   6.985   5.898   0
   0.76521415   7.657   7.194   6.335   5.402   0
   0.80000001   7.159   6.828   6.029   5.163   0
   0.87645483   6.255   6.130   5.446   4.690   0
   0.89999998   6.016   5.935   5.284   4.556   0
   0.90952909   5.924   5.858   5.219   4.500   0
   0.98229498   5.277   5.300   4.741   4.091   0
   1.00000000   5.136   5.172   4.631   3.996   0
   1.01050150   5.051   5.094   4.563   3.938   0
   1.05076742   4.728   4.798   4.308   3.716   0
   1.08128488   4.513   4.588   4.122   3.555   0
   1.10000002   4.386   4.463   4.011   3.459   0
   1.12025344   4.251   4.329   3.893   3.357   0
   1.14312422   4.102   4.181   3.762   3.243   0
   1.16264737   3.979   4.058   3.653   3.147   0
   1.17212713   3.922   4.000   3.601   3.102   0
   1.18663192   3.842   3.917   3.525   3.035   0
   1.20000005   3.769   3.841   3.455   2.974   0
   1.22394848   3.640   3.705   3.333   2.869   0
   1.25945663   3.462   3.518   3.161   2.716   0
   1.29950082   3.279   3.326   2.978   2.544   0
   1.29999995   3.277   3.324   2.976   2.542   0
   1.30692935   3.246   3.291   2.944   2.513   0
   1.34408367   3.085   3.122   2.781   2.355   1
   1.38013411   2.942   2.973   2.627   2.195   0
   1.39999998   2.868   2.896   2.543   2.103   0
   1.42939448   2.762   2.786   2.423   1.969   0
   1.45877087   2.668   2.691   2.309   1.831   0
   1.48456597   2.604   2.620   2.214   1.708   0
   1.49627578   2.577   2.589   2.171   1.651   0
   1.50000000   2.566   2.577   2.155   1.632   0
   1.50505805   2.551   2.561   2.134   1.606   0
   1.51061797   2.522   2.530   2.101   1.571   2
   1.51415503   2.483   2.490   2.067   1.541   0
   1.51698542   2.415   2.421   2.013   1.504   0
   1.51890254   2.279   2.281   1.911   1.447   0
   1.51945066   2.160   2.149   1.817   1.401   0
   1.51976931   2.021   1.990   1.701   1.344   0
   1.51983595   2.077   2.054   1.754   1.380   0
   1.51994801   2.178   2.169   1.829   1.402   4
   1.52024412   2.181   2.178   1.787   1.297   0
   1.52112353   2.247   2.238   1.791   1.241   0
   1.52300823   2.372   2.343   1.838   1.231   0
   1.52498257   2.552   2.496   1.930   1.266   0
   1.52618957   2.764   2.662   2.044   1.337   0
   1.52730215   3.012   2.863   2.191   1.439   0
   1.52838683   3.287   3.066   2.340   1.541   0
   1.52952468   3.474   3.191   2.417   1.579   4
   1.53142631   3.528   3.159   2.334   1.451   0
   1.53268623   3.456   3.050   2.204   1.301   0
   1.53379226   3.360   2.928   2.067   1.153   0
   1.53510237   3.234   2.775   1.898   0.971   0
   1.53620791   3.132   2.648   1.756   0.816   0
   1.53728080   3.024   2.519   1.614   0.664   0
   1.53842020   2.916   2.383   1.463   0.500   0
   1.53953290   2.822   2.257   1.322   0.344   0
   1.54062152   2.730   2.132   1.180   0.188   0
   1.54171860   2.641   2.009   1.039   0.032   0
   1.54284573   2.548   1.882   0.895  -0.127   0
   1.54413104   2.439   1.741   0.737  -0.298   0
   1.54793882   2.256   1.486   0.445  -0.621   0
   1.54929602   2.413   1.719   0.718  -0.316   1
   1.55021095   2.299   1.576   0.559  -0.486   0
   1.55115068   2.220   1.454   0.415  -0.648   0
   1.55204141   2.160   1.345   0.283  -0.802   0
   1.55286419   2.094   1.232   0.149  -0.956   0
   1.55360401   2.032   1.125   0.020  -1.104   0
   1.55434942   1.970   1.011  -0.117  -1.263   0
   1.55498874   1.916   0.905  -0.248  -1.415   0
   1.55561662   1.860   0.790  -0.390  -1.580   0
   1.55615151   1.819   0.689  -0.516  -1.732   0
   1.55660880   1.786   0.596  -0.635  -1.876   0
   1.55700147   1.754   0.506  -0.749  -2.014   0
   1.55738533   1.718   0.408  -0.873  -2.163   0
   1.55771744   1.696   0.322  -0.987  -2.302   0
   1.55800450   1.677   0.238  -1.097  -2.436   0
   1.55828071   1.676   0.165  -1.200  -2.571   0
   1.55851614   1.673   0.092  -1.302  -2.704   0
   1.55874288   1.673   0.019  -1.405  -2.837   0
   1.55893755   1.650  -0.065  -1.513  -2.970   0
   1.55912149   1.656  -0.135  -1.613  -3.101   0
   1.55927968   1.670  -0.196  -1.704  -3.223   0
   1.55941868   1.659  -0.193  -1.727  -3.321   0
   1.55957031   1.625  -0.208  -1.765  -3.437   0
   1.55970705   1.589  -0.216  -1.792  -3.537   0
   1.55981600   1.527  -0.251  -1.841  -3.645   0
   1.55990779   1.458  -0.290  -1.892  -3.749   0
   1.56001031   1.393  -0.307  -1.917  -3.850   0
   1.56003594   1.379  -0.309  -1.919  -3.874   2
   1.56003594   2.177   1.605   0.667  -0.305   1
   1.56099164   2.154   1.556   0.604  -0.380   0
   1.56169951   2.147   1.545   0.592  -0.394   0
   1.56226242   2.143   1.543   0.590  -0.395   0
   1.56352353   2.135   1.539   0.589  -0.394   0
   1.56482244   2.124   1.533   0.585  -0.395   0
   1.56615198   2.113   1.526   0.580  -0.398   0
   1.56751275   2.102   1.518   0.574  -0.402   0
   1.56888402   2.092   1.511   0.569  -0.407   0
   1.57037175   2.079   1.501   0.561  -0.412   0
   1.57095623   2.074   1.497   0.558  -0.415   0
   1.57106936   2.073   1.497   0.557  -0.415   0
   1.57263303   2.060   1.487   0.549  -0.422   0
   1.57421041   2.050   1.478   0.542  -0.428   0
   1.57580578   2.039   1.469   0.533  -0.436   0
   1.57736158   2.029   1.459   0.523  -0.446   0
   1.57761848   2.026   1.458   0.522  -0.446   0
   1.57894063   2.020   1.449   0.513  -0.456   0
   1.58057642   2.012   1.438   0.500  -0.471   0
   1.58250070   1.991   1.417   0.479  -0.492   0
   1.58430696   1.982   1.399   0.456  -0.518   0
   1.58688033   1.967   1.367   0.415  -0.567   0
   1.58743119   1.963   1.354   0.398  -0.589   0
   1.58827257   1.948   1.327   0.365  -0.627   0
   1.58971179   1.897   1.244   0.266  -0.740   0
   1.59009898   1.872   1.191   0.198  -0.820   0
   1.59032297   1.832   1.101   0.082  -0.958   0
   1.59038699   1.796   1.024  -0.017  -1.074   0
   1.59042978   1.746   0.908  -0.165  -1.251   0
   1.59045434   1.701   0.797  -0.307  -1.421   0
   1.59047651   1.670   0.698  -0.437  -1.580   0
   1.59050310   1.638   0.599  -0.566  -1.736   0
   1.59053218   1.623   0.552  -0.628  -1.810   0
   1.59065998   1.655   0.660  -0.485  -1.637   0
   1.59083951   1.667   0.698  -0.435  -1.577   1
   1.59139943   1.627   0.566  -0.609  -1.787   0
   1.59160411   1.601   0.475  -0.729  -1.934   0
   1.59179103   1.575   0.376  -0.859  -2.095   0
   1.59195137   1.555   0.279  -0.989  -2.257   0
   1.59208381   1.541   0.183  -1.119  -2.420   0
   1.59223497   1.536   0.062  -1.287  -2.633   0
   1.59230900   1.545  -0.020  -1.407  -2.794   0
   1.59238207   1.561  -0.098  -1.522  -2.950   0
   1.59243369   1.568  -0.175  -1.634  -3.097   0
   1.59247327   1.581  -0.242  -1.733  -3.228   0
   1.59250593   1.616  -0.254  -1.780  -3.339   0
   1.59254217   1.568  -0.292  -1.839  -3.460   0
   1.59257913   1.539  -0.291  -1.860  -3.565   0
   1.59261417   1.490  -0.308  -1.894  -3.671   0
   1.59266162   1.414  -0.345  -1.946  -3.792   0
   1.59268117   1.331  -0.359  -1.970  -3.924   0
   1.59268510   1.302  -0.366  -1.979  -3.965   3
   1.59269071   1.290  -0.361  -1.974  -3.987   0
   1.59269631   1.278  -0.356  -1.969  -4.009   0
   1.59270203   1.266  -0.350  -1.964  -4.031   0
   1.59270656   1.256  -0.346  -1.960  -4.048   0
   1.59271216   1.242  -0.341  -1.955  -4.070   0
   1.59271777   1.229  -0.336  -1.950  -4.092   0
   1.59272337   1.216  -0.331  -1.945  -4.113   0
   1.59272885   1.202  -0.327  -1.940  -4.135   0
   1.59273422   1.187  -0.322  -1.935  -4.157   0
   1.59273863   1.176  -0.318  -1.931  -4.174   0
   1.59274411   1.161  -0.314  -1.926  -4.196   0
   1.59274960   1.146  -0.309  -1.921  -4.217   0
   1.59275508   1.131  -0.305  -1.916  -4.239   0
   1.59276044   1.115  -0.301  -1.911  -4.261   0
   1.59276593   1.099  -0.297  -1.906  -4.282   0
   1.59277141   1.084  -0.293  -1.902  -4.302   0
   1.59277689   1.071  -0.290  -1.898  -4.319   0
   1.59278131   1.074  -0.272  -1.878  -4.325   0
   1.59278667   1.080  -0.249  -1.852  -4.330   0
   1.59279215   1.085  -0.226  -1.826  -4.336   0
   1.59279764   1.091  -0.202  -1.801  -4.342   0
   1.59280312   1.096  -0.179  -1.775  -4.348   0
   1.59280753   1.100  -0.160  -1.754  -4.353   0
   1.59281182   1.105  -0.142  -1.734  -4.357   0
   1.59281623   1.109  -0.123  -1.713  -4.362   0
   1.59282172   1.115  -0.100  -1.687  -4.368   0
   1.59283102   1.122  -0.075  -1.660  -4.372   0
   1.59284604   1.129  -0.046  -1.628  -4.378   0
   1.59286094   1.136  -0.017  -1.596  -4.385   0
   1.59287584   1.143   0.012  -1.564  -4.392   0
   1.59289062   1.151   0.041  -1.532  -4.399   0
   1.59290528   1.158   0.070  -1.500  -4.405   0
   1.59291983   1.165   0.099  -1.468  -4.412   0
   1.59293425   1.172   0.129  -1.436  -4.419   0
   1.59294868   1.180   0.158  -1.403  -4.425   0
   1.59296286   1.187   0.188  -1.371  -4.432   0
   1.59297705   1.195   0.217  -1.338  -4.438   0
   1.59299099   1.202   0.247  -1.305  -4.445   0
   1.59300494   1.210   0.277  -1.273  -4.451   0
   1.59301877   1.223   0.313  -1.235  -4.452   0
   1.59303248   1.238   0.353  -1.194  -4.451   1
   1.59304619   1.254   0.394  -1.154  -4.449   0
   1.59305966   1.270   0.434  -1.113  -4.447   0
   1.59307313   1.287   0.475  -1.072  -4.445   0
   1.59308648   1.303   0.516  -1.030  -4.443   0
   1.59309971   1.319   0.557  -0.989  -4.441   0
   1.59311283   1.336   0.598  -0.947  -4.439   0
   1.59312582   1.353   0.640  -0.905  -4.437   0
   1.59313869   1.370   0.683  -0.862  -4.434   0
   1.59315026   1.388   0.724  -0.820  -4.430   0
   1.59316051   1.410   0.771  -0.773  -4.422   2
   1.59316802   1.443   0.831  -0.713  -4.404   0
   1.59316969   1.473   0.877  -0.667  -4.385   0
   1.59317040   1.503   0.923  -0.621  -4.365   0
   1.59317124   1.536   0.974  -0.570  -4.342   0
   1.59317195   1.573   1.031  -0.512  -4.316   0
   1.59317231   1.596   1.066  -0.477  -4.300   0
