   0.15000001  15.663  14.049  12.440  10.267   0
   0.20000000  14.479  13.033  11.517   9.567   0
   0.25000000  13.764  12.409  10.939   9.107   0
   0.30000001  13.185  11.896  10.470   8.723   0
   0.34999999  12.695  11.461  10.073   8.397   0
   0.40000001  12.189  10.995   9.640   8.027   0
   0.44999999  11.737  10.578   9.264   7.717   0
   0.50000000  11.253  10.123   8.857   7.379   0
   0.55000001  10.712   9.627   8.419   7.022   0
   0.60000002  10.165   9.147   8.000   6.685   0
   0.69999999   8.809   8.052   7.062   5.959   0
   0.80000001   7.349   6.973   6.154   5.266   0
   0.89999998   6.220   6.109   5.436   4.688   0
   1.00000000   5.404   5.421   4.853   4.195   0
   1.10000002   4.688   4.768   4.294   3.720   0
   1.20000005   4.128   4.220   3.820   3.322   0
   1.29999995   3.657   3.727   3.394   2.980   0
   1.39999998   3.257   3.281   3.020   2.714   0
   1.50000000   2.902   2.879   2.690   2.494   0
   1.60000002   2.594   2.549   2.426   2.318   0
   1.70000005   2.311   2.278   2.207   2.159   0
   1.79999995   2.063   2.063   2.028   2.019   0
   1.85000002   1.920   1.946   1.927   1.931   0
   1.89999998   1.830   1.876   1.870   1.887   0
   2.00000000   1.616   1.709   1.724   1.757   0
   2.20000005   1.234   1.414   1.460   1.517   0
   2.22355890   1.192   1.382   1.430   1.490   0
   2.50000000   0.737   1.030   1.106   1.186   0
   3.00000000   0.064   0.493   0.596   0.701   0
   3.05462956  -0.001   0.440   0.546   0.653   0
   3.50000000  -0.497   0.029   0.152   0.277   0
   3.62917161  -0.627  -0.081   0.047   0.176   0
   4.00000000  -0.983  -0.387  -0.247  -0.107   0
   4.08680868  -1.064  -0.457  -0.314  -0.172   0
   4.44410133  -1.403  -0.760  -0.608  -0.457   0
   4.50000000  -1.457  -0.809  -0.655  -0.503   0
   4.75195456  -1.699  -1.032  -0.873  -0.716   0
   4.99697113  -1.945  -1.264  -1.101  -0.941   1
   5.00000000  -1.948  -1.267  -1.104  -0.944   0
   5.00570679  -1.954  -1.272  -1.109  -0.949   0
   5.21555185  -2.176  -1.486  -1.321  -1.159   0
   5.39437056  -2.381  -1.689  -1.522  -1.362   1
   5.54695272  -2.572  -1.883  -1.717  -1.558   0
   5.67738104  -2.753  -2.071  -1.907  -1.752   0
   5.78950405  -2.927  -2.257  -2.096  -1.946   0
   5.88555574  -3.092  -2.439  -2.281  -2.138   0
   5.92819738  -3.171  -2.526  -2.370  -2.230   0
   5.96749783  -3.245  -2.608  -2.453  -2.316   0
   5.99130440  -3.289  -2.652  -2.497  -2.361   0
   6.00000000  -3.302  -2.663  -2.508  -2.371   0
   6.00791454  -3.313  -2.672  -2.517  -2.379   0
   6.02142906  -3.323  -2.669  -2.511  -2.369   0
   6.03048849  -3.313  -2.629  -2.464  -2.312   0
   6.03303242  -3.307  -2.598  -2.427  -2.268   0
   6.03456450  -3.321  -2.581  -2.402  -2.233   0
   6.03462934  -3.317  -2.578  -2.399  -2.230   0
   6.03507996  -3.270  -2.558  -2.386  -2.226   4
   6.03544712  -3.314  -2.635  -2.470  -2.320   0
   6.03576803  -3.406  -2.753  -2.595  -2.454   0
   6.03613901  -3.515  -2.890  -2.739  -2.609   0
   6.03655624  -3.619  -3.027  -2.884  -2.766   0
   6.03701878  -3.714  -3.162  -3.028  -2.923   0
   6.03752327  -3.802  -3.298  -3.173  -3.083   0
   6.03788137  -3.858  -3.390  -3.273  -3.193   0
   6.03824806  -3.908  -3.485  -3.376  -3.309   0
   6.03843975  -3.932  -3.533  -3.429  -3.369   0
   6.03882027  -3.970  -3.629  -3.536  -3.490   0
   6.03921270  -3.999  -3.729  -3.649  -3.619   0
   6.03960943  -4.012  -3.833  -3.767  -3.756   0
   6.04000568  -3.999  -3.935  -3.888  -3.902   0
   6.04020834  -3.975  -3.977  -3.946  -3.979   0
   6.04041100  -3.933  -4.004  -3.997  -4.057   0
   6.04060888  -3.868  -4.009  -4.038  -4.137   0
   6.04081106  -3.775  -3.975  -4.056  -4.217   3
   6.04101324  -3.649  -3.881  -4.043  -4.296   0
   6.04121113  -3.489  -3.717  -3.999  -4.376   0
   6.04141331  -3.267  -3.488  -3.915  -4.443   0
   6.04161167  -2.854  -3.150  -3.778  -4.485   0
   6.04180956  -2.221  -2.727  -3.580  -4.460   0
   6.04198265  -1.837  -2.474  -3.425  -4.382   0
   6.04215145  -1.446  -2.226  -3.259  -4.283   0
   6.04226303  -1.277  -2.129  -3.202  -4.259   4
   6.04244852  -1.094  -2.089  -3.230  -4.348   0
   6.04255629  -1.028  -2.128  -3.317  -4.478   0
   6.04267597  -0.993  -2.194  -3.429  -4.629   0
   6.04282856  -0.956  -2.250  -3.524  -4.762   0
   6.04318380  -0.905  -2.297  -3.611  -4.888   0
   6.04381466  -0.870  -2.353  -3.702  -5.014   0
   6.04452801  -0.860  -2.425  -3.808  -5.150   0
   6.04528236  -0.848  -2.494  -3.910  -5.284   0
   6.04773235  -0.842  -2.546  -3.985  -5.383   2
   6.06673241  -0.883  -2.498  -3.902  -5.263   0
   6.08009720  -0.904  -2.433  -3.802  -5.129   0
   6.09098434  -0.934  -2.376  -3.709  -5.004   0
   6.10187340  -0.985  -2.335  -3.631  -4.889   0
   6.11627626  -1.067  -2.313  -3.567  -4.783   0
   6.13701200  -1.223  -2.359  -3.564  -4.733   4
   6.14884043  -1.653  -2.627  -3.757  -4.854   0
   6.15161276  -2.150  -2.931  -3.955  -4.964   0
   6.15365696  -2.707  -3.255  -4.124  -5.013   0
   6.15498924  -3.061  -3.474  -4.219  -5.015   0
   6.15630054  -3.344  -3.665  -4.294  -4.998   0
   6.15768194  -3.547  -3.818  -4.351  -4.977   0
   6.15904236  -3.676  -3.931  -4.393  -4.952   0
   6.16106462  -3.828  -4.071  -4.443  -4.914   0
   6.16308260  -3.941  -4.184  -4.480  -4.876   0
   6.16510773  -4.032  -4.280  -4.507  -4.835   0
   6.16710043  -4.111  -4.355  -4.526  -4.795   0
   6.16973734  -4.202  -4.434  -4.541  -4.744   0
   6.17236185  -4.280  -4.477  -4.542  -4.694   3
   6.17555141  -4.354  -4.500  -4.529  -4.638   0
   6.17871666  -4.413  -4.508  -4.510  -4.586   0
   6.18299198  -4.460  -4.490  -4.473  -4.526   0
   6.18990326  -4.499  -4.466  -4.433  -4.468   0
   6.19617128  -4.516  -4.465  -4.429  -4.460   0
   6.21149397  -4.525  -4.528  -4.502  -4.546   0
   6.22801638  -4.518  -4.582  -4.576  -4.643   0
   6.23805380  -4.494  -4.614  -4.628  -4.721   0
   6.24500036  -4.454  -4.624  -4.664  -4.789   0
   6.24992704  -4.404  -4.609  -4.684  -4.848   0
   6.25395203  -4.343  -4.581  -4.696  -4.908   0
   6.25879765  -4.268  -4.515  -4.693  -4.971   0
   6.26068449  -4.194  -4.445  -4.681  -5.018   0
   6.26505470  -4.088  -4.338  -4.661  -5.085   0
   6.26756382  -3.952  -4.206  -4.623  -5.138   0
   6.27014589  -3.738  -4.020  -4.557  -5.186   0
   6.27290010  -3.456  -3.813  -4.487  -5.227   0
   6.27375269  -3.080  -3.568  -4.386  -5.235   0
   6.27470732  -2.582  -3.277  -4.248  -5.214   0
   6.27613640  -2.029  -2.956  -4.061  -5.132   0
   6.27701807  -1.629  -2.712  -3.890  -5.029   0
   6.27887201  -1.246  -2.536  -3.807  -5.035   4
   6.27958965  -1.140  -2.517  -3.824  -5.088   0
   6.27994490  -1.083  -2.545  -3.887  -5.185   0
   6.28132010  -1.015  -2.588  -3.975  -5.315   0
   6.28180075  -0.985  -2.648  -4.071  -5.448   0
   6.28252459  -0.953  -2.713  -4.174  -5.590   0
   6.28340673  -0.929  -2.777  -4.273  -5.725   0
   6.28446627  -0.897  -2.838  -4.371  -5.859   0
   6.28564644  -0.850  -2.894  -4.469  -5.997   0
   6.28670073  -0.895  -2.921  -4.518  -6.120   0
   6.28744507  -0.952  -2.931  -4.542  -6.217   0
   6.28812981  -1.026  -2.953  -4.575  -6.319   2
   6.28856087  -1.030  -2.999  -4.618  -6.318   0
