   0.15000001  15.664  14.049  12.441  10.267   0
   0.20000000  14.480  13.033  11.517   9.567   0
   0.25000000  13.765  12.410  10.940   9.107   0
   0.30000001  13.186  11.897  10.470   8.724   0
   0.34999999  12.696  11.461  10.074   8.398   0
   0.40000001  12.190  10.996   9.641   8.028   0
   0.44999999  11.738  10.579   9.265   7.718   0
   0.50000000  11.254  10.124   8.858   7.380   0
   0.55000001  10.714   9.628   8.420   7.023   0
   0.60000002  10.167   9.149   8.001   6.686   0
   0.69999999   8.813   8.055   7.065   5.961   0
   0.80000001   7.356   6.978   6.159   5.270   0
   0.89999998   6.228   6.116   5.442   4.693   0
   1.00000000   5.415   5.432   4.862   4.203   0
   1.10000002   4.700   4.780   4.306   3.731   0
   1.20000005   4.143   4.235   3.834   3.336   0
   1.29999995   3.671   3.742   3.409   2.994   0
   1.39999998   3.272   3.297   3.036   2.730   0
   1.50000000   2.920   2.898   2.708   2.511   0
   1.60000002   2.616   2.572   2.450   2.342   0
   1.70000005   2.334   2.304   2.233   2.186   0
   1.79999995   2.093   2.096   2.062   2.054   0
   1.85000002   1.913   1.944   1.928   1.935   0
   1.89999998   1.854   1.908   1.905   1.927   0
   2.00000000   1.644   1.748   1.766   1.804   0
   2.20000005   1.274   1.474   1.524   1.587   0
   2.50000000   0.808   1.129   1.209   1.295   0
   3.00000000   0.190   0.656   0.765   0.879   0
   3.50000000  -0.293   0.272   0.402   0.537   0
   4.00000000  -0.689  -0.053   0.094   0.247   0
   4.50000000  -1.026  -0.334  -0.173  -0.005   0
   5.00000000  -1.329  -0.590  -0.416  -0.236   0
   6.00000000  -1.867  -1.055  -0.862  -0.660   0
   6.38555098  -2.051  -1.216  -1.016  -0.808   0
   7.00000000  -2.326  -1.454  -1.245  -1.026   0
   9.00000000  -3.104  -2.144  -1.912  -1.667   0
  11.82902431  -3.970  -2.928  -2.673  -2.401   0
  12.00000000  -4.020  -2.974  -2.718  -2.445   0
  15.00000000  -4.795  -3.695  -3.423  -3.132   0
  15.19867706  -4.840  -3.737  -3.463  -3.173   0
  18.19065094  -5.504  -4.377  -4.100  -3.806   1
  20.00000000  -5.912  -4.782  -4.507  -4.216   0
  20.22881508  -5.954  -4.824  -4.549  -4.259   0
  22.68951607  -6.487  -5.366  -5.101  -4.824   0
  24.69863319  -6.969  -5.903  -5.655  -5.400   0
  25.56120300  -7.269  -6.222  -5.992  -5.760   0
  26.10517311  -7.432  -6.415  -6.192  -5.972   0
  26.17845345  -7.434  -6.407  -6.183  -5.960   0
  26.29461861  -7.407  -6.345  -6.113  -5.879   0
  26.30967903  -7.359  -6.288  -6.045  -5.798   0
  26.31319809  -7.338  -6.266  -6.019  -5.767   1
  26.31691170  -7.357  -6.287  -6.044  -5.797   0
  26.31841087  -7.388  -6.317  -6.079  -5.836   0
  26.32105255  -7.467  -6.402  -6.170  -5.936   0
  26.32331657  -7.525  -6.483  -6.255  -6.029   0
  26.32540894  -7.582  -6.569  -6.347  -6.127   0
  26.32740211  -7.640  -6.658  -6.442  -6.229   0
  26.32918549  -7.696  -6.747  -6.536  -6.331   0
  26.33069611  -7.750  -6.832  -6.627  -6.429   0
  26.33227348  -7.833  -6.933  -6.738  -6.554   0
  26.33385468  -7.956  -7.049  -6.872  -6.710   0
  26.33515930  -8.015  -7.150  -6.978  -6.826   0
  26.33649826  -8.078  -7.263  -7.097  -6.956   0
  26.33780289  -8.145  -7.382  -7.226  -7.097   0
  26.33886719  -8.207  -7.490  -7.342  -7.226   0
  26.33996582  -8.294  -7.596  -7.466  -7.372   0
  26.34110069  -8.377  -7.717  -7.603  -7.531   0
  26.34233665  -8.430  -7.886  -7.774  -7.709   0
  26.34322929  -8.480  -8.005  -7.902  -7.849   0
  26.34429550  -8.539  -8.140  -8.053  -8.021   0
  26.34498215  -8.581  -8.224  -8.151  -8.139   0
  26.34577179  -8.615  -8.319  -8.262  -8.271   0
  26.34666443  -8.621  -8.432  -8.388  -8.415   0
  26.34783363  -8.631  -8.526  -8.529  -8.614   0
  26.34972382  -8.493  -8.629  -8.698  -8.866   3
  26.35336685  -7.762  -8.154  -8.641  -9.214   0
  26.35481071  -7.322  -7.831  -8.527  -9.267   0
  26.35584068  -6.929  -7.572  -8.421  -9.274   0
  26.35687256  -6.519  -7.327  -8.311  -9.262   0
  26.35787010  -6.227  -7.168  -8.244  -9.262   0
  26.39714432  -5.808  -7.001  -8.224  -9.350   0
  26.45427322  -5.930  -7.094  -8.301  -9.414   0
  26.52067184  -6.050  -7.188  -8.379  -9.478   0
  26.65500069  -6.282  -7.336  -8.474  -9.533   3
  26.70625877  -6.391  -7.344  -8.422  -9.439   0
  26.82469559  -6.672  -7.488  -8.466  -9.410   0
  26.83622932  -8.017  -8.378  -8.753  -9.234   3
  26.86700821  -8.704  -8.577  -8.554  -8.605   0
  26.87062836  -8.717  -8.583  -8.548  -8.586   0
  26.87423134  -8.750  -8.542  -8.496  -8.520   0
  26.87603188  -8.753  -8.458  -8.401  -8.411   0
  26.87693214  -8.737  -8.397  -8.332  -8.331   0
  26.87755013  -8.719  -8.364  -8.292  -8.282   0
  26.87834167  -8.698  -8.327  -8.247  -8.226   0
  26.87977600  -8.668  -8.259  -8.170  -8.135   0
  26.88201714  -8.632  -8.175  -8.077  -8.029   0
  26.88503265  -8.593  -8.098  -7.991  -7.933   0
  26.88856697  -8.570  -8.047  -7.936  -7.873   0
  26.89207268  -8.559  -8.018  -7.906  -7.841   0
  26.89903259  -8.550  -7.993  -7.880  -7.814   0
  26.91657448  -8.548  -7.983  -7.871  -7.804   4
  27.04383659  -8.595  -8.095  -7.986  -7.927   0
  27.30834770  -8.767  -8.643  -8.623  -8.679   0
  27.40080070  -8.597  -8.757  -8.851  -9.040   3
  27.48058701  -8.335  -8.631  -8.848  -9.187   0
  27.53753662  -8.180  -8.519  -8.824  -9.245   0
  27.58333969  -8.074  -8.437  -8.808  -9.286   0
  27.61946106  -7.997  -8.377  -8.796  -9.313   0
  27.64749718  -7.936  -8.331  -8.787  -9.333   0
  27.67135620  -7.879  -8.288  -8.778  -9.351   0
  27.69118309  -7.825  -8.249  -8.770  -9.368   0
  27.71022415  -7.759  -8.203  -8.759  -9.384   0
  27.72553444  -7.695  -8.159  -8.746  -9.396   0
  27.73756409  -7.639  -8.120  -8.735  -9.407   0
  27.74840355  -7.588  -8.085  -8.725  -9.416   0
  27.75877571  -7.537  -8.050  -8.715  -9.426   0
  27.77253723  -7.458  -7.997  -8.699  -9.438   0
  27.78230667  -7.379  -7.947  -8.682  -9.445   0
  27.79189682  -7.289  -7.891  -8.663  -9.454   0
  27.80130577  -7.173  -7.818  -8.638  -9.465   0
  27.80782509  -7.075  -7.756  -8.616  -9.472   0
  27.81108284  -6.998  -7.711  -8.598  -9.474   0
  27.81436157  -6.909  -7.659  -8.576  -9.474   0
  27.81676674  -6.817  -7.605  -8.553  -9.474   0
  27.81982803  -6.680  -7.523  -8.516  -9.469   0
  27.82114029  -6.611  -7.481  -8.496  -9.465   0
  27.82266998  -6.539  -7.436  -8.473  -9.458   0
  27.82419968  -6.464  -7.390  -8.448  -9.448   0
  27.83163071  -6.394  -7.361  -8.443  -9.461   0
  27.85544395  -6.384  -7.372  -8.467  -9.494   0
  28.20755577  -6.547  -7.530  -8.621  -9.644   0
  28.22658348  -6.565  -7.553  -8.648  -9.675   2
  28.26473808  -6.651  -7.631  -8.721  -9.743   0
  28.28024673  -7.048  -7.927  -8.945  -9.914   0
