   0.15000001  15.635  14.026  12.420  10.253   0
   0.20000000  14.444  13.002  11.488   9.543   0
   0.25000000  13.723  12.372  10.904   9.076   0
   0.30000001  13.141  11.855  10.432   8.689   0
   0.34999999  12.657  11.424  10.038   8.365   0
   0.40000001  12.143  10.951   9.599   7.991   0
   0.44999999  11.684  10.525   9.213   7.671   0
   0.50000000  11.189  10.059   8.797   7.326   0
   0.55000001  10.621   9.542   8.343   6.957   0
   0.60000002  10.039   9.036   7.902   6.605   0
   0.69999999   8.532   7.839   6.878   5.814   0
   0.74075884   7.832   7.321   6.439   5.481   0
   0.80000001   6.918   6.642   5.871   5.033   0
   0.83399618   6.472   6.294   5.579   4.793   0
   0.86573154   6.085   5.983   5.317   4.574   0
   0.89133054   5.797   5.743   5.113   4.402   0
   0.89999998   5.702   5.663   5.046   4.344   0
   0.92416286   5.443   5.440   4.851   4.175   0
   0.94621933   5.229   5.243   4.678   4.022   0
   0.96502912   5.050   5.077   4.531   3.891   0
   0.98131937   4.899   4.935   4.404   3.777   0
   0.99555916   4.769   4.813   4.294   3.678   0
   1.00000000   4.730   4.775   4.260   3.647   0
   1.00918806   4.640   4.689   4.182   3.576   0
   1.01687598   4.564   4.616   4.116   3.516   0
   1.02065229   4.530   4.583   4.086   3.488   0
   1.03287673   4.424   4.481   3.991   3.400   0
   1.04568434   4.334   4.390   3.903   3.314   1
   1.05839658   4.259   4.310   3.822   3.232   0
   1.06400406   4.226   4.276   3.786   3.195   0
   1.06933796   4.186   4.234   3.745   3.154   0
   1.07082283   4.172   4.220   3.732   3.141   0
   1.07513428   4.094   4.145   3.666   3.083   0
   1.07702553   4.033   4.084   3.613   3.038   0
   1.07854891   3.960   4.011   3.547   2.981   0
   1.07885528   3.945   3.995   3.533   2.967   0
   1.07955134   3.934   3.984   3.521   2.956   0
   1.10000002   3.784   3.827   3.356   2.781   0
   1.10305524   3.761   3.802   3.330   2.754   0
   1.12404406   3.609   3.627   3.129   2.529   0
   1.13695037   3.598   3.579   3.030   2.384   3
   1.14361334   3.805   3.712   3.084   2.368   0
   1.14707184   4.052   3.882   3.185   2.412   0
   1.15002942   4.305   4.043   3.282   2.454   0
   1.15088403   4.377   4.087   3.307   2.462   4
   1.15524447   4.487   4.096   3.258   2.359   0
   1.15834093   4.411   3.982   3.122   2.204   0
   1.16088569   4.301   3.851   2.978   2.048   0
   1.16308784   4.186   3.715   2.830   1.891   0
   1.16493475   4.075   3.586   2.690   1.742   0
   1.16661727   3.954   3.448   2.543   1.588   0
   1.16816437   3.843   3.317   2.402   1.438   0
   1.16952717   3.729   3.184   2.259   1.285   0
   1.17068529   3.626   3.058   2.122   1.138   0
   1.17174745   3.516   2.928   1.980   0.986   0
   1.17266750   3.416   2.803   1.843   0.838   0
   1.17350161   3.318   2.678   1.705   0.689   0
   1.17422843   3.219   2.554   1.567   0.540   0
   1.17489731   3.121   2.429   1.428   0.389   0
   1.17544246   3.025   2.311   1.299   0.251   0
   1.17599475   2.929   2.189   1.163   0.105   0
   1.17653096   2.862   2.089   1.048  -0.026   0
   1.17695260   2.826   2.037   0.988  -0.092   0
   1.17742670   2.880   2.134   1.105   0.045   0
   1.17751813   2.890   2.150   1.124   0.066   1
   1.17793739   2.816   2.036   0.991  -0.084   0
   1.17834914   2.746   1.927   0.864  -0.229   0
   1.17877424   2.666   1.804   0.721  -0.390   0
   1.17913330   2.602   1.695   0.591  -0.539   0
   1.17944288   2.535   1.589   0.466  -0.680   0
   1.17975581   2.468   1.473   0.328  -0.838   0
   1.18002224   2.408   1.361   0.192  -0.995   0
   1.18025124   2.356   1.258   0.066  -1.143   0
   1.18047500   2.313   1.154  -0.064  -1.300   0
   1.18066788   2.271   1.052  -0.192  -1.452   0
   1.18083119   2.236   0.952  -0.319  -1.606   0
   1.18097210   2.206   0.860  -0.437  -1.748   0
   1.18109500   2.168   0.768  -0.551  -1.883   0
   1.18121481   2.160   0.687  -0.664  -2.028   0
   1.18131781   2.143   0.602  -0.776  -2.170   0
   1.18140733   2.145   0.532  -0.876  -2.300   0
   1.18149340   2.144   0.453  -0.987  -2.444   0
   1.18156779   2.084   0.343  -1.116  -2.590   0
   1.18163204   2.105   0.282  -1.210  -2.718   0
   1.18169808   2.078   0.238  -1.281  -2.846   0
   1.18175077   2.066   0.247  -1.301  -2.960   0
   1.18179977   2.021   0.220  -1.347  -3.072   0
   1.18183923   1.980   0.207  -1.377  -3.169   0
   1.18188035   1.914   0.174  -1.424  -3.282   0
   1.18191612   1.850   0.161  -1.447  -3.388   0
   1.18195009   1.789   0.161  -1.449  -3.489   3
   1.18197918   1.744   0.187  -1.425  -3.571   0
   1.18200886   1.709   0.247  -1.364  -3.648   0
   1.18203485   1.651   0.270  -1.338  -3.733   0
   1.18205786   1.646   0.339  -1.262  -3.777   0
   1.18205786   2.417   1.785   0.817  -0.182   0
   1.18227053   2.393   1.738   0.757  -0.252   0
   1.18257463   2.379   1.713   0.727  -0.287   0
   1.18291497   2.397   1.725   0.736  -0.280   2
   1.18328547   2.379   1.719   0.736  -0.274   0
   1.18366802   2.359   1.710   0.734  -0.271   0
   1.18405640   2.354   1.709   0.735  -0.268   0
   1.18444884   2.348   1.707   0.735  -0.266   0
   1.18486249   2.342   1.705   0.734  -0.266   0
   1.18527091   2.335   1.701   0.732  -0.266   0
   1.18567920   2.328   1.696   0.728  -0.268   0
   1.18607819   2.321   1.691   0.724  -0.272   0
   1.18648183   2.314   1.684   0.717  -0.278   0
   1.18654990   2.313   1.683   0.716  -0.279   0
   1.18687463   2.307   1.676   0.709  -0.287   0
   1.18727851   2.299   1.666   0.698  -0.299   0
   1.18769348   2.290   1.652   0.682  -0.317   0
   1.18825018   2.273   1.626   0.651  -0.351   0
   1.18861234   2.256   1.600   0.620  -0.387   0
   1.18882692   2.247   1.582   0.597  -0.413   0
   1.18911374   2.236   1.558   0.566  -0.450   0
   1.18985510   2.193   1.451   0.426  -0.617   0
   1.18992209   2.171   1.395   0.351  -0.708   0
   1.18997240   2.138   1.301   0.229  -0.856   0
   1.18998730   2.114   1.229   0.135  -0.972   0
   1.18999898   2.080   1.096  -0.044  -1.193   0
   1.19000375   2.060   1.011  -0.158  -1.333   0
   1.19000959   2.041   0.915  -0.289  -1.495   0
   1.19001842   2.016   0.822  -0.410  -1.646   0
   1.19002092   2.018   0.815  -0.421  -1.660   0
   1.19004428   2.035   0.897  -0.311  -1.523   0
   1.19008601   2.040   0.933  -0.263  -1.461   1
   1.19020057   2.016   0.840  -0.385  -1.613   0
   1.19025576   2.000   0.757  -0.497  -1.753   0
   1.19029379   1.993   0.682  -0.600  -1.885   0
   1.19033432   1.987   0.591  -0.726  -2.045   0
   1.19037163   1.990   0.505  -0.848  -2.203   0
   1.19040406   2.003   0.430  -0.961  -2.354   0
   1.19043195   2.013   0.361  -1.061  -2.489   0
   1.19045508   2.025   0.284  -1.175  -2.640   0
   1.19047344   2.054   0.212  -1.288  -2.795   0
   1.19048643   2.051   0.195  -1.338  -2.925   0
   1.19049680   2.030   0.197  -1.359  -3.030   0
   1.19050682   1.982   0.175  -1.400  -3.142   0
   1.19051671   1.919   0.152  -1.442  -3.264   0
   1.19052684   1.842   0.123  -1.485  -3.385   3
   1.19053781   1.788   0.145  -1.467  -3.486   0
   1.19054902   1.750   0.207  -1.405  -3.575   0
   1.19055510   1.726   0.303  -1.307  -3.645   0
   1.19055617   1.713   0.320  -1.289  -3.667   0
   1.19055796   1.696   0.325  -1.284  -3.691   0
   1.19055986   1.690   0.342  -1.264  -3.707   0
   1.19056165   1.698   0.374  -1.229  -3.715   0
   1.19056356   1.705   0.405  -1.194  -3.723   0
   1.19056535   1.712   0.437  -1.160  -3.731   0
   1.19056726   1.720   0.468  -1.125  -3.739   0
   1.19056904   1.727   0.500  -1.090  -3.747   0
   1.19057095   1.735   0.531  -1.055  -3.755   0
   1.19057274   1.742   0.562  -1.020  -3.763   0
   1.19057453   1.749   0.594  -0.986  -3.771   0
   1.19057608   1.755   0.620  -0.957  -3.777   0
   1.19057786   1.763   0.651  -0.923  -3.785   0
   1.19057965   1.770   0.683  -0.888  -3.793   0
   1.19058156   1.778   0.714  -0.853  -3.801   0
   1.19058335   1.785   0.746  -0.817  -3.808   0
   1.19058526   1.793   0.778  -0.782  -3.816   0
   1.19058704   1.800   0.810  -0.747  -3.824   0
   1.19058895   1.808   0.842  -0.712  -3.832   0
   1.19059074   1.816   0.874  -0.676  -3.840   0
   1.19059253   1.826   0.909  -0.638  -3.845   1
   1.19059443   1.843   0.953  -0.595  -3.844   0
   1.19059587   1.856   0.987  -0.560  -3.843   0
   1.19059777   1.873   1.031  -0.516  -3.842   0
   1.19059956   1.889   1.074  -0.472  -3.840   0
   1.19060147   1.903   1.109  -0.438  -3.839   0
   1.19060326   1.915   1.138  -0.408  -3.838   0
   1.19060504   1.925   1.165  -0.381  -3.837   0
   1.19060695   1.936   1.192  -0.354  -3.836   0
   1.19060874   1.946   1.219  -0.327  -3.834   0
   1.19061208   1.963   1.258  -0.287  -3.832   0
   1.19061577   1.980   1.301  -0.244  -3.829   0
   1.19061947   1.997   1.344  -0.201  -3.827   0
   1.19062316   2.015   1.387  -0.157  -3.824   0
   1.19062686   2.033   1.431  -0.113  -3.821   0
   1.19063056   2.052   1.477  -0.066  -3.818   0
   1.19063413   2.073   1.527  -0.016  -3.813   0
   1.19063699   2.098   1.579   0.036  -3.804   0
   1.19063914   2.145   1.659   0.117  -3.777   1
   1.19063926   2.163   1.688   0.145  -3.764   0
   1.19063926   2.210   1.759   0.217  -3.732   0
