   0.15000001  15.584  13.983  12.383  10.228   0
   0.20000000  14.380  12.945  11.435   9.498   0
   0.25000000  13.649  12.304  10.839   9.020   0
   0.30000001  13.062  11.782  10.363   8.627   0
   0.34999999  12.585  11.355   9.972   8.305   0
   0.40000001  12.084  10.897   9.549   7.951   0
   0.44999999  11.614  10.458   9.153   7.621   0
   0.50000000  11.084   9.960   8.709   7.254   0
   0.55000001  10.461   9.401   8.219   6.858   0
   0.60000002   9.810   8.838   7.731   6.470   0
   0.61594212   9.522   8.608   7.536   6.321   0
   0.65989500   8.710   7.976   6.997   5.909   0
   0.69391298   8.096   7.511   6.596   5.595   0
   0.69999999   7.984   7.426   6.523   5.538   0
   0.70979059   7.782   7.276   6.395   5.438   0
   0.73461908   7.286   6.903   6.079   5.185   0
   0.75505769   6.885   6.596   5.818   4.973   0
   0.77232599   6.557   6.339   5.600   4.792   0
   0.78715575   6.276   6.114   5.407   4.629   0
   0.79995257   6.038   5.917   5.236   4.482   0
   0.80000001   6.038   5.916   5.236   4.481   0
   0.80070740   6.026   5.906   5.227   4.473   0
   0.81126356   5.842   5.744   5.083   4.345   0
   0.81698865   5.747   5.659   5.006   4.275   0
   0.82257193   5.648   5.570   4.926   4.202   0
   0.82881898   5.539   5.470   4.835   4.118   0
   0.83140814   5.495   5.430   4.798   4.083   0
   0.83478802   5.436   5.375   4.747   4.036   0
   0.83638239   5.410   5.350   4.723   4.013   0
   0.83817637   5.385   5.327   4.701   3.992   0
   0.86156350   5.014   4.957   4.338   3.633   0
   0.87190884   4.887   4.799   4.156   3.431   0
   0.87826037   4.900   4.753   4.064   3.298   0
   0.88201219   5.060   4.809   4.052   3.228   3
   0.88348699   5.167   4.853   4.056   3.196   0
   0.88553989   5.271   4.859   4.010   3.099   0
   0.88700449   5.242   4.779   3.901   2.963   0
   0.88822681   5.148   4.656   3.762   2.809   0
   0.88928789   5.027   4.514   3.608   2.645   0
   0.89016932   4.906   4.379   3.465   2.493   0
   0.89093918   4.786   4.245   3.325   2.348   0
   0.89161593   4.667   4.112   3.184   2.199   0
   0.89225721   4.542   3.971   3.036   2.045   0
   0.89281321   4.425   3.841   2.897   1.899   0
   0.89332193   4.305   3.704   2.752   1.747   0
   0.89377683   4.186   3.567   2.605   1.592   0
   0.89417255   4.074   3.436   2.464   1.443   0
   0.89452755   3.959   3.302   2.319   1.289   0
   0.89484710   3.850   3.168   2.173   1.134   0
   0.89511925   3.750   3.045   2.038   0.988   0
   0.89535862   3.648   2.921   1.902   0.843   0
   0.89559400   3.547   2.793   1.760   0.690   0
   0.89579916   3.467   2.683   1.637   0.554   0
   0.89602011   3.392   2.583   1.525   0.429   0
   0.89615035   3.357   2.538   1.475   0.375   2
   0.89636338   3.411   2.627   1.580   0.497   0
   0.89652580   3.322   2.506   1.444   0.346   0
   0.89670634   3.225   2.364   1.281   0.164   0
   0.89683729   3.166   2.265   1.164   0.030   0
   0.89697134   3.085   2.143   1.022  -0.129   0
   0.89708728   3.007   2.023   0.883  -0.285   0
   0.89718670   2.939   1.913   0.753  -0.431   0
   0.89727259   2.883   1.811   0.630  -0.575   0
   0.89736003   2.810   1.689   0.487  -0.739   0
   0.89743388   2.763   1.590   0.365  -0.882   0
   0.89749569   2.718   1.488   0.240  -1.030   0
   0.89755148   2.688   1.396   0.122  -1.174   0
   0.89759970   2.655   1.307   0.008  -1.310   0
   0.89764649   2.623   1.213  -0.112  -1.455   0
   0.89768714   2.582   1.113  -0.236  -1.604   0
   0.89772183   2.584   1.042  -0.338  -1.739   0
   0.89775509   2.569   0.953  -0.457  -1.889   0
   0.89778674   2.570   0.867  -0.578  -2.047   0
   0.89781237   2.566   0.791  -0.684  -2.182   0
   0.89783353   2.525   0.697  -0.798  -2.315   0
   0.89785308   2.490   0.668  -0.851  -2.436   0
   0.89787120   2.459   0.651  -0.894  -2.558   0
   0.89788783   2.427   0.645  -0.924  -2.670   0
   0.89790291   2.385   0.634  -0.953  -2.772   0
   0.89791650   2.304   0.592  -1.011  -2.905   0
   0.89792705   2.245   0.576  -1.031  -2.999   3
   0.89793915   2.188   0.600  -1.010  -3.107   0
   0.89794821   2.155   0.640  -0.970  -3.177   0
   0.89795727   2.115   0.692  -0.918  -3.254   0
   0.89796633   2.069   0.740  -0.864  -3.340   0
   0.89797384   2.109   0.885  -0.704  -3.367   0
   0.89798141   2.157   1.042  -0.532  -3.388   0
   0.89798743   2.184   1.146  -0.418  -3.410   0
   0.89799196   2.210   1.232  -0.323  -3.423   0
   0.89799196   2.501   1.933   1.000   0.036   0
   0.89805466   2.496   1.886   0.931  -0.052   0
   0.89814550   2.486   1.867   0.908  -0.078   0
   0.89815354   2.486   1.866   0.907  -0.079   2
   0.89823729   2.478   1.865   0.909  -0.074   0
   0.89833128   2.469   1.868   0.919  -0.059   0
   0.89842898   2.457   1.869   0.925  -0.047   0
   0.89852959   2.446   1.868   0.930  -0.037   0
   0.89863276   2.432   1.866   0.935  -0.026   0
   0.89874053   2.422   1.864   0.936  -0.021   0
   0.89884770   2.412   1.860   0.936  -0.017   0
   0.89895433   2.404   1.857   0.936  -0.015   0
   0.89906061   2.396   1.854   0.934  -0.015   0
   0.89913851   2.391   1.849   0.931  -0.018   0
   0.89916623   2.391   1.849   0.930  -0.020   0
   0.89927536   2.386   1.842   0.921  -0.029   0
   0.89938843   2.386   1.834   0.910  -0.044   0
   0.89950603   2.388   1.824   0.894  -0.066   0
   0.89962995   2.388   1.807   0.868  -0.098   0
   0.89980906   2.388   1.777   0.823  -0.158   0
   0.89985377   2.383   1.758   0.797  -0.190   0
   0.89991671   2.375   1.732   0.760  -0.235   0
   0.90001124   2.349   1.662   0.668  -0.346   0
   0.90004420   2.326   1.601   0.586  -0.445   0
   0.90006053   2.297   1.501   0.448  -0.613   0
   0.90006500   2.294   1.430   0.345  -0.746   0
   0.90006834   2.293   1.302   0.159  -0.986   0
   0.90006965   2.290   1.222   0.044  -1.133   0
   0.90007120   2.291   1.130  -0.088  -1.304   0
   0.90007305   2.294   1.038  -0.220  -1.477   0
   0.90007609   2.293   0.980  -0.302  -1.582   0
   0.90008318   2.279   1.055  -0.190  -1.432   0
   0.90009671   2.283   1.101  -0.126  -1.351   1
   0.90013480   2.289   1.012  -0.255  -1.520   0
   0.90015018   2.294   0.940  -0.360  -1.656   0
   0.90016431   2.304   0.861  -0.475  -1.806   0
   0.90017724   2.328   0.786  -0.591  -1.965   0
   0.90018797   2.340   0.707  -0.707  -2.119   0
   0.90019667   2.375   0.654  -0.796  -2.247   0
   0.90020329   2.403   0.596  -0.888  -2.376   0
   0.90020907   2.450   0.578  -0.950  -2.515   0
   0.90021336   2.401   0.544  -1.008  -2.647   0
   0.90021664   2.358   0.531  -1.043  -2.762   0
   0.90021980   2.317   0.541  -1.053  -2.868   0
   0.90022278   2.246   0.517  -1.091  -2.981   0
   0.90022558   2.188   0.524  -1.088  -3.080   0
   0.90022886   2.150   0.577  -1.036  -3.165   2
   0.90023226   2.137   0.686  -0.925  -3.225   0
   0.90023547   2.071   0.710  -0.897  -3.318   0
   0.90023619   2.121   0.681  -0.930  -3.245   0
   0.90023655   2.062   0.711  -0.896  -3.333   0
   0.90023679   2.095   0.833  -0.761  -3.357   0
   0.90023726   2.203   1.053  -0.526  -3.321   0
   0.90023780   2.210   1.082  -0.494  -3.328   0
   0.90023834   2.217   1.112  -0.461  -3.335   0
   0.90023893   2.224   1.141  -0.428  -3.342   0
   0.90023935   2.229   1.165  -0.402  -3.348   0
   0.90023988   2.237   1.194  -0.370  -3.355   0
   0.90024042   2.244   1.224  -0.337  -3.362   0
   0.90024102   2.251   1.254  -0.304  -3.369   0
   0.90024155   2.258   1.284  -0.271  -3.376   0
   0.90024209   2.266   1.313  -0.238  -3.383   0
   0.90024263   2.273   1.343  -0.205  -3.390   0
   0.90024310   2.284   1.374  -0.174  -3.391   1
   0.90024364   2.299   1.414  -0.134  -3.389   0
   0.90024418   2.315   1.454  -0.093  -3.388   0
   0.90024471   2.331   1.495  -0.052  -3.387   0
   0.90024525   2.347   1.536  -0.011  -3.385   0
   0.90024585   2.363   1.577   0.030  -3.384   0
   0.90024638   2.379   1.618   0.072  -3.382   0
   0.90024692   2.395   1.659   0.113  -3.381   0
   0.90024745   2.412   1.700   0.155  -3.379   0
   0.90024799   2.428   1.742   0.197  -3.377   0
   0.90024853   2.444   1.783   0.239  -3.375   0
   0.90024912   2.461   1.825   0.281  -3.373   0
   0.90024966   2.478   1.868   0.323  -3.371   2
   0.90025020   2.495   1.910   0.366  -3.369   0
   0.90025073   2.513   1.954   0.410  -3.366   0
   0.90025127   2.533   2.000   0.457  -3.361   0
   0.90025175   2.559   2.052   0.509  -3.350   0
   0.90025175   2.560   2.054   0.512  -3.350   0
