   0.15000001  15.613  14.008  12.404  10.242   0
   0.20000000  14.417  12.978  11.465   9.523   0
   0.25000000  13.691  12.343  10.876   9.052   0
   0.30000001  13.106  11.823  10.402   8.663   0
   0.34999999  12.626  11.394  10.010   8.340   0
   0.40000001  12.114  10.924   9.574   7.970   0
   0.44999999  11.654  10.496   9.187   7.649   0
   0.50000000  11.145  10.017   8.760   7.295   0
   0.55000001  10.553   9.482   8.290   6.915   0
   0.60000002   9.945   8.954   7.831   6.549   0
   0.62428308   9.545   8.630   7.555   6.338   0
   0.69337863   8.417   7.754   6.805   5.758   0
   0.69999999   8.312   7.674   6.736   5.704   0
   0.71106768   8.104   7.519   6.605   5.605   0
   0.75606591   7.302   6.923   6.101   5.211   0
   0.79062450   6.727   6.486   5.736   4.916   0
   0.80000001   6.577   6.370   5.639   4.837   0
   0.81673008   6.329   6.173   5.470   4.695   0
   0.83273852   6.100   5.985   5.310   4.559   0
   0.84524053   5.932   5.842   5.186   4.452   0
   0.85499775   5.803   5.732   5.091   4.369   0
   0.86475891   5.675   5.621   4.994   4.284   0
   0.87505299   5.542   5.504   4.891   4.194   0
   0.88658935   5.395   5.375   4.776   4.091   0
   0.89284599   5.318   5.306   4.714   4.035   0
   0.89894766   5.243   5.238   4.654   3.979   0
   0.89999998   5.231   5.227   4.643   3.970   0
   0.90167010   5.210   5.207   4.626   3.954   0
   0.91177410   5.086   5.089   4.517   3.854   0
   0.91411924   5.059   5.063   4.493   3.831   0
   0.92385733   4.964   4.969   4.403   3.745   0
   0.93162698   4.903   4.906   4.341   3.682   1
   0.93969142   4.839   4.840   4.273   3.613   0
   0.94113165   4.824   4.824   4.258   3.598   0
   0.94578964   4.739   4.743   4.183   3.529   0
   0.94786447   4.658   4.666   4.114   3.467   0
   0.94906271   4.592   4.602   4.056   3.414   0
   0.95037442   4.568   4.576   4.029   3.385   0
   0.95322913   4.536   4.543   3.994   3.350   0
   0.96492124   4.413   4.411   3.854   3.202   0
   0.97868973   4.307   4.274   3.687   3.007   0
   0.98784149   4.380   4.271   3.618   2.883   3
   0.99253190   4.656   4.421   3.677   2.863   0
   0.99454403   4.824   4.511   3.715   2.857   0
   0.99745083   4.929   4.512   3.659   2.745   0
   0.99939686   4.873   4.411   3.533   2.597   0
   1.00000000   4.834   4.363   3.479   2.537   0
   1.00097466   4.765   4.278   3.385   2.436   0
   1.00229204   4.650   4.144   3.241   2.282   0
   1.00347281   4.519   3.998   3.087   2.121   0
   1.00453973   4.404   3.864   2.943   1.967   0
   1.00546849   4.277   3.720   2.790   1.807   0
   1.00625861   4.159   3.585   2.646   1.655   0
   1.00695968   4.039   3.449   2.501   1.503   0
   1.00762153   3.913   3.302   2.343   1.336   0
   1.00820577   3.792   3.160   2.191   1.174   0
   1.00868440   3.683   3.030   2.049   1.023   0
   1.00912941   3.581   2.901   1.907   0.870   0
   1.00949657   3.478   2.775   1.768   0.721   0
   1.00984740   3.365   2.640   1.622   0.566   0
   1.01017570   3.272   2.514   1.479   0.409   0
   1.01047111   3.184   2.395   1.345   0.261   0
   1.01079404   3.126   2.318   1.259   0.167   0
   1.01108944   3.191   2.425   1.386   0.313   0
   1.01110637   3.194   2.430   1.392   0.320   1
   1.01133597   3.108   2.309   1.255   0.168   0
   1.01155519   3.039   2.201   1.128   0.023   0
   1.01178133   2.965   2.082   0.989  -0.135   0
   1.01197445   2.887   1.963   0.851  -0.290   0
   1.01214075   2.815   1.852   0.722  -0.435   0
   1.01228559   2.754   1.748   0.598  -0.577   0
   1.01243293   2.686   1.632   0.459  -0.735   0
   1.01255655   2.624   1.525   0.332  -0.881   0
   1.01266539   2.575   1.422   0.207  -1.029   0
   1.01275957   2.535   1.328   0.089  -1.170   0
   1.01285183   2.499   1.227  -0.039  -1.324   0
   1.01293147   2.463   1.130  -0.161  -1.471   0
   1.01300025   2.427   1.034  -0.283  -1.617   0
   1.01305926   2.400   0.948  -0.394  -1.753   0
   1.01312351   2.389   0.859  -0.515  -1.907   0
   1.01316774   2.377   0.779  -0.623  -2.044   0
   1.01321507   2.379   0.706  -0.727  -2.180   0
   1.01325202   2.357   0.619  -0.841  -2.320   0
   1.01328731   2.321   0.524  -0.959  -2.460   0
   1.01332092   2.308   0.475  -1.039  -2.598   0
   1.01334643   2.278   0.455  -1.082  -2.713   0
   1.01337624   2.247   0.450  -1.114  -2.836   0
   1.01339805   2.203   0.438  -1.146  -2.945   0
   1.01341903   2.131   0.399  -1.200  -3.065   0
   1.01343679   2.064   0.379  -1.228  -3.174   0
   1.01345515   1.995   0.374  -1.236  -3.285   3
   1.01347125   1.962   0.436  -1.175  -3.366   0
   1.01348531   1.926   0.505  -1.104  -3.445   0
   1.01350057   1.862   0.526  -1.079  -3.543   0
   1.01351321   1.905   0.676  -0.914  -3.567   0
   1.01352549   1.945   0.814  -0.763  -3.590   0
   1.01352549   2.517   1.884   0.916  -0.080   0
   1.01361787   2.496   1.837   0.855  -0.153   0
   1.01374590   2.491   1.817   0.828  -0.187   0
   1.01382220   2.495   1.816   0.824  -0.193   2
   1.01388955   2.482   1.811   0.824  -0.189   0
   1.01405239   2.466   1.808   0.827  -0.180   0
   1.01422119   2.462   1.810   0.832  -0.171   0
   1.01439428   2.458   1.812   0.837  -0.164   0
   1.01457143   2.451   1.811   0.840  -0.159   0
   1.01476121   2.444   1.810   0.841  -0.155   0
   1.01494503   2.438   1.808   0.842  -0.152   0
   1.01512504   2.433   1.805   0.840  -0.152   0
   1.01530600   2.427   1.801   0.838  -0.154   0
   1.01549065   2.421   1.796   0.833  -0.158   0
   1.01566303   2.415   1.789   0.826  -0.166   0
   1.01583910   2.408   1.780   0.815  -0.178   0
   1.01606643   2.391   1.759   0.793  -0.201   0
   1.01625228   2.381   1.740   0.769  -0.228   0
   1.01646209   2.366   1.710   0.730  -0.274   0
   1.01657152   2.360   1.691   0.704  -0.306   0
   1.01669848   2.353   1.669   0.675  -0.342   0
   1.01700580   2.311   1.566   0.540  -0.503   0
   1.01703703   2.291   1.509   0.464  -0.595   0
   1.01706040   2.269   1.418   0.340  -0.750   0
   1.01706731   2.258   1.351   0.246  -0.869   0
   1.01707280   2.241   1.225   0.071  -1.088   0
   1.01707506   2.224   1.137  -0.051  -1.239   0
   1.01707780   2.209   1.038  -0.185  -1.410   0
   1.01708114   2.197   0.955  -0.298  -1.553   0
   1.01708364   2.193   0.930  -0.331  -1.595   0
   1.01709330   2.210   1.015  -0.218  -1.452   0
   1.01711202   2.208   1.048  -0.170  -1.389   1
   1.01716542   2.193   0.959  -0.291  -1.542   0
   1.01719224   2.192   0.882  -0.400  -1.683   0
   1.01721203   2.192   0.803  -0.512  -1.826   0
   1.01723135   2.199   0.720  -0.631  -1.981   0
   1.01724911   2.216   0.643  -0.747  -2.139   0
   1.01726806   2.210   0.541  -0.888  -2.321   0
   1.01727962   2.248   0.475  -0.996  -2.473   0
   1.01728797   2.294   0.426  -1.085  -2.608   0
   1.01729536   2.271   0.421  -1.121  -2.742   0
   1.01730025   2.238   0.413  -1.152  -2.852   0
   1.01730514   2.198   0.416  -1.171  -2.964   0
   1.01730967   2.126   0.378  -1.223  -3.078   0
   1.01731479   2.049   0.357  -1.253  -3.196   3
   1.01731956   2.008   0.400  -1.212  -3.286   0
   1.01732469   1.979   0.478  -1.134  -3.364   0
   1.01732969   1.943   0.550  -1.059  -3.438   0
   1.01733184   1.919   0.585  -1.019  -3.488   0
   1.01733279   1.926   0.618  -0.983  -3.497   0
   1.01733363   1.933   0.648  -0.949  -3.504   0
   1.01733446   1.940   0.678  -0.916  -3.512   0
   1.01733530   1.948   0.709  -0.882  -3.519   0
   1.01733613   1.955   0.739  -0.849  -3.527   0
   1.01733696   1.962   0.770  -0.815  -3.535   0
   1.01733780   1.969   0.800  -0.782  -3.542   0
   1.01733863   1.976   0.830  -0.748  -3.550   0
   1.01733947   1.984   0.861  -0.714  -3.557   0
   1.01734030   1.991   0.892  -0.680  -3.565   0
   1.01734114   1.998   0.922  -0.646  -3.572   0
   1.01734197   2.006   0.953  -0.613  -3.579   0
   1.01734281   2.013   0.984  -0.579  -3.587   0
   1.01734364   2.020   1.014  -0.545  -3.594   0
   1.01734447   2.028   1.045  -0.510  -3.602   0
   1.01734519   2.034   1.070  -0.483  -3.607   0
   1.01734602   2.041   1.101  -0.449  -3.615   0
   1.01734686   2.052   1.136  -0.412  -3.619   0
   1.01734769   2.068   1.178  -0.370  -3.618   0
   1.01734853   2.084   1.219  -0.328  -3.617   1
   1.01734912   2.097   1.253  -0.294  -3.616   0
   1.01734996   2.114   1.295  -0.251  -3.614   0
   1.01735079   2.130   1.337  -0.209  -3.613   0
   1.01735163   2.146   1.380  -0.166  -3.612   0
   1.01735246   2.163   1.423  -0.123  -3.610   0
   1.01735342   2.180   1.465  -0.080  -3.608   0
   1.01735401   2.193   1.500  -0.046  -3.607   0
   1.01735485   2.210   1.542  -0.002  -3.605   0
   1.01735568   2.227   1.584   0.039  -3.604   0
   1.01735651   2.241   1.618   0.074  -3.601   0
   1.01735735   2.253   1.648   0.104  -3.599   0
   1.01735818   2.265   1.679   0.135  -3.597   0
   1.01735902   2.278   1.710   0.166  -3.595   0
   1.01735985   2.293   1.744   0.201  -3.591   0
   1.01736128   2.328   1.810   0.267  -3.576   0
   1.01736200   2.378   1.894   0.352  -3.544   0
