   0.15000001  15.664  14.049  12.441  10.267   0
   0.20000000  14.480  13.033  11.517   9.567   0
   0.25000000  13.765  12.410  10.940   9.107   0
   0.30000001  13.186  11.897  10.471   8.724   0
   0.34999999  12.696  11.461  10.074   8.398   0
   0.40000001  12.190  10.996   9.641   8.028   0
   0.44999999  11.738  10.579   9.265   7.718   0
   0.50000000  11.254  10.124   8.858   7.380   0
   0.55000001  10.714   9.628   8.420   7.023   0
   0.60000002  10.167   9.149   8.002   6.686   0
   0.69999999   8.814   8.055   7.065   5.961   0
   0.80000001   7.356   6.979   6.159   5.270   0
   0.89999998   6.228   6.116   5.442   4.693   0
   1.00000000   5.416   5.432   4.863   4.203   0
   1.10000002   4.701   4.781   4.307   3.732   0
   1.20000005   4.143   4.235   3.835   3.336   0
   1.29999995   3.672   3.742   3.409   2.995   0
   1.39999998   3.273   3.297   3.037   2.731   0
   1.50000000   2.920   2.898   2.708   2.512   0
   1.60000002   2.617   2.573   2.451   2.343   0
   1.70000005   2.335   2.304   2.234   2.187   0
   1.79999995   2.094   2.097   2.064   2.055   0
   1.85000002   1.913   1.943   1.928   1.935   0
   1.89999998   1.854   1.909   1.906   1.928   0
   2.00000000   1.645   1.749   1.768   1.805   0
   2.20000005   1.275   1.476   1.526   1.589   0
   2.50000000   0.810   1.132   1.213   1.299   0
   3.00000000   0.194   0.661   0.771   0.885   0
   3.50000000  -0.287   0.280   0.411   0.546   0
   4.00000000  -0.680  -0.041   0.106   0.260   0
   4.50000000  -1.015  -0.320  -0.158   0.010   0
   5.00000000  -1.313  -0.571  -0.396  -0.215   0
   6.00000000  -1.841  -1.025  -0.831  -0.628   0
   7.00000000  -2.290  -1.415  -1.206  -0.985   0
   7.66326189  -2.559  -1.653  -1.435  -1.205   0
   9.00000000  -3.045  -2.083  -1.850  -1.604   0
  12.00000000  -3.917  -2.868  -2.611  -2.336   0
  14.57792664  -4.525  -3.426  -3.154  -2.862   0
  15.00000000  -4.620  -3.515  -3.240  -2.948   0
  19.54868889  -5.456  -4.302  -4.018  -3.720   0
  20.00000000  -5.534  -4.377  -4.093  -3.795   0
  23.97551727  -6.061  -4.897  -4.611  -4.313   1
  28.18426895  -6.635  -5.478  -5.194  -4.896   0
  30.00000000  -6.908  -5.761  -5.480  -5.187   0
  31.42614937  -7.094  -5.952  -5.676  -5.386   0
  35.42458725  -7.724  -6.645  -6.395  -6.136   0
  37.20502090  -8.122  -7.095  -6.871  -6.648   0
  38.49792099  -8.391  -7.459  -7.252  -7.050   0
  38.52193069  -8.390  -7.456  -7.248  -7.046   0
  38.73166656  -8.372  -7.395  -7.179  -6.968   0
  38.75901794  -8.353  -7.345  -7.125  -6.907   0
  38.76725769  -8.341  -7.321  -7.098  -6.877   1
  38.77217484  -8.351  -7.342  -7.121  -6.903   0
  38.77741623  -8.369  -7.375  -7.156  -6.941   0
  38.78056335  -8.382  -7.397  -7.181  -6.968   0
  38.78371048  -8.426  -7.467  -7.255  -7.047   0
  38.78630066  -8.473  -7.539  -7.331  -7.129   0
  38.78895187  -8.534  -7.630  -7.428  -7.234   0
  38.79104614  -8.623  -7.714  -7.524  -7.345   0
  38.79314423  -8.720  -7.804  -7.626  -7.464   0
  38.79468536  -8.759  -7.871  -7.697  -7.540   0
  38.79628372  -8.800  -7.943  -7.772  -7.621   0
  38.79782486  -8.841  -8.014  -7.847  -7.703   0
  38.79942322  -8.883  -8.089  -7.928  -7.791   0
  38.80102158  -8.928  -8.167  -8.011  -7.883   0
  38.80217743  -8.962  -8.226  -8.075  -7.954   0
  38.80361176  -9.006  -8.301  -8.156  -8.044   0
  38.80570602  -9.104  -8.395  -8.274  -8.190   0
  38.80741501  -9.158  -8.499  -8.385  -8.313   0
  38.81039047  -9.225  -8.715  -8.604  -8.542   0
  38.81440735  -9.353  -8.992  -8.918  -8.904   0
  38.81727219  -9.393  -9.211  -9.168  -9.195   0
  38.82007599  -9.374  -9.315  -9.375  -9.515   0
  38.82277298  -9.151  -9.364  -9.494  -9.731   3
  38.82546616  -8.834  -9.172  -9.473  -9.891   0
  38.82816315  -8.474  -8.894  -9.411 -10.005   0
  38.83113098  -8.119  -8.639  -9.323 -10.049   0
  38.83409882  -7.705  -8.367  -9.213 -10.059   0
  38.84173965  -7.134  -8.070  -9.135 -10.140   0
  38.85272217  -6.939  -7.998  -9.137 -10.196   2
  38.86677551  -7.019  -8.044  -9.161 -10.203   0
  38.96173477  -7.312  -8.216  -9.254 -10.239   0
  38.96323395  -7.314  -8.214  -9.249 -10.232   0
  38.99709702  -7.429  -8.285  -9.282 -10.237   0
  39.02517319  -8.576  -9.005  -9.515 -10.102   0
  39.02714920  -8.659  -9.064  -9.525 -10.075   0
  39.02819443  -9.098  -9.390  -9.596  -9.926   3
  39.03039932  -9.509  -9.396  -9.393  -9.470   0
  39.03656387  -9.331  -8.838  -8.731  -8.673   0
  39.05855942  -9.279  -8.717  -8.605  -8.538   0
  39.10079193  -9.242  -8.634  -8.519  -8.449   1
  39.15372467  -9.205  -8.538  -8.424  -8.352   0
  39.42921829  -9.107  -8.410  -8.296  -8.224   0
  39.59275818  -9.053  -8.347  -8.221  -8.132   0
  39.73636627  -9.048  -8.343  -8.214  -8.122   0
  39.84324646  -9.043  -8.339  -8.208  -8.114   0
  39.91406631  -9.039  -8.336  -8.204  -8.107   0
  39.96697617  -9.035  -8.334  -8.200  -8.101   0
  40.00000000  -9.033  -8.332  -8.197  -8.097   0
  41.59358215  -8.874  -8.026  -7.856  -7.707   1
  41.61512375  -8.913  -8.094  -7.929  -7.786   0
  41.63770294  -8.853  -7.986  -7.814  -7.661   0
  41.65928268  -8.896  -8.062  -7.894  -7.748   0
  41.68190765  -8.836  -7.952  -7.778  -7.622   0
  41.70338058  -8.876  -8.022  -7.852  -7.702   0
  41.72590256  -8.830  -7.937  -7.762  -7.604   0
  42.17680359  -8.676  -7.774  -7.572  -7.379   0
  42.21873474  -8.660  -7.748  -7.543  -7.347   0
  42.30221939  -8.609  -7.664  -7.453  -7.249   0
  42.38433838  -8.550  -7.563  -7.346  -7.133   0
  42.44592285  -8.488  -7.464  -7.240  -7.018   0
  42.48636246  -8.438  -7.384  -7.154  -6.924   0
  42.52656555  -8.388  -7.311  -7.076  -6.838   0
  42.56668091  -8.308  -7.228  -6.985  -6.735   0
  42.60641098  -8.238  -7.153  -6.901  -6.641   0
  42.64590073  -8.159  -7.063  -6.802  -6.530   0
  42.68515015  -8.102  -6.972  -6.706  -6.430   0
  42.72415543  -7.995  -6.855  -6.581  -6.294   0
  42.76306915  -7.899  -6.749  -6.468  -6.173   0
  42.80143738  -7.778  -6.609  -6.322  -6.024   0
  42.83955383  -7.638  -6.456  -6.163  -5.861   0
  42.87144089  -7.537  -6.348  -6.051  -5.746   0
  42.90920639  -7.410  -6.212  -5.911  -5.604   0
  42.94641495  -7.289  -6.085  -5.779  -5.467   0
  42.98352432  -7.193  -5.983  -5.675  -5.362   0
  43.02022552  -7.097  -5.883  -5.572  -5.257   0
  43.05636597  -6.998  -5.779  -5.466  -5.149   0
  43.11020660  -6.885  -5.662  -5.347  -5.028   0
  43.18093109  -6.769  -5.541  -5.224  -4.903   1
  43.26588058  -6.716  -5.480  -5.168  -4.857   0
  43.36581802  -6.661  -5.419  -5.112  -4.810   0
  43.49963760  -6.545  -5.297  -4.988  -4.685   0
  43.62088394  -6.436  -5.184  -4.872  -4.566   0
  43.72746658  -6.331  -5.076  -4.761  -4.452   0
  43.87900162  -6.200  -4.942  -4.624  -4.311   0
  44.03833389  -6.084  -4.823  -4.502  -4.185   0
  44.17054749  -6.013  -4.750  -4.427  -4.108   0
  44.18185043  -5.667  -4.397  -4.067  -3.740   0
  44.18863297  -5.486  -4.212  -3.879  -3.549   0
  44.19267273  -5.378  -4.103  -3.767  -3.434   0
  44.19881439  -5.225  -3.948  -3.611  -3.276   0
  44.20996857  -5.008  -3.727  -3.387  -3.047   0
  44.21433640  -4.930  -3.648  -3.306  -2.966   0
  44.22323227  -4.780  -3.496  -3.153  -2.810   0
  44.22856903  -4.689  -3.404  -3.059  -2.715   0
  44.23649979  -4.554  -3.266  -2.920  -2.573   0
  44.24135590  -4.471  -3.182  -2.835  -2.488   0
  44.25090790  -4.315  -3.025  -2.677  -2.327   0
  44.25674057  -4.222  -2.932  -2.583  -2.232   0
  44.26840591  -4.067  -2.775  -2.424  -2.071   0
  44.28899384  -3.907  -2.613  -2.260  -1.906   0
  44.32388687  -3.800  -2.505  -2.152  -1.797   0
  44.35947418  -3.708  -2.413  -2.059  -1.703   0
  44.37102509  -3.647  -2.351  -1.996  -1.639   0
  44.38290024  -3.568  -2.272  -1.916  -1.558   1
  44.39592743  -3.500  -2.202  -1.846  -1.487   0
  44.40960693  -3.436  -2.138  -1.781  -1.422   0
  44.42460251  -3.370  -2.071  -1.714  -1.355   0
  44.43960190  -3.303  -2.004  -1.646  -1.285   0
  44.44155884  -3.293  -1.994  -1.636  -1.275   0
