   0.15000001  15.651  14.039  12.431  10.261   0
   0.20000000  14.464  13.019  11.504   9.556   0
   0.25000000  13.746  12.393  10.924   9.093   0
   0.30000001  13.166  11.878  10.453   8.708   0
   0.34999999  12.678  11.445  10.058   8.383   0
   0.40000001  12.169  10.976   9.622   8.011   0
   0.44999999  11.714  10.554   9.242   7.696   0
   0.50000000  11.224  10.094   8.829   7.353   0
   0.55000001  10.670   9.587   8.382   6.990   0
   0.60000002  10.110   9.098   7.957   6.650   0
   0.69999999   8.680   7.952   6.975   5.891   0
   0.74485713   7.943   7.406   6.512   5.540   0
   0.80000001   7.139   6.812   6.016   5.152   0
   0.85721433   6.447   6.281   5.571   4.792   0
   0.89999998   5.992   5.914   5.266   4.540   0
   0.96061224   5.426   5.434   4.856   4.189   0
   1.00000000   5.106   5.143   4.605   3.972   0
   1.03292394   4.835   4.895   4.389   3.785   0
   1.06292307   4.604   4.676   4.198   3.619   0
   1.08690941   4.435   4.510   4.051   3.491   0
   1.10000002   4.346   4.422   3.972   3.422   0
   1.12204504   4.197   4.273   3.840   3.307   0
   1.14120829   4.070   4.147   3.728   3.209   0
   1.15051317   4.010   4.087   3.674   3.162   0
   1.16287982   3.934   4.011   3.606   3.101   0
   1.19326305   3.763   3.834   3.443   2.956   0
   1.20000005   3.727   3.796   3.408   2.924   0
   1.22354341   3.603   3.667   3.289   2.818   0
   1.25801110   3.438   3.493   3.125   2.665   0
   1.29373765   3.281   3.329   2.962   2.504   1
   1.29999995   3.256   3.303   2.935   2.476   0
   1.32411182   3.155   3.197   2.828   2.367   0
   1.35471117   3.036   3.074   2.697   2.224   0
   1.38365781   2.935   2.970   2.578   2.086   0
   1.39999998   2.890   2.919   2.514   2.008   0
   1.41402817   2.852   2.877   2.459   1.941   0
   1.42518151   2.821   2.842   2.415   1.886   0
   1.43560398   2.785   2.802   2.368   1.831   0
   1.44177914   2.752   2.768   2.331   1.792   2
   1.44687283   2.702   2.716   2.285   1.751   0
   1.45025718   2.629   2.643   2.226   1.708   0
   1.45254922   2.492   2.505   2.123   1.643   0
   1.45321274   2.378   2.380   2.030   1.591   0
   1.45359671   2.250   2.239   1.924   1.532   1
   1.45372188   2.323   2.318   1.987   1.573   0
   1.45416605   2.377   2.384   2.000   1.518   0
   1.45706689   2.457   2.453   1.992   1.425   0
   1.46105862   2.614   2.579   2.049   1.419   0
   1.46336997   2.784   2.717   2.135   1.457   0
   1.46500981   2.995   2.882   2.248   1.528   0
   1.46624744   3.184   3.034   2.358   1.603   0
   1.46781468   3.454   3.231   2.501   1.700   0
   1.46956933   3.637   3.350   2.573   1.732   4
   1.47268593   3.682   3.304   2.473   1.584   0
   1.47530472   3.553   3.130   2.275   1.364   0
   1.47786772   3.383   2.926   2.050   1.122   0
   1.48031151   3.213   2.719   1.820   0.875   0
   1.48254728   3.047   2.517   1.599   0.636   0
   1.48442030   2.923   2.351   1.412   0.430   0
   1.48595369   2.815   2.207   1.249   0.251   0
   1.48733926   2.715   2.074   1.101   0.089   0
   1.48848522   2.637   1.971   0.984  -0.038   0
   1.48949504   2.573   1.888   0.890  -0.141   0
   1.49042523   2.541   1.848   0.848  -0.186   0
   1.49119866   2.513   1.815   0.811  -0.225   0
   1.49191010   2.488   1.785   0.778  -0.260   0
   1.49256253   2.463   1.756   0.748  -0.292   0
   1.49313664   2.444   1.732   0.722  -0.320   0
   1.49383914   2.422   1.707   0.694  -0.349   2
   1.49484754   2.482   1.782   0.776  -0.261   0
   1.49491787   2.486   1.787   0.782  -0.255   0
   1.49584889   2.374   1.648   0.630  -0.417   0
   1.49680507   2.297   1.529   0.489  -0.576   0
   1.49772906   2.233   1.414   0.350  -0.738   0
   1.49859107   2.162   1.294   0.207  -0.902   0
   1.49934506   2.094   1.178   0.069  -1.059   0
   1.50000000   2.036   1.072  -0.059  -1.207   0
   1.50038016   2.004   1.008  -0.139  -1.300   0
   1.50098705   1.946   0.892  -0.281  -1.466   0
   1.50150406   1.897   0.788  -0.409  -1.617   0
   1.50194609   1.862   0.691  -0.532  -1.766   0
   1.50232553   1.835   0.601  -0.649  -1.909   0
   1.50269651   1.800   0.501  -0.776  -2.062   0
   1.50301754   1.770   0.409  -0.895  -2.206   0
   1.50329506   1.735   0.316  -1.012  -2.345   0
   1.50356197   1.738   0.241  -1.119  -2.486   0
   1.50378954   1.734   0.160  -1.231  -2.630   0
   1.50400877   1.734   0.084  -1.338  -2.770   0
   1.50419688   1.709  -0.008  -1.457  -2.915   0
   1.50437462   1.712  -0.083  -1.564  -3.055   0
   1.50452757   1.719  -0.143  -1.655  -3.186   0
   1.50466180   1.714  -0.129  -1.669  -3.292   0
   1.50480843   1.661  -0.160  -1.724  -3.426   0
   1.50494063   1.617  -0.169  -1.753  -3.536   0
   1.50504589   1.537  -0.219  -1.818  -3.659   0
   1.50513470   1.459  -0.253  -1.862  -3.776   0
   1.50523376   1.395  -0.253  -1.865  -3.881   0
   1.50525856   1.374  -0.261  -1.874  -3.909   2
   1.50525856   2.207   1.622   0.678  -0.299   1
   1.50607371   2.184   1.573   0.615  -0.375   0
   1.50667763   2.175   1.561   0.601  -0.390   0
   1.50717449   2.173   1.560   0.601  -0.390   0
   1.50828815   2.168   1.559   0.603  -0.386   0
   1.50943542   2.159   1.554   0.600  -0.386   0
   1.51060975   2.151   1.549   0.597  -0.388   0
   1.51181185   2.140   1.542   0.592  -0.391   0
   1.51302350   2.132   1.536   0.587  -0.395   0
   1.51433825   2.120   1.528   0.581  -0.399   0
   1.51561165   2.107   1.519   0.573  -0.406   0
   1.51686704   2.098   1.511   0.566  -0.411   0
   1.51812887   2.087   1.502   0.558  -0.418   0
   1.51937366   2.073   1.490   0.548  -0.427   0
   1.52049637   2.060   1.479   0.538  -0.436   0
   1.52061570   2.060   1.479   0.538  -0.437   0
   1.52199018   2.050   1.467   0.524  -0.451   0
   1.52343631   2.039   1.452   0.507  -0.470   0
   1.52488732   2.027   1.433   0.484  -0.495   0
   1.52645981   2.018   1.410   0.454  -0.532   0
   1.52830696   1.997   1.372   0.407  -0.587   0
   1.52878618   1.982   1.345   0.375  -0.624   0
   1.52972388   1.940   1.273   0.288  -0.724   0
   1.53011513   1.913   1.217   0.216  -0.808   0
   1.53029668   1.875   1.128   0.100  -0.946   0
   1.53034937   1.842   1.058   0.010  -1.053   0
   1.53038943   1.790   0.930  -0.153  -1.249   0
   1.53041041   1.746   0.813  -0.303  -1.430   0
   1.53042960   1.716   0.710  -0.441  -1.598   0
   1.53045332   1.685   0.611  -0.570  -1.754   0
   1.53047216   1.676   0.578  -0.613  -1.807   0
   1.53056383   1.703   0.675  -0.485  -1.650   0
   1.53072774   1.719   0.725  -0.420  -1.572   1
   1.53108692   1.687   0.618  -0.561  -1.743   0
   1.53124142   1.666   0.544  -0.658  -1.862   0
   1.53139544   1.641   0.449  -0.782  -2.016   0
   1.53153646   1.619   0.350  -0.914  -2.180   0
   1.53165865   1.606   0.251  -1.049  -2.350   0
   1.53175986   1.601   0.159  -1.176  -2.510   0
   1.53187943   1.610   0.046  -1.340  -2.726   0
   1.53193200   1.624  -0.020  -1.439  -2.861   0
   1.53197420   1.625  -0.091  -1.540  -2.992   0
   1.53201342   1.647  -0.157  -1.641  -3.130   0
   1.53204405   1.674  -0.199  -1.718  -3.258   0
   1.53207397   1.643  -0.215  -1.759  -3.376   0
   1.53210294   1.601  -0.235  -1.800  -3.489   0
   1.53213048   1.563  -0.234  -1.819  -3.592   0
   1.53216207   1.493  -0.271  -1.870  -3.704   3
   1.53218305   1.497  -0.265  -1.864  -3.702   0
   1.53218663   1.440  -0.293  -1.901  -3.784   0
   1.53218889   1.410  -0.289  -1.899  -3.837   0
   1.53219390   1.368  -0.285  -1.898  -3.906   0
   1.53219521   1.360  -0.285  -1.897  -3.919   0
   1.53220010   1.348  -0.279  -1.892  -3.941   0
   1.53220487   1.335  -0.274  -1.887  -3.963   0
   1.53220880   1.325  -0.270  -1.883  -3.981   0
   1.53221369   1.311  -0.265  -1.878  -4.003   0
   1.53221846   1.298  -0.260  -1.873  -4.025   0
   1.53222334   1.284  -0.255  -1.868  -4.048   0
   1.53222811   1.269  -0.250  -1.863  -4.070   0
   1.53223300   1.254  -0.245  -1.858  -4.093   0
   1.53223789   1.239  -0.240  -1.853  -4.115   0
   1.53224266   1.224  -0.236  -1.848  -4.138   0
   1.53224754   1.208  -0.231  -1.843  -4.160   0
   1.53225243   1.192  -0.227  -1.837  -4.183   0
   1.53225720   1.175  -0.223  -1.832  -4.205   0
   1.53226209   1.159  -0.218  -1.827  -4.227   0
   1.53226697   1.146  -0.210  -1.817  -4.247   0
   1.53227174   1.153  -0.180  -1.784  -4.254   0
   1.53227663   1.160  -0.150  -1.751  -4.262   0
   1.53228152   1.167  -0.121  -1.718  -4.270   0
   1.53228533   1.172  -0.097  -1.692  -4.276   0
   1.53229022   1.179  -0.067  -1.659  -4.283   0
   1.53229499   1.186  -0.037  -1.626  -4.291   0
   1.53229988   1.193  -0.008  -1.594  -4.298   0
   1.53230476   1.200   0.018  -1.565  -4.304   0
   1.53230953   1.206   0.041  -1.540  -4.308   0
   1.53231597   1.211   0.060  -1.519  -4.312   0
   1.53232849   1.218   0.090  -1.486  -4.319   0
   1.53234088   1.225   0.120  -1.453  -4.326   0
   1.53235328   1.233   0.149  -1.420  -4.333   0
   1.53236580   1.240   0.179  -1.387  -4.340   0
   1.53237784   1.248   0.209  -1.354  -4.347   0
   1.53239000   1.255   0.239  -1.321  -4.353   0
   1.53240216   1.263   0.269  -1.288  -4.360   0
   1.53241408   1.270   0.300  -1.255  -4.367   0
   1.53242588   1.278   0.330  -1.221  -4.373   0
   1.53243780   1.286   0.360  -1.188  -4.380   1
   1.53244960   1.302   0.402  -1.146  -4.378   0
   1.53246117   1.318   0.443  -1.105  -4.377   0
   1.53247261   1.335   0.484  -1.063  -4.375   0
   1.53248417   1.351   0.526  -1.021  -4.373   0
   1.53249562   1.368   0.568  -0.979  -4.371   0
   1.53250682   1.384   0.609  -0.937  -4.369   0
   1.53251803   1.401   0.652  -0.894  -4.367   0
   1.53252923   1.419   0.694  -0.851  -4.364   0
   1.53254020   1.436   0.737  -0.808  -4.362   0
   1.53255117   1.454   0.781  -0.764  -4.359   0
   1.53256094   1.473   0.825  -0.719  -4.354   0
   1.53257000   1.501   0.882  -0.662  -4.343   0
   1.53257561   1.567   0.990  -0.554  -4.301   2
   1.53257680   1.624   1.077  -0.466  -4.262   0
   1.53257680   1.638   1.099  -0.444  -4.252   0
   1.53257680   1.654   1.124  -0.419  -4.241   0
   1.53257680   1.668   1.145  -0.398  -4.231   0
