   0.15000001  15.664  14.049  12.441  10.267   0
   0.20000000  14.480  13.033  11.517   9.567   0
   0.25000000  13.765  12.409  10.940   9.107   0
   0.30000001  13.186  11.896  10.470   8.724   0
   0.34999999  12.696  11.461  10.073   8.398   0
   0.40000001  12.190  10.996   9.641   8.028   0
   0.44999999  11.738  10.578   9.265   7.718   0
   0.50000000  11.254  10.124   8.858   7.380   0
   0.55000001  10.713   9.628   8.420   7.023   0
   0.60000002  10.167   9.148   8.001   6.686   0
   0.69999999   8.812   8.054   7.064   5.961   0
   0.80000001   7.354   6.977   6.158   5.269   0
   0.89999998   6.226   6.114   5.440   4.692   0
   1.00000000   5.413   5.429   4.860   4.201   0
   1.10000002   4.697   4.777   4.303   3.729   0
   1.20000005   4.139   4.231   3.831   3.332   0
   1.29999995   3.668   3.738   3.405   2.991   0
   1.39999998   3.268   3.293   3.032   2.726   0
   1.50000000   2.916   2.893   2.703   2.507   0
   1.60000002   2.611   2.567   2.444   2.336   0
   1.70000005   2.329   2.297   2.227   2.179   0
   1.79999995   2.085   2.088   2.054   2.046   0
   1.85000002   1.915   1.944   1.927   1.934   0
   1.89999998   1.848   1.900   1.897   1.917   0
   2.00000000   1.638   1.739   1.756   1.793   0
   2.20000005   1.264   1.459   1.509   1.570   0
   2.50000000   0.792   1.106   1.184   1.269   0
   3.00000000   0.164   0.617   0.724   0.836   0
   3.50000000  -0.338   0.211   0.338   0.469   0
   3.65047598  -0.471   0.101   0.234   0.369   0
   4.00000000  -0.757  -0.136   0.008   0.155   0
   4.50000000  -1.113  -0.435  -0.277  -0.113   0
   5.00000000  -1.447  -0.722  -0.551  -0.375   0
   5.25374460  -1.606  -0.861  -0.684  -0.502   0
   6.00000000  -2.051  -1.251  -1.060  -0.863   0
   6.34025621  -2.239  -1.417  -1.220  -1.017   0
   7.00000000  -2.598  -1.738  -1.531  -1.317   0
   7.18831301  -2.697  -1.828  -1.619  -1.402   0
   7.88070726  -3.064  -2.165  -1.948  -1.723   0
   8.45233440  -3.379  -2.461  -2.240  -2.010   0
   8.92484570  -3.644  -2.712  -2.487  -2.255   0
   9.00000000  -3.691  -2.758  -2.533  -2.301   0
   9.72910881  -4.116  -3.173  -2.947  -2.714   1
  10.35548782  -4.549  -3.614  -3.392  -3.166   0
  10.82584476  -4.952  -4.047  -3.833  -3.620   0
  11.01540184  -5.144  -4.256  -4.048  -3.844   0
  11.09952068  -5.225  -4.341  -4.134  -3.932   0
  11.14627838  -5.245  -4.349  -4.140  -3.934   3
  11.17266464  -5.214  -4.276  -4.057  -3.837   0
  11.17612076  -5.222  -4.253  -4.026  -3.796   0
  11.17626095  -5.221  -4.251  -4.024  -3.793   0
  11.17741680  -5.195  -4.245  -4.023  -3.799   0
  11.17814445  -5.249  -4.328  -4.113  -3.899   0
  11.17862225  -5.318  -4.420  -4.211  -4.006   0
  11.17911625  -5.407  -4.538  -4.336  -4.141   0
  11.17949104  -5.479  -4.632  -4.436  -4.251   0
  11.17986679  -5.552  -4.732  -4.542  -4.366   0
  11.18025780  -5.631  -4.841  -4.659  -4.494   0
  11.18065071  -5.714  -4.953  -4.780  -4.629   0
  11.18107605  -5.803  -5.077  -4.915  -4.778   0
  11.18150139  -5.894  -5.210  -5.059  -4.939   0
  11.18194485  -5.988  -5.354  -5.217  -5.117   0
  11.18218040  -6.039  -5.437  -5.308  -5.219   0
  11.18243408  -6.092  -5.529  -5.410  -5.334   0
  11.18274212  -6.149  -5.652  -5.544  -5.485   0
  11.18294144  -6.185  -5.737  -5.639  -5.590   0
  11.18317699  -6.216  -5.830  -5.743  -5.710   0
  11.18337631  -6.248  -5.912  -5.839  -5.826   0
  11.18357563  -6.271  -5.997  -5.940  -5.950   0
  11.18375683  -6.270  -6.072  -6.027  -6.053   0
  11.18391991  -6.247  -6.150  -6.119  -6.162   0
  11.18404675  -6.228  -6.190  -6.176  -6.241   0
  11.18415546  -6.191  -6.225  -6.225  -6.307   0
  11.18428230  -6.118  -6.244  -6.271  -6.389   0
  11.18439102  -6.031  -6.225  -6.291  -6.456   0
  11.18449974  -5.929  -6.174  -6.292  -6.518   3
  11.18460846  -5.802  -6.076  -6.272  -6.582   0
  11.18471718  -5.620  -5.907  -6.227  -6.653   0
  11.18482590  -5.422  -5.725  -6.165  -6.701   0
  11.18493462  -5.153  -5.503  -6.077  -6.731   0
  11.18504333  -4.645  -5.140  -5.918  -6.732   0
  11.18509769  -4.369  -4.963  -5.834  -6.717   0
  11.18520641  -3.582  -4.494  -5.580  -6.625   0
  11.18529701  -3.110  -4.215  -5.400  -6.528   0
  11.18546009  -2.577  -3.913  -5.204  -6.426   0
  11.18551445  -2.415  -3.822  -5.142  -6.395   4
  11.18565369  -2.134  -3.781  -5.197  -6.544   0
  11.18579388  -1.941  -3.843  -5.361  -6.814   0
  11.18588734  -1.948  -3.969  -5.535  -7.032   0
  11.18598080  -1.954  -4.044  -5.638  -7.161   0
  11.18629169  -1.940  -4.089  -5.706  -7.250   0
  11.18727112  -1.986  -4.123  -5.752  -7.339   0
  11.18860817  -2.017  -4.132  -5.766  -7.381   0
  11.19186974  -2.054  -4.147  -5.785  -7.428   0
  11.21895599  -1.977  -4.131  -5.758  -7.324   0
  11.24353027  -2.016  -4.099  -5.691  -7.208   0
  11.26756859  -2.078  -4.073  -5.629  -7.111   0
  11.30201149  -2.212  -4.098  -5.609  -7.043   4
  11.34097958  -2.434  -4.191  -5.651  -7.026   0
  11.36272907  -2.692  -4.336  -5.751  -7.077   0
  11.37376595  -4.945  -5.581  -6.464  -7.351   0
  11.37642288  -6.167  -6.462  -6.732  -7.115   0
  11.37773323  -6.363  -6.614  -6.749  -6.997   3
  11.37838936  -6.436  -6.659  -6.747  -6.943   0
  11.37964821  -6.525  -6.680  -6.722  -6.862   0
  11.38088894  -6.570  -6.669  -6.691  -6.806   0
  11.38214684  -6.608  -6.652  -6.660  -6.754   0
  11.38467979  -6.636  -6.610  -6.609  -6.691   0
  11.38845062  -6.658  -6.570  -6.555  -6.618   0
  11.39337158  -6.663  -6.537  -6.501  -6.539   0
  11.39820290  -6.674  -6.489  -6.445  -6.472   0
  11.40412903  -6.685  -6.432  -6.381  -6.399   0
  11.41097641  -6.683  -6.373  -6.314  -6.321   0
  11.41858578  -6.671  -6.322  -6.254  -6.248   0
  11.42801762  -6.647  -6.276  -6.196  -6.173   0
  11.44060802  -6.634  -6.236  -6.148  -6.115   0
  11.45729351  -6.628  -6.203  -6.110  -6.069   1
  11.49167061  -6.684  -6.314  -6.234  -6.212   0
  11.50575733  -6.729  -6.389  -6.325  -6.325   0
  11.51694965  -6.746  -6.472  -6.418  -6.432   0
  11.52470303  -6.748  -6.544  -6.498  -6.522   0
  11.53153896  -6.742  -6.615  -6.580  -6.619   0
  11.53785706  -6.744  -6.662  -6.656  -6.729   0
  11.54346943  -6.702  -6.735  -6.741  -6.834   0
  11.54666519  -6.650  -6.754  -6.780  -6.899   0
  11.54973984  -6.581  -6.752  -6.810  -6.967   0
  11.55256653  -6.493  -6.725  -6.825  -7.035   3
  11.55499172  -6.388  -6.657  -6.820  -7.101   0
  11.55713749  -6.261  -6.553  -6.803  -7.169   0
  11.55903530  -6.103  -6.415  -6.773  -7.236   0
  11.56065369  -5.910  -6.251  -6.727  -7.294   0
  11.56140041  -5.789  -6.152  -6.696  -7.321   0
  11.56280136  -5.428  -5.893  -6.601  -7.359   0
  11.56463909  -4.358  -5.257  -6.325  -7.347   0
  11.56691360  -2.770  -4.391  -5.796  -7.112   0
  11.57309151  -2.219  -4.191  -5.737  -7.204   4
  11.58265305  -2.276  -4.267  -5.918  -7.673   0
  11.58606052  -2.572  -4.331  -5.950  -7.817   0
