   0.15000001  15.593  13.990  12.389  10.232   0
   0.20000000  14.391  12.955  11.444   9.505   0
   0.25000000  13.661  12.315  10.850   9.029   0
   0.30000001  13.074  11.794  10.374   8.638   0
   0.34999999  12.597  11.367   9.983   8.316   0
   0.40000001  12.093  10.905   9.557   7.957   0
   0.44999999  11.626  10.469   9.163   7.629   0
   0.50000000  11.102   9.977   8.724   7.266   0
   0.55000001  10.488   9.425   8.240   6.875   0
   0.60000002   9.851   8.873   7.761   6.494   0
   0.63445020   9.241   8.390   7.349   6.179   0
   0.67972380   8.440   7.772   6.820   5.771   0
   0.69999999   8.088   7.505   6.590   5.591   0
   0.72918928   7.513   7.076   6.227   5.306   0
   0.75469625   7.023   6.707   5.914   5.055   0
   0.77569348   6.644   6.411   5.665   4.850   0
   0.79343373   6.323   6.158   5.450   4.670   0
   0.80000001   6.206   6.064   5.369   4.602   0
   0.80904865   6.057   5.939   5.260   4.507   0
   0.81867957   5.905   5.805   5.143   4.403   0
   0.82947272   5.730   5.652   5.006   4.281   0
   0.83532631   5.640   5.570   4.933   4.215   0
   0.84103495   5.546   5.487   4.858   4.146   0
   0.84742212   5.444   5.394   4.773   4.068   0
   0.85006946   5.403   5.356   4.738   4.036   0
   0.85352522   5.349   5.305   4.692   3.992   0
   0.85515535   5.325   5.282   4.670   3.972   0
   0.85743678   5.297   5.256   4.645   3.948   0
   0.88697749   4.855   4.816   4.214   3.523   0
   0.89798129   4.735   4.662   4.035   3.322   0
   0.89999998   4.741   4.651   4.009   3.284   0
   0.90501177   4.761   4.627   3.946   3.188   3
   0.90861964   4.945   4.704   3.954   3.135   0
   0.91016984   5.065   4.758   3.966   3.110   0
   0.91252333   5.184   4.771   3.920   3.009   0
   0.91410023   5.144   4.680   3.802   2.864   0
   0.91541159   5.042   4.550   3.655   2.703   0
   0.91647184   4.923   4.412   3.507   2.545   0
   0.91744173   4.798   4.271   3.358   2.388   0
   0.91833758   4.667   4.126   3.205   2.227   0
   0.91903287   4.550   3.993   3.063   2.078   0
   0.91970110   4.425   3.853   2.916   1.925   0
   0.92031145   4.305   3.716   2.769   1.770   0
   0.92081887   4.186   3.580   2.625   1.619   0
   0.92127931   4.071   3.447   2.481   1.467   0
   0.92170000   3.958   3.314   2.338   1.314   0
   0.92205387   3.847   3.182   2.195   1.162   0
   0.92240053   3.737   3.046   2.046   1.002   0
   0.92268580   3.634   2.918   1.906   0.853   0
   0.92293131   3.530   2.793   1.768   0.706   0
   0.92316782   3.444   2.677   1.638   0.562   0
   0.92340976   3.359   2.559   1.505   0.415   0
   0.92364800   3.300   2.483   1.421   0.323   2
   0.92388427   3.357   2.578   1.534   0.453   0
   0.92406464   3.268   2.456   1.396   0.300   0
   0.92424512   3.183   2.329   1.250   0.137   0
   0.92441821   3.110   2.210   1.109  -0.024   0
   0.92456120   3.031   2.091   0.971  -0.179   0
   0.92468739   2.955   1.974   0.835  -0.331   0
   0.92479658   2.889   1.865   0.707  -0.477   0
   0.92490399   2.825   1.750   0.568  -0.637   0
   0.92499632   2.756   1.634   0.431  -0.794   0
   0.92507738   2.710   1.534   0.309  -0.939   0
   0.92514521   2.667   1.435   0.186  -1.086   0
   0.92520368   2.639   1.348   0.074  -1.222   0
   0.92526215   2.602   1.250  -0.050  -1.370   0
   0.92531306   2.570   1.156  -0.170  -1.515   0
   0.92535645   2.534   1.062  -0.288  -1.658   0
   0.92539418   2.535   0.993  -0.387  -1.788   0
   0.92543006   2.521   0.905  -0.504  -1.935   0
   0.92546213   2.522   0.830  -0.610  -2.073   0
   0.92549044   2.517   0.754  -0.716  -2.209   0
   0.92551875   2.471   0.644  -0.851  -2.366   0
   0.92553949   2.442   0.618  -0.901  -2.481   0
   0.92555839   2.413   0.602  -0.941  -2.597   0
   0.92557728   2.383   0.596  -0.971  -2.709   0
   0.92559612   2.335   0.583  -1.004  -2.825   0
   0.92560935   2.261   0.543  -1.059  -2.944   0
   0.92562443   2.185   0.521  -1.086  -3.064   3
   0.92563581   2.137   0.546  -1.064  -3.156   0
   0.92564899   2.096   0.601  -1.010  -3.245   0
   0.92565846   2.055   0.662  -0.947  -3.324   0
   0.92566788   2.010   0.690  -0.912  -3.405   0
   0.92567545   2.071   0.861  -0.726  -3.414   0
   0.92568487   2.105   1.000  -0.573  -3.447   0
   0.92569244   2.142   1.125  -0.436  -3.466   0
   0.92569244   2.517   1.925   0.979   0.004   0
   0.92577422   2.504   1.874   0.909  -0.083   0
   0.92589277   2.498   1.858   0.887  -0.110   0
   0.92590326   2.498   1.857   0.886  -0.111   2
   0.92599940   2.484   1.854   0.889  -0.103   0
   0.92610723   2.475   1.856   0.896  -0.091   0
   0.92621934   2.468   1.858   0.903  -0.080   0
   0.92633474   2.460   1.858   0.908  -0.071   0
   0.92645317   2.449   1.857   0.912  -0.062   0
   0.92657685   2.440   1.855   0.913  -0.057   0
   0.92669976   2.431   1.852   0.913  -0.055   0
   0.92682207   2.425   1.849   0.913  -0.053   0
   0.92694396   2.418   1.846   0.910  -0.054   0
   0.92703336   2.413   1.841   0.907  -0.057   0
   0.92706585   2.412   1.840   0.905  -0.059   0
   0.92719394   2.407   1.833   0.897  -0.068   0
   0.92732668   2.400   1.821   0.883  -0.084   0
   0.92746466   2.393   1.807   0.864  -0.106   0
   0.92761004   2.391   1.788   0.837  -0.141   0
   0.92782021   2.385   1.749   0.781  -0.212   0
   0.92787266   2.380   1.731   0.756  -0.243   0
   0.92794651   2.370   1.702   0.717  -0.291   0
   0.92805737   2.345   1.641   0.636  -0.387   0
   0.92809606   2.323   1.580   0.556  -0.483   0
   0.92811519   2.297   1.481   0.418  -0.654   0
   0.92812049   2.294   1.411   0.317  -0.784   0
   0.92812437   2.286   1.276   0.125  -1.029   0
   0.92812574   2.280   1.201   0.018  -1.164   0
   0.92812735   2.276   1.116  -0.103  -1.320   0
   0.92812932   2.275   1.031  -0.222  -1.474   0
   0.92813253   2.271   0.973  -0.304  -1.579   0
   0.92814046   2.265   1.049  -0.192  -1.433   0
   0.92815554   2.271   1.092  -0.135  -1.359   1
   0.92819804   2.269   0.994  -0.272  -1.537   0
   0.92821521   2.273   0.921  -0.377  -1.674   0
   0.92823100   2.282   0.838  -0.499  -1.831   0
   0.92824537   2.302   0.759  -0.619  -1.995   0
   0.92825741   2.315   0.682  -0.732  -2.146   0
   0.92826706   2.339   0.627  -0.820  -2.270   0
   0.92827445   2.376   0.570  -0.915  -2.404   0
   0.92828089   2.409   0.539  -0.987  -2.545   0
   0.92828566   2.371   0.517  -1.033  -2.670   0
   0.92828935   2.327   0.500  -1.072  -2.785   0
   0.92829287   2.288   0.512  -1.081  -2.891   0
   0.92829621   2.217   0.486  -1.121  -3.005   0
   0.92829931   2.159   0.487  -1.124  -3.102   3
   0.92830300   2.119   0.537  -1.075  -3.190   0
   0.92830682   2.099   0.635  -0.976  -3.258   0
   0.92831033   2.044   0.675  -0.933  -3.344   0
   0.92831117   2.064   0.660  -0.950  -3.314   0
   0.92831153   2.030   0.683  -0.923  -3.368   0
   0.92831182   2.048   0.756  -0.843  -3.385   0
   0.92831236   2.108   0.888  -0.701  -3.371   0
   0.92831302   2.115   0.919  -0.666  -3.379   0
   0.92831367   2.123   0.952  -0.630  -3.387   0
   0.92831439   2.131   0.985  -0.593  -3.395   0
   0.92831486   2.137   1.012  -0.564  -3.402   0
   0.92831558   2.145   1.045  -0.527  -3.410   0
   0.92831624   2.153   1.078  -0.491  -3.418   0
   0.92831689   2.161   1.111  -0.454  -3.426   0
   0.92831761   2.169   1.145  -0.416  -3.434   0
   0.92831826   2.178   1.179  -0.379  -3.442   0
   0.92831892   2.186   1.212  -0.342  -3.450   0
   0.92831945   2.192   1.239  -0.313  -3.456   0
   0.92832011   2.201   1.273  -0.276  -3.464   0
   0.92832077   2.217   1.317  -0.231  -3.463   0
   0.92832148   2.235   1.363  -0.185  -3.462   0
   0.92832214   2.253   1.408  -0.139  -3.460   0
   0.92832279   2.271   1.454  -0.092  -3.459   0
   0.92832345   2.289   1.500  -0.046  -3.457   0
   0.92832416   2.307   1.547   0.001  -3.455   0
   0.92832482   2.325   1.593   0.047  -3.454   0
   0.92832547   2.343   1.640   0.094  -3.452   0
   0.92832613   2.362   1.686   0.142  -3.450   0
   0.92832685   2.380   1.733   0.189  -3.447   0
   0.92832750   2.399   1.781   0.237  -3.445   0
   0.92832816   2.418   1.829   0.285  -3.443   0
   0.92832881   2.439   1.879   0.335  -3.439   0
   0.92832947   2.461   1.925   0.382  -3.431   0
   0.92833006   2.493   1.985   0.443  -3.415   1
   0.92833006   2.495   1.988   0.445  -3.414   0
