   0.15000001  15.663  14.049  12.440  10.267   0
   0.20000000  14.479  13.033  11.517   9.567   0
   0.25000000  13.764  12.409  10.939   9.107   0
   0.30000001  13.185  11.896  10.470   8.723   0
   0.34999999  12.696  11.461  10.073   8.398   0
   0.40000001  12.189  10.995   9.640   8.027   0
   0.44999999  11.738  10.578   9.264   7.717   0
   0.50000000  11.254  10.124   8.857   7.379   0
   0.55000001  10.713   9.627   8.419   7.023   0
   0.60000002  10.166   9.148   8.001   6.686   0
   0.69999999   8.811   8.053   7.063   5.960   0
   0.80000001   7.352   6.975   6.156   5.267   0
   0.89999998   6.223   6.112   5.438   4.690   0
   1.00000000   5.409   5.426   4.857   4.198   0
   1.10000002   4.693   4.773   4.299   3.725   0
   1.20000005   4.134   4.226   3.826   3.328   0
   1.29999995   3.663   3.733   3.400   2.986   0
   1.39999998   3.263   3.287   3.027   2.721   0
   1.50000000   2.910   2.887   2.697   2.501   0
   1.60000002   2.603   2.558   2.436   2.328   0
   1.70000005   2.320   2.289   2.218   2.170   0
   1.79999995   2.075   2.077   2.042   2.033   0
   1.85000002   1.917   1.945   1.927   1.933   0
   1.89999998   1.839   1.889   1.885   1.903   0
   2.00000000   1.628   1.725   1.741   1.777   0
   2.20000005   1.250   1.438   1.486   1.545   0
   2.50000000   0.768   1.071   1.148   1.230   0
   2.67918015   0.522   0.878   0.966   1.058   0
   3.00000000   0.121   0.560   0.665   0.773   0
   3.50000000  -0.408   0.129   0.255   0.382   0
   3.75721931  -0.646  -0.069   0.066   0.202   0
   4.00000000  -0.857  -0.248  -0.106   0.038   0
   4.50000000  -1.253  -0.587  -0.430  -0.271   0
   4.52805805  -1.275  -0.606  -0.449  -0.289   0
   5.00000000  -1.641  -0.929  -0.760  -0.590   0
   5.10674095  -1.721  -1.000  -0.829  -0.656   0
   5.56318188  -2.067  -1.315  -1.134  -0.953   0
   5.93175650  -2.354  -1.580  -1.394  -1.206   0
   6.00000000  -2.409  -1.632  -1.445  -1.257   0
   6.25859165  -2.615  -1.827  -1.636  -1.446   0
   6.52849483  -2.845  -2.049  -1.856  -1.664   0
   6.75999546  -3.059  -2.259  -2.066  -1.875   0
   6.95807219  -3.261  -2.463  -2.270  -2.081   1
   7.00000000  -3.308  -2.511  -2.319  -2.131   0
   7.12680817  -3.448  -2.657  -2.466  -2.280   0
   7.27880478  -3.635  -2.856  -2.668  -2.488   0
   7.40991592  -3.813  -3.051  -2.867  -2.693   0
   7.46833706  -3.899  -3.146  -2.964  -2.794   0
   7.52226543  -3.981  -3.235  -3.056  -2.889   0
   7.56407642  -4.041  -3.297  -3.118  -2.952   0
   7.58041954  -4.058  -3.309  -3.130  -2.963   0
   7.59777832  -4.066  -3.306  -3.123  -2.953   0
   7.60940838  -4.050  -3.262  -3.072  -2.892   0
   7.61266708  -4.043  -3.235  -3.040  -2.853   0
   7.61466646  -4.056  -3.216  -3.014  -2.817   0
   7.61467409  -4.055  -3.216  -3.014  -2.816   0
   7.61528206  -4.012  -3.196  -2.999  -2.809   4
   7.61572313  -4.047  -3.261  -3.072  -2.892   0
   7.61607122  -4.127  -3.367  -3.184  -3.014   0
   7.61646128  -4.235  -3.503  -3.329  -3.170   0
   7.61689281  -4.349  -3.651  -3.485  -3.339   0
   7.61736584  -4.464  -3.806  -3.650  -3.519   0
   7.61770010  -4.541  -3.914  -3.766  -3.646   0
   7.61804771  -4.616  -4.025  -3.886  -3.778   0
   7.61841631  -4.692  -4.141  -4.011  -3.918   0
   7.61878490  -4.764  -4.262  -4.144  -4.067   0
   7.61897993  -4.800  -4.325  -4.214  -4.146   0
   7.61935186  -4.858  -4.449  -4.351  -4.301   0
   7.61973047  -4.903  -4.580  -4.496  -4.468   0
   7.61991644  -4.918  -4.647  -4.572  -4.555   0
   7.62010860  -4.925  -4.712  -4.648  -4.645   0
   7.62030125  -4.921  -4.779  -4.727  -4.740   0
   7.62049389  -4.903  -4.841  -4.805  -4.836   0
   7.62069321  -4.863  -4.896  -4.880  -4.938   0
   7.62088537  -4.788  -4.918  -4.937  -5.038   0
   7.62107801  -4.668  -4.880  -4.963  -5.138   3
   7.62119055  -4.578  -4.819  -4.958  -5.195   0
   7.62133026  -4.443  -4.696  -4.930  -5.267   0
   7.62142944  -4.324  -4.575  -4.895  -5.316   0
   7.62152243  -4.191  -4.445  -4.850  -5.354   0
   7.62160873  -4.028  -4.299  -4.793  -5.382   0
   7.62169504  -3.812  -4.125  -4.723  -5.402   0
   7.62176800  -3.545  -3.933  -4.642  -5.409   0
   7.62184763  -3.206  -3.710  -4.541  -5.401   0
   7.62192059  -2.864  -3.501  -4.433  -5.369   0
   7.62202644  -2.431  -3.235  -4.272  -5.290   0
   7.62216616  -2.032  -2.985  -4.104  -5.190   0
   7.62223911  -1.857  -2.881  -4.032  -5.149   4
   7.62243509  -1.521  -2.782  -4.042  -5.256   0
   7.62255144  -1.416  -2.841  -4.167  -5.447   0
   7.62263107  -1.380  -2.900  -4.265  -5.581   0
   7.62271833  -1.332  -2.935  -4.334  -5.680   0
   7.62292194  -1.288  -2.985  -4.421  -5.806   0
   7.62355375  -1.254  -3.037  -4.508  -5.928   0
   7.62442493  -1.227  -3.094  -4.599  -6.053   0
   7.62537622  -1.215  -3.150  -4.681  -6.162   0
   7.62759686  -1.214  -3.182  -4.726  -6.219   2
   7.65062761  -1.266  -3.137  -4.643  -6.097   0
   7.66760063  -1.307  -3.090  -4.561  -5.979   0
   7.68340969  -1.352  -3.046  -4.482  -5.863   0
   7.70047235  -1.415  -3.021  -4.421  -5.765   0
   7.72645283  -1.556  -3.041  -4.392  -5.689   4
   7.74129343  -1.683  -3.098  -4.420  -5.687   0
   7.75621891  -2.064  -3.329  -4.589  -5.789   0
   7.75938082  -2.461  -3.567  -4.754  -5.887   0
   7.76060772  -2.781  -3.742  -4.859  -5.933   0
   7.76157856  -3.148  -3.939  -4.958  -5.955   0
   7.76254177  -3.493  -4.132  -5.048  -5.968   0
   7.76365852  -3.822  -4.329  -5.139  -5.980   0
   7.76517582  -4.305  -4.655  -5.267  -5.954   0
   7.76753187  -4.715  -4.991  -5.371  -5.852   0
   7.77051401  -4.887  -5.155  -5.412  -5.776   0
   7.77283144  -4.982  -5.245  -5.431  -5.727   0
   7.77579689  -5.076  -5.318  -5.444  -5.673   0
   7.77871704  -5.150  -5.363  -5.446  -5.627   0
   7.78235674  -5.228  -5.400  -5.442  -5.574   0
   7.78585625  -5.283  -5.401  -5.420  -5.524   0
   7.79012442  -5.337  -5.395  -5.391  -5.467   0
   7.79422283  -5.372  -5.376  -5.357  -5.415   0
   7.79895782  -5.401  -5.347  -5.317  -5.361   0
   7.80480623  -5.423  -5.312  -5.273  -5.306   0
   7.81351233  -5.441  -5.277  -5.231  -5.253   0
   7.82123804  -5.452  -5.270  -5.221  -5.240   1
   7.83529234  -5.464  -5.333  -5.292  -5.321   0
   7.84356451  -5.462  -5.382  -5.349  -5.389   0
   7.85113144  -5.451  -5.438  -5.417  -5.474   0
   7.85750055  -5.419  -5.482  -5.480  -5.560   0
   7.86258793  -5.361  -5.499  -5.528  -5.645   0
   7.86662579  -5.286  -5.486  -5.556  -5.723   0
   7.86956835  -5.207  -5.448  -5.566  -5.788   3
   7.87241030  -5.097  -5.365  -5.557  -5.861   0
   7.87423849  -4.993  -5.266  -5.540  -5.921   0
   7.87600899  -4.859  -5.139  -5.509  -5.980   0
   7.87771082  -4.684  -4.983  -5.461  -6.032   0
   7.87931633  -4.409  -4.768  -5.386  -6.077   0
   7.88061190  -3.924  -4.443  -5.261  -6.106   0
   7.88118458  -3.590  -4.246  -5.173  -6.099   0
   7.88175726  -3.197  -4.024  -5.062  -6.073   0
   7.88232422  -2.800  -3.802  -4.940  -6.028   0
   7.88308334  -2.361  -3.553  -4.780  -5.947   0
   7.88377047  -1.985  -3.332  -4.627  -5.859   0
   7.88513613  -1.648  -3.192  -4.566  -5.881   4
   7.88633633  -1.523  -3.174  -4.592  -5.948   0
   7.88821507  -1.436  -3.185  -4.642  -6.042   0
   7.88882542  -1.402  -3.216  -4.698  -6.125   0
   7.88957930  -1.356  -3.259  -4.777  -6.239   0
   7.89064169  -1.290  -3.309  -4.874  -6.383   0
   7.89192295  -1.269  -3.352  -4.952  -6.514   0
   7.89338207  -1.336  -3.369  -4.985  -6.626   0
   7.89479971  -1.408  -3.377  -5.004  -6.724   0
   7.89598417  -1.484  -3.384  -5.017  -6.811   0
   7.89648390  -1.514  -3.381  -5.017  -6.840   0
