   0.15000001  15.648  14.036  12.429  10.259   0
   0.20000000  14.460  13.016  11.501   9.553   0
   0.25000000  13.742  12.388  10.920   9.090   0
   0.30000001  13.161  11.873  10.449   8.704   0
   0.34999999  12.674  11.440  10.053   8.379   0
   0.40000001  12.164  10.971   9.617   8.007   0
   0.44999999  11.708  10.548   9.236   7.691   0
   0.50000000  11.216  10.086   8.822   7.347   0
   0.55000001  10.659   9.577   8.372   6.981   0
   0.60000002  10.095   9.085   7.945   6.640   0
   0.68334687   8.874   8.103   7.106   5.993   0
   0.69999999   8.646   7.926   6.953   5.873   0
   0.70575339   8.548   7.853   6.891   5.826   0
   0.80000001   7.091   6.776   5.985   5.128   0
   0.81999117   6.841   6.584   5.825   4.998   0
   0.88554472   6.084   5.988   5.326   4.588   0
   0.89999998   5.933   5.865   5.223   4.502   0
   0.91867203   5.750   5.710   5.091   4.389   0
   0.96675289   5.308   5.325   4.760   4.103   0
   1.00000000   5.032   5.072   4.539   3.912   0
   1.02712965   4.799   4.857   4.353   3.749   0
   1.05030823   4.609   4.679   4.196   3.611   0
   1.06948340   4.466   4.537   4.069   3.500   0
   1.08562410   4.349   4.421   3.965   3.408   0
   1.09941983   4.252   4.324   3.878   3.331   0
   1.10000002   4.248   4.320   3.875   3.328   0
   1.10847354   4.188   4.260   3.820   3.280   0
   1.11679220   4.131   4.203   3.769   3.235   0
   1.13771498   3.995   4.067   3.645   3.123   0
   1.16790438   3.820   3.888   3.478   2.968   0
   1.20000005   3.660   3.722   3.314   2.806   0
   1.20463276   3.638   3.699   3.291   2.784   1
   1.23013222   3.526   3.582   3.172   2.663   0
   1.25567484   3.428   3.476   3.058   2.539   0
   1.28112948   3.339   3.380   2.948   2.414   0
   1.29370248   3.297   3.334   2.894   2.351   0
   1.29999995   3.272   3.307   2.863   2.317   0
   1.30569935   3.246   3.279   2.834   2.285   0
   1.30959451   3.223   3.255   2.809   2.260   2
   1.31632566   3.156   3.187   2.747   2.204   0
   1.31954706   3.084   3.114   2.687   2.158   0
   1.32174635   2.949   2.981   2.583   2.086   0
   1.32240140   2.842   2.868   2.494   2.025   0
   1.32274461   2.757   2.775   2.419   1.973   1
   1.32319808   2.801   2.825   2.444   1.967   0
   1.33100176   2.812   2.825   2.383   1.837   0
   1.33916664   2.893   2.883   2.382   1.777   0
   1.34335077   3.030   2.992   2.437   1.784   0
   1.34703028   3.252   3.161   2.544   1.838   0
   1.34984875   3.488   3.345   2.671   1.918   0
   1.35262883   3.755   3.536   2.807   2.006   0
   1.35602951   3.960   3.666   2.884   2.038   4
   1.36294794   3.966   3.573   2.732   1.834   0
   1.36780775   3.832   3.404   2.544   1.628   0
   1.37160289   3.700   3.248   2.375   1.448   0
   1.37479734   3.574   3.100   2.213   1.276   0
   1.37754893   3.450   2.955   2.056   1.108   0
   1.37980151   3.343   2.825   1.912   0.954   0
   1.38188243   3.230   2.689   1.765   0.796   0
   1.38367748   3.129   2.558   1.620   0.637   0
   1.38511086   3.036   2.439   1.487   0.492   0
   1.38641524   2.950   2.325   1.359   0.353   0
   1.38754892   2.863   2.212   1.233   0.215   0
   1.38846886   2.786   2.111   1.119   0.091   0
   1.38936913   2.700   2.003   0.999  -0.039   0
   1.39018333   2.614   1.896   0.881  -0.165   0
   1.39088452   2.548   1.804   0.776  -0.281   0
   1.39157617   2.502   1.737   0.698  -0.368   0
   1.39211321   2.470   1.690   0.644  -0.428   2
   1.39286947   2.531   1.794   0.769  -0.285   0
   1.39292014   2.532   1.795   0.771  -0.282   0
   1.39357460   2.459   1.687   0.645  -0.424   0
   1.39428735   2.397   1.581   0.519  -0.569   0
   1.39499271   2.332   1.467   0.382  -0.727   0
   1.39565325   2.259   1.346   0.239  -0.890   0
   1.39621854   2.186   1.227   0.099  -1.049   0
   1.39670014   2.135   1.126  -0.027  -1.196   0
   1.39711726   2.087   1.029  -0.146  -1.334   0
   1.39753449   2.041   0.924  -0.277  -1.490   0
   1.39789104   1.992   0.820  -0.403  -1.639   0
   1.39820004   1.951   0.723  -0.525  -1.784   0
   1.39846623   1.919   0.631  -0.641  -1.924   0
   1.39872479   1.903   0.545  -0.757  -2.069   0
   1.39892387   1.874   0.460  -0.865  -2.199   0
   1.39912057   1.867   0.383  -0.972  -2.336   0
   1.39929247   1.865   0.312  -1.071  -2.465   0
   1.39945555   1.864   0.238  -1.175  -2.600   0
   1.39961076   1.840   0.145  -1.296  -2.749   0
   1.39975560   1.823   0.053  -1.417  -2.899   0
   1.39987075   1.841  -0.007  -1.509  -3.024   0
   1.39997947   1.828  -0.019  -1.547  -3.133   0
   1.39999998   1.823  -0.021  -1.554  -3.154   0
   1.40003264   1.815  -0.024  -1.564  -3.185   0
   1.40012741   1.774  -0.045  -1.607  -3.304   0
   1.40022540   1.742  -0.038  -1.622  -3.408   0
   1.40030932   1.659  -0.092  -1.690  -3.536   0
   1.40038872   1.585  -0.120  -1.729  -3.648   0
   1.40046334   1.518  -0.127  -1.738  -3.756   3
   1.40052712   1.478  -0.080  -1.693  -3.841   0
   1.40057683   1.442  -0.048  -1.660  -3.906   0
   1.40057683   2.290   1.684   0.728  -0.259   0
   1.40117705   2.252   1.627   0.662  -0.334   0
   1.40185022   2.239   1.609   0.642  -0.356   2
   1.40198910   2.238   1.609   0.643  -0.355   0
   1.40284395   2.233   1.609   0.645  -0.350   0
   1.40372133   2.226   1.606   0.645  -0.348   0
   1.40462208   2.217   1.602   0.643  -0.348   0
   1.40555513   2.207   1.596   0.638  -0.351   0
   1.40649724   2.198   1.591   0.635  -0.352   0
   1.40752864   2.188   1.584   0.630  -0.355   0
   1.40853739   2.178   1.577   0.624  -0.360   0
   1.40953767   2.168   1.569   0.618  -0.365   0
   1.41053379   2.159   1.561   0.610  -0.372   0
   1.41090894   2.154   1.557   0.607  -0.375   0
   1.41149223   2.150   1.552   0.602  -0.380   0
   1.41242278   2.142   1.542   0.591  -0.391   0
   1.41337717   2.131   1.530   0.578  -0.405   0
   1.41439617   2.127   1.518   0.562  -0.425   0
   1.41573954   2.121   1.497   0.534  -0.460   0
   1.41654778   2.103   1.471   0.503  -0.495   0
   1.41704309   2.092   1.452   0.481  -0.519   0
   1.41842461   2.054   1.393   0.411  -0.598   0
   1.41887975   2.025   1.326   0.324  -0.702   0
   1.41905189   2.003   1.275   0.257  -0.782   0
   1.41917157   1.969   1.185   0.138  -0.925   0
   1.41920626   1.937   1.113   0.047  -1.033   0
   1.41923296   1.887   0.985  -0.118  -1.232   0
   1.41924477   1.856   0.894  -0.236  -1.375   0
   1.41925895   1.829   0.791  -0.374  -1.544   0
   1.41927564   1.804   0.697  -0.498  -1.696   0
   1.41928697   1.796   0.671  -0.533  -1.740   0
   1.41934228   1.817   0.760  -0.414  -1.592   0
   1.41946113   1.833   0.810  -0.348  -1.513   1
   1.41971779   1.806   0.716  -0.473  -1.664   0
   1.41984916   1.782   0.627  -0.589  -1.808   0
   1.41995096   1.762   0.536  -0.710  -1.959   0
   1.42004967   1.745   0.441  -0.839  -2.120   0
   1.42013824   1.735   0.346  -0.968  -2.283   0
   1.42021036   1.733   0.261  -1.087  -2.435   0
   1.42029178   1.743   0.181  -1.205  -2.592   0
   1.42034018   1.754   0.100  -1.324  -2.752   0
   1.42038083   1.762   0.021  -1.437  -2.901   0
   1.42041206   1.784  -0.046  -1.540  -3.042   0
   1.42043519   1.806  -0.057  -1.583  -3.148   0
   1.42045641   1.766  -0.084  -1.631  -3.265   0
   1.42047656   1.739  -0.079  -1.649  -3.368   0
   1.42049897   1.676  -0.113  -1.700  -3.485   0
   1.42052364   1.604  -0.145  -1.747  -3.603   0
   1.42055130   1.554  -0.146  -1.756  -3.688   2
   1.42055774   1.615  -0.143  -1.742  -3.586   0
   1.42055976   1.564  -0.147  -1.756  -3.671   0
   1.42056108   1.514  -0.129  -1.741  -3.764   0
   1.42056322   1.487  -0.040  -1.652  -3.845   0
   1.42056715   1.428  -0.007  -1.618  -3.939   0
   1.42056835   1.422  -0.004  -1.614  -3.948   0
   1.42057216   1.406   0.000  -1.609  -3.970   0
   1.42057598   1.390   0.005  -1.604  -3.993   0
   1.42057991   1.374   0.009  -1.599  -4.015   0
   1.42058372   1.375   0.033  -1.573  -4.026   0
   1.42058682   1.381   0.056  -1.547  -4.032   0
   1.42059064   1.387   0.086  -1.514  -4.040   0
   1.42059445   1.394   0.115  -1.481  -4.047   0
   1.42059815   1.401   0.144  -1.449  -4.055   0
   1.42060184   1.408   0.174  -1.417  -4.062   0
   1.42060542   1.415   0.203  -1.385  -4.069   0
   1.42060828   1.420   0.226  -1.359  -4.075   0
   1.42061198   1.427   0.255  -1.327  -4.083   0
   1.42061555   1.434   0.284  -1.295  -4.090   0
   1.42061925   1.441   0.313  -1.262  -4.097   0
   1.42062283   1.447   0.343  -1.230  -4.105   0
   1.42062640   1.454   0.372  -1.198  -4.112   0
   1.42063010   1.461   0.401  -1.165  -4.119   0
   1.42063725   1.472   0.439  -1.124  -4.126   0
   1.42064667   1.481   0.476  -1.083  -4.134   0
   1.42065597   1.489   0.507  -1.049  -4.141   0
   1.42066526   1.497   0.537  -1.016  -4.148   0
   1.42067456   1.504   0.568  -0.982  -4.154   0
   1.42068362   1.516   0.603  -0.945  -4.157   0
   1.42069280   1.532   0.645  -0.903  -4.155   0
   1.42070186   1.548   0.686  -0.861  -4.154   0
   1.42071092   1.565   0.728  -0.819  -4.152   0
   1.42071974   1.581   0.769  -0.777  -4.150   0
   1.42072856   1.598   0.811  -0.735  -4.148   0
   1.42073739   1.615   0.853  -0.693  -4.146   0
   1.42074621   1.632   0.896  -0.650  -4.144   0
   1.42075479   1.649   0.938  -0.607  -4.142   0
   1.42076337   1.666   0.981  -0.564  -4.140   0
   1.42077208   1.683   1.024  -0.520  -4.138   0
   1.42078042   1.701   1.068  -0.477  -4.135   0
   1.42078876   1.719   1.112  -0.432  -4.132   0
   1.42079616   1.738   1.156  -0.388  -4.127   0
   1.42080283   1.763   1.207  -0.336  -4.118   0
   1.42080677   1.799   1.269  -0.274  -4.097   0
   1.42080748   1.830   1.318  -0.225  -4.076   0
   1.42080748   1.856   1.358  -0.184  -4.058   0
   1.42080748   1.887   1.405  -0.138  -4.037   2
   1.42080748   1.917   1.451  -0.091  -4.016   0
