   0.15000001  15.657  14.044  12.436  10.264   0
   0.20000000  14.472  13.026  11.511   9.562   0
   0.25000000  13.756  12.401  10.932   9.100   0
   0.30000001  13.176  11.887  10.462   8.716   0
   0.34999999  12.687  11.453  10.066   8.391   0
   0.40000001  12.179  10.986   9.631   8.020   0
   0.44999999  11.726  10.566   9.253   7.707   0
   0.50000000  11.239  10.109   8.844   7.367   0
   0.55000001  10.692   9.608   8.401   7.007   0
   0.60000002  10.139   9.123   7.979   6.668   0
   0.69999999   8.746   8.002   7.019   5.926   0
   0.80000001   7.240   6.889   6.081   5.205   0
   0.84609371   6.681   6.462   5.724   4.917   0
   0.89999998   6.099   6.006   5.346   4.609   0
   1.00000000   5.242   5.272   4.721   4.078   0
   1.03762996   4.954   5.011   4.497   3.885   0
   1.10000002   4.525   4.604   4.144   3.583   0
   1.11334538   4.442   4.522   4.072   3.522   0
   1.16200531   4.145   4.231   3.817   3.304   0
   1.19938397   3.939   4.019   3.630   3.145   0
   1.20000005   3.935   4.016   3.627   3.142   0
   1.23840296   3.733   3.804   3.442   2.991   0
   1.27801645   3.533   3.594   3.258   2.840   0
   1.28602517   3.494   3.553   3.222   2.811   0
   1.29999995   3.431   3.484   3.161   2.761   0
   1.30928683   3.388   3.436   3.120   2.730   0
   1.37141228   3.113   3.133   2.858   2.527   0
   1.39999998   2.994   3.002   2.742   2.434   0
   1.44081008   2.834   2.826   2.587   2.311   0
   1.50000000   2.611   2.581   2.366   2.127   0
   1.52954185   2.503   2.465   2.259   2.034   0
   1.58813143   2.294   2.240   2.047   1.839   0
   1.60000002   2.252   2.197   2.004   1.797   0
   1.63874960   2.120   2.058   1.868   1.665   1
   1.68178487   1.979   1.912   1.719   1.508   0
   1.70000005   1.921   1.854   1.657   1.438   0
   1.72078979   1.855   1.788   1.586   1.358   0
   1.75554037   1.753   1.689   1.471   1.216   0
   1.78579748   1.673   1.615   1.373   1.083   0
   1.79999995   1.642   1.589   1.332   1.019   0
   1.81159937   1.619   1.570   1.300   0.968   0
   1.82286561   1.596   1.551   1.267   0.916   0
   1.83336377   1.569   1.526   1.232   0.866   0
   1.84024358   1.540   1.497   1.201   0.833   2
   1.84515274   1.500   1.452   1.165   0.808   0
   1.84893012   1.438   1.378   1.113   0.788   0
   1.85000002   1.389   1.320   1.075   0.779   0
   1.85145295   1.317   1.233   1.022   0.770   0
   1.85211301   1.215   1.110   0.944   0.754   0
   1.85248125   1.104   0.996   0.875   0.736   0
   1.85257602   1.176   1.071   0.933   0.776   0
   1.85270774   1.271   1.174   0.991   0.777   4
   1.85289431   1.251   1.167   0.943   0.673   0
   1.85320687   1.251   1.182   0.914   0.583   0
   1.85370004   1.286   1.234   0.916   0.518   0
   1.85443854   1.351   1.314   0.941   0.471   0
   1.85542679   1.458   1.421   0.986   0.448   0
   1.85655439   1.600   1.549   1.054   0.456   0
   1.85768998   1.793   1.719   1.162   0.506   0
   1.85850310   2.013   1.898   1.288   0.587   0
   1.85926616   2.277   2.118   1.451   0.704   0
   1.86000085   2.557   2.332   1.611   0.818   0
   1.86073983   2.749   2.463   1.694   0.861   4
   1.86193419   2.795   2.439   1.624   0.751   0
   1.86281955   2.757   2.360   1.521   0.627   0
   1.86363268   2.689   2.262   1.404   0.496   0
   1.86444867   2.613   2.156   1.280   0.356   0
   1.86526239   2.520   2.037   1.147   0.212   0
   1.86595321   2.446   1.939   1.033   0.086   0
   1.86667526   2.374   1.837   0.917  -0.044   0
   1.86738086   2.304   1.737   0.801  -0.173   0
   1.86807883   2.230   1.635   0.685  -0.302   0
   1.86874497   2.149   1.530   0.568  -0.429   0
   1.86934090   2.086   1.441   0.465  -0.544   0
   1.86988914   2.031   1.358   0.367  -0.654   0
   1.87041461   1.980   1.277   0.271  -0.763   0
   1.87091792   1.933   1.199   0.177  -0.870   0
   1.87143016   1.886   1.122   0.084  -0.975   0
   1.87196553   1.845   1.050  -0.002  -1.076   0
   1.87244976   1.818   1.005  -0.056  -1.137   2
   1.87283731   1.837   1.045  -0.006  -1.078   0
   1.87298620   1.862   1.094   0.055  -1.006   0
   1.87311649   1.896   1.155   0.130  -0.920   0
   1.87323904   1.927   1.209   0.196  -0.843   0
   1.87339354   1.960   1.264   0.261  -0.769   0
   1.87350094   1.969   1.281   0.282  -0.745   0
   1.87391019   1.914   1.199   0.188  -0.850   0
   1.87448621   1.853   1.109   0.082  -0.968   0
   1.87504017   1.802   1.026  -0.018  -1.081   0
   1.87560987   1.756   0.945  -0.115  -1.194   0
   1.87614787   1.715   0.866  -0.212  -1.307   0
   1.87665844   1.672   0.787  -0.307  -1.417   0
   1.87714934   1.635   0.713  -0.399  -1.525   0
   1.87758565   1.601   0.641  -0.488  -1.630   0
   1.87799466   1.569   0.572  -0.574  -1.731   0
   1.87838352   1.542   0.506  -0.657  -1.830   0
   1.87872481   1.511   0.442  -0.738  -1.923   0
   1.87904119   1.492   0.387  -0.809  -2.009   0
   1.87933040   1.475   0.335  -0.875  -2.090   0
   1.87959003   1.461   0.291  -0.931  -2.159   0
   1.87982976   1.449   0.251  -0.983  -2.223   0
   1.88005280   1.438   0.213  -1.033  -2.285   0
   1.88015175   1.434   0.195  -1.056  -2.313   2
   1.88192976   2.401   1.954   1.087   0.171   0
   1.88819003   2.406   1.957   1.088   0.171   0
   1.88822520   2.406   1.957   1.088   0.171   0
   1.89793921   2.427   1.986   1.122   0.209   0
   1.89999998   2.431   1.992   1.129   0.216   4
   1.92256081   2.334   1.894   1.031   0.120   0
   1.96760571   2.133   1.701   0.845  -0.060   0
   1.98524404   2.049   1.621   0.767  -0.135   0
   2.00000000   1.984   1.552   0.697  -0.206   0
   2.02135277   1.886   1.449   0.591  -0.313   0
   2.04947734   1.776   1.309   0.434  -0.485   0
   2.06273341   1.721   1.215   0.315  -0.623   0
   2.06895471   1.666   1.113   0.186  -0.775   0
   2.06969547   1.623   1.022   0.070  -0.914   0
   2.06996822   1.561   0.922  -0.049  -1.048   0
   2.07007313   1.511   0.834  -0.157  -1.172   0
   2.07010818   1.485   0.790  -0.211  -1.234   0
   2.07017612   1.429   0.687  -0.338  -1.381   0
   2.07025790   1.362   0.568  -0.485  -1.550   0
   2.07353139   1.297   0.439  -0.643  -1.735   0
   2.07407832   1.266   0.358  -0.748  -1.862   0
   2.07485843   1.229   0.250  -0.888  -2.030   0
   2.07544065   1.179   0.114  -1.063  -2.239   0
   2.07578349   1.152   0.013  -1.196  -2.403   0
   2.07600975   1.133  -0.073  -1.311  -2.547   0
   2.07625651   1.109  -0.175  -1.445  -2.713   0
   2.07642126   1.095  -0.262  -1.563  -2.860   0
   2.07655859   1.086  -0.347  -1.679  -3.004   0
   2.07671642   1.085  -0.430  -1.796  -3.155   0
   2.07686067   1.095  -0.500  -1.898  -3.291   0
   2.07699776   1.118  -0.561  -1.993  -3.423   0
   2.07715583   1.133  -0.627  -2.092  -3.556   0
   2.07727265   1.153  -0.686  -2.182  -3.679   0
   2.07730007   1.139  -0.651  -2.128  -3.605   1
   2.07732081   1.148  -0.696  -2.195  -3.693   0
   2.07733440   1.171  -0.727  -2.251  -3.781   0
   2.07734132   1.153  -0.746  -2.274  -3.814   0
   2.07735205   1.149  -0.745  -2.279  -3.838   0
   2.07736278   1.145  -0.745  -2.284  -3.861   0
   2.07737350   1.140  -0.745  -2.290  -3.885   0
   2.07738423   1.134  -0.745  -2.295  -3.909   0
   2.07739282   1.129  -0.745  -2.299  -3.928   0
   2.07740355   1.122  -0.745  -2.304  -3.951   0
   2.07741427   1.114  -0.746  -2.310  -3.975   0
   2.07742500   1.106  -0.747  -2.315  -3.998   0
   2.07743573   1.097  -0.748  -2.321  -4.022   0
   2.07744622   1.087  -0.749  -2.326  -4.046   0
   2.07745647   1.077  -0.750  -2.332  -4.069   0
   2.07746696   1.067  -0.752  -2.337  -4.092   0
   2.07747722   1.055  -0.753  -2.343  -4.116   0
   2.07748747   1.043  -0.755  -2.348  -4.139   0
   2.07749581   1.033  -0.757  -2.353  -4.158   0
   2.07750607   1.019  -0.759  -2.358  -4.182   0
   2.07751632   1.005  -0.762  -2.364  -4.205   0
   2.07752657   0.991  -0.764  -2.370  -4.229   0
   2.07754302   0.974  -0.766  -2.375  -4.254   0
   2.07758307   0.950  -0.761  -2.373  -4.296   0
   2.07762313   0.939  -0.755  -2.368  -4.317   0
   2.07766271   0.929  -0.750  -2.363  -4.337   0
   2.07770228   0.917  -0.745  -2.358  -4.358   0
   2.07774138   0.906  -0.739  -2.353  -4.378   0
   2.07778049   0.894  -0.734  -2.348  -4.399   0
   2.07781911   0.882  -0.729  -2.344  -4.420   0
   2.07785773   0.870  -0.724  -2.339  -4.440   0
   2.07789588   0.857  -0.720  -2.334  -4.461   0
   2.07793403   0.845  -0.715  -2.329  -4.481   0
   2.07797170   0.832  -0.710  -2.324  -4.502   0
   2.07800913   0.818  -0.706  -2.320  -4.522   0
   2.07804656   0.805  -0.701  -2.315  -4.542   0
   2.07808352   0.791  -0.697  -2.310  -4.563   0
   2.07812047   0.777  -0.692  -2.305  -4.583   0
   2.07815695   0.762  -0.688  -2.300  -4.603   0
   2.07819343   0.748  -0.684  -2.295  -4.624   0
   2.07822943   0.733  -0.680  -2.291  -4.644   0
   2.07826543   0.718  -0.676  -2.286  -4.664   0
   2.07830095   0.702  -0.672  -2.281  -4.685   0
   2.07833648   0.692  -0.662  -2.269  -4.701   0
   2.07837176   0.699  -0.635  -2.239  -4.708   0
   2.07840657   0.705  -0.608  -2.209  -4.715   0
   2.07844114   0.712  -0.580  -2.179  -4.722   0
   2.07847548   0.718  -0.553  -2.148  -4.728   0
   2.07850981   0.725  -0.525  -2.118  -4.735   0
   2.07854366   0.732  -0.498  -2.088  -4.742   0
   2.07857728   0.738  -0.470  -2.057  -4.748   0
   2.07861090   0.745  -0.443  -2.027  -4.755   0
   2.07864404   0.752  -0.415  -1.996  -4.761   0
   2.07867694   0.758  -0.387  -1.966  -4.768   0
   2.07870960   0.765  -0.360  -1.935  -4.774   0
   2.07874203   0.772  -0.332  -1.905  -4.781   0
   2.07877445   0.779  -0.304  -1.874  -4.787   0
   2.07880640   0.785  -0.276  -1.843  -4.794   0
   2.07883811   0.792  -0.248  -1.812  -4.800   0
   2.07886958   0.799  -0.220  -1.781  -4.807   0
   2.07890081   0.806  -0.192  -1.750  -4.813   0
   2.07893181   0.813  -0.164  -1.719  -4.820   0
   2.07896233   0.820  -0.136  -1.688  -4.826   0
   2.07899284   0.827  -0.108  -1.657  -4.832   0
   2.07902312   0.839  -0.074  -1.622  -4.834   0
   2.07905316   0.854  -0.036  -1.583  -4.833   1
   2.07908273   0.869   0.003  -1.545  -4.831   0
   2.07911229   0.884   0.041  -1.506  -4.830   0
   2.07914138   0.899   0.079  -1.467  -4.828   0
   2.07917047   0.914   0.118  -1.428  -4.827   0
   2.07919931   0.930   0.157  -1.389  -4.825   0
   2.07922769   0.945   0.196  -1.350  -4.823   0
   2.07925582   0.961   0.235  -1.311  -4.821   0
   2.07928371   0.977   0.276  -1.270  -4.818   0
   2.07930756   0.994   0.314  -1.231  -4.814   0
   2.07932973   1.017   0.360  -1.185  -4.806   0
   2.07934356   1.052   0.420  -1.124  -4.785   0
   2.07934809   1.107   0.504  -1.040  -4.746   0
   2.07934976   1.140   0.553  -0.991  -4.723   0
   2.07934976   1.153   0.573  -0.970  -4.714   0
   2.07934976   1.168   0.595  -0.948  -4.704   0
   2.07934976   1.183   0.620  -0.924  -4.693   2
   2.07934976   1.201   0.646  -0.897  -4.681   0
   2.07934976   1.220   0.676  -0.867  -4.667   0
   2.07934999   1.239   0.705  -0.838  -4.654   0
