   0.15000001  15.663  14.049  12.440  10.267   0
   0.20000000  14.479  13.033  11.516   9.567   0
   0.25000000  13.764  12.409  10.939   9.107   0
   0.30000001  13.185  11.896  10.470   8.723   0
   0.34999999  12.695  11.461  10.073   8.397   0
   0.40000001  12.189  10.995   9.640   8.027   0
   0.44999999  11.737  10.578   9.264   7.717   0
   0.50000000  11.253  10.123   8.857   7.379   0
   0.55000001  10.712   9.626   8.418   7.022   0
   0.60000002  10.165   9.146   8.000   6.685   0
   0.69999999   8.808   8.051   7.061   5.958   0
   0.80000001   7.346   6.971   6.152   5.264   0
   0.89999998   6.217   6.106   5.433   4.686   0
   1.00000000   5.398   5.416   4.849   4.191   0
   1.10000002   4.682   4.762   4.289   3.715   0
   1.20000005   4.122   4.213   3.813   3.316   0
   1.29999995   3.650   3.720   3.387   2.974   0
   1.39999998   3.250   3.273   3.013   2.707   0
   1.50000000   2.894   2.870   2.681   2.486   0
   1.60000002   2.583   2.538   2.415   2.306   0
   1.70000005   2.300   2.267   2.196   2.146   0
   1.79999995   2.049   2.047   2.013   2.002   0
   1.85000002   1.924   1.946   1.926   1.930   0
   1.89999998   1.818   1.862   1.854   1.869   0
   1.92872190   1.755   1.809   1.809   1.830   0
   2.00000000   1.602   1.689   1.703   1.735   0
   2.20000005   1.210   1.383   1.427   1.482   0
   2.50000000   0.701   0.984   1.058   1.136   0
   2.61887145   0.522   0.842   0.924   1.008   0
   3.00000000  -0.003   0.414   0.515   0.618   0
   3.10705853  -0.137   0.303   0.409   0.516   0
   3.46814632  -0.572  -0.066   0.054   0.174   0
   3.50000000  -0.610  -0.098   0.023   0.144   0
   3.77712154  -0.916  -0.367  -0.236  -0.108   0
   4.00000000  -1.167  -0.593  -0.456  -0.324   0
   4.03569221  -1.207  -0.629  -0.492  -0.359   0
   4.24296331  -1.449  -0.856  -0.714  -0.578   0
   4.41837931  -1.665  -1.064  -0.919  -0.782   1
   4.50000000  -1.773  -1.169  -1.025  -0.887   0
   4.57545376  -1.873  -1.268  -1.123  -0.986   0
   4.70357466  -2.057  -1.455  -1.310  -1.176   0
   4.81323481  -2.229  -1.636  -1.493  -1.362   0
   4.90733385  -2.392  -1.813  -1.672  -1.546   0
   4.98802471  -2.545  -1.984  -1.846  -1.727   0
   5.00000000  -2.570  -2.011  -1.874  -1.755   0
   5.02507591  -2.620  -2.067  -1.932  -1.816   0
   5.05838919  -2.688  -2.143  -2.008  -1.894   0
   5.07856894  -2.729  -2.184  -2.050  -1.937   0
   5.09452581  -2.757  -2.206  -2.070  -1.956   3
   5.10553122  -2.768  -2.202  -2.063  -1.945   0
   5.11296034  -2.766  -2.165  -2.019  -1.890   0
   5.11506319  -2.766  -2.137  -1.985  -1.848   0
   5.11626387  -2.780  -2.122  -1.963  -1.817   0
   5.11639261  -2.770  -2.114  -1.956  -1.810   0
   5.11668968  -2.724  -2.093  -1.940  -1.802   0
   5.11700916  -2.754  -2.155  -2.010  -1.881   0
   5.11742020  -2.870  -2.308  -2.169  -2.053   0
   5.11778498  -2.967  -2.435  -2.303  -2.197   0
   5.11819601  -3.055  -2.557  -2.433  -2.336   0
   5.11867476  -3.131  -2.675  -2.559  -2.474   0
   5.11922216  -3.197  -2.792  -2.685  -2.613   0
   5.11979198  -3.251  -2.910  -2.813  -2.757   0
   5.11997461  -3.267  -2.950  -2.857  -2.806   0
   5.12037611  -3.291  -3.028  -2.944  -2.905   0
   5.12077761  -3.306  -3.106  -3.033  -3.009   0
   5.12120152  -3.308  -3.185  -3.126  -3.119   0
   5.12162495  -3.288  -3.258  -3.219  -3.235   0
   5.12202597  -3.233  -3.307  -3.302  -3.356   0
   5.12224865  -3.187  -3.317  -3.337  -3.420   0
   5.12244892  -3.118  -3.296  -3.354  -3.481   0
   5.12264967  -3.034  -3.242  -3.354  -3.543   3
   5.12287188  -2.929  -3.146  -3.332  -3.604   0
   5.12307262  -2.799  -3.005  -3.288  -3.663   0
   5.12327290  -2.625  -2.821  -3.216  -3.712   0
   5.12347269  -2.356  -2.573  -3.112  -3.747   0
   5.12367296  -1.930  -2.260  -2.969  -3.744   0
   5.12387323  -1.515  -1.979  -2.814  -3.687   0
   5.12418461  -0.996  -1.630  -2.587  -3.556   0
   5.12431812  -0.783  -1.510  -2.518  -3.531   4
   5.12456560  -0.639  -1.512  -2.598  -3.675   0
   5.12472343  -0.605  -1.574  -2.704  -3.820   0
   5.12488079  -0.595  -1.645  -2.813  -3.962   0
   5.12519598  -0.590  -1.717  -2.919  -4.098   0
   5.12575817  -0.576  -1.782  -3.019  -4.229   0
   5.12641048  -0.564  -1.851  -3.122  -4.365   0
   5.12706232  -0.556  -1.921  -3.224  -4.497   0
   5.12773657  -0.531  -1.980  -3.317  -4.623   0
   5.12986898  -0.539  -2.051  -3.414  -4.743   2
   5.14489079  -0.572  -1.999  -3.327  -4.623   0
   5.15471029  -0.603  -1.945  -3.239  -4.502   0
   5.16295242  -0.614  -1.879  -3.141  -4.373   0
   5.17117548  -0.636  -1.817  -3.044  -4.242   0
   5.18001556  -0.656  -1.757  -2.948  -4.116   0
   5.19222784  -0.721  -1.731  -2.879  -4.009   4
   5.20466995  -0.850  -1.775  -2.884  -3.977   0
   5.21657228  -1.369  -2.108  -3.117  -4.122   0
   5.22037745  -2.010  -2.501  -3.344  -4.218   0
   5.22327757  -2.418  -2.772  -3.482  -4.255   0
   5.22555113  -2.719  -2.989  -3.578  -4.252   0
   5.22696638  -2.883  -3.119  -3.631  -4.239   0
   5.22840500  -3.016  -3.237  -3.678  -4.220   0
   5.22988987  -3.120  -3.339  -3.718  -4.196   0
   5.23202419  -3.243  -3.466  -3.765  -4.160   0
   5.23420477  -3.344  -3.576  -3.802  -4.121   0
   5.23629284  -3.425  -3.655  -3.823  -4.082   0
   5.23847389  -3.497  -3.720  -3.839  -4.045   0
   5.24195337  -3.576  -3.772  -3.846  -4.000   0
   5.24919128  -3.649  -3.809  -3.850  -3.965   1
   5.28393984  -3.665  -3.864  -3.939  -4.096   0
   5.30314541  -3.638  -3.865  -3.984  -4.192   0
   5.31304455  -3.583  -3.818  -3.994  -4.264   0
   5.31950951  -3.515  -3.752  -3.992  -4.326   0
   5.32617188  -3.429  -3.658  -3.976  -4.390   0
   5.33001614  -3.331  -3.560  -3.948  -4.435   0
   5.33421469  -3.228  -3.464  -3.920  -4.475   0
   5.33656549  -3.103  -3.355  -3.883  -4.505   0
   5.33902073  -2.913  -3.213  -3.832  -4.530   0
   5.34132290  -2.688  -3.058  -3.771  -4.545   0
   5.34393024  -2.346  -2.838  -3.674  -4.540   0
   5.34631109  -1.761  -2.488  -3.487  -4.479   0
   5.34782791  -1.386  -2.258  -3.340  -4.400   0
   5.35085392  -0.932  -2.021  -3.204  -4.360   4
   5.35165453  -0.834  -2.017  -3.243  -4.436   0
   5.35190153  -0.792  -2.061  -3.324  -4.552   0
   5.35300255  -0.747  -2.120  -3.425  -4.696   0
   5.35332537  -0.705  -2.149  -3.484  -4.783   0
   5.35385656  -0.691  -2.225  -3.596  -4.928   0
   5.35453892  -0.665  -2.290  -3.698  -5.066   0
   5.35542965  -0.646  -2.358  -3.800  -5.204   0
   5.35637665  -0.634  -2.432  -3.910  -5.349   0
   5.35715199  -0.600  -2.488  -4.001  -5.476   0
   5.35775709  -0.565  -2.531  -4.076  -5.582   0
   5.35838079  -0.556  -2.581  -4.156  -5.707   0
   5.35889101  -0.606  -2.598  -4.189  -5.809   0
   5.35930681  -0.660  -2.613  -4.218  -5.902   0
   5.35985422  -0.741  -2.664  -4.279  -6.012   0
   5.36008072  -0.805  -2.686  -4.308  -6.095   0
   5.36030674  -0.879  -2.713  -4.341  -6.178   2
   5.36072206  -0.821  -2.708  -4.331  -6.112   0
   5.36079741  -0.881  -2.734  -4.361  -6.181   0
   5.36089182  -0.938  -2.745  -4.376  -6.241   0
   5.36091042  -0.952  -2.751  -4.383  -6.255   0
