   0.15000001  15.664  14.049  12.441  10.267   0
   0.20000000  14.480  13.033  11.517   9.567   0
   0.25000000  13.765  12.410  10.940   9.107   0
   0.30000001  13.186  11.897  10.471   8.724   0
   0.34999999  12.696  11.461  10.074   8.398   0
   0.40000001  12.190  10.996   9.641   8.028   0
   0.44999999  11.738  10.579   9.265   7.718   0
   0.50000000  11.254  10.124   8.858   7.380   0
   0.55000001  10.714   9.628   8.420   7.023   0
   0.60000002  10.167   9.149   8.002   6.686   0
   0.69999999   8.813   8.055   7.065   5.961   0
   0.80000001   7.356   6.978   6.159   5.270   0
   0.89999998   6.228   6.116   5.442   4.693   0
   1.00000000   5.416   5.432   4.863   4.203   0
   1.10000002   4.701   4.781   4.306   3.732   0
   1.20000005   4.143   4.235   3.835   3.336   0
   1.29999995   3.671   3.742   3.409   2.995   0
   1.39999998   3.272   3.297   3.037   2.730   0
   1.50000000   2.920   2.898   2.708   2.511   0
   1.60000002   2.617   2.573   2.450   2.343   0
   1.70000005   2.335   2.304   2.234   2.187   0
   1.79999995   2.093   2.097   2.063   2.055   0
   1.85000002   1.913   1.944   1.928   1.935   0
   1.89999998   1.854   1.909   1.906   1.927   0
   2.00000000   1.645   1.749   1.767   1.805   0
   2.20000005   1.275   1.475   1.526   1.588   0
   2.50000000   0.809   1.131   1.212   1.298   0
   3.00000000   0.193   0.660   0.769   0.884   0
   3.50000000  -0.289   0.278   0.408   0.544   0
   4.00000000  -0.683  -0.045   0.103   0.256   0
   4.50000000  -1.018  -0.324  -0.162   0.006   0
   5.00000000  -1.318  -0.576  -0.402  -0.221   0
   6.00000000  -1.849  -1.034  -0.840  -0.637   0
   7.00000000  -2.302  -1.428  -1.219  -0.999   0
   7.21674871  -2.392  -1.508  -1.296  -1.073   0
   9.00000000  -3.062  -2.101  -1.869  -1.623   0
  12.00000000  -3.946  -2.898  -2.642  -2.367   0
  13.53508186  -4.324  -3.245  -2.979  -2.693   0
  15.00000000  -4.672  -3.568  -3.294  -3.002   0
  17.97547340  -5.255  -4.117  -3.836  -3.539   0
  20.00000000  -5.627  -4.478  -4.195  -3.898   0
  21.46623421  -5.841  -4.688  -4.404  -4.106   1
  25.23449707  -6.410  -5.261  -4.980  -4.684   0
  28.30410767  -6.956  -5.821  -5.550  -5.268   0
  30.00000000  -7.283  -6.189  -5.928  -5.656   0
  30.69934082  -7.401  -6.320  -6.065  -5.801   0
  32.24228668  -7.788  -6.735  -6.506  -6.276   0
  33.36272812  -8.027  -7.048  -6.833  -6.621   0
  33.38782883  -8.029  -7.049  -6.833  -6.622   3
  33.60710526  -8.012  -6.995  -6.773  -6.552   0
  33.63570404  -7.997  -6.945  -6.716  -6.486   0
  33.64431763  -7.986  -6.917  -6.686  -6.452   0
  33.64952469  -7.987  -6.927  -6.697  -6.466   0
  33.65508270  -8.032  -6.992  -6.766  -6.540   0
  33.65841675  -8.070  -7.050  -6.827  -6.605   0
  33.66175079  -8.122  -7.130  -6.912  -6.697   0
  33.66449738  -8.171  -7.206  -6.993  -6.784   0
  33.66730499  -8.230  -7.298  -7.091  -6.889   0
  33.66952515  -8.285  -7.382  -7.180  -6.986   0
  33.67174530  -8.389  -7.477  -7.290  -7.115   0
  33.67338181  -8.467  -7.554  -7.377  -7.215   0
  33.67507553  -8.511  -7.633  -7.460  -7.305   0
  33.67670822  -8.558  -7.717  -7.548  -7.401   0
  33.67840195  -8.609  -7.806  -7.643  -7.504   0
  33.68009567  -8.663  -7.901  -7.745  -7.617   0
  33.68132019  -8.705  -7.975  -7.824  -7.705   0
  33.68283844  -8.766  -8.068  -7.927  -7.821   0
  33.68505859  -8.884  -8.194  -8.080  -8.008   0
  33.68686676  -8.928  -8.341  -8.227  -8.159   0
  33.69001770  -9.032  -8.591  -8.496  -8.452   0
  33.69427872  -9.147  -8.910  -8.861  -8.882   0
  33.69731140  -9.145  -9.055  -9.082  -9.191   0
  33.70028305  -8.986  -9.147  -9.236  -9.424   0
  33.70314026  -8.704  -9.009  -9.240  -9.593   3
  33.70599747  -8.368  -8.753  -9.191  -9.723   0
  33.70885086  -8.010  -8.489  -9.115  -9.797   0
  33.71199799  -7.627  -8.235  -9.025  -9.831   0
  33.71514130  -7.260  -8.013  -8.940  -9.846   0
  33.72323608  -6.778  -7.768  -8.866  -9.897   0
  33.73487473  -6.641  -7.718  -8.869  -9.937   2
  33.78376389  -6.931  -7.877  -8.948  -9.958   0
  34.11472321  -7.293  -8.108  -9.075 -10.008   0
  34.11994553  -7.286  -8.084  -9.039  -9.963   4
  34.23822021  -7.517  -8.219  -9.093  -9.958   0
  34.25799942  -8.945  -9.194  -9.346  -9.616   3
  34.25939178  -9.097  -9.232  -9.323  -9.504   0
  34.26012802  -9.216  -9.177  -9.236  -9.377   0
  34.26168442  -9.243  -9.044  -8.999  -9.024   0
  34.26602554  -9.127  -8.685  -8.590  -8.546   0
  34.28151703  -9.063  -8.561  -8.452  -8.392   0
  34.31126404  -9.024  -8.465  -8.352  -8.286   0
  34.34854889  -9.004  -8.417  -8.303  -8.235   1
  34.55110550  -8.971  -8.399  -8.286  -8.218   0
  34.67131805  -8.974  -8.399  -8.286  -8.218   0
  34.77685928  -8.989  -8.438  -8.325  -8.260   0
  34.85539627  -9.003  -8.476  -8.364  -8.300   0
  34.90742874  -9.016  -8.510  -8.401  -8.339   0
  34.94630051  -9.034  -8.547  -8.442  -8.386   0
  34.97203827  -9.052  -8.585  -8.484  -8.433   0
  34.99799728  -9.073  -8.629  -8.533  -8.489   0
  35.02344131  -9.091  -8.674  -8.584  -8.547   0
  35.04902267  -9.108  -8.718  -8.632  -8.603   0
  35.07482147  -9.125  -8.753  -8.673  -8.652   0
  35.10001755  -9.141  -8.783  -8.710  -8.697   0
  35.12543106  -9.157  -8.811  -8.743  -8.739   0
  35.15098190  -9.170  -8.836  -8.773  -8.776   0
  35.18883133  -9.174  -8.863  -8.803  -8.810   0
  35.22655106  -9.177  -8.884  -8.828  -8.838   0
  35.26763535  -9.180  -8.905  -8.851  -8.865   0
  35.31763840  -9.184  -8.926  -8.874  -8.892   0
  35.36608124  -9.185  -8.944  -8.895  -8.915   0
  35.42889404  -9.181  -8.955  -8.907  -8.929   3
  35.60478592  -9.184  -8.953  -8.905  -8.926   0
  35.88749313  -9.196  -8.896  -8.839  -8.848   0
  36.07102203  -9.200  -8.855  -8.788  -8.784   0
  37.15279007  -6.086  -4.831  -4.516  -4.206   0
  37.17467117  -5.897  -4.635  -4.314  -3.997   0
  37.19794464  -5.691  -4.423  -4.096  -3.771   0
