   0.15000001  15.632  14.023  12.418  10.251   0
   0.20000000  14.440  12.998  11.484   9.540   0
   0.25000000  13.718  12.367  10.900   9.072   0
   0.30000001  13.136  11.850  10.427   8.685   0
   0.34999999  12.652  11.419  10.033   8.361   0
   0.40000001  12.137  10.946   9.594   7.987   0
   0.44999999  11.679  10.520   9.209   7.667   0
   0.50000000  11.182  10.053   8.791   7.321   0
   0.55000001  10.610   9.533   8.334   6.950   0
   0.60000002  10.025   9.023   7.891   6.596   0
   0.69999999   8.501   7.815   6.857   5.798   0
   0.72105241   8.130   7.541   6.624   5.622   0
   0.79204702   6.983   6.690   5.910   5.064   0
   0.80000001   6.867   6.602   5.837   5.005   0
   0.81568772   6.656   6.437   5.699   4.892   0
   0.84672642   6.248   6.117   5.428   4.667   0
   0.87176347   5.954   5.872   5.221   4.492   0
   0.89256340   5.717   5.672   5.051   4.347   0
   0.89999998   5.634   5.602   4.991   4.295   0
   0.90376335   5.592   5.566   4.960   4.268   0
   0.92533290   5.360   5.362   4.780   4.109   0
   0.94372755   5.177   5.192   4.630   3.976   0
   0.95965821   5.020   5.045   4.499   3.858   0
   0.97358364   4.885   4.918   4.385   3.755   0
   0.98587739   4.770   4.808   4.284   3.663   0
   0.99692500   4.669   4.711   4.196   3.582   0
   0.99948919   4.646   4.689   4.176   3.563   0
   1.00000000   4.642   4.685   4.172   3.560   0
   1.00285375   4.614   4.658   4.147   3.537   0
   1.01344264   4.517   4.563   4.059   3.454   0
   1.02463806   4.437   4.481   3.978   3.375   1
   1.03582430   4.370   4.410   3.905   3.299   0
   1.04077709   4.341   4.378   3.872   3.264   0
   1.04549718   4.303   4.340   3.833   3.226   0
   1.04681265   4.290   4.326   3.820   3.214   0
   1.05072927   4.214   4.255   3.757   3.158   0
   1.05244851   4.146   4.191   3.703   3.112   0
   1.05383396   4.059   4.108   3.630   3.048   0
   1.05411255   4.041   4.090   3.612   3.032   0
   1.05469441   4.027   4.075   3.597   3.015   0
   1.07401097   3.887   3.922   3.433   2.841   0
   1.09548688   3.743   3.742   3.213   2.584   0
   1.10000002   3.732   3.718   3.171   2.526   0
   1.10228753   3.728   3.708   3.151   2.498   3
   1.10875463   3.890   3.802   3.176   2.462   0
   1.11211145   4.102   3.943   3.254   2.487   0
   1.11498201   4.354   4.102   3.347   2.525   0
   1.11581135   4.435   4.152   3.376   2.535   4
   1.11980569   4.568   4.178   3.341   2.442   0
   1.12264359   4.505   4.073   3.211   2.291   0
   1.12497675   4.393   3.940   3.065   2.133   0
   1.12699640   4.278   3.804   2.918   1.977   0
   1.12869060   4.165   3.672   2.775   1.825   0
   1.13023436   4.041   3.532   2.626   1.669   0
   1.13165414   3.925   3.398   2.482   1.516   0
   1.13290501   3.814   3.266   2.340   1.364   0
   1.13396823   3.707   3.137   2.199   1.213   0
   1.13494337   3.593   3.003   2.055   1.059   0
   1.13578820   3.491   2.876   1.915   0.910   0
   1.13655412   3.392   2.751   1.777   0.760   0
   1.13722169   3.289   2.623   1.636   0.608   0
   1.13783598   3.189   2.495   1.494   0.454   0
   1.13833666   3.088   2.373   1.360   0.311   0
   1.13884401   2.991   2.248   1.220   0.160   0
   1.13933659   2.917   2.140   1.096   0.020   0
   1.13972390   2.883   2.091   1.040  -0.042   0
   1.14015031   2.940   2.192   1.162   0.101   0
   1.14023268   2.952   2.211   1.184   0.126   1
   1.14061069   2.875   2.095   1.050  -0.027   0
   1.14098203   2.808   1.988   0.924  -0.171   0
   1.14136553   2.728   1.865   0.780  -0.332   0
   1.14168930   2.660   1.753   0.649  -0.481   0
   1.14196861   2.595   1.648   0.524  -0.624   0
   1.14225078   2.527   1.531   0.385  -0.783   0
   1.14249122   2.462   1.417   0.249  -0.938   0
   1.14269781   2.410   1.314   0.122  -1.087   0
   1.14289963   2.369   1.210  -0.007  -1.243   0
   1.14307368   2.321   1.105  -0.138  -1.398   0
   1.14322102   2.288   1.006  -0.264  -1.551   0
   1.14334822   2.256   0.913  -0.383  -1.694   0
   1.14345908   2.221   0.822  -0.498  -1.830   0
   1.14356720   2.205   0.736  -0.613  -1.976   0
   1.14366007   2.191   0.652  -0.725  -2.118   0
   1.14374089   2.193   0.581  -0.827  -2.252   0
   1.14381850   2.192   0.503  -0.937  -2.393   0
   1.14388573   2.133   0.393  -1.067  -2.542   0
   1.14394355   2.148   0.327  -1.165  -2.673   0
   1.14400315   2.123   0.285  -1.235  -2.806   0
   1.14405072   2.104   0.284  -1.263  -2.920   0
   1.14409506   2.064   0.266  -1.301  -3.031   0
   1.14413059   2.025   0.261  -1.325  -3.132   0
   1.14416766   1.951   0.218  -1.382  -3.251   0
   1.14419997   1.887   0.208  -1.400  -3.358   0
   1.14423060   1.822   0.205  -1.406  -3.462   3
   1.14425683   1.786   0.256  -1.355  -3.541   0
   1.14428365   1.749   0.320  -1.290  -3.620   0
   1.14430714   1.682   0.329  -1.277  -3.712   0
   1.14432788   1.712   0.443  -1.153  -3.736   0
   1.14432788   2.440   1.804   0.833  -0.167   0
   1.14453340   2.417   1.754   0.770  -0.242   0
   1.14482737   2.405   1.733   0.744  -0.272   2
   1.14511585   2.403   1.736   0.749  -0.264   0
   1.14542997   2.391   1.733   0.751  -0.258   0
   1.14575422   2.382   1.731   0.752  -0.253   0
   1.14608359   2.378   1.730   0.754  -0.250   0
   1.14641643   2.372   1.728   0.755  -0.247   0
   1.14676714   2.367   1.726   0.754  -0.246   0
   1.14711356   2.359   1.722   0.752  -0.247   0
   1.14745986   2.354   1.719   0.750  -0.248   0
   1.14779842   2.347   1.714   0.746  -0.251   0
   1.14814103   2.340   1.707   0.739  -0.257   0
   1.14819872   2.339   1.707   0.739  -0.258   0
   1.14848149   2.332   1.699   0.731  -0.265   0
   1.14883339   2.326   1.690   0.720  -0.278   0
   1.14919484   2.316   1.675   0.703  -0.296   0
   1.14967978   2.299   1.649   0.673  -0.330   0
   1.14999533   2.283   1.622   0.639  -0.369   0
   1.15018237   2.274   1.603   0.615  -0.398   0
   1.15043223   2.263   1.574   0.578  -0.443   0
   1.15107834   2.222   1.476   0.449  -0.597   0
   1.15113676   2.200   1.418   0.372  -0.689   0
   1.15118051   2.169   1.324   0.248  -0.841   0
   1.15119362   2.148   1.252   0.153  -0.958   0
   1.15120375   2.116   1.117  -0.030  -1.184   0
   1.15120792   2.096   1.032  -0.145  -1.326   0
   1.15121293   2.078   0.937  -0.273  -1.486   0
   1.15122056   2.057   0.848  -0.390  -1.633   0
   1.15122283   2.058   0.844  -0.397  -1.641   0
   1.15124500   2.073   0.926  -0.287  -1.504   0
   1.15128446   2.077   0.953  -0.249  -1.455   1
   1.15138185   2.056   0.860  -0.374  -1.611   0
   1.15142858   2.035   0.770  -0.493  -1.758   0
   1.15146089   2.034   0.698  -0.595  -1.889   0
   1.15149534   2.032   0.609  -0.720  -2.049   0
   1.15152705   2.042   0.530  -0.836  -2.203   0
   1.15155458   2.055   0.458  -0.943  -2.347   0
   1.15157819   2.063   0.387  -1.045  -2.483   0
   1.15159786   2.076   0.298  -1.176  -2.657   0
   1.15161347   2.115   0.250  -1.265  -2.800   0
   1.15162444   2.088   0.239  -1.303  -2.924   0
   1.15163326   2.069   0.252  -1.315  -3.026   0
   1.15164173   2.013   0.227  -1.358  -3.143   0
   1.15165007   1.936   0.184  -1.416  -3.265   0
   1.15165877   1.865   0.168  -1.442  -3.377   3
   1.15166807   1.820   0.204  -1.408  -3.469   0
   1.15167761   1.793   0.283  -1.329  -3.545   0
   1.15168273   1.762   0.368  -1.241  -3.618   0
   1.15168369   1.737   0.376  -1.232  -3.653   0
   1.15168524   1.742   0.403  -1.202  -3.661   0
   1.15168667   1.749   0.432  -1.170  -3.669   0
   1.15168822   1.756   0.461  -1.138  -3.676   0
   1.15168977   1.763   0.490  -1.106  -3.683   0
   1.15169132   1.769   0.519  -1.074  -3.691   0
   1.15169287   1.776   0.548  -1.041  -3.698   0
   1.15169442   1.783   0.577  -1.009  -3.705   0
   1.15169585   1.790   0.606  -0.977  -3.712   0
   1.15169740   1.797   0.635  -0.945  -3.720   0
   1.15169895   1.803   0.665  -0.913  -3.727   0
   1.15170014   1.809   0.688  -0.887  -3.733   0
   1.15170169   1.816   0.717  -0.855  -3.740   0
   1.15170324   1.823   0.746  -0.822  -3.747   0
   1.15170479   1.830   0.776  -0.790  -3.754   0
   1.15170634   1.837   0.805  -0.758  -3.762   0
   1.15170789   1.844   0.834  -0.725  -3.769   0
   1.15170932   1.851   0.864  -0.693  -3.776   0
   1.15171087   1.858   0.893  -0.660  -3.783   0
   1.15171242   1.865   0.923  -0.627  -3.790   0
   1.15171397   1.874   0.955  -0.593  -3.795   0
   1.15171552   1.889   0.995  -0.553  -3.794   0
   1.15171671   1.902   1.027  -0.521  -3.794   0
   1.15171826   1.917   1.067  -0.480  -3.793   0
   1.15171981   1.932   1.107  -0.440  -3.791   1
   1.15172136   1.947   1.144  -0.403  -3.790   0
   1.15172279   1.960   1.179  -0.367  -3.789   0
   1.15172434   1.974   1.214  -0.332  -3.788   0
   1.15172589   1.987   1.248  -0.298  -3.787   0
   1.15172744   2.001   1.283  -0.263  -3.786   0
   1.15173018   2.017   1.321  -0.224  -3.782   0
   1.15173328   2.034   1.363  -0.182  -3.780   0
   1.15173638   2.051   1.405  -0.139  -3.777   0
   1.15173936   2.068   1.447  -0.097  -3.775   0
   1.15174246   2.086   1.490  -0.054  -3.772   0
   1.15174556   2.104   1.533  -0.010  -3.769   0
   1.15174854   2.125   1.581   0.038  -3.764   0
   1.15175092   2.148   1.630   0.087  -3.755   0
   1.15175271   2.194   1.709   0.167  -3.728   0
   1.15175283   2.229   1.763   0.221  -3.704   1
   1.15175283   2.250   1.796   0.253  -3.689   0
