   0.15000001  15.624  14.016  12.412  10.247   0
   0.20000000  14.430  12.989  11.476   9.532   0
   0.25000000  13.706  12.356  10.889   9.063   0
   0.30000001  13.123  11.838  10.416   8.675   0
   0.34999999  12.641  11.408  10.023   8.352   0
   0.40000001  12.124  10.933   9.582   7.977   0
   0.44999999  11.668  10.509   9.199   7.659   0
   0.50000000  11.165  10.037   8.777   7.309   0
   0.55000001  10.585   9.510   8.314   6.934   0
   0.60000002   9.989   8.992   7.865   6.575   0
   0.66236413   8.996   8.198   7.187   6.056   0
   0.69999999   8.420   7.755   6.805   5.758   0
   0.75046587   7.533   7.097   6.250   5.330   0
   0.79795730   6.774   6.527   5.773   4.950   0
   0.80000001   6.743   6.503   5.753   4.934   0
   0.80995864   6.603   6.393   5.660   4.857   0
   0.83390850   6.270   6.131   5.437   4.671   0
   0.85380524   6.018   5.921   5.259   4.520   0
   0.87054038   5.812   5.747   5.110   4.392   0
   0.88360995   5.656   5.613   4.994   4.292   0
   0.89381009   5.536   5.510   4.905   4.214   0
   0.89999998   5.466   5.449   4.851   4.166   0
   0.90252453   5.436   5.423   4.828   4.146   0
   0.91775960   5.262   5.265   4.688   4.021   0
   0.93107712   5.117   5.129   4.565   3.910   0
   0.94283414   4.990   5.008   4.455   3.809   0
   0.95339936   4.877   4.900   4.356   3.718   0
   0.95585161   4.853   4.876   4.334   3.697   0
   0.97218615   4.713   4.738   4.203   3.571   1
   0.98500663   4.629   4.650   4.113   3.479   0
   0.99818903   4.546   4.561   4.018   3.380   0
   1.00000000   4.530   4.544   4.002   3.364   0
   1.00039530   4.526   4.539   3.997   3.359   0
   1.00356865   4.457   4.474   3.939   3.307   0
   1.00496423   4.388   4.411   3.885   3.261   0
   1.00609004   4.281   4.310   3.797   3.184   0
   1.00631654   4.256   4.286   3.774   3.163   1
   1.00668430   4.237   4.264   3.751   3.138   0
   1.01906025   4.142   4.157   3.631   3.007   0
   1.03696799   4.014   3.998   3.436   2.779   0
   1.04535019   4.099   4.016   3.391   2.679   3
   1.04924035   4.287   4.129   3.438   2.670   0
   1.05254006   4.578   4.301   3.529   2.691   0
   1.05293036   4.619   4.325   3.541   2.693   0
   1.05602753   4.746   4.347   3.505   2.601   0
   1.05843341   4.684   4.237   3.367   2.439   0
   1.06017673   4.576   4.108   3.225   2.285   0
   1.06170917   4.462   3.975   3.081   2.133   0
   1.06308198   4.338   3.833   2.929   1.973   0
   1.06432223   4.214   3.691   2.778   1.813   0
   1.06540143   4.093   3.552   2.630   1.657   0
   1.06631923   3.984   3.425   2.493   1.511   0
   1.06713355   3.871   3.292   2.350   1.359   0
   1.06790197   3.750   3.151   2.198   1.197   0
   1.06858027   3.636   3.014   2.049   1.038   0
   1.06913579   3.538   2.892   1.915   0.894   0
   1.06965232   3.432   2.761   1.771   0.739   0
   1.07007837   3.337   2.641   1.639   0.597   0
   1.07048559   3.227   2.508   1.493   0.442   0
   1.07086647   3.132   2.383   1.352   0.288   0
   1.07120919   3.053   2.273   1.228   0.150   0
   1.07158375   3.002   2.202   1.148   0.060   0
   1.07194030   3.070   2.318   1.286   0.222   0
   1.07196081   3.074   2.325   1.294   0.231   1
   1.07224655   2.991   2.204   1.156   0.075   0
   1.07251930   2.925   2.097   1.030  -0.069   0
   1.07280076   2.847   1.976   0.888  -0.230   0
   1.07304120   2.772   1.859   0.752  -0.382   0
   1.07324815   2.707   1.752   0.625  -0.528   0
   1.07342815   2.647   1.649   0.502  -0.667   0
   1.07361150   2.575   1.531   0.362  -0.826   0
   1.07376528   2.519   1.425   0.234  -0.975   0
   1.07390070   2.479   1.329   0.115  -1.118   0
   1.07401788   2.435   1.233  -0.004  -1.259   0
   1.07413256   2.397   1.131  -0.133  -1.414   0
   1.07423162   2.363   1.034  -0.256  -1.563   0
   1.07431722   2.329   0.940  -0.375  -1.706   0
   1.07439065   2.302   0.854  -0.486  -1.841   0
   1.07447052   2.290   0.762  -0.611  -2.000   0
   1.07452548   2.286   0.691  -0.710  -2.128   0
   1.07458425   2.286   0.615  -0.817  -2.268   0
   1.07463026   2.252   0.524  -0.931  -2.404   0
   1.07467413   2.233   0.438  -1.044  -2.543   0
   1.07471597   2.224   0.387  -1.126  -2.678   0
   1.07474768   2.198   0.371  -1.164  -2.783   0
   1.07478476   2.166   0.361  -1.199  -2.906   0
   1.07481194   2.130   0.357  -1.224  -3.009   0
   1.07483792   2.067   0.329  -1.268  -3.123   0
   1.07486010   1.999   0.298  -1.308  -3.227   0
   1.07488286   1.935   0.294  -1.315  -3.333   3
   1.07490289   1.887   0.321  -1.291  -3.422   0
   1.07492042   1.859   0.393  -1.218  -3.495   0
   1.07493925   1.803   0.433  -1.175  -3.585   0
   1.07495499   1.793   0.501  -1.098  -3.640   0
   1.07497036   1.834   0.638  -0.948  -3.659   0
   1.07497036   2.484   1.846   0.875  -0.125   0
   1.07511389   2.459   1.792   0.806  -0.207   0
   1.07531238   2.459   1.778   0.785  -0.234   0
   1.07533073   2.458   1.777   0.784  -0.235   2
   1.07551992   2.439   1.771   0.784  -0.229   0
   1.07573676   2.431   1.771   0.789  -0.220   0
   1.07595909   2.425   1.771   0.792  -0.214   0
   1.07618546   2.422   1.772   0.796  -0.208   0
   1.07641733   2.415   1.770   0.796  -0.206   0
   1.07666254   2.409   1.768   0.796  -0.204   0
   1.07690442   2.404   1.767   0.797  -0.201   0
   1.07714403   2.398   1.763   0.794  -0.203   0
   1.07737994   2.391   1.758   0.790  -0.206   0
   1.07759964   2.386   1.753   0.785  -0.210   0
   1.07761657   2.385   1.753   0.785  -0.211   0
   1.07785273   2.378   1.745   0.776  -0.219   0
   1.07809043   2.372   1.735   0.765  -0.232   0
   1.07832682   2.363   1.721   0.749  -0.250   0
   1.07861805   2.348   1.698   0.721  -0.281   0
   1.07887816   2.330   1.666   0.682  -0.327   0
   1.07903361   2.322   1.644   0.652  -0.363   0
   1.07948017   2.295   1.579   0.569  -0.463   0
   1.07958972   2.275   1.527   0.499  -0.547   0
   1.07963443   2.252   1.468   0.421  -0.641   0
   1.07966661   2.226   1.372   0.291  -0.801   0
   1.07967603   2.206   1.291   0.183  -0.936   0
   1.07968211   2.186   1.181   0.031  -1.125   0
   1.07968497   2.168   1.096  -0.084  -1.267   0
   1.07968795   2.154   1.013  -0.197  -1.410   0
   1.07969129   2.138   0.936  -0.300  -1.539   0
   1.07969594   2.130   0.891  -0.361  -1.616   0
   1.07970774   2.150   0.970  -0.257  -1.487   0
   1.07973576   2.147   1.004  -0.207  -1.421   1
   1.07981050   2.129   0.903  -0.343  -1.592   0
   1.07984269   2.119   0.819  -0.458  -1.737   0
   1.07987332   2.118   0.720  -0.598  -1.917   0
   1.07989705   2.126   0.639  -0.716  -2.071   0
   1.07992232   2.145   0.550  -0.849  -2.252   0
   1.07994270   2.128   0.449  -0.984  -2.421   0
   1.07995701   2.172   0.379  -1.101  -2.588   0
   1.07996607   2.213   0.350  -1.166  -2.706   0
   1.07997441   2.183   0.336  -1.208  -2.835   0
   1.07998085   2.160   0.348  -1.222  -2.944   0
   1.07998669   2.108   0.329  -1.259  -3.055   0
   1.07999289   2.025   0.278  -1.323  -3.179   0
   1.07999873   1.958   0.264  -1.346  -3.287   3
   1.08000481   1.917   0.303  -1.309  -3.374   0
   1.08001089   1.892   0.379  -1.233  -3.446   0
   1.08001769   1.854   0.472  -1.137  -3.530   0
   1.08001864   1.837   0.493  -1.112  -3.564   0
   1.08001947   1.842   0.516  -1.087  -3.569   0
   1.08002055   1.849   0.545  -1.055  -3.577   0
   1.08002162   1.856   0.574  -1.023  -3.584   0
   1.08002269   1.863   0.603  -0.991  -3.591   0
   1.08002377   1.869   0.632  -0.959  -3.598   0
   1.08002472   1.876   0.660  -0.927  -3.606   0
   1.08002579   1.883   0.689  -0.895  -3.613   0
   1.08002687   1.890   0.718  -0.863  -3.620   0
   1.08002782   1.895   0.742  -0.838  -3.626   0
   1.08002877   1.902   0.770  -0.806  -3.633   0
   1.08002985   1.909   0.799  -0.774  -3.640   0
   1.08003092   1.916   0.828  -0.742  -3.647   0
   1.08003199   1.923   0.858  -0.710  -3.654   0
   1.08003306   1.930   0.887  -0.677  -3.661   0
   1.08003414   1.937   0.916  -0.645  -3.669   0
   1.08003521   1.944   0.945  -0.613  -3.676   0
   1.08003628   1.951   0.974  -0.581  -3.683   0
   1.08003736   1.958   1.004  -0.548  -3.690   0
   1.08003843   1.965   1.033  -0.516  -3.697   0
   1.08003926   1.975   1.062  -0.486  -3.698   0
   1.08004034   1.990   1.101  -0.446  -3.697   1
   1.08004141   2.005   1.141  -0.406  -3.696   0
   1.08004248   2.021   1.181  -0.366  -3.695   0
   1.08004355   2.036   1.221  -0.326  -3.694   0
   1.08004463   2.051   1.261  -0.286  -3.693   0
   1.08004570   2.067   1.301  -0.245  -3.691   0
   1.08004677   2.082   1.338  -0.207  -3.690   0
   1.08004785   2.095   1.371  -0.174  -3.688   0
   1.08004880   2.108   1.404  -0.142  -3.687   0
   1.08004987   2.121   1.436  -0.109  -3.685   0
   1.08005095   2.134   1.469  -0.076  -3.684   0
   1.08005202   2.146   1.501  -0.043  -3.682   0
   1.08005309   2.159   1.534  -0.010  -3.681   0
   1.08005464   2.174   1.570   0.026  -3.678   0
   1.08005679   2.193   1.614   0.070  -3.675   0
   1.08005881   2.212   1.660   0.117  -3.671   0
   1.08006060   2.234   1.706   0.163  -3.664   0
   1.08006227   2.282   1.792   0.250  -3.638   0
   1.08006251   2.326   1.861   0.319  -3.608   0
