   0.15000001  15.659  14.045  12.437  10.265   0
   0.20000000  14.474  13.028  11.512   9.563   0
   0.25000000  13.758  12.404  10.934   9.102   0
   0.30000001  13.179  11.890  10.464   8.718   0
   0.34999999  12.690  11.455  10.068   8.393   0
   0.40000001  12.182  10.989   9.634   8.022   0
   0.44999999  11.729  10.570   9.257   7.710   0
   0.50000000  11.243  10.113   8.848   7.371   0
   0.55000001  10.698   9.614   8.407   7.011   0
   0.60000002  10.147   9.131   7.986   6.673   0
   0.69999999   8.765   8.017   7.032   5.936   0
   0.80000001   7.274   6.915   6.104   5.224   0
   0.89999998   6.135   6.036   5.372   4.632   0
   0.93844938   5.785   5.745   5.125   4.422   0
   1.00000000   5.280   5.308   4.754   4.107   0
   1.09233880   4.622   4.701   4.230   3.660   0
   1.10000002   4.575   4.655   4.190   3.626   0
   1.10355568   4.554   4.633   4.172   3.610   0
   1.17727876   4.116   4.204   3.799   3.293   0
   1.20000005   3.996   4.080   3.689   3.200   0
   1.25408208   3.723   3.794   3.439   2.998   0
   1.29999995   3.504   3.562   3.237   2.834   0
   1.32739758   3.381   3.426   3.122   2.749   0
   1.36513054   3.217   3.244   2.967   2.635   0
   1.39999998   3.074   3.085   2.831   2.534   0
   1.50000000   2.700   2.667   2.474   2.269   0
   1.53569424   2.576   2.533   2.358   2.177   0
   1.60000002   2.358   2.299   2.152   2.007   0
   1.63440907   2.246   2.179   2.046   1.917   0
   1.70000005   2.035   1.966   1.852   1.742   0
   1.71695960   1.982   1.912   1.802   1.697   0
   1.79082477   1.750   1.677   1.582   1.492   0
   1.79999995   1.721   1.648   1.554   1.465   0
   1.85000002   1.571   1.493   1.404   1.317   0
   1.85363793   1.561   1.482   1.393   1.306   1
   1.89999998   1.424   1.338   1.245   1.151   0
   1.90045369   1.423   1.336   1.244   1.150   0
   1.94676912   1.291   1.195   1.096   0.990   0
   1.98695326   1.183   1.080   0.966   0.841   0
   2.00000000   1.151   1.048   0.926   0.789   0
   2.02279758   1.095   0.991   0.854   0.699   0
   2.05345774   1.028   0.919   0.756   0.568   0
   2.06727314   0.998   0.892   0.716   0.509   0
   2.08011198   0.964   0.860   0.674   0.453   0
   2.08783531   0.934   0.830   0.643   0.420   0
   2.09431386   0.892   0.783   0.606   0.394   0
   2.09871674   0.833   0.715   0.562   0.381   0
   2.10169291   0.723   0.608   0.505   0.384   0
   2.10253859   0.629   0.532   0.464   0.384   0
   2.10301924   0.529   0.459   0.423   0.379   0
   2.10313773   0.607   0.526   0.476   0.418   0
   2.10331202   0.688   0.578   0.495   0.398   4
   2.10356116   0.668   0.548   0.426   0.281   0
   2.10395622   0.661   0.537   0.372   0.171   0
   2.10438967   0.677   0.566   0.357   0.103   0
   2.10511231   0.720   0.630   0.367   0.040   0
   2.10581708   0.775   0.702   0.391  -0.002   0
   2.10663390   0.855   0.798   0.430  -0.036   0
   2.10751200   0.984   0.928   0.490  -0.052   0
   2.10839534   1.148   1.077   0.572  -0.035   0
   2.10924554   1.351   1.254   0.687   0.021   0
   2.11005282   1.634   1.487   0.852   0.131   0
   2.11081886   1.969   1.758   1.056   0.279   0
   2.11156845   2.246   1.960   1.196   0.367   0
   2.11182165   2.294   1.988   1.207   0.365   4
   2.11308455   2.331   1.937   1.101   0.211   0
   2.11396265   2.280   1.842   0.980   0.069   0
   2.11503553   2.192   1.710   0.821  -0.111   0
   2.11613154   2.075   1.556   0.646  -0.304   0
   2.11709952   1.986   1.425   0.494  -0.475   0
   2.11805248   1.893   1.293   0.341  -0.646   0
   2.11886239   1.818   1.182   0.211  -0.791   0
   2.11973023   1.739   1.063   0.071  -0.948   0
   2.12045360   1.653   0.951  -0.053  -1.083   0
   2.12119436   1.579   0.842  -0.181  -1.226   0
   2.12192893   1.519   0.738  -0.308  -1.371   0
   2.12259340   1.471   0.647  -0.419  -1.500   0
   2.12324905   1.422   0.554  -0.533  -1.635   0
   2.12385726   1.376   0.464  -0.643  -1.762   0
   2.12448573   1.336   0.377  -0.753  -1.891   0
   2.12521172   1.303   0.287  -0.868  -2.030   0
   2.12557530   1.290   0.253  -0.911  -2.080   2
   2.12606072   1.405   0.532  -0.557  -1.660   0
   2.12607455   1.424   0.573  -0.506  -1.600   0
   2.12608957   1.448   0.624  -0.443  -1.525   0
   2.12610483   1.474   0.670  -0.388  -1.461   0
   2.12612486   1.496   0.712  -0.335  -1.399   0
   2.12615132   1.523   0.759  -0.278  -1.333   0
   2.12619019   1.554   0.808  -0.219  -1.267   0
   2.12627935   1.606   0.886  -0.128  -1.166   0
   2.12642670   1.655   0.965  -0.033  -1.057   0
   2.12665319   1.702   1.045   0.063  -0.947   0
   2.12715340   1.783   1.165   0.204  -0.790   0
   2.12973523   2.010   1.499   0.593  -0.352   0
   2.13337612   2.156   1.713   0.849  -0.063   0
   2.13660598   2.172   1.759   0.912   0.015   4
   2.18712163   1.991   1.581   0.739  -0.155   0
   2.20000005   1.945   1.535   0.693  -0.200   0
   2.22484899   1.837   1.430   0.591  -0.299   0
   2.27592063   1.620   1.208   0.368  -0.522   0
   2.32004952   1.466   1.031   0.178  -0.721   0
   2.34781218   1.415   0.924   0.034  -0.894   0
   2.35426950   1.387   0.840  -0.083  -1.039   0
   2.35527921   1.357   0.755  -0.196  -1.177   0
   2.35550714   1.303   0.663  -0.308  -1.306   0
   2.35554647   1.276   0.625  -0.352  -1.354   0
   2.35563397   1.227   0.532  -0.467  -1.488   0
   2.35571408   1.172   0.435  -0.586  -1.624   0
   2.35580230   1.118   0.340  -0.704  -1.760   0
   2.36026287   1.044   0.189  -0.891  -1.980   0
   2.36125684   0.995   0.047  -1.075  -2.202   0
   2.36188436   0.964  -0.060  -1.218  -2.376   0
   2.36249971   0.930  -0.180  -1.376  -2.568   0
   2.36282897   0.912  -0.255  -1.476  -2.691   0
   2.36306858   0.893  -0.323  -1.564  -2.800   0
   2.36332440   0.873  -0.398  -1.663  -2.923   0
   2.36353612   0.866  -0.469  -1.761  -3.045   0
   2.36369228   0.862  -0.541  -1.861  -3.172   0
   2.36384678   0.859  -0.616  -1.964  -3.302   0
   2.36400056   0.877  -0.679  -2.060  -3.433   0
   2.36416936   0.894  -0.751  -2.169  -3.580   0
   2.36432552   0.915  -0.827  -2.285  -3.737   0
   2.36451888   0.924  -0.912  -2.407  -3.897   0
   2.36470485   0.925  -0.980  -2.522  -4.092   0
   2.36472654   0.901  -0.993  -2.547  -4.159   0
   2.36474133   0.894  -0.993  -2.553  -4.182   0
   2.36475587   0.886  -0.994  -2.558  -4.206   0
   2.36477017   0.878  -0.995  -2.563  -4.229   0
   2.36478448   0.869  -0.996  -2.569  -4.253   0
   2.36479902   0.859  -0.997  -2.574  -4.276   0
   2.36481333   0.849  -0.998  -2.580  -4.299   0
   2.36482763   0.838  -1.000  -2.585  -4.323   0
   2.36484170   0.826  -1.002  -2.591  -4.346   0
   2.36485577   0.814  -1.004  -2.596  -4.369   0
   2.36486983   0.802  -1.006  -2.602  -4.392   0
   2.36488390   0.788  -1.008  -2.607  -4.415   0
   2.36489797   0.774  -1.011  -2.613  -4.438   0
   2.36491179   0.759  -1.013  -2.619  -4.462   0
   2.36492586   0.744  -1.016  -2.624  -4.485   0
   2.36493945   0.728  -1.019  -2.630  -4.508   0
   2.36495328   0.712  -1.021  -2.635  -4.531   3
   2.36496687   0.701  -1.016  -2.630  -4.552   0
   2.36498070   0.692  -1.011  -2.626  -4.569   0
   2.36499429   0.686  -1.007  -2.622  -4.581   0
   2.36500812   0.680  -1.004  -2.619  -4.592   0
   2.36502171   0.673  -1.000  -2.615  -4.604   0
   2.36503553   0.667  -0.997  -2.612  -4.616   0
   2.36505771   0.662  -0.992  -2.608  -4.625   0
   2.36511469   0.650  -0.987  -2.603  -4.645   0
   2.36517119   0.639  -0.983  -2.599  -4.665   0
   2.36522722   0.627  -0.978  -2.594  -4.684   0
   2.36528301   0.615  -0.974  -2.590  -4.704   0
   2.36533856   0.602  -0.969  -2.585  -4.723   0
   2.36539364   0.590  -0.965  -2.580  -4.743   0
   2.36544824   0.577  -0.961  -2.576  -4.763   0
   2.36550260   0.563  -0.956  -2.571  -4.782   0
   2.36555672   0.550  -0.952  -2.567  -4.802   0
   2.36561036   0.536  -0.948  -2.562  -4.821   0
   2.36566377   0.523  -0.944  -2.558  -4.841   0
   2.36571646   0.508  -0.941  -2.553  -4.860   0
   2.36576915   0.494  -0.937  -2.548  -4.879   0
   2.36582136   0.479  -0.933  -2.544  -4.899   0
   2.36587310   0.465  -0.929  -2.539  -4.918   0
   2.36592460   0.449  -0.926  -2.535  -4.937   0
   2.36597562   0.438  -0.918  -2.525  -4.954   0
   2.36602640   0.444  -0.892  -2.497  -4.961   0
   2.36607671   0.450  -0.866  -2.468  -4.967   0
   2.36612678   0.457  -0.840  -2.439  -4.974   0
   2.36617637   0.463  -0.814  -2.410  -4.980   0
   2.36622572   0.469  -0.788  -2.381  -4.986   0
   2.36627460   0.475  -0.761  -2.352  -4.993   0
   2.36632323   0.482  -0.735  -2.323  -4.999   0
   2.36637139   0.488  -0.709  -2.294  -5.005   0
   2.36641908   0.494  -0.683  -2.265  -5.012   0
   2.36646652   0.501  -0.656  -2.236  -5.018   0
   2.36651373   0.507  -0.630  -2.207  -5.024   0
   2.36656022   0.514  -0.604  -2.178  -5.031   0
   2.36660671   0.520  -0.577  -2.149  -5.037   0
   2.36665249   0.527  -0.551  -2.119  -5.043   0
   2.36669803   0.533  -0.524  -2.090  -5.049   0
   2.36674333   0.540  -0.497  -2.061  -5.055   0
   2.36678815   0.546  -0.471  -2.031  -5.061   0
   2.36683249   0.553  -0.444  -2.002  -5.067   0
   2.36687660   0.560  -0.417  -1.972  -5.074   0
   2.36692023   0.566  -0.390  -1.943  -5.080   0
   2.36696362   0.573  -0.363  -1.913  -5.086   0
   2.36700654   0.583  -0.332  -1.880  -5.088   0
   2.36704922   0.597  -0.296  -1.844  -5.087   0
   2.36709118   0.611  -0.260  -1.807  -5.086   0
   2.36713314   0.626  -0.224  -1.771  -5.084   0
   2.36717439   0.640  -0.188  -1.735  -5.083   0
   2.36721539   0.654  -0.153  -1.699  -5.081   0
   2.36725616   0.668  -0.117  -1.663  -5.080   0
   2.36729646   0.683  -0.081  -1.627  -5.077   0
   2.36733437   0.698  -0.044  -1.590  -5.074   0
   2.36736846   0.715  -0.007  -1.552  -5.069   0
   2.36740327   0.742   0.044  -1.501  -5.056   0
   2.36741543   0.771   0.089  -1.456  -5.037   0
   2.36741972   0.805   0.139  -1.406  -5.011   0
   2.36742139   0.825   0.167  -1.378  -4.997   0
   2.36742282   0.842   0.192  -1.352  -4.984   1
   2.36742401   0.862   0.221  -1.324  -4.969   0
   2.36742520   0.882   0.250  -1.294  -4.954   0
   2.36742663   0.904   0.282  -1.262  -4.938   0
   2.36742783   0.929   0.318  -1.226  -4.919   0
   2.36742997   0.956   0.357  -1.187  -4.900   0
