   0.15000001  15.663  14.048  12.440  10.266   0
   0.20000000  14.478  13.032  11.516   9.566   0
   0.25000000  13.763  12.408  10.938   9.106   0
   0.30000001  13.184  11.895  10.469   8.722   0
   0.34999999  12.694  11.460  10.072   8.397   0
   0.40000001  12.188  10.994   9.639   8.026   0
   0.44999999  11.736  10.577   9.263   7.716   0
   0.50000000  11.252  10.121   8.855   7.378   0
   0.55000001  10.710   9.625   8.417   7.020   0
   0.60000002  10.162   9.144   7.998   6.683   0
   0.69999999   8.801   8.046   7.057   5.955   0
   0.80000001   7.336   6.963   6.145   5.258   0
   0.89999998   6.205   6.096   5.425   4.678   0
   1.00000000   5.380   5.400   4.834   4.178   0
   1.10000002   4.662   4.742   4.270   3.698   0
   1.20000005   4.100   4.189   3.791   3.294   0
   1.29362845   3.656   3.726   3.390   2.973   0
   1.29999995   3.628   3.696   3.365   2.952   0
   1.37602687   3.317   3.350   3.074   2.744   0
   1.39999998   3.226   3.248   2.988   2.683   0
   1.50000000   2.867   2.841   2.653   2.459   0
   1.51541674   2.816   2.785   2.608   2.428   0
   1.60000002   2.550   2.503   2.379   2.269   0
   1.70000005   2.265   2.228   2.155   2.102   0
   1.79999995   2.008   1.999   1.961   1.946   0
   1.85000002   1.887   1.899   1.875   1.873   0
   1.89999998   1.768   1.799   1.786   1.795   0
   1.97801101   1.591   1.650   1.654   1.678   0
   2.00000000   1.543   1.611   1.619   1.645   0
   2.20000005   1.124   1.271   1.311   1.360   0
   2.32490087   0.885   1.079   1.132   1.190   0
   2.50000000   0.564   0.814   0.883   0.953   0
   2.57412243   0.437   0.708   0.781   0.855   0
   2.77729440   0.093   0.412   0.498   0.579   0
   2.94544911  -0.187   0.164   0.256   0.342   0
   3.00000000  -0.279   0.079   0.173   0.261   0
   3.10035896  -0.442  -0.071   0.026   0.116   0
   3.22295642  -0.644  -0.263  -0.164  -0.073   0
   3.32709217  -0.825  -0.442  -0.341  -0.251   1
   3.41639686  -0.989  -0.610  -0.510  -0.423   0
   3.49364924  -1.139  -0.773  -0.674  -0.591   0
   3.50000000  -1.152  -0.786  -0.688  -0.605   0
   3.50078297  -1.153  -0.788  -0.689  -0.606   0
   3.56886530  -1.294  -0.948  -0.852  -0.774   0
   3.62762284  -1.422  -1.100  -1.008  -0.936   0
   3.65377021  -1.482  -1.172  -1.081  -1.013   0
   3.67796540  -1.539  -1.238  -1.149  -1.083   0
   3.69145775  -1.573  -1.273  -1.183  -1.117   0
   3.70404625  -1.607  -1.296  -1.204  -1.137   3
   3.71195054  -1.633  -1.297  -1.202  -1.129   0
   3.71728086  -1.658  -1.272  -1.168  -1.085   0
   3.71879292  -1.680  -1.256  -1.145  -1.054   0
   3.71963406  -1.710  -1.252  -1.136  -1.037   0
   3.71980119  -1.683  -1.234  -1.119  -1.022   0
   3.72008562  -1.635  -1.228  -1.121  -1.034   0
   3.72040653  -1.694  -1.333  -1.234  -1.157   0
   3.72084379  -1.793  -1.481  -1.388  -1.323   0
   3.72142696  -1.867  -1.613  -1.530  -1.477   0
   3.72198081  -1.904  -1.703  -1.629  -1.589   0
   3.72261453  -1.926  -1.788  -1.726  -1.700   0
   3.72325420  -1.930  -1.858  -1.811  -1.801   0
   3.72393870  -1.915  -1.919  -1.893  -1.907   0
   3.72441435  -1.890  -1.952  -1.946  -1.982   0
   3.72489619  -1.843  -1.961  -1.987  -2.059   0
   3.72538400  -1.771  -1.935  -2.009  -2.136   3
   3.72585869  -1.671  -1.856  -2.002  -2.211   0
   3.72633290  -1.534  -1.703  -1.954  -2.282   0
   3.72656012  -1.445  -1.601  -1.911  -2.310   0
   3.72679400  -1.328  -1.473  -1.855  -2.335   0
   3.72701454  -1.175  -1.321  -1.784  -2.351   0
   3.72731948  -0.886  -1.076  -1.663  -2.343   0
   3.72761774  -0.582  -0.841  -1.527  -2.287   0
   3.72791600  -0.266  -0.605  -1.371  -2.194   0
   3.72822046   0.031  -0.392  -1.224  -2.102   0
   3.72836947   0.160  -0.309  -1.173  -2.076   4
   3.72882128   0.311  -0.294  -1.243  -2.217   0
   3.72912216   0.316  -0.369  -1.361  -2.370   0
   3.72957993   0.270  -0.480  -1.507  -2.545   0
   3.73013544   0.225  -0.576  -1.631  -2.690   0
   3.73086667   0.197  -0.675  -1.762  -2.850   0
   3.73153210   0.187  -0.755  -1.874  -2.991   0
   3.73221660   0.158  -0.847  -1.995  -3.137   0
   3.73291349   0.124  -0.943  -2.119  -3.285   0
   3.73357058   0.118  -1.005  -2.207  -3.395   0
   3.73455858   0.093  -1.070  -2.289  -3.493   2
   3.74145269   0.110  -0.997  -2.192  -3.373   0
   3.74645066   0.110  -0.931  -2.095  -3.251   0
   3.75062299   0.134  -0.847  -1.984  -3.115   0
   3.75413752   0.152  -0.768  -1.878  -2.985   0
   3.75731587   0.158  -0.700  -1.781  -2.862   0
   3.76087165   0.182  -0.619  -1.672  -2.730   0
   3.76575851   0.225  -0.520  -1.544  -2.579   0
   3.77297902   0.250  -0.435  -1.427  -2.436   0
   3.78205371   0.139  -0.464  -1.412  -2.382   4
   3.79051995  -0.149  -0.666  -1.558  -2.480   0
   3.79328203  -0.311  -0.785  -1.644  -2.541   0
   3.79813790  -0.643  -1.023  -1.814  -2.655   0
   3.85648727  -1.501  -1.700  -2.257  -2.911   0
   3.87231255  -1.585  -1.778  -2.321  -2.963   1
   3.92660928  -1.379  -1.682  -2.377  -3.142   0
   3.94305134  -0.958  -1.414  -2.252  -3.128   0
   3.95186520  -0.534  -1.138  -2.080  -3.040   0
   3.95894670  -0.132  -0.953  -2.015  -3.075   4
   3.95957375  -0.105  -0.973  -2.057  -3.138   0
   3.95975041  -0.059  -1.015  -2.140  -3.258   0
   3.95990229  -0.079  -1.099  -2.254  -3.397   0
   3.96167016  -0.119  -1.280  -2.499  -3.696   0
   3.96218848  -0.115  -1.353  -2.603  -3.832   0
   3.96270680  -0.102  -1.413  -2.694  -3.953   0
   3.96340013  -0.086  -1.492  -2.812  -4.108   0
   3.96408820  -0.080  -1.579  -2.937  -4.268   0
   3.96462941  -0.075  -1.651  -3.040  -4.402   0
   3.96523881  -0.067  -1.739  -3.166  -4.568   0
   3.96565247  -0.051  -1.802  -3.262  -4.695   0
   3.96602726  -0.024  -1.862  -3.356  -4.826   0
   3.96635818  -0.004  -1.925  -3.452  -4.954   0
   3.96665001   0.006  -1.977  -3.534  -5.077   0
   3.96699047  -0.067  -2.015  -3.596  -5.228   0
   3.96720910  -0.120  -2.018  -3.617  -5.332   0
   3.96742773  -0.200  -2.040  -3.653  -5.452   0
   3.96759796  -0.287  -2.063  -3.686  -5.560   0
   3.96774840  -0.344  -2.072  -3.697  -5.634   0
   3.96787477  -0.381  -2.072  -3.697  -5.688   2
   3.96800590  -0.426  -2.048  -3.671  -5.758   0
   3.96819997  -0.420  -2.059  -3.682  -5.746   0
   3.96835041  -0.342  -2.100  -3.725  -5.620   0
   3.96840382  -0.430  -2.050  -3.673  -5.763   0
   3.96844268  -0.476  -2.020  -3.640  -5.832   0
   3.96846223  -0.493  -2.011  -3.630  -5.854   0
   3.96847177  -0.507  -2.004  -3.621  -5.873   0
   3.96848631  -0.529  -1.995  -3.610  -5.902   0
   3.96854758  -0.552  -1.990  -3.604  -5.931   0
   3.96860862  -0.579  -1.987  -3.598  -5.960   0
   3.96866989  -0.603  -1.983  -3.592  -5.989   0
   3.96873093  -0.616  -1.968  -3.575  -6.012   0
   3.96879220  -0.608  -1.930  -3.533  -6.022   0
   3.96885324  -0.599  -1.892  -3.491  -6.032   0
   3.96891451  -0.590  -1.854  -3.449  -6.041   0
   3.96897531  -0.582  -1.816  -3.407  -6.051   0
   3.96903515  -0.576  -1.793  -3.381  -6.057   0
   3.96909499  -0.574  -1.786  -3.373  -6.059   0
   3.96915483  -0.572  -1.778  -3.365  -6.060   0
   3.96921468  -0.570  -1.771  -3.357  -6.061   0
   3.96938348  -0.566  -1.754  -3.338  -6.065   0
   3.96964955  -0.560  -1.729  -3.311  -6.071   0
   3.96991563  -0.554  -1.705  -3.284  -6.077   0
   3.97018170  -0.548  -1.680  -3.257  -6.083   0
   3.97044778  -0.542  -1.656  -3.230  -6.088   0
   3.97078109  -0.535  -1.627  -3.198  -6.095   0
   3.97111535  -0.528  -1.598  -3.166  -6.102   0
   3.97145081  -0.521  -1.570  -3.136  -6.108   0
   3.97178841  -0.514  -1.543  -3.106  -6.114   0
   3.97212839  -0.507  -1.516  -3.076  -6.120   0
   3.97247148  -0.500  -1.488  -3.045  -6.126   0
   3.97281861  -0.493  -1.459  -3.013  -6.132   0
   3.97317028  -0.485  -1.430  -2.981  -6.138   0
   3.97352791  -0.477  -1.400  -2.948  -6.144   0
   3.97393155  -0.459  -1.355  -2.903  -6.142   0
   3.97434878  -0.439  -1.308  -2.855  -6.138   0
   3.97458982  -0.425  -1.278  -2.825  -6.133   0
   3.97468567  -0.416  -1.263  -2.810  -6.128   1
   3.97472882  -0.410  -1.254  -2.801  -6.123   0
   3.97474885  -0.405  -1.248  -2.795  -6.118   0
   3.97475791  -0.402  -1.245  -2.792  -6.116   0
   3.97476339  -0.399  -1.242  -2.788  -6.113   0
   3.97476912  -0.395  -1.238  -2.785  -6.109   0
   3.97477460  -0.389  -1.232  -2.779  -6.103   0
   3.97478032  -0.376  -1.219  -2.766  -6.089   0
   3.97478580  -0.361  -1.204  -2.751  -6.074   0
   3.97479153  -0.344  -1.188  -2.735  -6.057   0
   3.97479701  -0.326  -1.171  -2.718  -6.039   0
   3.97480249  -0.312  -1.157  -2.704  -6.024   0
   3.97480822  -0.301  -1.147  -2.694  -6.013   0
   3.97481370  -0.290  -1.136  -2.683  -6.002   0
   3.97481942  -0.278  -1.124  -2.671  -5.990   0
   3.97482491  -0.265  -1.112  -2.659  -5.976   0
   3.97483063  -0.251  -1.099  -2.646  -5.962   0
   3.97483611  -0.236  -1.085  -2.632  -5.947   0
   3.97484159  -0.220  -1.069  -2.616  -5.930   0
   3.97484756  -0.203  -1.052  -2.600  -5.912   0
