   0.15000001  15.663  14.049  12.441  10.267   0
   0.20000000  14.480  13.033  11.517   9.567   0
   0.25000000  13.765  12.409  10.939   9.107   0
   0.30000001  13.186  11.896  10.470   8.723   0
   0.34999999  12.696  11.461  10.073   8.398   0
   0.40000001  12.190  10.995   9.640   8.027   0
   0.44999999  11.738  10.578   9.264   7.718   0
   0.50000000  11.254  10.124   8.858   7.380   0
   0.55000001  10.713   9.628   8.420   7.023   0
   0.60000002  10.166   9.148   8.001   6.686   0
   0.69999999   8.812   8.054   7.064   5.960   0
   0.80000001   7.353   6.976   6.157   5.268   0
   0.89999998   6.225   6.113   5.439   4.691   0
   1.00000000   5.411   5.428   4.859   4.200   0
   1.10000002   4.695   4.775   4.302   3.727   0
   1.20000005   4.137   4.229   3.829   3.330   0
   1.29999995   3.666   3.736   3.403   2.989   0
   1.39999998   3.266   3.291   3.030   2.724   0
   1.50000000   2.913   2.890   2.701   2.504   0
   1.60000002   2.607   2.563   2.441   2.333   0
   1.70000005   2.325   2.294   2.223   2.176   0
   1.79999995   2.081   2.083   2.049   2.041   0
   1.85000002   1.916   1.944   1.927   1.934   0
   1.89999998   1.844   1.896   1.892   1.911   0
   2.00000000   1.634   1.733   1.750   1.786   0
   2.20000005   1.258   1.451   1.499   1.560   0
   2.50000000   0.782   1.091   1.169   1.253   0
   3.00000000   0.148   0.594   0.700   0.809   0
   3.12805247   0.009   0.481   0.593   0.707   0
   3.50000000  -0.366   0.177   0.303   0.432   0
   4.00000000  -0.798  -0.182  -0.039   0.107   0
   4.42150545  -1.111  -0.447  -0.291  -0.132   0
   4.50000000  -1.168  -0.495  -0.337  -0.176   0
   5.00000000  -1.523  -0.803  -0.632  -0.459   0
   5.35086870  -1.757  -1.008  -0.831  -0.649   0
   6.00000000  -2.179  -1.385  -1.195  -1.001   0
   6.04335356  -2.206  -1.410  -1.219  -1.024   0
   6.60235786  -2.560  -1.732  -1.532  -1.329   0
   7.00000000  -2.818  -1.971  -1.766  -1.558   0
   7.05928040  -2.856  -2.006  -1.801  -1.592   0
   7.45391512  -3.119  -2.257  -2.048  -1.836   0
   7.78969669  -3.364  -2.494  -2.284  -2.071   0
   8.07529068  -3.583  -2.710  -2.500  -2.287   1
   8.32157040  -3.799  -2.930  -2.721  -2.511   0
   8.53318787  -3.994  -3.132  -2.925  -2.718   0
   8.71517944  -4.195  -3.348  -3.144  -2.944   0
   8.87216282  -4.376  -3.543  -3.343  -3.149   0
   8.94211292  -4.469  -3.644  -3.447  -3.257   0
   9.00000000  -4.546  -3.728  -3.532  -3.346   0
   9.06386185  -4.619  -3.802  -3.608  -3.423   0
   9.10231304  -4.642  -3.815  -3.618  -3.430   3
   9.12401104  -4.611  -3.740  -3.532  -3.328   0
   9.12685299  -4.627  -3.720  -3.504  -3.288   0
   9.12696838  -4.625  -3.718  -3.502  -3.286   0
   9.12786388  -4.584  -3.701  -3.490  -3.281   0
   9.12842846  -4.626  -3.772  -3.569  -3.371   0
   9.12888622  -4.711  -3.884  -3.688  -3.501   0
   9.12936020  -4.822  -4.028  -3.840  -3.666   0
   9.12971973  -4.904  -4.135  -3.954  -3.789   0
   9.13007927  -4.988  -4.246  -4.073  -3.919   0
   9.13045597  -5.074  -4.364  -4.198  -4.055   0
   9.13083172  -5.161  -4.485  -4.329  -4.200   0
   9.13123989  -5.250  -4.613  -4.468  -4.355   0
   9.13164902  -5.339  -4.750  -4.618  -4.522   0
   9.13207340  -5.428  -4.897  -4.779  -4.704   0
   9.13228703  -5.472  -4.976  -4.866  -4.803   0
   9.13251686  -5.512  -5.059  -4.957  -4.906   0
   9.13279533  -5.550  -5.168  -5.078  -5.042   0
   9.13297558  -5.571  -5.236  -5.155  -5.132   0
   9.13318920  -5.593  -5.315  -5.248  -5.243   0
   9.13336945  -5.602  -5.387  -5.332  -5.343   0
   9.13354969  -5.593  -5.455  -5.412  -5.439   0
   9.13371372  -5.570  -5.516  -5.486  -5.530   0
   9.13386154  -5.528  -5.563  -5.552  -5.621   0
   9.13397598  -5.487  -5.582  -5.590  -5.681   0
   9.13407421  -5.429  -5.582  -5.616  -5.739   0
   9.13418865  -5.354  -5.556  -5.628  -5.797   0
   9.13428783  -5.265  -5.507  -5.628  -5.853   3
   9.13438606  -5.162  -5.425  -5.612  -5.909   0
   9.13448429  -5.037  -5.305  -5.582  -5.964   0
   9.13458252  -4.883  -5.158  -5.536  -6.014   0
   9.13468075  -4.686  -4.980  -5.470  -6.053   0
   9.13477898  -4.404  -4.757  -5.381  -6.078   0
   9.13487720  -3.982  -4.465  -5.255  -6.080   0
   9.13492680  -3.703  -4.292  -5.173  -6.066   0
   9.13502502  -3.140  -3.957  -4.994  -6.006   0
   9.13510704  -2.683  -3.682  -4.820  -5.913   0
   9.13525486  -2.268  -3.437  -4.654  -5.819   0
   9.13530350  -2.133  -3.355  -4.596  -5.784   0
   9.13545036  -1.796  -3.228  -4.558  -5.834   4
   9.13559628  -1.565  -3.253  -4.685  -6.063   0
   9.13569355  -1.528  -3.347  -4.832  -6.262   0
   9.13579082  -1.538  -3.433  -4.949  -6.408   0
   9.13611603  -1.516  -3.497  -5.046  -6.539   0
   9.13713932  -1.491  -3.560  -5.145  -6.672   0
   9.13853550  -1.508  -3.588  -5.197  -6.783   0
   9.14194202  -1.534  -3.604  -5.218  -6.822   2
   9.16861725  -1.526  -3.606  -5.195  -6.724   0
   9.19281101  -1.602  -3.571  -5.116  -6.599   0
   9.21647072  -1.666  -3.536  -5.042  -6.485   0
   9.25035858  -1.764  -3.526  -4.988  -6.385   0
   9.28868294  -1.993  -3.625  -5.035  -6.375   0
   9.30612564  -2.199  -3.741  -5.115  -6.416   0
   9.31620216  -3.003  -4.199  -5.426  -6.583   0
   9.31862736  -3.869  -4.671  -5.689  -6.680   0
   9.31982422  -4.645  -5.128  -5.884  -6.680   0
   9.32042217  -4.965  -5.343  -5.958  -6.645   0
   9.32157135  -5.286  -5.594  -6.034  -6.570   0
   9.32270432  -5.453  -5.742  -6.069  -6.502   0
   9.32385254  -5.555  -5.835  -6.085  -6.447   0
   9.32616425  -5.671  -5.937  -6.098  -6.374   0
   9.32960701  -5.771  -6.007  -6.106  -6.311   3
   9.33409882  -5.859  -6.041  -6.096  -6.250   0
   9.33850861  -5.923  -6.050  -6.078  -6.196   0
   9.34391785  -5.984  -6.044  -6.048  -6.136   0
   9.35016727  -6.024  -6.009  -6.000  -6.071   0
   9.35711288  -6.051  -5.978  -5.954  -6.006   0
   9.36571884  -6.072  -5.941  -5.903  -5.938   0
   9.37720871  -6.092  -5.894  -5.848  -5.874   0
   9.39243317  -6.110  -5.871  -5.822  -5.842   1
   9.41213894  -6.115  -5.948  -5.906  -5.936   0
   9.42021751  -6.107  -6.011  -5.981  -6.026   0
   9.42663765  -6.095  -6.062  -6.051  -6.120   0
   9.43108559  -6.062  -6.108  -6.111  -6.198   0
   9.43500805  -6.002  -6.129  -6.157  -6.276   0
   9.43863297  -5.920  -6.118  -6.186  -6.355   0
   9.44185352  -5.805  -6.057  -6.191  -6.437   3
   9.44368839  -5.721  -5.995  -6.185  -6.491   0
   9.44545269  -5.615  -5.899  -6.168  -6.548   0
   9.44707584  -5.488  -5.783  -6.141  -6.602   0
   9.44846725  -5.337  -5.651  -6.104  -6.651   0
   9.44969940  -5.151  -5.499  -6.054  -6.691   0
   9.45078850  -4.893  -5.310  -5.987  -6.724   0
   9.45171738  -4.514  -5.064  -5.892  -6.742   0
   9.45214653  -4.229  -4.898  -5.820  -6.738   0
   9.45295048  -3.678  -4.587  -5.667  -6.704   0
   9.45400524  -2.993  -4.207  -5.442  -6.606   0
   9.45531178  -2.233  -3.784  -5.162  -6.465   0
   9.45780087  -1.905  -3.676  -5.141  -6.535   4
   9.46165371  -1.718  -3.693  -5.240  -6.721   0
   9.47195053  -1.931  -3.738  -5.379  -7.264   0
