   0.15000001  15.663  14.049  12.440  10.267   0
   0.20000000  14.480  13.033  11.517   9.567   0
   0.25000000  13.764  12.409  10.939   9.107   0
   0.30000001  13.186  11.896  10.470   8.723   0
   0.34999999  12.696  11.461  10.073   8.398   0
   0.40000001  12.190  10.995   9.640   8.027   0
   0.44999999  11.738  10.578   9.264   7.717   0
   0.50000000  11.254  10.124   8.858   7.379   0
   0.55000001  10.713   9.628   8.419   7.023   0
   0.60000002  10.166   9.148   8.001   6.686   0
   0.69999999   8.811   8.054   7.063   5.960   0
   0.80000001   7.352   6.976   6.156   5.268   0
   0.89999998   6.224   6.113   5.439   4.691   0
   1.00000000   5.409   5.426   4.858   4.199   0
   1.10000002   4.694   4.774   4.300   3.726   0
   1.20000005   4.135   4.227   3.827   3.329   0
   1.29999995   3.664   3.734   3.401   2.987   0
   1.39999998   3.264   3.289   3.028   2.722   0
   1.50000000   2.911   2.888   2.698   2.502   0
   1.60000002   2.605   2.560   2.438   2.330   0
   1.70000005   2.322   2.291   2.220   2.172   0
   1.79999995   2.077   2.079   2.045   2.036   0
   1.85000002   1.917   1.945   1.927   1.933   0
   1.89999998   1.841   1.892   1.887   1.906   0
   2.00000000   1.630   1.728   1.744   1.780   0
   2.20000005   1.253   1.443   1.491   1.551   0
   2.50000000   0.773   1.079   1.156   1.239   0
   2.80992293   0.361   0.755   0.850   0.950   0
   3.00000000   0.131   0.573   0.678   0.786   0
   3.50000000  -0.393   0.147   0.273   0.401   0
   3.95732880  -0.799  -0.193  -0.051   0.092   0
   4.00000000  -0.835  -0.223  -0.080   0.065   0
   4.50000000  -1.221  -0.552  -0.396  -0.236   0
   4.77936316  -1.431  -0.735  -0.571  -0.404   0
   5.00000000  -1.595  -0.880  -0.710  -0.539   0
   5.39598322  -1.879  -1.133  -0.955  -0.775   0
   5.87827682  -2.227  -1.449  -1.262  -1.073   0
   6.00000000  -2.317  -1.532  -1.343  -1.153   0
   6.29114342  -2.526  -1.726  -1.533  -1.338   0
   6.62874699  -2.780  -1.967  -1.770  -1.572   0
   6.91461325  -3.013  -2.191  -1.992  -1.793   1
   7.00000000  -3.088  -2.264  -2.065  -1.866   0
   7.16166544  -3.227  -2.402  -2.203  -2.004   0
   7.38008070  -3.434  -2.612  -2.414  -2.218   0
   7.56775665  -3.629  -2.815  -2.618  -2.425   0
   7.72915792  -3.821  -3.020  -2.826  -2.639   0
   7.86838102  -4.000  -3.215  -3.025  -2.845   0
   7.93041658  -4.089  -3.312  -3.125  -2.948   0
   7.98768187  -4.172  -3.402  -3.217  -3.044   0
   8.03207970  -4.233  -3.464  -3.280  -3.108   0
   8.04896927  -4.248  -3.475  -3.290  -3.116   3
   8.06691074  -4.256  -3.470  -3.282  -3.105   0
   8.07893085  -4.237  -3.424  -3.228  -3.040   0
   8.08229828  -4.231  -3.401  -3.201  -3.008   0
   8.08436489  -4.244  -3.382  -3.175  -2.971   0
   8.08437347  -4.244  -3.382  -3.175  -2.971   0
   8.08502293  -4.202  -3.363  -3.161  -2.964   0
   8.08549404  -4.239  -3.430  -3.236  -3.050   0
   8.08584213  -4.317  -3.532  -3.345  -3.169   0
   8.08623219  -4.422  -3.666  -3.487  -3.322   0
   8.08666325  -4.535  -3.813  -3.643  -3.491   0
   8.08713627  -4.654  -3.973  -3.812  -3.675   0
   8.08747005  -4.733  -4.085  -3.932  -3.807   0
   8.08781719  -4.813  -4.200  -4.058  -3.946   0
   8.08818626  -4.894  -4.323  -4.191  -4.094   0
   8.08855438  -4.973  -4.451  -4.331  -4.252   0
   8.08874893  -5.012  -4.519  -4.406  -4.336   0
   8.08910656  -5.075  -4.647  -4.547  -4.496   0
   8.08947086  -5.123  -4.782  -4.697  -4.667   0
   8.08964920  -5.138  -4.848  -4.773  -4.755   0
   8.08983421  -5.148  -4.916  -4.851  -4.848   0
   8.09002018  -5.148  -4.985  -4.933  -4.946   0
   8.09020519  -5.132  -5.051  -5.013  -5.044   0
   8.09039688  -5.094  -5.112  -5.094  -5.150   0
   8.09058189  -5.021  -5.141  -5.156  -5.251   0
   8.09076691  -4.903  -5.108  -5.184  -5.353   3
   8.09087467  -4.813  -5.053  -5.182  -5.412   0
   8.09100914  -4.674  -4.931  -5.155  -5.485   0
   8.09110546  -4.552  -4.809  -5.122  -5.537   0
   8.09119415  -4.414  -4.675  -5.076  -5.576   0
   8.09127712  -4.247  -4.526  -5.019  -5.606   0
   8.09136009  -4.022  -4.345  -4.946  -5.627   0
   8.09143066  -3.751  -4.151  -4.864  -5.633   0
   8.09150696  -3.392  -3.916  -4.758  -5.625   0
   8.09157658  -3.034  -3.697  -4.645  -5.592   0
   8.09167862  -2.541  -3.400  -4.465  -5.504   0
   8.09181309  -2.133  -3.149  -4.297  -5.406   0
   8.09188271  -1.949  -3.039  -4.220  -5.362   4
   8.09208584  -1.565  -2.937  -4.242  -5.500   0
   8.09220695  -1.455  -3.013  -4.393  -5.722   0
   8.09228897  -1.435  -3.083  -4.500  -5.862   0
   8.09237957  -1.396  -3.108  -4.550  -5.939   0
   8.09259033  -1.361  -3.155  -4.630  -6.053   0
   8.09324455  -1.333  -3.207  -4.714  -6.168   0
   8.09414577  -1.304  -3.260  -4.799  -6.286   0
   8.09513092  -1.288  -3.303  -4.866  -6.376   0
   8.09743023  -1.285  -3.329  -4.904  -6.425   2
   8.12167740  -1.354  -3.291  -4.823  -6.301   0
   8.13954735  -1.403  -3.248  -4.744  -6.184   0
   8.15619183  -1.451  -3.209  -4.669  -6.074   0
   8.17415714  -1.514  -3.190  -4.618  -5.988   0
   8.20151138  -1.659  -3.219  -4.600  -5.922   4
   8.21713829  -1.779  -3.271  -4.625  -5.919   0
   8.23288631  -2.135  -3.484  -4.779  -6.009   0
   8.23622322  -2.461  -3.679  -4.917  -6.092   0
   8.23751736  -2.688  -3.804  -4.994  -6.128   0
   8.23854160  -2.962  -3.947  -5.077  -6.157   0
   8.23955822  -3.241  -4.099  -5.155  -6.178   0
   8.24073696  -3.599  -4.302  -5.263  -6.215   0
   8.24233818  -4.338  -4.756  -5.456  -6.213   0
   8.24482441  -4.938  -5.220  -5.601  -6.083   0
   8.24797058  -5.135  -5.407  -5.643  -5.988   0
   8.25041580  -5.228  -5.489  -5.658  -5.937   0
   8.25354481  -5.319  -5.558  -5.669  -5.885   0
   8.25662708  -5.388  -5.593  -5.667  -5.840   0
   8.26046658  -5.462  -5.622  -5.660  -5.788   0
   8.26415920  -5.514  -5.621  -5.638  -5.740   0
   8.26866341  -5.564  -5.611  -5.608  -5.685   0
   8.27298832  -5.596  -5.590  -5.574  -5.636   0
   8.27798462  -5.622  -5.566  -5.538  -5.585   0
   8.28415585  -5.644  -5.534  -5.498  -5.534   0
   8.29334259  -5.663  -5.503  -5.459  -5.486   0
   8.30149460  -5.673  -5.494  -5.448  -5.471   1
   8.31425858  -5.683  -5.551  -5.512  -5.545   0
   8.32177353  -5.679  -5.595  -5.563  -5.605   0
   8.32864857  -5.665  -5.647  -5.630  -5.691   0
   8.33443546  -5.631  -5.696  -5.697  -5.781   0
   8.33905792  -5.565  -5.712  -5.746  -5.869   0
   8.34272766  -5.480  -5.690  -5.770  -5.949   0
   8.34540176  -5.390  -5.639  -5.774  -6.016   3
   8.34798527  -5.269  -5.543  -5.761  -6.091   0
   8.34964657  -5.161  -5.441  -5.743  -6.151   0
   8.35125542  -5.017  -5.305  -5.707  -6.208   0
   8.35280228  -4.817  -5.134  -5.652  -6.260   0
   8.35426235  -4.495  -4.893  -5.567  -6.302   0
   8.35544014  -3.907  -4.525  -5.418  -6.317   0
   8.35596085  -3.541  -4.314  -5.318  -6.302   0
   8.35648155  -3.146  -4.095  -5.203  -6.265   0
   8.35699654  -2.782  -3.893  -5.081  -6.211   0
   8.35768700  -2.387  -3.670  -4.937  -6.136   0
   8.35831165  -2.038  -3.466  -4.794  -6.057   0
   8.35973549  -1.731  -3.352  -4.757  -6.098   4
   8.36098766  -1.621  -3.336  -4.779  -6.160   0
   8.36294651  -1.535  -3.340  -4.819  -6.238   0
   8.36358261  -1.510  -3.359  -4.855  -6.293   0
   8.36436939  -1.455  -3.392  -4.923  -6.396   0
   8.36547756  -1.373  -3.436  -5.019  -6.544   0
   8.36681366  -1.394  -3.469  -5.078  -6.669   0
   8.36833572  -1.465  -3.483  -5.106  -6.777   0
   8.36981392  -1.539  -3.489  -5.121  -6.869   0
   8.37104893  -1.612  -3.487  -5.124  -6.943   3
   8.37157059  -1.641  -3.480  -5.118  -6.969   0
