   0.15000001  15.664  14.049  12.441  10.267   0
   0.20000000  14.480  13.033  11.517   9.567   0
   0.25000000  13.765  12.409  10.940   9.107   0
   0.30000001  13.186  11.896  10.470   8.724   0
   0.34999999  12.696  11.461  10.074   8.398   0
   0.40000001  12.190  10.996   9.641   8.028   0
   0.44999999  11.738  10.579   9.265   7.718   0
   0.50000000  11.254  10.124   8.858   7.380   0
   0.55000001  10.713   9.628   8.420   7.023   0
   0.60000002  10.167   9.148   8.001   6.686   0
   0.69999999   8.813   8.055   7.064   5.961   0
   0.80000001   7.355   6.978   6.158   5.269   0
   0.89999998   6.226   6.115   5.441   4.692   0
   1.00000000   5.413   5.430   4.861   4.201   0
   1.10000002   4.698   4.778   4.304   3.730   0
   1.20000005   4.140   4.232   3.832   3.333   0
   1.29999995   3.669   3.739   3.406   2.992   0
   1.39999998   3.269   3.294   3.034   2.728   0
   1.50000000   2.917   2.894   2.705   2.508   0
   1.60000002   2.612   2.568   2.446   2.338   0
   1.70000005   2.330   2.299   2.229   2.181   0
   1.79999995   2.088   2.091   2.057   2.048   0
   1.85000002   1.914   1.944   1.927   1.935   0
   1.89999998   1.850   1.903   1.899   1.920   0
   2.00000000   1.640   1.742   1.759   1.796   0
   2.20000005   1.267   1.464   1.513   1.575   0
   2.50000000   0.796   1.113   1.192   1.277   0
   3.00000000   0.172   0.629   0.737   0.849   0
   3.50000000  -0.324   0.229   0.358   0.489   0
   4.00000000  -0.736  -0.113   0.031   0.180   0
   4.07703114  -0.792  -0.160  -0.014   0.137   0
   4.50000000  -1.086  -0.406  -0.247  -0.083   0
   5.00000000  -1.411  -0.684  -0.512  -0.335   0
   5.86573505  -1.918  -1.124  -0.935  -0.740   0
   6.00000000  -1.993  -1.190  -0.998  -0.800   0
   7.00000000  -2.508  -1.643  -1.436  -1.220   0
   7.12817621  -2.570  -1.699  -1.490  -1.272   0
   8.10533810  -3.041  -2.127  -1.907  -1.677   0
   8.88606262  -3.408  -2.464  -2.237  -1.999   0
   9.00000000  -3.464  -2.518  -2.289  -2.050   0
  10.17633247  -4.005  -3.027  -2.792  -2.546   0
  11.13611412  -4.499  -3.511  -3.275  -3.030   1
  11.85307884  -4.939  -3.960  -3.729  -3.491   0
  12.00000000  -5.050  -4.078  -3.849  -3.615   0
  12.40297222  -5.331  -4.379  -4.156  -3.932   0
  12.65476704  -5.538  -4.606  -4.390  -4.176   0
  12.77671242  -5.633  -4.707  -4.493  -4.282   0
  12.83068562  -5.652  -4.717  -4.501  -4.288   3
  12.86614132  -5.615  -4.642  -4.417  -4.190   0
  12.87070179  -5.620  -4.615  -4.382  -4.144   0
  12.87119007  -5.619  -4.611  -4.377  -4.139   0
  12.87278175  -5.602  -4.614  -4.386  -4.154   0
  12.87351322  -5.647  -4.680  -4.457  -4.233   0
  12.87368488  -5.665  -4.704  -4.483  -4.262   0
  12.87424946  -5.728  -4.789  -4.573  -4.360   0
  12.87481308  -5.804  -4.890  -4.680  -4.476   0
  12.87541771  -5.894  -5.010  -4.808  -4.615   0
  12.87582016  -5.959  -5.101  -4.904  -4.720   0
  12.87618351  -6.020  -5.183  -4.993  -4.818   0
  12.87654591  -6.081  -5.266  -5.083  -4.917   0
  12.87690830  -6.145  -5.353  -5.178  -5.023   0
  12.87731075  -6.216  -5.454  -5.287  -5.144   0
  12.87759304  -6.269  -5.531  -5.371  -5.238   0
  12.87787437  -6.322  -5.610  -5.457  -5.334   0
  12.87803555  -6.351  -5.655  -5.506  -5.389   0
  12.87833023  -6.404  -5.737  -5.596  -5.490   0
  12.87862396  -6.460  -5.826  -5.694  -5.601   0
  12.87891769  -6.513  -5.921  -5.799  -5.720   0
  12.87912750  -6.550  -6.002  -5.887  -5.818   0
  12.87933731  -6.584  -6.084  -5.975  -5.915   0
  12.87958908  -6.621  -6.169  -6.071  -6.023   0
  12.87979889  -6.650  -6.253  -6.164  -6.130   0
  12.88000965  -6.685  -6.333  -6.260  -6.247   0
  12.88017750  -6.710  -6.389  -6.328  -6.333   0
  12.88034534  -6.713  -6.453  -6.401  -6.418   0
  12.88047123  -6.704  -6.518  -6.474  -6.502   0
  12.88063908  -6.688  -6.581  -6.552  -6.598   0
  12.88080692  -6.667  -6.625  -6.619  -6.694   0
  12.88093281  -6.617  -6.672  -6.681  -6.777   0
  12.88110065  -6.524  -6.685  -6.726  -6.865   0
  12.88126850  -6.383  -6.623  -6.733  -6.954   3
  12.88139439  -6.223  -6.502  -6.708  -7.031   0
  12.88147831  -6.124  -6.414  -6.686  -7.070   0
  12.88156223  -5.992  -6.294  -6.649  -7.109   0
  12.88164616  -5.838  -6.158  -6.603  -7.143   0
  12.88173008  -5.670  -6.014  -6.547  -7.165   0
  12.88177204  -5.475  -5.865  -6.483  -7.171   0
  12.88185596  -5.200  -5.667  -6.396  -7.172   0
  12.88194084  -4.849  -5.433  -6.287  -7.155   0
  12.88198280  -4.494  -5.213  -6.174  -7.121   0
  12.88206673  -4.041  -4.948  -6.025  -7.061   0
  12.88219261  -3.366  -4.555  -5.778  -6.932   0
  12.88240242  -2.684  -4.175  -5.528  -6.807   4
  12.88254833  -2.457  -4.160  -5.598  -6.958   0
  12.88265705  -2.314  -4.172  -5.672  -7.097   0
  12.88269329  -2.295  -4.219  -5.746  -7.197   0
  12.88276672  -2.287  -4.287  -5.846  -7.326   0
  12.88287544  -2.240  -4.355  -5.959  -7.484   0
  12.88353157  -2.318  -4.483  -6.128  -7.728   0
  12.88873291  -2.392  -4.516  -6.167  -7.816   0
  12.91738224  -2.298  -4.486  -6.128  -7.701   0
  12.94427872  -2.319  -4.447  -6.056  -7.582   0
  12.97589970  -2.401  -4.427  -5.995  -7.481   4
  13.03209496  -2.661  -4.518  -6.019  -7.428   0
  13.04199219  -2.729  -4.552  -6.040  -7.434   0
  13.06803513  -3.125  -4.777  -6.197  -7.519   0
  13.07763958  -6.030  -6.421  -6.999  -7.651   0
  13.07919598  -6.338  -6.671  -7.092  -7.609   0
  13.07997322  -6.580  -6.885  -7.152  -7.537   0
  13.08078766  -6.782  -7.035  -7.173  -7.426   3
  13.08119488  -6.865  -7.083  -7.170  -7.366   0
  13.08189869  -6.965  -7.098  -7.140  -7.277   0
  13.08271313  -7.031  -7.064  -7.080  -7.183   0
  13.08367538  -7.068  -7.002  -7.003  -7.086   0
  13.08519173  -7.068  -6.951  -6.925  -6.975   0
  13.08670902  -7.066  -6.906  -6.864  -6.895   0
  13.08977699  -7.071  -6.821  -6.770  -6.789   0
  13.09428406  -7.062  -6.747  -6.687  -6.693   0
  13.10029984  -7.038  -6.681  -6.608  -6.596   0
  13.10616112  -7.012  -6.627  -6.543  -6.515   0
  13.11345005  -6.988  -6.559  -6.466  -6.426   0
  13.12190342  -6.961  -6.492  -6.391  -6.339   0
  13.13166332  -6.934  -6.429  -6.319  -6.258   0
  13.14498806  -6.912  -6.361  -6.247  -6.179   0
  13.17320538  -6.895  -6.304  -6.185  -6.111   1
  13.22127628  -6.944  -6.399  -6.286  -6.219   0
  13.24471951  -6.980  -6.479  -6.370  -6.310   0
  13.25164700  -6.993  -6.504  -6.398  -6.341   0
  13.26983738  -7.032  -6.579  -6.481  -6.434   0
  13.28460312  -7.063  -6.649  -6.559  -6.523   0
  13.29694748  -7.093  -6.718  -6.637  -6.613   0
  13.30889797  -7.132  -6.788  -6.721  -6.718   0
  13.31698513  -7.149  -6.847  -6.789  -6.798   0
  13.32436562  -7.158  -6.911  -6.861  -6.881   0
  13.33114719  -7.151  -6.978  -6.935  -6.963   0
  13.33743954  -7.150  -7.030  -7.004  -7.053   0
  13.34306812  -7.152  -7.064  -7.064  -7.145   0
  13.34808636  -7.117  -7.122  -7.133  -7.230   0
  13.35249138  -7.053  -7.151  -7.187  -7.314   0
  13.35520458  -6.993  -7.152  -7.212  -7.371   0
  13.35780811  -6.915  -7.137  -7.229  -7.431   3
  13.36030006  -6.815  -7.077  -7.226  -7.492   0
  13.36251068  -6.699  -6.990  -7.213  -7.554   0
  13.36449623  -6.558  -6.873  -7.188  -7.615   0
  13.36636925  -6.361  -6.702  -7.144  -7.679   0
  13.36812973  -6.049  -6.459  -7.063  -7.735   0
  13.36892509  -5.802  -6.284  -6.998  -7.757   0
  13.36972141  -5.468  -6.068  -6.913  -7.770   0
  13.37051678  -5.064  -5.829  -6.806  -7.758   0
  13.37262154  -3.469  -4.960  -6.316  -7.573   0
  13.37324715  -3.127  -4.770  -6.187  -7.506   0
  13.37492657  -2.717  -4.607  -6.122  -7.543   0
  13.38156509  -2.470  -4.557  -6.151  -7.657   0
  13.38391304  -2.401  -4.576  -6.205  -7.745   0
  13.38499260  -2.397  -4.581  -6.214  -7.757   0
  13.38715267  -2.425  -4.619  -6.271  -7.860   0
  13.38901424  -2.516  -4.651  -6.309  -7.961   2
  13.39146996  -2.695  -4.696  -6.339  -8.067   0
  13.39437103  -2.902  -4.740  -6.359  -8.164   0
  13.39522648  -2.960  -4.751  -6.363  -8.188   0
