   0.15000001  15.664  14.049  12.441  10.267   0
   0.20000000  14.480  13.033  11.517   9.567   0
   0.25000000  13.765  12.410  10.940   9.107   0
   0.30000001  13.186  11.897  10.470   8.724   0
   0.34999999  12.696  11.461  10.074   8.398   0
   0.40000001  12.190  10.996   9.641   8.028   0
   0.44999999  11.738  10.579   9.265   7.718   0
   0.50000000  11.254  10.124   8.858   7.380   0
   0.55000001  10.714   9.628   8.420   7.023   0
   0.60000002  10.167   9.148   8.001   6.686   0
   0.69999999   8.813   8.055   7.065   5.961   0
   0.80000001   7.355   6.978   6.158   5.269   0
   0.89999998   6.227   6.115   5.441   4.693   0
   1.00000000   5.414   5.431   4.861   4.202   0
   1.10000002   4.699   4.779   4.305   3.731   0
   1.20000005   4.141   4.233   3.833   3.334   0
   1.29999995   3.670   3.740   3.408   2.993   0
   1.39999998   3.271   3.296   3.035   2.729   0
   1.50000000   2.918   2.896   2.706   2.510   0
   1.60000002   2.614   2.570   2.448   2.340   0
   1.70000005   2.332   2.301   2.231   2.184   0
   1.79999995   2.090   2.093   2.060   2.051   0
   1.85000002   1.914   1.944   1.928   1.935   0
   1.89999998   1.852   1.905   1.902   1.923   0
   2.00000000   1.642   1.745   1.763   1.800   0
   2.20000005   1.270   1.469   1.519   1.581   0
   2.50000000   0.802   1.121   1.200   1.286   0
   3.00000000   0.181   0.642   0.750   0.864   0
   3.50000000  -0.309   0.250   0.379   0.513   0
   4.00000000  -0.713  -0.084   0.062   0.212   0
   4.50000000  -1.056  -0.372  -0.212  -0.046   0
   4.82623482  -1.265  -0.549  -0.381  -0.208   0
   5.00000000  -1.371  -0.640  -0.468  -0.290   0
   6.00000000  -1.932  -1.125  -0.933  -0.733   0
   6.96868467  -2.402  -1.535  -1.328  -1.111   0
   7.00000000  -2.416  -1.548  -1.340  -1.123   0
   8.53482533  -3.077  -2.140  -1.914  -1.677   0
   9.00000000  -3.271  -2.317  -2.087  -1.844   0
  10.83107185  -3.950  -2.941  -2.697  -2.439   0
  12.00000000  -4.394  -3.361  -3.111  -2.846   0
  12.39959240  -4.534  -3.495  -3.243  -2.977   0
  13.72704792  -5.051  -4.003  -3.750  -3.486   1
  14.72876453  -5.504  -4.468  -4.221  -3.967   0
  15.00000000  -5.654  -4.628  -4.385  -4.136   0
  15.51123428  -5.912  -4.901  -4.668  -4.430   0
  15.88753986  -6.135  -5.147  -4.923  -4.698   0
  16.09340286  -6.251  -5.272  -5.051  -4.831   0
  16.15420341  -6.263  -5.278  -5.055  -4.833   3
  16.20821571  -6.224  -5.204  -4.972  -4.737   0
  16.21520615  -6.214  -5.169  -4.927  -4.680   0
  16.21626282  -6.210  -5.161  -4.918  -4.668   0
  16.21873665  -6.221  -5.185  -4.949  -4.709   0
  16.21984482  -6.272  -5.255  -5.025  -4.793   0
  16.22010231  -6.289  -5.278  -5.049  -4.819   0
  16.22093773  -6.352  -5.361  -5.138  -4.917   0
  16.22177505  -6.423  -5.456  -5.239  -5.026   0
  16.22244453  -6.490  -5.546  -5.336  -5.130   0
  16.22302818  -6.550  -5.634  -5.428  -5.230   0
  16.22369766  -6.614  -5.727  -5.528  -5.340   0
  16.22419930  -6.683  -5.808  -5.618  -5.441   0
  16.22470284  -6.747  -5.893  -5.711  -5.545   0
  16.22520447  -6.810  -5.983  -5.808  -5.652   0
  16.22562218  -6.862  -6.059  -5.891  -5.745   0
  16.22579002  -6.887  -6.097  -5.931  -5.790   0
  16.22634697  -6.951  -6.193  -6.036  -5.907   0
  16.22681046  -7.010  -6.291  -6.142  -6.025   0
  16.22727394  -7.071  -6.392  -6.253  -6.151   0
  16.22755432  -7.125  -6.461  -6.335  -6.248   0
  16.22792435  -7.169  -6.556  -6.436  -6.359   0
  16.22829628  -7.209  -6.658  -6.544  -6.477   0
  16.22866821  -7.252  -6.767  -6.662  -6.607   0
  16.22904015  -7.298  -6.876  -6.785  -6.747   0
  16.22931862  -7.328  -6.955  -6.874  -6.852   0
  16.22959709  -7.366  -7.029  -6.965  -6.967   0
  16.22978210  -7.374  -7.105  -7.052  -7.067   0
  16.23006058  -7.365  -7.200  -7.158  -7.187   0
  16.23034096  -7.364  -7.258  -7.249  -7.318   0
  16.23061752  -7.314  -7.333  -7.347  -7.447   0
  16.23089790  -7.193  -7.351  -7.409  -7.566   0
  16.23098946  -7.122  -7.336  -7.421  -7.615   3
  16.23117638  -7.009  -7.268  -7.415  -7.678   0
  16.23136139  -6.876  -7.167  -7.396  -7.743   0
  16.23145485  -6.739  -7.052  -7.367  -7.794   0
  16.23164177  -6.528  -6.868  -7.308  -7.843   0
  16.23182678  -6.241  -6.635  -7.219  -7.876   0
  16.23201180  -5.833  -6.343  -7.093  -7.880   0
  16.23219872  -5.205  -5.943  -6.902  -7.843   0
  16.23238373  -4.335  -5.443  -6.626  -7.737   0
  16.23257065  -3.693  -5.083  -6.398  -7.619   0
  16.23275566  -3.273  -4.849  -6.238  -7.535   4
  16.23306465  -3.006  -4.793  -6.267  -7.645   0
  16.23314285  -2.876  -4.787  -6.310  -7.741   0
  16.23321915  -2.816  -4.827  -6.390  -7.862   0
  16.23337364  -2.827  -4.901  -6.489  -7.984   0
  16.23352814  -2.821  -4.970  -6.589  -8.111   0
  16.23391533  -2.814  -5.034  -6.681  -8.228   0
  16.23847198  -2.873  -5.091  -6.751  -8.344   0
  16.26561928  -2.832  -5.044  -6.687  -8.231   0
  16.29224586  -2.881  -5.006  -6.615  -8.125   0
  16.33678627  -3.024  -5.024  -6.584  -8.044   4
  16.38122940  -3.244  -5.120  -6.631  -8.035   0
  16.40811539  -3.685  -5.370  -6.807  -8.132   0
  16.41328239  -5.337  -6.253  -7.321  -8.337   0
  16.41455460  -6.316  -6.823  -7.546  -8.309   0
  16.41519165  -6.657  -7.056  -7.615  -8.249   0
  16.41582680  -6.874  -7.224  -7.658  -8.187   0
  16.41660500  -7.054  -7.375  -7.687  -8.113   0
  16.41787720  -7.252  -7.532  -7.708  -8.005   3
  16.41978455  -7.417  -7.617  -7.698  -7.887   0
  16.42204285  -7.513  -7.613  -7.657  -7.792   0
  16.42451286  -7.558  -7.578  -7.608  -7.723   0
  16.42697906  -7.583  -7.557  -7.574  -7.674   0
  16.43191147  -7.608  -7.522  -7.526  -7.611   0
  16.43929672  -7.617  -7.497  -7.483  -7.546   0
  16.44659805  -7.617  -7.486  -7.454  -7.496   0
  16.45647812  -7.650  -7.449  -7.403  -7.429   0
  16.46842575  -7.533  -7.036  -6.928  -6.869   0
  16.48416519  -7.378  -6.698  -6.569  -6.478   0
  16.51966667  -7.321  -6.629  -6.486  -6.378   1
  16.61183548  -7.408  -6.727  -6.599  -6.510   0
  16.66803932  -7.460  -6.800  -6.681  -6.602   0
  16.71121025  -7.497  -6.879  -6.762  -6.689   0
  16.74741173  -7.531  -6.961  -6.848  -6.779   0
  16.77528572  -7.561  -7.042  -6.931  -6.867   2
  16.77712250  -7.563  -7.047  -6.936  -6.873   0
  16.80130005  -7.601  -7.124  -7.021  -6.968   0
  16.82082748  -7.635  -7.197  -7.103  -7.060   0
  16.83983612  -7.669  -7.280  -7.195  -7.166   0
  16.85554886  -7.707  -7.353  -7.282  -7.273   0
  16.86980057  -7.734  -7.434  -7.376  -7.385   0
  16.87906647  -7.742  -7.501  -7.451  -7.472   0
  16.88759613  -7.735  -7.570  -7.528  -7.558   0
  16.89539146  -7.739  -7.615  -7.596  -7.654   0
  16.90235519  -7.731  -7.655  -7.662  -7.751   0
  16.90848732  -7.694  -7.694  -7.725  -7.841   0
  16.91397095  -7.633  -7.736  -7.782  -7.921   0
  16.91871452  -7.543  -7.730  -7.808  -7.992   0
  16.92271614  -7.430  -7.680  -7.813  -8.063   3
  16.92513466  -7.340  -7.623  -7.807  -8.112   0
  16.92727661  -7.234  -7.541  -7.792  -8.163   0
  16.92932510  -7.108  -7.435  -7.769  -8.213   0
  16.93109322  -6.958  -7.309  -7.737  -8.261   0
  16.93276978  -6.775  -7.161  -7.693  -8.304   0
  16.93435287  -6.515  -6.971  -7.625  -8.335   0
  16.93565750  -6.154  -6.731  -7.531  -8.352   0
  16.93705559  -5.435  -6.301  -7.340  -8.334   0
  16.93779945  -4.984  -6.052  -7.212  -8.296   0
  16.93854523  -4.522  -5.803  -7.066  -8.235   0
  16.94003677  -3.747  -5.374  -6.787  -8.091   0
  16.94468880  -3.194  -5.171  -6.723  -8.168   0
  16.95814705  -3.066  -5.151  -6.745  -8.235   0
  16.96867371  -2.996  -5.165  -6.792  -8.315   0
  16.98152924  -2.985  -5.212  -6.862  -8.408   0
  16.98874664  -3.010  -5.250  -6.912  -8.489   2
  16.99828339  -3.245  -5.325  -6.969  -8.632   0
  17.00364304  -3.450  -5.394  -7.017  -8.740   0
