   0.15000001  15.661  14.047  12.439  10.266   0
   0.20000000  14.477  13.031  11.514   9.565   0
   0.25000000  13.761  12.406  10.937   9.105   0
   0.30000001  13.182  11.893  10.467   8.721   0
   0.34999999  12.692  11.458  10.070   8.395   0
   0.40000001  12.186  10.992   9.637   8.024   0
   0.44999999  11.733  10.574   9.260   7.714   0
   0.50000000  11.248  10.118   8.852   7.375   0
   0.55000001  10.705   9.620   8.413   7.017   0
   0.60000002  10.156   9.139   7.993   6.679   0
   0.69999999   8.786   8.034   7.047   5.947   0
   0.80000001   7.310   6.943   6.128   5.244   0
   0.89999998   6.176   6.071   5.403   4.659   0
   1.00000000   5.336   5.359   4.799   4.147   0
   1.06225121   4.863   4.932   4.432   3.834   0
   1.10000002   4.618   4.697   4.229   3.660   0
   1.20000005   4.053   4.140   3.745   3.252   0
   1.28901315   3.627   3.694   3.359   2.941   0
   1.29999995   3.577   3.641   3.313   2.904   0
   1.36888361   3.288   3.319   3.041   2.708   0
   1.39999998   3.164   3.181   2.924   2.624   0
   1.48614597   2.849   2.824   2.628   2.421   0
   1.50000000   2.800   2.771   2.584   2.391   0
   1.60000002   2.473   2.420   2.293   2.177   0
   1.70000005   2.175   2.124   2.042   1.977   0
   1.70121276   2.172   2.121   2.039   1.975   0
   1.79999995   1.896   1.868   1.816   1.782   0
   1.85000002   1.762   1.744   1.707   1.686   0
   1.87726080   1.689   1.676   1.645   1.630   0
   1.89999998   1.628   1.619   1.592   1.582   0
   2.00000000   1.372   1.390   1.381   1.384   0
   2.00980067   1.348   1.368   1.360   1.365   0
   2.12340283   1.062   1.107   1.116   1.133   0
   2.20000005   0.871   0.927   0.945   0.967   0
   2.22403598   0.813   0.872   0.892   0.915   0
   2.30493569   0.617   0.680   0.705   0.730   0
   2.37390137   0.450   0.510   0.535   0.557   1
   2.43318892   0.307   0.355   0.376   0.393   0
   2.48438215   0.185   0.212   0.228   0.236   0
   2.50000000   0.148   0.166   0.179   0.183   0
   2.53086376   0.077   0.077   0.085   0.083   0
   2.57131648  -0.013  -0.040  -0.044  -0.061   0
   2.58948112  -0.053  -0.094  -0.104  -0.129   0
   2.60634708  -0.096  -0.147  -0.162  -0.191   0
   2.61673307  -0.131  -0.182  -0.197  -0.227   0
   2.62470126  -0.170  -0.212  -0.222  -0.246   0
   2.63029337  -0.220  -0.239  -0.235  -0.247   3
   2.63406587  -0.299  -0.259  -0.233  -0.222   0
   2.63513756  -0.367  -0.276  -0.233  -0.206   0
   2.63568473  -0.433  -0.294  -0.239  -0.201   0
   2.63586617  -0.372  -0.251  -0.202  -0.168   0
   2.63607407  -0.299  -0.234  -0.200  -0.181   0
   2.63635111  -0.339  -0.326  -0.308  -0.306   0
   2.63676453  -0.382  -0.420  -0.423  -0.445   0
   2.63736391  -0.388  -0.478  -0.510  -0.564   0
   2.63774705  -0.379  -0.492  -0.543  -0.620   0
   2.63836575  -0.352  -0.490  -0.574  -0.690   0
   2.63909030  -0.305  -0.461  -0.589  -0.760   3
   2.63989234  -0.239  -0.381  -0.578  -0.828   0
   2.64045000  -0.176  -0.302  -0.551  -0.867   0
   2.64101100  -0.092  -0.199  -0.509  -0.904   0
   2.64156961   0.026  -0.066  -0.448  -0.930   0
   2.64211774   0.189   0.098  -0.365  -0.934   0
   2.64264965   0.400   0.286  -0.259  -0.905   0
   2.64316177   0.661   0.498  -0.123  -0.832   0
   2.64365768   0.954   0.737   0.048  -0.717   0
   2.64413548   1.255   0.971   0.223  -0.592   0
   2.64460731   1.454   1.106   0.305  -0.553   4
   2.64527965   1.511   1.077   0.223  -0.679   0
   2.64594889   1.475   0.986   0.097  -0.833   0
   2.64675307   1.418   0.879  -0.041  -0.995   0
   2.64767838   1.334   0.748  -0.196  -1.171   0
   2.64842606   1.273   0.646  -0.319  -1.312   0
   2.64933085   1.196   0.521  -0.469  -1.483   0
   2.65017009   1.112   0.398  -0.611  -1.641   0
   2.65091109   1.050   0.297  -0.733  -1.779   0
   2.65165782   0.988   0.194  -0.859  -1.922   0
   2.65236521   0.941   0.099  -0.975  -2.059   0
   2.65307307   0.906   0.008  -1.093  -2.200   0
   2.65372348   0.875  -0.076  -1.201  -2.330   0
   2.65426135   0.855  -0.130  -1.270  -2.413   2
   2.65481353   0.879  -0.059  -1.178  -2.302   0
   2.65565205   0.905   0.021  -1.074  -2.176   0
   2.65683413   0.941   0.105  -0.967  -2.048   0
   2.65809321   0.980   0.186  -0.866  -1.929   0
   2.65929508   1.033   0.283  -0.746  -1.790   0
   2.66034317   1.099   0.383  -0.628  -1.658   0
   2.66151237   1.164   0.490  -0.499  -1.512   0
   2.66278291   1.226   0.598  -0.368  -1.361   0
   2.66453385   1.308   0.731  -0.208  -1.179   0
   2.66663742   1.372   0.845  -0.068  -1.016   0
   2.67038751   1.446   0.969   0.087  -0.836   0
   2.67806101   1.401   0.994   0.157  -0.729   4
   2.75509143   1.003   0.622  -0.195  -1.062   0
   2.80094123   0.780   0.402  -0.409  -1.272   1
   2.84706688   0.700   0.285  -0.549  -1.429   0
   2.89051962   0.703   0.222  -0.655  -1.570   0
   2.90544367   0.823   0.246  -0.691  -1.655   0
   2.90704894   0.805   0.161  -0.810  -1.804   0
   2.90731502   0.786   0.108  -0.881  -1.890   0
   2.90735793   0.776   0.088  -0.907  -1.920   0
   2.90746546   0.729   0.001  -1.015  -2.047   0
   2.90755820   0.683  -0.082  -1.118  -2.165   0
   2.90770149   0.640  -0.162  -1.217  -2.279   0
   2.90850496   0.638  -0.171  -1.230  -2.295   0
   2.91130996   0.588  -0.357  -1.479  -2.600   0
   2.91226625   0.559  -0.504  -1.679  -2.848   0
   2.91290379   0.518  -0.617  -1.824  -3.021   0
   2.91353440   0.494  -0.730  -1.976  -3.210   0
   2.91412902   0.495  -0.848  -2.142  -3.424   0
   2.91457438   0.508  -0.946  -2.286  -3.611   0
   2.91496468   0.515  -1.046  -2.430  -3.798   0
   2.91532707   0.523  -1.150  -2.579  -3.995   0
   2.91552114   0.512  -1.218  -2.671  -4.109   0
   2.91569710   0.528  -1.262  -2.738  -4.201   0
   2.91585445   0.553  -1.303  -2.806  -4.296   0
   2.91599488   0.576  -1.364  -2.904  -4.440   0
   2.91610360   0.532  -1.388  -2.948  -4.552   0
   2.91621757   0.477  -1.406  -2.988  -4.676   0
   2.91639066   0.390  -1.435  -3.036  -4.825   0
   2.91647458   0.337  -1.449  -3.060  -4.902   0
   2.91649032   0.302  -1.459  -3.075  -4.948   0
   2.91650343   0.269  -1.459  -3.077  -4.997   3
   2.91652822   0.231  -1.444  -3.063  -5.062   0
   2.91653347   0.228  -1.442  -3.061  -5.067   0
   2.91655087   0.218  -1.438  -3.057  -5.084   0
   2.91656804   0.207  -1.434  -3.054  -5.100   0
   2.91658521   0.197  -1.431  -3.050  -5.117   0
   2.91660237   0.186  -1.427  -3.046  -5.133   0
   2.91661954   0.176  -1.424  -3.043  -5.149   0
   2.91663671   0.165  -1.420  -3.039  -5.166   0
   2.91665030   0.156  -1.418  -3.036  -5.179   0
   2.91666746   0.145  -1.414  -3.032  -5.195   0
   2.91668463   0.133  -1.411  -3.029  -5.212   0
   2.91670179   0.121  -1.408  -3.025  -5.228   0
   2.91671538   0.112  -1.405  -3.022  -5.242   0
   2.91673207   0.100  -1.402  -3.018  -5.258   0
   2.91674876   0.088  -1.399  -3.015  -5.274   0
   2.91676545   0.079  -1.397  -3.012  -5.286   0
   2.91677880   0.076  -1.395  -3.010  -5.290   0
   2.91679525   0.072  -1.393  -3.008  -5.296   0
   2.91681218   0.068  -1.391  -3.005  -5.302   0
   2.91682863   0.064  -1.390  -3.003  -5.307   0
   2.91688156   0.056  -1.386  -2.999  -5.318   0
   2.91695786   0.044  -1.384  -2.996  -5.333   0
   2.91703391   0.032  -1.381  -2.992  -5.348   0
   2.91710925   0.020  -1.378  -2.989  -5.363   0
   2.91718411   0.008  -1.376  -2.985  -5.378   0
   2.91725826  -0.004  -1.373  -2.982  -5.393   0
   2.91733217  -0.010  -1.363  -2.970  -5.404   0
   2.91740537  -0.005  -1.343  -2.948  -5.409   0
   2.91747808   0.000  -1.323  -2.925  -5.414   0
   2.91755033   0.005  -1.303  -2.903  -5.419   0
   2.91762185   0.010  -1.282  -2.881  -5.424   0
   2.91769290   0.014  -1.262  -2.858  -5.429   0
   2.91776347   0.019  -1.241  -2.835  -5.434   0
   2.91783333   0.024  -1.220  -2.812  -5.439   0
   2.91790271   0.030  -1.199  -2.789  -5.444   0
   2.91797161   0.035  -1.178  -2.766  -5.449   0
   2.91804004   0.040  -1.157  -2.743  -5.454   0
   2.91810775   0.045  -1.137  -2.720  -5.459   0
   2.91817498   0.050  -1.116  -2.697  -5.464   0
   2.91824174   0.055  -1.095  -2.674  -5.469   0
   2.91830778   0.060  -1.075  -2.652  -5.474   0
   2.91837335   0.064  -1.054  -2.629  -5.479   0
   2.91843843   0.069  -1.034  -2.607  -5.483   0
   2.91850281   0.074  -1.014  -2.584  -5.488   0
   2.91856670   0.079  -0.994  -2.562  -5.493   0
   2.91863012   0.084  -0.974  -2.540  -5.497   0
   2.91869283   0.089  -0.954  -2.519  -5.502   0
   2.91875529   0.094  -0.935  -2.497  -5.506   0
   2.91881704   0.099  -0.915  -2.475  -5.511   0
   2.91887808   0.104  -0.896  -2.454  -5.515   0
   2.91893888   0.108  -0.877  -2.433  -5.520   0
   2.91899872   0.113  -0.858  -2.412  -5.524   0
   2.91905832   0.118  -0.839  -2.391  -5.528   0
   2.91910553   0.122  -0.824  -2.375  -5.531   0
   2.91915250   0.126  -0.809  -2.358  -5.534   0
   2.91919923   0.130  -0.793  -2.341  -5.537   0
   2.91924572   0.138  -0.774  -2.321  -5.536   1
   2.91930366   0.147  -0.749  -2.297  -5.535   0
   2.91936135   0.157  -0.725  -2.272  -5.534   0
   2.91941857   0.167  -0.701  -2.248  -5.533   0
   2.91947556   0.177  -0.676  -2.223  -5.532   0
   2.91953230   0.187  -0.651  -2.198  -5.530   0
   2.91958189   0.198  -0.627  -2.174  -5.526   0
   2.91963148   0.210  -0.602  -2.149  -5.522   0
   2.91967940   0.231  -0.567  -2.113  -5.510   0
   2.91969848   0.246  -0.544  -2.091  -5.499   0
   2.91970706   0.261  -0.524  -2.070  -5.487   0
   2.91971064   0.278  -0.502  -2.048  -5.472   0
   2.91971254   0.291  -0.485  -2.031  -5.461   0
   2.91971445   0.306  -0.466  -2.012  -5.449   0
   2.91971612   0.321  -0.447  -1.993  -5.436   0
   2.91971803   0.338  -0.425  -1.971  -5.422   0
   2.91971993   0.356  -0.403  -1.949  -5.407   0
   2.91972184   0.375  -0.378  -1.924  -5.391   0
   2.91972351   0.396  -0.352  -1.897  -5.373   0
   2.91972542   0.420  -0.322  -1.867  -5.353   1
   2.91972852   0.445  -0.289  -1.835  -5.332   0
