   0.15000001  15.656  14.043  12.435  10.263   0
   0.20000000  14.470  13.024  11.509   9.560   0
   0.25000000  13.753  12.399  10.930   9.099   0
   0.30000001  13.173  11.885  10.460   8.714   0
   0.34999999  12.685  11.451  10.064   8.389   0
   0.40000001  12.177  10.983   9.629   8.017   0
   0.44999999  11.723  10.563   9.250   7.704   0
   0.50000000  11.235  10.105   8.840   7.363   0
   0.55000001  10.686   9.602   8.396   7.002   0
   0.60000002  10.131   9.117   7.973   6.663   0
   0.69999999   8.729   7.989   7.008   5.917   0
   0.80000001   7.210   6.866   6.061   5.189   0
   0.80935341   7.088   6.774   5.983   5.127   0
   0.89999998   6.071   5.982   5.325   4.591   0
   0.97251886   5.422   5.433   4.858   4.193   0
   1.00000000   5.208   5.240   4.692   4.051   0
   1.00268829   5.187   5.220   4.676   4.037   0
   1.06377995   4.719   4.793   4.308   3.721   0
   1.10000002   4.480   4.558   4.101   3.543   0
   1.11954570   4.355   4.435   3.993   3.451   0
   1.15555859   4.131   4.215   3.799   3.285   0
   1.18458343   3.963   4.044   3.648   3.155   0
   1.20000005   3.880   3.957   3.571   3.088   0
   1.23153162   3.709   3.778   3.413   2.958   0
   1.23924911   3.668   3.736   3.376   2.927   0
   1.27251458   3.500   3.559   3.219   2.797   0
   1.29999995   3.368   3.418   3.094   2.691   0
   1.35184944   3.136   3.164   2.869   2.509   0
   1.39999998   2.934   2.945   2.669   2.336   0
   1.45974565   2.695   2.687   2.430   2.124   0
   1.50000000   2.540   2.522   2.271   1.976   0
   1.51834559   2.472   2.450   2.201   1.906   1
   1.55724895   2.332   2.306   2.052   1.750   0
   1.59065807   2.222   2.196   1.930   1.610   0
   1.60000002   2.194   2.169   1.897   1.569   0
   1.62031102   2.134   2.111   1.828   1.480   0
   1.64604008   2.068   2.052   1.745   1.364   0
   1.66845775   2.026   2.013   1.679   1.260   0
   1.67857122   2.007   1.996   1.648   1.212   0
   1.68801439   1.983   1.973   1.615   1.164   0
   1.69416058   1.956   1.945   1.584   1.131   2
   1.69860601   1.916   1.902   1.547   1.103   0
   1.70000005   1.890   1.873   1.526   1.092   0
   1.70228791   1.844   1.822   1.490   1.073   0
   1.70463157   1.714   1.670   1.389   1.043   0
   1.70529652   1.602   1.537   1.300   1.015   0
   1.70567596   1.484   1.396   1.205   0.983   0
   1.70576322   1.551   1.472   1.265   1.023   0
   1.70590067   1.645   1.586   1.336   1.032   4
   1.70609796   1.634   1.590   1.300   0.940   0
   1.70643234   1.645   1.611   1.278   0.861   0
   1.70697999   1.684   1.662   1.285   0.810   0
   1.70809340   1.776   1.751   1.316   0.778   0
   1.70963037   1.904   1.866   1.374   0.778   0
   1.71127236   2.101   2.036   1.480   0.824   0
   1.71250272   2.360   2.246   1.626   0.918   0
   1.71336448   2.595   2.440   1.771   1.021   0
   1.71419442   2.844   2.629   1.912   1.122   0
   1.71532881   3.063   2.776   2.004   1.167   4
   1.71690333   3.105   2.742   1.922   1.044   0
   1.71810329   3.035   2.631   1.787   0.888   0
   1.71927786   2.936   2.499   1.635   0.720   0
   1.72067225   2.799   2.327   1.442   0.510   0
   1.72184491   2.686   2.181   1.276   0.328   0
   1.72283459   2.591   2.055   1.135   0.173   0
   1.72385740   2.491   1.923   0.986   0.010   0
   1.72491693   2.400   1.793   0.837  -0.156   0
   1.72585630   2.320   1.675   0.700  -0.310   0
   1.72674882   2.232   1.555   0.563  -0.461   0
   1.72764266   2.123   1.422   0.417  -0.617   0
   1.72851777   2.049   1.306   0.279  -0.772   0
   1.72933102   1.987   1.199   0.150  -0.921   0
   1.73020530   1.925   1.089   0.017  -1.075   0
   1.73111224   1.859   0.977  -0.117  -1.228   0
   1.73202431   1.826   0.913  -0.194  -1.319   2
   1.73275280   1.885   1.028  -0.053  -1.154   0
   1.73300719   1.946   1.140   0.083  -0.995   0
   1.73322976   2.002   1.247   0.214  -0.842   0
   1.73347604   2.072   1.361   0.351  -0.687   0
   1.73367846   2.109   1.421   0.422  -0.606   1
   1.73452830   2.032   1.302   0.282  -0.764   0
   1.73544168   1.965   1.193   0.151  -0.912   0
   1.73641407   1.904   1.085   0.021  -1.063   0
   1.73732555   1.844   0.980  -0.105  -1.209   0
   1.73817647   1.796   0.883  -0.224  -1.348   0
   1.73905933   1.739   0.777  -0.353  -1.498   0
   1.73982120   1.692   0.680  -0.473  -1.637   0
   1.74058855   1.645   0.578  -0.600  -1.785   0
   1.74124372   1.617   0.493  -0.710  -1.920   0
   1.74189353   1.587   0.403  -0.826  -2.061   0
   1.74244726   1.559   0.317  -0.936  -2.196   0
   1.74298477   1.528   0.227  -1.051  -2.335   0
   1.74344575   1.499   0.143  -1.158  -2.462   0
   1.74384582   1.489   0.067  -1.261  -2.592   0
   1.74422646   1.480  -0.005  -1.359  -2.715   0
   1.74456143   1.478  -0.069  -1.449  -2.833   0
   1.74490356   1.480  -0.140  -1.549  -2.964   0
   1.74520016   1.465  -0.216  -1.650  -3.089   0
   1.74545527   1.484  -0.270  -1.734  -3.205   0
   1.74571764   1.479  -0.344  -1.836  -3.334   0
   1.74592376   1.492  -0.380  -1.898  -3.436   0
   1.74612212   1.471  -0.390  -1.929  -3.528   0
   1.74623060   1.460  -0.388  -1.940  -3.585   2
   1.74623060   2.131   1.616   0.709  -0.237   1
   1.74822593   2.105   1.566   0.645  -0.312   0
   1.74898243   2.100   1.560   0.639  -0.319   0
   1.75098848   2.094   1.559   0.640  -0.315   0
   1.75392210   2.088   1.556   0.640  -0.314   0
   1.75700188   2.073   1.546   0.631  -0.320   0
   1.76012731   2.061   1.537   0.624  -0.326   0
   1.76342857   2.050   1.529   0.618  -0.330   0
   1.76689970   2.039   1.520   0.610  -0.337   0
   1.77074385   2.022   1.506   0.598  -0.347   0
   1.77459335   2.004   1.491   0.586  -0.357   0
   1.77849782   1.989   1.478   0.574  -0.368   0
   1.78256762   1.971   1.463   0.561  -0.379   0
   1.78602242   1.961   1.452   0.549  -0.392   0
   1.78950477   1.952   1.440   0.536  -0.405   0
   1.79300022   1.941   1.427   0.522  -0.421   0
   1.79748428   1.923   1.407   0.500  -0.444   0
   1.80196941   1.903   1.382   0.472  -0.474   0
   1.80553091   1.892   1.357   0.439  -0.514   0
   1.81062376   1.868   1.319   0.394  -0.566   0
   1.81181657   1.860   1.306   0.379  -0.583   0
   1.81407106   1.835   1.243   0.296  -0.684   0
   1.81485677   1.799   1.184   0.224  -0.766   0
   1.81533337   1.741   1.083   0.102  -0.907   0
   1.81547201   1.697   1.003   0.003  -1.021   0
   1.81556869   1.636   0.879  -0.155  -1.206   0
   1.81561887   1.579   0.769  -0.291  -1.365   0
   1.81566465   1.535   0.673  -0.411  -1.508   0
   1.81571949   1.499   0.586  -0.522  -1.640   0
   1.81577802   1.482   0.541  -0.580  -1.709   0
   1.81599259   1.522   0.648  -0.441  -1.543   0
   1.81633174   1.543   0.697  -0.379  -1.468   1
   1.81737638   1.506   0.610  -0.490  -1.600   0
   1.81815255   1.472   0.513  -0.616  -1.753   0
   1.81859589   1.441   0.424  -0.731  -1.891   0
   1.81898963   1.409   0.327  -0.857  -2.043   0
   1.81936526   1.377   0.221  -0.995  -2.212   0
   1.81965280   1.354   0.125  -1.123  -2.370   0
   1.81989682   1.336   0.017  -1.267  -2.552   0
   1.82007790   1.325  -0.081  -1.401  -2.720   0
   1.82020831   1.324  -0.165  -1.520  -2.872   0
   1.82029748   1.329  -0.224  -1.606  -2.986   0
   1.82039535   1.343  -0.293  -1.708  -3.123   0
   1.82048261   1.352  -0.354  -1.797  -3.242   0
   1.82057369   1.359  -0.418  -1.891  -3.366   0
   1.82067347   1.393  -0.473  -1.981  -3.493   0
   1.82078445   1.358  -0.521  -2.058  -3.640   0
   1.82083213   1.337  -0.529  -2.081  -3.708   0
   1.82084465   1.332  -0.530  -2.085  -3.728   0
   1.82085669   1.323  -0.530  -2.091  -3.756   0
   1.82086849   1.314  -0.531  -2.098  -3.784   0
   1.82088017   1.304  -0.532  -2.104  -3.812   0
   1.82089186   1.293  -0.533  -2.110  -3.839   0
   1.82090116   1.283  -0.534  -2.116  -3.862   0
   1.82091284   1.270  -0.536  -2.122  -3.890   0
   1.82092452   1.256  -0.538  -2.129  -3.919   0
   1.82093620   1.241  -0.541  -2.136  -3.947   0
   1.82094789   1.225  -0.543  -2.143  -3.975   0
   1.82095957   1.208  -0.546  -2.150  -4.004   0
   1.82097125   1.190  -0.550  -2.157  -4.032   0
   1.82098293   1.173  -0.551  -2.161  -4.060   2
   1.82099450   1.160  -0.545  -2.155  -4.086   0
   1.82100570   1.146  -0.538  -2.150  -4.111   0
   1.82101703   1.132  -0.532  -2.144  -4.137   0
   1.82102823   1.118  -0.525  -2.138  -4.163   0
   1.82103729   1.107  -0.520  -2.134  -4.183   0
   1.82104850   1.092  -0.514  -2.128  -4.209   0
   1.82105982   1.077  -0.508  -2.122  -4.234   0
   1.82107115   1.061  -0.503  -2.116  -4.260   0
   1.82108235   1.045  -0.497  -2.110  -4.285   0
   1.82109368   1.035  -0.491  -2.104  -4.302   0
   1.82110488   1.029  -0.489  -2.102  -4.311   0
   1.82111609   1.024  -0.487  -2.100  -4.319   0
   1.82113230   1.016  -0.485  -2.098  -4.331   0
   1.82116830   1.000  -0.479  -2.092  -4.354   0
   1.82120407   0.984  -0.474  -2.086  -4.378   0
   1.82123947   0.967  -0.469  -2.081  -4.402   0
   1.82127476   0.950  -0.465  -2.075  -4.426   0
   1.82130992   0.933  -0.460  -2.069  -4.449   0
   1.82134473   0.915  -0.455  -2.063  -4.473   0
   1.82137942   0.911  -0.435  -2.041  -4.488   0
   1.82141364   0.919  -0.403  -2.006  -4.496   0
   1.82144785   0.926  -0.371  -1.970  -4.504   0
   1.82148182   0.934  -0.339  -1.935  -4.511   0
   1.82151544   0.942  -0.306  -1.899  -4.519   0
   1.82154894   0.950  -0.274  -1.863  -4.527   0
   1.82158220   0.958  -0.241  -1.827  -4.535   0
   1.82161522   0.965  -0.209  -1.791  -4.543   0
   1.82164800   0.973  -0.176  -1.755  -4.550   0
   1.82168067   0.981  -0.143  -1.719  -4.558   0
   1.82171285   0.989  -0.110  -1.682  -4.566   0
   1.82174504   0.998  -0.077  -1.646  -4.574   0
   1.82177687   1.006  -0.044  -1.609  -4.581   0
   1.82180846   1.014  -0.011  -1.572  -4.589   0
   1.82183993   1.022   0.023  -1.535  -4.596   0
   1.82187104   1.031   0.056  -1.498  -4.604   0
   1.82190204   1.039   0.090  -1.461  -4.611   0
   1.82193267   1.048   0.125  -1.423  -4.618   0
   1.82196307   1.066   0.171  -1.377  -4.617   0
   1.82199323   1.084   0.217  -1.331  -4.615   0
   1.82202315   1.103   0.263  -1.284  -4.613   0
   1.82205296   1.121   0.310  -1.237  -4.611   1
   1.82208240   1.140   0.357  -1.190  -4.609   0
   1.82211173   1.158   0.404  -1.142  -4.607   0
   1.82214069   1.177   0.451  -1.094  -4.604   0
   1.82216942   1.197   0.499  -1.046  -4.602   0
   1.82219529   1.216   0.545  -1.000  -4.599   0
   1.82221925   1.239   0.596  -0.948  -4.592   0
   1.82223797   1.271   0.657  -0.887  -4.576   0
   1.82224309   1.296   0.699  -0.845  -4.561   0
   1.82224476   1.318   0.733  -0.811  -4.546   0
   1.82224643   1.348   0.779  -0.764  -4.525   1
   1.82224822   1.383   0.832  -0.712  -4.501   0
   1.82224977   1.420   0.889  -0.655  -4.475   0
   1.82225156   1.465   0.958  -0.585  -4.444   0
   1.82225156   1.465   0.958  -0.585  -4.444   0
