   0.15000001  15.659  14.045  12.437  10.264   0
   0.20000000  14.473  13.028  11.512   9.563   0
   0.25000000  13.757  12.403  10.933   9.102   0
   0.30000001  13.178  11.889  10.464   8.718   0
   0.34999999  12.689  11.455  10.067   8.392   0
   0.40000001  12.182  10.988   9.633   8.021   0
   0.44999999  11.728  10.569   9.256   7.709   0
   0.50000000  11.242  10.112   8.847   7.369   0
   0.55000001  10.696   9.612   8.405   7.010   0
   0.60000002  10.144   9.129   7.984   6.672   0
   0.69999999   8.759   8.013   7.028   5.933   0
   0.80000001   7.264   6.908   6.097   5.219   0
   0.88450181   6.278   6.152   5.467   4.709   0
   0.89999998   6.123   6.026   5.364   4.625   0
   0.91773444   5.959   5.890   5.248   4.526   0
   1.00000000   5.269   5.297   4.744   4.099   0
   1.07378936   4.727   4.802   4.319   3.734   0
   1.10000002   4.561   4.640   4.177   3.613   0
   1.15556979   4.225   4.310   3.890   3.370   0
   1.20000005   3.978   4.061   3.671   3.183   0
   1.23106372   3.818   3.894   3.524   3.064   0
   1.28514707   3.550   3.612   3.279   2.865   0
   1.29999995   3.482   3.539   3.215   2.813   0
   1.30081499   3.478   3.535   3.212   2.811   0
   1.33779228   3.312   3.350   3.054   2.694   0
   1.36943984   3.175   3.199   2.925   2.597   0
   1.39999998   3.050   3.059   2.804   2.506   0
   1.46620762   2.797   2.777   2.561   2.323   0
   1.50000000   2.673   2.639   2.441   2.229   0
   1.57327557   2.417   2.365   2.199   2.028   0
   1.60000002   2.326   2.268   2.111   1.951   0
   1.65085208   2.157   2.089   1.949   1.807   0
   1.70000005   1.997   1.920   1.791   1.661   0
   1.71724880   1.941   1.861   1.736   1.611   0
   1.77692461   1.750   1.662   1.545   1.425   1
   1.79999995   1.678   1.588   1.470   1.348   0
   1.82830322   1.593   1.500   1.381   1.255   0
   1.85000002   1.530   1.437   1.311   1.178   0
   1.86936283   1.474   1.380   1.248   1.106   0
   1.89999998   1.391   1.297   1.148   0.982   0
   1.90328503   1.382   1.287   1.137   0.970   0
   1.93670917   1.299   1.202   1.030   0.833   0
   1.96582890   1.234   1.145   0.945   0.708   0
   1.97896361   1.205   1.120   0.905   0.648   0
   1.99119985   1.173   1.090   0.864   0.592   0
   1.99852645   1.143   1.059   0.832   0.559   2
   2.00000000   1.133   1.048   0.823   0.552   0
   2.00466704   1.101   1.012   0.795   0.533   0
   2.00885701   1.042   0.942   0.749   0.519   0
   2.01168942   0.930   0.817   0.678   0.515   0
   2.01249433   0.831   0.718   0.621   0.509   0
   2.01295137   0.728   0.638   0.575   0.502   0
   2.01306248   0.805   0.705   0.629   0.540   0
   2.01322436   0.891   0.779   0.664   0.530   4
   2.01345587   0.870   0.752   0.598   0.416   0
   2.01382303   0.863   0.757   0.557   0.314   0
   2.01422572   0.879   0.786   0.546   0.254   0
   2.01497507   0.925   0.853   0.561   0.193   0
   2.01570559   0.988   0.930   0.588   0.156   0
   2.01655221   1.078   1.029   0.628   0.128   0
   2.01746249   1.194   1.145   0.685   0.120   0
   2.01837802   1.352   1.282   0.764   0.145   0
   2.01925945   1.548   1.451   0.876   0.205   0
   2.02009606   1.823   1.678   1.039   0.315   0
   2.02089000   2.145   1.938   1.235   0.458   0
   2.02166677   2.407   2.127   1.367   0.541   0
   2.02192903   2.454   2.155   1.379   0.539   4
   2.02331519   2.496   2.109   1.277   0.390   0
   2.02427840   2.438   2.008   1.151   0.242   0
   2.02545571   2.338   1.864   0.980   0.050   0
   2.02665782   2.213   1.701   0.793  -0.155   0
   2.02771974   2.119   1.562   0.631  -0.337   0
   2.02876472   2.010   1.414   0.464  -0.522   0
   2.02965307   1.932   1.297   0.327  -0.676   0
   2.03060460   1.845   1.169   0.177  -0.844   0
   2.03139806   1.749   1.047   0.041  -0.990   0
   2.03221011   1.673   0.931  -0.095  -1.143   0
   2.03301549   1.611   0.821  -0.229  -1.297   0
   2.03374386   1.560   0.724  -0.348  -1.437   0
   2.03446245   1.507   0.621  -0.474  -1.583   0
   2.03512931   1.455   0.522  -0.594  -1.723   0
   2.03581834   1.411   0.428  -0.712  -1.861   0
   2.03661394   1.378   0.337  -0.829  -2.001   0
   2.03701234   1.368   0.312  -0.860  -2.038   2
   2.03737020   1.422   0.462  -0.668  -1.808   0
   2.03738022   1.458   0.544  -0.564  -1.685   0
   2.03739142   1.507   0.649  -0.432  -1.529   0
   2.03740239   1.560   0.743  -0.319  -1.398   0
   2.03741741   1.601   0.827  -0.216  -1.276   0
   2.03743672   1.655   0.917  -0.106  -1.151   0
   2.03746533   1.713   1.008   0.002  -1.029   0
   2.03753114   1.812   1.146   0.160  -0.855   0
   2.03763962   1.891   1.265   0.299  -0.700   0
   2.03780651   1.956   1.369   0.423  -0.558   0
   2.03817534   2.051   1.505   0.580  -0.382   0
   2.04007864   2.181   1.689   0.795  -0.142   0
   2.04276443   2.281   1.837   0.971   0.057   0
   2.04514861   2.294   1.868   1.014   0.109   4
   2.10217714   2.081   1.663   0.815  -0.083   0
   2.13897753   1.927   1.512   0.668  -0.226   0
   2.13926959   1.925   1.511   0.667  -0.227   0
   2.18836546   1.723   1.303   0.456  -0.439   0
   2.20000005   1.679   1.254   0.405  -0.491   0
   2.22062635   1.596   1.162   0.309  -0.591   0
   2.24827099   1.528   1.043   0.158  -0.768   0
   2.25469804   1.492   0.951   0.030  -0.924   0
   2.25570297   1.457   0.857  -0.093  -1.074   0
   2.25592995   1.391   0.751  -0.220  -1.218   0
   2.25596905   1.365   0.713  -0.265  -1.269   0
   2.25605369   1.311   0.614  -0.387  -1.410   0
   2.25613141   1.253   0.512  -0.513  -1.555   0
   2.25621676   1.196   0.409  -0.639  -1.700   0
   2.26053834   1.135   0.289  -0.788  -1.874   0
   2.26150155   1.090   0.158  -0.958  -2.080   0
   2.26210928   1.054   0.053  -1.094  -2.244   0
   2.26270556   1.014  -0.070  -1.256  -2.438   0
   2.26302457   0.997  -0.151  -1.364  -2.573   0
   2.26325679   0.979  -0.226  -1.464  -2.697   0
   2.26350451   0.955  -0.310  -1.572  -2.830   0
   2.26370955   0.943  -0.391  -1.682  -2.968   0
   2.26386094   0.936  -0.470  -1.791  -3.103   0
   2.26401067   0.932  -0.546  -1.896  -3.236   0
   2.26415944   0.944  -0.611  -1.993  -3.367   0
   2.26432300   0.957  -0.680  -2.096  -3.505   0
   2.26447439   0.990  -0.740  -2.193  -3.642   0
   2.26466179   0.996  -0.817  -2.303  -3.786   0
   2.26484179   1.021  -0.887  -2.415  -3.946   0
   2.26486278   1.006  -0.895  -2.434  -4.000   0
   2.26487637   1.001  -0.895  -2.440  -4.024   0
   2.26488972   0.995  -0.895  -2.445  -4.048   0
   2.26490283   0.988  -0.896  -2.450  -4.071   0
   2.26491594   0.981  -0.896  -2.456  -4.095   0
   2.26492906   0.974  -0.897  -2.461  -4.118   0
   2.26494217   0.965  -0.897  -2.466  -4.142   0
   2.26495528   0.956  -0.898  -2.472  -4.165   0
   2.26496816   0.947  -0.900  -2.477  -4.188   0
   2.26498103   0.936  -0.901  -2.483  -4.212   0
   2.26499367   0.925  -0.903  -2.488  -4.235   0
   2.26500654   0.914  -0.904  -2.494  -4.258   0
   2.26501942   0.902  -0.906  -2.499  -4.282   0
   2.26503229   0.889  -0.908  -2.505  -4.305   0
   2.26504493   0.875  -0.911  -2.510  -4.329   0
   2.26505756   0.861  -0.913  -2.516  -4.352   0
   2.26506996   0.846  -0.916  -2.522  -4.375   0
   2.26508260   0.831  -0.919  -2.528  -4.398   0
   2.26509500   0.816  -0.922  -2.533  -4.420   3
   2.26510763   0.805  -0.920  -2.532  -4.438   0
   2.26512027   0.796  -0.915  -2.528  -4.455   0
   2.26513267   0.787  -0.910  -2.524  -4.473   0
   2.26514530   0.778  -0.906  -2.520  -4.490   0
   2.26516557   0.772  -0.898  -2.513  -4.502   0
   2.26521754   0.761  -0.893  -2.508  -4.522   0
   2.26526904   0.749  -0.888  -2.503  -4.543   0
   2.26532054   0.737  -0.883  -2.499  -4.563   0
   2.26537156   0.725  -0.879  -2.494  -4.584   0
   2.26542211   0.712  -0.874  -2.489  -4.604   0
   2.26547241   0.700  -0.869  -2.484  -4.625   0
   2.26552248   0.687  -0.865  -2.480  -4.645   0
   2.26557207   0.673  -0.860  -2.475  -4.665   0
   2.26562166   0.660  -0.856  -2.470  -4.686   0
   2.26567054   0.646  -0.851  -2.465  -4.706   0
   2.26571941   0.632  -0.847  -2.460  -4.726   0
   2.26576757   0.617  -0.843  -2.456  -4.747   0
   2.26581573   0.603  -0.839  -2.451  -4.767   0
   2.26586342   0.588  -0.835  -2.446  -4.787   0
   2.26591086   0.573  -0.831  -2.441  -4.807   0
   2.26595783   0.557  -0.827  -2.436  -4.828   0
   2.26600456   0.541  -0.824  -2.432  -4.848   0
   2.26605105   0.542  -0.802  -2.408  -4.858   0
   2.26609683   0.549  -0.775  -2.378  -4.865   0
   2.26614261   0.555  -0.748  -2.348  -4.871   0
   2.26618791   0.562  -0.721  -2.318  -4.878   0
   2.26623297   0.568  -0.693  -2.288  -4.885   0
   2.26627779   0.575  -0.666  -2.258  -4.891   0
   2.26632214   0.581  -0.639  -2.227  -4.898   0
   2.26636624   0.588  -0.611  -2.197  -4.904   0
   2.26640987   0.594  -0.584  -2.167  -4.911   0
   2.26645303   0.601  -0.557  -2.136  -4.918   0
   2.26649618   0.608  -0.529  -2.106  -4.924   0
   2.26653886   0.614  -0.501  -2.076  -4.931   0
   2.26658130   0.621  -0.474  -2.045  -4.937   0
   2.26662326   0.628  -0.446  -2.015  -4.944   0
   2.26666474   0.635  -0.418  -1.984  -4.950   0
   2.26670599   0.642  -0.391  -1.953  -4.957   0
   2.26674700   0.648  -0.363  -1.923  -4.963   0
   2.26678777   0.655  -0.335  -1.892  -4.969   0
   2.26682806   0.662  -0.307  -1.861  -4.976   0
   2.26686788   0.669  -0.279  -1.830  -4.982   0
   2.26690745   0.676  -0.251  -1.799  -4.988   0
   2.26694679   0.690  -0.214  -1.762  -4.988   0
   2.26698565   0.705  -0.176  -1.723  -4.986   0
   2.26702428   0.720  -0.138  -1.685  -4.985   0
   2.26706243   0.735  -0.100  -1.647  -4.983   0
   2.26710010   0.750  -0.062  -1.609  -4.982   0
   2.26713777   0.765  -0.024  -1.571  -4.980   0
   2.26717472   0.780   0.014  -1.532  -4.978   0
   2.26721191   0.795   0.052  -1.494  -4.976   0
   2.26724625   0.811   0.090  -1.456  -4.973   0
   2.26727748   0.828   0.128  -1.417  -4.968   0
   2.26730943   0.855   0.180  -1.364  -4.957   1
   2.26732039   0.879   0.219  -1.326  -4.942   0
   2.26732445   0.904   0.256  -1.288  -4.924   0
   2.26732588   0.922   0.284  -1.260  -4.910   0
   2.26732707   0.941   0.312  -1.233  -4.897   0
   2.26732826   0.962   0.342  -1.202  -4.882   0
   2.26732945   0.984   0.374  -1.170  -4.866   0
   2.26733065   1.007   0.409  -1.135  -4.849   0
   2.26733184   1.034   0.448  -1.096  -4.829   0
   2.26733398   1.063   0.491  -1.053  -4.808   0
