   0.15000001  15.664  14.049  12.441  10.267   0
   0.20000000  14.480  13.033  11.517   9.567   0
   0.25000000  13.765  12.409  10.940   9.107   0
   0.30000001  13.186  11.896  10.470   8.724   0
   0.34999999  12.696  11.461  10.074   8.398   0
   0.40000001  12.190  10.996   9.641   8.028   0
   0.44999999  11.738  10.579   9.265   7.718   0
   0.50000000  11.254  10.124   8.858   7.380   0
   0.55000001  10.713   9.628   8.420   7.023   0
   0.60000002  10.167   9.148   8.001   6.686   0
   0.69999999   8.813   8.055   7.064   5.961   0
   0.80000001   7.355   6.978   6.158   5.269   0
   0.89999998   6.227   6.115   5.441   4.692   0
   1.00000000   5.414   5.430   4.861   4.202   0
   1.10000002   4.698   4.779   4.305   3.730   0
   1.20000005   4.141   4.233   3.832   3.334   0
   1.29999995   3.669   3.740   3.407   2.992   0
   1.39999998   3.270   3.295   3.034   2.728   0
   1.50000000   2.917   2.895   2.705   2.509   0
   1.60000002   2.613   2.569   2.447   2.339   0
   1.70000005   2.331   2.300   2.230   2.182   0
   1.79999995   2.088   2.092   2.058   2.049   0
   1.85000002   1.914   1.944   1.928   1.935   0
   1.89999998   1.850   1.904   1.901   1.921   0
   2.00000000   1.640   1.743   1.761   1.798   0
   2.20000005   1.268   1.465   1.515   1.577   0
   2.50000000   0.798   1.116   1.195   1.280   0
   3.00000000   0.175   0.634   0.742   0.854   0
   3.50000000  -0.319   0.237   0.366   0.498   0
   4.00000000  -0.728  -0.102   0.043   0.192   0
   4.29924154  -0.940  -0.280  -0.127   0.032   0
   4.50000000  -1.074  -0.393  -0.234  -0.070   0
   5.00000000  -1.396  -0.667  -0.495  -0.319   0
   6.00000000  -1.970  -1.165  -0.973  -0.774   0
   6.21213913  -2.080  -1.261  -1.066  -0.863   0
   7.00000000  -2.474  -1.608  -1.400  -1.184   0
   7.56920910  -2.739  -1.845  -1.630  -1.406   0
   8.60683060  -3.214  -2.278  -2.052  -1.815   0
   9.00000000  -3.389  -2.439  -2.209  -1.969   0
   9.46260738  -3.578  -2.613  -2.380  -2.135   0
  10.88733578  -4.193  -3.194  -2.953  -2.701   0
  11.91417599  -4.691  -3.681  -3.440  -3.188   0
  12.00000000  -4.740  -3.730  -3.489  -3.239   1
  12.69686890  -5.103  -4.103  -3.866  -3.622   0
  13.35859013  -5.534  -4.562  -4.337  -4.109   0
  13.62978554  -5.742  -4.791  -4.572  -4.354   0
  13.76112556  -5.838  -4.893  -4.676  -4.462   0
  13.81769753  -5.853  -4.897  -4.679  -4.461   3
  13.85486031  -5.817  -4.824  -4.596  -4.366   0
  13.85964012  -5.818  -4.797  -4.561  -4.320   0
  13.86015320  -5.818  -4.793  -4.556  -4.314   0
  13.86192036  -5.807  -4.802  -4.571  -4.336   0
  13.86273289  -5.855  -4.870  -4.645  -4.418   0
  13.86292362  -5.874  -4.895  -4.671  -4.447   0
  13.86350822  -5.934  -4.975  -4.757  -4.540   0
  13.86409283  -6.003  -5.068  -4.855  -4.647   0
  13.86471939  -6.088  -5.183  -4.977  -4.779   0
  13.86513710  -6.151  -5.270  -5.070  -4.880   0
  13.86551285  -6.207  -5.347  -5.152  -4.971   0
  13.86588860  -6.266  -5.424  -5.237  -5.065   0
  13.86626434  -6.328  -5.508  -5.329  -5.167   0
  13.86668205  -6.398  -5.607  -5.436  -5.286   0
  13.86697388  -6.449  -5.681  -5.516  -5.375   0
  13.86726665  -6.499  -5.756  -5.597  -5.466   0
  13.86743355  -6.530  -5.803  -5.649  -5.524   0
  13.86775208  -6.582  -5.881  -5.734  -5.620   0
  13.86807060  -6.638  -5.971  -5.833  -5.731   0
  13.86838913  -6.696  -6.064  -5.937  -5.850   0
  13.86861706  -6.739  -6.150  -6.030  -5.953   0
  13.86884403  -6.773  -6.231  -6.117  -6.049   0
  13.86911774  -6.810  -6.324  -6.218  -6.161   0
  13.86934471  -6.846  -6.409  -6.313  -6.269   0
  13.86957264  -6.877  -6.497  -6.412  -6.384   0
  13.86975479  -6.907  -6.553  -6.482  -6.473   0
  13.86993694  -6.926  -6.615  -6.555  -6.562   0
  13.87007332  -6.930  -6.680  -6.629  -6.648   0
  13.87025547  -6.914  -6.762  -6.721  -6.753   0
  13.87043762  -6.904  -6.811  -6.794  -6.855   0
  13.87057400  -6.875  -6.854  -6.855  -6.938   0
  13.87075520  -6.802  -6.898  -6.921  -7.035   0
  13.87093830  -6.671  -6.876  -6.953  -7.136   3
  13.87107468  -6.536  -6.796  -6.944  -7.208   0
  13.87116528  -6.448  -6.728  -6.929  -7.248   0
  13.87125683  -6.321  -6.619  -6.902  -7.298   0
  13.87134743  -6.169  -6.480  -6.859  -7.341   0
  13.87143803  -6.008  -6.341  -6.809  -7.369   0
  13.87148380  -5.883  -6.234  -6.767  -7.384   0
  13.87157440  -5.635  -6.045  -6.687  -7.393   0
  13.87166595  -5.313  -5.820  -6.586  -7.388   0
  13.87171173  -5.041  -5.639  -6.499  -7.370   0
  13.87180233  -4.566  -5.346  -6.348  -7.323   0
  13.87193871  -3.721  -4.859  -6.058  -7.189   0
  13.87216663  -2.868  -4.375  -5.736  -7.017   4
  13.87230015  -2.689  -4.357  -5.781  -7.123   0
  13.87240028  -2.569  -4.356  -5.828  -7.217   0
  13.87243271  -2.543  -4.376  -5.866  -7.275   0
  13.87249947  -2.494  -4.404  -5.926  -7.366   0
  13.87259960  -2.391  -4.452  -6.035  -7.537   0
  13.87319851  -2.470  -4.660  -6.311  -7.904   0
  13.87795258  -2.551  -4.702  -6.360  -8.001   0
  13.90455914  -2.453  -4.668  -6.317  -7.884   0
  13.92954063  -2.480  -4.622  -6.237  -7.764   0
  13.95891666  -2.565  -4.610  -6.187  -7.675   4
  14.01113319  -2.823  -4.701  -6.212  -7.626   0
  14.02033138  -2.883  -4.730  -6.228  -7.628   0
  14.04714012  -3.382  -5.015  -6.429  -7.740   0
  14.05672550  -6.996  -7.232  -7.345  -7.572   3
  14.05827808  -7.160  -7.281  -7.323  -7.458   0
  14.05905437  -7.232  -7.255  -7.276  -7.383   0
  14.05986786  -7.277  -7.197  -7.199  -7.284   0
  14.06027412  -7.280  -7.169  -7.160  -7.229   0
  14.06097603  -7.271  -7.142  -7.109  -7.150   0
  14.06178856  -7.271  -7.088  -7.045  -7.072   0
  14.06274891  -7.274  -7.026  -6.975  -6.995   0
  14.06426239  -7.262  -6.957  -6.898  -6.906   0
  14.06577587  -7.249  -6.907  -6.842  -6.841   0
  14.06883812  -7.212  -6.841  -6.761  -6.740   0
  14.07333660  -7.183  -6.772  -6.683  -6.648   0
  14.07933998  -7.154  -6.698  -6.600  -6.552   0
  14.08518982  -7.127  -6.637  -6.531  -6.474   0
  14.09246445  -7.100  -6.566  -6.454  -6.389   0
  14.10090256  -7.075  -6.495  -6.379  -6.307   0
  14.11064339  -7.051  -6.431  -6.311  -6.233   0
  14.12394333  -7.027  -6.372  -6.248  -6.164   0
  14.15211010  -6.998  -6.327  -6.195  -6.101   1
  14.21378040  -7.067  -6.422  -6.300  -6.219   0
  14.24385071  -7.108  -6.502  -6.384  -6.309   0
  14.25273609  -7.121  -6.532  -6.415  -6.342   0
  14.27606392  -7.157  -6.614  -6.501  -6.435   0
  14.29500103  -7.191  -6.692  -6.584  -6.525   0
  14.31083107  -7.227  -6.765  -6.665  -6.615   0
  14.32615471  -7.264  -6.847  -6.756  -6.719   0
  14.33652401  -7.290  -6.911  -6.828  -6.802   0
  14.34598827  -7.323  -6.969  -6.899  -6.889   0
  14.35468388  -7.348  -7.034  -6.975  -6.981   0
  14.36275005  -7.358  -7.108  -7.057  -7.076   0
  14.36996746  -7.351  -7.182  -7.140  -7.169   0
  14.37640095  -7.353  -7.233  -7.213  -7.270   0
  14.38204861  -7.342  -7.280  -7.286  -7.373   0
  14.38552856  -7.314  -7.319  -7.337  -7.441   0
  14.38886547  -7.259  -7.345  -7.382  -7.510   0
  14.39206028  -7.185  -7.349  -7.414  -7.579   0
  14.39489460  -7.094  -7.323  -7.427  -7.644   3
  14.39743996  -6.977  -7.254  -7.423  -7.712   0
  14.39984131  -6.818  -7.129  -7.399  -7.788   0
  14.40209866  -6.582  -6.923  -7.348  -7.870   0
  14.40311813  -6.413  -6.784  -7.305  -7.909   0
  14.40413857  -6.174  -6.608  -7.243  -7.940   0
  14.40515804  -5.856  -6.392  -7.160  -7.959   0
  14.40785599  -3.790  -5.226  -6.562  -7.794   0
  14.40865898  -3.307  -4.957  -6.377  -7.695   0
  14.41033840  -2.860  -4.781  -6.309  -7.739   4
  14.41697979  -2.616  -4.749  -6.362  -7.881   0
  14.41932774  -2.560  -4.770  -6.413  -7.961   0
  14.42040920  -2.556  -4.783  -6.433  -7.988   0
  14.42256927  -2.599  -4.814  -6.473  -8.065   0
  14.42443180  -2.711  -4.855  -6.511  -8.153   0
  14.42688847  -2.888  -4.902  -6.543  -8.255   0
  14.42979050  -3.087  -4.948  -6.566  -8.348   0
  14.43064594  -3.140  -4.961  -6.573  -8.372   0
