   0.15000001  15.662  14.048  12.439  10.266   0
   0.20000000  14.478  13.032  11.515   9.566   0
   0.25000000  13.762  12.407  10.938   9.106   0
   0.30000001  13.183  11.894  10.468   8.722   0
   0.34999999  12.694  11.459  10.072   8.396   0
   0.40000001  12.187  10.993   9.638   8.026   0
   0.44999999  11.735  10.576   9.262   7.715   0
   0.50000000  11.251  10.120   8.854   7.377   0
   0.55000001  10.708   9.623   8.415   7.019   0
   0.60000002  10.160   9.142   7.996   6.682   0
   0.69999999   8.796   8.042   7.053   5.952   0
   0.80000001   7.327   6.956   6.140   5.254   0
   0.89999998   6.195   6.088   5.417   4.672   0
   1.00000000   5.365   5.386   4.823   4.168   0
   1.10000002   4.645   4.725   4.254   3.683   0
   1.15261352   4.339   4.426   3.995   3.464   0
   1.20000005   4.081   4.170   3.772   3.277   0
   1.22369528   3.965   4.048   3.667   3.192   0
   1.29999995   3.610   3.676   3.346   2.935   0
   1.39999998   3.206   3.226   2.967   2.663   0
   1.50000000   2.845   2.818   2.630   2.436   0
   1.60000002   2.525   2.477   2.353   2.241   0
   1.70000005   2.236   2.195   2.120   2.065   0
   1.74393070   2.120   2.091   2.031   1.991   0
   1.79999995   1.974   1.960   1.918   1.897   0
   1.85000002   1.848   1.850   1.822   1.815   0
   1.89999998   1.723   1.743   1.726   1.729   0
   2.00000000   1.489   1.542   1.546   1.566   0
   2.01944447   1.444   1.504   1.512   1.535   0
   2.20000005   1.044   1.170   1.204   1.247   0
   2.24232769   0.955   1.095   1.135   1.181   0
   2.40900588   0.616   0.806   0.861   0.917   0
   2.50000000   0.433   0.644   0.705   0.766   0
   2.55313659   0.329   0.551   0.617   0.680   0
   2.67501855   0.091   0.331   0.402   0.468   0
   2.77791119  -0.113   0.135   0.209   0.275   0
   2.86563826  -0.291  -0.045   0.030   0.095   1
   2.94096041  -0.449  -0.212  -0.138  -0.076   0
   3.00000000  -0.575  -0.354  -0.282  -0.226   0
   3.01018810  -0.596  -0.377  -0.306  -0.250   0
   3.06755567  -0.719  -0.524  -0.456  -0.406   0
   3.11724019  -0.832  -0.663  -0.599  -0.556   0
   3.13934016  -0.882  -0.726  -0.665  -0.626   0
   3.15983129  -0.932  -0.787  -0.728  -0.691   0
   3.17331290  -0.971  -0.827  -0.768  -0.732   0
   3.18246102  -1.004  -0.850  -0.788  -0.749   0
   3.18954515  -1.040  -0.859  -0.792  -0.747   3
   3.19431973  -1.088  -0.848  -0.770  -0.713   0
   3.19568110  -1.128  -0.840  -0.754  -0.689   0
   3.19642425  -1.175  -0.845  -0.751  -0.677   0
   3.19659114  -1.135  -0.818  -0.727  -0.655   0
   3.19679856  -1.077  -0.803  -0.720  -0.656   0
   3.19708037  -1.113  -0.890  -0.815  -0.762   0
   3.19747829  -1.194  -1.024  -0.957  -0.916   0
   3.19803762  -1.244  -1.136  -1.082  -1.056   0
   3.19877887  -1.263  -1.225  -1.191  -1.186   0
   3.19899440  -1.264  -1.247  -1.219  -1.220   0
   3.19964623  -1.252  -1.290  -1.283  -1.308   0
   3.20036626  -1.220  -1.316  -1.341  -1.400   0
   3.20087242  -1.183  -1.321  -1.373  -1.463   0
   3.20138955  -1.126  -1.290  -1.383  -1.524   3
   3.20190644  -1.052  -1.224  -1.377  -1.584   0
   3.20242286  -0.958  -1.115  -1.344  -1.641   0
   3.20293117  -0.825  -0.957  -1.278  -1.688   0
   3.20318151  -0.734  -0.855  -1.231  -1.706   0
   3.20342422  -0.623  -0.741  -1.175  -1.715   0
   3.20390511  -0.325  -0.475  -1.035  -1.694   0
   3.20437074   0.032  -0.189  -0.859  -1.608   0
   3.20482111   0.414   0.103  -0.653  -1.471   0
   3.20526338   0.715   0.312  -0.517  -1.394   4
   3.20589566   0.814   0.287  -0.623  -1.565   0
   3.20644355   0.788   0.181  -0.772  -1.752   0
   3.20703435   0.741   0.081  -0.899  -1.901   0
   3.20775843   0.687  -0.025  -1.033  -2.058   0
   3.20851398   0.623  -0.138  -1.172  -2.218   0
   3.20917845   0.574  -0.233  -1.291  -2.356   0
   3.20988894   0.531  -0.328  -1.410  -2.496   0
   3.21056223   0.495  -0.418  -1.524  -2.633   0
   3.21123838   0.476  -0.501  -1.637  -2.772   0
   3.21188474   0.451  -0.574  -1.732  -2.885   0
   3.21240139   0.435  -0.619  -1.790  -2.955   2
   3.21503854   0.452  -0.554  -1.703  -2.849   0
   3.21824956   0.469  -0.483  -1.607  -2.732   0
   3.22081232   0.485  -0.410  -1.508  -2.608   0
   3.22303987   0.514  -0.326  -1.399  -2.477   0
   3.22508025   0.554  -0.237  -1.287  -2.345   0
   3.22729015   0.611  -0.132  -1.157  -2.195   0
   3.22978258   0.665  -0.027  -1.023  -2.039   0
   3.23271441   0.719   0.077  -0.894  -1.889   0
   3.23728514   0.761   0.177  -0.763  -1.732   0
   3.24737787   0.675   0.189  -0.693  -1.613   4
   3.28133297   0.005  -0.325  -1.088  -1.909   0
   3.32582855  -0.223  -0.545  -1.293  -2.103   0
   3.36059117  -0.395  -0.713  -1.451  -2.253   1
   3.43168283  -0.197  -0.662  -1.517  -2.410   0
   3.44820380   0.278  -0.404  -1.394  -2.400   4
   3.44945455   0.292  -0.457  -1.483  -2.519   0
   3.44958448   0.289  -0.475  -1.509  -2.551   0
   3.44972062   0.260  -0.556  -1.618  -2.682   0
   3.44985127   0.238  -0.638  -1.726  -2.814   0
   3.45282412   0.184  -0.938  -2.139  -3.326   0
   3.45332170   0.169  -1.011  -2.237  -3.448   0
   3.45381641   0.164  -1.079  -2.331  -3.567   0
   3.45456052   0.167  -1.180  -2.476  -3.754   0
   3.45505691   0.187  -1.249  -2.582  -3.894   0
   3.45555282   0.194  -1.335  -2.705  -4.053   0
   3.45600033   0.204  -1.419  -2.828  -4.216   0
   3.45635867   0.199  -1.507  -2.949  -4.370   0
   3.45665073   0.226  -1.572  -3.051  -4.511   0
   3.45695782   0.254  -1.654  -3.177  -4.681   0
   3.45720911   0.247  -1.706  -3.264  -4.835   0
   3.45746279   0.166  -1.740  -3.326  -5.003   0
   3.45774174   0.037  -1.772  -3.385  -5.211   0
   3.45787096  -0.046  -1.786  -3.407  -5.318   0
   3.45798230  -0.090  -1.767  -3.389  -5.391   0
   3.45807862  -0.121  -1.753  -3.375  -5.442   2
   3.45817995  -0.128  -1.754  -3.375  -5.450   0
   3.45831442  -0.124  -1.759  -3.381  -5.443   0
   3.45837760  -0.208  -1.713  -3.330  -5.569   0
   3.45841050  -0.231  -1.702  -3.317  -5.600   0
   3.45842075  -0.267  -1.681  -3.293  -5.649   0
   3.45844579  -0.281  -1.679  -3.289  -5.665   0
   3.45847082  -0.294  -1.676  -3.286  -5.681   0
   3.45849586  -0.307  -1.674  -3.282  -5.697   0
   3.45852113  -0.310  -1.660  -3.267  -5.706   0
   3.45854092  -0.306  -1.643  -3.248  -5.711   0
   3.45856619  -0.301  -1.622  -3.225  -5.716   0
   3.45859122  -0.296  -1.601  -3.201  -5.722   0
   3.45861602  -0.292  -1.580  -3.178  -5.727   0
   3.45864058  -0.287  -1.560  -3.155  -5.732   0
   3.45866513  -0.282  -1.539  -3.132  -5.738   0
   3.45874929  -0.266  -1.472  -3.058  -5.755   0
   3.45887184  -0.250  -1.402  -2.981  -5.771   0
   3.45899367  -0.243  -1.377  -2.954  -5.777   0
   3.45911431  -0.238  -1.357  -2.932  -5.781   0
   3.45923400  -0.234  -1.337  -2.910  -5.786   0
   3.45935225  -0.229  -1.318  -2.888  -5.791   0
   3.45946956  -0.224  -1.298  -2.867  -5.795   0
   3.45958591  -0.219  -1.279  -2.846  -5.800   0
   3.45967817  -0.216  -1.264  -2.829  -5.803   0
   3.45976996  -0.212  -1.249  -2.813  -5.807   0
   3.45986104  -0.208  -1.234  -2.796  -5.810   0
   3.45995164  -0.204  -1.220  -2.780  -5.813   0
   3.46004152  -0.201  -1.205  -2.764  -5.817   0
   3.46013117  -0.197  -1.191  -2.748  -5.820   0
   3.46022010  -0.194  -1.176  -2.732  -5.823   0
   3.46030903  -0.190  -1.162  -2.717  -5.826   0
   3.46039724  -0.187  -1.148  -2.701  -5.829   0
   3.46048522  -0.183  -1.135  -2.686  -5.832   0
   3.46057272  -0.180  -1.121  -2.671  -5.835   0
   3.46065998  -0.176  -1.108  -2.657  -5.838   0
   3.46074700  -0.172  -1.093  -2.641  -5.840   1
   3.46083403  -0.165  -1.076  -2.624  -5.839   0
   3.46094227  -0.156  -1.054  -2.602  -5.838   0
   3.46105027  -0.148  -1.034  -2.581  -5.837   0
   3.46115851  -0.140  -1.013  -2.560  -5.836   0
   3.46126652  -0.132  -0.993  -2.540  -5.835   0
   3.46137452  -0.124  -0.973  -2.520  -5.834   0
   3.46148276  -0.115  -0.953  -2.500  -5.832   0
   3.46158838  -0.107  -0.934  -2.480  -5.830   0
   3.46168733  -0.097  -0.912  -2.459  -5.826   0
   3.46178460  -0.083  -0.887  -2.434  -5.819   0
   3.46182394  -0.072  -0.872  -2.418  -5.810   0
   3.46184683  -0.043  -0.842  -2.389  -5.782   0
   3.46185923  -0.010  -0.810  -2.356  -5.749   0
   3.46186614   0.012  -0.789  -2.335  -5.727   0
   3.46186972   0.024  -0.777  -2.323  -5.715   0
   3.46187115   0.030  -0.770  -2.316  -5.708   0
   3.46187305   0.038  -0.763  -2.309  -5.701   0
   3.46187496   0.046  -0.755  -2.301  -5.693   0
   3.46187663   0.054  -0.747  -2.293  -5.685   0
   3.46187830   0.061  -0.739  -2.286  -5.677   0
   3.46188021   0.070  -0.731  -2.277  -5.668   0
   3.46188211   0.079  -0.721  -2.268  -5.659   0
   3.46188378   0.089  -0.712  -2.258  -5.649   0
   3.46188545   0.098  -0.702  -2.249  -5.640   0
   3.46188736   0.109  -0.692  -2.238  -5.629   0
   3.46189094   0.120  -0.681  -2.227  -5.618   0
