   0.15000001  15.664  14.049  12.441  10.267   0
   0.20000000  14.480  13.033  11.517   9.567   0
   0.25000000  13.765  12.410  10.940   9.107   0
   0.30000001  13.186  11.897  10.470   8.724   0
   0.34999999  12.696  11.461  10.074   8.398   0
   0.40000001  12.190  10.996   9.641   8.028   0
   0.44999999  11.738  10.579   9.265   7.718   0
   0.50000000  11.254  10.124   8.858   7.380   0
   0.55000001  10.714   9.628   8.420   7.023   0
   0.60000002  10.167   9.149   8.001   6.686   0
   0.69999999   8.813   8.055   7.065   5.961   0
   0.80000001   7.356   6.978   6.158   5.269   0
   0.89999998   6.227   6.116   5.441   4.693   0
   1.00000000   5.415   5.431   4.862   4.202   0
   1.10000002   4.700   4.780   4.306   3.731   0
   1.20000005   4.142   4.234   3.834   3.335   0
   1.29999995   3.671   3.741   3.408   2.994   0
   1.39999998   3.272   3.296   3.036   2.730   0
   1.50000000   2.919   2.897   2.707   2.511   0
   1.60000002   2.615   2.572   2.449   2.342   0
   1.70000005   2.334   2.303   2.233   2.185   0
   1.79999995   2.092   2.095   2.061   2.053   0
   1.85000002   1.913   1.944   1.928   1.935   0
   1.89999998   1.853   1.907   1.904   1.925   0
   2.00000000   1.643   1.747   1.765   1.803   0
   2.20000005   1.273   1.472   1.522   1.585   0
   2.50000000   0.806   1.126   1.206   1.292   0
   3.00000000   0.187   0.651   0.760   0.874   0
   3.50000000  -0.299   0.265   0.395   0.529   0
   4.00000000  -0.697  -0.063   0.083   0.235   0
   4.50000000  -1.036  -0.347  -0.186  -0.019   0
   5.00000000  -1.343  -0.607  -0.434  -0.254   0
   5.70981312  -1.739  -0.950  -0.763  -0.568   0
   6.00000000  -1.889  -1.080  -0.887  -0.687   0
   7.00000000  -2.356  -1.485  -1.277  -1.058   0
   8.37482452  -2.920  -1.986  -1.761  -1.524   0
   9.00000000  -3.157  -2.198  -1.967  -1.722   0
  10.33447266  -3.601  -2.599  -2.356  -2.099   0
  12.00000000  -4.131  -3.088  -2.833  -2.562   0
  13.24786758  -4.484  -3.418  -3.155  -2.876   0
  15.00000000  -4.995  -3.903  -3.635  -3.350   0
  15.38061333  -5.093  -3.997  -3.728  -3.443   1
  17.30441856  -5.626  -4.523  -4.257  -3.977   0
  18.78889656  -6.088  -5.002  -4.743  -4.472   0
  19.95070267  -6.528  -5.477  -5.235  -4.987   0
  20.00000000  -6.553  -5.503  -5.262  -5.016   0
  20.49071312  -6.744  -5.711  -5.480  -5.246   0
  20.92677879  -6.901  -5.884  -5.659  -5.435   0
  20.99240875  -6.910  -5.890  -5.665  -5.439   0
  21.09644890  -6.874  -5.823  -5.588  -5.351   0
  21.10993767  -6.835  -5.770  -5.523  -5.271   0
  21.11309052  -6.820  -5.751  -5.502  -5.244   1
  21.11759377  -6.858  -5.797  -5.555  -5.307   0
  21.11940956  -6.928  -5.873  -5.639  -5.401   0
  21.12115097  -6.995  -5.960  -5.731  -5.502   0
  21.12264442  -7.062  -6.046  -5.824  -5.603   0
  21.12402344  -7.121  -6.134  -5.917  -5.703   0
  21.12533569  -7.180  -6.225  -6.013  -5.806   0
  21.12651253  -7.235  -6.311  -6.105  -5.905   0
  21.12750816  -7.287  -6.391  -6.189  -5.997   0
  21.12854767  -7.375  -6.480  -6.291  -6.115   0
  21.12958908  -7.457  -6.577  -6.399  -6.238   0
  21.13044930  -7.514  -6.662  -6.490  -6.338   0
  21.13133240  -7.570  -6.754  -6.589  -6.447   0
  21.13219261  -7.624  -6.851  -6.693  -6.562   0
  21.13289452  -7.672  -6.936  -6.784  -6.663   0
  21.13361931  -7.724  -7.029  -6.884  -6.774   0
  21.13436508  -7.804  -7.116  -6.991  -6.904   0
  21.13518143  -7.865  -7.239  -7.123  -7.050   0
  21.13576889  -7.901  -7.344  -7.231  -7.165   0
  21.13647079  -7.948  -7.466  -7.362  -7.307   0
  21.13692474  -7.984  -7.544  -7.449  -7.406   0
  21.13744545  -8.019  -7.634  -7.550  -7.522   0
  21.13803482  -8.069  -7.730  -7.665  -7.665   0
  21.13880348  -8.085  -7.876  -7.829  -7.854   0
  21.14005089  -8.059  -8.029  -8.058  -8.171   0
  21.14245224  -7.195  -7.575  -8.074  -8.657   3
  21.14340210  -6.425  -7.030  -7.856  -8.695   0
  21.14408302  -5.619  -6.549  -7.625  -8.646   0
  21.14476204  -4.762  -6.084  -7.368  -8.551   0
  21.14542007  -4.325  -5.872  -7.254  -8.523   0
  21.15259743  -3.957  -5.755  -7.237  -8.600   4
  21.16302872  -3.880  -5.785  -7.311  -8.711   0
  21.17513275  -3.902  -5.866  -7.415  -8.837   0
  21.19956589  -3.981  -5.940  -7.487  -8.907   0
  21.25164413  -4.102  -5.935  -7.432  -8.802   0
  21.37198067  -4.463  -6.069  -7.478  -8.764   0
  21.38855743  -5.146  -6.404  -7.657  -8.812   0
  21.43279648  -6.483  -7.142  -8.010  -8.878   0
  21.43800163  -6.789  -7.353  -8.118  -8.909   0
  21.44318199  -7.503  -7.881  -8.337  -8.884   0
  21.44577026  -8.020  -8.276  -8.424  -8.691   3
  21.44706345  -8.215  -8.320  -8.381  -8.534   0
  21.44795036  -8.282  -8.260  -8.307  -8.438   0
  21.44908905  -8.320  -8.220  -8.225  -8.311   0
  21.45115471  -8.312  -8.103  -8.057  -8.081   0
  21.45437431  -8.259  -7.894  -7.818  -7.801   0
  21.45870972  -8.166  -7.697  -7.595  -7.544   0
  21.46379280  -8.099  -7.547  -7.435  -7.369   0
  21.46883202  -8.066  -7.458  -7.343  -7.273   0
  21.47883797  -8.039  -7.378  -7.263  -7.191   0
  21.50406837  -8.030  -7.351  -7.236  -7.162   0
  21.62078476  -8.073  -7.460  -7.345  -7.275   1
  21.86338043  -8.200  -7.747  -7.649  -7.602   0
  21.94816971  -8.271  -7.904  -7.826  -7.808   0
  22.02134514  -8.317  -8.009  -7.950  -7.958   0
  22.07357407  -8.327  -8.084  -8.035  -8.055   0
  22.11557961  -8.322  -8.150  -8.107  -8.136   0
  22.14870644  -8.324  -8.194  -8.165  -8.211   0
  22.17441750  -8.333  -8.217  -8.209  -8.280   0
  22.19629669  -8.328  -8.238  -8.250  -8.343   0
  22.21448135  -8.314  -8.251  -8.287  -8.404   0
  22.23194122  -8.284  -8.278  -8.330  -8.465   0
  22.24598312  -8.249  -8.320  -8.376  -8.519   0
  22.25701523  -8.197  -8.329  -8.397  -8.563   0
  22.26695442  -8.142  -8.330  -8.416  -8.608   0
  22.27646637  -8.072  -8.298  -8.419  -8.653   3
  22.28908730  -7.963  -8.239  -8.417  -8.715   0
  22.29804611  -7.853  -8.162  -8.405  -8.770   0
  22.30684090  -7.705  -8.045  -8.382  -8.831   0
  22.31546974  -7.475  -7.863  -8.338  -8.901   0
  22.32144737  -7.234  -7.683  -8.283  -8.945   0
  22.32443619  -7.051  -7.551  -8.238  -8.969   0
  22.32744217  -6.792  -7.382  -8.170  -8.978   0
  22.32964897  -6.491  -7.196  -8.095  -8.985   0
  22.33245468  -5.961  -6.884  -7.950  -8.960   0
  22.33365822  -5.659  -6.715  -7.860  -8.929   0
  22.33506012  -5.340  -6.533  -7.756  -8.884   0
  22.33646393  -4.995  -6.344  -7.639  -8.826   0
  22.34058571  -4.666  -6.207  -7.591  -8.849   4
  22.35379791  -4.549  -6.204  -7.634  -8.934   0
  22.54908943  -4.570  -6.292  -7.749  -9.073   0
  22.55963898  -4.597  -6.364  -7.838  -9.179   0
  22.58079338  -4.657  -6.455  -7.940  -9.294   0
  22.58939171  -4.794  -6.595  -8.082  -9.436   0
