   0.15000001  15.655  14.042  12.434  10.262   0
   0.20000000  14.469  13.023  11.508   9.559   0
   0.25000000  13.752  12.398  10.928   9.097   0
   0.30000001  13.172  11.884  10.458   8.713   0
   0.34999999  12.684  11.449  10.062   8.388   0
   0.40000001  12.175  10.982   9.628   8.016   0
   0.44999999  11.721  10.561   9.248   7.703   0
   0.50000000  11.233  10.102   8.838   7.361   0
   0.55000001  10.683   9.599   8.393   7.000   0
   0.60000002  10.127   9.113   7.970   6.661   0
   0.69999999   8.718   7.982   7.001   5.911   0
   0.80000001   7.194   6.854   6.050   5.180   0
   0.89999998   6.055   5.968   5.313   4.581   0
   0.95105189   5.583   5.573   4.977   4.294   0
   1.00000000   5.187   5.220   4.674   4.035   0
   1.04571545   4.828   4.893   4.393   3.793   0
   1.08738458   4.535   4.612   4.147   3.581   0
   1.10000002   4.452   4.530   4.075   3.519   0
   1.13425016   4.233   4.313   3.884   3.355   0
   1.16273975   4.056   4.138   3.730   3.222   0
   1.18647802   3.920   3.999   3.605   3.115   0
   1.20000005   3.847   3.922   3.536   3.055   0
   1.20892715   3.797   3.870   3.491   3.017   0
   1.21650302   3.756   3.827   3.452   2.985   0
   1.24534523   3.603   3.667   3.311   2.867   0
   1.28758454   3.394   3.446   3.112   2.697   0
   1.29999995   3.335   3.384   3.056   2.648   0
   1.31086099   3.284   3.329   3.007   2.608   0
   1.35882413   3.075   3.103   2.801   2.430   0
   1.39999998   2.904   2.920   2.628   2.272   0
   1.44718862   2.715   2.718   2.435   2.091   1
   1.49605477   2.526   2.521   2.237   1.892   0
   1.50000000   2.512   2.505   2.221   1.875   0
   1.53170907   2.403   2.396   2.101   1.738   0
   1.55953991   2.316   2.312   2.000   1.611   0
   1.58369100   2.259   2.257   1.920   1.499   0
   1.60000002   2.228   2.228   1.870   1.421   0
   1.60512853   2.218   2.219   1.854   1.397   0
   1.61485803   2.197   2.199   1.823   1.351   0
   1.62394285   2.171   2.173   1.789   1.306   0
   1.62985575   2.143   2.144   1.758   1.273   2
   1.63402116   2.103   2.101   1.722   1.244   0
   1.63718581   2.038   2.029   1.668   1.214   0
   1.63933635   1.903   1.878   1.565   1.174   0
   1.63994718   1.790   1.745   1.474   1.143   0
   1.64029372   1.663   1.594   1.369   1.101   0
   1.64037347   1.726   1.666   1.426   1.139   0
   1.64048898   1.819   1.779   1.499   1.155   4
   1.64072621   1.818   1.791   1.463   1.051   0
   1.64119375   1.845   1.829   1.451   0.975   0
   1.64230406   1.936   1.917   1.478   0.934   0
   1.64407182   2.082   2.044   1.540   0.933   0
   1.64566410   2.272   2.208   1.643   0.980   0
   1.64684165   2.527   2.411   1.786   1.073   0
   1.64793265   2.829   2.655   1.968   1.203   0
   1.64901078   3.106   2.856   2.110   1.296   0
   1.64956665   3.200   2.917   2.146   1.310   4
   1.65139270   3.241   2.870   2.045   1.162   0
   1.65260577   3.162   2.751   1.903   1.000   0
   1.65386307   3.044   2.600   1.732   0.813   0
   1.65502095   2.927   2.454   1.568   0.634   0
   1.65610695   2.814   2.314   1.411   0.465   0
   1.65712452   2.712   2.180   1.261   0.300   0
   1.65810084   2.615   2.052   1.118   0.144   0
   1.65908480   2.522   1.925   0.973  -0.017   0
   1.66006517   2.439   1.802   0.831  -0.177   0
   1.66099906   2.345   1.675   0.686  -0.336   0
   1.66192675   2.241   1.542   0.538  -0.497   0
   1.66279721   2.154   1.419   0.396  -0.653   0
   1.66369879   2.083   1.302   0.256  -0.813   0
   1.66463935   2.018   1.190   0.122  -0.967   0
   1.66591239   1.955   1.081  -0.008  -1.117   2
   1.66674256   2.029   1.219   0.159  -0.923   0
   1.66701412   2.090   1.333   0.298  -0.760   0
   1.66732323   2.174   1.470   0.463  -0.573   0
   1.66752362   2.222   1.536   0.539  -0.489   1
   1.66834950   2.136   1.414   0.398  -0.645   0
   1.66924870   2.063   1.299   0.260  -0.801   0
   1.67017615   2.002   1.191   0.131  -0.950   0
   1.67102516   1.940   1.085   0.004  -1.096   0
   1.67197073   1.877   0.966  -0.140  -1.264   0
   1.67274916   1.824   0.865  -0.264  -1.408   0
   1.67353249   1.768   0.754  -0.400  -1.567   0
   1.67420256   1.720   0.652  -0.526  -1.713   0
   1.67478073   1.689   0.566  -0.637  -1.848   0
   1.67535233   1.658   0.475  -0.753  -1.989   0
   1.67589986   1.627   0.378  -0.878  -2.142   0
   1.67637050   1.593   0.284  -0.996  -2.283   0
   1.67677319   1.564   0.200  -1.105  -2.414   0
   1.67712569   1.557   0.121  -1.212  -2.549   0
   1.67746031   1.550   0.049  -1.312  -2.677   0
   1.67775083   1.547  -0.019  -1.406  -2.799   0
   1.67802656   1.547  -0.087  -1.503  -2.924   0
   1.67826688   1.538  -0.157  -1.597  -3.043   0
   1.67849553   1.528  -0.229  -1.694  -3.165   0
   1.67870641   1.557  -0.281  -1.779  -3.285   0
   1.67889094   1.551  -0.315  -1.838  -3.391   0
   1.67908406   1.523  -0.330  -1.875  -3.500   0
   1.67923331   1.489  -0.345  -1.908  -3.594   0
   1.67936802   1.447  -0.367  -1.944  -3.684   0
   1.67946160   1.422  -0.365  -1.954  -3.745   2
   1.67946160   2.132   1.597   0.678  -0.277   1
   1.68097305   2.120   1.557   0.624  -0.343   0
   1.68194377   2.110   1.546   0.612  -0.356   0
   1.68303657   2.107   1.545   0.613  -0.355   0
   1.68520045   2.098   1.540   0.610  -0.356   0
   1.68740344   2.088   1.534   0.606  -0.358   0
   1.68964064   2.075   1.524   0.598  -0.364   0
   1.69195068   2.063   1.516   0.591  -0.369   0
   1.69424605   2.053   1.507   0.584  -0.375   0
   1.69672632   2.040   1.497   0.575  -0.383   0
   1.69916070   2.024   1.485   0.564  -0.392   0
   1.70158589   2.007   1.471   0.553  -0.401   0
   1.70401049   1.992   1.459   0.541  -0.411   0
   1.70604241   1.981   1.450   0.533  -0.419   0
   1.70643890   1.980   1.448   0.531  -0.421   0
   1.70903301   1.968   1.436   0.519  -0.433   0
   1.71168542   1.957   1.422   0.504  -0.448   0
   1.71463811   1.945   1.407   0.487  -0.468   0
   1.71791315   1.930   1.385   0.462  -0.496   0
   1.72087765   1.911   1.357   0.429  -0.533   0
   1.72435784   1.894   1.327   0.392  -0.575   0
   1.72540414   1.888   1.314   0.376  -0.595   0
   1.72749841   1.854   1.239   0.279  -0.710   0
   1.72822571   1.819   1.179   0.206  -0.794   0
   1.72860134   1.767   1.084   0.090  -0.929   0
   1.72871029   1.735   1.016   0.003  -1.032   0
   1.72879529   1.668   0.879  -0.171  -1.236   0
   1.72883725   1.609   0.752  -0.330  -1.424   0
   1.72887564   1.565   0.641  -0.471  -1.594   0
   1.72892284   1.537   0.549  -0.592  -1.741   0
   1.72895920   1.527   0.521  -0.629  -1.785   0
   1.72912741   1.565   0.640  -0.473  -1.596   0
   1.72937155   1.581   0.691  -0.405  -1.513   1
   1.73012877   1.545   0.590  -0.537  -1.673   0
   1.73059547   1.513   0.485  -0.676  -1.841   0
   1.73090076   1.482   0.381  -0.813  -2.007   0
   1.73116302   1.471   0.289  -0.939  -2.168   0
   1.73137712   1.436   0.198  -1.054  -2.306   0
   1.73154938   1.419   0.114  -1.165  -2.444   0
   1.73167169   1.410   0.045  -1.260  -2.563   0
   1.73178649   1.405  -0.031  -1.364  -2.694   0
   1.73188758   1.406  -0.106  -1.471  -2.834   0
   1.73195589   1.414  -0.163  -1.555  -2.946   0
   1.73201883   1.426  -0.232  -1.657  -3.083   0
   1.73207736   1.441  -0.292  -1.747  -3.205   0
   1.73213422   1.447  -0.359  -1.843  -3.331   0
   1.73219812   1.484  -0.393  -1.916  -3.460   0
   1.73226559   1.440  -0.428  -1.972  -3.581   0
   1.73234069   1.397  -0.446  -2.012  -3.699   0
   1.73236871   1.357  -0.453  -2.037  -3.794   0
   1.73237658   1.334  -0.461  -2.051  -3.837   0
   1.73238373   1.305  -0.472  -2.069  -3.888   0
   1.73239267   1.289  -0.475  -2.075  -3.915   0
   1.73240173   1.272  -0.477  -2.082  -3.943   0
   1.73241067   1.254  -0.481  -2.089  -3.971   0
   1.73241961   1.239  -0.479  -2.089  -3.998   3
   1.73242855   1.226  -0.473  -2.084  -4.023   0
   1.73243761   1.212  -0.466  -2.078  -4.048   0
   1.73244655   1.199  -0.460  -2.072  -4.073   0
   1.73245549   1.185  -0.454  -2.067  -4.099   0
   1.73246443   1.170  -0.448  -2.061  -4.124   0
   1.73247313   1.156  -0.442  -2.055  -4.148   0
   1.73248172   1.141  -0.436  -2.050  -4.173   0
   1.73249042   1.126  -0.430  -2.044  -4.198   0
   1.73249912   1.110  -0.425  -2.038  -4.224   0
   1.73250771   1.093  -0.419  -2.033  -4.249   0
   1.73251641   1.077  -0.414  -2.027  -4.274   0
   1.73252511   1.059  -0.409  -2.021  -4.299   0
   1.73253369   1.042  -0.404  -2.016  -4.324   0
   1.73255301   1.004  -0.394  -2.004  -4.376   0
   1.73257911   0.982  -0.385  -1.993  -4.406   0
   1.73260510   0.982  -0.361  -1.967  -4.419   0
   1.73263085   0.990  -0.329  -1.931  -4.427   0
   1.73265660   0.997  -0.297  -1.896  -4.434   0
   1.73268187   1.005  -0.265  -1.861  -4.442   0
   1.73270726   1.013  -0.233  -1.825  -4.450   0
   1.73273242   1.021  -0.201  -1.790  -4.457   0
   1.73275733   1.028  -0.169  -1.754  -4.465   0
   1.73278213   1.036  -0.136  -1.718  -4.473   0
   1.73280668   1.044  -0.104  -1.682  -4.480   0
   1.73283124   1.052  -0.071  -1.646  -4.488   0
   1.73285544   1.060  -0.038  -1.610  -4.496   0
   1.73287964   1.068  -0.006  -1.574  -4.503   0
   1.73290348   1.076   0.027  -1.538  -4.511   0
   1.73292720   1.085   0.060  -1.501  -4.518   0
   1.73295081   1.093   0.094  -1.465  -4.526   0
   1.73297417   1.101   0.127  -1.428  -4.533   0
   1.73299742   1.110   0.161  -1.391  -4.541   0
   1.73302042   1.119   0.195  -1.353  -4.548   0
   1.73304343   1.137   0.240  -1.308  -4.546   0
   1.73306608   1.154   0.286  -1.262  -4.544   0
   1.73308861   1.173   0.332  -1.215  -4.542   0
   1.73311090   1.191   0.378  -1.169  -4.540   0
   1.73313308   1.209   0.424  -1.122  -4.538   0
   1.73315513   1.228   0.471  -1.075  -4.536   0
   1.73317695   1.247   0.518  -1.028  -4.534   0
   1.73319852   1.266   0.566  -0.980  -4.531   0
   1.73321962   1.286   0.614  -0.931  -4.528   0
   1.73323739   1.307   0.661  -0.883  -4.522   0
   1.73325467   1.342   0.730  -0.814  -4.506   0
   1.73325920   1.368   0.774  -0.770  -4.490   1
   1.73326063   1.394   0.813  -0.731  -4.473   0
   1.73326182   1.426   0.862  -0.681  -4.451   0
   1.73326313   1.463   0.919  -0.624  -4.425   0
   1.73326433   1.503   0.981  -0.562  -4.397   0
   1.73326492   1.527   1.018  -0.525  -4.380   0
