   0.15000001  15.646  14.034  12.428  10.258   0
   0.20000000  14.457  13.014  11.499   9.552   0
   0.25000000  13.739  12.386  10.917   9.088   0
   0.30000001  13.158  11.871  10.446   8.702   0
   0.34999999  12.671  11.438  10.051   8.377   0
   0.40000001  12.160  10.968   9.614   8.005   0
   0.44999999  11.704  10.544   9.232   7.688   0
   0.50000000  11.211  10.081   8.817   7.343   0
   0.55000001  10.653   9.571   8.368   6.977   0
   0.60000002  10.086   9.077   7.938   6.635   0
   0.66341239   9.144   8.315   7.288   6.134   0
   0.69999999   8.627   7.912   6.940   5.863   0
   0.80000001   7.063   6.755   5.968   5.114   0
   0.80199015   7.038   6.736   5.952   5.101   0
   0.86610460   6.258   6.130   5.444   4.685   0
   0.89999998   5.899   5.835   5.197   4.479   0
   0.94541323   5.453   5.455   4.871   4.199   0
   0.98142886   5.142   5.171   4.625   3.984   0
   1.00000000   4.986   5.028   4.499   3.874   0
   1.00968754   4.901   4.949   4.430   3.814   0
   1.03247249   4.703   4.765   4.269   3.672   0
   1.05132198   4.549   4.618   4.138   3.556   0
   1.06718862   4.427   4.497   4.029   3.461   0
   1.08074999   4.326   4.396   3.939   3.380   0
   1.08898318   4.266   4.336   3.885   3.332   0
   1.09506190   4.224   4.294   3.846   3.297   0
   1.10000002   4.190   4.260   3.815   3.269   0
   1.11091828   4.115   4.185   3.746   3.207   0
   1.13520002   3.964   4.031   3.604   3.075   0
   1.17340958   3.768   3.828   3.402   2.876   1
   1.20000005   3.657   3.710   3.276   2.742   0
   1.20500636   3.636   3.688   3.253   2.717   0
   1.22644305   3.553   3.598   3.154   2.609   0
   1.23706245   3.511   3.553   3.104   2.553   0
   1.24752271   3.461   3.500   3.048   2.493   0
   1.25022137   3.444   3.483   3.031   2.475   0
   1.25772977   3.366   3.403   2.958   2.411   0
   1.26072240   3.293   3.331   2.898   2.364   0
   1.26283503   3.163   3.202   2.796   2.290   0
   1.26353848   3.052   3.087   2.703   2.221   0
   1.26377857   3.006   3.038   2.662   2.190   0
   1.26656771   3.017   3.048   2.648   2.147   0
   1.28837669   3.091   3.079   2.564   1.947   3
   1.29673517   3.454   3.353   2.722   2.005   0
   1.29999995   3.700   3.537   2.847   2.080   0
   1.30268323   3.890   3.670   2.939   2.137   0
   1.30723214   4.090   3.794   3.009   2.161   4
   1.31471193   4.124   3.740   2.905   2.011   0
   1.31996071   4.012   3.594   2.739   1.827   0
   1.32405639   3.887   3.444   2.575   1.652   0
   1.32750142   3.757   3.293   2.413   1.480   0
   1.33046710   3.632   3.148   2.255   1.313   0
   1.33289385   3.516   3.011   2.106   1.153   0
   1.33513474   3.400   2.873   1.957   0.993   0
   1.33706701   3.289   2.737   1.807   0.832   0
   1.33860934   3.189   2.609   1.666   0.679   0
   1.34001255   3.092   2.486   1.530   0.531   0
   1.34123182   3.000   2.366   1.396   0.385   0
   1.34222102   2.914   2.254   1.270   0.247   0
   1.34318888   2.822   2.135   1.137   0.103   0
   1.34406400   2.727   2.016   1.006  -0.038   0
   1.34481752   2.639   1.904   0.880  -0.174   0
   1.34556067   2.578   1.814   0.776  -0.291   0
   1.34613764   2.544   1.764   0.719  -0.354   2
   1.34684908   2.604   1.867   0.842  -0.212   0
   1.34689665   2.605   1.869   0.844  -0.209   0
   1.34749377   2.532   1.759   0.716  -0.354   0
   1.34814405   2.465   1.650   0.589  -0.499   0
   1.34878767   2.401   1.537   0.452  -0.657   0
   1.34939039   2.328   1.416   0.309  -0.820   0
   1.34990633   2.257   1.300   0.173  -0.976   0
   1.35034573   2.201   1.195   0.045  -1.123   0
   1.35072649   2.150   1.095  -0.078  -1.265   0
   1.35110724   2.105   0.991  -0.208  -1.421   0
   1.35143268   2.056   0.888  -0.334  -1.569   0
   1.35171461   2.015   0.789  -0.457  -1.717   0
   1.35195768   1.985   0.699  -0.573  -1.857   0
   1.35219371   1.964   0.611  -0.689  -2.001   0
   1.35237551   1.933   0.523  -0.801  -2.134   0
   1.35255492   1.921   0.442  -0.910  -2.272   0
   1.35271192   1.920   0.371  -1.010  -2.403   0
   1.35286069   1.920   0.296  -1.116  -2.541   0
   1.35300243   1.905   0.207  -1.235  -2.690   0
   1.35313463   1.875   0.107  -1.363  -2.845   0
   1.35323977   1.890   0.043  -1.459  -2.974   0
   1.35333896   1.879   0.036  -1.493  -3.086   0
   1.35342526   1.847   0.021  -1.531  -3.199   0
   1.35350561   1.813   0.018  -1.557  -3.308   0
   1.35358119   1.751  -0.012  -1.603  -3.424   0
   1.35364616   1.673  -0.055  -1.660  -3.542   0
   1.35370767   1.603  -0.075  -1.685  -3.649   3
   1.35376430   1.553  -0.052  -1.664  -3.742   0
   1.35381520   1.511  -0.004  -1.616  -3.827   0
   1.35385299   1.482   0.040  -1.571  -3.882   0
   1.35385299   2.316   1.704   0.745  -0.245   1
   1.35433996   2.281   1.648   0.679  -0.321   0
   1.35487795   2.269   1.631   0.659  -0.342   0
   1.35499728   2.268   1.631   0.660  -0.341   0
   1.35568345   2.262   1.631   0.663  -0.336   0
   1.35638785   2.255   1.629   0.663  -0.333   0
   1.35710442   2.247   1.625   0.662  -0.332   0
   1.35783803   2.238   1.620   0.659  -0.333   0
   1.35859847   2.229   1.615   0.656  -0.334   0
   1.35939395   2.220   1.609   0.652  -0.336   0
   1.36018252   2.210   1.603   0.647  -0.339   0
   1.36096573   2.202   1.596   0.642  -0.344   0
   1.36174357   2.193   1.589   0.635  -0.349   0
   1.36180758   2.192   1.588   0.635  -0.350   0
   1.36244476   2.189   1.583   0.629  -0.357   0
   1.36313760   2.185   1.577   0.621  -0.366   0
   1.36385596   2.176   1.566   0.609  -0.378   0
   1.36461079   2.169   1.554   0.594  -0.395   0
   1.36532044   2.162   1.539   0.575  -0.418   0
   1.36633420   2.145   1.509   0.539  -0.459   0
   1.36660862   2.136   1.495   0.522  -0.478   0
   1.36698568   2.124   1.473   0.496  -0.509   0
   1.36873686   2.055   1.337   0.324  -0.710   0
   1.36884570   2.032   1.279   0.248  -0.801   0
   1.36892617   1.998   1.191   0.133  -0.941   0
   1.36895072   1.968   1.119   0.041  -1.051   0
   1.36897051   1.925   0.997  -0.117  -1.243   0
   1.36898041   1.896   0.903  -0.242  -1.395   0
   1.36899233   1.870   0.799  -0.380  -1.564   0
   1.36900973   1.847   0.713  -0.495  -1.705   0
   1.36908317   1.871   0.814  -0.359  -1.538   0
   1.36913884   1.878   0.837  -0.329  -1.501   1
   1.36935687   1.852   0.737  -0.461  -1.663   0
   1.36946511   1.826   0.639  -0.590  -1.823   0
   1.36955667   1.806   0.529  -0.738  -2.009   0
   1.36962497   1.791   0.436  -0.864  -2.166   0
   1.36968887   1.789   0.348  -0.988  -2.324   0
   1.36976945   1.800   0.239  -1.147  -2.535   0
   1.36981177   1.809   0.162  -1.258  -2.683   0
   1.36983013   1.818   0.112  -1.332  -2.782   0
   1.36986244   1.828   0.035  -1.444  -2.930   0
   1.36988544   1.861  -0.007  -1.522  -3.057   0
   1.36990452   1.840  -0.010  -1.552  -3.172   0
   1.36992097   1.803  -0.024  -1.588  -3.284   0
   1.36993825   1.756  -0.033  -1.618  -3.398   0
   1.36995637   1.683  -0.072  -1.671  -3.516   0
   1.36997628   1.611  -0.096  -1.705  -3.627   3
   1.36999595   1.587  -0.082  -1.693  -3.675   0
   1.37000394   1.508   0.057  -1.554  -3.853   0
   1.37000716   1.465   0.100  -1.508  -3.924   0
   1.37000966   1.465   0.119  -1.487  -3.933   0
   1.37001276   1.472   0.149  -1.454  -3.941   0
   1.37001598   1.479   0.179  -1.421  -3.949   0
   1.37001908   1.486   0.209  -1.388  -3.956   0
   1.37002230   1.493   0.239  -1.354  -3.964   0
   1.37002540   1.500   0.269  -1.321  -3.972   0
   1.37002861   1.507   0.300  -1.287  -3.979   0
   1.37003160   1.515   0.330  -1.254  -3.987   0
   1.37003458   1.522   0.360  -1.220  -3.995   0
   1.37003756   1.529   0.391  -1.187  -4.002   0
   1.37004054   1.536   0.421  -1.153  -4.010   0
   1.37004352   1.543   0.451  -1.120  -4.017   0
   1.37004650   1.550   0.481  -1.086  -4.025   0
   1.37004948   1.557   0.512  -1.053  -4.033   0
   1.37005246   1.564   0.541  -1.021  -4.040   0
   1.37005544   1.570   0.561  -0.999  -4.043   0
   1.37005842   1.575   0.579  -0.978  -4.046   0
   1.37006140   1.579   0.597  -0.959  -4.050   0
   1.37006438   1.583   0.614  -0.940  -4.054   0
   1.37006688   1.587   0.628  -0.925  -4.058   0
   1.37006986   1.591   0.645  -0.906  -4.062   0
   1.37007225   1.594   0.659  -0.891  -4.065   0
   1.37007523   1.600   0.677  -0.871  -4.068   0
   1.37007821   1.609   0.701  -0.847  -4.067   0
   1.37008452   1.624   0.738  -0.810  -4.065   0
   1.37009180   1.640   0.779  -0.768  -4.063   0
   1.37009895   1.656   0.821  -0.726  -4.062   0
   1.37010598   1.673   0.862  -0.684  -4.060   0
   1.37011290   1.689   0.904  -0.642  -4.058   0
   1.37011993   1.706   0.946  -0.600  -4.056   0
   1.37012696   1.723   0.988  -0.557  -4.054   0
   1.37013376   1.740   1.030  -0.515  -4.052   0
   1.37014067   1.757   1.073  -0.472  -4.050   0
   1.37014747   1.774   1.116  -0.428  -4.047   0
   1.37015414   1.791   1.159  -0.385  -4.045   0
   1.37016082   1.809   1.203  -0.341  -4.042   1
   1.37016749   1.828   1.248  -0.296  -4.039   0
   1.37017322   1.847   1.291  -0.252  -4.034   0
   1.37017858   1.876   1.349  -0.194  -4.022   0
   1.37018108   1.914   1.413  -0.130  -3.999   0
   1.37018144   1.941   1.456  -0.087  -3.980   0
   1.37018144   1.954   1.474  -0.068  -3.972   0
   1.37018144   2.014   1.567   0.025  -3.930   0
