   0.15000001  15.663  14.049  12.440  10.267   0
   0.20000000  14.479  13.033  11.516   9.567   0
   0.25000000  13.764  12.409  10.939   9.107   0
   0.30000001  13.185  11.896  10.470   8.723   0
   0.34999999  12.695  11.461  10.073   8.397   0
   0.40000001  12.189  10.995   9.640   8.027   0
   0.44999999  11.737  10.577   9.264   7.717   0
   0.50000000  11.253  10.123   8.857   7.379   0
   0.55000001  10.712   9.626   8.418   7.022   0
   0.60000002  10.164   9.146   7.999   6.685   0
   0.69999999   8.807   8.050   7.060   5.958   0
   0.80000001   7.345   6.970   6.151   5.263   0
   0.89999998   6.215   6.105   5.432   4.685   0
   1.00000000   5.396   5.414   4.847   4.189   0
   1.10000002   4.679   4.759   4.286   3.713   0
   1.20000005   4.119   4.210   3.811   3.313   0
   1.29999995   3.647   3.717   3.385   2.971   0
   1.39999998   3.247   3.270   3.010   2.704   0
   1.50000000   2.891   2.867   2.678   2.482   0
   1.60000002   2.579   2.533   2.411   2.302   0
   1.70000005   2.296   2.262   2.191   2.141   0
   1.79999995   2.043   2.041   2.006   1.995   0
   1.85000002   1.925   1.947   1.926   1.929   0
   1.87255716   1.875   1.906   1.891   1.899   0
   1.89999998   1.813   1.855   1.846   1.861   0
   2.00000000   1.595   1.680   1.693   1.724   0
   2.20000005   1.200   1.370   1.413   1.468   0
   2.49661446   0.691   0.969   1.042   1.119   1
   2.50000000   0.685   0.965   1.038   1.115   0
   2.93496895   0.055   0.453   0.550   0.649   0
   3.00000000  -0.033   0.379   0.480   0.581   0
   3.30016398  -0.414   0.057   0.170   0.282   0
   3.50000000  -0.660  -0.158  -0.037   0.081   0
   3.58612442  -0.761  -0.246  -0.123  -0.002   0
   3.81783271  -1.034  -0.492  -0.362  -0.236   0
   4.00000000  -1.257  -0.698  -0.564  -0.435   0
   4.02366161  -1.286  -0.725  -0.591  -0.462   0
   4.19001102  -1.501  -0.932  -0.795  -0.665   0
   4.33149767  -1.698  -1.126  -0.988  -0.858   1
   4.45213556  -1.878  -1.309  -1.172  -1.045   0
   4.50000000  -1.956  -1.391  -1.254  -1.128   0
   4.56014872  -2.054  -1.495  -1.358  -1.235   0
   4.64929962  -2.214  -1.668  -1.535  -1.417   0
   4.72574759  -2.363  -1.836  -1.705  -1.594   0
   4.75978899  -2.433  -1.916  -1.787  -1.678   0
   4.79113913  -2.500  -1.989  -1.862  -1.755   0
   4.81006193  -2.539  -2.030  -1.902  -1.797   0
   4.82508707  -2.568  -2.052  -1.923  -1.816   3
   4.83543825  -2.582  -2.049  -1.917  -1.805   0
   4.84240675  -2.582  -2.012  -1.873  -1.752   0
   4.84437323  -2.586  -1.986  -1.841  -1.712   0
   4.84551811  -2.600  -1.971  -1.819  -1.680   0
   4.84565067  -2.589  -1.962  -1.810  -1.673   0
   4.84596729  -2.543  -1.946  -1.801  -1.672   0
   4.84630060  -2.589  -2.029  -1.892  -1.774   0
   4.84673357  -2.713  -2.192  -2.062  -1.956   0
   4.84726715  -2.835  -2.360  -2.239  -2.146   0
   4.84773350  -2.912  -2.476  -2.364  -2.281   0
   4.84828281  -2.975  -2.590  -2.486  -2.417   0
   4.84888220  -3.026  -2.706  -2.613  -2.558   0
   4.84909868  -3.042  -2.749  -2.660  -2.611   0
   4.84948063  -3.061  -2.818  -2.736  -2.699   0
   4.84986258  -3.073  -2.887  -2.815  -2.790   0
   4.85027313  -3.076  -2.957  -2.897  -2.888   0
   4.85066938  -3.061  -3.020  -2.978  -2.987   0
   4.85107994  -3.020  -3.071  -3.056  -3.097   0
   4.85149002  -2.937  -3.079  -3.112  -3.206   0
   4.85169506  -2.871  -3.057  -3.127  -3.264   3
   4.85190058  -2.789  -2.999  -3.121  -3.320   0
   4.85209084  -2.703  -2.916  -3.101  -3.369   0
   4.85229588  -2.588  -2.787  -3.060  -3.422   0
   4.85244179  -2.481  -2.670  -3.015  -3.457   0
   4.85260296  -2.329  -2.515  -2.950  -3.487   0
   4.85276365  -2.110  -2.320  -2.865  -3.507   0
   4.85295391  -1.742  -2.047  -2.739  -3.502   0
   4.85317326  -1.341  -1.769  -2.583  -3.440   0
   4.85340738  -0.978  -1.521  -2.421  -3.346   0
   4.85362625  -0.646  -1.317  -2.296  -3.287   4
   4.85398388  -0.470  -1.338  -2.423  -3.500   0
   4.85417080  -0.463  -1.422  -2.548  -3.663   0
   4.85438824  -0.465  -1.484  -2.638  -3.777   0
   4.85479259  -0.456  -1.547  -2.733  -3.901   0
   4.85536718  -0.458  -1.621  -2.840  -4.034   0
   4.85601950  -0.453  -1.694  -2.946  -4.172   0
   4.85667133  -0.440  -1.763  -3.048  -4.307   0
   4.85733843  -0.429  -1.816  -3.128  -4.412   0
   4.85864019  -0.427  -1.866  -3.199  -4.503   0
   4.85916662  -0.430  -1.881  -3.219  -4.527   2
   4.87281179  -0.465  -1.832  -3.135  -4.411   0
   4.88161898  -0.494  -1.779  -3.049  -4.292   0
   4.88891220  -0.504  -1.715  -2.954  -4.167   0
   4.89550400  -0.510  -1.652  -2.861  -4.046   0
   4.90281582  -0.518  -1.587  -2.763  -3.920   0
   4.91209078  -0.553  -1.542  -2.682  -3.806   0
   4.92933798  -0.710  -1.573  -2.653  -3.723   4
   4.93605328  -0.933  -1.719  -2.758  -3.791   0
   4.93847322  -1.040  -1.790  -2.808  -3.824   0
   4.94037580  -1.136  -1.852  -2.850  -3.849   0
   4.94174194  -1.257  -1.927  -2.900  -3.877   0
   4.94304371  -1.434  -2.038  -2.971  -3.916   0
   4.94388628  -1.539  -2.107  -3.013  -3.937   0
   4.94518852  -1.707  -2.217  -3.079  -3.969   0
   4.94649506  -1.898  -2.337  -3.146  -3.995   0
   4.94801617  -2.092  -2.470  -3.215  -4.015   0
   4.97144699  -3.331  -3.536  -3.627  -3.799   1
   5.00000000  -3.361  -3.579  -3.695  -3.896   0
   5.00587320  -3.365  -3.588  -3.708  -3.916   0
   5.02631378  -3.350  -3.579  -3.747  -4.005   0
   5.03684759  -3.301  -3.532  -3.757  -4.074   0
   5.04372644  -3.237  -3.463  -3.748  -4.130   0
   5.05081463  -3.145  -3.366  -3.728  -4.188   0
   5.05490398  -3.057  -3.278  -3.702  -4.227   0
   5.05937052  -2.933  -3.170  -3.669  -4.265   0
   5.06187105  -2.790  -3.055  -3.629  -4.291   0
   5.06448269  -2.602  -2.917  -3.580  -4.315   0
   5.06693125  -2.339  -2.747  -3.510  -4.322   0
   5.06970453  -1.959  -2.511  -3.396  -4.302   0
   5.07223701  -1.541  -2.255  -3.249  -4.240   0
   5.07385015  -1.191  -2.038  -3.106  -4.159   0
   5.07706833  -0.819  -1.844  -2.999  -4.132   4
   5.07791948  -0.720  -1.843  -3.042  -4.215   0
   5.07817316  -0.688  -1.901  -3.140  -4.349   0
   5.07930422  -0.652  -1.966  -3.247  -4.497   0
   5.07963562  -0.599  -2.005  -3.324  -4.610   0
   5.08018112  -0.586  -2.085  -3.442  -4.764   0
   5.08088207  -0.567  -2.155  -3.548  -4.903   0
   5.08179665  -0.550  -2.223  -3.650  -5.041   0
   5.08276892  -0.542  -2.305  -3.768  -5.194   0
   5.08356571  -0.506  -2.367  -3.870  -5.337   0
   5.08418703  -0.467  -2.418  -3.957  -5.460   0
   5.08482742  -0.461  -2.475  -4.049  -5.605   0
   5.08535147  -0.520  -2.494  -4.087  -5.725   0
   5.08577776  -0.587  -2.514  -4.122  -5.836   0
   5.08633995  -0.685  -2.585  -4.203  -5.961   0
   5.08657265  -0.771  -2.614  -4.240  -6.064   0
   5.08680534  -0.870  -2.651  -4.282  -6.169   2
   5.08723116  -0.772  -2.622  -4.248  -6.066   0
   5.08730888  -0.867  -2.658  -4.289  -6.167   0
   5.08740568  -0.929  -2.640  -4.271  -6.249   0
   5.08742476  -0.943  -2.641  -4.271  -6.269   0
