   0.15000001  15.663  14.049  12.440  10.267   0
   0.20000000  14.479  13.033  11.517   9.567   0
   0.25000000  13.764  12.409  10.939   9.107   0
   0.30000001  13.185  11.896  10.470   8.723   0
   0.34999999  12.696  11.461  10.073   8.398   0
   0.40000001  12.189  10.995   9.640   8.027   0
   0.44999999  11.738  10.578   9.264   7.717   0
   0.50000000  11.254  10.124   8.857   7.379   0
   0.55000001  10.713   9.627   8.419   7.023   0
   0.60000002  10.166   9.148   8.001   6.686   0
   0.69999999   8.811   8.053   7.063   5.960   0
   0.80000001   7.351   6.975   6.156   5.267   0
   0.89999998   6.223   6.111   5.438   4.690   0
   1.00000000   5.408   5.425   4.856   4.197   0
   1.10000002   4.692   4.772   4.298   3.724   0
   1.20000005   4.133   4.224   3.825   3.326   0
   1.29999995   3.661   3.732   3.399   2.985   0
   1.39999998   3.262   3.286   3.025   2.720   0
   1.50000000   2.908   2.885   2.695   2.499   0
   1.60000002   2.601   2.556   2.434   2.326   0
   1.70000005   2.318   2.287   2.216   2.168   0
   1.79999995   2.072   2.074   2.039   2.030   0
   1.85000002   1.918   1.945   1.927   1.933   0
   1.89999998   1.837   1.887   1.882   1.900   0
   2.00000000   1.625   1.722   1.738   1.773   0
   2.20000005   1.247   1.433   1.481   1.540   0
   2.50000000   0.763   1.063   1.140   1.221   0
   2.55452061   0.686   1.002   1.082   1.167   0
   3.00000000   0.109   0.546   0.651   0.758   0
   3.50000000  -0.426   0.109   0.234   0.362   0
   3.56722879  -0.490   0.056   0.183   0.313   0
   4.00000000  -0.883  -0.276  -0.135   0.009   0
   4.26913214  -1.104  -0.466  -0.316  -0.165   0
   4.50000000  -1.292  -0.629  -0.473  -0.315   0
   4.82247829  -1.552  -0.859  -0.695  -0.530   0
   5.00000000  -1.696  -0.989  -0.821  -0.652   0
   5.26497746  -1.908  -1.181  -1.007  -0.833   0
   5.61379480  -2.193  -1.445  -1.265  -1.085   0
   5.90535069  -2.443  -1.682  -1.498  -1.315   0
   6.00000000  -2.530  -1.765  -1.580  -1.397   0
   6.16393805  -2.677  -1.907  -1.721  -1.536   0
   6.38251114  -2.889  -2.115  -1.929  -1.745   1
   6.56952715  -3.088  -2.316  -2.130  -1.948   0
   6.72961378  -3.278  -2.513  -2.329  -2.151   0
   6.86702013  -3.460  -2.707  -2.525  -2.352   0
   6.98487043  -3.634  -2.898  -2.720  -2.553   0
   7.00000000  -3.658  -2.924  -2.747  -2.582   0
   7.03318119  -3.710  -2.981  -2.805  -2.642   0
   7.08396769  -3.790  -3.069  -2.895  -2.735   0
   7.12334251  -3.849  -3.129  -2.956  -2.797   0
   7.13914490  -3.868  -3.144  -2.970  -2.810   3
   7.15592909  -3.877  -3.142  -2.965  -2.802   0
   7.16717339  -3.862  -3.100  -2.916  -2.743   0
   7.17032385  -3.854  -3.070  -2.880  -2.700   0
   7.17225695  -3.868  -3.051  -2.854  -2.663   0
   7.17226410  -3.868  -3.051  -2.854  -2.663   0
   7.17283344  -3.822  -3.029  -2.837  -2.654   0
   7.17324638  -3.855  -3.093  -2.908  -2.735   0
   7.17359304  -3.939  -3.202  -3.024  -2.861   0
   7.17398214  -4.049  -3.340  -3.171  -3.019   0
   7.17441225  -4.164  -3.488  -3.328  -3.188   0
   7.17488384  -4.275  -3.639  -3.489  -3.363   0
   7.17521715  -4.347  -3.743  -3.599  -3.484   0
   7.17556381  -4.419  -3.849  -3.713  -3.610   0
   7.17593145  -4.489  -3.959  -3.832  -3.743   0
   7.17629910  -4.556  -4.073  -3.957  -3.883   0
   7.17649317  -4.587  -4.131  -4.022  -3.956   0
   7.17687654  -4.641  -4.251  -4.155  -4.107   0
   7.17726660  -4.682  -4.378  -4.296  -4.268   0
   7.17745829  -4.696  -4.444  -4.370  -4.353   0
   7.17765665  -4.702  -4.509  -4.445  -4.442   0
   7.17785549  -4.695  -4.572  -4.521  -4.534   0
   7.17805386  -4.675  -4.631  -4.596  -4.629   0
   7.17825890  -4.632  -4.679  -4.667  -4.727   0
   7.17845726  -4.554  -4.694  -4.719  -4.824   0
   7.17865562  -4.433  -4.650  -4.741  -4.923   3
   7.17877197  -4.344  -4.585  -4.733  -4.979   0
   7.17891550  -4.213  -4.461  -4.704  -5.049   0
   7.17901802  -4.097  -4.341  -4.669  -5.096   0
   7.17911386  -3.969  -4.215  -4.623  -5.131   0
   7.17920303  -3.810  -4.073  -4.568  -5.158   0
   7.17929173  -3.601  -3.905  -4.500  -5.178   0
   7.17936707  -3.339  -3.715  -4.420  -5.185   0
   7.17944908  -3.019  -3.504  -4.325  -5.178   0
   7.17952442  -2.694  -3.304  -4.220  -5.146   0
   7.17963362  -2.319  -3.070  -4.078  -5.076   0
   7.17977715  -1.926  -2.819  -3.909  -4.973   0
   7.17985249  -1.763  -2.722  -3.844  -4.937   0
   7.18004179  -1.464  -2.620  -3.833  -5.008   4
   7.18015385  -1.362  -2.663  -3.939  -5.172   0
   7.18023109  -1.314  -2.712  -4.027  -5.298   0
   7.18031502  -1.258  -2.753  -4.108  -5.417   0
   7.18051147  -1.212  -2.813  -4.211  -5.559   0
   7.18112135  -1.173  -2.867  -4.302  -5.688   0
   7.18196249  -1.148  -2.928  -4.398  -5.820   0
   7.18288088  -1.138  -2.995  -4.496  -5.948   0
   7.18502474  -1.138  -3.032  -4.547  -6.013   2
   7.20689821  -1.176  -2.983  -4.463  -5.894   0
   7.22301817  -1.209  -2.931  -4.378  -5.774   0
   7.23803282  -1.252  -2.884  -4.294  -5.652   0
   7.25423717  -1.311  -2.848  -4.219  -5.541   0
   7.27891064  -1.450  -2.862  -4.183  -5.455   4
   7.29300451  -1.583  -2.923  -4.215  -5.456   0
   7.30714893  -1.982  -3.168  -4.393  -5.566   0
   7.31014585  -2.453  -3.452  -4.590  -5.683   0
   7.31130838  -2.836  -3.666  -4.710  -5.728   0
   7.31222820  -3.290  -3.916  -4.828  -5.745   0
   7.31314135  -3.667  -4.139  -4.920  -5.739   0
   7.31419945  -3.956  -4.327  -4.994  -5.726   0
   7.31563759  -4.247  -4.544  -5.073  -5.692   0
   7.31787014  -4.494  -4.762  -5.141  -5.621   0
   7.32069635  -4.640  -4.903  -5.181  -5.564   0
   7.32289267  -4.735  -4.996  -5.203  -5.516   0
   7.32570267  -4.834  -5.079  -5.218  -5.461   0
   7.32847023  -4.911  -5.132  -5.224  -5.414   0
   7.33191919  -4.993  -5.173  -5.221  -5.359   0
   7.33523560  -5.052  -5.181  -5.202  -5.308   0
   7.33928013  -5.110  -5.180  -5.174  -5.249   0
   7.34316397  -5.148  -5.158  -5.138  -5.195   0
   7.34765148  -5.178  -5.127  -5.095  -5.137   0
   7.35319376  -5.202  -5.090  -5.049  -5.077   0
   7.36144400  -5.220  -5.052  -5.002  -5.019   0
   7.36876488  -5.230  -5.046  -4.994  -5.008   1
   7.38391781  -5.245  -5.115  -5.071  -5.097   0
   7.39283562  -5.244  -5.169  -5.135  -5.173   0
   7.40099335  -5.236  -5.227  -5.204  -5.256   0
   7.40785837  -5.207  -5.269  -5.264  -5.338   0
   7.41334200  -5.157  -5.287  -5.311  -5.420   0
   7.41769409  -5.092  -5.282  -5.342  -5.496   0
   7.42086601  -5.023  -5.255  -5.356  -5.559   3
   7.42392874  -4.920  -5.178  -5.350  -5.631   0
   7.42589903  -4.824  -5.090  -5.337  -5.691   0
   7.42780685  -4.699  -4.971  -5.311  -5.752   0
   7.42964125  -4.549  -4.831  -5.270  -5.805   0
   7.43137169  -4.320  -4.641  -5.204  -5.852   0
   7.43276787  -3.901  -4.348  -5.095  -5.887   0
   7.43338490  -3.620  -4.172  -5.022  -5.893   0
   7.43400240  -3.238  -3.948  -4.920  -5.882   0
   7.43461323  -2.797  -3.703  -4.790  -5.840   0
   7.43543100  -2.331  -3.436  -4.623  -5.758   0
   7.43617153  -1.929  -3.196  -4.458  -5.661   0
   7.43748045  -1.562  -3.031  -4.375  -5.665   4
   7.43863106  -1.420  -3.006  -4.398  -5.733   0
   7.44043255  -1.335  -3.030  -4.466  -5.846   0
   7.44101715  -1.293  -3.072  -4.542  -5.957   0
   7.44174004  -1.257  -3.125  -4.630  -6.081   0
   7.44275808  -1.206  -3.182  -4.728  -6.223   0
   7.44398689  -1.153  -3.233  -4.822  -6.357   0
   7.44538546  -1.210  -3.256  -4.864  -6.475   0
   7.44674397  -1.279  -3.266  -4.887  -6.580   0
   7.44787931  -1.360  -3.281  -4.911  -6.679   0
   7.44835854  -1.389  -3.283  -4.916  -6.711   0
