   0.15000001  15.654  14.041  12.433  10.262   0
   0.20000000  14.467  13.022  11.507   9.559   0
   0.25000000  13.750  12.396  10.927   9.096   0
   0.30000001  13.170  11.882  10.457   8.712   0
   0.34999999  12.682  11.448  10.061   8.386   0
   0.40000001  12.173  10.980   9.626   8.015   0
   0.44999999  11.719  10.559   9.246   7.701   0
   0.50000000  11.230  10.100   8.835   7.359   0
   0.55000001  10.679   9.596   8.390   6.997   0
   0.60000002  10.122   9.108   7.966   6.657   0
   0.69999999   8.707   7.973   6.994   5.905   0
   0.78612751   7.373   6.985   6.160   5.266   0
   0.80000001   7.178   6.841   6.040   5.172   0
   0.89612722   6.075   5.984   5.326   4.590   0
   0.89999998   6.036   5.952   5.299   4.569   0
   0.93005878   5.753   5.716   5.098   4.397   0
   1.00000000   5.163   5.197   4.654   4.016   0
   1.02795768   4.939   4.993   4.478   3.865   0
   1.06891930   4.631   4.705   4.227   3.649   0
   1.09996390   4.422   4.499   4.045   3.491   0
   1.10000002   4.421   4.499   4.045   3.491   0
   1.11333466   4.334   4.412   3.969   3.426   0
   1.14129889   4.153   4.234   3.811   3.289   0
   1.16459942   4.008   4.089   3.683   3.178   0
   1.18448937   3.893   3.971   3.578   3.087   0
   1.19414723   3.841   3.916   3.528   3.044   0
   1.20000005   3.810   3.883   3.498   3.018   0
   1.21875584   3.707   3.775   3.402   2.937   0
   1.25536335   3.517   3.576   3.223   2.783   0
   1.29642403   3.320   3.369   3.032   2.613   0
   1.29999995   3.304   3.352   3.016   2.598   0
   1.31332469   3.242   3.286   2.957   2.547   0
   1.35602415   3.057   3.089   2.771   2.377   0
   1.39797986   2.885   2.909   2.593   2.202   0
   1.39999998   2.877   2.900   2.585   2.193   0
   1.42497110   2.777   2.795   2.480   2.089   1
   1.46544755   2.624   2.637   2.315   1.913   0
   1.50000000   2.510   2.520   2.179   1.754   0
   1.50174415   2.505   2.514   2.173   1.746   0
   1.52500021   2.445   2.455   2.093   1.638   0
   1.54528236   2.400   2.412   2.027   1.543   0
   1.55443168   2.385   2.394   1.997   1.499   0
   1.56298125   2.364   2.370   1.963   1.455   0
   1.56875527   2.336   2.340   1.931   1.421   2
   1.57246649   2.297   2.300   1.896   1.391   0
   1.57543623   2.226   2.229   1.842   1.356   0
   1.57744765   2.095   2.085   1.741   1.309   0
   1.57802284   1.975   1.949   1.647   1.271   0
   1.57835698   1.842   1.792   1.534   1.221   0
   1.57843125   1.903   1.862   1.591   1.259   0
   1.57853758   1.993   1.971   1.661   1.276   4
   1.57881880   2.002   1.989   1.626   1.169   0
   1.57965362   2.067   2.054   1.628   1.099   0
   1.58144295   2.198   2.171   1.679   1.083   0
   1.58331800   2.388   2.332   1.775   1.118   0
   1.58446443   2.595   2.496   1.887   1.187   0
   1.58552134   2.844   2.699   2.035   1.290   0
   1.58655202   3.119   2.906   2.186   1.394   0
   1.58763325   3.332   3.052   2.282   1.447   4
   1.58932352   3.383   3.023   2.203   1.325   0
   1.59044385   3.330   2.930   2.087   1.189   0
   1.59142745   3.245   2.818   1.961   1.049   0
   1.59259307   3.130   2.675   1.800   0.875   0
   1.59357679   3.028   2.550   1.662   0.726   0
   1.59453177   2.924   2.426   1.524   0.578   0
   1.59554625   2.824   2.294   1.376   0.415   0
   1.59653711   2.727   2.166   1.232   0.258   0
   1.59750676   2.631   2.038   1.089   0.100   0
   1.59848428   2.549   1.920   0.952  -0.053   0
   1.59948874   2.456   1.789   0.802  -0.220   0
   1.60000002   2.406   1.721   0.724  -0.306   0
   1.60011601   2.395   1.706   0.707  -0.324   0
   1.60102344   2.283   1.573   0.562  -0.478   0
   1.60196316   2.205   1.456   0.425  -0.631   0
   1.60294342   2.148   1.353   0.300  -0.776   0
   1.60427010   2.086   1.246   0.173  -0.922   2
   1.60515594   2.139   1.348   0.298  -0.776   0
   1.60544562   2.193   1.450   0.423  -0.629   0
   1.60577548   2.272   1.572   0.568  -0.467   0
   1.60598922   2.330   1.641   0.642  -0.388   1
   1.60679531   2.230   1.513   0.499  -0.542   0
   1.60767281   2.155   1.398   0.364  -0.694   0
   1.60857809   2.098   1.296   0.240  -0.838   0
   1.60940659   2.037   1.191   0.114  -0.983   0
   1.61032939   1.965   1.068  -0.033  -1.152   0
   1.61108911   1.914   0.967  -0.156  -1.296   0
   1.61185348   1.856   0.855  -0.293  -1.455   0
   1.61250758   1.805   0.750  -0.423  -1.605   0
   1.61307168   1.763   0.655  -0.541  -1.746   0
   1.61362946   1.730   0.559  -0.664  -1.895   0
   1.61416388   1.696   0.459  -0.792  -2.051   0
   1.61462307   1.650   0.354  -0.922  -2.205   0
   1.61501598   1.628   0.267  -1.037  -2.345   0
   1.61536002   1.621   0.186  -1.148  -2.485   0
   1.61568654   1.614   0.108  -1.255  -2.623   0
   1.61597002   1.611   0.034  -1.358  -2.757   0
   1.61623907   1.612  -0.041  -1.464  -2.894   0
   1.61647367   1.591  -0.124  -1.572  -3.028   0
   1.61669672   1.598  -0.196  -1.677  -3.165   0
   1.61690259   1.613  -0.253  -1.767  -3.297   0
   1.61708260   1.595  -0.257  -1.797  -3.408   0
   1.61727107   1.562  -0.266  -1.829  -3.521   0
   1.61741674   1.508  -0.292  -1.873  -3.635   0
   1.61754811   1.433  -0.340  -1.935  -3.754   0
   1.61763942   1.391  -0.348  -1.953  -3.825   2
   1.61763942   2.150   1.596   0.667  -0.297   1
   1.61883891   2.135   1.553   0.610  -0.367   0
   1.61968946   2.127   1.542   0.598  -0.380   0
   1.62046969   2.123   1.541   0.598  -0.379   0
   1.62214661   2.114   1.536   0.595  -0.380   0
   1.62385225   2.104   1.530   0.591  -0.381   0
   1.62561429   2.092   1.522   0.585  -0.386   0
   1.62740600   2.081   1.514   0.579  -0.390   0
   1.62924361   2.070   1.506   0.572  -0.395   0
   1.63120914   2.057   1.496   0.564  -0.402   0
   1.63308668   2.044   1.485   0.555  -0.410   0
   1.63497972   2.029   1.474   0.545  -0.418   0
   1.63689387   2.013   1.461   0.534  -0.428   0
   1.63875997   2.001   1.450   0.524  -0.437   0
   1.63906813   1.999   1.448   0.522  -0.438   0
   1.64069772   1.991   1.439   0.512  -0.449   0
   1.64271355   1.980   1.426   0.498  -0.463   0
   1.64508379   1.965   1.408   0.478  -0.485   0
   1.64730775   1.957   1.390   0.455  -0.512   0
   1.65047467   1.932   1.349   0.407  -0.568   0
   1.65115237   1.927   1.341   0.397  -0.580   0
   1.65218735   1.917   1.320   0.371  -0.610   0
   1.65395725   1.877   1.239   0.267  -0.732   0
   1.65443337   1.843   1.182   0.200  -0.809   0
   1.65470886   1.800   1.090   0.082  -0.948   0
   1.65478754   1.765   1.013  -0.018  -1.067   0
   1.65484011   1.709   0.887  -0.178  -1.257   0
   1.65486944   1.656   0.770  -0.325  -1.432   0
   1.65489590   1.620   0.672  -0.452  -1.586   0
   1.65492761   1.593   0.584  -0.567  -1.725   0
   1.65496230   1.580   0.543  -0.622  -1.790   0
   1.65511930   1.615   0.653  -0.478  -1.617   0
   1.65533972   1.625   0.696  -0.419  -1.545   1
   1.65601003   1.581   0.552  -0.609  -1.775   0
   1.65625489   1.554   0.460  -0.730  -1.921   0
   1.65647852   1.541   0.367  -0.857  -2.084   0
   1.65667045   1.500   0.259  -0.993  -2.247   0
   1.65682900   1.487   0.171  -1.113  -2.398   0
   1.65700984   1.474   0.035  -1.300  -2.632   0
   1.65709829   1.479  -0.050  -1.422  -2.792   0
   1.65718579   1.494  -0.136  -1.549  -2.963   0
   1.65724766   1.498  -0.224  -1.675  -3.128   0
   1.65729499   1.522  -0.287  -1.773  -3.263   0
   1.65733409   1.556  -0.321  -1.839  -3.374   0
   1.65737736   1.525  -0.339  -1.881  -3.489   0
   1.65742171   1.481  -0.365  -1.927  -3.598   0
   1.65743005   1.476  -0.364  -1.929  -3.615   0
   1.65746474   1.456  -0.358  -1.937  -3.681   0
   1.65752459   1.386  -0.396  -1.990  -3.799   0
   1.65754688   1.311  -0.424  -2.032  -3.914   0
   1.65755320   1.239  -0.438  -2.050  -4.025   3
   1.65755892   1.222  -0.422  -2.035  -4.060   0
   1.65756547   1.210  -0.417  -2.031  -4.081   0
   1.65757203   1.198  -0.412  -2.026  -4.102   0
   1.65757859   1.186  -0.407  -2.021  -4.123   0
   1.65758514   1.173  -0.402  -2.016  -4.144   0
   1.65759182   1.160  -0.398  -2.011  -4.165   0
   1.65759838   1.147  -0.393  -2.007  -4.186   0
   1.65760493   1.133  -0.388  -2.002  -4.207   0
   1.65761149   1.119  -0.384  -1.997  -4.228   0
   1.65761805   1.105  -0.380  -1.992  -4.249   0
   1.65762436   1.090  -0.375  -1.988  -4.270   0
   1.65763080   1.076  -0.371  -1.983  -4.291   0
   1.65763712   1.061  -0.367  -1.978  -4.311   0
   1.65764344   1.045  -0.363  -1.973  -4.332   0
   1.65764976   1.030  -0.359  -1.968  -4.353   0
   1.65765619   1.014  -0.355  -1.964  -4.374   0
   1.65766251   1.010  -0.339  -1.946  -4.388   0
   1.65766883   1.016  -0.312  -1.915  -4.395   0
   1.65768301   1.023  -0.287  -1.887  -4.400   0
   1.65770209   1.029  -0.258  -1.856  -4.407   0
   1.65772116   1.036  -0.230  -1.825  -4.413   0
   1.65774000   1.043  -0.202  -1.794  -4.420   0
   1.65775883   1.050  -0.174  -1.763  -4.427   0
   1.65777743   1.057  -0.146  -1.732  -4.434   0
   1.65779603   1.064  -0.117  -1.700  -4.440   0
   1.65781438   1.071  -0.089  -1.669  -4.447   0
   1.65783274   1.078  -0.060  -1.638  -4.454   0
   1.65785086   1.085  -0.032  -1.606  -4.460   0
   1.65786886   1.092  -0.003  -1.574  -4.467   0
   1.65788686   1.099   0.026  -1.543  -4.473   0
   1.65790462   1.106   0.054  -1.511  -4.480   0
   1.65792239   1.113   0.083  -1.479  -4.486   0
   1.65793979   1.120   0.112  -1.447  -4.493   0
   1.65795720   1.128   0.141  -1.415  -4.499   0
   1.65797448   1.135   0.170  -1.383  -4.506   0
   1.65799165   1.143   0.199  -1.351  -4.512   0
   1.65800869   1.151   0.230  -1.318  -4.517   0
   1.65802562   1.167   0.270  -1.278  -4.515   0
   1.65804243   1.183   0.309  -1.238  -4.514   0
   1.65805900   1.198   0.349  -1.198  -4.512   0
   1.65807545   1.214   0.389  -1.158  -4.510   0
   1.65809190   1.230   0.429  -1.117  -4.508   0
   1.65810812   1.246   0.469  -1.077  -4.506   0
   1.65812433   1.262   0.510  -1.036  -4.504   0
   1.65814030   1.278   0.550  -0.995  -4.502   0
   1.65815616   1.295   0.591  -0.954  -4.500   0
   1.65817153   1.313   0.634  -0.911  -4.496   0
   1.65818453   1.332   0.676  -0.869  -4.491   0
   1.65819716   1.364   0.738  -0.807  -4.476   0
   1.65820062   1.391   0.782  -0.762  -4.459   0
   1.65820158   1.418   0.823  -0.721  -4.440   0
   1.65820253   1.447   0.868  -0.676  -4.420   0
   1.65820348   1.480   0.918  -0.625  -4.398   0
   1.65820432   1.517   0.974  -0.569  -4.372   0
   1.65820479   1.537   1.005  -0.538  -4.358   0
