   0.15000001  15.662  14.048  12.440  10.266   0
   0.20000000  14.478  13.032  11.516   9.566   0
   0.25000000  13.763  12.408  10.938   9.106   0
   0.30000001  13.184  11.895  10.469   8.722   0
   0.34999999  12.694  11.460  10.072   8.396   0
   0.40000001  12.188  10.994   9.639   8.026   0
   0.44999999  11.736  10.576   9.262   7.716   0
   0.50000000  11.251  10.121   8.855   7.377   0
   0.55000001  10.709   9.624   8.416   7.020   0
   0.60000002  10.162   9.144   7.997   6.683   0
   0.69999999   8.800   8.045   7.056   5.954   0
   0.80000001   7.333   6.961   6.144   5.257   0
   0.89999998   6.202   6.094   5.423   4.676   0
   1.00000000   5.376   5.396   4.831   4.175   0
   1.10000002   4.657   4.737   4.265   3.693   0
   1.19632721   4.112   4.203   3.802   3.303   0
   1.20000005   4.094   4.184   3.785   3.289   0
   1.26988423   3.759   3.833   3.483   3.046   0
   1.29999995   3.622   3.690   3.359   2.947   0
   1.34847033   3.422   3.467   3.171   2.812   0
   1.39999998   3.220   3.242   2.982   2.677   0
   1.43489361   3.091   3.094   2.860   2.595   0
   1.50000000   2.860   2.834   2.647   2.452   0
   1.60000002   2.543   2.495   2.371   2.261   0
   1.70000005   2.256   2.218   2.144   2.091   0
   1.79999995   1.998   1.988   1.949   1.932   0
   1.85000002   1.876   1.885   1.860   1.857   0
   1.89999998   1.755   1.783   1.769   1.776   0
   2.00000000   1.527   1.590   1.597   1.622   0
   2.20000005   1.101   1.243   1.281   1.328   0
   2.22276783   1.056   1.206   1.247   1.296   0
   2.45312500   0.613   0.841   0.904   0.970   0
   2.50000000   0.527   0.767   0.834   0.902   0
   2.64806986   0.264   0.541   0.617   0.691   0
   2.80840039  -0.019   0.290   0.375   0.453   0
   2.94246840  -0.256   0.071   0.161   0.242   0
   3.00000000  -0.359  -0.028   0.063   0.144   0
   3.06684995  -0.476  -0.139  -0.047   0.035   0
   3.16594195  -0.655  -0.317  -0.224  -0.143   0
   3.25092101  -0.817  -0.484  -0.391  -0.313   1
   3.32443166  -0.964  -0.644  -0.553  -0.479   0
   3.38778806  -1.097  -0.797  -0.709  -0.640   0
   3.44265938  -1.219  -0.945  -0.860  -0.797   0
   3.46706629  -1.277  -1.015  -0.932  -0.872   0
   3.48969650  -1.333  -1.080  -0.998  -0.941   0
   3.50000000  -1.359  -1.108  -1.026  -0.969   0
   3.50479269  -1.372  -1.120  -1.039  -0.982   0
   3.51701641  -1.408  -1.145  -1.062  -1.003   3
   3.52469063  -1.435  -1.147  -1.060  -0.996   0
   3.52986622  -1.468  -1.127  -1.030  -0.956   0
   3.53133392  -1.493  -1.111  -1.009  -0.925   0
   3.53215075  -1.531  -1.113  -1.005  -0.914   0
   3.53231621  -1.503  -1.094  -0.987  -0.898   0
   3.53258681  -1.445  -1.084  -0.985  -0.905   0
   3.53289223  -1.501  -1.185  -1.093  -1.024   0
   3.53330851  -1.593  -1.325  -1.240  -1.182   0
   3.53386354  -1.656  -1.445  -1.369  -1.324   0
   3.53439069  -1.686  -1.525  -1.459  -1.425   0
   3.53499389  -1.704  -1.600  -1.546  -1.525   0
   3.53566194  -1.703  -1.664  -1.626  -1.624   0
   3.53637671  -1.682  -1.716  -1.703  -1.727   0
   3.53687334  -1.654  -1.738  -1.749  -1.799   0
   3.53737664  -1.607  -1.745  -1.786  -1.872   0
   3.53788614  -1.531  -1.706  -1.797  -1.942   3
   3.53838181  -1.433  -1.615  -1.783  -2.013   0
   3.53887701  -1.300  -1.458  -1.728  -2.077   0
   3.53911448  -1.211  -1.355  -1.682  -2.102   0
   3.53935862  -1.093  -1.229  -1.625  -2.122   0
   3.53958893  -0.936  -1.077  -1.554  -2.134   0
   3.53990746  -0.668  -0.851  -1.439  -2.120   0
   3.54021883  -0.393  -0.633  -1.309  -2.061   0
   3.54053020  -0.088  -0.404  -1.153  -1.965   0
   3.54084826   0.199  -0.189  -1.002  -1.865   0
   3.54100394   0.324  -0.109  -0.953  -1.840   4
   3.54147124   0.471  -0.082  -1.006  -1.958   0
   3.54178262   0.489  -0.147  -1.113  -2.102   0
   3.54225636   0.442  -0.259  -1.261  -2.279   0
   3.54283118   0.392  -0.358  -1.386  -2.425   0
   3.54358792   0.336  -0.472  -1.530  -2.592   0
   3.54427671   0.317  -0.558  -1.646  -2.737   0
   3.54498482   0.286  -0.651  -1.768  -2.884   0
   3.54570603   0.252  -0.747  -1.893  -3.034   0
   3.54638600   0.253  -0.820  -2.000  -3.170   0
   3.54740834   0.214  -0.907  -2.108  -3.297   2
   3.55366683   0.243  -0.821  -1.996  -3.163   0
   3.55820441   0.232  -0.755  -1.895  -3.030   0
   3.56199288   0.258  -0.663  -1.772  -2.881   0
   3.56518412   0.282  -0.575  -1.656  -2.738   0
   3.56807041   0.308  -0.492  -1.546  -2.604   0
   3.57129931   0.352  -0.398  -1.425  -2.463   0
   3.57573748   0.405  -0.293  -1.292  -2.307   0
   3.58229542   0.422  -0.212  -1.177  -2.164   0
   3.59053850   0.314  -0.241  -1.163  -2.113   4
   3.59988427  -0.002  -0.469  -1.329  -2.228   0
   3.60293269  -0.236  -0.641  -1.458  -2.321   0
   3.60829091  -0.532  -0.864  -1.612  -2.422   0
   3.67257977  -1.076  -1.315  -1.952  -2.672   0
   3.68998241  -1.167  -1.400  -2.025  -2.734   1
   3.74620628  -1.045  -1.377  -2.110  -2.904   0
   3.76321125  -0.694  -1.156  -2.002  -2.885   0
   3.77232265  -0.325  -0.914  -1.850  -2.806   0
   3.77964139   0.011  -0.765  -1.805  -2.848   4
   3.78028917   0.024  -0.806  -1.874  -2.940   0
   3.78047037   0.045  -0.868  -1.973  -3.075   0
   3.78062630   0.023  -0.956  -2.092  -3.220   0
   3.78243995  -0.010  -1.102  -2.289  -3.462   0
   3.78297162  -0.010  -1.182  -2.405  -3.609   0
   3.78350306  -0.008  -1.251  -2.503  -3.736   0
   3.78421474  -0.003  -1.335  -2.625  -3.894   0
   3.78492045  -0.004  -1.425  -2.751  -4.054   0
   3.78547549   0.001  -1.500  -2.858  -4.191   0
   3.78610039   0.017  -1.585  -2.984  -4.358   0
   3.78652501   0.029  -1.650  -3.081  -4.488   0
   3.78690934   0.052  -1.713  -3.178  -4.621   0
   3.78724885   0.061  -1.782  -3.279  -4.753   0
   3.78754807   0.087  -1.843  -3.375  -4.883   0
   3.78789735   0.063  -1.901  -3.467  -5.047   0
   3.78812170   0.013  -1.910  -3.495  -5.158   0
   3.78834581  -0.063  -1.939  -3.541  -5.286   0
   3.78852034  -0.141  -1.955  -3.571  -5.397   0
   3.78867483  -0.217  -1.980  -3.602  -5.489   0
   3.78880429  -0.266  -1.978  -3.602  -5.560   2
   3.78893876  -0.315  -1.953  -3.576  -5.638   0
   3.78913784  -0.333  -1.950  -3.573  -5.665   0
   3.78929210  -0.262  -1.988  -3.612  -5.551   0
   3.78934693  -0.340  -1.945  -3.567  -5.675   0
   3.78938675  -0.391  -1.913  -3.532  -5.751   0
   3.78940678  -0.380  -1.922  -3.542  -5.734   0
   3.78941655  -0.411  -1.903  -3.520  -5.778   0
   3.78943157  -0.446  -1.886  -3.499  -5.823   0
   3.78948307  -0.467  -1.882  -3.494  -5.849   0
   3.78953433  -0.490  -1.878  -3.488  -5.875   0
   3.78958559  -0.511  -1.874  -3.482  -5.901   0
   3.78963685  -0.507  -1.844  -3.449  -5.912   0
   3.78968835  -0.499  -1.810  -3.411  -5.921   0
   3.78973961  -0.491  -1.776  -3.373  -5.929   0
   3.78979111  -0.483  -1.742  -3.335  -5.938   0
   3.78984213  -0.476  -1.708  -3.298  -5.947   0
   3.78989244  -0.470  -1.683  -3.270  -5.953   0
   3.78994250  -0.466  -1.668  -3.254  -5.957   0
   3.78999281  -0.463  -1.653  -3.238  -5.960   0
   3.79004288  -0.459  -1.639  -3.222  -5.964   0
   3.79018474  -0.454  -1.619  -3.200  -5.968   0
   3.79040813  -0.448  -1.594  -3.173  -5.974   0
   3.79063129  -0.442  -1.570  -3.146  -5.979   0
   3.79085493  -0.436  -1.546  -3.120  -5.985   0
   3.79107833  -0.431  -1.523  -3.094  -5.991   0
   3.79135799  -0.423  -1.494  -3.062  -5.997   0
   3.79163861  -0.416  -1.465  -3.030  -6.004   0
   3.79192042  -0.409  -1.437  -2.999  -6.010   0
   3.79220390  -0.403  -1.410  -2.969  -6.016   0
   3.79248929  -0.396  -1.383  -2.939  -6.022   0
   3.79277730  -0.388  -1.355  -2.908  -6.028   0
   3.79306889  -0.381  -1.327  -2.878  -6.034   0
   3.79336405  -0.374  -1.298  -2.846  -6.040   0
   3.79366422  -0.359  -1.261  -2.808  -6.038   0
   3.79400325  -0.342  -1.219  -2.766  -6.036   1
   3.79435372  -0.323  -1.174  -2.722  -6.032   0
   3.79455590  -0.309  -1.145  -2.692  -6.027   0
   3.79463649  -0.300  -1.130  -2.677  -6.021   0
   3.79467273  -0.293  -1.121  -2.668  -6.015   0
   3.79468966  -0.287  -1.114  -2.661  -6.010   0
   3.79469705  -0.283  -1.109  -2.656  -6.006   0
   3.79470181  -0.278  -1.105  -2.651  -6.001   0
   3.79470658  -0.273  -1.100  -2.646  -5.996   0
   3.79471111  -0.266  -1.093  -2.640  -5.990   0
   3.79471588  -0.255  -1.082  -2.628  -5.978   0
   3.79472041  -0.242  -1.069  -2.616  -5.965   0
   3.79472518  -0.228  -1.056  -2.603  -5.951   0
   3.79472995  -0.213  -1.042  -2.588  -5.936   0
   3.79473448  -0.201  -1.030  -2.576  -5.923   0
   3.79473925  -0.190  -1.019  -2.566  -5.912   0
   3.79474401  -0.179  -1.009  -2.555  -5.900   0
   3.79474878  -0.167  -0.997  -2.544  -5.888   0
   3.79475355  -0.154  -0.985  -2.532  -5.875   0
   3.79475808  -0.140  -0.972  -2.518  -5.861   0
   3.79476285  -0.126  -0.957  -2.504  -5.846   0
   3.79476738  -0.110  -0.942  -2.489  -5.829   0
   3.79477310  -0.092  -0.926  -2.472  -5.811   0
