   0.15000001  15.664  14.049  12.441  10.267   0
   0.20000000  14.480  13.033  11.517   9.567   0
   0.25000000  13.765  12.410  10.940   9.107   0
   0.30000001  13.186  11.897  10.471   8.724   0
   0.34999999  12.696  11.461  10.074   8.398   0
   0.40000001  12.190  10.996   9.641   8.028   0
   0.44999999  11.738  10.579   9.265   7.718   0
   0.50000000  11.254  10.124   8.858   7.380   0
   0.55000001  10.714   9.628   8.420   7.023   0
   0.60000002  10.167   9.149   8.002   6.686   0
   0.69999999   8.814   8.055   7.065   5.961   0
   0.80000001   7.356   6.979   6.159   5.270   0
   0.89999998   6.228   6.116   5.442   4.693   0
   1.00000000   5.416   5.432   4.863   4.203   0
   1.10000002   4.701   4.781   4.307   3.732   0
   1.20000005   4.143   4.235   3.835   3.336   0
   1.29999995   3.672   3.743   3.410   2.995   0
   1.39999998   3.273   3.298   3.037   2.731   0
   1.50000000   2.921   2.899   2.709   2.512   0
   1.60000002   2.617   2.573   2.451   2.344   0
   1.70000005   2.335   2.305   2.235   2.187   0
   1.79999995   2.094   2.098   2.064   2.056   0
   1.85000002   1.913   1.943   1.928   1.935   0
   1.89999998   1.855   1.909   1.907   1.928   0
   2.00000000   1.646   1.750   1.769   1.806   0
   2.20000005   1.276   1.477   1.527   1.590   0
   2.50000000   0.811   1.134   1.214   1.301   0
   3.00000000   0.196   0.664   0.773   0.888   0
   3.50000000  -0.284   0.284   0.415   0.551   0
   4.00000000  -0.675  -0.036   0.112   0.266   0
   4.50000000  -1.009  -0.313  -0.151   0.018   0
   5.00000000  -1.305  -0.561  -0.386  -0.204   0
   6.00000000  -1.828  -1.010  -0.815  -0.612   0
   7.00000000  -2.272  -1.394  -1.184  -0.962   0
   8.64087772  -2.893  -1.944  -1.715  -1.472   0
   9.00000000  -3.015  -2.052  -1.820  -1.573   0
  12.00000000  -3.867  -2.817  -2.560  -2.285   0
  15.00000000  -4.544  -3.437  -3.162  -2.868   0
  16.88370323  -4.886  -3.754  -3.473  -3.175   0
  20.00000000  -5.388  -4.227  -3.942  -3.642   0
  23.43669701  -5.794  -4.618  -4.330  -4.032   0
  29.90833282  -6.486  -5.306  -5.014  -4.713   1
  30.00000000  -6.496  -5.316  -5.024  -4.724   0
  35.67621994  -7.023  -5.847  -5.558  -5.261   0
  40.00000000  -7.460  -6.305  -6.021  -5.723   0
  41.30999374  -7.572  -6.421  -6.139  -5.844   0
  47.25635147  -8.218  -7.131  -6.875  -6.610   0
  49.94487762  -8.604  -7.554  -7.326  -7.097   0
  51.96870422  -9.105  -8.197  -8.020  -7.859   0
  52.12220764  -9.142  -8.260  -8.087  -7.931   2
  55.05443573  -8.817  -7.777  -7.550  -7.324   0
  55.80638123  -8.777  -7.700  -7.464  -7.225   0
  56.09331512  -8.572  -7.449  -7.184  -6.909   1
  56.11684799  -8.656  -7.565  -7.306  -7.038   0
  56.12372971  -8.731  -7.648  -7.399  -7.142   0
  56.12897491  -8.820  -7.741  -7.500  -7.255   0
  56.13404465  -8.914  -7.848  -7.617  -7.384   0
  56.13929749  -8.996  -7.975  -7.752  -7.530   0
  56.14273453  -9.058  -8.070  -7.853  -7.639   0
  56.14617538  -9.127  -8.178  -7.967  -7.761   0
  56.14961243  -9.210  -8.305  -8.103  -7.909   0
  56.15305710  -9.371  -8.451  -8.271  -8.106   0
  56.15649033  -9.460  -8.599  -8.428  -8.276   0
  56.15993500  -9.556  -8.768  -8.607  -8.472   0
  56.16337204  -9.667  -8.957  -8.811  -8.698   0
  56.16681290  -9.832  -9.176  -9.062  -8.991   0
  56.17024994  -9.948  -9.485  -9.385  -9.336   0
  56.17369461 -10.080  -9.819  -9.767  -9.783   0
  56.17531967 -10.086  -9.964  -9.948 -10.008   0
  56.17713165 -10.037 -10.044 -10.102 -10.245   0
  56.17875671  -9.995 -10.085 -10.152 -10.306   0
  56.18057251  -9.951 -10.073 -10.177 -10.363   0
  56.18220139  -9.908 -10.062 -10.192 -10.406   0
  56.18400955  -9.840 -10.052 -10.196 -10.445   0
  56.18563843  -9.786 -10.042 -10.199 -10.476   3
  56.18744659  -9.714  -9.998 -10.195 -10.515   0
  56.18907928  -9.654  -9.962 -10.192 -10.547   0
  56.19089127  -9.607  -9.932 -10.190 -10.571   0
  56.19252014  -9.558  -9.893 -10.185 -10.595   0
  56.19432831  -9.507  -9.855 -10.180 -10.618   0
  56.19596100  -9.463  -9.821 -10.175 -10.639   0
  56.19776917  -9.421  -9.788 -10.171 -10.658   0
  56.19939804  -9.372  -9.754 -10.165 -10.675   0
  56.20283890  -9.280  -9.691 -10.154 -10.704   0
  56.20808792  -9.210  -9.645 -10.147 -10.727   0
  56.21171570  -9.178  -9.625 -10.144 -10.739   0
  56.21696091  -9.156  -9.615 -10.151 -10.759   0
  56.22546768  -9.134  -9.607 -10.164 -10.787   0
  56.24448395  -9.133  -9.622 -10.197 -10.835   2
  56.39095306  -9.276  -9.729 -10.246 -10.838   0
  56.43505859  -9.336  -9.770 -10.259 -10.830   0
  56.44793701  -9.387  -9.803 -10.266 -10.817   0
  56.47396088  -9.430  -9.833 -10.274 -10.807   0
  56.47873688  -9.582  -9.941 -10.299 -10.766   0
  56.48112488  -9.658 -10.000 -10.308 -10.733   0
  56.48327637  -9.692 -10.026 -10.312 -10.718   0
  56.48781204  -9.787 -10.094 -10.323 -10.675   0
  56.49044037  -9.837 -10.125 -10.327 -10.652   0
  56.49737167  -9.854 -10.136 -10.328 -10.643   0
  56.55022049  -9.890 -10.160 -10.336 -10.634   0
  56.75083542  -9.969 -10.213 -10.364 -10.631   3
  56.82165527 -10.210 -10.166 -10.225 -10.366   0
  56.96902084  -9.999  -9.491  -9.380  -9.318   0
  57.06719589  -9.618  -8.825  -8.663  -8.527   0
  57.11626053  -9.411  -8.493  -8.311  -8.143   0
  57.16539001  -9.132  -8.161  -7.947  -7.737   0
  57.34177399  -8.653  -7.556  -7.295  -7.022   0
  57.43041229  -8.622  -7.508  -7.244  -6.969   0
  57.52859116  -8.595  -7.463  -7.197  -6.920   0
  57.72327042  -8.504  -7.365  -7.092  -6.806   0
  60.00000000  -4.866  -3.578  -3.231  -2.883   0
  61.05843735  -4.031  -2.735  -2.380  -2.023   0
  61.11192322  -3.932  -2.636  -2.281  -1.924   0
  70.06355286  -1.892  -0.593  -0.236   0.124   0
  70.34879303  -1.228   0.078   0.441   0.809   0
