   0.15000001  15.663  14.049  12.440  10.267   0
   0.20000000  14.479  13.033  11.517   9.567   0
   0.25000000  13.764  12.409  10.939   9.107   0
   0.30000001  13.185  11.896  10.470   8.723   0
   0.34999999  12.695  11.461  10.073   8.397   0
   0.40000001  12.189  10.995   9.640   8.027   0
   0.44999999  11.737  10.578   9.264   7.717   0
   0.50000000  11.253  10.123   8.857   7.379   0
   0.55000001  10.713   9.627   8.419   7.022   0
   0.60000002  10.166   9.147   8.000   6.685   0
   0.69999999   8.810   8.052   7.062   5.959   0
   0.80000001   7.350   6.974   6.155   5.266   0
   0.89999998   6.221   6.110   5.437   4.689   0
   1.00000000   5.405   5.423   4.854   4.196   0
   1.10000002   4.689   4.769   4.296   3.722   0
   1.20000005   4.130   4.221   3.822   3.324   0
   1.29999995   3.658   3.728   3.396   2.982   0
   1.39999998   3.259   3.283   3.022   2.716   0
   1.50000000   2.904   2.881   2.692   2.496   0
   1.60000002   2.596   2.552   2.429   2.321   0
   1.70000005   2.314   2.281   2.211   2.162   0
   1.79999995   2.066   2.067   2.032   2.023   0
   1.85000002   1.920   1.945   1.927   1.932   0
   1.89999998   1.832   1.880   1.875   1.892   0
   2.00000000   1.620   1.714   1.729   1.763   0
   2.20000005   1.239   1.421   1.467   1.525   0
   2.32572818   1.024   1.256   1.316   1.385   0
   2.50000000   0.747   1.042   1.118   1.199   0
   3.00000000   0.081   0.513   0.616   0.723   0
   3.21011400  -0.160   0.317   0.429   0.544   0
   3.50000000  -0.470   0.059   0.183   0.309   0
   3.82246113  -0.782  -0.205  -0.070   0.066   0
   4.00000000  -0.945  -0.345  -0.204  -0.063   0
   4.30955219  -1.220  -0.584  -0.434  -0.284   0
   4.50000000  -1.392  -0.737  -0.583  -0.428   0
   4.70771027  -1.577  -0.905  -0.746  -0.586   0
   5.00000000  -1.845  -1.151  -0.986  -0.822   0
   5.02809000  -1.870  -1.175  -1.009  -0.844   0
   5.28922653  -2.118  -1.409  -1.238  -1.071   0
   5.51095772  -2.341  -1.625  -1.452  -1.283   0
   5.69990396  -2.548  -1.829  -1.655  -1.487   1
   5.86112833  -2.742  -2.025  -1.852  -1.686   0
   5.99894428  -2.926  -2.216  -2.045  -1.882   0
   6.00000000  -2.927  -2.217  -2.046  -1.884   0
   6.12151194  -3.102  -2.404  -2.236  -2.078   0
   6.22656822  -3.270  -2.588  -2.424  -2.272   0
   6.27335787  -3.351  -2.677  -2.515  -2.367   0
   6.31641579  -3.427  -2.761  -2.599  -2.454   0
   6.34525585  -3.475  -2.810  -2.649  -2.505   0
   6.36263132  -3.499  -2.829  -2.667  -2.521   3
   6.37645864  -3.506  -2.824  -2.658  -2.509   0
   6.38572788  -3.495  -2.783  -2.611  -2.452   0
   6.38833046  -3.489  -2.753  -2.575  -2.408   0
   6.38989830  -3.502  -2.736  -2.551  -2.374   0
   6.38994312  -3.500  -2.734  -2.549  -2.373   0
   6.39040279  -3.455  -2.714  -2.535  -2.367   0
   6.39077759  -3.491  -2.781  -2.609  -2.451   0
   6.39110565  -3.577  -2.894  -2.729  -2.580   0
   6.39148474  -3.689  -3.034  -2.877  -2.739   0
   6.39191055  -3.801  -3.180  -3.031  -2.905   0
   6.39238262  -3.905  -3.325  -3.186  -3.074   0
   6.39289761  -4.003  -3.474  -3.345  -3.249   0
   6.39326382  -4.066  -3.575  -3.454  -3.370   0
   6.39363813  -4.124  -3.680  -3.569  -3.499   0
   6.39383364  -4.151  -3.733  -3.628  -3.565   0
   6.39419460  -4.193  -3.832  -3.738  -3.690   0
   6.39456701  -4.225  -3.936  -3.854  -3.823   0
   6.39494371  -4.241  -4.044  -3.977  -3.966   0
   6.39531946  -4.232  -4.151  -4.102  -4.116   0
   6.39551210  -4.209  -4.196  -4.163  -4.196   0
   6.39570427  -4.170  -4.228  -4.218  -4.276   0
   6.39589214  -4.107  -4.240  -4.262  -4.358   0
   6.39608383  -4.012  -4.211  -4.284  -4.441   3
   6.39627552  -3.886  -4.121  -4.275  -4.522   0
   6.39646339  -3.727  -3.962  -4.234  -4.603   0
   6.39665556  -3.507  -3.737  -4.154  -4.672   0
   6.39684343  -3.121  -3.415  -4.025  -4.716   0
   6.39703131  -2.493  -2.990  -3.831  -4.701   0
   6.39719534  -2.045  -2.701  -3.661  -4.623   0
   6.39735556  -1.640  -2.445  -3.489  -4.521   0
   6.39746141  -1.454  -2.335  -3.422  -4.488   4
   6.39764023  -1.236  -2.271  -3.429  -4.562   0
   6.39774418  -1.159  -2.304  -3.514  -4.690   0
   6.39785910  -1.103  -2.366  -3.626  -4.849   0
   6.39800596  -1.056  -2.425  -3.728  -4.993   0
   6.39834833  -1.011  -2.478  -3.822  -5.125   0
   6.39895582  -0.978  -2.534  -3.914  -5.250   0
   6.39964294  -0.961  -2.595  -4.007  -5.374   0
   6.40036964  -0.950  -2.658  -4.099  -5.496   0
   6.40272903  -0.945  -2.710  -4.174  -5.594   2
   6.42263985  -0.983  -2.660  -4.088  -5.471   0
   6.43664551  -1.011  -2.602  -3.996  -5.344   0
   6.44805431  -1.044  -2.548  -3.907  -5.223   0
   6.45946646  -1.093  -2.510  -3.834  -5.116   0
   6.47456026  -1.176  -2.496  -3.779  -5.022   4
   6.49629211  -1.351  -2.553  -3.787  -4.978   0
   6.50900555  -1.851  -2.862  -4.007  -5.116   0
   6.51198530  -2.589  -3.293  -4.271  -5.241   0
   6.51418209  -3.335  -3.741  -4.468  -5.250   0
   6.51561403  -3.614  -3.934  -4.543  -5.232   0
   6.51702356  -3.810  -4.085  -4.599  -5.206   0
   6.51850796  -3.941  -4.200  -4.641  -5.180   0
   6.51997042  -4.043  -4.295  -4.673  -5.152   0
   6.52214336  -4.170  -4.420  -4.713  -5.107   0
   6.52431250  -4.269  -4.522  -4.740  -5.061   0
   6.52648926  -4.352  -4.596  -4.757  -5.018   0
   6.52863073  -4.424  -4.660  -4.770  -4.978   0
   6.53146505  -4.505  -4.704  -4.770  -4.925   0
   6.53428507  -4.571  -4.727  -4.759  -4.875   0
   6.53771353  -4.639  -4.736  -4.738  -4.817   0
   6.54111481  -4.680  -4.717  -4.703  -4.763   0
   6.54570961  -4.718  -4.691  -4.660  -4.700   0
   6.55313683  -4.751  -4.656  -4.612  -4.636   0
   6.55987310  -4.765  -4.651  -4.604  -4.624   1
   6.57409620  -4.775  -4.710  -4.674  -4.706   0
   6.58943653  -4.776  -4.785  -4.763  -4.814   0
   6.59875822  -4.755  -4.828  -4.824  -4.896   0
   6.60521030  -4.722  -4.848  -4.866  -4.964   0
   6.60978699  -4.681  -4.855  -4.897  -5.024   0
   6.61352634  -4.626  -4.834  -4.911  -5.082   0
   6.61802816  -4.551  -4.792  -4.921  -5.151   3
   6.61978149  -4.491  -4.742  -4.916  -5.193   0
   6.62384224  -4.364  -4.620  -4.897  -5.278   0
   6.62617397  -4.230  -4.490  -4.864  -5.338   0
   6.62857294  -4.032  -4.312  -4.805  -5.392   0
   6.63113260  -3.671  -4.036  -4.709  -5.447   0
   6.63192463  -3.334  -3.817  -4.621  -5.459   0
   6.63281202  -2.827  -3.517  -4.484  -5.444   0
   6.63414049  -2.153  -3.130  -4.259  -5.348   0
   6.63495970  -1.739  -2.880  -4.084  -5.244   0
   6.63668299  -1.331  -2.697  -4.000  -5.256   4
   6.63735008  -1.230  -2.678  -4.014  -5.303   0
   6.63770247  -1.191  -2.695  -4.054  -5.365   0
   6.63906813  -1.123  -2.737  -4.139  -5.492   0
   6.63954496  -1.084  -2.789  -4.229  -5.619   0
   6.64026403  -1.054  -2.855  -4.333  -5.762   0
   6.64113998  -1.024  -2.915  -4.428  -5.894   0
   6.64219141  -0.986  -2.970  -4.521  -6.024   0
   6.64336348  -0.956  -3.020  -4.607  -6.154   0
   6.64441013  -1.013  -3.036  -4.640  -6.261   0
   6.64514923  -1.066  -3.047  -4.662  -6.346   0
   6.64582920  -1.132  -3.067  -4.691  -6.433   0
   6.64625740  -1.147  -3.092  -4.716  -6.450   0
