   0.15000001  15.662  14.048  12.439  10.266   0
   0.20000000  14.478  13.031  11.515   9.566   0
   0.25000000  13.762  12.407  10.937   9.105   0
   0.30000001  13.183  11.894  10.468   8.722   0
   0.34999999  12.693  11.459  10.071   8.396   0
   0.40000001  12.187  10.993   9.638   8.025   0
   0.44999999  11.735  10.575   9.261   7.715   0
   0.50000000  11.250  10.120   8.854   7.376   0
   0.55000001  10.708   9.622   8.415   7.019   0
   0.60000002  10.159   9.142   7.995   6.681   0
   0.69999999   8.794   8.040   7.052   5.951   0
   0.80000001   7.324   6.954   6.137   5.252   0
   0.89999998   6.191   6.085   5.414   4.669   0
   1.00000000   5.359   5.381   4.818   4.164   0
   1.10000002   4.639   4.718   4.248   3.677   0
   1.13135934   4.453   4.537   4.091   3.545   0
   1.20000005   4.074   4.162   3.765   3.269   0
   1.20123458   4.068   4.156   3.759   3.265   0
   1.29999995   3.603   3.669   3.339   2.928   0
   1.39999998   3.197   3.217   2.958   2.655   0
   1.50000000   2.836   2.808   2.621   2.427   0
   1.60000002   2.515   2.466   2.341   2.229   0
   1.67310619   2.301   2.253   2.165   2.096   0
   1.70000005   2.224   2.181   2.105   2.048   0
   1.79999995   1.958   1.941   1.898   1.874   0
   1.85000002   1.830   1.828   1.799   1.790   0
   1.89999998   1.705   1.719   1.700   1.700   0
   1.92829430   1.637   1.661   1.648   1.653   0
   2.00000000   1.465   1.512   1.514   1.531   0
   2.13278675   1.161   1.254   1.277   1.310   0
   2.20000005   1.010   1.125   1.156   1.195   0
   2.30317807   0.788   0.933   0.977   1.024   0
   2.43509340   0.511   0.688   0.742   0.795   0
   2.50000000   0.374   0.562   0.619   0.674   0
   2.55055261   0.270   0.465   0.526   0.582   0
   2.64865780   0.067   0.269   0.333   0.390   0
   2.73230290  -0.110   0.090   0.155   0.210   1
   2.80412054  -0.265  -0.075  -0.012   0.040   0
   2.86604929  -0.402  -0.231  -0.170  -0.123   0
   2.91975403  -0.521  -0.376  -0.319  -0.280   0
   2.96642256  -0.627  -0.512  -0.462  -0.430   0
   2.98737836  -0.676  -0.575  -0.528  -0.500   0
   3.00000000  -0.709  -0.615  -0.569  -0.543   0
   3.00678229  -0.726  -0.636  -0.591  -0.565   0
   3.01961088  -0.765  -0.676  -0.631  -0.606   0
   3.02817559  -0.797  -0.698  -0.650  -0.623   0
   3.03480816  -0.836  -0.709  -0.655  -0.622   3
   3.03927875  -0.892  -0.704  -0.637  -0.590   0
   3.04055357  -0.940  -0.702  -0.625  -0.569   0
   3.04124951  -0.990  -0.707  -0.622  -0.556   0
   3.04141927  -0.946  -0.678  -0.595  -0.532   0
   3.04161978  -0.881  -0.659  -0.585  -0.531   0
   3.04189253  -0.918  -0.745  -0.680  -0.637   0
   3.04227710  -0.988  -0.869  -0.815  -0.784   0
   3.04281807  -1.030  -0.970  -0.931  -0.917   0
   3.04353499  -1.042  -1.048  -1.030  -1.038   0
   3.04374313  -1.039  -1.063  -1.051  -1.068   0
   3.04441547  -1.024  -1.100  -1.112  -1.155   0
   3.04515791  -0.983  -1.110  -1.159  -1.243   0
   3.04567981  -0.940  -1.091  -1.174  -1.299   0
   3.04621291  -0.881  -1.050  -1.178  -1.356   3
   3.04674578  -0.806  -0.970  -1.163  -1.414   0
   3.04727817  -0.710  -0.849  -1.117  -1.462   0
   3.04780245  -0.569  -0.684  -1.043  -1.500   0
   3.04806042  -0.464  -0.575  -0.992  -1.511   0
   3.04831052  -0.339  -0.456  -0.933  -1.514   0
   3.04880667  -0.046  -0.206  -0.793  -1.474   0
   3.04928660   0.289   0.064  -0.616  -1.373   0
   3.04975080   0.651   0.345  -0.412  -1.231   0
   3.05020690   0.916   0.524  -0.300  -1.173   4
   3.05087852   0.988   0.482  -0.417  -1.351   0
   3.05146074   0.951   0.375  -0.563  -1.530   0
   3.05208850   0.905   0.278  -0.685  -1.675   0
   3.05285788   0.851   0.171  -0.821  -1.834   0
   3.05366039   0.776   0.049  -0.967  -2.000   0
   3.05436611   0.718  -0.054  -1.093  -2.144   0
   3.05512094   0.659  -0.158  -1.221  -2.291   0
   3.05583620   0.617  -0.254  -1.341  -2.434   0
   3.05655456   0.585  -0.347  -1.462  -2.580   0
   3.05724120   0.559  -0.431  -1.572  -2.713   0
   3.05779004   0.544  -0.479  -1.635  -2.789   2
   3.06022167   0.561  -0.402  -1.532  -2.661   0
   3.06318259   0.581  -0.323  -1.425  -2.531   0
   3.06554604   0.612  -0.233  -1.309  -2.391   0
   3.06760025   0.656  -0.136  -1.186  -2.245   0
   3.06948185   0.714  -0.031  -1.056  -2.095   0
   3.07151985   0.784   0.087  -0.913  -1.933   0
   3.07381868   0.842   0.198  -0.775  -1.771   0
   3.07652259   0.898   0.302  -0.646  -1.622   0
   3.08073854   0.937   0.397  -0.521  -1.472   0
   3.09004855   0.856   0.400  -0.464  -1.370   4
   3.12695265   0.377   0.025  -0.766  -1.611   0
   3.17521906   0.110  -0.231  -1.005  -1.835   0
   3.21284246  -0.083  -0.419  -1.183  -2.005   1
   3.28600168   0.040  -0.427  -1.286  -2.184   0
   3.30297303   0.419  -0.235  -1.211  -2.206   4
   3.30425739   0.421  -0.302  -1.314  -2.339   0
   3.30439091   0.414  -0.328  -1.351  -2.386   0
   3.30453014   0.375  -0.419  -1.469  -2.525   0
   3.30466413   0.340  -0.512  -1.590  -2.669   0
   3.30771017   0.289  -0.759  -1.926  -3.085   0
   3.30822015   0.268  -0.843  -2.040  -3.224   0
   3.30872679   0.266  -0.912  -2.138  -3.349   0
   3.30948925   0.256  -1.021  -2.288  -3.540   0
   3.30999780   0.263  -1.096  -2.397  -3.681   0
   3.31050587   0.264  -1.185  -2.522  -3.840   0
   3.31096435   0.266  -1.277  -2.653  -4.008   0
   3.31133127   0.266  -1.361  -2.771  -4.162   0
   3.31163049   0.294  -1.423  -2.870  -4.299   0
   3.31194520   0.317  -1.506  -2.996  -4.468   0
   3.31220245   0.350  -1.581  -3.113  -4.627   0
   3.31246233   0.307  -1.632  -3.195  -4.791   0
   3.31274796   0.219  -1.656  -3.249  -4.972   0
   3.31288052   0.150  -1.673  -3.281  -5.084   0
   3.31299472   0.081  -1.692  -3.309  -5.175   0
   3.31309319   0.032  -1.691  -3.312  -5.245   0
   3.31319714   0.009  -1.688  -3.309  -5.281   0
   3.31333470  -0.009  -1.690  -3.311  -5.307   2
   3.31339955  -0.084  -1.653  -3.272  -5.425   0
   3.31343317  -0.118  -1.637  -3.254  -5.474   0
   3.31344366  -0.144  -1.621  -3.236  -5.511   0
   3.31346846  -0.157  -1.618  -3.232  -5.528   0
   3.31349325  -0.171  -1.615  -3.228  -5.546   0
   3.31351805  -0.185  -1.612  -3.224  -5.563   0
   3.31354308  -0.199  -1.609  -3.220  -5.581   0
   3.31356287  -0.211  -1.607  -3.217  -5.595   0
   3.31358767  -0.225  -1.604  -3.213  -5.612   0
   3.31361246  -0.240  -1.602  -3.209  -5.630   0
   3.31363702  -0.237  -1.581  -3.187  -5.637   0
   3.31366134  -0.231  -1.558  -3.161  -5.643   0
   3.31368589  -0.226  -1.535  -3.136  -5.649   0
   3.31376910  -0.212  -1.480  -3.075  -5.661   0
   3.31389070  -0.199  -1.423  -3.012  -5.675   0
   3.31401134  -0.192  -1.397  -2.984  -5.680   0
   3.31413078  -0.187  -1.375  -2.959  -5.686   0
   3.31424928  -0.181  -1.353  -2.934  -5.691   0
   3.31436658  -0.176  -1.330  -2.910  -5.696   0
   3.31448269  -0.171  -1.308  -2.886  -5.702   0
   3.31459808  -0.165  -1.287  -2.862  -5.707   0
   3.31468940  -0.161  -1.269  -2.842  -5.711   0
   3.31478024  -0.157  -1.252  -2.823  -5.715   0
   3.31487036  -0.152  -1.234  -2.803  -5.719   0
   3.31496024  -0.148  -1.217  -2.784  -5.723   0
   3.31504941  -0.144  -1.199  -2.765  -5.727   0
   3.31513810  -0.140  -1.182  -2.746  -5.731   0
   3.31522632  -0.135  -1.165  -2.727  -5.735   0
   3.31531429  -0.131  -1.148  -2.709  -5.739   0
   3.31540179  -0.127  -1.131  -2.690  -5.743   0
   3.31548882  -0.123  -1.115  -2.672  -5.747   0
   3.31557560  -0.119  -1.098  -2.654  -5.750   0
   3.31566191  -0.115  -1.082  -2.636  -5.754   0
   3.31574821  -0.110  -1.066  -2.618  -5.757   0
   3.31583428  -0.106  -1.050  -2.600  -5.761   0
   3.31594157  -0.101  -1.030  -2.578  -5.765   0
   3.31604862  -0.092  -1.005  -2.553  -5.765   0
   3.31615567  -0.082  -0.979  -2.527  -5.764   0
   3.31626272  -0.072  -0.954  -2.501  -5.763   1
   3.31636977  -0.062  -0.929  -2.476  -5.762   0
   3.31647682  -0.051  -0.903  -2.450  -5.760   0
   3.31658149  -0.041  -0.879  -2.426  -5.758   0
   3.31667948  -0.029  -0.853  -2.400  -5.754   0
   3.31677604  -0.014  -0.823  -2.369  -5.747   0
   3.31681514  -0.002  -0.805  -2.352  -5.739   0
   3.31683755   0.022  -0.779  -2.326  -5.716   0
   3.31684995   0.048  -0.752  -2.298  -5.690   0
   3.31685662   0.066  -0.733  -2.279  -5.673   0
   3.31686020   0.078  -0.720  -2.267  -5.661   0
   3.31686187   0.086  -0.711  -2.258  -5.654   0
   3.31686354   0.095  -0.702  -2.248  -5.645   0
   3.31686544   0.104  -0.692  -2.238  -5.637   0
   3.31686711   0.114  -0.681  -2.228  -5.628   0
   3.31686902   0.123  -0.671  -2.217  -5.619   0
   3.31687069   0.134  -0.659  -2.205  -5.609   0
   3.31687260   0.145  -0.647  -2.193  -5.598   0
   3.31687427   0.157  -0.634  -2.180  -5.587   0
   3.31687593   0.169  -0.620  -2.166  -5.576   0
   3.31687784   0.183  -0.605  -2.151  -5.563   0
   3.31688118   0.198  -0.589  -2.135  -5.549   0
