   0.15000001  15.644  14.033  12.426  10.257   0
   0.20000000  14.455  13.011  11.496   9.550   0
   0.25000000  13.736  12.383  10.915   9.085   0
   0.30000001  13.154  11.867  10.443   8.699   0
   0.34999999  12.668  11.435  10.048   8.375   0
   0.40000001  12.157  10.964   9.611   8.002   0
   0.44999999  11.700  10.540   9.228   7.684   0
   0.50000000  11.206  10.076   8.812   7.338   0
   0.55000001  10.646   9.565   8.362   6.973   0
   0.60000002  10.076   9.068   7.931   6.628   0
   0.64405942   9.413   8.527   7.469   6.274   0
   0.69999999   8.608   7.897   6.927   5.853   0
   0.80000001   7.033   6.732   5.948   5.098   0
   0.84709132   6.446   6.277   5.566   4.785   0
   0.89142424   5.949   5.875   5.230   4.505   0
   0.89999998   5.858   5.800   5.166   4.452   0
   0.92454457   5.610   5.589   4.986   4.297   0
   0.95976526   5.282   5.298   4.733   4.077   0
   0.98816609   5.035   5.071   4.535   3.903   0
   1.00000000   4.934   4.978   4.452   3.831   0
   1.01493955   4.800   4.853   4.343   3.734   0
   1.03346908   4.635   4.699   4.207   3.614   0
   1.04906619   4.506   4.573   4.094   3.513   0
   1.06239736   4.401   4.468   3.999   3.428   0
   1.07049060   4.338   4.406   3.942   3.377   0
   1.07596576   4.298   4.366   3.906   3.344   0
   1.09344351   4.175   4.242   3.792   3.241   0
   1.10000002   4.131   4.197   3.750   3.202   0
   1.10341156   4.109   4.174   3.729   3.183   0
   1.13347113   3.941   4.002   3.560   3.018   1
   1.16756618   3.788   3.840   3.389   2.837   0
   1.18139422   3.729   3.777   3.321   2.763   0
   1.19397652   3.662   3.707   3.248   2.687   0
   1.19466388   3.656   3.700   3.242   2.681   0
   1.20000005   3.601   3.644   3.191   2.635   0
   1.20177197   3.583   3.626   3.174   2.620   0
   1.20492804   3.511   3.554   3.113   2.571   0
   1.20715535   3.384   3.429   3.011   2.493   0
   1.20789695   3.290   3.334   2.933   2.431   0
   1.20815003   3.259   3.303   2.905   2.408   0
   1.21435499   3.238   3.273   2.852   2.329   0
   1.24237084   3.200   3.204   2.707   2.107   3
   1.25301325   3.406   3.350   2.763   2.082   0
   1.25719750   3.627   3.509   2.859   2.126   0
   1.25992095   3.827   3.652   2.953   2.178   0
   1.26227236   3.999   3.766   3.026   2.216   0
   1.26468658   4.150   3.862   3.083   2.240   0
   1.26513016   4.174   3.877   3.091   2.242   4
   1.27107358   4.232   3.851   3.018   2.125   0
   1.27523327   4.153   3.740   2.889   1.979   0
   1.27907598   4.041   3.604   2.739   1.818   0
   1.28225696   3.924   3.467   2.591   1.660   0
   1.28507149   3.806   3.332   2.445   1.506   0
   1.28754318   3.688   3.195   2.297   1.349   0
   1.28978276   3.574   3.061   2.152   1.195   0
   1.29160917   3.471   2.938   2.018   1.051   0
   1.29328084   3.364   2.807   1.875   0.897   0
   1.29479313   3.257   2.675   1.730   0.741   0
   1.29615462   3.157   2.546   1.587   0.586   0
   1.29732132   3.057   2.416   1.442   0.427   0
   1.29833293   2.961   2.291   1.302   0.274   0
   1.29923069   2.867   2.170   1.167   0.128   0
   1.29999995   2.768   2.049   1.035  -0.013   0
   1.30027628   2.730   2.003   0.984  -0.066   0
   1.30106676   2.655   1.891   0.853  -0.214   0
   1.30168045   2.618   1.839   0.793  -0.280   2
   1.30234909   2.677   1.940   0.916  -0.139   0
   1.30239379   2.679   1.942   0.918  -0.137   0
   1.30293667   2.605   1.830   0.787  -0.284   0
   1.30352783   2.533   1.720   0.659  -0.429   0
   1.30411303   2.469   1.606   0.522  -0.587   0
   1.30466104   2.396   1.486   0.380  -0.750   0
   1.30513012   2.328   1.373   0.246  -0.902   0
   1.30552983   2.267   1.265   0.116  -1.051   0
   1.30587602   2.212   1.161  -0.010  -1.197   0
   1.30622232   2.170   1.059  -0.139  -1.351   0
   1.30651844   2.120   0.955  -0.265  -1.499   0
   1.30677485   2.079   0.856  -0.390  -1.649   0
   1.30699587   2.051   0.766  -0.505  -1.789   0
   1.30721056   2.025   0.676  -0.622  -1.932   0
   1.30737591   1.992   0.586  -0.737  -2.069   0
   1.30753911   1.975   0.502  -0.848  -2.209   0
   1.30768192   1.975   0.430  -0.950  -2.341   0
   1.30781722   1.975   0.354  -1.057  -2.482   0
   1.30794621   1.970   0.270  -1.173  -2.630   0
   1.30806649   1.927   0.160  -1.309  -2.791   0
   1.30816209   1.939   0.093  -1.409  -2.923   0
   1.30825233   1.931   0.092  -1.439  -3.039   0
   1.30833077   1.898   0.077  -1.478  -3.155   0
   1.30840385   1.865   0.078  -1.500  -3.264   0
   1.30847263   1.794   0.037  -1.557  -3.387   0
   1.30853176   1.713  -0.004  -1.610  -3.509   0
   1.30858767   1.637  -0.028  -1.639  -3.623   3
   1.30863929   1.594   0.015  -1.597  -3.714   0
   1.30868554   1.547   0.068  -1.544  -3.804   0
   1.30871987   1.521   0.127  -1.483  -3.859   0
   1.30871987   2.342   1.723   0.761  -0.232   0
   1.30913484   2.311   1.669   0.696  -0.307   0
   1.30959356   2.300   1.653   0.677  -0.329   0
   1.30969417   2.298   1.652   0.676  -0.329   3
   1.31027269   2.292   1.652   0.680  -0.322   0
   1.31086659   2.285   1.651   0.681  -0.318   0
   1.31147099   2.278   1.648   0.680  -0.317   0
   1.31208980   2.270   1.644   0.679  -0.316   0
   1.31273139   2.262   1.640   0.677  -0.317   0
   1.31340265   2.253   1.634   0.673  -0.319   0
   1.31406832   2.243   1.628   0.669  -0.321   0
   1.31472945   2.235   1.623   0.665  -0.324   0
   1.31538618   2.225   1.615   0.658  -0.329   0
   1.31544030   2.225   1.615   0.658  -0.330   0
   1.31603324   2.224   1.610   0.652  -0.337   0
   1.31667793   2.225   1.606   0.645  -0.346   0
   1.31734645   2.216   1.595   0.633  -0.359   0
   1.31804895   2.206   1.581   0.616  -0.378   0
   1.31870949   2.193   1.560   0.592  -0.405   0
   1.31965315   2.170   1.525   0.551  -0.451   0
   1.31990850   2.158   1.507   0.529  -0.476   0
   1.32025945   2.145   1.479   0.494  -0.517   0
   1.32188964   2.087   1.362   0.346  -0.691   0
   1.32199109   2.063   1.301   0.265  -0.788   0
   1.32206595   2.026   1.204   0.139  -0.940   0
   1.32208872   1.998   1.131   0.045  -1.055   0
   1.32210720   1.956   0.998  -0.130  -1.269   0
   1.32211518   1.932   0.910  -0.247  -1.411   0
   1.32212484   1.909   0.816  -0.373  -1.566   0
   1.32213891   1.892   0.748  -0.464  -1.679   0
   1.32220197   1.912   0.840  -0.340  -1.524   0
   1.32224965   1.915   0.852  -0.323  -1.503   1
   1.32242870   1.893   0.760  -0.447  -1.657   0
   1.32251763   1.868   0.664  -0.573  -1.813   0
   1.32259285   1.850   0.553  -0.723  -2.002   0
   1.32264912   1.835   0.454  -0.858  -2.170   0
   1.32270157   1.840   0.370  -0.977  -2.324   0
   1.32276773   1.855   0.260  -1.139  -2.542   0
   1.32280254   1.860   0.186  -1.246  -2.682   0
   1.32281768   1.874   0.125  -1.337  -2.805   0
   1.32284427   1.885   0.056  -1.438  -2.939   0
   1.32286310   1.913   0.055  -1.473  -3.048   0
   1.32287872   1.870   0.026  -1.525  -3.170   0
   1.32289231   1.846   0.036  -1.538  -3.271   0
   1.32290649   1.787   0.011  -1.580  -3.386   0
   1.32292140   1.708  -0.032  -1.636  -3.505   0
   1.32293773   1.649  -0.029  -1.640  -3.606   3
   1.32295394   1.604  -0.007  -1.619  -3.690   0
   1.32296050   1.563   0.088  -1.523  -3.790   0
   1.32296312   1.532   0.157  -1.451  -3.853   0
   1.32296515   1.520   0.161  -1.447  -3.870   0
   1.32296777   1.527   0.189  -1.416  -3.877   0
   1.32297039   1.533   0.217  -1.385  -3.885   0
   1.32297301   1.540   0.245  -1.354  -3.892   0
   1.32297575   1.546   0.274  -1.322  -3.899   0
   1.32297838   1.553   0.302  -1.291  -3.906   0
   1.32298100   1.560   0.330  -1.260  -3.913   0
   1.32298350   1.566   0.359  -1.228  -3.921   0
   1.32298601   1.573   0.387  -1.197  -3.928   0
   1.32298839   1.580   0.415  -1.166  -3.935   0
   1.32299089   1.586   0.444  -1.134  -3.942   0
   1.32299340   1.593   0.472  -1.103  -3.949   0
   1.32299590   1.600   0.501  -1.071  -3.956   0
   1.32299840   1.606   0.529  -1.040  -3.963   0
   1.32300079   1.613   0.557  -1.009  -3.970   0
   1.32300329   1.619   0.583  -0.980  -3.976   0
   1.32300580   1.625   0.609  -0.952  -3.982   0
   1.32300830   1.631   0.634  -0.924  -3.988   0
   1.32301080   1.637   0.659  -0.896  -3.995   0
   1.32301271   1.642   0.679  -0.874  -4.000   0
   1.32301521   1.648   0.705  -0.846  -4.006   0
   1.32301724   1.653   0.725  -0.823  -4.011   0
   1.32301974   1.665   0.758  -0.790  -4.011   0
   1.32302225   1.678   0.792  -0.755  -4.010   0
   1.32302749   1.695   0.830  -0.718  -4.006   0
   1.32303345   1.710   0.870  -0.677  -4.005   0
   1.32303941   1.726   0.910  -0.637  -4.003   0
   1.32304525   1.742   0.950  -0.597  -4.001   0
   1.32305110   1.758   0.990  -0.556  -3.999   0
   1.32305694   1.774   1.031  -0.515  -3.997   0
   1.32306278   1.790   1.071  -0.474  -3.995   0
   1.32306838   1.807   1.112  -0.433  -3.993   0
   1.32307410   1.823   1.153  -0.391  -3.991   0
   1.32307982   1.840   1.195  -0.350  -3.989   2
   1.32308543   1.857   1.236  -0.308  -3.986   0
   1.32309091   1.874   1.278  -0.266  -3.984   0
   1.32309651   1.892   1.322  -0.222  -3.980   0
   1.32310128   1.911   1.364  -0.179  -3.975   0
   1.32310569   1.938   1.419  -0.124  -3.964   0
   1.32310784   1.975   1.481  -0.062  -3.941   0
   1.32310808   2.009   1.533  -0.009  -3.918   0
   1.32310808   2.043   1.585   0.043  -3.895   0
   1.32310808   2.066   1.621   0.079  -3.879   0
