   0.15000001  15.663  14.049  12.440  10.267   0
   0.20000000  14.479  13.033  11.517   9.567   0
   0.25000000  13.764  12.409  10.939   9.107   0
   0.30000001  13.185  11.896  10.470   8.723   0
   0.34999999  12.695  11.461  10.073   8.397   0
   0.40000001  12.189  10.995   9.640   8.027   0
   0.44999999  11.737  10.578   9.264   7.717   0
   0.50000000  11.253  10.123   8.857   7.379   0
   0.55000001  10.712   9.627   8.419   7.022   0
   0.60000002  10.165   9.147   8.000   6.685   0
   0.69999999   8.809   8.052   7.062   5.959   0
   0.80000001   7.348   6.973   6.154   5.265   0
   0.89999998   6.219   6.109   5.435   4.688   0
   1.00000000   5.402   5.420   4.852   4.194   0
   1.10000002   4.686   4.766   4.293   3.719   0
   1.20000005   4.127   4.218   3.818   3.320   0
   1.29999995   3.655   3.725   3.392   2.979   0
   1.39999998   3.255   3.278   3.018   2.712   0
   1.50000000   2.900   2.876   2.687   2.491   0
   1.60000002   2.591   2.546   2.423   2.314   0
   1.70000005   2.308   2.275   2.204   2.155   0
   1.79999995   2.059   2.058   2.024   2.014   0
   1.85000002   1.921   1.946   1.927   1.931   0
   1.89999998   1.826   1.872   1.866   1.882   0
   2.00000000   1.613   1.703   1.718   1.751   0
   2.11703992   1.381   1.523   1.558   1.606   0
   2.20000005   1.227   1.405   1.450   1.507   0
   2.50000000   0.726   1.017   1.092   1.171   0
   2.88070607   0.196   0.594   0.691   0.790   0
   3.00000000   0.044   0.470   0.573   0.677   0
   3.43141317  -0.454   0.057   0.178   0.299   0
   3.50000000  -0.529  -0.007   0.116   0.240   0
   3.86360693  -0.897  -0.322  -0.187  -0.053   0
   4.00000000  -1.032  -0.441  -0.302  -0.164   0
   4.21440363  -1.246  -0.632  -0.487  -0.343   0
   4.48759317  -1.524  -0.886  -0.735  -0.586   0
   4.50000000  -1.537  -0.898  -0.746  -0.597   1
   4.50209093  -1.539  -0.900  -0.748  -0.598   0
   4.73422432  -1.784  -1.131  -0.975  -0.822   0
   4.93018198  -2.003  -1.342  -1.183  -1.029   0
   5.00000000  -2.087  -1.424  -1.265  -1.111   0
   5.10521507  -2.213  -1.549  -1.390  -1.237   0
   5.24961805  -2.402  -1.741  -1.582  -1.431   1
   5.37305546  -2.580  -1.927  -1.770  -1.623   0
   5.47916794  -2.750  -2.110  -1.955  -1.814   0
   5.57007074  -2.912  -2.288  -2.137  -2.002   0
   5.61042690  -2.989  -2.374  -2.224  -2.092   0
   5.64762068  -3.062  -2.453  -2.305  -2.176   0
   5.67015123  -3.104  -2.496  -2.349  -2.220   0
   5.68727636  -3.130  -2.517  -2.368  -2.238   3
   5.69908857  -3.139  -2.512  -2.359  -2.225   0
   5.70706272  -3.131  -2.472  -2.313  -2.168   0
   5.70931959  -3.128  -2.443  -2.278  -2.125   0
   5.71060848  -3.140  -2.427  -2.255  -2.094   0
   5.71069527  -3.135  -2.423  -2.251  -2.090   0
   5.71099663  -3.098  -2.407  -2.240  -2.085   0
   5.71132135  -3.115  -2.452  -2.292  -2.146   0
   5.71173859  -3.220  -2.594  -2.441  -2.308   0
   5.71210909  -3.329  -2.732  -2.587  -2.464   0
   5.71252632  -3.432  -2.869  -2.733  -2.622   0
   5.71301270  -3.526  -3.007  -2.879  -2.782   0
   5.71356869  -3.615  -3.150  -3.033  -2.951   0
   5.71414709  -3.691  -3.293  -3.189  -3.125   0
   5.71433258  -3.711  -3.338  -3.238  -3.181   0
   5.71469498  -3.744  -3.425  -3.334  -3.289   0
   5.71505785  -3.766  -3.511  -3.431  -3.401   0
   5.71544075  -3.777  -3.602  -3.536  -3.523   0
   5.71582317  -3.767  -3.692  -3.643  -3.652   0
   5.71618557  -3.727  -3.763  -3.740  -3.781   0
   5.71638680  -3.679  -3.779  -3.783  -3.853   0
   5.71656752  -3.616  -3.772  -3.811  -3.921   0
   5.71674871  -3.534  -3.736  -3.822  -3.988   3
   5.71694994  -3.420  -3.647  -3.809  -4.060   0
   5.71713066  -3.285  -3.507  -3.771  -4.127   0
   5.71731186  -3.107  -3.321  -3.704  -4.186   0
   5.71749258  -2.835  -3.069  -3.602  -4.230   0
   5.71767378  -2.381  -2.737  -3.456  -4.235   0
   5.71785450  -1.890  -2.415  -3.287  -4.184   0
   5.71813536  -1.303  -2.033  -3.038  -4.043   0
   5.71825600  -1.112  -1.923  -2.975  -4.018   4
   5.71849632  -0.924  -1.914  -3.053  -4.173   0
   5.71864891  -0.872  -1.986  -3.182  -4.351   0
   5.71880150  -0.847  -2.053  -3.290  -4.494   0
   5.71910715  -0.810  -2.102  -3.374  -4.614   0
   5.71965218  -0.779  -2.155  -3.463  -4.736   0
   5.72028446  -0.766  -2.221  -3.561  -4.864   0
   5.72091627  -0.762  -2.289  -3.658  -4.988   0
   5.72157001  -0.750  -2.334  -3.725  -5.076   0
   5.72363710  -0.745  -2.384  -3.797  -5.171   2
   5.74008131  -0.784  -2.338  -3.717  -5.056   0
   5.75083160  -0.802  -2.280  -3.628  -4.939   0
   5.75985479  -0.821  -2.224  -3.542  -4.824   0
   5.76885748  -0.855  -2.176  -3.460  -4.710   0
   5.77853584  -0.904  -2.142  -3.392  -4.608   0
   5.79190779  -0.988  -2.133  -3.342  -4.520   0
   5.80553102  -1.100  -2.166  -3.339  -4.484   4
   5.81960058  -2.050  -2.753  -3.737  -4.716   0
   5.82409811  -3.110  -3.418  -4.041  -4.741   0
   5.82752562  -3.474  -3.715  -4.159  -4.702   0
   5.83021307  -3.650  -3.886  -4.223  -4.658   0
   5.83188534  -3.739  -3.978  -4.252  -4.625   0
   5.83358526  -3.817  -4.062  -4.278  -4.591   0
   5.83534050  -3.888  -4.128  -4.293  -4.554   0
   5.83786249  -3.978  -4.202  -4.308  -4.504   0
   5.84043980  -4.056  -4.248  -4.311  -4.457   3
   5.84290695  -4.114  -4.266  -4.301  -4.413   0
   5.84548426  -4.162  -4.278  -4.289  -4.374   0
   5.84959602  -4.205  -4.272  -4.266  -4.330   0
   5.85814810  -4.253  -4.273  -4.250  -4.296   0
   5.88726664  -4.254  -4.362  -4.369  -4.449   0
   5.90338564  -4.213  -4.387  -4.432  -4.559   0
   5.91170168  -4.149  -4.366  -4.459  -4.643   0
   5.91713524  -4.073  -4.314  -4.466  -4.715   0
   5.92273760  -3.989  -4.237  -4.460  -4.784   0
   5.92597055  -3.882  -4.126  -4.438  -4.849   0
   5.92950296  -3.802  -4.047  -4.417  -4.888   0
   5.93148088  -3.693  -3.944  -4.385  -4.926   0
   5.93354750  -3.533  -3.804  -4.336  -4.960   0
   5.93548536  -3.357  -3.673  -4.289  -4.984   0
   5.93768072  -3.077  -3.483  -4.218  -5.006   0
   5.93968534  -2.198  -2.953  -3.962  -4.959   0
   5.94096231  -1.771  -2.698  -3.805  -4.880   0
   5.94351149  -1.149  -2.371  -3.615  -4.817   4
   5.94418573  -1.045  -2.354  -3.633  -4.873   0
   5.94441462  -0.996  -2.380  -3.690  -4.959   0
   5.94543648  -0.932  -2.426  -3.781  -5.094   0
   5.94573593  -0.913  -2.437  -3.804  -5.129   0
   5.94622850  -0.890  -2.499  -3.900  -5.256   0
   5.94686174  -0.859  -2.559  -3.997  -5.392   0
   5.94768810  -0.837  -2.627  -4.101  -5.531   0
   5.94856644  -0.816  -2.687  -4.194  -5.657   0
   5.94928646  -0.788  -2.728  -4.262  -5.753   0
   5.94984770  -0.760  -2.758  -4.314  -5.827   0
   5.95042658  -0.746  -2.793  -4.371  -5.911   0
   5.95090008  -0.777  -2.805  -4.394  -5.976   0
   5.95128584  -0.807  -2.812  -4.410  -6.035   0
   5.95179367  -0.856  -2.823  -4.433  -6.116   0
   5.95200396  -0.884  -2.832  -4.446  -6.156   0
   5.95221376  -0.913  -2.841  -4.459  -6.196   2
   5.95259905  -0.926  -2.881  -4.497  -6.206   0
   5.95266914  -0.929  -2.893  -4.508  -6.208   0
   5.95275688  -0.931  -2.906  -4.521  -6.209   0
   5.95277405  -0.932  -2.909  -4.523  -6.209   0
