   0.15000001  15.649  14.037  12.430  10.260   0
   0.20000000  14.462  13.018  11.502   9.555   0
   0.25000000  13.744  12.391  10.922   9.092   0
   0.30000001  13.163  11.876  10.451   8.706   0
   0.34999999  12.676  11.443  10.056   8.381   0
   0.40000001  12.166  10.973   9.620   8.009   0
   0.44999999  11.711  10.551   9.239   7.694   0
   0.50000000  11.220  10.090   8.825   7.350   0
   0.55000001  10.665   9.582   8.378   6.986   0
   0.60000002  10.103   9.092   7.951   6.645   0
   0.69999999   8.664   7.940   6.965   5.882   0
   0.72504169   8.246   7.629   6.702   5.683   0
   0.80000001   7.116   6.795   6.001   5.141   0
   0.83839619   6.644   6.432   5.698   4.895   0
   0.89999998   5.964   5.891   5.246   4.522   0
   0.93940812   5.584   5.571   4.973   4.288   0
   0.98857421   5.164   5.194   4.648   4.008   0
   1.00000000   5.071   5.109   4.574   3.943   0
   1.01538336   4.941   4.991   4.471   3.854   0
   1.04487312   4.697   4.766   4.275   3.684   0
   1.06845212   4.522   4.595   4.123   3.551   0
   1.08795857   4.384   4.457   4.001   3.443   0
   1.10000002   4.300   4.374   3.927   3.379   0
   1.10135460   4.291   4.365   3.918   3.371   0
   1.12016439   4.161   4.235   3.803   3.270   0
   1.12929773   4.099   4.173   3.747   3.221   0
   1.13960302   4.033   4.107   3.688   3.168   0
   1.16515803   3.875   3.949   3.544   3.039   0
   1.20000005   3.687   3.754   3.360   2.868   0
   1.21784592   3.597   3.661   3.272   2.786   0
   1.24839044   3.456   3.513   3.127   2.644   1
   1.27848530   3.330   3.382   2.991   2.503   0
   1.29999995   3.248   3.296   2.898   2.401   0
   1.32288408   3.168   3.209   2.801   2.292   0
   1.34696460   3.094   3.126   2.701   2.174   0
   1.35837901   3.059   3.087   2.653   2.116   0
   1.36933064   3.014   3.040   2.599   2.056   0
   1.37374163   2.990   3.014   2.572   2.028   2
   1.37992811   2.922   2.944   2.510   1.974   0
   1.38289070   2.845   2.868   2.449   1.929   0
   1.38491404   2.709   2.732   2.345   1.861   0
   1.38551688   2.602   2.615   2.255   1.804   0
   1.38583267   2.509   2.513   2.176   1.755   1
   1.38605452   2.591   2.603   2.243   1.792   0
   1.39090800   2.637   2.642   2.192   1.637   0
   1.39600933   2.738   2.720   2.213   1.604   0
   1.39863467   2.872   2.830   2.275   1.621   0
   1.39999998   2.992   2.924   2.335   1.653   0
   1.40141153   3.136   3.034   2.409   1.696   0
   1.40314496   3.348   3.202   2.529   1.777   0
   1.40533888   3.635   3.412   2.680   1.878   0
   1.40779388   3.823   3.532   2.752   1.908   4
   1.41219270   3.871   3.495   2.664   1.775   0
   1.41588461   3.768   3.354   2.503   1.595   0
   1.41949320   3.635   3.195   2.328   1.408   0
   1.42292976   3.492   3.026   2.144   1.211   0
   1.42606974   3.346   2.853   1.955   1.009   0
   1.42869699   3.217   2.695   1.781   0.821   0
   1.43084550   3.107   2.555   1.625   0.651   0
   1.43278491   2.997   2.415   1.471   0.484   0
   1.43438768   2.905   2.294   1.335   0.336   0
   1.43579876   2.817   2.180   1.208   0.198   0
   1.43709791   2.748   2.089   1.106   0.086   0
   1.43817711   2.680   2.002   1.009  -0.019   0
   1.43916929   2.615   1.918   0.915  -0.121   0
   1.44007885   2.541   1.830   0.819  -0.223   0
   1.44087875   2.487   1.756   0.734  -0.317   0
   1.44185698   2.438   1.689   0.658  -0.400   2
   1.44275129   2.503   1.782   0.766  -0.280   0
   1.44281375   2.505   1.785   0.770  -0.275   0
   1.44363642   2.411   1.660   0.628  -0.430   0
   1.44448149   2.344   1.550   0.498  -0.580   0
   1.44529819   2.281   1.438   0.363  -0.736   0
   1.44606006   2.211   1.321   0.224  -0.895   0
   1.44672668   2.141   1.205   0.087  -1.051   0
   1.44730616   2.087   1.102  -0.039  -1.198   0
   1.44787586   2.031   0.990  -0.176  -1.357   0
   1.44836688   1.982   0.885  -0.307  -1.511   0
   1.44878793   1.938   0.786  -0.429  -1.656   0
   1.44915295   1.902   0.693  -0.547  -1.798   0
   1.44950926   1.869   0.592  -0.675  -1.953   0
   1.44981647   1.846   0.503  -0.793  -2.098   0
   1.45008147   1.812   0.410  -0.911  -2.239   0
   1.45033419   1.801   0.324  -1.027  -2.385   0
   1.45055342   1.800   0.249  -1.133  -2.524   0
   1.45076036   1.799   0.168  -1.246  -2.672   0
   1.45093727   1.775   0.079  -1.363  -2.814   0
   1.45109129   1.766   0.001  -1.468  -2.947   0
   1.45123827   1.784  -0.065  -1.567  -3.080   0
   1.45137644   1.768  -0.081  -1.611  -3.201   0
   1.45148444   1.741  -0.089  -1.643  -3.309   0
   1.45159614   1.702  -0.099  -1.674  -3.419   0
   1.45169187   1.644  -0.129  -1.719  -3.527   0
   1.45178223   1.571  -0.168  -1.771  -3.640   0
   1.45186734   1.496  -0.189  -1.799  -3.754   0
   1.45193994   1.449  -0.168  -1.780  -3.842   0
   1.45199668   1.408  -0.157  -1.770  -3.909   2
   1.45199668   2.246   1.650   0.700  -0.283   1
   1.45261610   2.219   1.603   0.643  -0.350   0
   1.45331097   2.206   1.583   0.619  -0.377   0
   1.45349216   2.206   1.583   0.619  -0.376   0
   1.45460689   2.201   1.583   0.622  -0.371   0
   1.45575070   2.192   1.579   0.620  -0.371   0
   1.45692468   2.183   1.574   0.617  -0.372   0
   1.45814002   2.172   1.567   0.612  -0.375   0
   1.45936680   2.162   1.560   0.607  -0.379   0
   1.46070921   2.149   1.550   0.599  -0.384   0
   1.46202183   2.138   1.542   0.592  -0.390   0
   1.46332276   2.125   1.531   0.582  -0.399   0
   1.46461773   2.108   1.517   0.569  -0.409   0
   1.46510541   2.101   1.511   0.564  -0.414   0
   1.46569574   2.098   1.506   0.559  -0.420   0
   1.46663737   2.089   1.496   0.547  -0.432   0
   1.46760333   2.081   1.484   0.534  -0.447   0
   1.46863461   2.075   1.470   0.516  -0.469   0
   1.46999443   2.067   1.447   0.485  -0.506   0
   1.47081244   2.055   1.428   0.463  -0.532   0
   1.47131383   2.047   1.416   0.449  -0.547   0
   1.47271228   1.999   1.332   0.347  -0.665   0
   1.47317302   1.970   1.273   0.271  -0.754   0
   1.47334719   1.949   1.224   0.209  -0.828   0
   1.47346842   1.912   1.136   0.094  -0.965   0
   1.47350347   1.883   1.066   0.004  -1.073   0
   1.47353053   1.837   0.954  -0.139  -1.245   0
   1.47354579   1.801   0.854  -0.269  -1.403   0
   1.47356391   1.769   0.739  -0.422  -1.589   0
   1.47358513   1.741   0.641  -0.552  -1.746   0
   1.47359967   1.736   0.618  -0.582  -1.785   0
   1.47367108   1.758   0.706  -0.464  -1.640   0
   1.47382462   1.776   0.764  -0.388  -1.548   1
   1.47410965   1.746   0.661  -0.525  -1.713   0
   1.47425556   1.722   0.570  -0.645  -1.862   0
   1.47436869   1.700   0.483  -0.759  -2.004   0
   1.47447836   1.682   0.391  -0.882  -2.157   0
   1.47457671   1.671   0.300  -1.007  -2.315   0
   1.47465682   1.667   0.219  -1.120  -2.458   0
   1.47474718   1.674   0.135  -1.241  -2.618   0
   1.47480094   1.683   0.077  -1.327  -2.734   0
   1.47484624   1.692   0.002  -1.436  -2.878   0
   1.47488081   1.700  -0.069  -1.538  -3.013   0
   1.47490644   1.732  -0.112  -1.612  -3.118   0
   1.47493005   1.728  -0.140  -1.666  -3.229   0
   1.47495246   1.707  -0.142  -1.691  -3.328   0
   1.47497737   1.650  -0.180  -1.748  -3.451   0
   1.47500467   1.606  -0.176  -1.766  -3.568   0
   1.47503543   1.576  -0.192  -1.788  -3.616   2
   1.47504258   1.610  -0.175  -1.765  -3.559   0
   1.47504485   1.590  -0.184  -1.778  -3.594   0
   1.47504628   1.537  -0.210  -1.813  -3.673   0
   1.47504878   1.469  -0.205  -1.816  -3.792   0
   1.47505307   1.405  -0.185  -1.798  -3.901   0
   1.47505438   1.403  -0.176  -1.789  -3.909   0
   1.47505927   1.387  -0.170  -1.783  -3.934   0
   1.47506428   1.371  -0.165  -1.778  -3.961   0
   1.47506917   1.354  -0.159  -1.772  -3.987   0
   1.47507417   1.337  -0.153  -1.766  -4.013   0
   1.47507823   1.323  -0.149  -1.761  -4.033   0
   1.47508311   1.305  -0.144  -1.755  -4.059   0
   1.47508812   1.287  -0.138  -1.749  -4.085   0
   1.47509289   1.269  -0.134  -1.743  -4.110   0
   1.47509754   1.251  -0.129  -1.738  -4.134   0
   1.47510219   1.236  -0.121  -1.728  -4.157   0
   1.47510588   1.242  -0.095  -1.699  -4.163   0
   1.47511065   1.249  -0.062  -1.663  -4.172   0
   1.47511530   1.257  -0.030  -1.628  -4.180   0
   1.47511995   1.264   0.002  -1.592  -4.188   0
   1.47512460   1.272   0.035  -1.556  -4.196   0
   1.47512937   1.280   0.067  -1.520  -4.204   0
   1.47513402   1.287   0.100  -1.484  -4.213   0
   1.47514319   1.302   0.161  -1.416  -4.228   0
   1.47515535   1.316   0.218  -1.354  -4.240   0
   1.47516739   1.324   0.252  -1.317  -4.248   0
   1.47517943   1.333   0.285  -1.280  -4.256   0
   1.47519135   1.341   0.319  -1.242  -4.263   0
   1.47520316   1.350   0.353  -1.205  -4.271   0
   1.47521484   1.358   0.387  -1.167  -4.278   0
   1.47522652   1.367   0.421  -1.130  -4.286   0
   1.47523820   1.378   0.459  -1.089  -4.292   0
   1.47524965   1.396   0.505  -1.043  -4.290   0
   1.47526109   1.414   0.551  -0.996  -4.288   0
   1.47527254   1.433   0.599  -0.948  -4.286   0
   1.47528374   1.452   0.646  -0.900  -4.283   1
   1.47529495   1.471   0.694  -0.853  -4.281   0
   1.47530603   1.490   0.742  -0.804  -4.279   0
   1.47531712   1.510   0.791  -0.755  -4.276   0
   1.47532797   1.529   0.839  -0.706  -4.273   0
   1.47533882   1.550   0.889  -0.656  -4.270   0
   1.47534823   1.570   0.936  -0.608  -4.266   0
   1.47535682   1.596   0.991  -0.553  -4.256   0
   1.47536194   1.633   1.057  -0.487  -4.235   2
   1.47536278   1.661   1.101  -0.443  -4.217   0
   1.47536278   1.665   1.106  -0.437  -4.214   0
   1.47536278   1.669   1.113  -0.430  -4.211   0
   1.47536278   1.761   1.252  -0.290  -4.148   0
