   0.15000001  15.619  14.012  12.408  10.245   0
   0.20000000  14.424  12.984  11.471   9.528   0
   0.25000000  13.699  12.350  10.883   9.058   0
   0.30000001  13.115  11.831  10.409   8.669   0
   0.34999999  12.634  11.402  10.017   8.346   0
   0.40000001  12.119  10.929   9.578   7.974   0
   0.44999999  11.661  10.503   9.194   7.654   0
   0.50000000  11.156  10.028   8.769   7.302   0
   0.55000001  10.570   9.497   8.303   6.925   0
   0.60000002   9.969   8.974   7.849   6.563   0
   0.64304179   9.271   8.414   7.371   6.197   0
   0.69999999   8.370   7.717   6.773   5.733   0
   0.73050123   7.811   7.303   6.422   5.465   0
   0.77672923   7.030   6.721   5.932   5.078   0
   0.80000001   6.666   6.442   5.700   4.890   0
   0.81560194   6.441   6.264   5.549   4.764   0
   0.83506191   6.169   6.046   5.363   4.607   0
   0.85142964   5.956   5.866   5.210   4.476   0
   0.86421233   5.794   5.728   5.090   4.372   0
   0.87418854   5.670   5.621   4.998   4.291   0
   0.88416874   5.548   5.515   4.905   4.210   0
   0.89469391   5.421   5.404   4.808   4.124   0
   0.89999998   5.358   5.349   4.759   4.080   0
   0.91052490   5.234   5.234   4.656   3.987   0
   0.92202240   5.100   5.107   4.540   3.881   0
   0.93235445   4.982   4.994   4.437   3.786   0
   0.93475252   4.956   4.969   4.413   3.764   0
   0.94771373   4.838   4.853   4.303   3.658   1
   0.95794505   4.766   4.778   4.227   3.581   0
   0.96849865   4.692   4.700   4.146   3.497   0
   0.97037816   4.674   4.682   4.127   3.478   0
   0.97497386   4.589   4.600   4.053   3.410   0
   0.97702187   4.497   4.514   3.977   3.344   0
   0.97820491   4.415   4.435   3.906   3.279   0
   0.97935772   4.389   4.407   3.876   3.247   0
   0.98186940   4.365   4.381   3.848   3.218   0
   0.99219775   4.273   4.278   3.735   3.096   0
   1.00000000   4.215   4.207   3.648   2.993   0
   1.00889146   4.152   4.127   3.549   2.876   0
   1.01651907   4.244   4.146   3.505   2.780   3
   1.02006352   4.431   4.253   3.549   2.769   0
   1.02307212   4.686   4.399   3.618   2.774   0
   1.02342808   4.723   4.419   3.628   2.774   0
   1.02630055   4.840   4.433   3.586   2.678   0
   1.02853262   4.777   4.323   3.448   2.516   0
   1.03015041   4.671   4.193   3.305   2.360   0
   1.03157294   4.555   4.059   3.160   2.207   0
   1.03284740   4.429   3.916   3.008   2.047   0
   1.03399909   4.309   3.777   2.860   1.890   0
   1.03500128   4.185   3.636   2.710   1.732   0
   1.03585362   4.072   3.505   2.570   1.583   0
   1.03661013   3.955   3.370   2.425   1.431   0
   1.03732395   3.831   3.226   2.271   1.266   0
   1.03795409   3.714   3.087   2.120   1.106   0
   1.03847027   3.611   2.961   1.982   0.959   0
   1.03895020   3.507   2.831   1.839   0.805   0
   1.03934610   3.407   2.708   1.703   0.659   0
   1.03972459   3.296   2.574   1.557   0.504   0
   1.04007840   3.202   2.448   1.416   0.348   0
   1.04039693   3.118   2.334   1.287   0.205   0
   1.04074514   3.064   2.260   1.204   0.114   0
   1.04107034   3.131   2.371   1.336   0.267   0
   1.04108906   3.134   2.377   1.343   0.275   1
   1.04134607   3.050   2.257   1.205   0.121   0
   1.04159129   2.982   2.149   1.079  -0.023   0
   1.04184437   2.906   2.029   0.939  -0.182   0
   1.04206061   2.829   1.911   0.802  -0.336   0
   1.04224670   2.761   1.802   0.674  -0.481   0
   1.04240870   2.700   1.699   0.550  -0.622   0
   1.04257357   2.630   1.581   0.410  -0.780   0
   1.04271185   2.572   1.475   0.283  -0.928   0
   1.04283369   2.527   1.376   0.161  -1.074   0
   1.04293907   2.485   1.280   0.043  -1.214   0
   1.04304218   2.448   1.179  -0.086  -1.369   0
   1.04313135   2.413   1.082  -0.209  -1.517   0
   1.04320836   2.378   0.987  -0.329  -1.661   0
   1.04327440   2.351   0.901  -0.440  -1.797   0
   1.04334629   2.339   0.811  -0.563  -1.954   0
   1.04339564   2.331   0.735  -0.666  -2.086   0
   1.04344857   2.332   0.660  -0.772  -2.224   0
   1.04348993   2.305   0.571  -0.886  -2.362   0
   1.04352939   2.277   0.481  -1.001  -2.501   0
   1.04356706   2.266   0.431  -1.082  -2.638   0
   1.04359555   2.238   0.413  -1.123  -2.748   0
   1.04362893   2.206   0.406  -1.156  -2.871   0
   1.04365337   2.167   0.397  -1.185  -2.977   0
   1.04367673   2.099   0.364  -1.234  -3.094   0
   1.04369664   2.032   0.339  -1.268  -3.200   0
   1.04371727   1.965   0.334  -1.275  -3.309   3
   1.04373527   1.925   0.378  -1.233  -3.394   0
   1.04375088   1.893   0.449  -1.161  -3.470   0
   1.04376793   1.827   0.474  -1.133  -3.567   0
   1.04378211   1.849   0.588  -1.006  -3.604   0
   1.04379582   1.890   0.726  -0.855  -3.625   0
   1.04379582   2.503   1.866   0.895  -0.104   0
   1.04389322   2.483   1.821   0.838  -0.171   0
   1.04402828   2.480   1.802   0.811  -0.207   0
   1.04410875   2.483   1.798   0.803  -0.217   2
   1.04418647   2.471   1.794   0.803  -0.214   0
   1.04437435   2.455   1.790   0.806  -0.205   0
   1.04456925   2.447   1.790   0.810  -0.197   0
   1.04476905   2.443   1.792   0.814  -0.190   0
   1.04497337   2.437   1.791   0.816  -0.186   0
   1.04519248   2.430   1.789   0.817  -0.183   0
   1.04540455   2.425   1.788   0.818  -0.179   0
   1.04561222   2.419   1.784   0.816  -0.181   0
   1.04582095   2.412   1.780   0.813  -0.182   0
   1.04603398   2.407   1.775   0.808  -0.187   0
   1.04622900   2.400   1.768   0.801  -0.194   0
   1.04642820   2.394   1.759   0.790  -0.206   0
   1.04668522   2.384   1.742   0.770  -0.229   0
   1.04689538   2.372   1.722   0.746  -0.256   0
   1.04713261   2.353   1.690   0.707  -0.301   0
   1.04725635   2.346   1.671   0.681  -0.332   0
   1.04740000   2.338   1.653   0.658  -0.360   0
   1.04752672   2.332   1.637   0.637  -0.385   0
   1.04765058   2.325   1.622   0.617  -0.408   0
   1.04774511   2.299   1.550   0.522  -0.523   0
   1.04778361   2.276   1.491   0.443  -0.618   0
   1.04781139   2.252   1.397   0.317  -0.775   0
   1.04781950   2.235   1.321   0.214  -0.905   0
   1.04782474   2.219   1.215   0.066  -1.090   0
   1.04782736   2.202   1.128  -0.053  -1.236   0
   1.04782999   2.187   1.041  -0.172  -1.387   0
   1.04783309   2.170   0.953  -0.290  -1.535   0
   1.04783714   2.164   0.911  -0.346  -1.606   0
   1.04784632   2.188   0.998  -0.233  -1.467   0
   1.04786789   2.180   1.029  -0.185  -1.401   1
   1.04793441   2.165   0.934  -0.314  -1.564   0
   1.04796314   2.162   0.856  -0.423  -1.705   0
   1.04799044   2.158   0.758  -0.561  -1.881   0
   1.04801166   2.167   0.679  -0.677  -2.033   0
   1.04803419   2.187   0.589  -0.812  -2.216   0
   1.04805243   2.153   0.478  -0.954  -2.390   0
   1.04806507   2.217   0.422  -1.058  -2.546   0
   1.04807317   2.261   0.399  -1.119  -2.666   0
   1.04808056   2.225   0.380  -1.167  -2.801   0
   1.04808640   2.201   0.395  -1.178  -2.914   0
   1.04809153   2.144   0.370  -1.220  -3.027   0
   1.04809713   2.060   0.317  -1.286  -3.149   0
   1.04810238   1.996   0.311  -1.299  -3.255   3
   1.04810774   1.957   0.358  -1.254  -3.342   0
   1.04811323   1.933   0.442  -1.169  -3.414   0
   1.04811919   1.898   0.520  -1.088  -3.487   0
   1.04812002   1.882   0.538  -1.068  -3.518   0
   1.04812074   1.887   0.560  -1.043  -3.524   0
   1.04812157   1.894   0.588  -1.013  -3.531   0
   1.04812241   1.900   0.615  -0.982  -3.538   0
   1.04812336   1.907   0.643  -0.951  -3.545   0
   1.04812419   1.913   0.671  -0.921  -3.552   0
   1.04812503   1.920   0.699  -0.890  -3.559   0
   1.04812598   1.926   0.727  -0.859  -3.566   0
   1.04812682   1.933   0.755  -0.828  -3.572   0
   1.04812753   1.938   0.777  -0.804  -3.578   0
   1.04812837   1.945   0.805  -0.773  -3.585   0
   1.04812932   1.951   0.833  -0.742  -3.592   0
   1.04813015   1.958   0.861  -0.711  -3.599   0
   1.04813099   1.965   0.889  -0.680  -3.606   0
   1.04813194   1.971   0.917  -0.649  -3.612   0
   1.04813278   1.978   0.945  -0.618  -3.619   0
   1.04813361   1.985   0.973  -0.587  -3.626   0
   1.04813457   1.992   1.001  -0.555  -3.633   0
   1.04813540   1.999   1.030  -0.524  -3.640   0
   1.04813623   2.005   1.058  -0.493  -3.646   0
   1.04813695   2.011   1.081  -0.468  -3.652   0
   1.04813790   2.024   1.117  -0.431  -3.653   0
   1.04813874   2.039   1.155  -0.393  -3.652   0
   1.04813957   2.053   1.193  -0.354  -3.650   0
   1.04814053   2.068   1.232  -0.315  -3.649   0
   1.04814136   2.083   1.270  -0.276  -3.648   0
   1.04814219   2.098   1.309  -0.237  -3.647   0
   1.04814315   2.113   1.348  -0.198  -3.646   0
   1.04814398   2.128   1.386  -0.159  -3.644   0
   1.04814482   2.143   1.425  -0.120  -3.643   0
   1.04814577   2.159   1.464  -0.081  -3.642   0
   1.04814661   2.174   1.503  -0.042  -3.640   0
   1.04814744   2.189   1.542  -0.002  -3.638   1
   1.04814839   2.205   1.582   0.037  -3.637   0
   1.04814959   2.221   1.620   0.076  -3.633   0
   1.04815137   2.239   1.662   0.119  -3.630   0
   1.04815304   2.258   1.707   0.164  -3.626   0
   1.04815447   2.278   1.752   0.209  -3.619   0
   1.04815590   2.324   1.833   0.291  -3.595   0
   1.04815602   2.361   1.891   0.349  -3.570   0
