   0.15000001  15.664  14.049  12.441  10.267   0
   0.20000000  14.480  13.033  11.517   9.567   0
   0.25000000  13.765  12.410  10.940   9.107   0
   0.30000001  13.186  11.897  10.471   8.724   0
   0.34999999  12.696  11.461  10.074   8.398   0
   0.40000001  12.190  10.996   9.641   8.028   0
   0.44999999  11.738  10.579   9.265   7.718   0
   0.50000000  11.254  10.124   8.858   7.380   0
   0.55000001  10.714   9.628   8.420   7.023   0
   0.60000002  10.167   9.149   8.002   6.686   0
   0.69999999   8.814   8.055   7.065   5.961   0
   0.80000001   7.356   6.979   6.159   5.270   0
   0.89999998   6.228   6.116   5.442   4.693   0
   1.00000000   5.416   5.432   4.863   4.203   0
   1.10000002   4.701   4.781   4.307   3.732   0
   1.20000005   4.143   4.235   3.835   3.336   0
   1.29999995   3.672   3.742   3.409   2.995   0
   1.39999998   3.273   3.298   3.037   2.731   0
   1.50000000   2.921   2.898   2.708   2.512   0
   1.60000002   2.617   2.573   2.451   2.343   0
   1.70000005   2.335   2.305   2.234   2.187   0
   1.79999995   2.094   2.098   2.064   2.056   0
   1.85000002   1.913   1.943   1.928   1.935   0
   1.89999998   1.855   1.909   1.907   1.928   0
   2.00000000   1.645   1.750   1.768   1.806   0
   2.20000005   1.275   1.476   1.527   1.590   0
   2.50000000   0.810   1.133   1.213   1.300   0
   3.00000000   0.195   0.663   0.772   0.887   0
   3.50000000  -0.286   0.282   0.413   0.549   0
   4.00000000  -0.678  -0.038   0.109   0.263   0
   4.50000000  -1.012  -0.316  -0.154   0.015   0
   5.00000000  -1.309  -0.566  -0.391  -0.209   0
   6.00000000  -1.834  -1.017  -0.823  -0.619   0
   7.00000000  -2.281  -1.404  -1.194  -0.973   0
   8.13740158  -2.726  -1.798  -1.574  -1.338   0
   9.00000000  -3.029  -2.067  -1.834  -1.588   0
  12.00000000  -3.891  -2.841  -2.584  -2.309   0
  15.00000000  -4.578  -3.471  -3.196  -2.903   0
  15.52495861  -4.679  -3.565  -3.288  -2.993   0
  20.00000000  -5.451  -4.292  -4.006  -3.708   0
  20.98380661  -5.575  -4.412  -4.126  -3.828   0
  26.77812004  -6.279  -5.105  -4.816  -4.518   1
  30.00000000  -6.665  -5.495  -5.207  -4.909   0
  30.91740799  -6.757  -5.588  -5.301  -5.003   0
  36.26325989  -7.380  -6.236  -5.959  -5.668   0
  40.00000000  -7.900  -6.811  -6.554  -6.286   0
  40.56105804  -7.970  -6.886  -6.633  -6.371   0
  42.86867523  -8.365  -7.330  -7.104  -6.879   0
  44.60576248  -8.726  -7.823  -7.627  -7.441   0
  44.73751831  -8.770  -7.861  -7.670  -7.491   2
  45.95822906  -8.618  -7.630  -7.413  -7.199   0
  46.26691055  -8.591  -7.561  -7.336  -7.112   0
  46.38423157  -8.510  -7.431  -7.193  -6.952   1
  46.40420532  -8.579  -7.523  -7.293  -7.063   0
  46.41004562  -8.629  -7.601  -7.377  -7.154   0
  46.41449738  -8.686  -7.686  -7.467  -7.251   0
  46.41880035  -8.754  -7.790  -7.577  -7.368   0
  46.42325592  -8.836  -7.916  -7.711  -7.512   0
  46.42617798  -8.909  -8.007  -7.810  -7.623   0
  46.42909622  -9.026  -8.107  -7.926  -7.761   0
  46.43201447  -9.094  -8.213  -8.039  -7.884   0
  46.43493652  -9.157  -8.326  -8.158  -8.013   0
  46.43785477  -9.224  -8.444  -8.284  -8.152   0
  46.44077301  -9.299  -8.573  -8.423  -8.305   0
  46.44369507  -9.406  -8.700  -8.573  -8.482   0
  46.44661331  -9.498  -8.871  -8.757  -8.686   0
  46.44953156  -9.573  -9.083  -8.977  -8.920   0
  46.45245361  -9.676  -9.309  -9.231  -9.212   0
  46.45383453  -9.722  -9.419  -9.361  -9.370   0
  46.45537186  -9.728  -9.547  -9.503  -9.531   0
  46.45675278  -9.729  -9.599  -9.569  -9.614   0
  46.45829391  -9.740  -9.626  -9.622  -9.698   0
  46.45967484  -9.732  -9.634  -9.666  -9.778   0
  46.46121216  -9.708  -9.657  -9.716  -9.857   0
  46.46259308  -9.659  -9.726  -9.784  -9.928   1
  46.46413040  -9.591  -9.725  -9.818 -10.001   0
  46.46551514  -9.519  -9.705  -9.834 -10.061   0
  46.46704865  -9.445  -9.688  -9.839 -10.105   0
  46.46843338  -9.357  -9.639  -9.835 -10.152   0
  46.46997070  -9.267  -9.585  -9.828 -10.196   0
  46.47135162  -9.174  -9.514  -9.817 -10.237   0
  46.47288895  -9.083  -9.443  -9.804 -10.274   0
  46.47426987  -8.982  -9.366  -9.788 -10.308   0
  46.47719193  -8.801  -9.236  -9.759 -10.357   0
  46.48164749  -8.590  -9.085  -9.705 -10.379   0
  46.48472214  -8.426  -8.968  -9.662 -10.393   0
  46.48917770  -8.278  -8.884  -9.646 -10.428   0
  46.49639893  -8.138  -8.809  -9.643 -10.477   0
  46.51253891  -8.064  -8.786  -9.669 -10.540   2
  46.62009811  -8.326  -8.966  -9.755 -10.555   0
  46.65248108  -8.553  -9.111  -9.807 -10.537   0
  46.66194153  -8.779  -9.265  -9.849 -10.494   0
  46.68104935  -8.924  -9.362  -9.872 -10.459   0
  46.68455505  -9.481  -9.764  -9.960 -10.279   3
  46.68630981  -9.698  -9.832  -9.952 -10.152   0
  46.68788528  -9.750  -9.847  -9.920 -10.080   0
  46.69121933  -9.853  -9.750  -9.767  -9.865   0
  46.69314957  -9.846  -9.713  -9.680  -9.720   0
  46.69823837  -9.843  -9.678  -9.637  -9.667   0
  46.73704147  -9.843  -9.625  -9.578  -9.601   0
  46.88431931  -9.838  -9.567  -9.514  -9.529   0
  46.93630219  -9.780  -9.417  -9.341  -9.326   0
  47.04446793  -9.599  -9.048  -8.935  -8.869   0
  47.11651993  -9.494  -8.782  -8.667  -8.591   0
  47.15252686  -9.389  -8.690  -8.551  -8.447   0
  47.18857956  -9.309  -8.580  -8.430  -8.311   0
  47.31800079  -9.078  -8.196  -8.022  -7.866   0
  47.38302994  -8.980  -8.066  -7.880  -7.708   0
  47.45505524  -8.871  -7.973  -7.771  -7.579   0
  47.59785461  -8.812  -7.878  -7.670  -7.468   0
  50.84966278  -7.833  -6.647  -6.351  -6.047   1
  50.87957382  -7.857  -6.672  -6.377  -6.074   0
  50.91093445  -7.785  -6.595  -6.298  -5.993   0
  50.94090271  -7.813  -6.625  -6.329  -6.024   0
  50.97232437  -7.740  -6.547  -6.248  -5.942   0
  51.00214767  -7.765  -6.574  -6.276  -5.971   0
  51.03342438  -7.706  -6.510  -6.210  -5.904   0
  51.65986633  -7.318  -6.101  -5.789  -5.473   0
  51.71814346  -7.272  -6.053  -5.741  -5.423   0
  51.83417511  -7.166  -5.943  -5.627  -5.308   0
  51.94832230  -7.056  -5.828  -5.511  -5.189   1
  52.03393555  -7.018  -5.784  -5.471  -5.156   0
  52.09015274  -6.988  -5.750  -5.439  -5.130   0
  52.14604568  -6.958  -5.718  -5.409  -5.105   0
  52.20182419  -6.930  -5.686  -5.380  -5.080   0
  52.25706863  -6.872  -5.625  -5.318  -5.017   0
  52.31197739  -6.799  -5.550  -5.241  -4.937   0
  52.36655807  -6.719  -5.468  -5.156  -4.850   0
  52.42079926  -6.640  -5.387  -5.072  -4.764   0
  52.47492218  -6.564  -5.309  -4.993  -4.683   0
  52.52828217  -6.475  -5.217  -4.900  -4.587   0
  52.58130264  -6.386  -5.126  -4.807  -4.491   0
  52.62565231  -6.323  -5.062  -4.741  -4.424   0
  52.67818451  -6.247  -4.984  -4.661  -4.342   0
  52.72994232  -6.175  -4.910  -4.586  -4.265   0
  52.78156662  -6.115  -4.849  -4.524  -4.201   0
  52.83262634  -6.056  -4.789  -4.462  -4.138   0
  52.88290787  -5.997  -4.729  -4.400  -4.075   0
  52.95781708  -5.922  -4.652  -4.322  -3.995   0
  53.05623245  -5.830  -4.559  -4.227  -3.899   0
  53.17444611  -5.726  -4.452  -4.119  -3.788   0
  53.31354141  -5.613  -4.338  -4.003  -3.670   0
  53.49981689  -5.476  -4.199  -3.862  -3.526   0
  53.66861725  -5.358  -4.079  -3.741  -3.403   0
  53.81703568  -5.252  -3.971  -3.631  -3.291   0
  54.02807236  -5.108  -3.824  -3.482  -3.140   0
  54.25002289  -4.963  -3.677  -3.333  -2.989   0
  54.43423462  -4.851  -3.564  -3.218  -2.872   0
  54.44998169  -4.729  -3.441  -3.094  -2.746   0
  54.45943069  -4.665  -3.377  -3.029  -2.680   0
  54.46506119  -4.627  -3.338  -2.990  -2.641   1
  54.47361374  -4.574  -3.284  -2.936  -2.586   0
  54.48915863  -4.496  -3.206  -2.857  -2.506   0
  54.49524689  -4.469  -3.178  -2.829  -2.478   0
  54.50764465  -4.416  -3.124  -2.774  -2.423   0
  54.51507950  -4.383  -3.091  -2.741  -2.389   0
  54.52613449  -4.336  -3.043  -2.692  -2.339   0
  54.53289413  -4.307  -3.014  -2.662  -2.309   0
  54.54621124  -4.252  -2.959  -2.607  -2.253   0
  54.55434036  -4.220  -2.926  -2.574  -2.220   0
  54.57059479  -4.165  -2.870  -2.517  -2.163   0
  54.59928131  -4.103  -2.808  -2.455  -2.100   0
  54.64791107  -4.050  -2.755  -2.402  -2.046   0
  54.69750977  -4.002  -2.707  -2.353  -1.997   0
  54.71361160  -3.977  -2.682  -2.327  -1.971   0
  54.73016357  -3.947  -2.651  -2.296  -1.939   0
  54.74832153  -3.919  -2.623  -2.267  -1.910   0
  54.76738358  -3.892  -2.596  -2.240  -1.883   0
  54.78828812  -3.865  -2.568  -2.212  -1.854   1
  54.80919266  -3.837  -2.539  -2.183  -1.825   0
  54.81192398  -3.833  -2.535  -2.179  -1.821   0
