   0.15000001  15.564  13.966  12.368  10.218   0
   0.20000000  14.354  12.922  11.414   9.480   0
   0.25000000  13.619  12.276  10.814   8.997   0
   0.30000001  13.034  11.755  10.337   8.603   0
   0.34999999  12.556  11.327   9.946   8.282   0
   0.40000001  12.065  10.880   9.534   7.939   0
   0.44999999  11.586  10.432   9.130   7.602   0
   0.50000000  11.041   9.920   8.674   7.225   0
   0.55000001  10.391   9.340   8.166   6.816   0
   0.60000002   9.705   8.749   7.654   6.409   0
   0.62195587   9.277   8.415   7.369   6.191   0
   0.65401804   8.641   7.922   6.949   5.870   0
   0.67988127   8.130   7.536   6.616   5.609   0
   0.69999999   7.726   7.230   6.353   5.402   0
   0.71541846   7.393   6.978   6.139   5.229   0
   0.73178017   7.031   6.702   5.903   5.037   0
   0.74583137   6.733   6.468   5.702   4.870   0
   0.75795645   6.478   6.262   5.524   4.718   0
   0.76854914   6.248   6.073   5.359   4.575   0
   0.77785832   6.046   5.904   5.210   4.443   0
   0.78622550   5.864   5.745   5.069   4.317   0
   0.79014683   5.783   5.673   5.003   4.257   0
   0.79380465   5.710   5.606   4.942   4.200   0
   0.79781175   5.626   5.528   4.870   4.134   0
   0.79915988   5.598   5.502   4.846   4.110   0
   0.80000001   5.581   5.486   4.831   4.096   1
   0.80006385   5.580   5.485   4.829   4.095   0
   0.80094367   5.562   5.467   4.813   4.079   0
   0.81289917   5.333   5.238   4.586   3.853   0
   0.82201308   5.192   5.071   4.399   3.649   0
   0.82761872   5.190   5.006   4.292   3.504   0
   0.83093339   5.310   5.031   4.255   3.414   0
   0.83223701   5.399   5.056   4.245   3.370   0
   0.83399016   5.476   5.042   4.182   3.259   0
   0.83524162   5.437   4.953   4.064   3.115   0
   0.83628631   5.336   4.825   3.921   2.958   0
   0.83719355   5.211   4.680   3.765   2.791   0
   0.83794731   5.082   4.538   3.617   2.636   0
   0.83860588   4.955   4.400   3.473   2.486   0
   0.83918482   4.830   4.262   3.327   2.336   0
   0.83973366   4.704   4.121   3.179   2.180   0
   0.84020948   4.581   3.985   3.036   2.032   0
   0.84064490   4.457   3.845   2.887   1.876   0
   0.84103429   4.336   3.707   2.741   1.722   0
   0.84137309   4.217   3.572   2.596   1.571   0
   0.84167707   4.102   3.437   2.450   1.416   0
   0.84195071   3.989   3.301   2.303   1.260   0
   0.84218377   3.882   3.172   2.162   1.109   0
   0.84238875   3.780   3.046   2.023   0.960   0
   0.84259039   3.680   2.918   1.882   0.806   0
   0.84276611   3.589   2.799   1.750   0.663   0
   0.84295535   3.507   2.688   1.625   0.524   0
   0.84306693   3.476   2.649   1.582   0.477   2
   0.84323388   3.516   2.718   1.665   0.574   0
   0.84336454   3.427   2.598   1.530   0.425   0
   0.84350967   3.328   2.457   1.370   0.247   0
   0.84361500   3.265   2.353   1.247   0.107   0
   0.84372276   3.185   2.231   1.106  -0.052   0
   0.84381598   3.107   2.113   0.969  -0.204   0
   0.84389597   3.035   2.000   0.836  -0.354   0
   0.84396505   2.982   1.900   0.715  -0.495   0
   0.84403533   2.908   1.779   0.574  -0.657   0
   0.84409469   2.859   1.678   0.450  -0.803   0
   0.84414440   2.815   1.575   0.323  -0.953   0
   0.84418929   2.782   1.483   0.205  -1.096   0
   0.84422809   2.750   1.393   0.091  -1.233   0
   0.84426570   2.718   1.297  -0.032  -1.381   0
   0.84429842   2.679   1.200  -0.154  -1.528   0
   0.84432638   2.681   1.127  -0.257  -1.664   0
   0.84435308   2.668   1.041  -0.374  -1.812   0
   0.84437853   2.664   0.954  -0.495  -1.968   0
   0.84439915   2.637   0.864  -0.609  -2.107   0
   0.84441614   2.607   0.782  -0.717  -2.246   0
   0.84443194   2.573   0.756  -0.767  -2.366   0
   0.84444648   2.544   0.744  -0.805  -2.486   0
   0.84445983   2.504   0.730  -0.842  -2.605   0
   0.84447199   2.453   0.712  -0.879  -2.717   0
   0.84448290   2.380   0.682  -0.922  -2.839   0
   0.84449142   2.314   0.666  -0.942  -2.943   3
   0.84450114   2.268   0.709  -0.901  -3.041   0
   0.84450841   2.233   0.767  -0.843  -3.119   0
   0.84451568   2.161   0.775  -0.834  -3.222   0
   0.84452301   2.173   0.891  -0.706  -3.266   0
   0.84452903   2.227   1.059  -0.522  -3.285   0
   0.84453511   2.253   1.184  -0.383  -3.322   0
   0.84453994   2.324   1.368  -0.185  -3.323   0
   0.84454364   2.358   1.464  -0.084  -3.325   0
   0.84454364   2.324   1.882   1.031   0.136   0
   0.84458375   2.364   1.868   0.981   0.058   0
   0.84464306   2.359   1.850   0.954   0.025   0
   0.84465343   2.358   1.847   0.951   0.021   2
   0.84471685   2.348   1.842   0.948   0.021   0
   0.84479690   2.327   1.838   0.956   0.037   0
   0.84488058   2.303   1.834   0.965   0.057   0
   0.84496713   2.281   1.829   0.973   0.074   0
   0.84505582   2.261   1.824   0.978   0.087   0
   0.84514827   2.244   1.820   0.982   0.098   0
   0.84524065   2.231   1.816   0.983   0.104   0
   0.84533173   2.223   1.813   0.983   0.106   0
   0.84538281   2.221   1.811   0.982   0.105   0
   0.84541678   2.221   1.810   0.979   0.102   0
   0.84549588   2.219   1.805   0.973   0.095   0
   0.84557563   2.225   1.800   0.962   0.078   0
   0.84565932   2.232   1.794   0.947   0.057   0
   0.84574699   2.235   1.783   0.926   0.028   0
   0.84583402   2.238   1.768   0.901  -0.006   0
   0.84598249   2.240   1.731   0.837  -0.090   0
   0.84601110   2.248   1.723   0.819  -0.116   0
   0.84605515   2.237   1.693   0.777  -0.168   0
   0.84612185   2.211   1.622   0.681  -0.284   0
   0.84614128   2.216   1.573   0.604  -0.386   0
   0.84615302   2.216   1.494   0.482  -0.543   0
   0.84615642   2.203   1.413   0.364  -0.691   0
   0.84615874   2.215   1.303   0.197  -0.910   0
   0.84615976   2.229   1.232   0.088  -1.054   0
   0.84616089   2.255   1.156  -0.036  -1.220   0
   0.84616232   2.254   1.058  -0.176  -1.401   0
   0.84616470   2.260   0.984  -0.282  -1.541   0
   0.84616965   2.248   1.057  -0.174  -1.397   0
   0.84617978   2.245   1.098  -0.114  -1.318   1
   0.84621269   2.240   1.006  -0.243  -1.484   0
   0.84622514   2.267   0.949  -0.335  -1.611   0
   0.84623700   2.288   0.880  -0.442  -1.753   0
   0.84624738   2.310   0.806  -0.554  -1.903   0
   0.84625441   2.330   0.749  -0.643  -2.027   0
   0.84626156   2.366   0.682  -0.753  -2.182   0
   0.84626651   2.421   0.631  -0.847  -2.322   0
   0.84627122   2.476   0.575  -0.947  -2.468   0
   0.84627450   2.447   0.561  -0.984  -2.577   0
   0.84627742   2.406   0.548  -1.020  -2.696   0
   0.84627980   2.368   0.553  -1.035  -2.797   0
   0.84628224   2.303   0.536  -1.067  -2.910   0
   0.84628475   2.229   0.518  -1.095  -3.022   3
   0.84628755   2.175   0.550  -1.065  -3.123   0
   0.84629023   2.154   0.637  -0.977  -3.189   0
   0.84629345   2.086   0.685  -0.925  -3.293   0
   0.84629381   2.052   0.687  -0.921  -3.338   0
   0.84629446   2.056   0.722  -0.882  -3.351   0
   0.84629506   2.066   0.763  -0.837  -3.361   0
   0.84629565   2.076   0.804  -0.792  -3.371   0
   0.84629613   2.084   0.837  -0.755  -3.379   0
   0.84629673   2.093   0.878  -0.710  -3.388   0
   0.84629732   2.104   0.919  -0.664  -3.398   0
   0.84629792   2.114   0.960  -0.620  -3.408   0
   0.84629852   2.124   1.002  -0.573  -3.417   0
   0.84629911   2.134   1.044  -0.527  -3.427   0
   0.84629971   2.145   1.085  -0.481  -3.436   0
   0.84630030   2.155   1.128  -0.434  -3.446   0
   0.84630078   2.164   1.162  -0.397  -3.453   0
   0.84630138   2.174   1.204  -0.351  -3.462   0
   0.84630197   2.186   1.247  -0.303  -3.472   0
   0.84630257   2.203   1.297  -0.251  -3.474   0
   0.84630305   2.222   1.344  -0.203  -3.472   1
   0.84630352   2.240   1.391  -0.156  -3.470   0
   0.84630388   2.253   1.423  -0.124  -3.468   0
