   0.15000001  15.661  14.047  12.439  10.266   0
   0.20000000  14.477  13.031  11.515   9.565   0
   0.25000000  13.762  12.407  10.937   9.105   0
   0.30000001  13.182  11.893  10.467   8.721   0
   0.34999999  12.693  11.458  10.071   8.395   0
   0.40000001  12.186  10.992   9.637   8.025   0
   0.44999999  11.734  10.574   9.261   7.714   0
   0.50000000  11.249  10.119   8.853   7.375   0
   0.55000001  10.706   9.621   8.413   7.017   0
   0.60000002  10.157   9.140   7.994   6.680   0
   0.69999999   8.789   8.036   7.049   5.949   0
   0.80000001   7.315   6.947   6.131   5.247   0
   0.89999998   6.181   6.076   5.407   4.663   0
   1.00000000   5.344   5.367   4.806   4.153   0
   1.08060145   4.746   4.822   4.338   3.753   0
   1.10000002   4.624   4.703   4.234   3.664   0
   1.20000005   4.061   4.148   3.752   3.258   0
   1.29999995   3.587   3.652   3.322   2.913   0
   1.39685714   3.188   3.208   2.948   2.644   0
   1.39999998   3.176   3.194   2.937   2.636   0
   1.50000000   2.813   2.785   2.598   2.404   0
   1.55112159   2.645   2.599   2.446   2.297   0
   1.60000002   2.489   2.438   2.312   2.198   0
   1.70000005   2.193   2.144   2.065   2.003   0
   1.77410161   1.990   1.960   1.905   1.867   0
   1.79999995   1.920   1.897   1.849   1.819   0
   1.85000002   1.788   1.776   1.742   1.726   0
   1.89999998   1.657   1.658   1.634   1.628   0
   1.94940650   1.534   1.549   1.535   1.537   0
   2.00000000   1.408   1.438   1.433   1.442   0
   2.09963870   1.165   1.221   1.233   1.256   0
   2.20000005   0.924   1.006   1.030   1.059   0
   2.22584558   0.864   0.952   0.979   1.010   0
   2.32622719   0.632   0.736   0.771   0.807   0
   2.41084409   0.436   0.545   0.584   0.621   0
   2.48297858   0.267   0.373   0.412   0.447   0
   2.50000000   0.227   0.329   0.369   0.402   1
   2.54924560   0.114   0.207   0.244   0.275   0
   2.60554552  -0.017   0.056   0.090   0.114   0
   2.65436888  -0.126  -0.079  -0.053  -0.039   0
   2.69679570  -0.222  -0.205  -0.188  -0.185   0
   2.71584678  -0.266  -0.265  -0.252  -0.254   0
   2.73353577  -0.312  -0.321  -0.311  -0.318   0
   2.74442840  -0.347  -0.357  -0.348  -0.355   0
   2.75261688  -0.385  -0.385  -0.371  -0.373   0
   2.75836396  -0.430  -0.402  -0.378  -0.372   3
   2.76224113  -0.503  -0.414  -0.371  -0.345   0
   2.76334262  -0.564  -0.421  -0.365  -0.327   0
   2.76390481  -0.622  -0.434  -0.368  -0.320   0
   2.76408029  -0.568  -0.397  -0.335  -0.290   0
   2.76430058  -0.498  -0.385  -0.337  -0.305   0
   2.76459408  -0.542  -0.484  -0.449  -0.433   0
   2.76503181  -0.595  -0.595  -0.577  -0.579   0
   2.76566672  -0.607  -0.666  -0.676  -0.708   0
   2.76607227  -0.601  -0.690  -0.717  -0.770   0
   2.76667237  -0.577  -0.701  -0.757  -0.843   0
   2.76737475  -0.533  -0.681  -0.779  -0.916   0
   2.76815271  -0.467  -0.621  -0.780  -0.988   3
   2.76869369  -0.406  -0.551  -0.764  -1.036   0
   2.76923776  -0.327  -0.451  -0.727  -1.078   0
   2.76977944  -0.217  -0.320  -0.668  -1.110   0
   2.77031112  -0.057  -0.152  -0.586  -1.124   0
   2.77082705   0.168   0.052  -0.476  -1.106   0
   2.77132368   0.440   0.275  -0.339  -1.042   0
   2.77180457   0.744   0.521  -0.167  -0.931   0
   2.77226830   1.060   0.768   0.016  -0.801   0
   2.77272582   1.277   0.914   0.105  -0.758   4
   2.77334309   1.331   0.882   0.019  -0.889   0
   2.77395749   1.301   0.794  -0.106  -1.044   0
   2.77469587   1.249   0.689  -0.241  -1.204   0
   2.77554584   1.179   0.569  -0.387  -1.372   0
   2.77623224   1.123   0.472  -0.504  -1.506   0
   2.77706337   1.050   0.353  -0.647  -1.668   0
   2.77783394   0.976   0.241  -0.780  -1.818   0
   2.77851439   0.918   0.146  -0.894  -1.948   0
   2.77920032   0.866   0.052  -1.010  -2.081   0
   2.77985001   0.824  -0.036  -1.119  -2.209   0
   2.78050017   0.795  -0.120  -1.228  -2.341   0
   2.78109789   0.769  -0.195  -1.325  -2.458   0
   2.78159189   0.752  -0.243  -1.387  -2.532   2
   2.78219390   0.769  -0.189  -1.317  -2.448   0
   2.78310800   0.788  -0.126  -1.233  -2.345   0
   2.78439617   0.813  -0.056  -1.143  -2.236   0
   2.78576851   0.841   0.012  -1.056  -2.133   0
   2.78707886   0.881   0.095  -0.953  -2.012   0
   2.78822112   0.934   0.182  -0.848  -1.893   0
   2.78949547   0.991   0.279  -0.730  -1.757   0
   2.79088044   1.051   0.384  -0.601  -1.609   0
   2.79278851   1.135   0.521  -0.437  -1.423   0
   2.79508114   1.199   0.642  -0.287  -1.248   0
   2.79916787   1.274   0.775  -0.120  -1.053   0
   2.80752897   1.219   0.799  -0.044  -0.936   4
   2.88701749   0.755   0.378  -0.433  -1.295   0
   2.93435407   0.521   0.149  -0.655  -1.511   1
   2.97613502   0.504   0.084  -0.751  -1.631   0
   3.00000000   0.513   0.060  -0.797  -1.694   0
   3.01293039   0.514   0.043  -0.825  -1.732   0
   3.03060436   0.702   0.103  -0.844  -1.818   0
   3.03194118   0.680   0.010  -0.975  -1.980   0
   3.03208017   0.666  -0.035  -1.036  -2.055   0
   3.03222466   0.609  -0.143  -1.171  -2.211   0
   3.03236365   0.546  -0.259  -1.316  -2.379   0
   3.03552270   0.506  -0.398  -1.500  -2.604   0
   3.03605151   0.483  -0.498  -1.635  -2.770   0
   3.03657699   0.495  -0.567  -1.742  -2.909   0
   3.03736734   0.445  -0.700  -1.912  -3.112   0
   3.03789473   0.423  -0.788  -2.027  -3.254   0
   3.03842163   0.412  -0.881  -2.154  -3.414   0
   3.03889680   0.411  -0.975  -2.287  -3.584   0
   3.03927732   0.415  -1.062  -2.411  -3.742   0
   3.03958750   0.448  -1.120  -2.506  -3.876   0
   3.03991365   0.454  -1.208  -2.633  -4.042   0
   3.04018068   0.471  -1.282  -2.744  -4.192   0
   3.04044986   0.460  -1.373  -2.866  -4.345   0
   3.04074621   0.498  -1.436  -2.970  -4.489   0
   3.04088330   0.469  -1.459  -3.018  -4.611   0
   3.04100180   0.414  -1.488  -3.065  -4.724   0
   3.04110408   0.360  -1.500  -3.093  -4.830   0
   3.04121161   0.297  -1.519  -3.125  -4.930   0
   3.04135442   0.223  -1.542  -3.159  -5.030   3
   3.04142141   0.153  -1.536  -3.156  -5.136   0
   3.04145646   0.102  -1.508  -3.128  -5.221   0
   3.04146719   0.093  -1.504  -3.123  -5.235   0
   3.04149151   0.079  -1.499  -3.118  -5.255   0
   3.04151583   0.065  -1.495  -3.114  -5.276   0
   3.04154015   0.051  -1.491  -3.109  -5.296   0
   3.04156446   0.036  -1.487  -3.104  -5.317   0
   3.04158378   0.024  -1.484  -3.101  -5.333   0
   3.04160810   0.009  -1.481  -3.096  -5.353   0
   3.04163241  -0.006  -1.477  -3.092  -5.374   0
   3.04165649  -0.022  -1.473  -3.087  -5.394   0
   3.04168034  -0.038  -1.470  -3.082  -5.415   0
   3.04170418  -0.054  -1.467  -3.078  -5.435   0
   3.04178572  -0.067  -1.459  -3.069  -5.452   0
   3.04190469  -0.087  -1.455  -3.064  -5.476   0
   3.04202247  -0.090  -1.438  -3.044  -5.488   0
   3.04213953  -0.083  -1.410  -3.013  -5.495   0
   3.04225540  -0.077  -1.383  -2.983  -5.501   0
   3.04237008  -0.070  -1.356  -2.953  -5.508   0
   3.04248381  -0.064  -1.328  -2.923  -5.515   0
   3.04259634  -0.057  -1.301  -2.893  -5.521   0
   3.04268599  -0.052  -1.279  -2.869  -5.526   0
   3.04277468  -0.047  -1.256  -2.843  -5.532   0
   3.04286289  -0.041  -1.233  -2.818  -5.537   0
   3.04295063  -0.036  -1.211  -2.793  -5.543   0
   3.04303789  -0.030  -1.188  -2.768  -5.548   0
   3.04312468  -0.024  -1.165  -2.743  -5.554   0
   3.04321122  -0.019  -1.142  -2.718  -5.559   0
   3.04329705  -0.013  -1.120  -2.693  -5.564   0
   3.04338264  -0.008  -1.097  -2.668  -5.570   0
   3.04346800  -0.002  -1.075  -2.643  -5.575   0
   3.04355288   0.003  -1.052  -2.618  -5.580   0
   3.04363728   0.009  -1.030  -2.594  -5.585   0
   3.04372168   0.014  -1.008  -2.569  -5.590   0
   3.04380584   0.020  -0.986  -2.545  -5.595   0
   3.04391074   0.027  -0.958  -2.514  -5.602   0
   3.04401541   0.034  -0.930  -2.484  -5.608   0
   3.04412031   0.041  -0.903  -2.454  -5.614   0
   3.04422498   0.048  -0.875  -2.423  -5.619   0
   3.04432964   0.062  -0.839  -2.387  -5.617   0
   3.04443431   0.076  -0.803  -2.351  -5.616   0
   3.04453683   0.091  -0.768  -2.316  -5.614   0
   3.04463267   0.105  -0.734  -2.281  -5.611   0
   3.04472685   0.125  -0.695  -2.241  -5.603   1
   3.04476523   0.138  -0.672  -2.219  -5.595   0
   3.04478741   0.151  -0.653  -2.200  -5.585   0
   3.04479933   0.165  -0.636  -2.183  -5.574   0
   3.04480600   0.176  -0.621  -2.168  -5.564   0
   3.04480934   0.187  -0.608  -2.154  -5.554   0
   3.04481101   0.198  -0.594  -2.141  -5.545   0
   3.04481268   0.210  -0.580  -2.127  -5.535   0
   3.04481459   0.222  -0.566  -2.112  -5.525   0
   3.04481626   0.234  -0.550  -2.096  -5.514   0
   3.04481792   0.248  -0.534  -2.080  -5.502   0
   3.04481959   0.262  -0.516  -2.062  -5.490   0
   3.04482150   0.277  -0.497  -2.043  -5.476   0
   3.04482317   0.294  -0.477  -2.023  -5.462   0
   3.04482484   0.312  -0.455  -2.001  -5.447   0
   3.04482651   0.331  -0.431  -1.977  -5.430   0
   3.04482985   0.352  -0.404  -1.950  -5.411   0
