   0.15000001  15.664  14.049  12.441  10.267   0
   0.20000000  14.480  13.033  11.517   9.567   0
   0.25000000  13.765  12.410  10.940   9.107   0
   0.30000001  13.186  11.897  10.470   8.724   0
   0.34999999  12.696  11.461  10.074   8.398   0
   0.40000001  12.190  10.996   9.641   8.028   0
   0.44999999  11.738  10.579   9.265   7.718   0
   0.50000000  11.254  10.124   8.858   7.380   0
   0.55000001  10.714   9.628   8.420   7.023   0
   0.60000002  10.167   9.149   8.001   6.686   0
   0.69999999   8.813   8.055   7.065   5.961   0
   0.80000001   7.356   6.978   6.159   5.270   0
   0.89999998   6.228   6.116   5.442   4.693   0
   1.00000000   5.416   5.432   4.862   4.203   0
   1.10000002   4.700   4.781   4.306   3.732   0
   1.20000005   4.143   4.235   3.834   3.336   0
   1.29999995   3.671   3.742   3.409   2.995   0
   1.39999998   3.272   3.297   3.036   2.730   0
   1.50000000   2.920   2.898   2.708   2.511   0
   1.60000002   2.616   2.573   2.450   2.343   0
   1.70000005   2.334   2.304   2.234   2.186   0
   1.79999995   2.093   2.097   2.063   2.055   0
   1.85000002   1.913   1.944   1.928   1.935   0
   1.89999998   1.854   1.908   1.906   1.927   0
   2.00000000   1.645   1.749   1.767   1.805   0
   2.20000005   1.274   1.474   1.525   1.588   0
   2.50000000   0.808   1.130   1.210   1.297   0
   3.00000000   0.192   0.658   0.767   0.882   0
   3.50000000  -0.291   0.275   0.406   0.541   0
   4.00000000  -0.686  -0.049   0.099   0.252   0
   4.50000000  -1.022  -0.329  -0.167   0.001   0
   5.00000000  -1.323  -0.583  -0.409  -0.228   0
   6.00000000  -1.857  -1.044  -0.850  -0.648   0
   6.76321507  -2.211  -1.351  -1.146  -0.930   0
   7.00000000  -2.313  -1.441  -1.232  -1.012   0
   9.00000000  -3.082  -2.121  -1.889  -1.644   0
  12.00000000  -3.979  -2.932  -2.676  -2.402   0
  12.56683922  -4.124  -3.065  -2.805  -2.527   0
  15.00000000  -4.730  -3.628  -3.355  -3.064   0
  16.52886772  -5.051  -3.930  -3.652  -3.357   0
  19.78269768  -5.702  -4.562  -4.281  -3.985   0
  20.00000000  -5.748  -4.607  -4.326  -4.031   1
  22.59345055  -6.183  -5.044  -4.765  -4.472   0
  25.34179497  -6.730  -5.598  -5.330  -5.052   0
  27.58576584  -7.215  -6.144  -5.895  -5.639   0
  28.54916573  -7.531  -6.477  -6.248  -6.017   0
  29.15672302  -7.691  -6.677  -6.455  -6.236   0
  29.23377228  -7.687  -6.662  -6.439  -6.216   0
  29.35591888  -7.670  -6.605  -6.374  -6.141   0
  29.37175369  -7.623  -6.548  -6.307  -6.062   0
  29.37545395  -7.599  -6.524  -6.280  -6.030   1
  29.37854004  -7.606  -6.531  -6.289  -6.042   0
  29.37978745  -7.613  -6.538  -6.297  -6.051   0
  29.38299751  -7.699  -6.622  -6.388  -6.152   0
  29.38575172  -7.756  -6.702  -6.472  -6.242   0
  29.38829613  -7.812  -6.786  -6.562  -6.339   0
  29.39071846  -7.870  -6.875  -6.656  -6.441   0
  29.39288712  -7.927  -6.966  -6.753  -6.545   0
  29.39472580  -7.982  -7.054  -6.846  -6.646   0
  29.39664268  -8.059  -7.159  -6.961  -6.772   0
  29.39856529  -8.202  -7.284  -7.107  -6.945   0
  29.40015221  -8.263  -7.394  -7.222  -7.069   0
  29.40177917  -8.331  -7.517  -7.352  -7.211   0
  29.40336609  -8.406  -7.648  -7.492  -7.365   0
  29.40466118  -8.475  -7.766  -7.620  -7.507   0
  29.40599632  -8.584  -7.875  -7.754  -7.673   0
  29.40737534  -8.650  -8.027  -7.913  -7.842   0
  29.40888023  -8.712  -8.208  -8.099  -8.038   0
  29.40996742  -8.772  -8.330  -8.235  -8.191   0
  29.41126060  -8.835  -8.470  -8.393  -8.376   0
  29.41209602  -8.875  -8.558  -8.497  -8.503   0
  29.41305733  -8.889  -8.664  -8.616  -8.638   0
  29.41414261  -8.890  -8.762  -8.736  -8.786   0
  29.41556549  -8.880  -8.809  -8.857  -8.987   0
  29.41786194  -8.680  -8.882  -8.992  -9.208   3
  29.42229271  -8.045  -8.443  -8.925  -9.492   0
  29.42404747  -7.746  -8.223  -8.857  -9.546   0
  29.42530251  -7.512  -8.065  -8.801  -9.568   0
  29.42655754  -7.290  -7.922  -8.748  -9.582   0
  29.42776871  -7.065  -7.789  -8.697  -9.592   0
  29.48855972  -6.654  -7.603  -8.678  -9.693   2
  29.57704926  -6.838  -7.715  -8.742  -9.721   0
  29.67999077  -6.975  -7.806  -8.793  -9.743   0
  29.88853264  -7.248  -7.984  -8.888  -9.777   3
  29.93803787  -7.327  -7.994  -8.841  -9.688   0
  30.00000000  -7.450  -8.072  -8.867  -9.675   0
  30.06008148  -7.542  -8.131  -8.887  -9.666   0
  30.07317162  -8.989  -8.905  -8.965  -9.105   3
  30.07409096  -8.990  -8.832  -8.791  -8.822   0
  30.07457924  -8.994  -8.748  -8.697  -8.717   0
  30.07560730  -8.973  -8.636  -8.572  -8.573   0
  30.07847977  -8.913  -8.529  -8.444  -8.417   0
  30.08873367  -8.854  -8.393  -8.294  -8.245   0
  30.10842133  -8.805  -8.295  -8.184  -8.122   0
  30.13309669  -8.805  -8.291  -8.180  -8.118   1
  30.27651024  -8.846  -8.370  -8.267  -8.214   0
  30.36162376  -8.881  -8.439  -8.343  -8.299   0
  30.43635368  -8.912  -8.509  -8.421  -8.388   0
  30.49196243  -8.942  -8.572  -8.494  -8.474   0
  30.52880287  -8.971  -8.626  -8.559  -8.555   0
  30.55632591  -8.986  -8.692  -8.635  -8.645   0
  30.57455063  -8.991  -8.759  -8.710  -8.732   0
  30.59293175  -8.983  -8.837  -8.797  -8.829   0
  30.61094666  -8.993  -8.876  -8.867  -8.936   0
  30.62905884  -8.984  -8.888  -8.922  -9.036   0
  30.64732552  -8.955  -8.915  -8.974  -9.116   0
  30.66516685  -8.907  -8.978  -9.035  -9.180   1
  30.68316078  -8.846  -8.976  -9.061  -9.238   0
  30.70125198  -8.786  -8.961  -9.079  -9.291   0
  30.72805023  -8.703  -8.935  -9.081  -9.338   0
  30.75475502  -8.624  -8.897  -9.077  -9.378   0
  30.78384399  -8.536  -8.842  -9.069  -9.420   0
  30.81924629  -8.428  -8.763  -9.054  -9.464   0
  30.85354614  -8.324  -8.682  -9.039  -9.504   0
  30.89801598  -8.206  -8.589  -9.011  -9.530   0
  31.02254105  -8.096  -8.508  -8.990  -9.557   0
  31.22266388  -8.105  -8.519  -9.003  -9.571   0
  31.35256386  -8.162  -8.563  -9.020  -9.566   3
  32.11782837  -9.076  -8.671  -8.582  -8.549   4
  32.13330078  -9.167  -8.713  -8.616  -8.569   0
  32.14975739  -9.198  -8.688  -8.578  -8.515   0
