   0.15000001  15.663  14.049  12.440  10.267   0
   0.20000000  14.480  13.033  11.517   9.567   0
   0.25000000  13.765  12.409  10.939   9.107   0
   0.30000001  13.186  11.896  10.470   8.723   0
   0.34999999  12.696  11.461  10.073   8.398   0
   0.40000001  12.190  10.995   9.640   8.027   0
   0.44999999  11.738  10.578   9.264   7.718   0
   0.50000000  11.254  10.124   8.858   7.379   0
   0.55000001  10.713   9.628   8.420   7.023   0
   0.60000002  10.166   9.148   8.001   6.686   0
   0.69999999   8.812   8.054   7.064   5.960   0
   0.80000001   7.353   6.976   6.157   5.268   0
   0.89999998   6.224   6.113   5.439   4.691   0
   1.00000000   5.410   5.427   4.858   4.199   0
   1.10000002   4.695   4.775   4.301   3.727   0
   1.20000005   4.136   4.228   3.828   3.330   0
   1.29999995   3.665   3.735   3.402   2.988   0
   1.39999998   3.265   3.290   3.029   2.723   0
   1.50000000   2.912   2.889   2.700   2.503   0
   1.60000002   2.606   2.562   2.439   2.331   0
   1.70000005   2.324   2.292   2.222   2.174   0
   1.79999995   2.079   2.081   2.047   2.038   0
   1.85000002   1.916   1.944   1.927   1.933   0
   1.89999998   1.843   1.894   1.890   1.909   0
   2.00000000   1.632   1.731   1.747   1.783   0
   2.20000005   1.256   1.447   1.495   1.556   0
   2.50000000   0.778   1.085   1.163   1.246   0
   2.94704604   0.203   0.633   0.736   0.842   0
   3.00000000   0.141   0.584   0.689   0.798   0
   3.50000000  -0.379   0.162   0.289   0.418   0
   4.00000000  -0.815  -0.201  -0.058   0.087   0
   4.19297552  -0.964  -0.327  -0.178  -0.027   0
   4.50000000  -1.193  -0.522  -0.365  -0.204   0
   5.00000000  -1.555  -0.837  -0.667  -0.494   0
   5.06404495  -1.599  -0.876  -0.705  -0.530   0
   5.70160770  -2.037  -1.266  -1.082  -0.894   0
   6.00000000  -2.242  -1.452  -1.263  -1.070   0
   6.23367643  -2.397  -1.593  -1.400  -1.204   0
   6.66322374  -2.690  -1.865  -1.666  -1.464   0
   7.00000000  -2.931  -2.094  -1.891  -1.686   0
   7.01959991  -2.945  -2.107  -1.904  -1.699   0
   7.33581638  -3.186  -2.340  -2.136  -1.930   0
   7.60477018  -3.405  -2.556  -2.351  -2.145   1
   7.83669949  -3.616  -2.771  -2.567  -2.364   0
   8.03598690  -3.811  -2.973  -2.771  -2.571   0
   8.20737457  -4.008  -3.184  -2.985  -2.792   0
   8.35521126  -4.188  -3.379  -3.184  -2.997   0
   8.42108536  -4.279  -3.478  -3.285  -3.102   0
   8.48189354  -4.363  -3.569  -3.379  -3.199   0
   8.52903843  -4.425  -3.633  -3.443  -3.265   0
   8.54648018  -4.439  -3.641  -3.450  -3.270   3
   8.56500912  -4.446  -3.635  -3.441  -3.257   0
   8.57742310  -4.425  -3.586  -3.385  -3.190   0
   8.58090210  -4.420  -3.567  -3.362  -3.162   0
   8.58303642  -4.434  -3.549  -3.337  -3.127   0
   8.58304501  -4.433  -3.549  -3.337  -3.127   0
   8.58373928  -4.393  -3.531  -3.324  -3.121   0
   8.58424282  -4.431  -3.600  -3.401  -3.209   0
   8.58458900  -4.506  -3.698  -3.506  -3.323   0
   8.58497715  -4.608  -3.830  -3.645  -3.474   0
   8.58540630  -4.721  -3.977  -3.801  -3.643   0
   8.58587742  -4.842  -4.139  -3.974  -3.832   0
   8.58620930  -4.925  -4.256  -4.099  -3.968   0
   8.58655548  -5.010  -4.376  -4.230  -4.113   0
   8.58692265  -5.097  -4.505  -4.370  -4.270   0
   8.58728886  -5.181  -4.640  -4.518  -4.436   0
   8.58748245  -5.222  -4.713  -4.597  -4.526   0
   8.58782291  -5.289  -4.844  -4.742  -4.690   0
   8.58816910  -5.340  -4.983  -4.897  -4.866   0
   8.58833981  -5.358  -5.050  -4.974  -4.955   0
   8.58851528  -5.371  -5.119  -5.054  -5.051   0
   8.58869171  -5.374  -5.192  -5.139  -5.153   0
   8.58886814  -5.361  -5.261  -5.221  -5.252   0
   8.58905029  -5.325  -5.328  -5.307  -5.362   0
   8.58922577  -5.255  -5.362  -5.373  -5.466   0
   8.58940220  -5.138  -5.337  -5.406  -5.568   0
   8.58950520  -5.047  -5.287  -5.407  -5.628   3
   8.58963299  -4.904  -5.166  -5.381  -5.703   0
   8.58972359  -4.779  -5.043  -5.349  -5.758   0
   8.58980846  -4.636  -4.905  -5.302  -5.799   0
   8.58988762  -4.465  -4.752  -5.245  -5.830   0
   8.58996677  -4.232  -4.566  -5.170  -5.852   0
   8.59003353  -3.956  -4.368  -5.086  -5.858   0
   8.59010601  -3.577  -4.123  -4.975  -5.848   0
   8.59017277  -3.204  -3.894  -4.858  -5.815   0
   8.59027004  -2.649  -3.563  -4.659  -5.719   0
   8.59039688  -2.232  -3.312  -4.489  -5.621   0
   8.59046364  -2.040  -3.197  -4.409  -5.574   4
   8.59067440  -1.599  -3.089  -4.442  -5.743   0
   8.59079838  -1.483  -3.177  -4.612  -5.993   0
   8.59088421  -1.476  -3.254  -4.723  -6.137   0
   8.59097767  -1.455  -3.277  -4.764  -6.196   0
   8.59119511  -1.431  -3.324  -4.838  -6.299   0
   8.59187222  -1.411  -3.376  -4.919  -6.408   0
   8.59280586  -1.375  -3.423  -4.999  -6.520   0
   8.59382439  -1.358  -3.452  -5.048  -6.590   0
   8.59620285  -1.380  -3.467  -5.067  -6.627   2
   8.62172890  -1.439  -3.443  -5.002  -6.504   0
   8.64054203  -1.498  -3.406  -4.927  -6.389   0
   8.65806580  -1.548  -3.371  -4.857  -6.285   0
   8.67697906  -1.608  -3.356  -4.812  -6.208   0
   8.70577908  -1.760  -3.397  -4.809  -6.156   4
   8.72223091  -1.873  -3.444  -4.830  -6.150   0
   8.73884869  -2.202  -3.636  -4.967  -6.228   0
   8.74236870  -2.456  -3.789  -5.079  -6.295   0
   8.74373436  -2.585  -3.862  -5.127  -6.321   0
   8.74481487  -2.717  -3.934  -5.171  -6.341   0
   8.74588776  -2.911  -4.040  -5.236  -6.371   0
   8.74713135  -3.274  -4.243  -5.360  -6.428   0
   8.74882030  -4.331  -4.842  -5.639  -6.466   0
   8.75144386  -5.160  -5.449  -5.831  -6.314   0
   8.75476360  -5.384  -5.658  -5.873  -6.200   0
   8.75734425  -5.475  -5.733  -5.885  -6.148   0
   8.76064587  -5.562  -5.797  -5.895  -6.098   0
   8.76389694  -5.628  -5.822  -5.889  -6.053   0
   8.76794910  -5.696  -5.844  -5.877  -6.002   0
   8.77184582  -5.745  -5.840  -5.855  -5.956   0
   8.77659798  -5.790  -5.827  -5.824  -5.904   0
   8.78116131  -5.821  -5.804  -5.791  -5.857   0
   8.78643322  -5.843  -5.783  -5.758  -5.810   0
   8.79294491  -5.861  -5.757  -5.722  -5.762   0
   8.80263901  -5.883  -5.729  -5.688  -5.719   0
   8.81124020  -5.895  -5.718  -5.674  -5.703   1
   8.82250404  -5.898  -5.770  -5.732  -5.768   0
   8.82913685  -5.894  -5.807  -5.776  -5.821   0
   8.83520794  -5.880  -5.857  -5.844  -5.909   0
   8.84031773  -5.841  -5.908  -5.913  -6.002   0
   8.84440136  -5.768  -5.926  -5.963  -6.094   0
   8.84764290  -5.672  -5.896  -5.984  -6.176   3
   8.85000610  -5.572  -5.831  -5.982  -6.244   0
   8.85228825  -5.442  -5.720  -5.965  -6.322   0
   8.85375690  -5.323  -5.611  -5.941  -6.377   0
   8.85517883  -5.165  -5.468  -5.903  -6.434   0
   8.85654640  -4.934  -5.278  -5.841  -6.485   0
   8.85783577  -4.547  -5.007  -5.741  -6.522   0
   8.85887718  -3.880  -4.603  -5.572  -6.527   0
   8.85933685  -3.456  -4.370  -5.454  -6.496   0
   8.85979748  -3.074  -4.159  -5.335  -6.450   0
   8.86025333  -2.760  -3.982  -5.222  -6.392   0
   8.86086273  -2.404  -3.780  -5.088  -6.322   0
   8.86141491  -2.089  -3.600  -4.962  -6.254   0
   8.86289978  -1.811  -3.510  -4.946  -6.314   4
   8.86420536  -1.717  -3.498  -4.967  -6.371   0
   8.86624813  -1.633  -3.494  -4.996  -6.434   0
   8.86691189  -1.618  -3.502  -5.012  -6.461   0
   8.86773205  -1.551  -3.523  -5.069  -6.554   0
   8.86888695  -1.455  -3.563  -5.164  -6.704   0
   8.87028027  -1.523  -3.588  -5.205  -6.825   0
   8.87186623  -1.598  -3.598  -5.227  -6.928   0
   8.87340832  -1.674  -3.603  -5.239  -7.013   3
   8.87469578  -1.742  -3.591  -5.230  -7.076   0
   8.87523937  -1.772  -3.580  -5.220  -7.098   0
