   0.15000001  15.660  14.047  12.438  10.265   0
   0.20000000  14.476  13.030  11.514   9.565   0
   0.25000000  13.760  12.405  10.936   9.104   0
   0.30000001  13.181  11.892  10.466   8.720   0
   0.34999999  12.692  11.457  10.070   8.394   0
   0.40000001  12.185  10.991   9.636   8.024   0
   0.44999999  11.732  10.573   9.259   7.712   0
   0.50000000  11.247  10.116   8.851   7.373   0
   0.55000001  10.703   9.618   8.411   7.015   0
   0.60000002  10.153   9.136   7.990   6.677   0
   0.69999999   8.779   8.028   7.042   5.943   0
   0.80000001   7.298   6.934   6.120   5.238   0
   0.89999998   6.162   6.060   5.393   4.650   0
   1.00000000   5.315   5.340   4.782   4.132   0
   1.02648044   5.108   5.153   4.622   3.995   0
   1.10000002   4.604   4.683   4.216   3.648   0
   1.16692698   4.213   4.301   3.885   3.368   0
   1.20000005   4.035   4.121   3.727   3.236   0
   1.24212837   3.827   3.904   3.539   3.084   0
   1.29999995   3.554   3.617   3.289   2.883   0
   1.31460571   3.491   3.546   3.230   2.840   0
   1.39999998   3.134   3.149   2.894   2.596   0
   1.50000000   2.767   2.736   2.548   2.353   0
   1.57917964   2.501   2.446   2.306   2.172   0
   1.60000002   2.434   2.378   2.248   2.125   0
   1.70000005   2.130   2.075   1.984   1.907   0
   1.72211564   2.065   2.010   1.928   1.859   0
   1.79999995   1.838   1.795   1.735   1.689   0
   1.85000002   1.699   1.664   1.616   1.581   1
   1.85068285   1.697   1.663   1.614   1.579   0
   1.89999998   1.558   1.529   1.489   1.462   0
   1.94313586   1.440   1.416   1.384   1.363   0
   2.00000000   1.284   1.265   1.241   1.226   0
   2.03198647   1.198   1.182   1.162   1.150   0
   2.10474491   1.003   0.987   0.973   0.964   0
   2.16685176   0.839   0.818   0.804   0.791   1
   2.20000005   0.751   0.725   0.708   0.691   0
   2.22410464   0.690   0.658   0.639   0.619   0
   2.27089882   0.574   0.525   0.497   0.465   0
   2.31147575   0.477   0.404   0.365   0.318   0
   2.34674907   0.401   0.309   0.251   0.181   0
   2.36264944   0.366   0.264   0.198   0.117   0
   2.37741637   0.328   0.218   0.146   0.057   0
   2.38564849   0.299   0.187   0.115   0.026   0
   2.39329338   0.254   0.149   0.085   0.004   0
   2.39806175   0.199   0.109   0.062   0.000   0
   2.40127444   0.107   0.061   0.046   0.018   0
   2.40218830   0.029   0.025   0.033   0.029   0
   2.40269828  -0.051  -0.007   0.019   0.032   0
   2.40285897   0.020   0.045   0.062   0.069   0
   2.40301490   0.093   0.074   0.073   0.061   4
   2.40326571   0.068   0.003  -0.021  -0.059   0
   2.40365458   0.039  -0.065  -0.119  -0.192   0
   2.40424204   0.049  -0.086  -0.180  -0.302   0
   2.40442801   0.056  -0.081  -0.189  -0.328   0
   2.40497279   0.085  -0.059  -0.204  -0.388   0
   2.40564179   0.128  -0.003  -0.200  -0.446   0
   2.40640521   0.193   0.082  -0.175  -0.499   0
   2.40694976   0.255   0.160  -0.144  -0.530   0
   2.40750170   0.337   0.257  -0.101  -0.556   0
   2.40832520   0.518   0.444  -0.010  -0.570   0
   2.40911937   0.775   0.672   0.123  -0.527   0
   2.40987253   1.108   0.945   0.308  -0.415   0
   2.41035342   1.375   1.163   0.470  -0.300   0
   2.41105866   1.720   1.423   0.655  -0.176   0
   2.41129351   1.798   1.474   0.684  -0.165   4
   2.41213012   1.851   1.439   0.595  -0.299   0
   2.41296673   1.800   1.332   0.454  -0.467   0
   2.41373801   1.742   1.233   0.329  -0.613   0
   2.41468096   1.642   1.094   0.169  -0.791   0
   2.41541123   1.575   0.991   0.048  -0.929   0
   2.41621280   1.505   0.880  -0.085  -1.080   0
   2.41689181   1.438   0.781  -0.201  -1.209   0
   2.41760564   1.365   0.675  -0.323  -1.345   0
   2.41831684   1.294   0.570  -0.446  -1.482   0
   2.41899014   1.236   0.473  -0.563  -1.615   0
   2.41964126   1.183   0.380  -0.677  -1.746   0
   2.42023563   1.143   0.296  -0.780  -1.868   0
   2.42082977   1.106   0.213  -0.884  -1.992   0
   2.42139149   1.075   0.135  -0.984  -2.111   0
   2.42199087   1.048   0.065  -1.074  -2.219   0
   2.42202783   1.046   0.061  -1.079  -2.224   2
   2.42223334   1.067   0.120  -1.003  -2.133   0
   2.42237878   1.086   0.171  -0.937  -2.054   0
   2.42261386   1.110   0.229  -0.864  -1.967   0
   2.42302537   1.145   0.307  -0.766  -1.850   0
   2.42359471   1.181   0.384  -0.669  -1.736   0
   2.42435050   1.231   0.473  -0.560  -1.609   0
   2.42560244   1.318   0.616  -0.389  -1.415   0
   2.42668509   1.414   0.760  -0.219  -1.225   0
   2.42778587   1.499   0.897  -0.056  -1.041   0
   2.42905855   1.582   1.029   0.101  -0.861   0
   2.43112516   1.683   1.185   0.289  -0.647   0
   2.43459845   1.765   1.320   0.457  -0.453   0
   2.44038391   1.745   1.355   0.526  -0.356   4
   2.50000000   1.537   1.147   0.320  -0.560   0
   2.50904942   1.499   1.109   0.282  -0.597   0
   2.55203652   1.297   0.907   0.083  -0.793   1
   2.60547972   1.095   0.688  -0.144  -1.026   0
   2.65553546   1.010   0.549  -0.318  -1.226   0
   2.67265368   1.062   0.518  -0.403  -1.354   0
   2.67449260   1.043   0.432  -0.524  -1.506   0
   2.67479706   1.009   0.355  -0.623  -1.624   0
   2.67484641   0.985   0.318  -0.666  -1.673   0
   2.67495465   0.934   0.221  -0.787  -1.813   0
   2.67504811   0.878   0.125  -0.905  -1.948   0
   2.67519236   0.822   0.021  -1.035  -2.099   0
   2.67600060   0.853   0.078  -0.964  -2.017   1
   2.67882299   0.792  -0.074  -1.159  -2.250   0
   2.67978525   0.751  -0.213  -1.343  -2.474   0
   2.68042684   0.711  -0.320  -1.480  -2.638   0
   2.68106103   0.678  -0.438  -1.637  -2.828   0
   2.68165922   0.675  -0.542  -1.784  -3.018   0
   2.68210745   0.662  -0.639  -1.916  -3.184   0
   2.68249989   0.646  -0.738  -2.049  -3.349   0
   2.68286443   0.642  -0.843  -2.195  -3.533   0
   2.68305969   0.641  -0.913  -2.294  -3.661   0
   2.68323660   0.650  -0.974  -2.384  -3.781   0
   2.68339491   0.678  -1.024  -2.466  -3.897   0
   2.68353605   0.701  -1.092  -2.569  -4.038   0
   2.68364573   0.720  -1.155  -2.666  -4.167   0
   2.68376040   0.715  -1.211  -2.752  -4.301   0
   2.68393421   0.669  -1.229  -2.794  -4.430   2
   2.68401861   0.678  -1.226  -2.787  -4.406   0
   2.68403459   0.634  -1.244  -2.821  -4.505   0
   2.68404770   0.589  -1.257  -2.848  -4.590   0
   2.68407273   0.529  -1.280  -2.883  -4.686   0
   2.68407798   0.525  -1.280  -2.883  -4.692   0
   2.68409467   0.512  -1.282  -2.888  -4.713   0
   2.68411088   0.497  -1.285  -2.893  -4.734   0
   2.68412709   0.483  -1.287  -2.899  -4.755   0
   2.68414354   0.468  -1.290  -2.904  -4.776   0
   2.68415976   0.452  -1.293  -2.909  -4.797   0
   2.68417597   0.440  -1.291  -2.908  -4.817   0
   2.68418908   0.431  -1.287  -2.904  -4.832   0
   2.68420529   0.421  -1.283  -2.900  -4.851   0
   2.68422174   0.410  -1.278  -2.896  -4.870   0
   2.68423796   0.399  -1.274  -2.891  -4.889   0
   2.68425107   0.390  -1.270  -2.888  -4.905   0
   2.68426681   0.378  -1.266  -2.884  -4.923   0
   2.68428278   0.366  -1.262  -2.880  -4.942   0
   2.68429852   0.356  -1.258  -2.876  -4.959   0
   2.68431115   0.349  -1.255  -2.873  -4.970   0
   2.68432713   0.340  -1.251  -2.869  -4.984   0
   2.68434286   0.331  -1.248  -2.866  -4.998   0
   2.68435884   0.322  -1.245  -2.862  -5.012   0
   2.68440890   0.314  -1.239  -2.856  -5.024   0
   2.68448162   0.302  -1.235  -2.851  -5.042   0
   2.68455386   0.289  -1.231  -2.847  -5.061   0
   2.68462563   0.276  -1.227  -2.843  -5.079   0
   2.68469667   0.263  -1.224  -2.839  -5.097   0
   2.68476748   0.250  -1.220  -2.834  -5.115   0
   2.68483758   0.236  -1.217  -2.830  -5.134   0
   2.68490720   0.222  -1.213  -2.826  -5.152   0
   2.68497634   0.208  -1.210  -2.821  -5.170   0
   2.68504500   0.194  -1.207  -2.817  -5.188   0
   2.68511295   0.180  -1.203  -2.813  -5.206   0
   2.68518066   0.165  -1.200  -2.808  -5.224   0
   2.68524766   0.165  -1.182  -2.788  -5.234   0
   2.68531418   0.171  -1.157  -2.761  -5.240   0
   2.68538022   0.176  -1.133  -2.733  -5.246   0
   2.68544579   0.182  -1.108  -2.706  -5.252   0
   2.68551064   0.188  -1.083  -2.679  -5.258   0
   2.68557525   0.194  -1.059  -2.652  -5.264   0
   2.68563914   0.200  -1.034  -2.624  -5.270   0
   2.68570256   0.206  -1.009  -2.597  -5.276   0
   2.68576550   0.212  -0.985  -2.570  -5.282   0
   2.68582773   0.218  -0.960  -2.543  -5.288   0
   2.68588948   0.224  -0.936  -2.516  -5.294   0
   2.68595099   0.230  -0.911  -2.489  -5.299   0
   2.68601179   0.236  -0.887  -2.462  -5.305   0
   2.68607187   0.242  -0.862  -2.435  -5.311   0
   2.68613172   0.248  -0.838  -2.408  -5.317   0
   2.68619084   0.254  -0.813  -2.381  -5.322   0
   2.68624949   0.260  -0.789  -2.354  -5.328   0
   2.68630767   0.266  -0.765  -2.327  -5.333   0
   2.68636537   0.272  -0.741  -2.301  -5.339   0
   2.68642259   0.278  -0.716  -2.274  -5.344   0
   2.68647909   0.284  -0.692  -2.247  -5.350   0
   2.68652415   0.289  -0.673  -2.226  -5.354   0
   2.68656874   0.294  -0.653  -2.204  -5.359   0
   2.68661308   0.299  -0.634  -2.183  -5.363   0
   2.68665743   0.306  -0.611  -2.159  -5.365   1
   2.68671250   0.319  -0.579  -2.127  -5.363   0
   2.68676710   0.331  -0.547  -2.094  -5.362   0
   2.68682170   0.344  -0.515  -2.062  -5.361   0
   2.68687582   0.357  -0.482  -2.029  -5.359   0
   2.68692994   0.370  -0.450  -1.997  -5.357   0
   2.68697715   0.383  -0.420  -1.966  -5.354   0
   2.68702412   0.398  -0.387  -1.934  -5.350   0
   2.68706989   0.420  -0.346  -1.892  -5.339   0
   2.68708801   0.436  -0.320  -1.866  -5.328   0
   2.68709588   0.451  -0.298  -1.844  -5.317   0
   2.68709946   0.467  -0.276  -1.821  -5.305   0
   2.68710136   0.482  -0.256  -1.802  -5.293   0
   2.68710303   0.497  -0.235  -1.781  -5.281   0
   2.68710470   0.513  -0.213  -1.759  -5.268   0
   2.68710661   0.531  -0.189  -1.735  -5.254   2
   2.68710828   0.550  -0.164  -1.709  -5.239   0
   2.68710995   0.571  -0.136  -1.681  -5.222   0
   2.68711185   0.593  -0.105  -1.650  -5.204   0
   2.68711352   0.618  -0.072  -1.617  -5.184   0
   2.68711615   0.646  -0.034  -1.579  -5.162   0
