   0.15000001  15.663  14.048  12.440  10.266   0
   0.20000000  14.479  13.032  11.516   9.566   0
   0.25000000  13.763  12.408  10.938   9.106   0
   0.30000001  13.184  11.895  10.469   8.722   0
   0.34999999  12.695  11.460  10.072   8.397   0
   0.40000001  12.188  10.994   9.639   8.026   0
   0.44999999  11.736  10.577   9.263   7.716   0
   0.50000000  11.252  10.122   8.856   7.378   0
   0.55000001  10.710   9.625   8.417   7.021   0
   0.60000002  10.163   9.145   7.998   6.684   0
   0.69999999   8.803   8.047   7.058   5.956   0
   0.80000001   7.338   6.965   6.147   5.260   0
   0.89999998   6.207   6.099   5.427   4.680   0
   1.00000000   5.384   5.404   4.838   4.181   0
   1.10000002   4.666   4.746   4.274   3.702   0
   1.20000005   4.105   4.194   3.796   3.299   0
   1.29999995   3.633   3.701   3.370   2.957   0
   1.39999998   3.231   3.253   2.993   2.688   0
   1.50000000   2.873   2.848   2.659   2.465   0
   1.57373869   2.637   2.589   2.450   2.322   0
   1.60000002   2.557   2.510   2.387   2.277   0
   1.70000005   2.272   2.236   2.164   2.112   0
   1.79999995   2.016   2.009   1.972   1.958   0
   1.85000002   1.897   1.912   1.888   1.887   0
   1.89999998   1.779   1.813   1.801   1.811   0
   2.00000000   1.556   1.628   1.638   1.665   0
   2.07289910   1.403   1.505   1.527   1.563   0
   2.20000005   1.144   1.297   1.337   1.388   0
   2.43172646   0.716   0.952   1.017   1.085   0
   2.50000000   0.596   0.854   0.924   0.996   0
   2.69973850   0.266   0.579   0.662   0.743   0
   2.91282535  -0.074   0.287   0.379   0.469   0
   3.00000000  -0.213   0.164   0.260   0.352   0
   3.10603070  -0.374   0.020   0.119   0.214   0
   3.25817084  -0.607  -0.195  -0.091   0.007   0
   3.38700867  -0.807  -0.385  -0.278  -0.180   0
   3.49644518  -0.989  -0.564  -0.456  -0.358   1
   3.50000000  -0.995  -0.570  -0.462  -0.364   0
   3.50664282  -1.007  -0.581  -0.473  -0.375   0
   3.60388041  -1.179  -0.759  -0.651  -0.555   0
   3.68723464  -1.337  -0.928  -0.821  -0.730   0
   3.75894284  -1.481  -1.090  -0.986  -0.900   0
   3.82082987  -1.614  -1.246  -1.146  -1.066   0
   3.84836984  -1.677  -1.320  -1.221  -1.145   0
   3.87385368  -1.737  -1.389  -1.291  -1.216   0
   3.88806462  -1.772  -1.424  -1.326  -1.252   0
   3.90102220  -1.804  -1.446  -1.346  -1.270   3
   3.90915871  -1.825  -1.444  -1.341  -1.260   0
   3.91464615  -1.845  -1.416  -1.305  -1.214   0
   3.91620278  -1.862  -1.398  -1.280  -1.181   0
   3.91706872  -1.887  -1.390  -1.266  -1.159   0
   3.91723752  -1.863  -1.373  -1.250  -1.145   0
   3.91753602  -1.817  -1.370  -1.256  -1.160   0
   3.91787338  -1.883  -1.480  -1.373  -1.288   0
   3.91833282  -1.991  -1.636  -1.536  -1.463   0
   3.91894531  -2.074  -1.779  -1.689  -1.629   0
   3.91952729  -2.118  -1.879  -1.798  -1.751   0
   3.92019320  -2.147  -1.975  -1.906  -1.874   0
   3.92079949  -2.157  -2.051  -1.995  -1.977   0
   3.92144847  -2.147  -2.120  -2.082  -2.086   0
   3.92189932  -2.122  -2.156  -2.139  -2.164   0
   3.92235613  -2.081  -2.176  -2.187  -2.246   0
   3.92281842  -2.011  -2.164  -2.220  -2.329   0
   3.92326856  -1.909  -2.097  -2.222  -2.410   3
   3.92371821  -1.768  -1.948  -2.179  -2.487   0
   3.92393374  -1.680  -1.847  -2.140  -2.519   0
   3.92415524  -1.563  -1.717  -2.084  -2.548   0
   3.92436433  -1.413  -1.565  -2.014  -2.567   0
   3.92465353  -1.103  -1.302  -1.888  -2.566   0
   3.92493653  -0.772  -1.049  -1.745  -2.513   0
   3.92521930  -0.445  -0.806  -1.588  -2.423   0
   3.92550802  -0.137  -0.594  -1.446  -2.339   0
   3.92564917  -0.004  -0.507  -1.393  -2.312   4
   3.92608213   0.152  -0.504  -1.480  -2.475   0
   3.92637038   0.145  -0.590  -1.608  -2.638   0
   3.92680955   0.101  -0.700  -1.754  -2.811   0
   3.92734194   0.071  -0.789  -1.870  -2.951   0
   3.92804289   0.060  -0.877  -1.994  -3.108   0
   3.92868066   0.059  -0.952  -2.103  -3.246   0
   3.92933702   0.032  -1.043  -2.222  -3.390   0
   3.93000484  -0.003  -1.138  -2.345  -3.536   0
   3.93063498  -0.011  -1.186  -2.410  -3.617   0
   3.93158221  -0.022  -1.230  -2.468  -3.688   2
   3.93916130  -0.021  -1.172  -2.386  -3.582   0
   3.94465566  -0.010  -1.106  -2.296  -3.471   0
   3.94924212   0.011  -1.030  -2.195  -3.350   0
   3.95310521   0.025  -0.961  -2.099  -3.231   0
   3.95659852   0.012  -0.907  -2.015  -3.120   0
   3.96050668   0.021  -0.835  -1.915  -2.994   0
   3.96587753   0.050  -0.746  -1.796  -2.850   0
   3.97381258   0.080  -0.658  -1.677  -2.707   0
   3.98378396  -0.035  -0.687  -1.660  -2.651   4
   3.99125075  -0.296  -0.862  -1.786  -2.733   0
   3.99368787  -0.386  -0.926  -1.831  -2.762   0
   3.99797368  -0.732  -1.176  -2.010  -2.884   0
   4.00000000  -0.958  -1.335  -2.114  -2.946   0
   4.00044775  -1.002  -1.368  -2.136  -2.958   0
   4.00287962  -1.275  -1.561  -2.246  -3.003   0
   4.00471210  -1.479  -1.713  -2.321  -3.017   0
   4.00750160  -1.670  -1.861  -2.389  -3.016   0
   4.06622410  -1.965  -2.150  -2.611  -3.174   1
   4.10178566  -1.980  -2.179  -2.685  -3.290   0
   4.11545515  -1.875  -2.102  -2.676  -3.342   0
   4.12510777  -1.716  -1.990  -2.643  -3.375   0
   4.13445902  -1.435  -1.809  -2.568  -3.382   0
   4.14205503  -1.094  -1.592  -2.456  -3.351   0
   4.14763069  -0.725  -1.353  -2.306  -3.273   0
   4.15287447  -0.340  -1.132  -2.177  -3.221   4
   4.15499163  -0.235  -1.132  -2.229  -3.320   0
   4.15507793  -0.224  -1.139  -2.245  -3.343   0
   4.15526867  -0.183  -1.185  -2.331  -3.466   0
   4.15543318  -0.200  -1.266  -2.442  -3.601   0
   4.15679455  -0.211  -1.369  -2.586  -3.781   0
   4.15732288  -0.213  -1.455  -2.708  -3.937   0
   4.15798092  -0.207  -1.536  -2.825  -4.089   0
   4.15864706  -0.187  -1.603  -2.927  -4.225   0
   4.15940809  -0.174  -1.686  -3.049  -4.383   0
   4.16002178  -0.164  -1.756  -3.152  -4.518   0
   4.16063499  -0.158  -1.834  -3.263  -4.664   0
   4.16125679  -0.141  -1.919  -3.390  -4.833   0
   4.16173124  -0.106  -1.986  -3.497  -4.981   0
   4.16215372  -0.078  -2.058  -3.609  -5.132   0
   4.16252470  -0.122  -2.089  -3.665  -5.265   0
   4.16283512  -0.192  -2.119  -3.712  -5.391   0
   4.16307640  -0.252  -2.127  -3.735  -5.493   0
   4.16331768  -0.335  -2.158  -3.776  -5.603   0
   4.16348982  -0.418  -2.183  -3.808  -5.698   0
   4.16375685  -0.495  -2.178  -3.803  -5.809   2
   4.16392899  -0.531  -2.156  -3.780  -5.865   0
   4.16420460  -0.497  -2.186  -3.812  -5.810   0
   4.16423082  -0.462  -2.197  -3.824  -5.755   0
   4.16426516  -0.507  -2.179  -3.804  -5.825   0
   4.16429949  -0.548  -2.149  -3.773  -5.890   0
   4.16435957  -0.599  -2.121  -3.740  -5.961   0
   4.16437674  -0.617  -2.112  -3.730  -5.986   0
   4.16443491  -0.637  -2.108  -3.724  -6.010   0
   4.16449213  -0.659  -2.106  -3.720  -6.035   0
   4.16454935  -0.682  -2.104  -3.715  -6.059   0
   4.16460657  -0.703  -2.100  -3.710  -6.083   0
   4.16466331  -0.721  -2.096  -3.704  -6.107   0
   4.16472054  -0.729  -2.081  -3.688  -6.125   0
   4.16477776  -0.723  -2.052  -3.656  -6.132   0
   4.16483498  -0.718  -2.031  -3.633  -6.138   0
   4.16489220  -0.713  -2.010  -3.610  -6.143   0
   4.16494894  -0.708  -1.990  -3.587  -6.148   0
   4.16500616  -0.704  -1.970  -3.565  -6.153   0
   4.16506338  -0.699  -1.951  -3.544  -6.158   0
   4.16539383  -0.692  -1.925  -3.515  -6.163   0
   4.16571379  -0.687  -1.901  -3.489  -6.169   0
   4.16603470  -0.681  -1.878  -3.463  -6.175   0
   4.16643858  -0.674  -1.849  -3.431  -6.182   0
   4.16684532  -0.667  -1.820  -3.399  -6.189   0
   4.16725540  -0.660  -1.792  -3.368  -6.195   0
   4.16767073  -0.653  -1.764  -3.337  -6.202   0
   4.16809177  -0.646  -1.736  -3.306  -6.208   0
   4.16851997  -0.639  -1.708  -3.276  -6.215   0
   4.16895628  -0.632  -1.680  -3.245  -6.221   0
   4.16940117  -0.625  -1.651  -3.213  -6.227   0
   4.16984701  -0.618  -1.622  -3.181  -6.233   0
   4.17028618  -0.610  -1.593  -3.149  -6.240   0
   4.17070389  -0.603  -1.565  -3.118  -6.245   0
   4.17110157  -0.596  -1.539  -3.089  -6.251   0
   4.17155504  -0.587  -1.507  -3.055  -6.255   0
   4.17196321  -0.572  -1.471  -3.019  -6.253   0
   4.17240191  -0.553  -1.429  -2.977  -6.248   0
   4.17255688  -0.544  -1.412  -2.959  -6.243   0
   4.17262506  -0.537  -1.402  -2.949  -6.238   0
   4.17265749  -0.531  -1.395  -2.942  -6.233   1
   4.17267323  -0.526  -1.389  -2.937  -6.228   0
   4.17268085  -0.522  -1.385  -2.932  -6.224   0
   4.17268467  -0.517  -1.380  -2.927  -6.220   0
   4.17268801  -0.513  -1.376  -2.923  -6.215   0
   4.17269135  -0.508  -1.371  -2.918  -6.210   0
   4.17269468  -0.503  -1.366  -2.914  -6.205   0
   4.17269802  -0.498  -1.361  -2.908  -6.200   0
   4.17270136  -0.493  -1.356  -2.903  -6.194   0
   4.17270470  -0.487  -1.350  -2.898  -6.189   0
   4.17270851  -0.481  -1.345  -2.892  -6.183   0
   4.17271185  -0.474  -1.338  -2.885  -6.176   0
   4.17271614  -0.466  -1.331  -2.878  -6.168   0
   4.17272282  -0.456  -1.320  -2.867  -6.157   0
   4.17272949  -0.444  -1.309  -2.856  -6.145   0
   4.17273664  -0.432  -1.297  -2.844  -6.132   0
   4.17274332  -0.418  -1.284  -2.831  -6.119   0
   4.17275000  -0.404  -1.270  -2.818  -6.104   0
   4.17275667  -0.388  -1.255  -2.803  -6.088   0
   4.17276382  -0.371  -1.239  -2.786  -6.070   0
   4.17277050  -0.352  -1.221  -2.768  -6.051   0
   4.17277813  -0.331  -1.201  -2.748  -6.029   0
