   0.15000001  15.663  14.049  12.440  10.266   0
   0.20000000  14.479  13.032  11.516   9.567   0
   0.25000000  13.764  12.409  10.939   9.106   0
   0.30000001  13.185  11.895  10.469   8.723   0
   0.34999999  12.695  11.460  10.073   8.397   0
   0.40000001  12.189  10.995   9.640   8.027   0
   0.44999999  11.737  10.577   9.263   7.716   0
   0.50000000  11.252  10.122   8.856   7.378   0
   0.55000001  10.711   9.626   8.418   7.021   0
   0.60000002  10.164   9.146   7.999   6.684   0
   0.69999999   8.805   8.049   7.059   5.957   0
   0.80000001   7.342   6.968   6.149   5.262   0
   0.89999998   6.212   6.102   5.430   4.683   0
   1.00000000   5.391   5.410   4.843   4.186   0
   1.10000002   4.673   4.753   4.281   3.708   0
   1.20000005   4.113   4.203   3.804   3.307   0
   1.29999995   3.641   3.710   3.378   2.965   0
   1.39999998   3.240   3.263   3.003   2.697   0
   1.50000000   2.883   2.858   2.670   2.474   0
   1.60000002   2.569   2.523   2.400   2.290   0
   1.68963790   2.313   2.275   2.199   2.144   0
   1.70000005   2.285   2.250   2.179   2.129   0
   1.70525074   2.271   2.238   2.169   2.121   0
   1.79999995   2.031   2.026   1.991   1.979   0
   1.85000002   1.914   1.933   1.911   1.912   0
   1.89999998   1.798   1.836   1.826   1.839   0
   2.00000000   1.578   1.657   1.668   1.698   0
   2.20000005   1.177   1.339   1.381   1.433   0
   2.28208017   1.025   1.219   1.271   1.330   0
   2.50000000   0.647   0.917   0.989   1.063   0
   2.66820073   0.383   0.702   0.785   0.868   0
   2.96965981  -0.065   0.328   0.426   0.522   0
   3.00000000  -0.108   0.291   0.390   0.488   0
   3.22964883  -0.423   0.017   0.125   0.230   0
   3.43027949  -0.697  -0.228  -0.114  -0.004   0
   3.50000000  -0.793  -0.316  -0.199  -0.088   0
   3.61591434  -0.948  -0.459  -0.340  -0.227   0
   3.76411510  -1.157  -0.657  -0.535  -0.420   0
   3.89011741  -1.350  -0.847  -0.724  -0.610   0
   3.99798846  -1.526  -1.028  -0.905  -0.794   0
   4.00000000  -1.530  -1.032  -0.908  -0.797   1
   4.00380325  -1.536  -1.038  -0.915  -0.804   0
   4.09662962  -1.698  -1.210  -1.089  -0.982   0
   4.17642641  -1.850  -1.378  -1.259  -1.157   0
   4.24511576  -1.992  -1.539  -1.424  -1.328   0
   4.27571917  -2.058  -1.616  -1.502  -1.409   0
   4.30394840  -2.122  -1.687  -1.574  -1.483   0
   4.32064867  -2.160  -1.725  -1.612  -1.522   0
   4.33438921  -2.189  -1.746  -1.632  -1.540   3
   4.34362411  -2.206  -1.744  -1.626  -1.530   0
   4.34983540  -2.214  -1.711  -1.585  -1.479   0
   4.35160208  -2.226  -1.689  -1.557  -1.442   0
   4.35258341  -2.243  -1.675  -1.537  -1.414   0
   4.35272408  -2.226  -1.663  -1.526  -1.404   0
   4.35299492  -2.177  -1.647  -1.516  -1.403   0
   4.35329914  -2.220  -1.727  -1.603  -1.500   0
   4.35370445  -2.332  -1.879  -1.762  -1.669   0
   4.35424519  -2.442  -2.037  -1.929  -1.849   0
   4.35474110  -2.507  -2.146  -2.045  -1.977   0
   4.35530376  -2.555  -2.247  -2.155  -2.099   0
   4.35593414  -2.591  -2.349  -2.268  -2.226   0
   4.35654306  -2.610  -2.441  -2.372  -2.346   0
   4.35697174  -2.614  -2.503  -2.444  -2.431   0
   4.35740042  -2.602  -2.558  -2.514  -2.517   0
   4.35783815  -2.573  -2.602  -2.582  -2.611   0
   4.35827637  -2.517  -2.624  -2.639  -2.707   0
   4.35870409  -2.423  -2.598  -2.669  -2.801   3
   4.35892296  -2.358  -2.554  -2.667  -2.848   0
   4.35913181  -2.282  -2.489  -2.653  -2.895   0
   4.35935068  -2.187  -2.380  -2.621  -2.941   0
   4.35955906  -2.079  -2.257  -2.572  -2.978   0
   4.35976744  -1.929  -2.098  -2.503  -3.010   0
   4.35996628  -1.722  -1.905  -2.417  -3.029   0
   4.36017466  -1.430  -1.674  -2.307  -3.024   0
   4.36043310  -1.047  -1.397  -2.151  -2.963   0
   4.36070108  -0.684  -1.139  -1.983  -2.865   0
   4.36096859  -0.371  -0.932  -1.853  -2.797   4
   4.36124516  -0.201  -0.896  -1.891  -2.898   0
   4.36152220  -0.178  -0.979  -2.031  -3.084   0
   4.36179876  -0.186  -1.067  -2.157  -3.244   0
   4.36226988  -0.178  -1.142  -2.271  -3.392   0
   4.36288404  -0.199  -1.229  -2.387  -3.534   0
   4.36347771  -0.213  -1.306  -2.493  -3.665   0
   4.36409140  -0.219  -1.381  -2.600  -3.798   0
   4.36473513  -0.226  -1.459  -2.707  -3.934   0
   4.36535788  -0.223  -1.504  -2.772  -4.018   0
   4.36666346  -0.221  -1.548  -2.835  -4.100   2
   4.37776089  -0.251  -1.500  -2.755  -3.988   0
   4.38524389  -0.261  -1.438  -2.663  -3.866   0
   4.39137506  -0.256  -1.363  -2.558  -3.734   0
   4.39614534  -0.250  -1.300  -2.468  -3.621   0
   4.40136242  -0.240  -1.229  -2.370  -3.500   0
   4.40729332  -0.241  -1.166  -2.277  -3.381   0
   4.41674852  -0.285  -1.124  -2.196  -3.263   0
   4.42910385  -0.370  -1.131  -2.160  -3.192   4
   4.43696928  -0.656  -1.319  -2.292  -3.277   0
   4.44055319  -0.861  -1.455  -2.390  -3.341   0
   4.44266701  -1.053  -1.591  -2.483  -3.400   0
   4.44460917  -1.271  -1.736  -2.575  -3.451   0
   4.44607306  -1.451  -1.856  -2.648  -3.486   0
   4.44830179  -1.723  -2.043  -2.746  -3.516   0
   4.49534035  -2.683  -2.890  -3.167  -3.535   1
   4.50000000  -2.687  -2.894  -3.176  -3.551   0
   4.53007936  -2.713  -2.918  -3.237  -3.651   0
   4.54187918  -2.662  -2.866  -3.238  -3.708   0
   4.54966593  -2.591  -2.794  -3.223  -3.755   0
   4.55530691  -2.483  -2.701  -3.196  -3.790   0
   4.55981922  -2.339  -2.585  -3.158  -3.821   0
   4.56448412  -2.152  -2.447  -3.107  -3.841   0
   4.56919098  -1.885  -2.274  -3.035  -3.848   0
   4.57310343  -1.563  -2.071  -2.933  -3.824   0
   4.57697392  -1.168  -1.822  -2.786  -3.757   0
   4.58038473  -0.771  -1.579  -2.630  -3.674   0
   4.58379555  -0.499  -1.476  -2.610  -3.729   4
   4.58399057  -0.461  -1.477  -2.629  -3.765   0
   4.58421898  -0.445  -1.547  -2.738  -3.908   0
   4.58443451  -0.443  -1.616  -2.839  -4.035   0
   4.58564425  -0.412  -1.688  -2.955  -4.194   0
   4.58612776  -0.396  -1.759  -3.061  -4.335   0
   4.58687925  -0.384  -1.841  -3.181  -4.490   0
   4.58776474  -0.384  -1.929  -3.305  -4.647   0
   4.58851528  -0.352  -1.989  -3.403  -4.783   0
   4.58927917  -0.333  -2.065  -3.516  -4.936   0
   4.58989525  -0.332  -2.141  -3.624  -5.074   0
   4.59049749  -0.284  -2.204  -3.731  -5.226   0
   4.59103251  -0.264  -2.269  -3.835  -5.378   0
   4.59147406  -0.329  -2.297  -3.883  -5.507   0
   4.59184837  -0.392  -2.308  -3.911  -5.624   0
   4.59214211  -0.465  -2.334  -3.949  -5.728   0
   4.59255600  -0.567  -2.395  -4.018  -5.849   0
   4.59277010  -0.662  -2.419  -4.048  -5.955   0
   4.59298372  -0.718  -2.398  -4.025  -6.041   0
   4.59327745  -0.659  -2.425  -4.054  -5.949   0
   4.59330416  -0.578  -2.407  -4.030  -5.862   1
   4.59334421  -0.657  -2.423  -4.052  -5.947   0
   4.59339762  -0.709  -2.402  -4.030  -6.028   0
   4.59353065  -0.777  -2.370  -3.994  -6.126   0
   4.59355783  -0.794  -2.360  -3.983  -6.151   0
   4.59362125  -0.812  -2.356  -3.978  -6.173   0
   4.59368372  -0.830  -2.352  -3.973  -6.196   0
   4.59374619  -0.855  -2.352  -3.970  -6.219   0
   4.59380865  -0.878  -2.352  -3.966  -6.243   0
   4.59385824  -0.896  -2.350  -3.963  -6.261   0
   4.59392071  -0.916  -2.347  -3.958  -6.283   0
   4.59398317  -0.934  -2.344  -3.953  -6.306   0
   4.59404564  -0.949  -2.339  -3.947  -6.327   0
   4.59410810  -0.962  -2.333  -3.941  -6.347   0
   4.59417057  -0.967  -2.323  -3.930  -6.360   0
   4.59443140  -0.961  -2.299  -3.904  -6.365   0
   4.59488010  -0.955  -2.276  -3.878  -6.370   0
   4.59533119  -0.950  -2.253  -3.853  -6.376   0
   4.59578609  -0.944  -2.230  -3.828  -6.382   0
   4.59635973  -0.938  -2.202  -3.797  -6.389   0
   4.59694147  -0.931  -2.174  -3.766  -6.395   0
   4.59753275  -0.924  -2.147  -3.736  -6.402   0
   4.59813499  -0.918  -2.119  -3.705  -6.409   0
   4.59874392  -0.911  -2.091  -3.674  -6.415   0
   4.59935427  -0.904  -2.063  -3.643  -6.422   0
   4.59996653  -0.897  -2.035  -3.612  -6.428   0
   4.60058069  -0.890  -2.006  -3.581  -6.435   0
   4.60119724  -0.883  -1.978  -3.549  -6.441   0
   4.60179520  -0.876  -1.951  -3.519  -6.448   0
   4.60236406  -0.870  -1.924  -3.490  -6.453   0
   4.60290670  -0.863  -1.900  -3.463  -6.459   0
   4.60352659  -0.856  -1.871  -3.432  -6.465   0
   4.60411501  -0.849  -1.844  -3.402  -6.470   0
   4.60467529  -0.842  -1.819  -3.374  -6.476   0
   4.60529661  -0.835  -1.790  -3.342  -6.481   0
   4.60586834  -0.828  -1.764  -3.314  -6.486   0
   4.60641479  -0.815  -1.733  -3.281  -6.485   0
   4.60661364  -0.806  -1.718  -3.265  -6.481   0
   4.60670280  -0.800  -1.708  -3.256  -6.476   0
   4.60674572  -0.794  -1.701  -3.248  -6.470   1
   4.60676718  -0.788  -1.694  -3.242  -6.465   0
   4.60677814  -0.782  -1.688  -3.236  -6.458   0
   4.60678291  -0.776  -1.683  -3.231  -6.453   0
   4.60678768  -0.770  -1.677  -3.225  -6.447   0
   4.60679245  -0.764  -1.671  -3.219  -6.441   0
   4.60679722  -0.758  -1.665  -3.213  -6.434   0
   4.60680199  -0.752  -1.659  -3.207  -6.428   0
   4.60680676  -0.745  -1.653  -3.200  -6.421   0
   4.60681152  -0.738  -1.646  -3.194  -6.414   0
   4.60681629  -0.731  -1.639  -3.187  -6.407   0
   4.60682106  -0.724  -1.632  -3.180  -6.399   0
   4.60682583  -0.716  -1.625  -3.173  -6.391   0
   4.60683060  -0.708  -1.617  -3.165  -6.383   0
   4.60683537  -0.699  -1.609  -3.157  -6.374   0
   4.60684013  -0.691  -1.601  -3.148  -6.365   0
   4.60684490  -0.681  -1.592  -3.139  -6.356   0
   4.60684967  -0.672  -1.582  -3.130  -6.346   0
   4.60685444  -0.662  -1.573  -3.120  -6.336   0
   4.60685921  -0.651  -1.562  -3.110  -6.324   0
   4.60686398  -0.639  -1.551  -3.099  -6.313   0
   4.60686874  -0.627  -1.540  -3.088  -6.300   0
   4.60687351  -0.614  -1.527  -3.075  -6.287   0
   4.60688162  -0.600  -1.514  -3.062  -6.272   0
