   0.15000001  15.664  14.049  12.441  10.267   0
   0.20000000  14.480  13.033  11.517   9.567   0
   0.25000000  13.765  12.410  10.940   9.107   0
   0.30000001  13.186  11.897  10.470   8.724   0
   0.34999999  12.696  11.461  10.074   8.398   0
   0.40000001  12.190  10.996   9.641   8.028   0
   0.44999999  11.738  10.579   9.265   7.718   0
   0.50000000  11.254  10.124   8.858   7.380   0
   0.55000001  10.714   9.628   8.420   7.023   0
   0.60000002  10.167   9.148   8.001   6.686   0
   0.69999999   8.813   8.055   7.065   5.961   0
   0.80000001   7.355   6.978   6.158   5.269   0
   0.89999998   6.227   6.115   5.441   4.693   0
   1.00000000   5.415   5.431   4.862   4.202   0
   1.10000002   4.699   4.780   4.305   3.731   0
   1.20000005   4.142   4.234   3.833   3.335   0
   1.29999995   3.670   3.741   3.408   2.993   0
   1.39999998   3.271   3.296   3.035   2.729   0
   1.50000000   2.919   2.896   2.706   2.510   0
   1.60000002   2.615   2.571   2.448   2.341   0
   1.70000005   2.333   2.302   2.232   2.184   0
   1.79999995   2.091   2.094   2.060   2.052   0
   1.85000002   1.914   1.944   1.928   1.935   0
   1.89999998   1.852   1.906   1.903   1.924   0
   2.00000000   1.642   1.746   1.764   1.801   0
   2.20000005   1.271   1.470   1.520   1.582   0
   2.50000000   0.803   1.123   1.202   1.288   0
   3.00000000   0.183   0.645   0.754   0.868   0
   3.50000000  -0.305   0.255   0.385   0.519   0
   4.00000000  -0.707  -0.076   0.070   0.221   0
   4.50000000  -1.049  -0.362  -0.202  -0.036   0
   5.00000000  -1.360  -0.628  -0.456  -0.278   0
   5.11409044  -1.428  -0.687  -0.512  -0.332   0
   6.00000000  -1.916  -1.108  -0.916  -0.716   0
   7.00000000  -2.394  -1.525  -1.316  -1.099   0
   7.42731047  -2.582  -1.692  -1.478  -1.254   0
   9.00000000  -3.223  -2.266  -2.035  -1.792   0
   9.02875137  -3.233  -2.276  -2.045  -1.801   0
  11.58782005  -4.136  -3.107  -2.857  -2.592   0
  12.00000000  -4.285  -3.248  -2.995  -2.728   0
  13.35495090  -4.733  -3.675  -3.417  -3.144   1
  14.78468418  -5.253  -4.186  -3.929  -3.658   0
  15.00000000  -5.342  -4.278  -4.021  -3.752   0
  15.88644505  -5.668  -4.613  -4.361  -4.099   0
  16.86878014  -6.119  -5.093  -4.857  -4.617   0
  17.27801895  -6.343  -5.340  -5.113  -4.886   0
  17.50189972  -6.459  -5.466  -5.243  -5.021   0
  17.56556511  -6.466  -5.465  -5.240  -5.015   0
  17.62212563  -6.429  -5.393  -5.159  -4.921   0
  17.62944603  -6.409  -5.355  -5.110  -4.860   0
  17.63055229  -6.404  -5.346  -5.100  -4.847   1
  17.63328552  -6.428  -5.380  -5.141  -4.898   0
  17.63451195  -6.481  -5.450  -5.217  -4.983   0
  17.63479424  -6.497  -5.471  -5.240  -5.008   0
  17.63569832  -6.558  -5.551  -5.326  -5.101   0
  17.63660431  -6.628  -5.642  -5.423  -5.207   0
  17.63732719  -6.691  -5.728  -5.514  -5.305   0
  17.63796043  -6.744  -5.808  -5.599  -5.396   0
  17.63868523  -6.801  -5.897  -5.694  -5.499   0
  17.63922882  -6.860  -5.973  -5.776  -5.591   0
  17.63977242  -6.935  -6.053  -5.867  -5.695   0
  17.64031410  -6.993  -6.136  -5.957  -5.794   0
  17.64076614  -7.043  -6.209  -6.035  -5.881   0
  17.64094734  -7.065  -6.242  -6.071  -5.921   0
  17.64161491  -7.135  -6.348  -6.186  -6.049   0
  17.64216995  -7.196  -6.449  -6.296  -6.171   0
  17.64272690  -7.258  -6.559  -6.414  -6.303   0
  17.64306068  -7.308  -6.630  -6.495  -6.398   0
  17.64350510  -7.371  -6.722  -6.601  -6.520   0
  17.64394951  -7.416  -6.834  -6.718  -6.647   0
  17.64439392  -7.460  -6.958  -6.849  -6.789   0
  17.64483833  -7.514  -7.077  -6.983  -6.941   0
  17.64517212  -7.548  -7.169  -7.086  -7.060   0
  17.64550591  -7.593  -7.254  -7.190  -7.190   0
  17.64572906  -7.604  -7.331  -7.278  -7.292   0
  17.64606285  -7.596  -7.440  -7.399  -7.430   0
  17.64639664  -7.605  -7.496  -7.497  -7.578   0
  17.64672852  -7.527  -7.571  -7.601  -7.719   0
  17.64706421  -7.385  -7.582  -7.661  -7.847   0
  17.64717484  -7.308  -7.546  -7.663  -7.894   3
  17.64739799  -7.170  -7.455  -7.652  -7.969   0
  17.64761925  -7.008  -7.324  -7.626  -8.042   0
  17.64772987  -6.876  -7.209  -7.597  -8.088   0
  17.64795303  -6.630  -7.002  -7.523  -8.127   0
  17.64817619  -6.298  -6.751  -7.424  -8.151   0
  17.64839745  -5.847  -6.447  -7.290  -8.145   0
  17.64862061  -5.212  -6.067  -7.103  -8.099   0
  17.64884377  -4.433  -5.633  -6.859  -8.001   0
  17.64906693  -3.865  -5.323  -6.667  -7.910   0
  17.64928818  -3.489  -5.123  -6.536  -7.850   4
  17.64959335  -3.276  -5.075  -6.554  -7.929   0
  17.64966965  -3.184  -5.066  -6.579  -7.990   0
  17.64974594  -3.135  -5.085  -6.626  -8.065   0
  17.64989853  -3.114  -5.120  -6.683  -8.144   0
  17.65005112  -3.083  -5.152  -6.740  -8.225   0
  17.65043259  -3.060  -5.191  -6.803  -8.312   0
  17.65492630  -3.026  -5.280  -6.940  -8.498   2
  17.68099022  -3.059  -5.240  -6.872  -8.398   0
  17.70655441  -3.120  -5.220  -6.821  -8.316   0
  17.74931908  -3.261  -5.252  -6.810  -8.259   0
  17.79199409  -3.449  -5.330  -6.845  -8.246   0
  17.81378365  -3.746  -5.496  -6.959  -8.307   0
  17.81857681  -4.809  -6.054  -7.301  -8.453   0
  17.81975746  -5.571  -6.445  -7.487  -8.483   0
  17.82034683  -5.898  -6.624  -7.556  -8.473   0
  17.82093811  -6.155  -6.770  -7.611  -8.462   0
  17.82165909  -6.367  -6.903  -7.655  -8.440   0
  17.82283974  -6.621  -7.069  -7.709  -8.407   0
  17.82460785  -6.841  -7.226  -7.755  -8.364   0
  17.82670403  -6.977  -7.334  -7.782  -8.323   0
  17.82899475  -7.067  -7.407  -7.800  -8.295   0
  17.83128357  -7.123  -7.454  -7.810  -8.273   0
  17.83585930  -7.198  -7.518  -7.825  -8.247   0
  17.84271049  -7.277  -7.587  -7.845  -8.223   0
  17.84948540  -7.336  -7.633  -7.859  -8.206   0
  17.85865211  -7.522  -7.780  -7.920  -8.180   3
  17.86973763  -7.850  -7.488  -7.413  -7.399   0
  17.88434029  -7.618  -6.952  -6.833  -6.755   0
  17.91728210  -7.542  -6.855  -6.720  -6.621   1
  18.02557564  -7.632  -6.958  -6.839  -6.761   0
  18.09160233  -7.667  -7.028  -6.911  -6.837   0
  18.14231300  -7.697  -7.095  -6.980  -6.909   0
  18.18483353  -7.727  -7.169  -7.057  -6.990   0
  18.21757317  -7.754  -7.244  -7.133  -7.071   0
  18.21973038  -7.756  -7.248  -7.138  -7.076   0
  18.24812508  -7.793  -7.321  -7.219  -7.167   0
  18.27105904  -7.826  -7.392  -7.298  -7.257   0
  18.29338264  -7.859  -7.473  -7.388  -7.360   0
  18.31183243  -7.897  -7.544  -7.474  -7.465   0
  18.32857132  -7.923  -7.625  -7.568  -7.577   0
  18.33945084  -7.930  -7.692  -7.643  -7.664   0
  18.34946823  -7.923  -7.762  -7.721  -7.751   0
  18.35862160  -7.928  -7.806  -7.789  -7.849   0
  18.36679840  -7.918  -7.845  -7.856  -7.948   0
  18.37399864  -7.881  -7.880  -7.917  -8.039   0
  18.38043785  -7.820  -7.925  -7.976  -8.118   0
  18.38600731  -7.727  -7.921  -8.001  -8.189   0
  18.39070511  -7.611  -7.866  -8.004  -8.260   3
  18.39354706  -7.521  -7.805  -7.997  -8.309   0
  18.39606094  -7.414  -7.725  -7.982  -8.360   0
  18.39846611  -7.288  -7.619  -7.959  -8.409   0
  18.40054321  -7.141  -7.498  -7.928  -8.455   0
  18.40251160  -6.964  -7.355  -7.886  -8.496   0
  18.40437126  -6.706  -7.166  -7.819  -8.526   0
  18.40590286  -6.374  -6.945  -7.732  -8.543   0
  18.40754318  -5.745  -6.562  -7.566  -8.533   0
  18.40841866  -5.323  -6.328  -7.447  -8.501   0
  18.40929413  -4.854  -6.070  -7.304  -8.446   0
  18.41104507  -3.982  -5.591  -6.998  -8.293   0
  18.41803169  -3.368  -5.374  -6.938  -8.390   0
  18.43824005  -3.284  -5.364  -6.958  -8.440   0
  18.45405006  -3.233  -5.371  -6.987  -8.492   0
  18.47335815  -3.220  -5.398  -7.029  -8.552   0
  18.48419952  -3.208  -5.419  -7.063  -8.601   0
  18.49852371  -3.327  -5.519  -7.175  -8.777   2
  18.50657272  -3.590  -5.610  -7.241  -8.923   0
