   0.15000001  16.085  14.555  12.979  10.472   0
   0.20000000  14.908  13.498  11.999   9.725   0
   0.25000000  14.207  12.845  11.381   9.229   0
   0.30000001  13.692  12.350  10.901   8.867   0
   0.34999999  13.257  11.929  10.491   8.564   0
   0.40000001  12.828  11.511  10.084   8.241   0
   0.44999999  12.382  11.080   9.679   7.937   0
   0.50000000  11.899  10.610   9.238   7.615   0
   0.55000001  11.413  10.136   8.804   7.270   0
   0.60000002  10.933   9.671   8.385   6.927   0
   0.67330474  10.068   8.906   7.716   6.393   0
   0.69999999   9.759   8.642   7.487   6.211   0
   0.70039654   9.753   8.637   7.483   6.208   0
   0.80000001   8.325   7.535   6.546   5.491   0
   0.82359314   7.988   7.283   6.332   5.328   0
   0.89686185   6.995   6.548   5.714   4.850   0
   0.89999998   6.956   6.518   5.690   4.830   0
   0.91798311   6.752   6.360   5.557   4.721   0
   0.96249855   6.262   5.979   5.235   4.454   0
   0.99843901   5.904   5.690   4.990   4.249   0
   1.00000000   5.890   5.678   4.980   4.240   0
   1.03078282   5.603   5.437   4.773   4.062   0
   1.05774617   5.359   5.231   4.594   3.908   0
   1.08078027   5.166   5.063   4.448   3.780   0
   1.10000002   5.017   4.929   4.330   3.677   0
   1.11329627   4.910   4.831   4.243   3.600   0
   1.12693322   4.802   4.732   4.156   3.522   0
   1.13871229   4.713   4.650   4.082   3.457   0
   1.14562130   4.661   4.602   4.040   3.419   0
   1.15076089   4.626   4.570   4.011   3.393   0
   1.16648281   4.523   4.474   3.925   3.316   0
   1.18284822   4.422   4.379   3.838   3.237   0
   1.19079685   4.376   4.335   3.798   3.199   0
   1.20000005   4.322   4.284   3.751   3.156   0
   1.20150816   4.313   4.275   3.743   3.149   0
   1.23166513   4.150   4.117   3.595   3.010   0
   1.26573372   3.996   3.962   3.444   2.862   1
   1.29999995   3.869   3.826   3.304   2.719   0
   1.30011976   3.868   3.826   3.304   2.718   0
   1.33765018   3.749   3.693   3.160   2.564   0
   1.37063563   3.669   3.594   3.043   2.432   0
   1.39964938   3.616   3.520   2.948   2.319   0
   1.39999998   3.616   3.519   2.947   2.317   0
   1.41121387   3.595   3.489   2.909   2.271   0
   1.42329311   3.562   3.449   2.861   2.217   0
   1.43044221   3.530   3.414   2.824   2.178   2
   1.43648517   3.471   3.357   2.772   2.130   0
   1.44045568   3.384   3.277   2.704   2.073   0
   1.44309890   3.211   3.125   2.583   1.978   0
   1.44383204   3.055   2.987   2.472   1.892   0
   1.44423294   2.906   2.845   2.354   1.797   1
   1.44442475   3.002   2.937   2.428   1.854   0
   1.44706726   3.175   3.044   2.451   1.802   0
   1.45271719   3.447   3.227   2.551   1.831   0
   1.45571649   3.705   3.413   2.677   1.907   0
   1.45753360   3.934   3.575   2.794   1.986   0
   1.45928514   4.156   3.732   2.908   2.063   0
   1.46153784   4.403   3.891   3.019   2.127   0
   1.46237028   4.478   3.935   3.046   2.139   4
   1.46680212   4.536   3.893   2.948   1.990   0
   1.47057998   4.408   3.706   2.732   1.746   0
   1.47386873   4.234   3.486   2.489   1.482   0
   1.47631228   4.087   3.301   2.285   1.261   0
   1.47851717   3.943   3.118   2.083   1.042   0
   1.48047400   3.818   2.955   1.899   0.842   0
   1.48214102   3.711   2.811   1.738   0.667   0
   1.48361003   3.627   2.691   1.602   0.515   0
   1.48488617   3.557   2.591   1.487   0.387   0
   1.48602533   3.511   2.525   1.413   0.305   0
   1.48697233   3.480   2.483   1.365   0.253   0
   1.48781133   3.453   2.445   1.323   0.206   0
   1.48854601   3.430   2.412   1.286   0.165   0
   1.48921239   3.409   2.382   1.252   0.128   0
   1.48980725   3.387   2.352   1.217   0.089   0
   1.49047327   3.360   2.310   1.169   0.034   0
   1.49064374   3.354   2.301   1.159   0.024   2
   1.49147403   3.378   2.344   1.211   0.083   0
   1.49234891   3.311   2.240   1.089  -0.054   0
   1.49325049   3.239   2.120   0.949  -0.213   0
   1.49407840   3.170   2.006   0.816  -0.363   0
   1.49486375   3.104   1.887   0.674  -0.525   0
   1.49561846   3.046   1.773   0.535  -0.688   0
   1.49626088   3.002   1.666   0.402  -0.847   0
   1.49681032   2.957   1.563   0.276  -0.996   0
   1.49728930   2.916   1.460   0.149  -1.148   0
   1.49770212   2.888   1.371   0.036  -1.285   0
   1.49806368   2.864   1.285  -0.074  -1.418   0
   1.49846339   2.842   1.188  -0.201  -1.578   0
   1.49876630   2.830   1.106  -0.312  -1.720   0
   1.49902999   2.809   1.024  -0.418  -1.852   0
   1.49928617   2.789   0.931  -0.540  -2.004   0
   1.49950767   2.796   0.858  -0.643  -2.140   0
   1.49967909   2.790   0.812  -0.712  -2.248   0
   1.49986422   2.709   0.782  -0.756  -2.371   0
   1.50000000   2.647   0.771  -0.777  -2.458   0
   1.50000978   2.642   0.770  -0.778  -2.464   0
   1.50015759   2.542   0.716  -0.841  -2.584   0
   1.50029910   2.430   0.687  -0.879  -2.709   0
   1.50041974   2.328   0.659  -0.914  -2.824   0
   1.50053549   2.274   0.665  -0.918  -2.939   3
   1.50063503   2.227   0.684  -0.908  -3.043   0
   1.50071704   2.210   0.763  -0.838  -3.126   0
   1.50080049   2.128   0.739  -0.866  -3.243   0
   1.50088573   2.188   0.936  -0.657  -3.267   0
   1.50095797   2.213   1.053  -0.527  -3.302   0
   1.50102544   2.239   1.174  -0.393  -3.337   0
   1.50106716   2.300   1.316  -0.240  -3.328   0
   1.50106716   3.039   2.061   0.950  -0.141   1
   1.50158024   3.020   2.008   0.883  -0.224   0
   1.50194752   3.012   1.995   0.867  -0.242   0
   1.50251782   3.010   1.997   0.872  -0.235   0
   1.50347507   3.004   1.998   0.876  -0.228   0
   1.50445437   2.997   1.998   0.878  -0.222   0
   1.50543559   2.990   1.996   0.878  -0.220   0
   1.50642967   2.983   1.992   0.876  -0.220   0
   1.50742221   2.973   1.988   0.874  -0.220   0
   1.50843918   2.965   1.984   0.872  -0.219   0
   1.50951290   2.956   1.980   0.870  -0.219   0
   1.51058328   2.948   1.975   0.866  -0.222   0
   1.51164925   2.940   1.968   0.860  -0.226   0
   1.51267791   2.932   1.962   0.855  -0.231   0
   1.51288772   2.931   1.961   0.854  -0.232   0
   1.51380491   2.926   1.955   0.847  -0.239   0
   1.51505709   2.915   1.943   0.835  -0.252   0
   1.51634634   2.907   1.928   0.817  -0.272   0
   1.51745319   2.900   1.910   0.794  -0.300   0
   1.51923621   2.877   1.862   0.735  -0.370   0
   1.51976740   2.864   1.833   0.700  -0.412   0
   1.52058899   2.847   1.792   0.648  -0.473   0
   1.52197278   2.801   1.700   0.535  -0.605   0
   1.52253556   2.782   1.646   0.467  -0.687   0
   1.52273965   2.749   1.549   0.342  -0.836   0
   1.52279007   2.730   1.473   0.242  -0.960   0
   1.52282989   2.690   1.320   0.043  -1.207   0
   1.52284217   2.676   1.245  -0.056  -1.331   0
   1.52285647   2.661   1.161  -0.167  -1.468   0
   1.52287340   2.654   1.097  -0.253  -1.577   0
   1.52288604   2.655   1.075  -0.283  -1.615   0
   1.52294290   2.658   1.139  -0.196  -1.506   0
   1.52320337   2.662   1.190  -0.127  -1.417   1
   1.52346110   2.655   1.114  -0.230  -1.547   0
   1.52362573   2.648   1.034  -0.338  -1.683   0
   1.52377558   2.643   0.946  -0.459  -1.842   0
   1.52390027   2.649   0.858  -0.585  -2.009   0
   1.52399850   2.647   0.770  -0.707  -2.167   0
   1.52407610   2.699   0.717  -0.800  -2.305   0
   1.52413249   2.671   0.696  -0.841  -2.411   0
   1.52418196   2.591   0.663  -0.884  -2.521   0
   1.52421677   2.510   0.627  -0.928  -2.622   0
   1.52425194   2.413   0.597  -0.967  -2.733   0
   1.52427971   2.312   0.564  -1.006  -2.842   0
   1.52430189   2.232   0.564  -1.012  -2.935   3
   1.52432406   2.212   0.624  -0.964  -3.025   0
   1.52434754   2.164   0.654  -0.943  -3.134   0
   1.52437329   2.107   0.685  -0.919  -3.246   0
   1.52439857   2.104   0.788  -0.813  -3.311   0
   1.52442861   2.140   0.930  -0.657  -3.342   0
   1.52445781   2.208   1.120  -0.450  -3.353   0
   1.52446342   2.180   1.045  -0.531  -3.351   2
   1.52446592   2.216   1.155  -0.411  -3.362   0
   1.52446771   2.278   1.302  -0.253  -3.355   0
   1.52447128   2.392   1.534  -0.013  -3.313   0
   1.52447176   2.399   1.549   0.002  -3.310   0
   1.52447546   2.421   1.599   0.052  -3.305   1
   1.52447927   2.443   1.649   0.102  -3.300   0
   1.52448297   2.464   1.699   0.153  -3.294   0
   1.52448666   2.486   1.749   0.204  -3.289   0
   1.52449048   2.509   1.801   0.256  -3.284   0
   1.52449417   2.531   1.853   0.308  -3.278   0
   1.52449787   2.554   1.904   0.360  -3.273   0
   1.52450168   2.576   1.956   0.412  -3.267   0
   1.52450538   2.599   2.008   0.464  -3.262   0
   1.52450907   2.621   2.060   0.516  -3.256   0
   1.52451289   2.644   2.112   0.569  -3.251   0
   1.52451658   2.667   2.164   0.621  -3.245   0
   1.52452040   2.689   2.216   0.673  -3.240   0
   1.52452409   2.709   2.264   0.721  -3.236   1
   1.52452779   2.712   2.295   0.748  -3.243   0
   1.52453077   2.714   2.319   0.769  -3.249   0
   1.52453387   2.717   2.344   0.790  -3.254   0
   1.52453756   2.720   2.374   0.816  -3.261   0
   1.52454054   2.722   2.398   0.837  -3.267   0
   1.52454424   2.726   2.429   0.863  -3.273   0
   1.52454805   2.729   2.459   0.889  -3.280   0
   1.52455175   2.733   2.484   0.911  -3.284   0
   1.52456045   2.737   2.515   0.937  -3.290   0
   1.52456915   2.740   2.545   0.963  -3.296   0
   1.52457798   2.744   2.576   0.990  -3.302   0
   1.52458656   2.748   2.608   1.017  -3.308   0
   1.52459502   2.752   2.639   1.044  -3.315   0
   1.52460349   2.756   2.670   1.070  -3.321   0
   1.52461195   2.760   2.701   1.098  -3.327   0
   1.52462041   2.765   2.734   1.126  -3.332   0
   1.52462757   2.770   2.766   1.153  -3.336   0
   1.52463424   2.774   2.789   1.173  -3.344   0
   1.52463841   2.787   2.819   1.199  -3.344   0
   1.52463949   2.806   2.853   1.230  -3.335   0
   1.52463949   2.816   2.869   1.245  -3.329   0
   1.52463949   2.827   2.887   1.261  -3.323   0
   1.52463949   2.839   2.908   1.280  -3.317   0
   1.52463949   2.853   2.931   1.301  -3.309   0
   1.52463949   2.887   2.988   1.353  -3.290   0
