   0.15000001  16.095  14.564  12.987  10.477   0
   0.20000000  14.927  13.515  12.014   9.739   0
   0.25000000  14.234  12.870  11.405   9.252   0
   0.30000001  13.725  12.383  10.934   8.898   0
   0.34999999  13.292  11.964  10.526   8.598   0
   0.40000001  12.855  11.538  10.111   8.268   0
   0.44999999  12.404  11.102   9.699   7.954   0
   0.50000000  11.925  10.637   9.263   7.636   0
   0.55000001  11.444  10.168   8.833   7.296   0
   0.60000002  10.972   9.710   8.422   6.960   0
   0.61796701  10.777   9.523   8.255   6.825   0
   0.69999999   9.846   8.718   7.556   6.269   0
   0.71777380   9.594   8.515   7.383   6.137   0
   0.80000001   8.470   7.650   6.647   5.574   0
   0.89999998   7.199   6.704   5.848   4.959   0
   1.00000000   6.173   5.917   5.188   4.421   0
   1.10000002   5.351   5.241   4.615   3.938   0
   1.20000005   4.664   4.633   4.094   3.494   0
   1.26617527   4.286   4.283   3.794   3.242   0
   1.29999995   4.108   4.113   3.649   3.120   0
   1.39999998   3.637   3.651   3.252   2.791   0
   1.50000000   3.234   3.239   2.904   2.520   0
   1.54049063   3.082   3.076   2.768   2.422   0
   1.60000002   2.870   2.846   2.576   2.283   0
   1.70000005   2.552   2.499   2.287   2.075   0
   1.79999995   2.265   2.195   2.035   1.888   0
   1.88465655   2.038   1.966   1.844   1.739   0
   1.89999998   1.998   1.928   1.811   1.713   0
   1.95000005   1.870   1.804   1.706   1.627   0
   2.00000000   1.747   1.685   1.603   1.539   0
   2.13661885   1.425   1.390   1.343   1.313   0
   2.20000005   1.281   1.258   1.225   1.207   0
   2.32988644   0.997   1.004   0.996   0.998   0
   2.48669910   0.666   0.707   0.720   0.739   0
   2.50000000   0.638   0.681   0.696   0.717   0
   2.63211107   0.368   0.432   0.460   0.489   0
   2.74334288   0.144   0.219   0.253   0.284   0
   2.83780122  -0.047   0.029   0.064   0.095   1
   2.91890359  -0.210  -0.143  -0.109  -0.081   0
   2.98864603  -0.348  -0.296  -0.266  -0.245   0
   3.00000000  -0.370  -0.321  -0.292  -0.273   0
   3.05657315  -0.482  -0.454  -0.431  -0.420   0
   3.10929799  -0.587  -0.591  -0.577  -0.577   0
   3.13302517  -0.633  -0.652  -0.644  -0.652   0
   3.15505409  -0.682  -0.711  -0.708  -0.722   0
   3.16871476  -0.721  -0.752  -0.748  -0.762   0
   3.17886186  -0.765  -0.785  -0.776  -0.784   0
   3.18602705  -0.819  -0.812  -0.791  -0.787   0
   3.19081903  -0.905  -0.836  -0.794  -0.770   0
   3.19216156  -0.979  -0.853  -0.795  -0.756   0
   3.19290137  -1.062  -0.876  -0.804  -0.753   0
   3.19299960  -1.031  -0.854  -0.783  -0.734   0
   3.19317532  -0.928  -0.799  -0.741  -0.701   4
   3.19340825  -0.916  -0.846  -0.803  -0.779   0
   3.19372582  -0.970  -0.958  -0.932  -0.928   0
   3.19415450  -0.992  -1.040  -1.041  -1.065   0
   3.19455957  -0.980  -1.075  -1.104  -1.158   0
   3.19501591  -0.942  -1.085  -1.150  -1.241   0
   3.19553709  -0.874  -1.050  -1.166  -1.316   3
   3.19591141  -0.813  -0.996  -1.161  -1.363   0
   3.19630194  -0.737  -0.920  -1.144  -1.408   0
   3.19670868  -0.641  -0.811  -1.104  -1.447   0
   3.19711828  -0.509  -0.672  -1.043  -1.476   0
   3.19753766  -0.316  -0.489  -0.957  -1.490   0
   3.19795680  -0.044  -0.265  -0.843  -1.476   0
   3.19836926   0.290  -0.015  -0.698  -1.418   0
   3.19878149   0.665   0.259  -0.518  -1.313   0
   3.19918728   1.046   0.540  -0.316  -1.176   0
   3.19958615   1.388   0.774  -0.149  -1.063   0
   3.19978404   1.505   0.845  -0.106  -1.044   4
   3.20033240   1.651   0.859  -0.161  -1.160   0
   3.20087695   1.639   0.752  -0.316  -1.356   0
   3.20134997   1.615   0.665  -0.433  -1.498   0
   3.20189047   1.599   0.586  -0.540  -1.632   0
   3.20246291   1.571   0.498  -0.654  -1.771   0
   3.20304656   1.537   0.406  -0.772  -1.913   0
   3.20373821   1.503   0.300  -0.909  -2.077   0
   3.20432329   1.461   0.204  -1.027  -2.215   0
   3.20489287   1.436   0.117  -1.140  -2.352   0
   3.20540619   1.435   0.048  -1.236  -2.477   0
   3.20595407   1.413  -0.040  -1.348  -2.614   0
   3.20646048   1.382  -0.121  -1.450  -2.735   0
   3.20697236   1.376  -0.173  -1.518  -2.820   2
   3.20842457   1.386  -0.108  -1.433  -2.715   0
   3.20984864   1.394  -0.046  -1.350  -2.610   0
   3.21127176   1.412   0.034  -1.246  -2.482   0
   3.21245861   1.418   0.108  -1.145  -2.354   0
   3.21361780   1.441   0.196  -1.031  -2.214   0
   3.21462178   1.470   0.279  -0.925  -2.087   0
   3.21572614   1.498   0.366  -0.812  -1.951   0
   3.21696067   1.529   0.456  -0.697  -1.813   0
   3.21865988   1.562   0.557  -0.566  -1.654   0
   3.22095704   1.592   0.656  -0.437  -1.496   0
   3.22508883   1.613   0.753  -0.301  -1.329   0
   3.23509765   1.543   0.775  -0.233  -1.220   4
   3.33167982   1.226   0.465  -0.539  -1.518   0
   3.34422183   1.179   0.419  -0.584  -1.561   0
   3.41716957   1.152   0.311  -0.733  -1.745   0
   3.45064616   1.208   0.263  -0.833  -1.888   0
   3.45550609   1.244   0.225  -0.905  -1.993   0
   3.45624280   1.252   0.178  -0.975  -2.085   0
   3.45645690   1.239   0.121  -1.051  -2.179   0
   3.45658946   1.230   0.053  -1.144  -2.296   0
   3.45670247   1.225  -0.008  -1.229  -2.402   0
   3.45687413   1.220  -0.072  -1.319  -2.514   0
   3.45774674   1.214  -0.093  -1.345  -2.547   0
   3.46072888   1.185  -0.258  -1.563  -2.819   0
   3.46178079   1.170  -0.368  -1.710  -3.002   0
   3.46284413   1.168  -0.483  -1.867  -3.202   0
   3.46355510   1.173  -0.563  -1.980  -3.349   0
   3.46421385   1.179  -0.648  -2.101  -3.509   0
   3.46467423   1.194  -0.714  -2.198  -3.639   0
   3.46517730   1.218  -0.794  -2.318  -3.801   0
   3.46560478   1.221  -0.860  -2.418  -3.956   0
   3.46596336   1.115  -0.886  -2.456  -4.088   0
   3.46637130   0.943  -0.928  -2.509  -4.270   0
   3.46671462   0.753  -0.964  -2.549  -4.439   3
   3.46687746   0.709  -0.952  -2.543  -4.519   0
   3.46701264   0.675  -0.941  -2.537  -4.584   0
   3.46713042   0.656  -0.925  -2.523  -4.626   0
   3.46723986   0.638  -0.906  -2.507  -4.665   0
   3.46735120   0.607  -0.889  -2.492  -4.722   0
   3.46748424   0.540  -0.863  -2.469  -4.831   0
   3.46766853   0.573  -0.648  -2.237  -4.902   0
   3.46773696   0.591  -0.573  -2.154  -4.921   0
   3.46776700   0.606  -0.527  -2.103  -4.927   0
   3.46778774   0.615  -0.499  -2.073  -4.930   0
   3.46780825   0.624  -0.471  -2.043  -4.933   0
   3.46782899   0.633  -0.443  -2.012  -4.936   0
   3.46784949   0.642  -0.415  -1.982  -4.939   0
   3.46787024   0.651  -0.388  -1.951  -4.942   0
   3.46789050   0.660  -0.360  -1.921  -4.945   0
   3.46791077   0.669  -0.333  -1.891  -4.948   0
   3.46793103   0.678  -0.305  -1.861  -4.951   0
   3.46795130   0.687  -0.278  -1.831  -4.954   0
   3.46797156   0.696  -0.250  -1.800  -4.957   0
   3.46799183   0.705  -0.222  -1.770  -4.960   0
   3.46801209   0.720  -0.186  -1.733  -4.957   0
   3.46803236   0.736  -0.149  -1.696  -4.953   1
   3.46804857   0.749  -0.119  -1.667  -4.950   0
   3.46806860   0.765  -0.083  -1.630  -4.946   0
   3.46808887   0.781  -0.046  -1.593  -4.942   0
   3.46818566   0.852   0.119  -1.427  -4.925   0
   3.46828151   0.908   0.247  -1.298  -4.911   0
   3.46837664   0.925   0.283  -1.261  -4.906   0
   3.46847105   0.940   0.317  -1.227  -4.902   0
   3.46856475   0.955   0.352  -1.192  -4.898   0
   3.46865749   0.970   0.386  -1.158  -4.895   0
   3.46874976   0.985   0.419  -1.124  -4.891   0
   3.46884108   0.999   0.453  -1.090  -4.887   0
   3.46893167   1.014   0.486  -1.057  -4.883   0
   3.46902156   1.028   0.519  -1.023  -4.880   1
   3.46911049   1.043   0.552  -0.991  -4.876   0
   3.46919870   1.057   0.584  -0.958  -4.872   0
   3.46928644   1.071   0.617  -0.925  -4.869   0
   3.46937299   1.077   0.639  -0.904  -4.871   0
   3.46945882   1.079   0.658  -0.888  -4.875   0
   3.46954393   1.081   0.676  -0.873  -4.878   0
   3.46962857   1.083   0.695  -0.857  -4.882   0
   3.46971202   1.085   0.712  -0.842  -4.886   0
   3.46979499   1.087   0.730  -0.826  -4.890   0
   3.46987724   1.089   0.748  -0.811  -4.893   0
   3.46995902   1.091   0.765  -0.796  -4.897   0
   3.47004032   1.093   0.783  -0.781  -4.900   0
   3.47012138   1.096   0.800  -0.766  -4.903   0
   3.47020197   1.099   0.818  -0.750  -4.906   0
   3.47027469   1.103   0.837  -0.734  -4.907   0
   3.47034669   1.111   0.858  -0.715  -4.905   0
   3.47038341   1.126   0.884  -0.691  -4.893   0
   3.47039795   1.162   0.934  -0.643  -4.861   0
   3.47040606   1.188   0.969  -0.609  -4.839   0
   3.47041035   1.204   0.990  -0.589  -4.825   0
   3.47041249   1.212   1.001  -0.579  -4.818   0
   3.47041392   1.218   1.009  -0.570  -4.813   1
   3.47041559   1.225   1.019  -0.562  -4.807   0
   3.47041702   1.232   1.028  -0.553  -4.801   0
   3.47041845   1.239   1.038  -0.543  -4.794   0
   3.47042012   1.248   1.049  -0.533  -4.787   0
   3.47042179   1.255   1.059  -0.522  -4.780   0
   3.47042322   1.264   1.071  -0.512  -4.773   0
   3.47042465   1.273   1.083  -0.500  -4.766   0
   3.47042632   1.282   1.095  -0.488  -4.758   0
   3.47042775   1.291   1.108  -0.476  -4.749   0
   3.47042918   1.302   1.122  -0.462  -4.740   0
   3.47043085   1.313   1.137  -0.448  -4.731   0
   3.47043228   1.325   1.153  -0.433  -4.720   0
   3.47043395   1.337   1.170  -0.417  -4.710   0
