   0.15000001  16.097  14.565  12.988  10.478   0
   0.20000000  14.929  13.517  12.016   9.740   0
   0.25000000  14.237  12.873  11.407   9.254   0
   0.30000001  13.729  12.387  10.938   8.902   0
   0.34999999  13.296  11.967  10.530   8.601   0
   0.40000001  12.860  11.543  10.117   8.274   0
   0.44999999  12.406  11.104   9.702   7.956   0
   0.49982709  11.932  10.644   9.270   7.642   0
   0.50000000  11.930  10.642   9.269   7.641   0
   0.55000001  11.448  10.171   8.836   7.299   0
   0.60000002  10.971   9.711   8.424   6.965   0
   0.69999999   9.824   8.706   7.550   6.272   0
   0.80000001   8.494   7.668   6.662   5.585   0
   0.84868073   7.844   7.183   6.252   5.275   0
   0.89999998   7.236   6.732   5.873   4.979   0
   1.00000000   6.236   5.969   5.233   4.460   0
   1.10000002   5.446   5.320   4.683   3.996   0
   1.19032013   4.764   4.725   4.177   3.569   0
   1.20000005   4.700   4.669   4.129   3.528   0
   1.29999995   4.154   4.161   3.695   3.165   0
   1.39999998   3.681   3.698   3.299   2.837   0
   1.50000000   3.290   3.298   2.963   2.581   0
   1.60000002   2.929   2.908   2.641   2.352   0
   1.70000005   2.618   2.568   2.365   2.165   0
   1.79999995   2.343   2.275   2.131   2.005   0
   1.89999998   2.081   2.025   1.928   1.855   0
   1.95000005   1.970   1.922   1.846   1.794   0
   2.00000000   1.853   1.821   1.762   1.726   0
   2.20000005   1.434   1.472   1.466   1.481   0
   2.50000000   0.898   1.053   1.099   1.154   0
   3.00000000   0.173   0.497   0.585   0.672   0
   3.06920576   0.087   0.430   0.521   0.612   0
   3.50000000  -0.411   0.036   0.147   0.256   0
   3.93513775  -0.838  -0.308  -0.181  -0.057   0
   4.00000000  -0.898  -0.358  -0.228  -0.103   0
   4.50000000  -1.345  -0.737  -0.592  -0.452   0
   4.58846855  -1.419  -0.801  -0.655  -0.512   0
   5.00000000  -1.769  -1.110  -0.953  -0.800   0
   5.07793331  -1.833  -1.167  -1.009  -0.854   0
   5.46243429  -2.157  -1.463  -1.297  -1.135   0
   5.77300501  -2.432  -1.719  -1.548  -1.382   0
   6.00000000  -2.645  -1.922  -1.749  -1.581   0
   6.04906178  -2.689  -1.965  -1.791  -1.623   0
   6.27952576  -2.917  -2.188  -2.013  -1.845   0
   6.47617722  -3.130  -2.403  -2.228  -2.063   1
   6.64322233  -3.332  -2.612  -2.439  -2.278   0
   6.78467274  -3.526  -2.820  -2.650  -2.494   0
   6.90270996  -3.710  -3.023  -2.857  -2.709   0
   6.95431280  -3.799  -3.121  -2.958  -2.813   0
   7.00000000  -3.880  -3.211  -3.049  -2.909   0
   7.03497744  -3.940  -3.273  -3.112  -2.973   0
   7.04913712  -3.960  -3.290  -3.129  -2.989   0
   7.06434822  -3.973  -3.290  -3.126  -2.982   0
   7.07461309  -3.962  -3.248  -3.077  -2.923   0
   7.07752609  -3.955  -3.215  -3.038  -2.875   0
   7.07931185  -3.968  -3.195  -3.009  -2.834   0
   7.07934380  -3.966  -3.193  -3.007  -2.833   0
   7.07981539  -3.911  -3.164  -2.984  -2.818   4
   7.08020401  -3.952  -3.238  -3.067  -2.913   0
   7.08053160  -4.042  -3.358  -3.194  -3.051   0
   7.08090973  -4.155  -3.505  -3.350  -3.219   0
   7.08132553  -4.266  -3.658  -3.512  -3.396   0
   7.08163404  -4.336  -3.761  -3.622  -3.517   0
   7.08195496  -4.401  -3.864  -3.733  -3.639   0
   7.08228874  -4.463  -3.967  -3.845  -3.765   0
   7.08264112  -4.516  -4.072  -3.960  -3.894   0
   7.08300400  -4.557  -4.177  -4.078  -4.028   0
   7.08337355  -4.582  -4.285  -4.199  -4.167   0
   7.08375549  -4.588  -4.395  -4.324  -4.312   0
   7.08394289  -4.579  -4.445  -4.386  -4.388   0
   7.08413696  -4.560  -4.493  -4.447  -4.466   0
   7.08433104  -4.528  -4.535  -4.509  -4.547   0
   7.08453083  -4.468  -4.557  -4.559  -4.629   0
   7.08472490  -4.374  -4.544  -4.592  -4.710   0
   7.08491850  -4.244  -4.484  -4.600  -4.791   3
   7.08511257  -4.075  -4.352  -4.576  -4.874   0
   7.08530617  -3.853  -4.142  -4.515  -4.952   0
   7.08550644  -3.505  -3.848  -4.406  -5.011   0
   7.08570004  -2.848  -3.402  -4.219  -5.028   0
   7.08589363  -1.861  -2.828  -3.920  -4.934   0
   7.08608770  -1.219  -2.437  -3.648  -4.765   0
   7.08627510  -0.740  -2.157  -3.452  -4.652   0
   7.08645678  -0.425  -2.060  -3.436  -4.727   4
   7.08657598  -0.293  -2.098  -3.539  -4.896   0
   7.08668900  -0.236  -2.163  -3.651  -5.060   0
   7.08684540  -0.175  -2.213  -3.742  -5.197   0
   7.08724070  -0.123  -2.260  -3.826  -5.321   0
   7.08797359  -0.122  -2.296  -3.889  -5.438   0
   7.08874416  -0.224  -2.314  -3.912  -5.541   0
   7.08955193  -0.337  -2.345  -3.946  -5.647   0
   7.09042215  -0.460  -2.376  -3.979  -5.753   2
   7.09289217  -0.533  -2.392  -3.994  -5.810   0
   7.10762882  -0.396  -2.377  -3.980  -5.704   0
   7.11467791  -0.271  -2.353  -3.953  -5.593   0
   7.12050581  -0.165  -2.338  -3.933  -5.490   0
   7.12654209  -0.146  -2.302  -3.873  -5.373   0
   7.13346434  -0.206  -2.264  -3.799  -5.260   0
   7.14378166  -0.295  -2.244  -3.739  -5.153   0
   7.16614866  -0.492  -2.303  -3.745  -5.093   0
   7.18034554  -0.925  -2.571  -3.951  -5.225   0
   7.18356466  -1.443  -2.892  -4.198  -5.384   0
   7.18516827  -2.201  -3.297  -4.451  -5.502   0
   7.18567038  -2.584  -3.497  -4.553  -5.533   0
   7.18617201  -2.943  -3.692  -4.644  -5.547   0
   7.18666744  -3.231  -3.854  -4.714  -5.550   0
   7.18767118  -3.614  -4.088  -4.805  -5.536   0
   7.18895960  -3.896  -4.280  -4.875  -5.510   0
   7.19048643  -4.076  -4.420  -4.925  -5.481   0
   7.19254923  -4.238  -4.557  -4.975  -5.455   0
   7.19492435  -4.435  -4.732  -5.022  -5.386   0
   7.20032120  -4.539  -4.826  -5.043  -5.340   1
   7.20947409  -4.456  -4.753  -5.037  -5.395   0
   7.23907995  -4.385  -4.696  -5.061  -5.492   0
   7.26120138  -4.261  -4.593  -5.055  -5.573   0
   7.27001858  -4.110  -4.477  -5.024  -5.616   0
   7.27619267  -3.921  -4.343  -4.983  -5.651   0
   7.28057146  -3.707  -4.200  -4.934  -5.676   0
   7.28401613  -3.452  -4.046  -4.874  -5.686   0
   7.28672695  -3.184  -3.890  -4.808  -5.687   0
   7.28893852  -2.901  -3.732  -4.737  -5.678   0
   7.29078102  -2.591  -3.567  -4.656  -5.658   0
   7.29290915  -2.237  -3.384  -4.563  -5.632   0
   7.29492712  -1.762  -3.138  -4.413  -5.568   0
   7.29774189  -1.220  -2.832  -4.199  -5.450   0
   7.30047464  -0.779  -2.579  -4.016  -5.348   0
   7.32143736  -0.406  -2.419  -3.937  -5.370   0
   7.32544899  -0.293  -2.423  -3.985  -5.468   0
   7.32562017  -0.280  -2.427  -3.996  -5.486   0
   7.32786894  -0.249  -2.450  -4.049  -5.593   0
   7.32868862  -0.351  -2.457  -4.061  -5.690   0
   7.32967329  -0.465  -2.471  -4.076  -5.787   0
   7.33098269  -0.581  -2.497  -4.103  -5.882   2
   7.33242607  -0.750  -2.522  -4.124  -6.004   0
   7.33399057  -0.834  -2.496  -4.103  -6.119   0
   7.33542824  -0.889  -2.443  -4.052  -6.220   0
   7.33668804  -0.959  -2.424  -4.033  -6.320   0
   7.33681536  -0.963  -2.422  -4.031  -6.326   0
