   0.15000001  16.096  14.564  12.987  10.478   0
   0.20000000  14.928  13.516  12.015   9.740   0
   0.25000000  14.236  12.872  11.407   9.254   0
   0.30000001  13.729  12.386  10.937   8.901   0
   0.34999999  13.295  11.967  10.529   8.601   0
   0.40000001  12.859  11.542  10.115   8.273   0
   0.44999999  12.405  11.104   9.701   7.956   0
   0.50000000  11.929  10.641   9.267   7.640   0
   0.55000001  11.447  10.170   8.835   7.298   0
   0.60000002  10.971   9.711   8.424   6.963   0
   0.69999999   9.829   8.709   7.552   6.272   0
   0.80000001   8.488   7.663   6.658   5.582   0
   0.89999998   7.222   6.720   5.863   4.970   0
   1.00000000   6.200   5.938   5.206   4.436   0
   1.10000002   5.381   5.267   4.639   3.959   0
   1.20000005   4.692   4.661   4.121   3.520   0
   1.29999995   4.143   4.150   3.685   3.154   0
   1.39999998   3.670   3.687   3.288   2.826   0
   1.50000000   3.277   3.284   2.950   2.567   0
   1.60000002   2.915   2.893   2.626   2.336   0
   1.70000005   2.602   2.552   2.347   2.145   0
   1.79999995   2.324   2.255   2.108   1.978   0
   1.89999998   2.062   2.003   1.903   1.825   0
   1.95000005   1.945   1.892   1.813   1.758   0
   2.00000000   1.829   1.791   1.727   1.687   0
   2.20000005   1.400   1.426   1.416   1.425   0
   2.21733928   1.366   1.398   1.392   1.404   0
   2.50000000   0.844   0.977   1.018   1.067   0
   2.80585384   0.352   0.585   0.656   0.727   0
   3.00000000   0.062   0.353   0.436   0.517   0
   3.22301149  -0.244   0.104   0.198   0.288   0
   3.50000000  -0.606  -0.200  -0.094   0.005   0
   3.55415606  -0.672  -0.256  -0.148  -0.048   0
   3.81306553  -0.991  -0.533  -0.416  -0.309   0
   4.00000000  -1.231  -0.749  -0.628  -0.517   0
   4.04248571  -1.284  -0.798  -0.676  -0.564   0
   4.22380114  -1.523  -1.022  -0.897  -0.784   0
   4.37687063  -1.736  -1.230  -1.103  -0.991   0
   4.50000000  -1.921  -1.417  -1.290  -1.179   1
   4.51634979  -1.945  -1.442  -1.315  -1.204   0
   4.62744331  -2.124  -1.631  -1.505  -1.399   0
   4.72162867  -2.289  -1.814  -1.691  -1.591   0
   4.80113792  -2.442  -1.991  -1.871  -1.777   0
   4.83606434  -2.514  -2.075  -1.957  -1.867   0
   4.86802483  -2.581  -2.152  -2.036  -1.949   0
   4.88753366  -2.624  -2.196  -2.080  -1.993   0
   4.90184021  -2.657  -2.219  -2.101  -2.013   3
   4.91182899  -2.678  -2.218  -2.097  -2.004   0
   4.91855764  -2.694  -2.188  -2.059  -1.955   0
   4.92046309  -2.708  -2.166  -2.030  -1.917   0
   4.92152977  -2.733  -2.155  -2.012  -1.890   0
   4.92165089  -2.718  -2.144  -2.001  -1.881   0
   4.92191792  -2.658  -2.116  -1.980  -1.867   0
   4.92221498  -2.688  -2.186  -2.057  -1.954   0
   4.92260027  -2.796  -2.342  -2.222  -2.132   0
   4.92297173  -2.878  -2.466  -2.354  -2.274   0
   4.92340136  -2.943  -2.582  -2.479  -2.411   0
   4.92389059  -2.987  -2.690  -2.596  -2.541   0
   4.92426109  -3.007  -2.759  -2.673  -2.629   0
   4.92478085  -3.019  -2.850  -2.776  -2.747   0
   4.92514038  -3.016  -2.906  -2.844  -2.829   0
   4.92552662  -3.000  -2.960  -2.914  -2.918   0
   4.92591286  -2.964  -2.997  -2.977  -3.006   0
   4.92629862  -2.895  -3.010  -3.028  -3.097   0
   4.92669725  -2.778  -2.973  -3.054  -3.188   3
   4.92708302  -2.623  -2.864  -3.036  -3.269   0
   4.92728233  -2.520  -2.756  -3.005  -3.313   0
   4.92746878  -2.402  -2.635  -2.962  -3.349   0
   4.92766762  -2.240  -2.479  -2.899  -3.382   0
   4.92785358  -2.027  -2.295  -2.822  -3.403   0
   4.92803955  -1.718  -2.063  -2.719  -3.409   0
   4.92823887  -1.268  -1.763  -2.571  -3.381   0
   4.92842484  -0.879  -1.515  -2.429  -3.321   0
   4.92859697  -0.556  -1.304  -2.293  -3.241   0
   4.92896891   0.084  -0.905  -2.021  -3.077   4
   4.92929411   0.359  -0.843  -2.050  -3.196   0
   4.92960596   0.431  -0.937  -2.212  -3.423   0
   4.92990398   0.448  -1.011  -2.322  -3.570   0
   4.93041897   0.471  -1.087  -2.436  -3.722   0
   4.93094730   0.494  -1.147  -2.527  -3.844   0
   4.93150234   0.515  -1.208  -2.619  -3.968   0
   4.93207026   0.531  -1.271  -2.712  -4.093   0
   4.93262482   0.539  -1.334  -2.803  -4.213   0
   4.93319225   0.556  -1.395  -2.894  -4.336   0
   4.93384075   0.569  -1.438  -2.957  -4.423   0
   4.93515015   0.582  -1.467  -3.002  -4.484   2
   4.94217348   0.545  -1.425  -2.930  -4.379   0
   4.94613934   0.518  -1.375  -2.851  -4.268   0
   4.94926023   0.500  -1.316  -2.763  -4.149   0
   4.95208883   0.481  -1.260  -2.677  -4.030   0
   4.95514441   0.456  -1.195  -2.579  -3.898   0
   4.95853281   0.431  -1.129  -2.478  -3.764   0
   4.96255922   0.411  -1.067  -2.384  -3.638   0
   4.96859121   0.376  -1.012  -2.295  -3.512   0
   4.98037052   0.272  -1.001  -2.238  -3.407   0
   4.98455667   0.227  -1.012  -2.234  -3.390   4
   4.99349070  -0.116  -1.229  -2.398  -3.497   0
   4.99761438  -0.477  -1.466  -2.578  -3.620   0
   5.00000000  -0.805  -1.672  -2.719  -3.709   0
   5.00118017  -0.987  -1.783  -2.793  -3.752   0
   5.00556755  -1.313  -1.980  -2.905  -3.800   0
   5.06823158  -1.561  -2.189  -3.085  -3.958   1
   5.10005236  -1.349  -2.094  -3.068  -3.998   0
   5.11311769  -1.002  -1.900  -2.962  -3.960   0
   5.12367392  -0.569  -1.652  -2.808  -3.884   0
   5.13806581  -0.069  -1.361  -2.606  -3.772   0
   5.15573597   0.198  -1.284  -2.603  -3.850   4
   5.15713692   0.280  -1.309  -2.669  -3.960   0
   5.15720701   0.289  -1.318  -2.685  -3.983   0
   5.15748119   0.324  -1.379  -2.782  -4.115   0
   5.15888500   0.360  -1.440  -2.880  -4.253   0
   5.15939808   0.385  -1.499  -2.971  -4.378   0
   5.16018486   0.415  -1.567  -3.076  -4.525   0
   5.16117620   0.450  -1.627  -3.172  -4.659   0
   5.16226864   0.464  -1.678  -3.255  -4.794   0
   5.16317320   0.365  -1.706  -3.292  -4.907   0
   5.16409349   0.239  -1.734  -3.326  -5.032   0
   5.16480923   0.110  -1.763  -3.357  -5.147   2
   5.16545630  -0.035  -1.789  -3.383  -5.261   0
   5.16598415  -0.107  -1.770  -3.369  -5.365   0
   5.16644335  -0.163  -1.750  -3.354  -5.463   0
   5.16707277  -0.249  -1.782  -3.388  -5.577   0
   5.16736174  -0.314  -1.779  -3.387  -5.669   0
   5.16759968  -0.371  -1.754  -3.361  -5.751   0
   5.16785431  -0.364  -1.654  -3.251  -5.795   0
   5.16829634  -0.388  -1.734  -3.339  -5.783   0
   5.16836405  -0.351  -1.608  -3.202  -5.803   0
   5.16844893  -0.312  -1.481  -3.062  -5.822   0
   5.16856766  -0.281  -1.387  -2.959  -5.831   0
