   0.15000001  16.067  14.540  12.965  10.463   0
   0.20000000  14.876  13.470  11.972   9.703   0
   0.25000000  14.162  12.802  11.340   9.190   0
   0.30000001  13.636  12.294  10.846   8.814   0
   0.34999999  13.199  11.871  10.433   8.506   0
   0.40000001  12.805  11.488  10.062   8.223   0
   0.42271045  12.589  11.279   9.866   8.075   0
   0.44850269  12.359  11.056   9.655   7.916   0
   0.44999999  12.345  11.043   9.643   7.907   0
   0.50000000  11.855  10.566   9.195   7.581   0
   0.55000001  11.362  10.085   8.756   7.230   0
   0.60000002  10.864   9.603   8.323   6.875   0
   0.62513691  10.551   9.321   8.076   6.678   0
   0.69999999   9.605   8.515   7.378   6.125   0
   0.71744096   9.325   8.299   7.194   5.984   0
   0.76544553   8.553   7.706   6.692   5.603   0
   0.80000001   8.006   7.298   6.345   5.338   0
   0.82016540   7.676   7.052   6.138   5.181   0
   0.85203052   7.207   6.700   5.838   4.942   0
   0.88006109   6.819   6.402   5.584   4.735   0
   0.89999998   6.560   6.200   5.413   4.592   0
   0.91958714   6.306   5.997   5.238   4.444   0
   0.93711895   6.085   5.818   5.083   4.311   0
   0.95308924   5.897   5.660   4.945   4.191   0
   0.96811181   5.729   5.516   4.819   4.079   0
   0.98259032   5.573   5.380   4.698   3.973   0
   0.98945707   5.503   5.318   4.643   3.922   0
   0.99575329   5.439   5.262   4.592   3.877   0
   1.00000000   5.397   5.225   4.559   3.847   0
   1.00531626   5.340   5.173   4.512   3.804   0
   1.00614381   5.331   5.166   4.505   3.798   0
   1.01137483   5.283   5.121   4.463   3.758   0
   1.01679695   5.230   5.072   4.418   3.717   0
   1.02539051   5.149   4.997   4.348   3.651   0
   1.03061640   5.098   4.949   4.304   3.609   0
   1.03882945   5.017   4.874   4.232   3.541   0
   1.04550195   4.951   4.811   4.173   3.485   0
   1.07467115   4.676   4.537   3.903   3.220   0
   1.09821391   4.512   4.340   3.684   2.982   0
   1.10000002   4.509   4.330   3.670   2.963   0
   1.11238372   4.508   4.276   3.575   2.835   3
   1.11997986   4.753   4.405   3.628   2.821   0
   1.12358057   5.007   4.556   3.716   2.853   0
   1.12661433   5.274   4.706   3.804   2.881   4
   1.13070917   5.394   4.716   3.758   2.777   0
   1.13356459   5.327   4.602   3.621   2.616   0
   1.13558948   5.228   4.479   3.484   2.468   0
   1.13739228   5.111   4.341   3.336   2.310   0
   1.13903654   4.992   4.202   3.187   2.153   0
   1.14047289   4.871   4.064   3.040   1.999   0
   1.14173782   4.753   3.926   2.891   1.842   0
   1.14279175   4.643   3.795   2.750   1.692   0
   1.14370954   4.534   3.665   2.609   1.543   0
   1.14455152   4.436   3.542   2.473   1.396   0
   1.14530134   4.341   3.422   2.341   1.252   0
   1.14595640   4.252   3.303   2.209   1.107   0
   1.14658093   4.161   3.179   2.070   0.955   0
   1.14707649   4.077   3.063   1.940   0.812   0
   1.14754963   3.992   2.946   1.808   0.667   0
   1.14800680   3.911   2.831   1.678   0.523   0
   1.14846122   3.842   2.728   1.560   0.391   0
   1.14874971   3.813   2.687   1.514   0.340   2
   1.14910567   3.869   2.781   1.624   0.466   0
   1.14920664   3.883   2.806   1.654   0.501   0
   1.14953458   3.807   2.693   1.525   0.357   0
   1.14986813   3.733   2.581   1.395   0.212   0
   1.15019798   3.662   2.462   1.255   0.054   0
   1.15046000   3.609   2.363   1.137  -0.084   0
   1.15073228   3.550   2.254   1.008  -0.234   0
   1.15096283   3.496   2.149   0.882  -0.380   0
   1.15116286   3.450   2.052   0.764  -0.519   0
   1.15136266   3.400   1.942   0.630  -0.677   0
   1.15151036   3.373   1.854   0.517  -0.813   0
   1.15168154   3.332   1.741   0.376  -0.983   0
   1.15180862   3.310   1.659   0.269  -1.117   0
   1.15191877   3.288   1.571   0.154  -1.261   0
   1.15202820   3.267   1.480   0.036  -1.409   0
   1.15212154   3.227   1.380  -0.088  -1.556   0
   1.15219951   3.238   1.313  -0.184  -1.686   0
   1.15226626   3.209   1.261  -0.259  -1.807   0
   1.15233135   3.130   1.226  -0.307  -1.928   0
   1.15239024   3.046   1.193  -0.352  -2.045   0
   1.15244126   2.955   1.162  -0.393  -2.159   0
   1.15249026   2.847   1.126  -0.438  -2.281   0
   1.15253305   2.757   1.105  -0.466  -2.396   0
   1.15257001   2.706   1.111  -0.471  -2.508   3
   1.15260530   2.666   1.153  -0.441  -2.618   0
   1.15263271   2.635   1.205  -0.397  -2.709   0
   1.15266180   2.559   1.191  -0.416  -2.823   0
   1.15268540   2.614   1.354  -0.240  -2.837   0
   1.15270936   2.657   1.503  -0.077  -2.861   0
   1.15272856   2.679   1.610   0.042  -2.894   0
   1.15274858   2.770   1.826   0.276  -2.884   0
   1.15276587   2.830   1.986   0.439  -2.883   0
   1.15278232   2.936   2.212   0.667  -2.848   0
   1.15279686   3.051   2.452   0.908  -2.804   0
   1.15280676   3.141   2.630   1.087  -2.766   0
   1.15280676   3.319   2.255   1.108  -0.020   1
   1.15293682   3.290   2.194   1.033  -0.108   0
   1.15306759   3.283   2.177   1.010  -0.135   0
   1.15318084   3.282   2.178   1.013  -0.131   0
   1.15344167   3.272   2.182   1.023  -0.114   0
   1.15370846   3.265   2.183   1.027  -0.107   0
   1.15397871   3.260   2.184   1.032  -0.099   0
   1.15425634   3.254   2.186   1.036  -0.091   0
   1.15453815   3.249   2.185   1.037  -0.088   0
   1.15482986   3.243   2.186   1.041  -0.082   0
   1.15512669   3.237   2.183   1.040  -0.081   0
   1.15541863   3.230   2.180   1.038  -0.081   0
   1.15571141   3.224   2.177   1.036  -0.082   0
   1.15600026   3.216   2.171   1.031  -0.086   0
   1.15616846   3.211   2.166   1.025  -0.091   0
   1.15627694   3.208   2.162   1.022  -0.095   0
   1.15654039   3.202   2.153   1.010  -0.108   0
   1.15681124   3.194   2.138   0.993  -0.127   0
   1.15708208   3.183   2.117   0.968  -0.156   0
   1.15750873   3.164   2.076   0.917  -0.217   0
   1.15760267   3.156   2.055   0.891  -0.248   0
   1.15775573   3.154   2.030   0.855  -0.293   0
   1.15809309   3.124   1.943   0.745  -0.426   0
   1.15814257   3.106   1.878   0.659  -0.530   0
   1.15817785   3.088   1.779   0.526  -0.699   0
   1.15818799   3.072   1.700   0.423  -0.828   0
   1.15819597   3.064   1.566   0.239  -1.063   0
   1.15819955   3.040   1.471   0.116  -1.213   0
   1.15820372   3.055   1.391  -0.001  -1.371   0
   1.15820992   3.060   1.325  -0.096  -1.498   0
   1.15821159   3.061   1.322  -0.100  -1.504   0
   1.15823066   3.050   1.397   0.009  -1.355   0
   1.15825701   3.033   1.412   0.037  -1.312   1
   1.15838039   3.057   1.336  -0.079  -1.474   0
   1.15843832   3.063   1.233  -0.226  -1.669   0
   1.15847278   3.074   1.152  -0.342  -1.824   0
   1.15850163   3.096   1.108  -0.423  -1.969   0
   1.15852511   3.013   1.101  -0.446  -2.094   0
   1.15854752   2.883   1.057  -0.503  -2.253   0
   1.15856028   2.775   1.014  -0.553  -2.371   0
   1.15856886   2.682   1.010  -0.564  -2.473   0
   1.15857756   2.639   1.036  -0.549  -2.583   0
   1.15858436   2.617   1.110  -0.486  -2.679   0
   1.15859127   2.573   1.156  -0.448  -2.782   0
   1.15859807   2.521   1.179  -0.426  -2.877   2
   1.15860415   2.643   1.441  -0.145  -2.845   0
   1.15861082   2.672   1.564  -0.009  -2.876   0
   1.15861738   2.768   1.785   0.229  -2.862   0
   1.15862536   2.827   1.953   0.405  -2.868   0
   1.15863323   2.994   2.272   0.727  -2.791   0
   1.15863860   3.124   2.547   1.004  -2.745   0
   1.15863919   3.212   2.710   1.167  -2.700   0
   1.15864015   3.232   2.756   1.214  -2.695   0
   1.15864110   3.252   2.802   1.260  -2.690   1
   1.15864205   3.256   2.830   1.284  -2.695   0
   1.15864313   3.259   2.857   1.308  -2.701   0
   1.15864408   3.262   2.884   1.331  -2.707   0
   1.15864503   3.265   2.911   1.354  -2.714   0
   1.15864599   3.267   2.938   1.377  -2.720   0
   1.15864694   3.270   2.966   1.401  -2.726   0
   1.15864789   3.273   2.993   1.424  -2.732   0
   1.15864897   3.276   3.020   1.448  -2.738   0
   1.15864992   3.279   3.047   1.471  -2.744   0
   1.15865088   3.282   3.074   1.494  -2.750   0
   1.15865183   3.285   3.102   1.518  -2.756   0
   1.15865278   3.288   3.129   1.541  -2.762   0
   1.15865362   3.290   3.151   1.560  -2.766   0
   1.15865457   3.293   3.179   1.584  -2.772   0
   1.15865552   3.297   3.206   1.608  -2.778   0
   1.15865648   3.300   3.234   1.631  -2.784   0
   1.15865743   3.303   3.261   1.655  -2.790   0
   1.15865850   3.306   3.289   1.679  -2.796   0
   1.15865946   3.307   3.311   1.697  -2.805   0
   1.15866041   3.305   3.326   1.709  -2.819   0
   1.15866137   3.303   3.343   1.721  -2.832   0
   1.15866232   3.303   3.360   1.735  -2.845   0
   1.15866327   3.304   3.381   1.751  -2.857   0
   1.15866423   3.310   3.406   1.773  -2.864   0
   1.15866470   3.331   3.448   1.810  -2.858   0
   1.15866470   3.348   3.478   1.838  -2.848   0
   1.15866470   3.374   3.523   1.878  -2.834   0
