   0.15000001  16.096  14.564  12.987  10.478   0
   0.20000000  14.928  13.516  12.015   9.740   0
   0.25000000  14.235  12.872  11.406   9.253   0
   0.30000001  13.728  12.385  10.936   8.900   0
   0.34999999  13.294  11.966  10.528   8.600   0
   0.40000001  12.858  11.541  10.114   8.272   0
   0.44999999  12.405  11.103   9.701   7.955   0
   0.50000000  11.928  10.640   9.266   7.639   0
   0.55000001  11.446  10.170   8.835   7.298   0
   0.60000002  10.971   9.711   8.423   6.963   0
   0.69999999   9.833   8.711   7.553   6.271   0
   0.80000001   8.484   7.660   6.656   5.580   0
   0.89999998   7.217   6.717   5.860   4.967   0
   1.00000000   6.194   5.933   5.202   4.432   0
   1.10000002   5.374   5.261   4.634   3.955   0
   1.20000005   4.685   4.654   4.115   3.514   0
   1.29999995   4.135   4.141   3.677   3.146   0
   1.39999998   3.663   3.679   3.280   2.818   0
   1.50000000   3.268   3.274   2.939   2.556   0
   1.60000002   2.905   2.883   2.615   2.325   0
   1.70000005   2.590   2.539   2.333   2.129   0
   1.79999995   2.309   2.240   2.091   1.959   0
   1.89999998   2.047   1.986   1.884   1.802   0
   1.95000005   1.927   1.871   1.790   1.731   0
   1.96246028   1.897   1.844   1.767   1.712   0
   2.00000000   1.810   1.767   1.701   1.657   0
   2.20000005   1.374   1.389   1.374   1.379   0
   2.42841530   0.932   1.024   1.050   1.087   0
   2.50000000   0.801   0.917   0.953   0.997   0
   2.79479671   0.300   0.507   0.572   0.637   0
   3.00000000  -0.028   0.233   0.312   0.387   0
   3.07453251  -0.141   0.139   0.222   0.299   0
   3.29205346  -0.464  -0.138  -0.045   0.039   0
   3.47177625  -0.730  -0.375  -0.276  -0.188   0
   3.50000000  -0.772  -0.414  -0.314  -0.225   0
   3.64143705  -0.989  -0.616  -0.514  -0.424   0
   3.77153635  -1.197  -0.818  -0.714  -0.625   0
   3.88223481  -1.381  -1.007  -0.902  -0.816   1
   3.97704840  -1.548  -1.186  -1.083  -1.000   0
   4.00000000  -1.591  -1.233  -1.131  -1.049   0
   4.06719542  -1.715  -1.375  -1.275  -1.198   0
   4.13625956  -1.849  -1.539  -1.443  -1.372   0
   4.16686106  -1.912  -1.616  -1.522  -1.455   0
   4.19496632  -1.973  -1.689  -1.596  -1.532   0
   4.21226358  -2.014  -1.731  -1.638  -1.575   0
   4.22539139  -2.050  -1.756  -1.662  -1.597   0
   4.23464966  -2.083  -1.762  -1.664  -1.594   3
   4.24088669  -2.123  -1.743  -1.636  -1.555   0
   4.24264431  -2.157  -1.730  -1.615  -1.525   0
   4.24359560  -2.197  -1.726  -1.603  -1.504   0
   4.24373341  -2.175  -1.709  -1.588  -1.489   0
   4.24399424  -2.102  -1.677  -1.562  -1.472   0
   4.24428511  -2.128  -1.757  -1.650  -1.571   0
   4.24467611  -2.225  -1.910  -1.813  -1.746   0
   4.24504709  -2.283  -2.018  -1.929  -1.873   0
   4.24548864  -2.322  -2.115  -2.036  -1.992   0
   4.24599981  -2.341  -2.201  -2.135  -2.106   0
   4.24649906  -2.340  -2.269  -2.218  -2.207   0
   4.24705172  -2.317  -2.326  -2.299  -2.312   0
   4.24743462  -2.286  -2.353  -2.348  -2.384   0
   4.24782658  -2.229  -2.354  -2.384  -2.457   0
   4.24822712  -2.142  -2.321  -2.401  -2.527   3
   4.24862719  -2.026  -2.239  -2.391  -2.594   0
   4.24902725  -1.875  -2.090  -2.347  -2.658   0
   4.24923182  -1.779  -1.990  -2.309  -2.685   0
   4.24942684  -1.663  -1.873  -2.259  -2.709   0
   4.24963140  -1.508  -1.728  -2.196  -2.726   0
   4.24982691  -1.298  -1.556  -2.117  -2.731   0
   4.25001335  -1.035  -1.362  -2.024  -2.722   0
   4.25020838  -0.742  -1.159  -1.916  -2.690   0
   4.25058985  -0.170  -0.773  -1.675  -2.562   0
   4.25096273   0.339  -0.435  -1.443  -2.416   0
   4.25114870   0.556  -0.307  -1.360  -2.373   4
   4.25152683   0.756  -0.279  -1.416  -2.503   0
   4.25191450   0.812  -0.374  -1.575  -2.725   0
   4.25228310   0.809  -0.462  -1.698  -2.879   0
   4.25278997   0.824  -0.533  -1.804  -3.020   0
   4.25339794   0.817  -0.620  -1.922  -3.170   0
   4.25395966   0.817  -0.695  -2.027  -3.304   0
   4.25451183   0.814  -0.772  -2.131  -3.436   0
   4.25509167   0.811  -0.853  -2.242  -3.576   0
   4.25565243   0.811  -0.927  -2.345  -3.707   0
   4.25621271   0.815  -0.989  -2.432  -3.822   0
   4.25747108   0.837  -1.016  -2.478  -3.889   2
   4.26292133   0.802  -0.967  -2.397  -3.771   0
   4.26600599   0.784  -0.907  -2.306  -3.648   0
   4.26853323   0.776  -0.830  -2.197  -3.509   0
   4.27087116   0.774  -0.749  -2.085  -3.365   0
   4.27293062   0.775  -0.677  -1.985  -3.237   0
   4.27520657   0.780  -0.602  -1.883  -3.107   0
   4.27841139   0.788  -0.514  -1.764  -2.956   0
   4.28229523   0.773  -0.446  -1.661  -2.821   0
   4.28845501   0.743  -0.392  -1.572  -2.700   0
   4.29878092   0.611  -0.418  -1.552  -2.633   4
   4.34027624  -0.084  -0.905  -1.934  -2.918   0
   4.38686991  -0.370  -1.138  -2.139  -3.098   0
   4.40046835  -0.433  -1.195  -2.192  -3.147   1
   4.45811319   0.156  -0.883  -2.021  -3.095   0
   4.48060799   0.526  -0.753  -1.993  -3.169   4
   4.48252630   0.563  -0.790  -2.060  -3.266   0
   4.48282385   0.578  -0.822  -2.110  -3.335   0
   4.48302984   0.592  -0.889  -2.208  -3.466   0
   4.48320198   0.603  -0.944  -2.289  -3.572   0
   4.48531532   0.644  -1.067  -2.473  -3.818   0
   4.48605537   0.665  -1.125  -2.563  -3.941   0
   4.48678780   0.683  -1.180  -2.645  -4.053   0
   4.48773193   0.701  -1.254  -2.755  -4.201   0
   4.48852444   0.726  -1.318  -2.852  -4.334   0
   4.48935080   0.738  -1.389  -2.958  -4.488   0
   4.49003267   0.635  -1.414  -2.993  -4.610   0
   4.49074173   0.489  -1.448  -3.036  -4.760   0
   4.49115753   0.380  -1.467  -3.058  -4.857   2
   4.49152517   0.264  -1.486  -3.077  -4.952   0
   4.49199486   0.169  -1.476  -3.074  -5.090   0
   4.49232864   0.111  -1.448  -3.051  -5.196   0
   4.49260044   0.054  -1.438  -3.044  -5.286   0
   4.49281788   0.010  -1.447  -3.053  -5.345   0
   4.49302197  -0.037  -1.443  -3.050  -5.409   0
   4.49320555  -0.057  -1.383  -2.986  -5.464   0
   4.49335480  -0.023  -1.274  -2.866  -5.479   0
   4.49349785   0.004  -1.182  -2.766  -5.493   0
   4.49364710   0.027  -1.106  -2.683  -5.505   0
   4.49385786  -0.072  -1.424  -3.030  -5.463   0
   4.49388504  -0.041  -1.328  -2.925  -5.474   0
   4.49391222  -0.011  -1.232  -2.821  -5.486   0
   4.49393225   0.010  -1.163  -2.745  -5.496   0
   4.49400711   0.052  -1.035  -2.605  -5.510   0
   4.49405479   0.075  -0.968  -2.532  -5.515   0
   4.49413872   0.097  -0.902  -2.460  -5.522   0
   4.49422216   0.118  -0.836  -2.387  -5.529   0
   4.49430609   0.145  -0.762  -2.310  -5.531   0
   4.49439001   0.183  -0.675  -2.222  -5.522   0
   4.49447393   0.221  -0.588  -2.135  -5.513   0
   4.49455786   0.259  -0.501  -2.047  -5.504   0
   4.49462509   0.289  -0.431  -1.976  -5.496   0
   4.49470901   0.323  -0.352  -1.897  -5.488   0
   4.49479246   0.340  -0.319  -1.864  -5.481   0
   4.49487638   0.345  -0.306  -1.851  -5.480   1
   4.49496031   0.350  -0.295  -1.840  -5.478   0
   4.49504423   0.355  -0.284  -1.828  -5.477   0
   4.49521780   0.365  -0.262  -1.806  -5.475   0
   4.49575090   0.394  -0.196  -1.740  -5.468   0
   4.49628639   0.422  -0.132  -1.675  -5.460   0
   4.49682522   0.449  -0.070  -1.613  -5.453   0
   4.49736834   0.475  -0.010  -1.553  -5.447   0
   4.49791670   0.500   0.046  -1.496  -5.440   0
   4.49847221   0.507   0.084  -1.462  -5.445   0
   4.49906254   0.512   0.123  -1.429  -5.453   0
   4.49969769   0.518   0.166  -1.391  -5.461   0
   4.49998379   0.523   0.187  -1.373  -5.462   2
   4.50000000   0.523   0.188  -1.372  -5.462   0
   4.50007963   0.524   0.194  -1.367  -5.462   0
   4.50020456   0.529   0.205  -1.357  -5.460   0
   4.50026131   0.534   0.212  -1.350  -5.456   0
   4.50028896   0.538   0.217  -1.345  -5.452   0
   4.50030231   0.542   0.222  -1.341  -5.448   0
   4.50030899   0.547   0.226  -1.336  -5.443   0
   4.50031281   0.552   0.230  -1.332  -5.438   0
   4.50031662   0.557   0.234  -1.328  -5.433   0
   4.50031996   0.562   0.239  -1.323  -5.428   0
   4.50032377   0.567   0.243  -1.319  -5.422   0
   4.50032759   0.572   0.248  -1.314  -5.417   0
   4.50033092   0.578   0.252  -1.309  -5.411   0
   4.50033474   0.583   0.257  -1.304  -5.405   0
   4.50033855   0.589   0.262  -1.299  -5.399   0
   4.50034237   0.595   0.268  -1.293  -5.392   0
   4.50034571   0.602   0.273  -1.288  -5.386   0
   4.50034952   0.608   0.279  -1.282  -5.379   0
   4.50035572   0.615   0.285  -1.276  -5.371   0
   4.50036287   0.622   0.291  -1.270  -5.364   0
   4.50037003   0.630   0.297  -1.263  -5.356   0
   4.50037766   0.638   0.304  -1.256  -5.348   0
   4.50038481   0.646   0.311  -1.249  -5.339   0
   4.50039244   0.654   0.318  -1.242  -5.330   0
   4.50039959   0.664   0.326  -1.234  -5.320   0
   4.50040674   0.673   0.334  -1.225  -5.310   0
   4.50041437   0.683   0.343  -1.216  -5.299   0
   4.50042152   0.694   0.352  -1.207  -5.288   0
   4.50042915   0.706   0.362  -1.197  -5.275   0
   4.50043631   0.719   0.373  -1.186  -5.262   0
   4.50044346   0.733   0.384  -1.174  -5.247   0
   4.50045300   0.747   0.397  -1.161  -5.232   0
