   0.15000001  16.091  14.560  12.983  10.475   0
   0.20000000  14.919  13.507  12.007   9.733   0
   0.25000000  14.222  12.859  11.394   9.242   0
   0.30000001  13.710  12.368  10.920   8.884   0
   0.34999999  13.277  11.949  10.511   8.583   0
   0.40000001  12.836  11.518  10.091   8.247   0
   0.44999999  12.394  11.092   9.690   7.947   0
   0.50000000  11.914  10.626   9.252   7.627   0
   0.55000001  11.431  10.154   8.820   7.285   0
   0.60000002  10.955   9.693   8.406   6.945   0
   0.69999999   9.810   8.686   7.527   6.244   0
   0.80000001   8.375   7.580   6.589   5.531   0
   0.82658726   8.002   7.301   6.353   5.352   0
   0.89999998   7.083   6.616   5.774   4.900   0
   0.96778214   6.359   6.059   5.305   4.515   0
   1.00000000   6.044   5.810   5.097   4.344   0
   1.00644135   5.986   5.763   5.056   4.309   0
   1.06666481   5.465   5.329   4.686   3.994   0
   1.10000002   5.202   5.105   4.494   3.829   0
   1.11529028   5.088   5.003   4.406   3.753   0
   1.14588821   4.864   4.803   4.232   3.604   0
   1.17049372   4.693   4.648   4.098   3.487   0
   1.19088304   4.557   4.526   3.991   3.395   0
   1.20000005   4.499   4.473   3.945   3.355   0
   1.23035002   4.310   4.294   3.788   3.219   0
   1.23827088   4.263   4.249   3.749   3.185   0
   1.26782227   4.102   4.094   3.613   3.066   0
   1.29999995   3.934   3.932   3.469   2.941   0
   1.34295070   3.719   3.724   3.285   2.780   0
   1.39999998   3.463   3.465   3.051   2.572   0
   1.45917964   3.222   3.217   2.824   2.369   0
   1.50000000   3.067   3.057   2.673   2.229   0
   1.54126298   2.918   2.902   2.526   2.091   0
   1.59756744   2.733   2.708   2.332   1.897   1
   1.60000002   2.725   2.701   2.324   1.888   0
   1.64608371   2.586   2.554   2.172   1.731   0
   1.68793416   2.477   2.439   2.042   1.583   0
   1.70000005   2.450   2.410   2.007   1.540   0
   1.72429931   2.395   2.353   1.937   1.455   0
   1.75591743   2.355   2.299   1.856   1.348   0
   1.78378522   2.332   2.262   1.791   1.254   0
   1.79649138   2.320   2.245   1.760   1.210   0
   1.79999995   2.315   2.238   1.750   1.197   0
   1.80900466   2.298   2.218   1.724   1.163   0
   1.81790352   2.263   2.181   1.685   1.122   2
   1.82286942   2.221   2.139   1.647   1.090   0
   1.82717025   2.138   2.059   1.585   1.044   0
   1.83003581   1.959   1.891   1.465   0.973   0
   1.83082438   1.800   1.731   1.353   0.916   0
   1.83124685   1.614   1.536   1.214   0.845   0
   1.83131945   1.676   1.602   1.269   0.885   0
   1.83141887   1.818   1.750   1.378   0.947   0
   1.83163011   1.890   1.816   1.385   0.889   0
   1.83210599   1.971   1.876   1.378   0.815   3
   1.83296430   2.143   2.002   1.434   0.808   0
   1.83402097   2.344   2.157   1.528   0.849   0
   1.83526146   2.636   2.377   1.680   0.944   0
   1.83628881   2.950   2.613   1.854   1.066   0
   1.83731210   3.264   2.847   2.032   1.196   0
   1.83862209   3.572   3.051   2.173   1.282   4
   1.84038210   3.665   3.041   2.105   1.164   0
   1.84171402   3.591   2.918   1.956   0.992   0
   1.84294808   3.500   2.782   1.798   0.813   0
   1.84397793   3.413   2.658   1.656   0.653   0
   1.84499598   3.321   2.528   1.508   0.489   0
   1.84610558   3.216   2.381   1.339   0.302   0
   1.84697831   3.142   2.268   1.208   0.155   0
   1.84789574   3.060   2.148   1.067   0.000   0
   1.84884942   2.987   2.026   0.924  -0.166   0
   1.84971011   2.921   1.912   0.789  -0.321   0
   1.85052538   2.854   1.798   0.653  -0.477   0
   1.85129583   2.791   1.686   0.520  -0.630   0
   1.85202146   2.731   1.576   0.388  -0.781   0
   1.85273767   2.677   1.470   0.260  -0.929   0
   1.85342503   2.633   1.371   0.138  -1.073   0
   1.85425317   2.596   1.279   0.023  -1.210   0
   1.85472202   2.584   1.252  -0.010  -1.251   2
   1.85527527   2.617   1.341   0.102  -1.115   0
   1.85554767   2.664   1.451   0.239  -0.951   0
   1.85574210   2.714   1.559   0.371  -0.797   0
   1.85595202   2.770   1.670   0.506  -0.641   0
   1.85620058   2.828   1.774   0.630  -0.498   0
   1.85633254   2.848   1.810   0.674  -0.447   1
   1.85693896   2.787   1.705   0.549  -0.591   0
   1.85777855   2.726   1.597   0.421  -0.737   0
   1.85864496   2.671   1.490   0.292  -0.886   0
   1.85946381   2.622   1.393   0.173  -1.023   0
   1.86024308   2.585   1.305   0.065  -1.153   0
   1.86107862   2.548   1.211  -0.052  -1.293   0
   1.86176109   2.518   1.128  -0.158  -1.420   0
   1.86246729   2.495   1.046  -0.263  -1.549   0
   1.86316764   2.465   0.955  -0.376  -1.685   0
   1.86368799   2.453   0.883  -0.472  -1.804   0
   1.86428702   2.437   0.801  -0.580  -1.939   0
   1.86479771   2.427   0.731  -0.674  -2.060   0
   1.86524236   2.415   0.662  -0.766  -2.177   0
   1.86567163   2.409   0.597  -0.855  -2.292   0
   1.86599958   2.406   0.538  -0.935  -2.395   0
   1.86635923   2.414   0.478  -1.021  -2.509   0
   1.86666822   2.442   0.440  -1.089  -2.615   0
   1.86693370   2.384   0.416  -1.122  -2.702   0
   1.86721325   2.316   0.388  -1.159  -2.794   0
   1.86743534   2.252   0.367  -1.187  -2.876   0
   1.86763918   2.184   0.341  -1.219  -2.956   0
   1.86785722   2.106   0.322  -1.245  -3.042   0
   1.86787152   2.098   0.320  -1.247  -3.051   3
   1.86787152   2.889   2.052   1.009  -0.022   0
   1.87029910   2.870   2.012   0.958  -0.082   2
   1.87413275   2.862   2.012   0.962  -0.074   0
   1.87833869   2.851   2.007   0.960  -0.074   0
   1.88270152   2.838   1.999   0.955  -0.076   0
   1.88703775   2.827   1.992   0.950  -0.079   0
   1.89145195   2.816   1.985   0.945  -0.082   0
   1.89602816   2.802   1.976   0.939  -0.085   0
   1.90064073   2.789   1.968   0.933  -0.089   0
   1.90569961   2.775   1.957   0.924  -0.097   0
   1.91070628   2.760   1.945   0.913  -0.106   0
   1.91577995   2.745   1.933   0.902  -0.116   0
   1.91739643   2.740   1.929   0.899  -0.118   0
   1.91965306   2.735   1.923   0.893  -0.125   0
   1.92591155   2.728   1.921   0.893  -0.122   0
   1.93379152   2.721   1.920   0.894  -0.118   0
   1.94285309   2.712   1.916   0.893  -0.117   0
   1.95000005   2.709   1.918   0.897  -0.111   0
   1.95161116   2.708   1.917   0.896  -0.112   0
   1.96453869   2.697   1.906   0.886  -0.122   0
   1.98164439   2.684   1.890   0.869  -0.140   0
   2.00000000   2.669   1.873   0.850  -0.160   0
   2.00934029   2.629   1.820   0.791  -0.225   0
   2.01940203   2.567   1.711   0.658  -0.377   0
   2.02260971   2.526   1.619   0.540  -0.517   0
   2.02349472   2.492   1.527   0.421  -0.661   0
   2.02377200   2.451   1.432   0.303  -0.801   0
   2.02388096   2.405   1.335   0.185  -0.941   0
   2.02394629   2.367   1.248   0.076  -1.069   0
   2.02400374   2.325   1.145  -0.053  -1.222   0
   2.02408171   2.289   1.034  -0.197  -1.395   0
   2.02417040   2.251   0.948  -0.303  -1.521   0
   2.02462840   2.285   1.035  -0.193  -1.389   1
   2.02785039   2.236   0.927  -0.326  -1.546   0
   2.02870369   2.217   0.840  -0.439  -1.687   0
   2.02924490   2.194   0.753  -0.552  -1.826   0
   2.02963495   2.184   0.673  -0.659  -1.960   0
   2.02998853   2.178   0.590  -0.772  -2.103   0
   2.03022790   2.170   0.512  -0.876  -2.236   0
   2.03043056   2.195   0.454  -0.969  -2.367   0
   2.03061271   2.192   0.378  -1.073  -2.502   0
   2.03078437   2.150   0.277  -1.197  -2.648   0
   2.03092480   2.185   0.224  -1.284  -2.773   0
   2.03107548   2.192   0.172  -1.366  -2.903   0
   2.03122115   2.112   0.146  -1.403  -3.014   0
   2.03136158   2.020   0.110  -1.449  -3.128   0
   2.03151751   1.914   0.074  -1.493  -3.248   0
   2.03166318   1.810   0.040  -1.533  -3.358   0
   2.03177738   1.705   0.020  -1.558  -3.463   3
   2.03186584   1.668   0.061  -1.528  -3.567   0
   2.03187108   1.662   0.071  -1.520  -3.586   0
   2.03187919   1.654   0.080  -1.512  -3.607   0
   2.03188729   1.645   0.090  -1.505  -3.629   0
   2.03189397   1.638   0.097  -1.499  -3.647   0
   2.03190207   1.628   0.106  -1.491  -3.669   0
   2.03190851   1.621   0.114  -1.485  -3.686   0
   2.03191686   1.611   0.123  -1.477  -3.708   0
   2.03192496   1.601   0.132  -1.469  -3.729   0
   2.03193259   1.590   0.141  -1.461  -3.751   0
   2.03194046   1.580   0.150  -1.454  -3.772   0
   2.03194833   1.569   0.159  -1.446  -3.794   0
   2.03195620   1.557   0.168  -1.438  -3.815   0
   2.03196239   1.548   0.175  -1.432  -3.832   0
   2.03197026   1.541   0.189  -1.418  -3.850   0
   2.03197813   1.553   0.224  -1.379  -3.854   0
   2.03198576   1.564   0.260  -1.340  -3.858   0
   2.03199220   1.573   0.288  -1.309  -3.861   0
   2.03200006   1.585   0.324  -1.270  -3.865   0
   2.03200769   1.597   0.360  -1.231  -3.869   0
   2.03201556   1.608   0.395  -1.192  -3.872   0
   2.03203511   1.622   0.431  -1.154  -3.873   0
   2.03206205   1.634   0.466  -1.115  -3.876   0
   2.03208899   1.645   0.502  -1.076  -3.880   0
   2.03211594   1.657   0.537  -1.038  -3.884   0
   2.03214240   1.668   0.572  -0.999  -3.887   0
   2.03216887   1.680   0.607  -0.961  -3.891   0
   2.03219509   1.691   0.643  -0.922  -3.895   0
   2.03222132   1.703   0.678  -0.884  -3.898   0
   2.03224730   1.715   0.713  -0.845  -3.902   0
   2.03227305   1.726   0.748  -0.807  -3.906   0
   2.03229880   1.738   0.784  -0.768  -3.909   0
   2.03232431   1.750   0.819  -0.730  -3.913   0
   2.03234959   1.768   0.863  -0.685  -3.910   1
   2.03237486   1.788   0.910  -0.638  -3.905   0
   2.03239989   1.808   0.956  -0.591  -3.900   0
   2.03242469   1.829   1.002  -0.544  -3.895   0
   2.03244972   1.849   1.049  -0.497  -3.890   0
   2.03247404   1.869   1.095  -0.451  -3.885   0
   2.03249860   1.890   1.142  -0.404  -3.880   0
   2.03252292   1.910   1.189  -0.357  -3.875   0
   2.03254700   1.930   1.235  -0.310  -3.870   0
   2.03257108   1.951   1.282  -0.263  -3.864   0
   2.03259492   1.971   1.329  -0.216  -3.859   0
   2.03261852   1.992   1.376  -0.169  -3.854   0
   2.03264213   2.012   1.422  -0.121  -3.849   0
   2.03266549   2.033   1.469  -0.074  -3.844   0
   2.03268862   2.053   1.516  -0.027  -3.838   0
   2.03271174   2.074   1.563   0.020  -3.833   0
   2.03273439   2.094   1.610   0.068  -3.828   0
   2.03275728   2.115   1.657   0.115  -3.823   1
   2.03277969   2.124   1.692   0.147  -3.825   0
   2.03280234   2.127   1.719   0.171  -3.831   0
   2.03282428   2.131   1.747   0.195  -3.836   0
   2.03284645   2.134   1.775   0.219  -3.842   0
   2.03286839   2.137   1.803   0.243  -3.848   0
   2.03289008   2.140   1.831   0.267  -3.854   0
   2.03291178   2.144   1.859   0.291  -3.860   0
   2.03293324   2.147   1.888   0.316  -3.866   0
   2.03295445   2.150   1.916   0.340  -3.871   0
   2.03297544   2.154   1.944   0.364  -3.877   0
   2.03299642   2.158   1.973   0.389  -3.882   0
   2.03301716   2.162   2.003   0.415  -3.888   0
   2.03303456   2.167   2.030   0.438  -3.891   0
   2.03305197   2.174   2.062   0.467  -3.892   0
   2.03306508   2.188   2.100   0.501  -3.888   0
   2.03306937   2.203   2.130   0.529  -3.878   0
   2.03307104   2.216   2.154   0.551  -3.869   0
   2.03307223   2.229   2.178   0.574  -3.860   0
   2.03307366   2.244   2.204   0.598  -3.849   0
   2.03307509   2.260   2.233   0.624  -3.838   0
   2.03307652   2.277   2.264   0.653  -3.826   0
   2.03307772   2.295   2.295   0.682  -3.814   0
   2.03307915   2.313   2.324   0.709  -3.804   0
   2.03308058   2.334   2.358   0.740  -3.792   0
   2.03308129   2.345   2.377   0.757  -3.785   0
