   0.15000001  16.095  14.563  12.986  10.477   0
   0.20000000  14.926  13.514  12.014   9.738   0
   0.25000000  14.233  12.869  11.404   9.251   0
   0.30000001  13.724  12.382  10.933   8.897   0
   0.34999999  13.291  11.963  10.525   8.597   0
   0.40000001  12.853  11.536  10.109   8.266   0
   0.44999999  12.403  11.101   9.699   7.954   0
   0.50000000  11.924  10.636   9.263   7.636   0
   0.55000001  11.443  10.167   8.832   7.295   0
   0.60000002  10.971   9.709   8.421   6.959   0
   0.69999999   9.847   8.719   7.555   6.268   0
   0.80000001   8.463   7.644   6.643   5.571   0
   0.89999998   7.190   6.697   5.843   4.954   0
   1.00000000   6.162   5.908   5.180   4.415   0
   1.10000002   5.339   5.230   4.606   3.930   0
   1.16868758   4.857   4.804   4.240   3.618   0
   1.20000005   4.653   4.622   4.083   3.484   0
   1.23593140   4.439   4.426   3.916   3.343   0
   1.29999995   4.094   4.099   3.635   3.106   0
   1.37255812   3.743   3.759   3.343   2.863   0
   1.39999998   3.623   3.637   3.238   2.776   0
   1.50000000   3.217   3.221   2.885   2.501   0
   1.60000002   2.852   2.828   2.556   2.259   0
   1.70000005   2.533   2.481   2.264   2.046   0
   1.74620461   2.397   2.335   2.143   1.954   0
   1.79999995   2.243   2.173   2.006   1.848   0
   1.89999998   1.971   1.894   1.769   1.659   0
   1.95000005   1.841   1.767   1.660   1.567   0
   1.96951532   1.792   1.720   1.617   1.531   0
   2.00000000   1.716   1.645   1.551   1.473   0
   2.14047122   1.372   1.318   1.260   1.217   0
   2.20000005   1.231   1.186   1.139   1.105   0
   2.28319502   1.039   1.007   0.976   0.954   0
   2.40119433   0.771   0.753   0.738   0.729   0
   2.49985743   0.550   0.538   0.530   0.526   0
   2.50000000   0.549   0.537   0.530   0.526   0
   2.50876927   0.530   0.519   0.512   0.508   0
   2.59515095   0.344   0.331   0.326   0.321   1
   2.66931868   0.187   0.165   0.158   0.147   0
   2.73309755   0.059   0.020   0.005  -0.015   0
   2.78856540  -0.051  -0.111  -0.137  -0.169   0
   2.83725977  -0.141  -0.228  -0.268  -0.319   0
   2.85941482  -0.180  -0.280  -0.329  -0.390   0
   2.88014460  -0.223  -0.333  -0.389  -0.458   0
   2.89308548  -0.262  -0.373  -0.429  -0.499   0
   2.90258002  -0.308  -0.412  -0.461  -0.524   0
   2.90931249  -0.372  -0.456  -0.487  -0.532   0
   2.91381717  -0.479  -0.509  -0.509  -0.524   0
   2.91505980  -0.571  -0.548  -0.524  -0.514   0
   2.91572595  -0.673  -0.590  -0.544  -0.515   0
   2.91581416  -0.638  -0.563  -0.521  -0.494   0
   2.91602039  -0.516  -0.500  -0.480  -0.473   4
   2.91628456  -0.510  -0.553  -0.559  -0.580   0
   2.91666412  -0.535  -0.634  -0.674  -0.732   0
   2.91718793  -0.510  -0.659  -0.750  -0.864   0
   2.91753411  -0.470  -0.639  -0.767  -0.922   3
   2.91794896  -0.414  -0.585  -0.766  -0.980   0
   2.91842914  -0.333  -0.499  -0.746  -1.034   0
   2.91878080  -0.262  -0.417  -0.717  -1.066   0
   2.91914916  -0.164  -0.313  -0.672  -1.089   0
   2.91972756   0.052  -0.107  -0.575  -1.108   0
   2.92032385   0.383   0.166  -0.432  -1.082   0
   2.92072153   0.660   0.372  -0.306  -1.022   0
   2.92111754   0.956   0.594  -0.155  -0.930   0
   2.92151022   1.277   0.833   0.017  -0.811   0
   2.92209864   1.733   1.158   0.256  -0.644   0
   2.92229462   1.827   1.213   0.288  -0.631   4
   2.92293572   1.970   1.233   0.240  -0.738   0
   2.92343545   1.953   1.145   0.117  -0.892   0
   2.92404342   1.913   1.039  -0.022  -1.060   0
   2.92473173   1.873   0.935  -0.159  -1.223   0
   2.92528677   1.842   0.851  -0.266  -1.353   0
   2.92595458   1.799   0.747  -0.397  -1.509   0
   2.92663550   1.746   0.634  -0.535  -1.670   0
   2.92716289   1.704   0.550  -0.638  -1.790   0
   2.92772293   1.665   0.460  -0.750  -1.921   0
   2.92826343   1.642   0.378  -0.857  -2.050   0
   2.92873979   1.638   0.313  -0.946  -2.165   0
   2.92920709   1.618   0.239  -1.041  -2.282   0
   2.92966509   1.585   0.158  -1.141  -2.400   0
   2.93010902   1.573   0.101  -1.216  -2.492   0
   2.93032312   1.570   0.078  -1.247  -2.531   2
   2.93089247   1.574   0.119  -1.191  -2.460   0
   2.93160343   1.584   0.172  -1.121  -2.374   0
   2.93246675   1.594   0.233  -1.041  -2.273   0
   2.93340969   1.611   0.304  -0.948  -2.158   0
   2.93446732   1.632   0.393  -0.831  -2.014   0
   2.93551254   1.664   0.496  -0.697  -1.853   0
   2.93665123   1.714   0.618  -0.544  -1.672   0
   2.93783426   1.767   0.740  -0.393  -1.493   0
   2.93923974   1.810   0.852  -0.250  -1.321   0
   2.94100213   1.853   0.960  -0.111  -1.156   0
   2.94367075   1.894   1.062   0.021  -0.998   0
   2.94735026   1.909   1.127   0.111  -0.887   0
   2.95460463   1.875   1.149   0.161  -0.811   1
   3.00000000   1.757   1.025   0.034  -0.938   0
   3.04972053   1.612   0.872  -0.122  -1.097   0
   3.06213832   1.568   0.829  -0.165  -1.138   0
   3.14380479   1.417   0.626  -0.393  -1.387   0
   3.18106127   1.448   0.556  -0.513  -1.551   0
   3.18645763   1.458   0.492  -0.614  -1.682   0
   3.18727517   1.456   0.429  -0.704  -1.798   0
   3.18751287   1.439   0.356  -0.801  -1.918   0
   3.18764806   1.417   0.273  -0.911  -2.052   0
   3.18776298   1.397   0.196  -1.013  -2.176   0
   3.18793797   1.382   0.110  -1.128  -2.319   0
   3.18882680   1.387   0.152  -1.070  -2.247   1
   3.19186401   1.375   0.025  -1.244  -2.467   0
   3.19293523   1.352  -0.087  -1.390  -2.647   0
   3.19401789   1.338  -0.206  -1.549  -2.848   0
   3.19474196   1.311  -0.306  -1.678  -3.003   0
   3.19541264   1.316  -0.397  -1.805  -3.168   0
   3.19588137   1.327  -0.463  -1.902  -3.298   0
   3.19639373   1.336  -0.549  -2.025  -3.460   0
   3.19682884   1.357  -0.626  -2.139  -3.615   0
   3.19719410   1.377  -0.698  -2.245  -3.757   0
   3.19760919   1.285  -0.729  -2.293  -3.900   0
   3.19795871   1.163  -0.751  -2.326  -4.040   0
   3.19812465   1.062  -0.773  -2.353  -4.142   0
   3.19826221   0.961  -0.796  -2.379  -4.234   0
   3.19838214   0.883  -0.807  -2.393  -4.315   0
   3.19849348   0.858  -0.771  -2.363  -4.386   0
   3.19860697   0.810  -0.763  -2.361  -4.473   0
   3.19874215   0.756  -0.731  -2.334  -4.575   0
   3.19892979   0.677  -0.691  -2.298  -4.707   2
   3.19899964   0.692  -0.596  -2.194  -4.740   0
   3.19903016   0.722  -0.503  -2.092  -4.751   0
   3.19904971   0.732  -0.471  -2.057  -4.755   0
   3.19906950   0.742  -0.439  -2.022  -4.758   0
   3.19908929   0.753  -0.407  -1.987  -4.762   0
   3.19910884   0.763  -0.375  -1.952  -4.765   0
   3.19912863   0.774  -0.343  -1.917  -4.769   0
   3.19914818   0.784  -0.311  -1.882  -4.772   0
   3.19916749   0.794  -0.279  -1.848  -4.776   0
   3.19918680   0.805  -0.248  -1.813  -4.779   0
   3.19920611   0.815  -0.216  -1.778  -4.783   0
   3.19922543   0.826  -0.184  -1.743  -4.786   0
   3.19924498   0.836  -0.151  -1.708  -4.790   0
   3.19926405   0.846  -0.119  -1.673  -4.793   0
   3.19928360   0.857  -0.087  -1.638  -4.797   0
   3.19929910   0.865  -0.062  -1.610  -4.800   0
   3.19931841   0.883  -0.020  -1.568  -4.796   0
   3.19933772   0.899   0.017  -1.530  -4.792   0
   3.19942999   0.942   0.117  -1.430  -4.781   0
   3.19952154   0.979   0.200  -1.346  -4.772   0
   3.19961262   0.997   0.242  -1.304  -4.767   0
   3.19970274   1.015   0.283  -1.262  -4.763   0
   3.19979215   1.033   0.324  -1.221  -4.758   1
   3.19988108   1.051   0.366  -1.179  -4.754   0
   3.19996905   1.069   0.407  -1.138  -4.749   0
   3.20005631   1.087   0.448  -1.097  -4.745   0
   3.20014286   1.105   0.489  -1.055  -4.740   0
   3.20022869   1.123   0.530  -1.014  -4.736   0
   3.20031381   1.141   0.570  -0.973  -4.731   0
   3.20039797   1.159   0.611  -0.932  -4.727   0
   3.20048165   1.177   0.652  -0.891  -4.722   0
   3.20056462   1.194   0.692  -0.851  -4.718   0
   3.20064664   1.212   0.732  -0.810  -4.713   1
   3.20072794   1.230   0.773  -0.770  -4.709   0
   3.20080853   1.238   0.802  -0.742  -4.710   0
   3.20088840   1.240   0.826  -0.722  -4.715   0
   3.20096755   1.243   0.849  -0.702  -4.720   0
   3.20104623   1.246   0.872  -0.682  -4.725   0
   3.20112443   1.248   0.896  -0.662  -4.730   0
   3.20120215   1.251   0.919  -0.642  -4.735   0
   3.20127940   1.254   0.942  -0.622  -4.739   0
   3.20135641   1.257   0.965  -0.601  -4.743   0
   3.20142603   1.262   0.989  -0.581  -4.746   0
   3.20149469   1.269   1.015  -0.558  -4.746   0
   3.20152998   1.280   1.039  -0.536  -4.740   0
   3.20154381   1.300   1.070  -0.506  -4.723   0
   3.20155168   1.316   1.094  -0.484  -4.710   0
   3.20155573   1.327   1.110  -0.468  -4.701   0
   3.20155764   1.335   1.122  -0.457  -4.694   0
   3.20155907   1.343   1.134  -0.446  -4.688   0
   3.20156074   1.351   1.146  -0.435  -4.682   0
   3.20156217   1.359   1.158  -0.423  -4.675   0
   3.20156360   1.368   1.172  -0.410  -4.668   0
   3.20156503   1.377   1.186  -0.397  -4.660   0
   3.20156646   1.387   1.201  -0.383  -4.652   0
   3.20156789   1.397   1.216  -0.368  -4.644   0
   3.20156932   1.408   1.233  -0.353  -4.635   0
   3.20157075   1.420   1.250  -0.336  -4.626   0
   3.20157242   1.432   1.269  -0.318  -4.616   0
   3.20157385   1.446   1.289  -0.299  -4.605   0
   3.20157528   1.460   1.312  -0.278  -4.593   0
   3.20157671   1.476   1.336  -0.255  -4.580   0
   3.20157838   1.494   1.363  -0.229  -4.566   0
