   0.15000001  16.096  14.564  12.987  10.478   0
   0.20000000  14.928  13.516  12.015   9.739   0
   0.25000000  14.235  12.871  11.406   9.253   0
   0.30000001  13.727  12.385  10.936   8.900   0
   0.34999999  13.293  11.965  10.528   8.599   0
   0.40000001  12.857  11.540  10.114   8.271   0
   0.44999999  12.405  11.103   9.700   7.955   0
   0.50000000  11.927  10.639   9.266   7.638   0
   0.55000001  11.446  10.169   8.834   7.298   0
   0.60000002  10.971   9.711   8.423   6.962   0
   0.69999999   9.836   8.713   7.553   6.271   0
   0.79869145   8.496   7.669   6.664   5.587   0
   0.80000001   8.480   7.657   6.653   5.578   0
   0.89999998   7.212   6.713   5.857   4.965   0
   1.00000000   6.188   5.929   5.198   4.429   0
   1.10000002   5.368   5.256   4.629   3.950   0
   1.20000005   4.680   4.649   4.109   3.509   0
   1.29999995   4.128   4.134   3.669   3.139   0
   1.39999998   3.656   3.672   3.273   2.811   0
   1.50000000   3.259   3.265   2.930   2.547   0
   1.60000002   2.896   2.873   2.605   2.314   0
   1.70000005   2.580   2.529   2.321   2.116   0
   1.79999995   2.296   2.227   2.076   1.941   0
   1.80035639   2.295   2.226   2.076   1.940   0
   1.89999998   2.034   1.971   1.865   1.779   0
   1.95000005   1.912   1.854   1.769   1.704   0
   2.00000000   1.794   1.745   1.675   1.627   0
   2.20000005   1.350   1.355   1.337   1.337   0
   2.22968078   1.289   1.304   1.292   1.296   0
   2.50000000   0.759   0.859   0.891   0.930   0
   2.55582356   0.657   0.774   0.813   0.857   0
   2.79422307   0.237   0.420   0.480   0.540   0
   2.98773122  -0.094   0.133   0.206   0.274   0
   3.00000000  -0.114   0.115   0.189   0.257   0
   3.00237465  -0.118   0.112   0.186   0.254   0
   3.16628313  -0.386  -0.128  -0.046   0.026   0
   3.30296874  -0.614  -0.339  -0.254  -0.181   0
   3.41860723  -0.814  -0.534  -0.447  -0.374   0
   3.50000000  -0.960  -0.684  -0.597  -0.526   0
   3.52738667  -1.009  -0.735  -0.648  -0.578   1
   3.61353397  -1.169  -0.908  -0.823  -0.757   0
   3.68744278  -1.308  -1.072  -0.990  -0.930   0
   3.75086188  -1.433  -1.228  -1.151  -1.098   0
   3.77910829  -1.492  -1.302  -1.227  -1.178   0
   3.80521131  -1.549  -1.372  -1.299  -1.252   0
   3.82282543  -1.594  -1.417  -1.344  -1.298   0
   3.83380365  -1.629  -1.442  -1.366  -1.319   0
   3.84263039  -1.667  -1.453  -1.372  -1.319   3
   3.84857798  -1.723  -1.444  -1.353  -1.287   0
   3.85024667  -1.770  -1.437  -1.338  -1.263   0
   3.85117340  -1.827  -1.440  -1.332  -1.248   0
   3.85131049  -1.800  -1.420  -1.313  -1.230   0
   3.85151982  -1.720  -1.383  -1.283  -1.207   0
   3.85179472  -1.726  -1.449  -1.358  -1.293   0
   3.85216761  -1.811  -1.594  -1.513  -1.461   0
   3.85265851  -1.869  -1.720  -1.654  -1.618   0
   3.85311651  -1.889  -1.802  -1.748  -1.727   0
   3.85328007  -1.891  -1.825  -1.778  -1.763   0
   3.85375738  -1.883  -1.880  -1.851  -1.857   0
   3.85429096  -1.854  -1.920  -1.919  -1.952   0
   3.85466671  -1.810  -1.924  -1.951  -2.015   0
   3.85505939  -1.749  -1.909  -1.974  -2.078   0
   3.85546303  -1.664  -1.862  -1.979  -2.138   3
   3.85587215  -1.556  -1.767  -1.958  -2.197   0
   3.85628104  -1.417  -1.615  -1.905  -2.248   0
   3.85668421  -1.221  -1.416  -1.819  -2.285   0
   3.85689116  -1.081  -1.285  -1.759  -2.296   0
   3.85709262  -0.898  -1.135  -1.688  -2.296   0
   3.85748982  -0.428  -0.788  -1.508  -2.255   0
   3.85788131   0.058  -0.448  -1.291  -2.136   0
   3.85826135   0.528  -0.127  -1.068  -1.990   0
   3.85864115   0.897   0.100  -0.921  -1.912   4
   3.85902166   1.039   0.102  -0.990  -2.041   0
   3.85939646   1.066   0.014  -1.130  -2.230   0
   3.85977674   1.069  -0.067  -1.247  -2.382   0
   3.86029649   1.079  -0.142  -1.359  -2.527   0
   3.86082149   1.053  -0.230  -1.472  -2.663   0
   3.86152482   1.040  -0.332  -1.609  -2.835   0
   3.86208296   1.037  -0.408  -1.714  -2.970   0
   3.86264586   1.021  -0.493  -1.826  -3.108   0
   3.86321425   1.006  -0.580  -1.940  -3.249   0
   3.86375976   0.995  -0.658  -2.043  -3.377   0
   3.86430526   0.993  -0.699  -2.099  -3.447   0
   3.86495590   0.998  -0.731  -2.145  -3.509   2
   3.86853576   0.990  -0.676  -2.066  -3.404   0
   3.87101460   0.986  -0.615  -1.980  -3.294   0
   3.87284350   0.988  -0.551  -1.893  -3.183   0
   3.87447286   0.992  -0.482  -1.799  -3.064   0
   3.87617207   0.995  -0.406  -1.694  -2.930   0
   3.87799215   1.006  -0.320  -1.580  -2.787   0
   3.88008022   1.030  -0.225  -1.456  -2.635   0
   3.88252568   1.058  -0.132  -1.334  -2.490   0
   3.88622212   1.045  -0.051  -1.213  -2.331   0
   3.89232206   1.012   0.011  -1.112  -2.189   0
   3.90101624   0.899  -0.017  -1.097  -2.137   4
   3.99320889   0.304  -0.501  -1.524  -2.507   0
   4.00000000   0.263  -0.536  -1.555  -2.536   0
   4.01513243   0.192  -0.600  -1.616  -2.592   1
   4.07532787   0.481  -0.474  -1.573  -2.621   0
   4.09877110   0.754  -0.384  -1.565  -2.692   0
   4.10076904   0.820  -0.419  -1.642  -2.809   0
   4.10107851   0.820  -0.468  -1.712  -2.898   0
   4.10129452   0.810  -0.554  -1.828  -3.044   0
   4.10147429   0.803  -0.631  -1.932  -3.176   0
   4.10368633   0.810  -0.723  -2.062  -3.345   0
   4.10446072   0.815  -0.806  -2.179  -3.495   0
   4.10522747   0.828  -0.875  -2.278  -3.624   0
   4.10621500   0.845  -0.952  -2.393  -3.779   0
   4.10704470   0.854  -1.025  -2.497  -3.917   0
   4.10790920   0.886  -1.098  -2.610  -4.074   0
   4.10862303   0.918  -1.168  -2.717  -4.222   0
   4.10936499   0.837  -1.220  -2.793  -4.388   0
   4.10979986   0.742  -1.241  -2.822  -4.493   0
   4.11018419   0.638  -1.264  -2.849  -4.597   0
   4.11067581   0.462  -1.287  -2.876  -4.747   0
   4.11102438   0.367  -1.293  -2.888  -4.874   0
   4.11130905   0.307  -1.272  -2.873  -4.986   0
   4.11153698   0.245  -1.255  -2.860  -5.088   0
   4.11175013   0.180  -1.234  -2.841  -5.188   2
   4.11194229   0.170  -1.139  -2.740  -5.249   0
   4.11209869   0.210  -1.003  -2.590  -5.270   0
   4.11224794   0.246  -0.875  -2.450  -5.293   0
   4.11240435   0.310  -0.707  -2.268  -5.297   0
   4.11262465   0.221  -0.946  -2.527  -5.288   0
   4.11265326   0.200  -1.034  -2.624  -5.268   2
   4.11268139   0.237  -0.905  -2.483  -5.290   0
   4.11270285   0.290  -0.755  -2.320  -5.299   0
   4.11278057   0.346  -0.594  -2.144  -5.310   0
   4.11283064   0.429  -0.416  -1.963  -5.284   0
   4.11287832   0.453  -0.360  -1.906  -5.278   1
   4.11292553   0.477  -0.303  -1.850  -5.272   0
   4.11297321   0.502  -0.247  -1.793  -5.266   0
   4.11302090   0.526  -0.191  -1.737  -5.261   0
   4.11306858   0.550  -0.135  -1.680  -5.255   0
   4.11311579   0.575  -0.079  -1.624  -5.249   0
   4.11315393   0.594  -0.034  -1.578  -5.244   0
   4.11320162   0.618   0.020  -1.524  -5.239   0
   4.11324930   0.637   0.063  -1.480  -5.233   1
   4.11329699   0.654   0.102  -1.442  -5.229   0
   4.11334419   0.670   0.140  -1.403  -5.225   0
   4.11339188   0.687   0.178  -1.365  -5.221   0
   4.11349010   0.704   0.214  -1.328  -5.216   0
   4.11379290   0.726   0.264  -1.278  -5.210   0
   4.11409664   0.737   0.303  -1.242  -5.211   0
   4.11440229   0.741   0.331  -1.217  -5.217   0
   4.11471033   0.744   0.359  -1.193  -5.223   0
   4.11502171   0.747   0.386  -1.170  -5.228   0
   4.11533689   0.750   0.413  -1.146  -5.234   0
   4.11567163   0.754   0.442  -1.121  -5.239   0
   4.11603212   0.760   0.475  -1.093  -5.243   0
   4.11619425   0.765   0.491  -1.078  -5.242   0
   4.11626339   0.770   0.500  -1.070  -5.239   0
   4.11629581   0.774   0.506  -1.064  -5.236   0
   4.11631155   0.778   0.511  -1.059  -5.232   0
   4.11631918   0.782   0.516  -1.055  -5.228   0
   4.11632490   0.786   0.520  -1.051  -5.224   0
   4.11633062   0.791   0.524  -1.047  -5.219   0
   4.11633682   0.795   0.528  -1.042  -5.215   0
   4.11634254   0.800   0.533  -1.038  -5.210   0
   4.11634874   0.805   0.538  -1.033  -5.205   0
   4.11635447   0.810   0.543  -1.028  -5.200   0
   4.11636019   0.815   0.548  -1.023  -5.195   0
   4.11636639   0.821   0.554  -1.017  -5.189   0
   4.11637211   0.828   0.560  -1.010  -5.182   1
   4.11637831   0.837   0.569  -1.002  -5.172   0
   4.11638403   0.847   0.578  -0.993  -5.162   0
   4.11638975   0.857   0.587  -0.983  -5.152   0
   4.11639595   0.868   0.597  -0.973  -5.141   0
   4.11640167   0.877   0.605  -0.964  -5.131   0
   4.11640787   0.887   0.615  -0.955  -5.121   0
   4.11641359   0.898   0.624  -0.945  -5.110   0
   4.11641932   0.909   0.634  -0.935  -5.098   0
   4.11642551   0.921   0.645  -0.924  -5.086   0
   4.11643124   0.934   0.657  -0.912  -5.072   0
   4.11643744   0.948   0.670  -0.899  -5.058   0
   4.11644316   0.964   0.684  -0.885  -5.042   0
   4.11645222   0.981   0.700  -0.869  -5.024   0
