   0.15000001  16.096  14.564  12.987  10.477   0
   0.20000000  14.927  13.515  12.015   9.739   0
   0.25000000  14.234  12.871  11.405   9.252   0
   0.30000001  13.726  12.384  10.935   8.899   0
   0.34999999  13.293  11.965  10.527   8.599   0
   0.40000001  12.856  11.539  10.113   8.270   0
   0.44999999  12.404  11.102   9.700   7.955   0
   0.50000000  11.926  10.638   9.265   7.637   0
   0.55000001  11.445  10.169   8.834   7.297   0
   0.60000002  10.971   9.710   8.423   6.961   0
   0.66026866  10.280   9.094   7.883   6.531   0
   0.69999999   9.840   8.715   7.555   6.270   0
   0.75715244   9.039   8.086   7.019   5.860   0
   0.80000001   8.476   7.654   6.651   5.576   0
   0.89999998   7.206   6.709   5.853   4.962   0
   1.00000000   6.182   5.924   5.193   4.425   0
   1.10000002   5.360   5.249   4.623   3.945   0
   1.20000005   4.673   4.642   4.103   3.503   0
   1.29715931   4.134   4.139   3.672   3.141   0
   1.29999995   4.119   4.125   3.661   3.131   0
   1.39999998   3.647   3.663   3.264   2.802   0
   1.50000000   3.248   3.253   2.918   2.535   0
   1.60000002   2.884   2.861   2.593   2.301   0
   1.66909623   2.663   2.619   2.392   2.160   0
   1.70000005   2.567   2.515   2.306   2.098   0
   1.79999995   2.282   2.213   2.058   1.918   0
   1.89999998   2.018   1.952   1.842   1.750   0
   1.95000005   1.893   1.832   1.742   1.671   0
   2.00000000   1.773   1.717   1.643   1.589   0
   2.05560708   1.644   1.602   1.543   1.504   0
   2.20000005   1.319   1.310   1.287   1.280   0
   2.32472920   1.059   1.088   1.087   1.099   0
   2.50000000   0.706   0.782   0.808   0.841   0
   2.55529881   0.601   0.692   0.724   0.761   0
   2.73226070   0.268   0.400   0.449   0.496   0
   2.87821722  -0.005   0.153   0.212   0.266   0
   2.99984932  -0.231  -0.059   0.005   0.059   0
   3.00000000  -0.231  -0.059   0.005   0.059   1
   3.01232934  -0.253  -0.080  -0.016   0.039   0
   3.11779237  -0.447  -0.271  -0.205  -0.151   0
   3.20778394  -0.617  -0.448  -0.382  -0.331   0
   3.28487372  -0.765  -0.610  -0.548  -0.501   0
   3.35148144  -0.895  -0.765  -0.707  -0.667   0
   3.40929317  -1.012  -0.914  -0.863  -0.832   0
   3.43530965  -1.066  -0.986  -0.938  -0.911   0
   3.45946407  -1.120  -1.052  -1.008  -0.985   0
   3.47444272  -1.161  -1.094  -1.049  -1.027   0
   3.48482203  -1.203  -1.122  -1.073  -1.046   0
   3.49215341  -1.249  -1.137  -1.080  -1.045   3
   3.49705768  -1.320  -1.139  -1.066  -1.018   0
   3.49843192  -1.378  -1.141  -1.059  -0.999   0
   3.49918890  -1.440  -1.151  -1.059  -0.990   0
   3.49930000  -1.411  -1.131  -1.041  -0.973   0
   3.49948764  -1.324  -1.090  -1.008  -0.949   0
   3.49973702  -1.323  -1.149  -1.077  -1.030   0
   3.50000000  -1.378  -1.252  -1.192  -1.156   0
   3.50002718  -1.384  -1.263  -1.203  -1.168   0
   3.50046229  -1.430  -1.371  -1.328  -1.312   0
   3.50086832  -1.440  -1.435  -1.408  -1.410   0
   3.50101352  -1.437  -1.449  -1.431  -1.441   0
   3.50150609  -1.420  -1.491  -1.498  -1.534   0
   3.50205636  -1.368  -1.499  -1.544  -1.622   0
   3.50244403  -1.315  -1.478  -1.560  -1.677   0
   3.50284910  -1.244  -1.437  -1.565  -1.731   3
   3.50326562  -1.156  -1.354  -1.548  -1.783   0
   3.50368762  -1.047  -1.234  -1.506  -1.828   0
   3.50410938  -0.897  -1.074  -1.438  -1.863   0
   3.50452542  -0.666  -0.856  -1.338  -1.883   0
   3.50473905  -0.498  -0.720  -1.272  -1.881   0
   3.50494671  -0.309  -0.574  -1.198  -1.867   0
   3.50535655   0.088  -0.286  -1.027  -1.793   0
   3.50576019   0.506   0.016  -0.822  -1.665   0
   3.50615215   0.922   0.310  -0.609  -1.517   0
   3.50654411   1.205   0.482  -0.503  -1.465   4
   3.50693583   1.337   0.494  -0.551  -1.568   0
   3.50732160   1.344   0.408  -0.683  -1.739   0
   3.50771308   1.341   0.331  -0.795  -1.882   0
   3.50824785   1.330   0.244  -0.914  -2.033   0
   3.50878835   1.307   0.159  -1.026  -2.169   0
   3.50951219   1.275   0.046  -1.174  -2.349   0
   3.51008630   1.285  -0.023  -1.275  -2.481   0
   3.51066589   1.257  -0.114  -1.391  -2.622   0
   3.51125073   1.231  -0.206  -1.509  -2.766   0
   3.51181221   1.213  -0.293  -1.623  -2.906   0
   3.51237345   1.187  -0.384  -1.738  -3.045   0
   3.51304317   1.183  -0.438  -1.812  -3.137   2
   3.51624441   1.192  -0.359  -1.706  -3.005   0
   3.51846123   1.203  -0.276  -1.595  -2.868   0
   3.52009702   1.223  -0.192  -1.485  -2.732   0
   3.52155423   1.234  -0.112  -1.379  -2.598   0
   3.52307367   1.232  -0.030  -1.264  -2.449   0
   3.52470160   1.258   0.070  -1.132  -2.290   0
   3.52656889   1.288   0.170  -1.003  -2.133   0
   3.52875590   1.316   0.262  -0.882  -1.987   0
   3.53206205   1.322   0.347  -0.763  -1.834   0
   3.53751755   1.307   0.411  -0.661  -1.700   0
   3.54529405   1.215   0.390  -0.646  -1.653   4
   3.63803291   0.822   0.036  -0.978  -1.962   0
   3.66019487   0.725  -0.054  -1.065  -2.044   1
   3.75009084   0.905  -0.061  -1.166  -2.225   0
   3.76050925   1.017  -0.066  -1.224  -2.335   0
   3.76158810   1.040  -0.115  -1.304  -2.444   0
   3.76179838   1.035  -0.159  -1.364  -2.519   0
   3.76198602   1.022  -0.246  -1.481  -2.664   0
   3.76216507   1.015  -0.332  -1.599  -2.813   0
   3.76531696   1.002  -0.488  -1.812  -3.083   0
   3.76612592   0.999  -0.572  -1.925  -3.227   0
   3.76693416   0.998  -0.650  -2.033  -3.363   0
   3.76777482   1.000  -0.731  -2.146  -3.508   0
   3.76871395   1.030  -0.813  -2.271  -3.681   0
   3.76934218   1.046  -0.880  -2.371  -3.816   0
   3.76996160   1.063  -0.961  -2.488  -3.972   0
   3.77051449   1.063  -1.027  -2.589  -4.129   0
   3.77093124   0.966  -1.050  -2.622  -4.249   0
   3.77136827   0.833  -1.073  -2.654  -4.390   0
   3.77164435   0.720  -1.103  -2.689  -4.497   0
   3.77192044   0.581  -1.127  -2.715  -4.617   0
   3.77216339   0.517  -1.112  -2.708  -4.740   0
   3.77241445   0.450  -1.076  -2.678  -4.867   0
   3.77264905   0.377  -1.040  -2.646  -4.989   2
   3.77298236   0.399  -0.840  -2.431  -5.065   0
   3.77309346   0.410  -0.794  -2.380  -5.077   0
   3.77324152   0.390  -0.824  -2.412  -5.089   0
   3.77331138   0.447  -0.670  -2.244  -5.096   0
   3.77343464   0.533  -0.417  -1.968  -5.116   0
   3.77344298   0.543  -0.393  -1.942  -5.116   0
   3.77347064   0.557  -0.358  -1.906  -5.115   0
   3.77349830   0.574  -0.318  -1.865  -5.111   0
   3.77352595   0.591  -0.278  -1.825  -5.107   0
   3.77355361   0.609  -0.238  -1.785  -5.103   1
   3.77358127   0.626  -0.198  -1.745  -5.099   0
   3.77360868   0.643  -0.158  -1.704  -5.095   0
   3.77363610   0.661  -0.118  -1.664  -5.091   0
   3.77366304   0.678  -0.079  -1.624  -5.086   0
   3.77368999   0.695  -0.039  -1.585  -5.082   0
   3.77371693   0.712   0.001  -1.545  -5.078   0
   3.77374387   0.729   0.040  -1.505  -5.074   0
   3.77376556   0.743   0.072  -1.473  -5.071   0
   3.77378702   0.757   0.104  -1.441  -5.067   0
   3.77381396   0.774   0.143  -1.401  -5.063   0
   3.77384090   0.791   0.183  -1.361  -5.059   0
   3.77386808   0.808   0.222  -1.321  -5.055   0
   3.77389479   0.822   0.254  -1.290  -5.051   0
   3.77392197   0.835   0.282  -1.261  -5.048   0
   3.77394891   0.847   0.311  -1.232  -5.044   0
   3.77406716   0.862   0.343  -1.200  -5.040   0
   3.77417970   0.875   0.372  -1.171  -5.037   0
   3.77429152   0.887   0.401  -1.142  -5.034   0
   3.77440286   0.900   0.430  -1.113  -5.030   0
   3.77451372   0.913   0.458  -1.084  -5.027   0
   3.77462435   0.918   0.479  -1.065  -5.028   0
   3.77476168   0.921   0.500  -1.047  -5.033   0
   3.77489877   0.923   0.520  -1.029  -5.037   0
   3.77503538   0.925   0.541  -1.012  -5.041   0
   3.77517128   0.928   0.561  -0.994  -5.046   0
   3.77530718   0.930   0.581  -0.977  -5.050   0
   3.77544308   0.932   0.600  -0.960  -5.054   0
   3.77557874   0.935   0.620  -0.943  -5.058   0
   3.77571464   0.938   0.640  -0.926  -5.061   0
   3.77584887   0.941   0.659  -0.909  -5.064   0
   3.77597451   0.945   0.679  -0.892  -5.065   0
   3.77609158   0.955   0.702  -0.871  -5.060   0
   3.77613211   0.979   0.730  -0.844  -5.037   0
   3.77614903   0.996   0.748  -0.826  -5.021   0
   3.77615643   1.005   0.758  -0.816  -5.012   0
   3.77615952   1.011   0.765  -0.809  -5.007   0
   3.77616215   1.016   0.771  -0.803  -5.001   0
   3.77616477   1.022   0.778  -0.797  -4.996   2
   3.77616739   1.028   0.784  -0.790  -4.991   0
   3.77617002   1.034   0.791  -0.783  -4.985   0
   3.77617264   1.040   0.798  -0.776  -4.979   0
   3.77617526   1.047   0.806  -0.769  -4.973   0
   3.77617788   1.053   0.814  -0.761  -4.966   0
   3.77618051   1.060   0.822  -0.753  -4.960   0
   3.77618313   1.068   0.830  -0.745  -4.953   0
   3.77618575   1.076   0.839  -0.736  -4.945   0
   3.77618837   1.084   0.849  -0.727  -4.938   0
   3.77619100   1.092   0.858  -0.718  -4.930   0
   3.77619362   1.101   0.869  -0.707  -4.921   0
   3.77619624   1.111   0.880  -0.697  -4.912   0
   3.77619886   1.121   0.892  -0.685  -4.903   0
   3.77620149   1.132   0.904  -0.673  -4.892   0
   3.77620411   1.143   0.918  -0.659  -4.882   0
   3.77620673   1.156   0.933  -0.645  -4.870   0
   3.77621126   1.170   0.949  -0.629  -4.857   0
