   0.15000001  16.093  14.562  12.985  10.476   0
   0.20000000  14.922  13.511  12.011   9.736   0
   0.25000000  14.228  12.864  11.399   9.246   0
   0.30000001  13.717  12.375  10.926   8.891   0
   0.34999999  13.284  11.956  10.518   8.590   0
   0.40000001  12.843  11.526  10.099   8.255   0
   0.41369522  12.714  11.401   9.981   8.164   0
   0.44999999  12.399  11.097   9.695   7.950   0
   0.50000000  11.919  10.631   9.258   7.631   0
   0.55000001  11.437  10.161   8.826   7.290   0
   0.60000002  10.963   9.701   8.414   6.952   0
   0.69999999   9.829   8.703   7.541   6.256   0
   0.80000001   8.420   7.613   6.617   5.551   0
   0.89999998   7.136   6.656   5.808   4.927   0
   0.93779629   6.724   6.341   5.543   4.711   0
   1.00000000   6.102   5.859   5.139   4.379   0
   1.08130264   5.416   5.291   4.656   3.970   0
   1.10000002   5.270   5.168   4.550   3.880   0
   1.13521123   5.015   4.941   4.355   3.712   0
   1.17777538   4.724   4.681   4.130   3.520   0
   1.20000005   4.579   4.551   4.019   3.425   0
   1.21206200   4.500   4.481   3.958   3.373   0
   1.25839877   4.233   4.226   3.737   3.184   0
   1.29130149   4.058   4.059   3.592   3.060   0
   1.29961479   4.015   4.018   3.557   3.031   0
   1.29999995   4.013   4.016   3.556   3.029   0
   1.39999998   3.538   3.547   3.146   2.682   0
   1.48696840   3.173   3.174   2.822   2.414   0
   1.50000000   3.121   3.121   2.775   2.375   0
   1.60000002   2.761   2.736   2.434   2.096   0
   1.61842465   2.698   2.669   2.375   2.046   0
   1.70000005   2.432   2.385   2.117   1.824   0
   1.71661234   2.380   2.330   2.067   1.780   0
   1.79667652   2.139   2.075   1.826   1.560   0
   1.79999995   2.130   2.064   1.817   1.550   0
   1.86690605   1.936   1.861   1.620   1.361   1
   1.89999998   1.845   1.766   1.524   1.264   0
   1.92876065   1.768   1.686   1.443   1.178   0
   1.95000005   1.715   1.633   1.384   1.112   0
   1.97891343   1.645   1.561   1.304   1.021   0
   2.00000000   1.600   1.517   1.250   0.953   0
   2.02357125   1.551   1.467   1.189   0.877   0
   2.06189871   1.484   1.403   1.098   0.749   0
   2.09575796   1.439   1.359   1.022   0.632   0
   2.11115551   1.423   1.342   0.988   0.579   0
   2.12563157   1.400   1.318   0.950   0.525   0
   2.13545799   1.366   1.282   0.913   0.485   2
   2.14166713   1.320   1.234   0.873   0.456   0
   2.14662886   1.235   1.145   0.811   0.426   0
   2.14995289   1.081   0.974   0.702   0.394   0
   2.15086150   0.946   0.824   0.606   0.366   0
   2.15134311   0.787   0.652   0.495   0.325   0
   2.15141535   0.835   0.699   0.534   0.354   0
   2.15152097   0.963   0.840   0.634   0.407   0
   2.15169668   1.025   0.913   0.652   0.358   4
   2.15195012   1.038   0.936   0.620   0.258   0
   2.15222430   1.083   0.984   0.620   0.197   0
   2.15264058   1.175   1.072   0.646   0.154   0
   2.15336633   1.360   1.231   0.716   0.138   0
   2.15410233   1.568   1.396   0.809   0.166   0
   2.15491796   1.844   1.607   0.946   0.242   0
   2.15554571   2.094   1.802   1.086   0.335   0
   2.15617824   2.415   2.043   1.266   0.464   0
   2.15681529   2.712   2.268   1.437   0.592   0
   2.15768790   3.008   2.455   1.560   0.658   4
   2.15886021   3.080   2.427   1.475   0.525   0
   2.15989852   3.022   2.308   1.325   0.346   0
   2.16085482   2.943   2.177   1.170   0.168   0
   2.16164541   2.867   2.061   1.034   0.014   0
   2.16246223   2.789   1.939   0.890  -0.148   0
   2.16332698   2.706   1.809   0.736  -0.322   0
   2.16413355   2.634   1.690   0.594  -0.483   0
   2.16481614   2.579   1.591   0.476  -0.621   0
   2.16548085   2.520   1.488   0.354  -0.761   0
   2.16617703   2.462   1.381   0.226  -0.908   0
   2.16681099   2.406   1.279   0.103  -1.049   0
   2.16746020   2.353   1.172  -0.027  -1.200   0
   2.16802573   2.311   1.078  -0.143  -1.335   0
   2.16857409   2.285   0.996  -0.248  -1.465   0
   2.16914296   2.249   0.904  -0.363  -1.602   0
   2.16972184   2.220   0.815  -0.476  -1.740   0
   2.17041397   2.200   0.734  -0.581  -1.868   0
   2.17063713   2.193   0.713  -0.607  -1.900   2
   2.17182231   2.533   1.552   0.440  -0.652   0
   2.17226505   2.581   1.644   0.551  -0.522   0
   2.17259455   2.614   1.703   0.624  -0.438   0
   2.17292476   2.645   1.756   0.687  -0.366   0
   2.17330623   2.679   1.813   0.756  -0.287   0
   2.17379022   2.715   1.874   0.829  -0.203   0
   2.17494082   2.778   1.979   0.955  -0.060   0
   2.17497921   2.788   1.996   0.975  -0.038   0
   2.17503047   2.798   2.011   0.993  -0.017   0
   2.17512012   2.808   2.027   1.012   0.005   0
   2.17532563   2.821   2.049   1.038   0.035   0
   2.17585254   2.842   2.083   1.078   0.080   0
   2.17698765   2.872   2.132   1.137   0.147   4
   2.20000005   2.803   2.065   1.071   0.084   0
   2.25598717   2.630   1.894   0.901  -0.083   0
   2.32032180   2.418   1.676   0.680  -0.303   0
   2.36794066   2.276   1.506   0.497  -0.498   0
   2.38555670   2.225   1.408   0.375  -0.640   0
   2.39394569   2.184   1.309   0.246  -0.793   0
   2.39538598   2.151   1.227   0.140  -0.920   0
   2.39588809   2.121   1.145   0.035  -1.047   0
   2.39606023   2.095   1.071  -0.060  -1.162   0
   2.39613533   2.068   1.006  -0.142  -1.260   0
   2.39621520   2.029   0.915  -0.255  -1.394   0
   2.39630318   1.988   0.814  -0.381  -1.543   0
   2.40005684   1.948   0.719  -0.501  -1.684   0
   2.40181208   1.912   0.604  -0.648  -1.863   0
   2.40278506   1.899   0.485  -0.809  -2.067   0
   2.40336704   1.895   0.397  -0.930  -2.221   0
   2.40386915   1.881   0.295  -1.065  -2.389   0
   2.40418005   1.883   0.225  -1.163  -2.516   0
   2.40445900   1.860   0.143  -1.269  -2.648   0
   2.40466642   1.852   0.073  -1.363  -2.768   0
   2.40484953   1.840  -0.006  -1.469  -2.901   0
   2.40501690   1.857  -0.073  -1.568  -3.035   0
   2.40517616   1.883  -0.142  -1.672  -3.178   0
   2.40535140   1.827  -0.172  -1.725  -3.314   0
   2.40551877   1.724  -0.203  -1.766  -3.440   0
   2.40564632   1.643  -0.227  -1.796  -3.533   0
   2.40587735   1.511  -0.271  -1.848  -3.669   0
   2.40603662   1.400  -0.286  -1.867  -3.781   3
   2.40610814   1.352  -0.205  -1.801  -3.927   0
   2.40611625   1.345  -0.187  -1.784  -3.950   0
   2.40612864   1.335  -0.177  -1.777  -3.972   0
   2.40614033   1.325  -0.168  -1.769  -3.994   0
   2.40615225   1.315  -0.159  -1.761  -4.015   0
   2.40616393   1.304  -0.150  -1.753  -4.037   0
   2.40617585   1.293  -0.141  -1.745  -4.058   0
   2.40618753   1.281  -0.133  -1.737  -4.080   0
   2.40619946   1.270  -0.124  -1.729  -4.102   0
   2.40621114   1.258  -0.115  -1.721  -4.124   0
   2.40622306   1.252  -0.099  -1.705  -4.141   0
   2.40623498   1.263  -0.063  -1.666  -4.144   0
   2.40624666   1.275  -0.027  -1.627  -4.148   0
   2.40625858   1.287   0.009  -1.587  -4.152   0
   2.40627027   1.298   0.045  -1.548  -4.156   0
   2.40628219   1.310   0.081  -1.509  -4.160   0
   2.40629387   1.322   0.117  -1.470  -4.164   0
   2.40630269   1.330   0.141  -1.443  -4.166   0
   2.40631413   1.338   0.165  -1.417  -4.169   0
   2.40632534   1.344   0.183  -1.397  -4.170   0
   2.40633440   1.348   0.196  -1.383  -4.172   0
   2.40634322   1.352   0.210  -1.368  -4.173   0
   2.40637398   1.362   0.235  -1.340  -4.175   0
   2.40641713   1.373   0.269  -1.304  -4.178   0
   2.40646029   1.383   0.302  -1.268  -4.182   0
   2.40650320   1.394   0.335  -1.231  -4.185   0
   2.40654564   1.405   0.368  -1.195  -4.189   0
   2.40658784   1.416   0.401  -1.159  -4.192   0
   2.40663004   1.427   0.434  -1.123  -4.196   0
   2.40667176   1.438   0.468  -1.087  -4.199   0
   2.40671325   1.449   0.501  -1.050  -4.203   0
   2.40675449   1.460   0.534  -1.014  -4.206   0
   2.40679550   1.478   0.577  -0.970  -4.202   1
   2.40683627   1.497   0.621  -0.927  -4.197   0
   2.40687680   1.516   0.665  -0.883  -4.192   0
   2.40691710   1.535   0.708  -0.839  -4.188   0
   2.40695691   1.554   0.752  -0.795  -4.183   0
   2.40699673   1.573   0.796  -0.751  -4.178   0
   2.40703607   1.593   0.839  -0.707  -4.173   0
   2.40707541   1.612   0.883  -0.663  -4.169   0
   2.40711427   1.631   0.927  -0.619  -4.164   0
   2.40715289   1.650   0.971  -0.574  -4.159   0
   2.40719128   1.669   1.014  -0.530  -4.154   0
   2.40722942   1.688   1.058  -0.486  -4.149   0
   2.40726709   1.707   1.102  -0.442  -4.145   0
   2.40730500   1.727   1.146  -0.398  -4.140   0
   2.40734220   1.746   1.190  -0.353  -4.135   0
   2.40737915   1.765   1.234  -0.309  -4.130   0
   2.40741587   1.785   1.278  -0.265  -4.125   0
   2.40745258   1.804   1.322  -0.220  -4.120   0
   2.40748882   1.823   1.366  -0.176  -4.115   1
   2.40752482   1.831   1.398  -0.146  -4.117   0
   2.40756059   1.834   1.424  -0.124  -4.123   0
   2.40759587   1.837   1.450  -0.101  -4.128   0
   2.40763116   1.840   1.476  -0.079  -4.134   0
   2.40766597   1.843   1.503  -0.056  -4.139   0
   2.40770078   1.846   1.529  -0.034  -4.145   0
   2.40773511   1.849   1.555  -0.011  -4.150   0
   2.40776920   1.853   1.581   0.011  -4.156   0
   2.40780282   1.856   1.608   0.034  -4.161   0
   2.40783644   1.859   1.635   0.057  -4.166   0
   2.40786934   1.863   1.663   0.082  -4.171   0
   2.40789580   1.868   1.688   0.103  -4.174   0
   2.40792346   1.876   1.719   0.131  -4.174   0
   2.40793967   1.884   1.744   0.153  -4.172   0
   2.40794587   1.892   1.761   0.169  -4.168   0
   2.40794826   1.897   1.772   0.179  -4.164   0
   2.40795040   1.904   1.785   0.191  -4.160   0
   2.40795279   1.913   1.800   0.205  -4.154   0
   2.40795493   1.927   1.827   0.230  -4.144   0
   2.40795708   1.945   1.859   0.260  -4.131   0
   2.40795946   1.965   1.894   0.293  -4.117   0
   2.40796161   1.987   1.934   0.330  -4.101   0
   2.40796399   2.014   1.980   0.373  -4.082   0
   2.40796614   2.043   2.033   0.422  -4.061   0
   2.40796852   2.075   2.085   0.470  -4.042   0
   2.40796852   2.075   2.085   0.470  -4.042   0
