   0.15000001  16.097  14.565  12.988  10.478   0
   0.20000000  14.929  13.517  12.016   9.740   0
   0.25000000  14.237  12.873  11.408   9.255   0
   0.30000001  13.730  12.388  10.938   8.902   0
   0.34999999  13.296  11.968  10.530   8.602   0
   0.40000001  12.861  11.544  10.118   8.275   0
   0.44999999  12.406  11.104   9.702   7.956   0
   0.50000000  11.931  10.643   9.269   7.642   0
   0.55000001  11.448  10.172   8.837   7.300   0
   0.60000002  10.971   9.711   8.425   6.965   0
   0.69999999   9.821   8.704   7.549   6.273   0
   0.80000001   8.501   7.673   6.668   5.590   0
   0.89999998   7.247   6.741   5.881   4.985   0
   1.00000000   6.264   5.992   5.255   4.480   0
   1.10000002   5.503   5.367   4.722   4.028   0
   1.20000005   4.720   4.687   4.145   3.542   0
   1.29999995   4.158   4.164   3.698   3.167   0
   1.39999998   3.686   3.704   3.305   2.845   0
   1.50000000   3.294   3.301   2.969   2.589   0
   1.60000002   2.931   2.909   2.645   2.360   0
   1.70000005   2.608   2.557   2.357   2.162   0
   1.79999995   2.336   2.270   2.130   2.009   0
   1.89999998   2.094   2.040   1.946   1.877   0
   1.95000005   1.982   1.938   1.865   1.816   0
   2.00000000   1.819   1.792   1.738   1.708   0
   2.20000005   1.452   1.498   1.497   1.516   0
   2.50000000   0.932   1.103   1.152   1.211   0
   2.92136979   0.338   0.663   0.750   0.839   0
   3.00000000   0.241   0.592   0.683   0.776   0
   3.03653264   0.198   0.559   0.653   0.748   0
   3.50000000  -0.294   0.184   0.300   0.415   0
   4.00000000  -0.728  -0.157  -0.022   0.112   0
   4.50000000  -1.082  -0.440  -0.291  -0.140   0
   5.00000000  -1.403  -0.707  -0.544  -0.378   0
   6.00000000  -1.959  -1.178  -0.992  -0.803   0
   7.00000000  -2.429  -1.582  -1.379  -1.169   0
   7.86747026  -2.807  -1.913  -1.699  -1.475   0
   9.00000000  -3.258  -2.310  -2.084  -1.843   0
  10.13998795  -3.632  -2.644  -2.408  -2.157   0
  12.00000000  -4.202  -3.162  -2.913  -2.646   0
  14.21374416  -4.777  -3.696  -3.435  -3.153   0
  15.00000000  -4.984  -3.891  -3.627  -3.342   0
  17.44733047  -5.526  -4.407  -4.140  -3.851   1
  20.00000000  -6.100  -4.973  -4.707  -4.424   0
  22.74525642  -6.656  -5.559  -5.303  -5.032   0
  25.12110901  -7.320  -6.279  -6.056  -5.830   0
  26.14352036  -7.654  -6.722  -6.516  -6.315   0
  26.80614853  -7.965  -7.051  -6.874  -6.712   0
  26.87198830  -7.961  -7.034  -6.856  -6.690   0
  26.99640083  -7.869  -6.953  -6.751  -6.556   0
  27.01217079  -7.849  -6.896  -6.688  -6.481   0
  27.01630783  -7.827  -6.863  -6.653  -6.443   1
  27.02274704  -8.005  -7.076  -6.889  -6.711   0
  27.02523232  -8.131  -7.248  -7.074  -6.917   0
  27.02715683  -8.215  -7.403  -7.238  -7.097   0
  27.02904701  -8.316  -7.579  -7.427  -7.306   0
  27.03069305  -8.464  -7.735  -7.618  -7.541   0
  27.03219795  -8.535  -7.975  -7.857  -7.788   1
  27.03349304  -8.644  -8.170  -8.081  -8.049   0
  27.03454399  -8.706  -8.350  -8.285  -8.287   0
  27.03587341  -8.693  -8.559  -8.518  -8.549   0
  27.03695869  -8.677  -8.625  -8.637  -8.726   0
  27.03808022  -8.595  -8.668  -8.729  -8.867   0
  27.03919983  -8.440  -8.652  -8.767  -8.970   3
  27.04004288  -8.316  -8.591  -8.764  -9.028   0
  27.04091644  -8.147  -8.472  -8.715  -9.048   0
  27.04182625  -7.958  -8.338  -8.689  -9.117   0
  27.04270172  -7.808  -8.230  -8.675  -9.177   0
  27.04361343  -7.638  -8.106  -8.644  -9.219   0
  27.04452324  -7.472  -7.994  -8.620  -9.262   0
  27.04515266  -7.369  -7.931  -8.609  -9.291   0
  27.04578400  -7.261  -7.866  -8.598  -9.321   0
  27.04641533  -7.146  -7.800  -8.584  -9.345   0
  27.04693985  -7.063  -7.755  -8.573  -9.360   0
  27.04788589  -6.904  -7.667  -8.551  -9.387   0
  27.04841042  -6.797  -7.609  -8.536  -9.402   0
  27.04900742  -6.661  -7.538  -8.513  -9.413   0
  27.04963684  -6.517  -7.464  -8.489  -9.424   0
  27.05030251  -6.362  -7.384  -8.462  -9.435   0
  27.05107307  -6.163  -7.287  -8.425  -9.439   0
  27.05187798  -5.946  -7.177  -8.374  -9.428   0
  27.05271912  -5.721  -7.062  -8.319  -9.414   0
  27.05327988  -5.557  -6.981  -8.276  -9.398   0
  27.05387497  -5.386  -6.897  -8.227  -9.377   0
  27.05433083  -5.239  -6.825  -8.186  -9.359   0
  27.05471611  -5.104  -6.759  -8.150  -9.345   0
  27.05513573  -4.973  -6.695  -8.114  -9.330   0
  27.05552101  -4.837  -6.629  -8.073  -9.312   0
  27.05590630  -4.697  -6.560  -8.028  -9.292   0
  27.05632782  -4.566  -6.495  -7.986  -9.273   0
  27.05713272  -4.391  -6.411  -7.932  -9.251   0
  27.05807877  -4.257  -6.354  -7.901  -9.247   0
  27.05961990  -4.177  -6.335  -7.902  -9.269   0
  27.06182671  -4.141  -6.336  -7.917  -9.302   0
  27.06287766  -4.154  -6.365  -7.952  -9.343   0
  27.06568146  -4.127  -6.370  -7.969  -9.375   0
  27.07735062  -4.068  -6.352  -7.965  -9.390   2
  27.15883636  -4.465  -6.548  -8.090  -9.431   0
  27.33460426  -5.755  -7.125  -8.396  -9.498   0
  27.59547615  -8.088  -8.473  -8.811  -9.229   3
  28.11731911  -8.641  -8.124  -8.012  -7.950   1
  28.43269348  -8.774  -8.310  -8.226  -8.201   0
  28.95312691  -8.907  -8.572  -8.509  -8.513   2
  29.20709610  -9.053  -8.644  -8.573  -8.566   0
  29.20995140  -9.101  -8.693  -8.621  -8.615   0
  29.21063232  -9.125  -8.768  -8.703  -8.704   0
  29.21192551  -9.130  -8.717  -8.645  -8.638   0
  29.21280861  -9.035  -8.524  -8.415  -8.358   0
  29.21317101  -8.996  -8.429  -8.312  -8.242   0
