   0.15000001  16.095  14.563  12.986  10.477   0
   0.20000000  14.926  13.514  12.013   9.738   0
   0.25000000  14.232  12.869  11.403   9.251   0
   0.30000001  13.724  12.381  10.932   8.897   0
   0.34999999  13.290  11.962  10.524   8.596   0
   0.40000001  12.852  11.535  10.108   8.265   0
   0.44661683  12.431  11.128   9.724   7.972   0
   0.44999999  12.403  11.101   9.698   7.953   0
   0.50000000  11.924  10.636   9.262   7.635   0
   0.55000001  11.443  10.166   8.831   7.295   0
   0.60000002  10.970   9.708   8.420   6.958   0
   0.69999999   9.845   8.717   7.554   6.267   0
   0.80000001   8.459   7.641   6.640   5.569   0
   0.89999998   7.185   6.693   5.839   4.951   0
   1.00000000   6.156   5.903   5.176   4.411   0
   1.09385109   5.379   5.264   4.634   3.953   0
   1.10000002   5.331   5.224   4.600   3.925   0
   1.15286851   4.957   4.892   4.316   3.682   0
   1.20000005   4.646   4.615   4.077   3.478   0
   1.22108138   4.515   4.498   3.977   3.393   0
   1.29999995   4.086   4.090   3.627   3.098   0
   1.30796444   4.045   4.052   3.594   3.070   0
   1.39999998   3.615   3.628   3.229   2.768   0
   1.50000000   3.207   3.210   2.874   2.489   0
   1.60000002   2.841   2.817   2.543   2.244   0
   1.67871904   2.588   2.541   2.311   2.074   0
   1.70000005   2.522   2.470   2.250   2.028   0
   1.79999995   2.230   2.160   1.988   1.823   0
   1.88595092   1.994   1.911   1.776   1.654   0
   1.89999998   1.956   1.873   1.743   1.626   0
   1.95000005   1.824   1.745   1.630   1.530   0
   2.00000000   1.697   1.621   1.519   1.432   0
   2.05583382   1.556   1.484   1.397   1.325   0
   2.18590212   1.235   1.172   1.114   1.068   0
   2.20000005   1.201   1.140   1.084   1.040   0
   2.30084395   0.965   0.914   0.872   0.839   0
   2.39538383   0.745   0.699   0.666   0.638   0
   2.47537446   0.562   0.513   0.482   0.453   1
   2.50000000   0.507   0.455   0.423   0.392   0
   2.55264688   0.393   0.333   0.298   0.263   0
   2.61363816   0.268   0.190   0.147   0.101   0
   2.66668153   0.169   0.073   0.016  -0.049   0
   2.71324754   0.087  -0.033  -0.108  -0.194   0
   2.73443437   0.050  -0.083  -0.168  -0.264   0
   2.75425816   0.010  -0.129  -0.222  -0.329   0
   2.76663327  -0.027  -0.167  -0.261  -0.369   0
   2.77586222  -0.075  -0.213  -0.297  -0.396   0
   2.78240609  -0.141  -0.260  -0.326  -0.405   0
   2.78678417  -0.263  -0.338  -0.364  -0.401   0
   2.78799200  -0.362  -0.385  -0.383  -0.394   0
   2.78863931  -0.473  -0.438  -0.411  -0.398   0
   2.78872776  -0.437  -0.411  -0.387  -0.377   0
   2.78891706  -0.309  -0.335  -0.336  -0.349   4
   2.78915930  -0.293  -0.374  -0.404  -0.446   0
   2.78950739  -0.307  -0.436  -0.504  -0.589   0
   2.78998780  -0.279  -0.439  -0.562  -0.710   0
   2.79034233  -0.238  -0.405  -0.572  -0.769   3
   2.79076672  -0.179  -0.343  -0.567  -0.827   0
   2.79125834  -0.093  -0.243  -0.535  -0.874   0
   2.79161835  -0.011  -0.155  -0.499  -0.899   0
   2.79199505   0.091  -0.050  -0.451  -0.917   0
   2.79258728   0.317   0.155  -0.350  -0.919   0
   2.79319739   0.646   0.416  -0.205  -0.875   0
   2.79360461   0.912   0.615  -0.078  -0.808   0
   2.79400969   1.203   0.833   0.073  -0.710   0
   2.79441166   1.504   1.058   0.239  -0.594   0
   2.79501390   1.919   1.351   0.452  -0.447   0
   2.79521441   2.005   1.400   0.480  -0.437   4
   2.79591870   2.130   1.409   0.423  -0.550   0
   2.79646778   2.109   1.321   0.303  -0.700   0
   2.79713559   2.064   1.213   0.163  -0.867   0
   2.79789186   2.011   1.099   0.019  -1.036   0
   2.79850149   1.972   1.009  -0.096  -1.172   0
   2.79923463   1.928   0.901  -0.231  -1.335   0
   2.79998255   1.868   0.782  -0.376  -1.503   0
   2.80056190   1.822   0.691  -0.486  -1.630   0
   2.80117679   1.777   0.595  -0.605  -1.769   0
   2.80177045   1.747   0.506  -0.718  -1.905   0
   2.80229330   1.730   0.431  -0.818  -2.028   0
   2.80280638   1.708   0.352  -0.919  -2.152   0
   2.80330920   1.680   0.270  -1.022  -2.276   0
   2.80379653   1.669   0.206  -1.107  -2.382   0
   2.80403137   1.668   0.183  -1.138  -2.422   2
   2.80452895   1.668   0.232  -1.070  -2.334   0
   2.80515003   1.680   0.296  -0.986  -2.229   0
   2.80590415   1.694   0.365  -0.896  -2.117   0
   2.80672789   1.713   0.441  -0.797  -1.995   0
   2.80765200   1.746   0.537  -0.674  -1.848   0
   2.80856490   1.782   0.640  -0.543  -1.691   0
   2.80955982   1.833   0.758  -0.395  -1.516   0
   2.81059337   1.887   0.877  -0.248  -1.343   0
   2.81182146   1.931   0.988  -0.108  -1.175   0
   2.81336141   1.978   1.096   0.030  -1.013   0
   2.81569314   2.027   1.202   0.166  -0.852   0
   2.81890893   2.053   1.277   0.264  -0.732   0
   2.82524967   2.036   1.313   0.327  -0.645   1
   2.92628646   1.759   1.025   0.034  -0.940   0
   2.92961073   1.748   1.015   0.023  -0.950   0
   2.99434257   1.598   0.842  -0.161  -1.142   0
   3.00000000   1.585   0.827  -0.177  -1.158   0
   3.01543593   1.551   0.784  -0.224  -1.209   0
   3.05427289   1.568   0.703  -0.354  -1.382   0
   3.05989408   1.568   0.628  -0.466  -1.525   0
   3.06074548   1.558   0.554  -0.569  -1.655   0
   3.06099319   1.539   0.473  -0.676  -1.787   0
   3.06112909   1.510   0.382  -0.794  -1.930   0
   3.06124473   1.485   0.298  -0.904  -2.064   0
   3.06142068   1.464   0.201  -1.033  -2.221   0
   3.06231475   1.476   0.276  -0.932  -2.097   1
   3.06536913   1.471   0.166  -1.085  -2.291   0
   3.06644630   1.444   0.054  -1.230  -2.470   0
   3.06753516   1.425  -0.067  -1.390  -2.670   0
   3.06826329   1.387  -0.173  -1.523  -2.828   0
   3.06893778   1.388  -0.269  -1.656  -2.998   0
   3.06940913   1.395  -0.338  -1.754  -3.128   0
   3.06992412   1.397  -0.426  -1.878  -3.290   0
   3.07036185   1.412  -0.504  -1.992  -3.441   0
   3.07072902   1.424  -0.575  -2.094  -3.578   0
   3.07114649   1.441  -0.632  -2.185  -3.716   0
   3.07149792   1.342  -0.651  -2.216  -3.842   0
   3.07166481   1.245  -0.674  -2.247  -3.954   0
   3.07180309   1.143  -0.699  -2.278  -4.058   0
   3.07192373   1.034  -0.727  -2.310  -4.159   0
   3.07203555   0.965  -0.704  -2.291  -4.247   0
   3.07214975   0.908  -0.701  -2.296  -4.348   0
   3.07228565   0.861  -0.666  -2.267  -4.448   0
   3.07247424   0.797  -0.636  -2.241  -4.560   0
   3.07254457   0.743  -0.608  -2.214  -4.649   2
   3.07257533   0.780  -0.491  -2.087  -4.664   0
   3.07259440   0.791  -0.457  -2.049  -4.668   0
   3.07261372   0.802  -0.423  -2.012  -4.671   0
   3.07263303   0.813  -0.389  -1.975  -4.675   0
   3.07265234   0.824  -0.355  -1.938  -4.679   0
   3.07267141   0.835  -0.321  -1.900  -4.682   0
   3.07269049   0.846  -0.287  -1.863  -4.686   0
   3.07270956   0.857  -0.253  -1.826  -4.690   0
   3.07272840   0.868  -0.219  -1.789  -4.694   0
   3.07274723   0.879  -0.185  -1.752  -4.697   0
   3.07276607   0.890  -0.151  -1.714  -4.701   0
   3.07278514   0.902  -0.116  -1.677  -4.705   0
   3.07280397   0.913  -0.082  -1.640  -4.708   0
   3.07282281   0.924  -0.048  -1.603  -4.712   0
   3.07283783   0.933  -0.021  -1.573  -4.715   0
   3.07285690   0.944   0.013  -1.536  -4.719   0
   3.07287574   0.959   0.049  -1.498  -4.717   0
   3.07296586   0.987   0.116  -1.431  -4.710   1
   3.07305551   1.014   0.176  -1.371  -4.703   0
   3.07314420   1.034   0.221  -1.325  -4.698   0
   3.07323241   1.053   0.266  -1.280  -4.693   0
   3.07331991   1.073   0.311  -1.235  -4.688   0
   3.07340670   1.092   0.356  -1.190  -4.683   0
   3.07349253   1.112   0.401  -1.145  -4.679   0
   3.07357788   1.131   0.445  -1.100  -4.674   0
   3.07366252   1.151   0.490  -1.055  -4.669   0
   3.07374620   1.171   0.535  -1.009  -4.664   0
   3.07382941   1.190   0.580  -0.964  -4.659   0
   3.07391191   1.210   0.624  -0.919  -4.654   0
   3.07399344   1.229   0.669  -0.874  -4.649   0
   3.07407451   1.249   0.714  -0.829  -4.644   0
   3.07415462   1.269   0.759  -0.784  -4.639   0
   3.07423425   1.288   0.803  -0.739  -4.634   0
   3.07431293   1.308   0.848  -0.694  -4.629   1
   3.07439089   1.318   0.882  -0.662  -4.630   0
   3.07446837   1.321   0.908  -0.639  -4.636   0
   3.07454515   1.324   0.935  -0.617  -4.641   0
   3.07462144   1.327   0.961  -0.594  -4.647   0
   3.07469749   1.330   0.987  -0.572  -4.652   0
   3.07477307   1.333   1.013  -0.550  -4.657   0
   3.07484818   1.336   1.039  -0.527  -4.662   0
   3.07491612   1.341   1.065  -0.505  -4.666   0
   3.07498336   1.348   1.094  -0.479  -4.667   0
   3.07501769   1.357   1.117  -0.458  -4.663   0
   3.07503128   1.369   1.138  -0.438  -4.654   0
   3.07503891   1.380   1.156  -0.422  -4.646   0
   3.07504296   1.389   1.170  -0.408  -4.639   0
   3.07504487   1.397   1.183  -0.396  -4.632   0
   3.07504630   1.405   1.196  -0.384  -4.626   0
   3.07504773   1.414   1.210  -0.371  -4.619   0
   3.07504916   1.423   1.224  -0.358  -4.612   0
   3.07505059   1.432   1.239  -0.344  -4.605   0
   3.07505202   1.442   1.254  -0.329  -4.597   0
   3.07505345   1.453   1.271  -0.313  -4.588   0
   3.07505488   1.464   1.289  -0.296  -4.580   0
   3.07505631   1.476   1.308  -0.279  -4.570   0
   3.07505774   1.489   1.328  -0.260  -4.560   0
   3.07505918   1.503   1.350  -0.239  -4.549   0
   3.07506061   1.518   1.373  -0.217  -4.537   0
   3.07506180   1.534   1.399  -0.192  -4.524   0
   3.07506323   1.552   1.428  -0.166  -4.510   0
   3.07506490   1.573   1.459  -0.136  -4.494   0
