   0.15000001  16.097  14.565  12.988  10.478   0
   0.20000000  14.929  13.517  12.016   9.740   0
   0.25000000  14.237  12.873  11.408   9.255   0
   0.30000001  13.730  12.388  10.938   8.902   0
   0.34999999  13.296  11.968  10.530   8.602   0
   0.40000001  12.861  11.544  10.118   8.275   0
   0.44999999  12.406  11.104   9.702   7.956   0
   0.50000000  11.931  10.643   9.269   7.642   0
   0.55000001  11.448  10.172   8.837   7.299   0
   0.60000002  10.971   9.711   8.425   6.965   0
   0.69999999   9.821   8.704   7.549   6.273   0
   0.80000001   8.501   7.673   6.667   5.589   0
   0.89999998   7.247   6.740   5.880   4.985   0
   1.00000000   6.263   5.991   5.253   4.479   0
   1.10000002   5.500   5.364   4.720   4.026   0
   1.20000005   4.718   4.686   4.144   3.541   0
   1.29999995   4.158   4.164   3.698   3.167   0
   1.39999998   3.686   3.703   3.305   2.845   0
   1.50000000   3.294   3.302   2.969   2.589   0
   1.60000002   2.931   2.910   2.645   2.360   0
   1.70000005   2.610   2.559   2.359   2.163   0
   1.79999995   2.339   2.272   2.131   2.010   0
   1.89999998   2.094   2.039   1.945   1.875   0
   1.95000005   1.982   1.938   1.864   1.815   0
   2.00000000   1.829   1.802   1.747   1.716   0
   2.20000005   1.453   1.498   1.496   1.516   0
   2.50000000   0.932   1.102   1.151   1.210   0
   2.55480337   0.847   1.039   1.094   1.157   0
   3.00000000   0.237   0.586   0.677   0.770   0
   3.50000000  -0.301   0.175   0.291   0.406   0
   4.00000000  -0.738  -0.168  -0.035   0.099   0
   4.50000000  -1.096  -0.457  -0.308  -0.158   0
   5.00000000  -1.423  -0.729  -0.566  -0.402   0
   6.00000000  -1.990  -1.212  -1.028  -0.839   0
   6.64398289  -2.308  -1.486  -1.290  -1.089   0
   7.00000000  -2.474  -1.630  -1.429  -1.220   0
   8.75195026  -3.240  -2.307  -2.084  -1.848   0
   9.00000000  -3.343  -2.400  -2.174  -1.936   0
  11.59548187  -4.243  -3.218  -2.974  -2.713   0
  12.00000000  -4.383  -3.349  -3.103  -2.840   0
  13.81495857  -4.946  -3.883  -3.629  -3.359   1
  15.00000000  -5.338  -4.265  -4.011  -3.740   0
  15.51513195  -5.485  -4.411  -4.157  -3.887   0
  17.13107491  -6.014  -4.955  -4.709  -4.450   0
  18.39447784  -6.546  -5.523  -5.297  -5.067   0
  18.92174721  -6.815  -5.831  -5.618  -5.404   0
  19.22921753  -6.955  -6.002  -5.793  -5.586   0
  19.29347610  -6.960  -5.995  -5.784  -5.574   0
  19.36587143  -6.927  -5.910  -5.691  -5.470   0
  19.37496948  -6.914  -5.864  -5.636  -5.405   0
  19.37659454  -6.905  -5.848  -5.619  -5.384   1
  19.37922859  -6.925  -5.886  -5.662  -5.434   0
  19.38034248  -6.958  -5.934  -5.713  -5.491   0
  19.38105202  -6.991  -5.981  -5.765  -5.547   0
  19.38185310  -7.035  -6.051  -5.838  -5.625   0
  19.38265419  -7.083  -6.127  -5.918  -5.711   0
  19.38334084  -7.128  -6.199  -5.994  -5.793   0
  19.38414192  -7.201  -6.291  -6.095  -5.906   0
  19.38482475  -7.288  -6.378  -6.193  -6.021   0
  19.38539886  -7.341  -6.455  -6.276  -6.112   0
  19.38562584  -7.362  -6.487  -6.310  -6.149   0
  19.38628578  -7.424  -6.581  -6.410  -6.261   0
  19.38681030  -7.469  -6.660  -6.495  -6.355   0
  19.38733482  -7.516  -6.743  -6.585  -6.454   0
  19.38799477  -7.579  -6.857  -6.707  -6.591   0
  19.38852119  -7.648  -6.947  -6.812  -6.715   0
  19.38891411  -7.701  -7.019  -6.896  -6.813   0
  19.38944054  -7.745  -7.140  -7.021  -6.947   0
  19.38983536  -7.778  -7.240  -7.123  -7.055   0
  19.39036179  -7.842  -7.350  -7.251  -7.207   0
  19.39075470  -7.893  -7.435  -7.353  -7.333   0
  19.39101791  -7.913  -7.498  -7.425  -7.418   0
  19.39141273  -7.923  -7.601  -7.540  -7.546   0
  19.39167595  -7.921  -7.672  -7.618  -7.633   0
  19.39193916  -7.906  -7.739  -7.693  -7.719   0
  19.39233208  -7.905  -7.794  -7.790  -7.863   0
  19.39259720  -7.862  -7.848  -7.861  -7.952   0
  19.39285851  -7.799  -7.874  -7.914  -8.035   0
  19.39325333  -7.664  -7.865  -7.958  -8.142   0
  19.39351654  -7.533  -7.805  -7.961  -8.211   3
  19.39391136  -7.295  -7.645  -7.936  -8.312   0
  19.39417458  -7.088  -7.480  -7.897  -8.376   0
  19.39443779  -6.838  -7.290  -7.838  -8.424   0
  19.39470100  -6.559  -7.091  -7.763  -8.444   0
  19.39483261  -6.396  -6.977  -7.715  -8.447   0
  19.39496231  -6.209  -6.856  -7.660  -8.441   0
  19.39509392  -5.992  -6.719  -7.597  -8.434   0
  19.39522552  -5.743  -6.569  -7.526  -8.419   0
  19.39535904  -5.464  -6.407  -7.449  -8.401   0
  19.39562035  -4.935  -6.120  -7.299  -8.349   0
  19.39575386  -4.599  -5.941  -7.200  -8.306   0
  19.39588356  -4.239  -5.757  -7.089  -8.254   0
  19.39614677  -3.589  -5.427  -6.880  -8.156   0
  19.39654160  -2.930  -5.096  -6.666  -8.069   0
  19.39672089  -2.714  -4.998  -6.610  -8.066   0
  19.39690018  -2.510  -4.914  -6.570  -8.077   0
  19.39699173  -2.421  -4.881  -6.558  -8.089   0
  19.39708138  -2.434  -4.866  -6.544  -8.104   0
  19.39717102  -2.471  -4.856  -6.532  -8.120   0
  19.39726257  -2.514  -4.839  -6.511  -8.134   0
  19.39969063  -3.270  -4.941  -6.526  -8.443   0
  19.40679550  -3.352  -4.894  -6.472  -8.540   0
  19.42888641  -3.328  -4.996  -6.578  -8.487   0
  19.44994164  -3.158  -4.979  -6.586  -8.431   0
  19.47727776  -2.990  -4.958  -6.588  -8.378   0
  19.56170273  -2.745  -5.051  -6.726  -8.369   0
  19.59370995  -2.697  -5.109  -6.796  -8.389   2
  19.67930031  -2.821  -5.274  -6.947  -8.454   0
  19.70252419  -2.921  -5.329  -6.987  -8.473   0
  19.70991135  -2.994  -5.369  -7.014  -8.486   0
  19.71234512  -3.054  -5.401  -7.036  -8.495   0
  19.71477509  -3.164  -5.457  -7.073  -8.509   0
  19.71720695  -3.271  -5.511  -7.108  -8.520   0
  19.71846390  -3.319  -5.535  -7.123  -8.526   0
  19.72080994  -3.385  -5.569  -7.145  -8.533   0
  19.72323799  -3.428  -5.591  -7.160  -8.538   0
  19.72558212  -3.459  -5.606  -7.170  -8.541   0
  19.73035431  -3.491  -5.623  -7.181  -8.545   0
  19.73729134  -3.508  -5.632  -7.186  -8.548   0
  19.78232193  -3.351  -5.554  -7.138  -8.534   0
  19.81315613  -3.242  -5.500  -7.104  -8.524   0
  19.84342194  -3.139  -5.450  -7.072  -8.515   0
  19.87311554  -3.043  -5.403  -7.042  -8.507   0
  19.90009308  -2.961  -5.362  -7.017  -8.499   0
  19.92383385  -2.892  -5.328  -6.996  -8.493   0
  19.94349289  -2.840  -5.303  -6.980  -8.490   0
  19.96268845  -2.791  -5.279  -6.966  -8.488   0
  19.97793961  -2.755  -5.262  -6.955  -8.486   0
  19.99254608  -2.723  -5.247  -6.945  -8.485   0
  20.00000000  -2.732  -5.238  -6.935  -8.483   4
  20.34265709  -3.026  -5.436  -7.093  -8.578   0
  20.55875778  -3.292  -5.643  -7.280  -8.738   0
  20.56118965  -3.287  -5.651  -7.292  -8.756   0
  20.56712341  -3.149  -5.639  -7.326  -8.849   0
  20.57840919  -3.302  -5.662  -7.337  -8.941   1
  20.58609200  -3.409  -5.828  -7.510  -9.090   0
  20.58926392  -3.414  -5.887  -7.578  -9.136   0
