   0.15000001  16.097  14.565  12.988  10.478   0
   0.20000000  14.929  13.517  12.016   9.740   0
   0.25000000  14.237  12.873  11.408   9.255   0
   0.30000001  13.730  12.387  10.938   8.902   0
   0.34999999  13.296  11.968  10.530   8.602   0
   0.40000001  12.861  11.544  10.117   8.275   0
   0.44999999  12.406  11.104   9.702   7.956   0
   0.50000000  11.931  10.643   9.269   7.642   0
   0.55000001  11.448  10.172   8.837   7.299   0
   0.60000002  10.971   9.711   8.425   6.965   0
   0.69999999   9.822   8.704   7.550   6.273   0
   0.80000001   8.500   7.672   6.667   5.589   0
   0.89999998   7.245   6.739   5.879   4.984   0
   1.00000000   6.258   5.987   5.250   4.476   0
   1.10000002   5.491   5.357   4.713   4.021   0
   1.20000005   4.715   4.682   4.141   3.538   0
   1.29999995   4.157   4.164   3.698   3.167   0
   1.39999998   3.685   3.703   3.304   2.843   0
   1.50000000   3.294   3.302   2.969   2.588   0
   1.60000002   2.931   2.910   2.645   2.359   0
   1.70000005   2.615   2.565   2.363   2.166   0
   1.79999995   2.344   2.278   2.136   2.013   0
   1.89999998   2.092   2.037   1.943   1.872   0
   1.95000005   1.982   1.938   1.863   1.814   0
   2.00000000   1.856   1.827   1.770   1.738   0
   2.11275053   1.627   1.635   1.612   1.611   0
   2.20000005   1.453   1.497   1.494   1.512   0
   2.50000000   0.926   1.094   1.142   1.201   0
   3.00000000   0.226   0.571   0.662   0.754   0
   3.50000000  -0.319   0.152   0.267   0.380   0
   4.00000000  -0.763  -0.200  -0.067   0.065   0
   4.50000000  -1.135  -0.502  -0.354  -0.206   0
   5.00000000  -1.475  -0.788  -0.627  -0.464   0
   5.11427927  -1.548  -0.850  -0.686  -0.521   0
   6.00000000  -2.074  -1.303  -1.120  -0.934   0
   6.67317200  -2.430  -1.614  -1.418  -1.219   0
   7.00000000  -2.599  -1.762  -1.561  -1.356   0
   7.80753183  -3.012  -2.133  -1.921  -1.703   0
   8.65092564  -3.436  -2.520  -2.299  -2.071   0
   9.00000000  -3.621  -2.691  -2.468  -2.236   0
   9.93671131  -4.053  -3.094  -2.867  -2.628   0
  11.00303936  -4.600  -3.625  -3.396  -3.158   1
  11.78537273  -5.078  -4.114  -3.888  -3.658   0
  12.00000000  -5.240  -4.288  -4.066  -3.841   0
  12.37766933  -5.498  -4.564  -4.350  -4.134   0
  12.66049290  -5.726  -4.818  -4.612  -4.408   0
  12.80558777  -5.836  -4.938  -4.734  -4.535   0
  12.85770893  -5.853  -4.944  -4.739  -4.536   3
  12.89691067  -5.817  -4.860  -4.644  -4.427   0
  12.90175915  -5.828  -4.834  -4.610  -4.382   0
  12.90251446  -5.823  -4.823  -4.597  -4.368   0
  12.90396881  -5.803  -4.824  -4.604  -4.381   0
  12.90464783  -5.843  -4.886  -4.671  -4.455   0
  12.90513325  -5.891  -4.955  -4.745  -4.535   0
  12.90577698  -5.976  -5.073  -4.870  -4.671   0
  12.90625000  -6.042  -5.167  -4.968  -4.779   0
  12.90667915  -6.117  -5.268  -5.077  -4.900   0
  12.90715122  -6.197  -5.378  -5.196  -5.032   0
  12.90758133  -6.268  -5.477  -5.304  -5.153   0
  12.90792465  -6.333  -5.572  -5.407  -5.268   0
  12.90822506  -6.387  -5.652  -5.494  -5.366   0
  12.90860844  -6.454  -5.755  -5.606  -5.492   0
  12.90894413  -6.516  -5.857  -5.719  -5.619   0
  12.90923214  -6.568  -5.948  -5.820  -5.734   0
  12.90947151  -6.605  -6.027  -5.904  -5.828   0
  12.90971184  -6.640  -6.111  -5.995  -5.927   0
  12.90995121  -6.674  -6.183  -6.077  -6.023   0
  12.91019154  -6.713  -6.257  -6.165  -6.130   0
  12.91038322  -6.746  -6.320  -6.242  -6.226   0
  12.91062355  -6.762  -6.406  -6.341  -6.343   0
  12.91081524  -6.753  -6.486  -6.430  -6.443   0
  12.91100693  -6.735  -6.549  -6.501  -6.524   0
  12.91115093  -6.715  -6.600  -6.565  -6.603   0
  12.91129494  -6.700  -6.628  -6.615  -6.677   0
  12.91143894  -6.651  -6.669  -6.674  -6.756   0
  12.91158199  -6.572  -6.687  -6.718  -6.832   0
  12.91172600  -6.473  -6.668  -6.739  -6.897   0
  12.91187000  -6.332  -6.598  -6.739  -6.970   3
  12.91201401  -6.175  -6.486  -6.716  -7.033   0
  12.91215801  -5.955  -6.303  -6.667  -7.102   0
  12.91234970  -5.636  -6.042  -6.578  -7.156   0
  12.91249371  -5.232  -5.749  -6.458  -7.174   0
  12.91254139  -4.975  -5.580  -6.381  -7.167   0
  12.91263771  -4.591  -5.338  -6.263  -7.140   0
  12.91268539  -4.242  -5.130  -6.155  -7.103   0
  12.91273403  -3.836  -4.902  -6.028  -7.050   0
  12.91282940  -3.386  -4.653  -5.882  -6.979   0
  12.91292572  -2.603  -4.227  -5.601  -6.828   0
  12.91311741  -1.947  -3.861  -5.338  -6.681   0
  12.91326141  -1.650  -3.694  -5.220  -6.627   0
  12.91343212  -1.252  -3.547  -5.170  -6.701   0
  12.91356087  -1.483  -3.496  -5.117  -6.856   4
  12.91360283  -1.617  -3.535  -5.154  -6.958   0
  12.91364574  -1.767  -3.581  -5.196  -7.065   0
  12.91373158  -1.923  -3.659  -5.273  -7.216   0
  12.91385937  -2.007  -3.617  -5.232  -7.344   0
  12.91424465  -2.081  -3.584  -5.193  -7.426   0
  12.91574001  -2.131  -3.526  -5.132  -7.500   0
  12.92214489  -2.126  -3.466  -5.071  -7.525   0
  12.94310951  -2.121  -3.582  -5.188  -7.469   0
  12.96118450  -2.046  -3.643  -5.259  -7.388   0
  12.98074532  -2.029  -3.757  -5.374  -7.333   0
  13.01369095  -1.935  -3.794  -5.417  -7.268   0
  13.09506416  -1.806  -3.916  -5.556  -7.264   0
  13.17104435  -1.842  -4.241  -5.896  -7.417   2
  13.19691181  -2.660  -4.713  -6.240  -7.597   0
  13.20664215  -5.138  -5.950  -6.904  -7.796   0
  13.21023083  -5.769  -6.324  -7.047  -7.769   0
  13.21144009  -5.973  -6.461  -7.093  -7.746   0
  13.21260929  -6.162  -6.595  -7.134  -7.713   0
  13.21377850  -6.342  -6.732  -7.173  -7.670   0
  13.21494675  -6.467  -6.833  -7.191  -7.623   0
  13.21607590  -6.560  -6.906  -7.203  -7.584   0
  13.21829510  -6.676  -6.991  -7.213  -7.525   0
  13.22265053  -6.747  -7.037  -7.213  -7.482   0
  13.22377777  -6.751  -7.038  -7.212  -7.478   1
  13.24340057  -6.571  -6.911  -7.198  -7.569   0
  13.25458717  -6.379  -6.760  -7.171  -7.644   0
  13.26270866  -6.188  -6.612  -7.134  -7.698   0
  13.26811695  -5.997  -6.474  -7.093  -7.736   0
  13.27354813  -5.683  -6.267  -7.023  -7.771   0
  13.27632236  -5.447  -6.125  -6.969  -7.782   0
  13.27900028  -5.166  -5.960  -6.902  -7.785   0
  13.28178692  -4.824  -5.767  -6.815  -7.773   0
  13.28727341  -4.124  -5.397  -6.626  -7.713   0
  13.29528427  -1.898  -4.257  -5.897  -7.402   0
  13.32443428  -1.891  -4.006  -5.650  -7.362   2
  13.41813183  -2.082  -3.906  -5.529  -7.403   0
  13.42568111  -2.131  -3.855  -5.474  -7.444   0
  13.42643833  -2.137  -3.834  -5.452  -7.458   0
  13.43216801  -2.206  -3.685  -5.290  -7.543   0
  13.43429852  -2.238  -3.613  -5.218  -7.614   0
  13.43718719  -2.180  -3.448  -5.042  -7.626   0
  13.43974400  -2.146  -3.343  -4.928  -7.637   0
