   0.15000001  16.097  14.565  12.988  10.478   0
   0.20000000  14.929  13.517  12.016   9.740   0
   0.25000000  14.237  12.873  11.408   9.255   0
   0.30000001  13.730  12.388  10.938   8.902   0
   0.34999999  13.296  11.968  10.530   8.602   0
   0.40000001  12.861  11.544  10.118   8.275   0
   0.44999999  12.406  11.104   9.702   7.956   0
   0.50000000  11.931  10.643   9.269   7.642   0
   0.55000001  11.448  10.172   8.837   7.299   0
   0.60000002  10.971   9.711   8.425   6.965   0
   0.69999999   9.821   8.704   7.550   6.273   0
   0.80000001   8.500   7.673   6.667   5.589   0
   0.89999998   7.246   6.740   5.880   4.984   0
   1.00000000   6.260   5.989   5.252   4.477   0
   1.10000002   5.495   5.360   4.716   4.023   0
   1.20000005   4.716   4.684   4.142   3.540   0
   1.29999995   4.157   4.164   3.698   3.167   0
   1.39999998   3.685   3.703   3.305   2.844   0
   1.50000000   3.294   3.302   2.969   2.588   0
   1.60000002   2.931   2.910   2.645   2.359   0
   1.70000005   2.613   2.562   2.361   2.165   0
   1.79999995   2.342   2.275   2.134   2.011   0
   1.89999998   2.093   2.038   1.944   1.874   0
   1.95000005   1.982   1.938   1.864   1.814   0
   2.00000000   1.843   1.815   1.759   1.728   0
   2.20000005   1.454   1.498   1.496   1.515   0
   2.26255298   1.338   1.406   1.417   1.447   0
   2.50000000   0.929   1.098   1.147   1.205   0
   3.00000000   0.231   0.578   0.669   0.762   0
   3.50000000  -0.311   0.163   0.278   0.392   0
   4.00000000  -0.751  -0.185  -0.052   0.081   0
   4.50000000  -1.117  -0.481  -0.332  -0.183   0
   5.00000000  -1.450  -0.760  -0.598  -0.435   0
   5.66159439  -1.846  -1.098  -0.921  -0.742   0
   6.00000000  -2.034  -1.261  -1.077  -0.890   0
   7.00000000  -2.538  -1.698  -1.497  -1.290   0
   7.45798683  -2.759  -1.894  -1.687  -1.472   0
   8.68632126  -3.337  -2.412  -2.191  -1.959   0
   9.00000000  -3.479  -2.542  -2.318  -2.082   0
   9.57014656  -3.706  -2.748  -2.520  -2.278   0
  11.29335022  -4.416  -3.411  -3.174  -2.923   0
  12.00000000  -4.734  -3.720  -3.482  -3.230   0
  12.48455715  -4.931  -3.913  -3.675  -3.423   1
  13.53485298  -5.432  -4.424  -4.191  -3.948   0
  14.33478355  -5.912  -4.938  -4.719  -4.497   0
  14.66232491  -6.145  -5.199  -4.988  -4.777   0
  14.83036232  -6.257  -5.323  -5.115  -4.910   2
  14.88613224  -6.264  -5.314  -5.103  -4.893   0
  14.92808628  -6.228  -5.232  -5.012  -4.789   0
  14.93327427  -6.229  -5.202  -4.974  -4.741   0
  14.93408394  -6.225  -5.192  -4.963  -4.728   0
  14.93593216  -6.220  -5.209  -4.985  -4.757   0
  14.93679619  -6.268  -5.278  -5.059  -4.838   0
  14.93741226  -6.323  -5.355  -5.142  -4.928   0
  14.93804741  -6.394  -5.455  -5.247  -5.042   0
  14.93851280  -6.442  -5.528  -5.324  -5.126   0
  14.93893719  -6.498  -5.606  -5.408  -5.219   0
  14.93940258  -6.567  -5.690  -5.501  -5.323   0
  14.93982601  -6.626  -5.774  -5.592  -5.425   0
  14.94016457  -6.681  -5.854  -5.678  -5.520   0
  14.94046116  -6.731  -5.928  -5.757  -5.609   0
  14.94093895  -6.800  -6.032  -5.871  -5.737   0
  14.94135857  -6.874  -6.147  -5.995  -5.877   0
  14.94171715  -6.925  -6.234  -6.092  -5.985   0
  14.94201660  -6.979  -6.313  -6.182  -6.091   0
  14.94231510  -7.025  -6.413  -6.289  -6.210   0
  14.94261456  -7.059  -6.499  -6.380  -6.309   0
  14.94291401  -7.104  -6.601  -6.493  -6.437   0
  14.94315338  -7.141  -6.661  -6.566  -6.526   0
  14.94345188  -7.194  -6.762  -6.688  -6.677   0
  14.94369221  -7.203  -6.845  -6.780  -6.781   0
  14.94393158  -7.196  -6.933  -6.877  -6.890   0
  14.94411087  -7.176  -7.007  -6.960  -6.985   0
  14.94429016  -7.163  -7.045  -7.013  -7.054   0
  14.94446945  -7.144  -7.081  -7.081  -7.157   0
  14.94464874  -7.072  -7.132  -7.151  -7.252   0
  14.94482803  -6.999  -7.139  -7.185  -7.316   0
  14.94500828  -6.850  -7.092  -7.201  -7.401   3
  14.94518757  -6.716  -7.008  -7.188  -7.461   0
  14.94536686  -6.489  -6.835  -7.148  -7.542   0
  14.94560623  -6.098  -6.517  -7.045  -7.616   0
  14.94578552  -5.696  -6.223  -6.925  -7.634   0
  14.94584560  -5.485  -6.081  -6.862  -7.630   0
  14.94596481  -4.951  -5.746  -6.697  -7.589   0
  14.94602489  -4.619  -5.547  -6.593  -7.553   0
  14.94608498  -4.303  -5.370  -6.494  -7.510   0
  14.94620514  -3.898  -5.146  -6.366  -7.451   0
  14.94632435  -3.048  -4.694  -6.076  -7.300   0
  14.94656372  -2.136  -4.184  -5.710  -7.098   0
  14.94674301  -1.847  -4.027  -5.603  -7.056   0
  14.94690990  -1.651  -3.879  -5.514  -7.124   0
  14.94703579  -1.878  -3.845  -5.471  -7.254   0
  14.94707680  -1.970  -3.877  -5.501  -7.322   0
  14.94711876  -2.068  -3.927  -5.550  -7.401   0
  14.94720268  -2.266  -4.035  -5.654  -7.565   3
  14.94732761  -2.447  -3.995  -5.599  -7.756   0
  14.94770336  -2.480  -3.952  -5.553  -7.803   0
  14.94916344  -2.502  -3.896  -5.500  -7.861   0
  14.95541859  -2.490  -3.836  -5.442  -7.885   0
  14.97491074  -2.504  -3.966  -5.567  -7.828   0
  14.99172020  -2.461  -4.052  -5.658  -7.762   0
  15.00000000  -2.438  -4.091  -5.702  -7.740   0
  15.01953506  -2.391  -4.167  -5.789  -7.698   0
  15.10649872  -2.214  -4.236  -5.878  -7.650   0
  15.13945580  -2.184  -4.302  -5.951  -7.673   0
  15.22756386  -2.168  -4.620  -6.294  -7.822   2
  15.25146294  -2.703  -4.929  -6.521  -7.944   0
  15.25906467  -3.622  -5.405  -6.840  -8.092   0
  15.26156807  -4.522  -5.844  -7.094  -8.193   0
  15.26407051  -5.838  -6.551  -7.414  -8.238   0
  15.26657200  -6.661  -7.084  -7.576  -8.115   0
  15.26786518  -6.909  -7.274  -7.610  -8.024   0
  15.27027893  -7.173  -7.457  -7.626  -7.888   0
  15.27277851  -7.313  -7.517  -7.611  -7.795   0
  15.27519035  -7.389  -7.524  -7.585  -7.731   0
  15.28009796  -7.439  -7.510  -7.545  -7.661   0
  15.28723717  -7.453  -7.504  -7.531  -7.638   1
  15.31227398  -7.401  -7.520  -7.574  -7.710   0
  15.32942009  -7.320  -7.509  -7.596  -7.772   0
  15.34625244  -7.228  -7.480  -7.610  -7.833   0
  15.36277008  -7.120  -7.423  -7.613  -7.896   0
  15.37777710  -7.011  -7.346  -7.604  -7.951   0
  15.39098549  -6.897  -7.261  -7.591  -8.002   0
  15.40192413  -6.769  -7.159  -7.574  -8.051   0
  15.41260624  -6.597  -7.029  -7.543  -8.100   0
  15.42109299  -6.434  -6.910  -7.511  -8.138   0
  15.42922115  -6.234  -6.778  -7.470  -8.166   0
  15.43541813  -6.016  -6.640  -7.423  -8.188   0
  15.44041729  -5.750  -6.481  -7.364  -8.202   0
  15.44532776  -5.434  -6.302  -7.289  -8.202   0
  15.44792366  -5.103  -6.121  -7.210  -8.194   0
  15.45172691  -4.352  -5.739  -7.016  -8.136   0
  15.45376778  -3.861  -5.500  -6.883  -8.085   0
  15.45618248  -3.233  -5.191  -6.687  -8.003   0
  15.45803928  -2.754  -4.940  -6.517  -7.924   0
  15.46119881  -2.231  -4.646  -6.306  -7.818   2
  15.47022057  -2.242  -4.437  -6.096  -7.782   0
  15.65336800  -2.491  -4.338  -5.965  -7.830   0
  15.66844749  -2.608  -4.302  -5.909  -7.876   0
  15.67549610  -2.646  -4.155  -5.753  -7.934   0
  15.67875481  -2.651  -4.049  -5.651  -7.998   2
  15.68271637  -2.616  -3.922  -5.522  -8.037   0
  15.68843651  -2.621  -3.851  -5.441  -8.090   0
