   0.15000001  16.089  14.559  12.982  10.474   0
   0.20000000  14.916  13.505  12.005   9.731   0
   0.25000000  14.218  12.856  11.391   9.238   0
   0.30000001  13.705  12.363  10.915   8.880   0
   0.34999999  13.272  11.944  10.506   8.578   0
   0.40000001  12.834  11.516  10.090   8.245   0
   0.44999999  12.391  11.089   9.687   7.944   0
   0.50000000  11.910  10.622   9.248   7.624   0
   0.55000001  11.426  10.150   8.816   7.281   0
   0.60000002  10.949   9.687   8.400   6.940   0
   0.69999999   9.797   8.675   7.516   6.236   0
   0.77935523   8.623   7.768   6.749   5.655   0
   0.80000001   8.351   7.562   6.573   5.519   0
   0.89999998   7.050   6.591   5.752   4.882   0
   0.93010992   6.717   6.335   5.537   4.706   0
   0.99385113   6.060   5.823   5.106   4.350   0
   1.00000000   6.003   5.776   5.067   4.317   0
   1.02907872   5.742   5.559   4.882   4.159   0
   1.07256961   5.369   5.247   4.614   3.930   0
   1.10000002   5.155   5.061   4.453   3.792   0
   1.11507726   5.039   4.956   4.363   3.714   0
   1.13902116   4.861   4.796   4.223   3.592   0
   1.15886223   4.718   4.667   4.110   3.494   0
   1.17566967   4.602   4.562   4.018   3.413   0
   1.19007063   4.508   4.476   3.942   3.347   0
   1.20000005   4.445   4.419   3.892   3.303   0
   1.20096183   4.438   4.412   3.887   3.299   0
   1.20869350   4.387   4.365   3.845   3.262   0
   1.23050046   4.258   4.240   3.735   3.165   0
   1.26980770   4.042   4.031   3.549   3.001   0
   1.29999995   3.889   3.881   3.412   2.878   0
   1.31599391   3.810   3.803   3.343   2.816   0
   1.39686871   3.449   3.443   3.008   2.506   0
   1.39999998   3.436   3.430   2.995   2.494   0
   1.40353703   3.422   3.415   2.981   2.481   0
   1.47160339   3.159   3.146   2.721   2.228   1
   1.50000000   3.062   3.043   2.616   2.121   0
   1.52609003   2.981   2.956   2.524   2.025   0
   1.56430483   2.880   2.843   2.397   1.884   0
   1.59730196   2.812   2.763   2.296   1.764   0
   1.60000002   2.807   2.757   2.289   1.754   0
   1.62607193   2.765   2.704   2.216   1.662   0
   1.65185511   2.739   2.665   2.151   1.573   0
   1.66360366   2.732   2.647   2.122   1.533   0
   1.67461145   2.717   2.623   2.088   1.491   0
   1.68245482   2.686   2.588   2.051   1.451   2
   1.68674088   2.642   2.547   2.014   1.418   0
   1.69045281   2.553   2.467   1.950   1.368   0
   1.69291615   2.382   2.309   1.830   1.285   0
   1.69359231   2.224   2.159   1.718   1.210   0
   1.69394994   2.042   1.980   1.584   1.124   0
   1.69401777   2.109   2.051   1.643   1.169   0
   1.69420230   2.283   2.212   1.750   1.221   0
   1.69476569   2.381   2.274   1.740   1.143   3
   1.69614136   2.606   2.439   1.822   1.152   0
   1.69767249   2.890   2.648   1.960   1.231   0
   1.69898963   3.203   2.882   2.131   1.349   0
   1.70000005   3.478   3.085   2.284   1.460   0
   1.70100927   3.722   3.259   2.413   1.550   0
   1.70185614   3.875   3.351   2.472   1.577   4
   1.70372415   3.963   3.344   2.411   1.469   0
   1.70515275   3.892   3.224   2.266   1.302   0
   1.70648062   3.794   3.085   2.106   1.123   0
   1.70753348   3.703   2.963   1.970   0.972   0
   1.70856369   3.615   2.842   1.831   0.818   0
   1.70962989   3.517   2.708   1.680   0.651   0
   1.71072853   3.412   2.565   1.518   0.473   0
   1.71173465   3.326   2.441   1.374   0.314   0
   1.71265507   3.251   2.327   1.241   0.165   0
   1.71353614   3.179   2.213   1.109   0.014   0
   1.71439326   3.111   2.102   0.979  -0.134   0
   1.71522963   3.042   1.986   0.842  -0.291   0
   1.71604252   2.974   1.871   0.706  -0.446   0
   1.71679628   2.911   1.762   0.578  -0.591   0
   1.71761048   2.854   1.653   0.447  -0.742   0
   1.71872783   2.806   1.557   0.329  -0.879   2
   1.71939600   2.854   1.662   0.458  -0.728   0
   1.71967769   2.904   1.766   0.586  -0.579   0
   1.71988797   2.968   1.875   0.715  -0.433   0
   1.72015440   3.030   1.987   0.848  -0.279   0
   1.72036433   3.067   2.051   0.924  -0.191   1
   1.72101986   3.002   1.942   0.796  -0.338   0
   1.72188842   2.935   1.829   0.663  -0.489   0
   1.72273707   2.873   1.721   0.535  -0.634   0
   1.72360182   2.816   1.614   0.406  -0.783   0
   1.72442329   2.771   1.516   0.285  -0.925   0
   1.72526371   2.724   1.409   0.155  -1.080   0
   1.72602594   2.685   1.308   0.029  -1.232   0
   1.72668684   2.653   1.218  -0.085  -1.369   0
   1.72734964   2.618   1.117  -0.212  -1.521   0
   1.72791469   2.591   1.020  -0.335  -1.670   0
   1.72840893   2.583   0.945  -0.437  -1.801   0
   1.72889376   2.567   0.861  -0.549  -1.943   0
   1.72931087   2.557   0.783  -0.653  -2.076   0
   1.72967517   2.544   0.709  -0.752  -2.201   0
   1.73002756   2.540   0.630  -0.860  -2.339   0
   1.73036206   2.574   0.575  -0.950  -2.471   0
   1.73065281   2.502   0.550  -0.987  -2.580   0
   1.73087931   2.428   0.526  -1.022  -2.682   0
   1.73109996   2.343   0.493  -1.064  -2.787   0
   1.73132932   2.238   0.438  -1.126  -2.906   0
   1.73152649   2.134   0.397  -1.173  -3.017   0
   1.73170042   2.060   0.399  -1.178  -3.113   0
   1.73184824   2.017   0.417  -1.169  -3.211   0
   1.73198724   1.992   0.468  -1.127  -3.294   0
   1.73212910   1.925   0.456  -1.145  -3.401   0
   1.73217547   1.908   0.469  -1.134  -3.436   2
   1.73217547   2.901   2.009   0.939  -0.115   1
   1.73341823   2.871   1.946   0.860  -0.208   0
   1.73389006   2.867   1.941   0.853  -0.215   0
   1.73537028   2.862   1.945   0.862  -0.202   0
   1.73726642   2.854   1.942   0.862  -0.199   0
   1.73916292   2.843   1.936   0.857  -0.202   0
   1.74109161   2.835   1.930   0.853  -0.204   0
   1.74299300   2.827   1.926   0.851  -0.206   0
   1.74492717   2.819   1.922   0.849  -0.206   0
   1.74689758   2.811   1.916   0.845  -0.208   0
   1.74794602   2.806   1.914   0.843  -0.209   0
   1.74959779   2.799   1.910   0.841  -0.210   0
   1.75233901   2.789   1.902   0.834  -0.216   0
   1.75510931   2.778   1.892   0.825  -0.223   0
   1.75676489   2.772   1.889   0.823  -0.224   0
   1.75784087   2.768   1.885   0.819  -0.229   0
   1.76058030   2.757   1.874   0.808  -0.239   0
   1.76334310   2.747   1.864   0.797  -0.249   0
   1.76608801   2.734   1.850   0.784  -0.264   0
   1.76893294   2.725   1.835   0.765  -0.284   0
   1.77168858   2.713   1.814   0.740  -0.313   0
   1.77721715   2.685   1.755   0.665  -0.401   0
   1.77809083   2.679   1.737   0.642  -0.429   0
   1.77916420   2.672   1.714   0.611  -0.468   0
   1.78180408   2.644   1.638   0.515  -0.585   0
   1.78287160   2.619   1.582   0.445  -0.668   0
   1.78328192   2.577   1.477   0.313  -0.826   0
   1.78339386   2.538   1.393   0.209  -0.947   0
   1.78348207   2.483   1.238   0.012  -1.184   0
   1.78351331   2.466   1.161  -0.090  -1.311   0
   1.78354955   2.442   1.074  -0.203  -1.450   0
   1.78359413   2.419   0.990  -0.310  -1.582   0
   1.78362679   2.416   0.970  -0.336  -1.614   0
   1.78382885   2.435   1.064  -0.214  -1.462   0
   1.78418636   2.437   1.100  -0.165  -1.399   1
   1.78538775   2.405   0.967  -0.336  -1.611   0
   1.78578508   2.395   0.889  -0.440  -1.742   0
   1.78609240   2.391   0.816  -0.541  -1.870   0
   1.78638983   2.388   0.725  -0.666  -2.031   0
   1.78663218   2.403   0.651  -0.776  -2.182   0
   1.78682745   2.399   0.563  -0.897  -2.339   0
   1.78696728   2.400   0.483  -1.008  -2.482   0
   1.78708088   2.445   0.427  -1.105  -2.626   0
   1.78716433   2.365   0.403  -1.141  -2.742   0
   1.78723443   2.274   0.363  -1.192  -2.859   0
   1.78729844   2.176   0.328  -1.235  -2.974   0
   1.78736055   2.071   0.292  -1.278  -3.088   0
   1.78742456   1.961   0.267  -1.308  -3.196   0
   1.78748512   1.917   0.291  -1.293  -3.297   0
   1.78754842   1.901   0.362  -1.233  -3.378   0
   1.78762746   1.852   0.392  -1.209  -3.481   0
   1.78769481   1.789   0.404  -1.202  -3.585   2
   1.78772533   1.816   0.531  -1.066  -3.619   0
   1.78773284   1.828   0.569  -1.024  -3.623   0
   1.78774035   1.840   0.608  -0.983  -3.628   0
   1.78774786   1.853   0.646  -0.940  -3.632   0
   1.78775525   1.866   0.685  -0.898  -3.636   0
   1.78776276   1.878   0.724  -0.856  -3.640   0
   1.78777027   1.891   0.763  -0.813  -3.644   0
   1.78777754   1.903   0.801  -0.772  -3.648   0
   1.78778470   1.916   0.839  -0.730  -3.653   0
   1.78779197   1.928   0.877  -0.688  -3.657   0
   1.78779912   1.941   0.915  -0.647  -3.661   0
   1.78780639   1.953   0.953  -0.605  -3.665   0
   1.78781354   1.965   0.991  -0.563  -3.669   0
   1.78782082   1.978   1.030  -0.522  -3.673   0
   1.78782654   1.988   1.060  -0.488  -3.676   0
   1.78783369   2.009   1.109  -0.439  -3.672   0
   1.78784096   2.030   1.159  -0.388  -3.667   0
   1.78784823   2.053   1.210  -0.337  -3.662   0
   1.78785539   2.075   1.261  -0.285  -3.656   1
   1.78786254   2.092   1.301  -0.246  -3.652   0
   1.78786981   2.108   1.337  -0.209  -3.648   0
   1.78787708   2.122   1.370  -0.176  -3.644   0
   1.78788424   2.137   1.403  -0.142  -3.641   0
   1.78788996   2.148   1.430  -0.115  -3.638   0
   1.78789723   2.163   1.463  -0.082  -3.635   0
   1.78790450   2.177   1.497  -0.048  -3.631   0
   1.78792214   2.197   1.540  -0.004  -3.626   0
   1.78794217   2.218   1.590   0.046  -3.620   0
   1.78796220   2.240   1.640   0.096  -3.615   0
   1.78798211   2.262   1.689   0.146  -3.609   0
   1.78800178   2.284   1.739   0.196  -3.604   0
   1.78802145   2.306   1.789   0.246  -3.598   0
   1.78804088   2.327   1.839   0.297  -3.593   0
   1.78806031   2.349   1.889   0.347  -3.587   1
   1.78807950   2.360   1.927   0.382  -3.589   0
   1.78809869   2.363   1.957   0.408  -3.595   0
   1.78811753   2.367   1.986   0.434  -3.601   0
   1.78813648   2.370   2.016   0.459  -3.608   0
   1.78815520   2.374   2.046   0.485  -3.614   0
   1.78817379   2.377   2.076   0.511  -3.620   0
   1.78819227   2.381   2.106   0.537  -3.626   0
   1.78821063   2.384   2.136   0.563  -3.632   0
   1.78822887   2.388   2.166   0.589  -3.638   0
   1.78824699   2.392   2.197   0.615  -3.645   0
   1.78826499   2.395   2.227   0.641  -3.651   0
   1.78828275   2.399   2.258   0.668  -3.656   0
   1.78830051   2.404   2.290   0.695  -3.662   0
   1.78831470   2.409   2.318   0.720  -3.665   0
   1.78832948   2.419   2.355   0.752  -3.666   0
   1.78833890   2.433   2.393   0.786  -3.660   0
   1.78834164   2.447   2.421   0.813  -3.651   0
   1.78834271   2.462   2.449   0.838  -3.640   0
   1.78834379   2.479   2.477   0.865  -3.629   0
   1.78834498   2.495   2.504   0.889  -3.621   0
   1.78834605   2.513   2.534   0.917  -3.610   0
   1.78834713   2.533   2.568   0.947  -3.599   0
   1.78834820   2.556   2.606   0.982  -3.586   0
   1.78834856   2.563   2.617   0.992  -3.582   0
