   0.15000001  16.096  14.564  12.987  10.478   0
   0.20000000  14.928  13.516  12.015   9.740   0
   0.25000000  14.236  12.872  11.406   9.253   0
   0.30000001  13.728  12.386  10.937   8.900   0
   0.34999999  13.294  11.966  10.529   8.600   0
   0.40000001  12.858  11.541  10.115   8.272   0
   0.44999999  12.405  11.103   9.701   7.955   0
   0.50000000  11.928  10.641   9.267   7.640   0
   0.55000001  11.446  10.170   8.835   7.298   0
   0.60000002  10.971   9.711   8.424   6.963   0
   0.69999999   9.832   8.710   7.552   6.271   0
   0.80000001   8.485   7.661   6.657   5.581   0
   0.89999998   7.218   6.718   5.861   4.968   0
   1.00000000   6.196   5.935   5.203   4.434   0
   1.10000002   5.376   5.263   4.636   3.956   0
   1.20000005   4.688   4.657   4.117   3.517   0
   1.29999995   4.138   4.144   3.680   3.149   0
   1.39999998   3.666   3.682   3.283   2.821   0
   1.50000000   3.271   3.278   2.943   2.560   0
   1.60000002   2.909   2.887   2.619   2.329   0
   1.70000005   2.595   2.544   2.338   2.135   0
   1.79999995   2.315   2.246   2.098   1.966   0
   1.89999998   2.052   1.992   1.891   1.810   0
   1.95000005   1.933   1.879   1.798   1.741   0
   2.00000000   1.817   1.776   1.711   1.669   0
   2.04648685   1.712   1.685   1.633   1.604   0
   2.20000005   1.384   1.403   1.390   1.396   0
   2.50000000   0.817   0.940   0.978   1.024   0
   2.56593537   0.703   0.847   0.893   0.945   0
   2.92253613   0.125   0.378   0.454   0.527   0
   3.00000000   0.006   0.280   0.360   0.437   0
   3.21943831  -0.313   0.012   0.104   0.189   0
   3.44721127  -0.629  -0.258  -0.158  -0.066   0
   3.50000000  -0.703  -0.323  -0.221  -0.128   0
   3.65815282  -0.929  -0.526  -0.419  -0.322   0
   3.82020974  -1.165  -0.747  -0.636  -0.539   0
   3.95669603  -1.374  -0.950  -0.838  -0.741   0
   4.00000000  -1.443  -1.019  -0.907  -0.811   0
   4.08570242  -1.581  -1.160  -1.047  -0.953   1
   4.18613338  -1.752  -1.343  -1.232  -1.142   0
   4.27155209  -1.907  -1.519  -1.411  -1.326   0
   4.34408617  -2.050  -1.688  -1.584  -1.505   0
   4.37622547  -2.116  -1.768  -1.666  -1.590   0
   4.40574265  -2.179  -1.842  -1.742  -1.669   0
   4.42390871  -2.220  -1.886  -1.785  -1.714   0
   4.43746710  -2.256  -1.911  -1.809  -1.736   0
   4.44703007  -2.286  -1.916  -1.810  -1.732   3
   4.45347214  -2.317  -1.892  -1.777  -1.688   0
   4.45528793  -2.342  -1.875  -1.752  -1.654   0
   4.45627022  -2.378  -1.868  -1.739  -1.632   0
   4.45639753  -2.360  -1.854  -1.726  -1.619   0
   4.45667410  -2.291  -1.825  -1.704  -1.606   0
   4.45698309  -2.325  -1.911  -1.798  -1.711   0
   4.45739841  -2.433  -2.074  -1.971  -1.897   0
   4.45779276  -2.496  -2.189  -2.094  -2.031   0
   4.45826149  -2.540  -2.294  -2.208  -2.159   0
   4.45880461  -2.565  -2.391  -2.318  -2.283   0
   4.45928240  -2.568  -2.463  -2.403  -2.383   0
   4.45981073  -2.551  -2.529  -2.488  -2.492   0
   4.46017694  -2.524  -2.558  -2.539  -2.564   0
   4.46055222  -2.475  -2.571  -2.583  -2.639   0
   4.46093512  -2.396  -2.555  -2.612  -2.715   0
   4.46131802  -2.284  -2.492  -2.614  -2.786   3
   4.46170092  -2.134  -2.359  -2.579  -2.856   0
   4.46189642  -2.043  -2.264  -2.549  -2.889   0
   4.46208334  -1.932  -2.150  -2.503  -2.916   0
   4.46227884  -1.786  -2.010  -2.443  -2.938   0
   4.46246576  -1.594  -1.844  -2.370  -2.952   0
   4.46264410  -1.342  -1.650  -2.281  -2.953   0
   4.46283102  -1.030  -1.433  -2.173  -2.933   0
   4.46319628  -0.419  -1.029  -1.932  -2.818   0
   4.46355295   0.123  -0.674  -1.692  -2.672   0
   4.46373081   0.376  -0.517  -1.585  -2.608   4
   4.46410656   0.620  -0.467  -1.627  -2.733   0
   4.46449137   0.693  -0.565  -1.795  -2.969   0
   4.46485806   0.687  -0.655  -1.920  -3.126   0
   4.46536160   0.696  -0.730  -2.028  -3.268   0
   4.46596575   0.701  -0.810  -2.141  -3.415   0
   4.46652365   0.707  -0.883  -2.244  -3.548   0
   4.46707201   0.715  -0.955  -2.345  -3.679   0
   4.46764803   0.720  -1.029  -2.450  -3.814   0
   4.46820545   0.724  -1.097  -2.546  -3.941   0
   4.46876240   0.733  -1.149  -2.622  -4.042   0
   4.47001266   0.762  -1.158  -2.646  -4.083   2
   4.47579098   0.713  -1.120  -2.574  -3.972   0
   4.47906113   0.695  -1.065  -2.490  -3.858   0
   4.48174095   0.681  -1.001  -2.397  -3.733   0
   4.48421955   0.668  -0.929  -2.293  -3.598   0
   4.48640299   0.659  -0.865  -2.201  -3.479   0
   4.48881626   0.653  -0.798  -2.106  -3.355   0
   4.49221373   0.650  -0.717  -1.992  -3.207   0
   4.49633121   0.643  -0.647  -1.892  -3.077   0
   4.50000000   0.634  -0.602  -1.824  -2.988   0
   4.51025248   0.558  -0.579  -1.759  -2.883   4
   4.51402569   0.482  -0.614  -1.777  -2.883   0
   4.52457094   0.103  -0.862  -1.965  -3.009   0
   4.52943611  -0.253  -1.099  -2.140  -3.132   0
   4.58906269  -0.679  -1.425  -2.409  -3.352   0
   4.60998297  -0.771  -1.507  -2.484  -3.421   1
   4.64984608  -0.442  -1.350  -2.420  -3.432   0
   4.66768885  -0.033  -1.107  -2.259  -3.343   0
   4.68958187   0.357  -0.925  -2.165  -3.339   4
   4.69441032   0.446  -0.950  -2.236  -3.456   0
   4.69493294   0.476  -0.989  -2.302  -3.550   0
   4.69515991   0.497  -1.053  -2.398  -3.680   0
   4.69538641   0.514  -1.102  -2.472  -3.779   0
   4.69709492   0.547  -1.192  -2.609  -3.962   0
   4.69781828   0.573  -1.254  -2.705  -4.095   0
   4.69882345   0.601  -1.322  -2.810  -4.241   0
   4.69973755   0.622  -1.386  -2.906  -4.371   0
   4.70066166   0.653  -1.453  -3.010  -4.514   0
   4.70139408   0.614  -1.494  -3.070  -4.630   0
   4.70213699   0.506  -1.519  -3.104  -4.751   0
   4.70268822   0.401  -1.544  -3.133  -4.854   0
   4.70323896   0.274  -1.570  -3.162  -4.968   0
   4.70372248   0.133  -1.587  -3.179  -5.078   0
   4.70413780   0.074  -1.575  -3.173  -5.186   0
   4.70449734   0.022  -1.558  -3.161  -5.277   0
   4.70484495  -0.041  -1.556  -3.162  -5.373   0
   4.70527172  -0.133  -1.558  -3.165  -5.500   2
   4.70550680  -0.165  -1.494  -3.097  -5.572   0
   4.70571995  -0.129  -1.372  -2.964  -5.590   0
   4.70596695  -0.116  -1.326  -2.913  -5.598   0
   4.70614624  -0.143  -1.419  -3.015  -5.583   0
   4.70619106  -0.162  -1.475  -3.076  -5.579   0
   4.70623589  -0.123  -1.350  -2.939  -5.594   0
   4.70628071  -0.088  -1.236  -2.815  -5.611   0
   4.70639277  -0.044  -1.106  -2.673  -5.622   0
   4.70645046  -0.031  -1.065  -2.628  -5.626   0
   4.70649672  -0.020  -1.032  -2.592  -5.630   0
   4.70655441  -0.006  -0.990  -2.546  -5.634   0
   4.70661259   0.007  -0.949  -2.501  -5.639   0
   4.70665884   0.018  -0.915  -2.464  -5.643   0
   4.70670509   0.034  -0.875  -2.423  -5.641   0
   4.70676279   0.058  -0.821  -2.368  -5.635   0
   4.70682049   0.081  -0.766  -2.313  -5.630   0
   4.70687819   0.105  -0.711  -2.258  -5.624   0
   4.70693636   0.125  -0.667  -2.214  -5.618   0
   4.70699406   0.138  -0.638  -2.184  -5.615   0
   4.70705175   0.151  -0.609  -2.155  -5.612   0
   4.70710945   0.163  -0.580  -2.125  -5.608   0
   4.70716572   0.176  -0.551  -2.096  -5.605   1
   4.70722246   0.189  -0.521  -2.067  -5.602   0
   4.70736122   0.203  -0.491  -2.036  -5.597   0
   4.70782709   0.224  -0.444  -1.989  -5.592   0
   4.70829535   0.244  -0.399  -1.943  -5.587   0
   4.70876741   0.263  -0.354  -1.898  -5.582   0
   4.70924425   0.282  -0.310  -1.854  -5.577   0
   4.70972633   0.302  -0.266  -1.810  -5.572   0
   4.71021461   0.321  -0.221  -1.765  -5.567   0
   4.71071053   0.341  -0.177  -1.720  -5.562   0
   4.71121597   0.360  -0.132  -1.675  -5.557   0
   4.71173239   0.380  -0.088  -1.631  -5.552   0
   4.71226025   0.396  -0.046  -1.589  -5.549   1
   4.71279049   0.399  -0.017  -1.565  -5.555   0
   4.71330976   0.403   0.011  -1.540  -5.561   0
   4.71379280   0.407   0.037  -1.517  -5.566   0
   4.71422195   0.412   0.063  -1.495  -5.567   0
   4.71437788   0.417   0.074  -1.485  -5.565   0
   4.71444845   0.421   0.080  -1.479  -5.562   0
   4.71448231   0.424   0.085  -1.474  -5.559   0
   4.71449947   0.428   0.089  -1.471  -5.556   0
   4.71450806   0.431   0.092  -1.468  -5.552   0
   4.71451235   0.434   0.094  -1.465  -5.549   0
   4.71451712   0.437   0.097  -1.462  -5.546   0
   4.71452141   0.440   0.100  -1.459  -5.543   0
   4.71452618   0.444   0.103  -1.456  -5.539   0
   4.71453094   0.448   0.107  -1.452  -5.535   0
   4.71453524   0.452   0.111  -1.448  -5.530   0
   4.71454000   0.457   0.115  -1.444  -5.525   0
   4.71454430   0.463   0.120  -1.439  -5.519   0
   4.71454906   0.468   0.125  -1.434  -5.513   0
   4.71455336   0.474   0.130  -1.429  -5.507   0
   4.71455812   0.480   0.135  -1.424  -5.501   0
   4.71456575   0.488   0.142  -1.417  -5.493   0
   4.71457481   0.497   0.149  -1.409  -5.483   0
   4.71458387   0.507   0.158  -1.400  -5.473   0
   4.71459341   0.516   0.165  -1.392  -5.463   0
   4.71460247   0.525   0.173  -1.384  -5.454   0
   4.71461153   0.534   0.181  -1.376  -5.444   0
   4.71462059   0.544   0.189  -1.368  -5.434   0
   4.71462965   0.554   0.198  -1.358  -5.423   0
   4.71463871   0.566   0.208  -1.349  -5.411   0
   4.71464825   0.578   0.218  -1.338  -5.398   0
   4.71465731   0.591   0.229  -1.327  -5.384   0
   4.71466637   0.605   0.241  -1.315  -5.369   0
   4.71467543   0.620   0.254  -1.301  -5.353   0
   4.71468639   0.637   0.268  -1.287  -5.335   0
