   0.15000001  16.096  14.564  12.987  10.477   0
   0.20000000  14.927  13.515  12.014   9.739   0
   0.25000000  14.234  12.871  11.405   9.252   0
   0.30000001  13.726  12.384  10.935   8.899   0
   0.34999999  13.292  11.964  10.527   8.598   0
   0.40000001  12.856  11.539  10.112   8.269   0
   0.44999999  12.404  11.102   9.700   7.954   0
   0.50000000  11.926  10.638   9.264   7.637   0
   0.55000001  11.445  10.168   8.833   7.297   0
   0.60000002  10.972   9.710   8.422   6.961   0
   0.63876778  10.530   9.309   8.069   6.678   0
   0.69999999   9.843   8.717   7.555   6.270   0
   0.73720026   9.317   8.300   7.201   5.998   0
   0.80000001   8.473   7.652   6.649   5.575   0
   0.89999998   7.203   6.706   5.851   4.961   0
   1.00000000   6.177   5.920   5.191   4.423   0
   1.10000002   5.356   5.245   4.619   3.942   0
   1.20000005   4.669   4.637   4.099   3.499   0
   1.28157365   4.210   4.211   3.733   3.191   0
   1.29999995   4.114   4.120   3.655   3.125   0
   1.39999998   3.642   3.657   3.258   2.797   0
   1.50000000   3.242   3.247   2.912   2.528   0
   1.59955633   2.879   2.856   2.587   2.295   0
   1.60000002   2.877   2.854   2.585   2.294   0
   1.60630631   2.857   2.831   2.566   2.280   0
   1.70000005   2.560   2.508   2.297   2.087   0
   1.79999995   2.274   2.204   2.048   1.904   0
   1.89999998   2.009   1.940   1.827   1.733   0
   1.95000005   1.882   1.819   1.726   1.651   0
   1.97261608   1.827   1.766   1.680   1.613   0
   2.00000000   1.761   1.702   1.624   1.566   0
   2.20000005   1.301   1.287   1.259   1.247   0
   2.22757459   1.241   1.232   1.211   1.205   0
   2.43150330   0.814   0.859   0.871   0.892   0
   2.50000000   0.673   0.734   0.756   0.784   0
   2.61283803   0.453   0.539   0.572   0.608   0
   2.75241494   0.181   0.292   0.336   0.377   0
   2.86873055  -0.045   0.079   0.128   0.172   0
   2.96750641  -0.237  -0.112  -0.061  -0.018   1
   3.00000000  -0.300  -0.177  -0.126  -0.085   0
   3.06340289  -0.422  -0.306  -0.255  -0.216   0
   3.13702273  -0.565  -0.464  -0.416  -0.382   0
   3.20063257  -0.692  -0.614  -0.572  -0.543   0
   3.25584221  -0.800  -0.754  -0.721  -0.704   0
   3.28068781  -0.851  -0.822  -0.793  -0.782   0
   3.30375504  -0.904  -0.886  -0.861  -0.854   0
   3.31805944  -0.944  -0.928  -0.901  -0.895   0
   3.32832813  -0.986  -0.957  -0.926  -0.916   0
   3.33558035  -1.036  -0.977  -0.936  -0.916   3
   3.34043074  -1.114  -0.990  -0.931  -0.894   0
   3.34178996  -1.182  -1.000  -0.928  -0.878   0
   3.34253883  -1.253  -1.015  -0.932  -0.872   0
   3.34264326  -1.223  -0.993  -0.913  -0.854   0
   3.34282470  -1.129  -0.947  -0.875  -0.825   0
   3.34306598  -1.120  -0.999  -0.941  -0.904   0
   3.34339428  -1.182  -1.119  -1.077  -1.057   0
   3.34383774  -1.216  -1.219  -1.197  -1.201   0
   3.34425664  -1.212  -1.269  -1.272  -1.300   0
   3.34471583  -1.182  -1.289  -1.324  -1.386   0
   3.34524059  -1.123  -1.279  -1.358  -1.469   0
   3.34561753  -1.063  -1.249  -1.367  -1.521   3
   3.34601068  -0.989  -1.180  -1.356  -1.571   0
   3.34642005  -0.895  -1.081  -1.326  -1.617   0
   3.34683251  -0.773  -0.947  -1.273  -1.655   0
   3.34725475  -0.595  -0.768  -1.192  -1.679   0
   3.34767675  -0.323  -0.533  -1.078  -1.679   0
   3.34809184   0.038  -0.259  -0.927  -1.634   0
   3.34850717   0.442   0.034  -0.740  -1.533   0
   3.34891558   0.856   0.335  -0.528  -1.392   0
   3.34931731   1.220   0.582  -0.355  -1.278   0
   3.34951639   1.352   0.663  -0.306  -1.255   4
   3.35002804   1.493   0.665  -0.374  -1.386   0
   3.35053658   1.488   0.558  -0.531  -1.586   0
   3.35097814   1.475   0.479  -0.641  -1.724   0
   3.35148287   1.460   0.400  -0.747  -1.857   0
   3.35201716   1.434   0.315  -0.857  -1.991   0
   3.35256195   1.406   0.228  -0.970  -2.127   0
   3.35320759   1.390   0.135  -1.096  -2.282   0
   3.35375381   1.358   0.047  -1.207  -2.415   0
   3.35428572   1.336  -0.036  -1.314  -2.546   0
   3.35476518   1.327  -0.107  -1.409  -2.666   0
   3.35527682   1.305  -0.191  -1.516  -2.797   0
   3.35574961   1.284  -0.260  -1.604  -2.903   0
   3.35622740   1.280  -0.305  -1.664  -2.978   2
   3.35774302   1.287  -0.252  -1.594  -2.891   0
   3.35922933   1.293  -0.201  -1.525  -2.804   0
   3.36071444   1.306  -0.131  -1.433  -2.690   0
   3.36195302   1.316  -0.062  -1.341  -2.575   0
   3.36316276   1.332   0.016  -1.240  -2.449   0
   3.36421061   1.346   0.087  -1.146  -2.332   0
   3.36536312   1.362   0.167  -1.039  -2.201   0
   3.36665130   1.391   0.256  -0.924  -2.063   0
   3.36842489   1.423   0.360  -0.789  -1.899   0
   3.37082195   1.452   0.462  -0.654  -1.734   0
   3.37513399   1.464   0.561  -0.515  -1.559   0
   3.38557982   1.377   0.584  -0.437  -1.432   4
   3.48228955   1.036   0.262  -0.747  -1.729   0
   3.49486375   0.986   0.215  -0.793  -1.773   0
   3.50000000   0.987   0.209  -0.802  -1.784   0
   3.59203219   1.036   0.118  -0.964  -2.006   0
   3.60330057   1.129   0.096  -1.039  -2.130   0
   3.60446715   1.147   0.038  -1.130  -2.254   0
   3.60469437   1.136  -0.015  -1.202  -2.342   0
   3.60488439   1.127  -0.103  -1.324  -2.494   0
   3.60506582   1.122  -0.194  -1.449  -2.652   0
   3.60825729   1.102  -0.321  -1.618  -2.864   0
   3.60907626   1.092  -0.409  -1.735  -3.012   0
   3.60989475   1.084  -0.489  -1.843  -3.147   0
   3.61074591   1.078  -0.575  -1.961  -3.295   0
   3.61169648   1.101  -0.662  -2.090  -3.469   0
   3.61233258   1.109  -0.732  -2.190  -3.602   0
   3.61295962   1.120  -0.814  -2.307  -3.757   0
   3.61351967   1.149  -0.891  -2.425  -3.918   0
   3.61394143   1.135  -0.945  -2.506  -4.052   0
   3.61438370   1.019  -0.968  -2.542  -4.193   0
   3.61466312   0.919  -0.994  -2.574  -4.300   0
   3.61494279   0.791  -1.020  -2.605  -4.421   0
   3.61518860   0.653  -1.053  -2.640  -4.544   3
   3.61544299   0.597  -1.018  -2.614  -4.666   0
   3.61568046   0.534  -0.993  -2.595  -4.780   0
   3.61601782   0.464  -0.937  -2.544  -4.908   0
   3.61613011   0.439  -0.896  -2.500  -4.964   0
   3.61628008   0.449  -0.836  -2.433  -4.986   0
   3.61635089   0.508  -0.671  -2.254  -4.994   0
   3.61647582   0.562  -0.491  -2.056  -5.021   0
   3.61648417   0.571  -0.470  -2.034  -5.020   0
   3.61651206   0.582  -0.437  -1.998  -5.024   0
   3.61654019   0.593  -0.404  -1.961  -5.028   0
   3.61656809   0.603  -0.370  -1.925  -5.031   0
   3.61659598   0.614  -0.337  -1.889  -5.035   0
   3.61662412   0.625  -0.304  -1.852  -5.038   0
   3.61665201   0.643  -0.262  -1.810  -5.035   0
   3.61667967   0.661  -0.219  -1.766  -5.031   0
   3.61670685   0.680  -0.175  -1.722  -5.026   0
   3.61673427   0.699  -0.132  -1.679  -5.022   0
   3.61676145   0.718  -0.088  -1.635  -5.017   0
   3.61678886   0.737  -0.045  -1.591  -5.013   0
   3.61681080   0.752  -0.010  -1.556  -5.009   0
   3.61683249   0.767   0.025  -1.521  -5.005   0
   3.61685991   0.786   0.068  -1.477  -5.001   1
   3.61688709   0.805   0.112  -1.434  -4.996   0
   3.61691451   0.823   0.155  -1.390  -4.992   0
   3.61694169   0.841   0.195  -1.350  -4.987   0
   3.61696887   0.858   0.233  -1.311  -4.983   0
   3.61699629   0.875   0.272  -1.272  -4.979   0
   3.61711621   0.892   0.310  -1.234  -4.973   0
   3.61722994   0.907   0.344  -1.199  -4.970   0
   3.61734319   0.922   0.379  -1.164  -4.966   0
   3.61745596   0.937   0.413  -1.130  -4.962   0
   3.61756825   0.952   0.447  -1.096  -4.958   0
   3.61768007   0.967   0.481  -1.062  -4.954   0
   3.61781931   0.985   0.523  -1.019  -4.950   1
   3.61795807   0.997   0.558  -0.986  -4.949   0
   3.61809635   1.000   0.582  -0.965  -4.954   0
   3.61823392   1.003   0.606  -0.944  -4.960   0
   3.61837149   1.005   0.630  -0.923  -4.965   0
   3.61850905   1.008   0.654  -0.903  -4.970   0
   3.61864662   1.011   0.678  -0.882  -4.974   0
   3.61878395   1.014   0.702  -0.862  -4.979   0
   3.61891985   1.017   0.725  -0.841  -4.983   0
   3.61904716   1.022   0.749  -0.821  -4.986   0
   3.61916566   1.030   0.775  -0.798  -4.984   0
   3.61920667   1.044   0.795  -0.778  -4.972   0
   3.61922383   1.055   0.809  -0.765  -4.962   0
   3.61923122   1.063   0.818  -0.756  -4.955   0
   3.61923456   1.069   0.826  -0.748  -4.950   0
   3.61923718   1.075   0.834  -0.741  -4.945   0
   3.61923981   1.081   0.842  -0.733  -4.939   0
   3.61924243   1.087   0.850  -0.725  -4.933   0
   3.61924505   1.094   0.858  -0.717  -4.927   0
   3.61924767   1.101   0.867  -0.709  -4.921   0
   3.61925030   1.109   0.877  -0.700  -4.914   0
   3.61925316   1.116   0.886  -0.690  -4.907   0
   3.61925578   1.124   0.896  -0.681  -4.900   0
   3.61925840   1.133   0.907  -0.670  -4.892   0
   3.61926103   1.141   0.918  -0.659  -4.884   0
   3.61926365   1.151   0.930  -0.648  -4.876   0
   3.61926627   1.161   0.942  -0.636  -4.867   0
   3.61926889   1.171   0.956  -0.623  -4.858   0
   3.61927152   1.182   0.970  -0.609  -4.847   0
   3.61927438   1.194   0.985  -0.595  -4.837   0
   3.61927700   1.207   1.002  -0.579  -4.825   0
   3.61927962   1.221   1.020  -0.561  -4.812   0
   3.61928225   1.237   1.039  -0.542  -4.798   0
   3.61928582   1.254   1.061  -0.521  -4.783   0
