   0.15000001  16.097  14.565  12.988  10.478   0
   0.20000000  14.929  13.517  12.016   9.740   0
   0.25000000  14.237  12.873  11.408   9.255   0
   0.30000001  13.730  12.388  10.938   8.902   0
   0.34999999  13.296  11.968  10.530   8.602   0
   0.40000001  12.861  11.544  10.118   8.275   0
   0.44999999  12.406  11.104   9.702   7.956   0
   0.50000000  11.931  10.643   9.269   7.642   0
   0.55000001  11.448  10.172   8.837   7.300   0
   0.60000002  10.971   9.711   8.425   6.965   0
   0.69999999   9.821   8.704   7.549   6.273   0
   0.80000001   8.502   7.674   6.668   5.590   0
   0.89999998   7.248   6.741   5.881   4.985   0
   1.00000000   6.265   5.993   5.255   4.480   0
   1.10000002   5.505   5.368   4.723   4.029   0
   1.20000005   4.720   4.687   4.145   3.542   0
   1.29999995   4.158   4.164   3.699   3.167   0
   1.39999998   3.686   3.704   3.306   2.846   0
   1.50000000   3.294   3.301   2.969   2.590   0
   1.60000002   2.931   2.909   2.645   2.360   0
   1.70000005   2.607   2.557   2.357   2.161   0
   1.79999995   2.335   2.269   2.129   2.008   0
   1.89999998   2.095   2.040   1.947   1.877   0
   1.95000005   1.982   1.938   1.865   1.816   0
   2.00000000   1.814   1.787   1.734   1.704   0
   2.20000005   1.452   1.498   1.497   1.516   0
   2.50000000   0.933   1.104   1.153   1.212   0
   3.00000000   0.240   0.592   0.683   0.777   0
   3.32950735  -0.122   0.319   0.427   0.535   0
   3.50000000  -0.291   0.189   0.304   0.420   0
   4.00000000  -0.723  -0.151  -0.016   0.118   0
   4.50000000  -1.074  -0.432  -0.282  -0.130   0
   5.00000000  -1.393  -0.696  -0.532  -0.366   0
   6.00000000  -1.943  -1.161  -0.975  -0.785   0
   7.00000000  -2.407  -1.558  -1.355  -1.144   0
   8.75300694  -3.127  -2.188  -1.964  -1.726   0
   9.00000000  -3.219  -2.269  -2.042  -1.801   0
  11.52438068  -3.985  -2.953  -2.707  -2.443   0
  12.00000000  -4.119  -3.076  -2.826  -2.558   0
  15.00000000  -4.849  -3.751  -3.484  -3.195   0
  16.47658348  -5.143  -4.026  -3.755  -3.461   0
  20.00000000  -5.796  -4.654  -4.378  -4.080   0
  20.50510025  -5.869  -4.726  -4.449  -4.152   1
  24.97105217  -6.549  -5.406  -5.134  -4.844   0
  28.61974335  -7.177  -6.072  -5.813  -5.539   0
  30.00000000  -7.498  -6.414  -6.174  -5.924   0
  31.52722549  -7.807  -6.761  -6.537  -6.312   0
  33.22269440  -8.291  -7.356  -7.171  -6.995   0
  34.48383331  -8.864  -8.267  -8.149  -8.077   0
  34.51556015  -8.878  -8.310  -8.193  -8.123   2
  35.21003723  -8.638  -7.824  -7.658  -7.517   0
  35.32183838  -8.609  -7.738  -7.565  -7.411   0
  35.36068726  -8.584  -7.657  -7.480  -7.315   0
  35.37395096  -8.547  -7.612  -7.428  -7.252   1
  35.37862015  -8.600  -7.667  -7.490  -7.324   0
  35.38031006  -8.625  -7.713  -7.537  -7.375   0
  35.38160324  -8.647  -7.753  -7.578  -7.419   0
  35.38301086  -8.671  -7.796  -7.623  -7.468   0
  35.38441849  -8.696  -7.843  -7.672  -7.521   0
  35.38559723  -8.723  -7.892  -7.724  -7.578   0
  35.38677597  -8.753  -7.946  -7.782  -7.642   0
  35.38795853  -8.785  -8.003  -7.843  -7.710   0
  35.38891220  -8.813  -8.053  -7.896  -7.769   0
  35.38981247  -8.844  -8.106  -7.953  -7.833   0
  35.39076996  -8.879  -8.165  -8.018  -7.905   0
  35.39155579  -8.926  -8.206  -8.071  -7.973   0
  35.39239883  -8.988  -8.259  -8.141  -8.062   0
  35.39307022  -9.011  -8.328  -8.210  -8.134   2
  35.39368820  -9.031  -8.397  -8.278  -8.204   0
  35.39435959  -9.054  -8.471  -8.353  -8.282   0
  35.39503479  -9.080  -8.552  -8.436  -8.369   0
  35.39576721  -9.124  -8.621  -8.516  -8.465   0
  35.39643860  -9.170  -8.693  -8.603  -8.570   0
  35.39717102  -9.215  -8.768  -8.692  -8.679   0
  35.39795303  -9.232  -8.853  -8.786  -8.784   0
  35.39851379  -9.238  -8.913  -8.851  -8.857   0
  35.39930344  -9.239  -8.987  -8.933  -8.948   0
  35.40008545  -9.229  -9.050  -9.003  -9.027   0
  35.40092850  -9.225  -9.096  -9.066  -9.109   0
  35.40176773  -9.230  -9.121  -9.121  -9.197   0
  35.40261078  -9.200  -9.151  -9.169  -9.263   0
  35.40367508  -9.166  -9.178  -9.214  -9.328   0
  35.40457153  -9.100  -9.163  -9.221  -9.357   0
  35.40530014  -9.053  -9.170  -9.252  -9.413   0
  35.40653229  -8.981  -9.159  -9.283  -9.484   0
  35.40832520  -8.810  -9.099  -9.291  -9.575   3
  35.41078949  -8.375  -8.815  -9.270  -9.782   0
  35.41683578  -7.802  -8.458  -9.221  -9.962   0
  35.44301987  -7.102  -8.098  -9.143 -10.088   2
  35.86098480  -7.180  -6.004  -5.720  -5.419   0
  36.09393692  -6.961  -5.765  -5.473  -5.172   0
  36.31868362  -6.717  -5.512  -5.211  -4.896   0
  36.41870880  -6.584  -5.372  -5.067  -4.749   0
  36.49208069  -6.479  -5.262  -4.954  -4.635   0
  36.61703873  -6.325  -5.102  -4.792  -4.471   0
  36.76795959  -6.178  -4.949  -4.634  -4.305   0
  36.79388809  -6.115  -4.885  -4.569  -4.242   1
  37.02777100  -5.986  -4.745  -4.437  -4.131   0
  37.09279251  -5.935  -4.691  -4.385  -4.086   0
  37.13652802  -5.872  -4.626  -4.318  -4.016   0
  37.17159653  -5.812  -4.563  -4.254  -3.951   0
  37.19414520  -5.765  -4.514  -4.204  -3.899   0
  37.21554184  -5.721  -4.469  -4.158  -3.852   0
  37.23731613  -5.676  -4.424  -4.111  -3.804   0
  37.25864792  -5.621  -4.367  -4.052  -3.744   0
  37.28012848  -5.493  -4.236  -3.919  -3.607   0
  37.30199051  -5.350  -4.090  -3.770  -3.453   0
  37.34545135  -5.294  -4.032  -3.711  -3.393   0
  37.40946960  -5.223  -3.960  -3.637  -3.318   0
  37.49574280  -5.143  -3.878  -3.554  -3.233   0
  37.58027649  -5.065  -3.799  -3.473  -3.150   0
  37.66487503  -4.988  -3.721  -3.393  -3.068   0
  37.77019119  -4.902  -3.632  -3.303  -2.977   0
  37.89572906  -4.804  -3.533  -3.202  -2.874   0
  38.08248901  -4.671  -3.398  -3.064  -2.733   0
  38.28728485  -4.531  -3.256  -2.920  -2.587   0
  38.70260239  -4.275  -2.996  -2.657  -2.319   0
  39.14193726  -4.029  -2.746  -2.404  -2.063   0
  39.32788467  -3.926  -2.642  -2.299  -1.956   0
  39.45635605  -3.855  -2.570  -2.226  -1.882   0
  39.56392670  -3.794  -2.508  -2.163  -1.818   0
  39.68748474  -3.721  -2.434  -2.088  -1.742   0
  39.75756073  -3.680  -2.392  -2.046  -1.699   0
  39.84435272  -3.626  -2.338  -1.991  -1.644   0
  39.93016434  -3.571  -2.283  -1.936  -1.587   0
  40.00000000  -2.265  -0.977  -0.630  -0.283   0
  40.66360092  -2.149  -0.860  -0.513  -0.165   0
  41.36050034  -1.995  -0.706  -0.357  -0.008   1
  41.57053757  -1.925  -0.634  -0.286   0.065   0
  41.72756958  -1.827  -0.535  -0.185   0.166   0
  41.77618408  -1.756  -0.463  -0.111   0.242   0
  41.79653168  -1.698  -0.404  -0.051   0.303   0
  41.81428146  -1.634  -0.339   0.015   0.370   0
  41.83249283  -1.567  -0.271   0.084   0.440   0
  41.85393143  -1.488  -0.191   0.164   0.522   0
  41.87920380  -1.417  -0.119   0.237   0.596   4
  41.94972229  -1.587  -0.289   0.067   0.426   0
  41.98485947  -1.787  -0.490  -0.134   0.224   0
  42.01141739  -1.959  -0.663  -0.308   0.049   0
  42.03291702  -2.127  -0.831  -0.477  -0.121   0
  42.04735565  -2.273  -0.978  -0.625  -0.270   0
