   0.15000001  16.097  14.565  12.988  10.478   0
   0.20000000  14.929  13.517  12.016   9.740   0
   0.25000000  14.237  12.873  11.407   9.254   0
   0.30000001  13.730  12.387  10.938   8.902   0
   0.34999999  13.296  11.968  10.530   8.602   0
   0.40000001  12.861  11.544  10.117   8.275   0
   0.44999999  12.406  11.104   9.702   7.956   0
   0.46071854  12.301  11.002   9.606   7.886   0
   0.50000000  11.930  10.643   9.269   7.642   0
   0.55000001  11.448  10.172   8.836   7.299   0
   0.60000002  10.971   9.711   8.425   6.965   0
   0.69999999   9.822   8.705   7.550   6.273   0
   0.80000001   8.499   7.671   6.666   5.588   0
   0.89999998   7.243   6.738   5.878   4.983   0
   1.00000000   6.254   5.984   5.247   4.473   0
   1.10000002   5.482   5.350   4.708   4.016   0
   1.20000005   4.711   4.679   4.138   3.536   0
   1.27303803   4.297   4.296   3.811   3.261   0
   1.29999995   4.157   4.164   3.698   3.167   0
   1.39999998   3.684   3.702   3.303   2.842   0
   1.50000000   3.294   3.302   2.968   2.587   0
   1.60000002   2.932   2.911   2.645   2.358   0
   1.70000005   2.619   2.570   2.368   2.170   0
   1.79999995   2.350   2.283   2.140   2.015   0
   1.85468364   2.207   2.146   2.030   1.935   0
   1.89999998   2.090   2.034   1.940   1.869   0
   1.95000005   1.981   1.936   1.861   1.810   0
   2.00000000   1.864   1.835   1.777   1.743   0
   2.20000005   1.450   1.492   1.489   1.506   0
   2.50000000   0.921   1.086   1.134   1.192   0
   3.00000000   0.216   0.557   0.647   0.738   0
   3.50000000  -0.337   0.130   0.244   0.357   0
   4.00000000  -0.787  -0.229  -0.098   0.033   0
   4.32521725  -1.042  -0.438  -0.296  -0.155   0
   4.50000000  -1.172  -0.545  -0.398  -0.251   0
   5.00000000  -1.525  -0.844  -0.683  -0.522   0
   5.66770172  -1.953  -1.213  -1.037  -0.861   0
   6.00000000  -2.158  -1.393  -1.210  -1.027   0
   6.63113832  -2.522  -1.715  -1.521  -1.325   0
   7.00000000  -2.733  -1.904  -1.705  -1.502   0
   7.37189817  -2.948  -2.100  -1.896  -1.688   0
   7.94579029  -3.295  -2.422  -2.212  -1.998   0
   8.41626549  -3.589  -2.700  -2.486  -2.268   0
   8.80551052  -3.858  -2.960  -2.745  -2.526   1
   9.00000000  -3.994  -3.092  -2.877  -2.658   0
   9.08118343  -4.043  -3.141  -2.925  -2.706   0
   9.72686958  -4.509  -3.615  -3.403  -3.190   0
  10.20710373  -4.945  -4.083  -3.881  -3.684   0
  10.39937019  -5.150  -4.310  -4.113  -3.927   0
  10.48122692  -5.235  -4.400  -4.205  -4.021   0
  10.52914524  -5.256  -4.404  -4.206  -4.017   3
  10.55401802  -5.229  -4.327  -4.119  -3.912   0
  10.55710888  -5.247  -4.308  -4.091  -3.873   0
  10.55736446  -5.243  -4.302  -4.085  -3.866   0
  10.55835438  -5.206  -4.291  -4.079  -3.867   0
  10.55884933  -5.243  -4.354  -4.148  -3.946   0
  10.55902195  -5.266  -4.388  -4.184  -3.985   0
  10.55945110  -5.345  -4.496  -4.299  -4.111   0
  10.55977631  -5.410  -4.585  -4.393  -4.214   0
  10.56010246  -5.483  -4.683  -4.498  -4.329   0
  10.56042767  -5.560  -4.790  -4.612  -4.455   0
  10.56077099  -5.641  -4.901  -4.732  -4.588   0
  10.56113052  -5.721  -5.014  -4.856  -4.726   0
  10.56150723  -5.808  -5.144  -4.998  -4.885   0
  10.56169605  -5.849  -5.209  -5.069  -4.965   0
  10.56211853  -5.939  -5.362  -5.236  -5.155   0
  10.56233788  -5.984  -5.449  -5.332  -5.263   0
  10.56254005  -6.019  -5.532  -5.423  -5.366   0
  10.56276035  -6.053  -5.613  -5.517  -5.475   0
  10.56298065  -6.083  -5.693  -5.612  -5.589   0
  10.56316376  -6.095  -5.765  -5.694  -5.687   0
  10.56338406  -6.092  -5.856  -5.800  -5.812   0
  10.56354904  -6.072  -5.926  -5.883  -5.910   0
  10.56369591  -6.041  -5.973  -5.944  -5.987   0
  10.56382370  -6.000  -6.006  -5.998  -6.064   0
  10.56395245  -5.932  -6.027  -6.045  -6.140   0
  10.56408024  -5.836  -6.017  -6.074  -6.213   0
  10.56420898  -5.706  -5.961  -6.079  -6.283   3
  10.56431866  -5.563  -5.860  -6.059  -6.346   0
  10.56442928  -5.390  -5.711  -6.022  -6.408   0
  10.56453896  -5.172  -5.521  -5.962  -6.461   0
  10.56463051  -4.946  -5.338  -5.893  -6.490   0
  10.56474018  -4.584  -5.078  -5.787  -6.506   0
  10.56483269  -4.053  -4.736  -5.630  -6.487   0
  10.56488705  -3.757  -4.562  -5.540  -6.459   0
  10.56497860  -2.967  -4.112  -5.287  -6.349   0
  10.56510735  -2.077  -3.612  -4.952  -6.160   0
  10.56529045  -1.467  -3.268  -4.705  -6.024   0
  10.56534576  -1.322  -3.192  -4.655  -6.003   0
  10.56550694  -0.863  -3.050  -4.632  -6.125   0
  10.56559753  -0.920  -3.027  -4.638  -6.284   0
  10.56570435  -1.252  -3.096  -4.706  -6.545   0
  10.56583023  -1.427  -3.147  -4.756  -6.701   0
  10.56613636  -1.491  -3.125  -4.737  -6.804   0
  10.56708717  -1.553  -3.109  -4.721  -6.894   0
  10.56821918  -1.595  -3.088  -4.700  -6.954   0
  10.57270527  -1.631  -3.043  -4.652  -7.008   0
  10.59370804  -1.585  -3.143  -4.755  -6.928   0
  10.60899067  -1.535  -3.201  -4.813  -6.840   0
  10.62387466  -1.494  -3.257  -4.867  -6.762   0
  10.64106655  -1.370  -3.264  -4.880  -6.696   0
  10.66845036  -1.272  -3.315  -4.938  -6.659   0
  10.71741009  -1.211  -3.428  -5.058  -6.664   2
  10.77077866  -1.443  -3.699  -5.302  -6.785   0
  10.78895760  -1.915  -3.989  -5.525  -6.916   0
  10.79311180  -2.207  -4.158  -5.648  -6.982   0
  10.79585457  -2.883  -4.493  -5.863  -7.070   0
  10.79722595  -3.314  -4.700  -5.977  -7.109   0
  10.79859734  -3.637  -4.857  -6.062  -7.136   0
  10.79959965  -3.845  -4.964  -6.115  -7.150   0
  10.80097103  -4.128  -5.110  -6.188  -7.171   0
  10.80369282  -4.753  -5.458  -6.344  -7.190   0
  10.81040478  -5.691  -6.075  -6.545  -7.066   0
  10.81296253  -5.739  -6.112  -6.552  -7.049   1
  10.82132816  -5.586  -5.994  -6.519  -7.088   0
  10.82491970  -5.451  -5.893  -6.489  -7.118   0
  10.82836914  -5.245  -5.755  -6.444  -7.143   0
  10.83100796  -5.035  -5.621  -6.397  -7.162   0
  10.83360672  -4.736  -5.441  -6.329  -7.176   0
  10.83554649  -4.388  -5.246  -6.244  -7.171   0
  10.83736229  -3.940  -5.009  -6.134  -7.150   0
  10.83858395  -3.504  -4.787  -6.020  -7.117   0
  10.83980465  -2.964  -4.522  -5.871  -7.061   0
  10.84096336  -2.543  -4.310  -5.735  -7.003   0
  10.84276199  -2.049  -4.052  -5.560  -6.918   0
  10.84500217  -1.649  -3.816  -5.386  -6.826   0
  10.84609699  -1.474  -3.716  -5.315  -6.791   0
  10.89870644  -1.367  -3.435  -5.063  -6.775   2
  10.92222118  -1.479  -3.369  -4.988  -6.811   0
  10.92562962  -1.590  -3.354  -4.966  -6.863   0
  10.92698860  -1.593  -3.334  -4.945  -6.873   0
  10.92862415  -1.613  -3.283  -4.896  -6.920   0
  10.92989826  -1.640  -3.258  -4.872  -6.966   0
  10.93149090  -1.669  -3.204  -4.816  -7.020   0
  10.93330288  -1.720  -3.131  -4.740  -7.094   0
  10.93545914  -1.686  -2.978  -4.576  -7.115   0
  10.93714333  -1.633  -2.849  -4.437  -7.111   0
