   0.15000001  16.095  14.564  12.987  10.477   0
   0.20000000  14.926  13.515  12.014   9.739   0
   0.25000000  14.233  12.870  11.404   9.251   0
   0.30000001  13.725  12.383  10.934   8.898   0
   0.34999999  13.291  11.963  10.526   8.597   0
   0.40000001  12.854  11.537  10.110   8.267   0
   0.44999999  12.403  11.101   9.699   7.954   0
   0.50000000  11.925  10.637   9.263   7.636   0
   0.55000001  11.444  10.167   8.833   7.296   0
   0.60000002  10.971   9.710   8.422   6.959   0
   0.69999999   9.849   8.720   7.557   6.269   0
   0.80000001   8.467   7.647   6.645   5.572   0
   0.89999998   7.195   6.700   5.846   4.956   0
   1.00000000   6.168   5.913   5.184   4.418   0
   1.10000002   5.345   5.236   4.611   3.934   0
   1.18472362   4.757   4.716   4.165   3.554   0
   1.20000005   4.659   4.628   4.089   3.490   0
   1.25096190   4.362   4.354   3.855   3.292   0
   1.29999995   4.101   4.107   3.643   3.113   0
   1.39999998   3.630   3.645   3.245   2.784   0
   1.46402884   3.363   3.375   3.018   2.607   0
   1.50000000   3.226   3.230   2.895   2.511   0
   1.60000002   2.861   2.838   2.567   2.272   0
   1.70000005   2.543   2.490   2.276   2.061   0
   1.79999995   2.254   2.184   2.022   1.870   0
   1.81032598   2.226   2.154   1.997   1.851   0
   1.89999998   1.985   1.912   1.791   1.687   0
   1.95000005   1.856   1.787   1.684   1.599   0
   2.00000000   1.732   1.667   1.579   1.509   0
   2.05213380   1.604   1.543   1.471   1.417   0
   2.20000005   1.258   1.225   1.186   1.161   0
   2.23251629   1.184   1.158   1.126   1.106   0
   2.38277531   0.850   0.851   0.844   0.846   0
   2.50000000   0.596   0.615   0.621   0.631   0
   2.51706553   0.560   0.582   0.589   0.600   0
   2.62343574   0.336   0.368   0.382   0.396   0
   2.71376538   0.148   0.178   0.194   0.208   1
   2.79132295  -0.013   0.008   0.023   0.032   0
   2.85801697  -0.148  -0.144  -0.134  -0.131   0
   2.91601992  -0.263  -0.280  -0.278  -0.286   0
   2.96693993  -0.360  -0.406  -0.417  -0.440   0
   2.99010777  -0.406  -0.467  -0.484  -0.515   0
   3.00000000  -0.427  -0.494  -0.514  -0.547   0
   3.01304626  -0.456  -0.531  -0.553  -0.589   0
   3.02609205  -0.495  -0.570  -0.592  -0.629   0
   3.03610778  -0.539  -0.604  -0.621  -0.652   0
   3.04317904  -0.594  -0.635  -0.638  -0.657   0
   3.04790807  -0.691  -0.676  -0.653  -0.647   0
   3.04923296  -0.774  -0.702  -0.660  -0.635   0
   3.04996300  -0.867  -0.733  -0.673  -0.633   0
   3.05005527  -0.834  -0.709  -0.652  -0.613   0
   3.05022502  -0.726  -0.649  -0.605  -0.577   4
   3.05045033  -0.707  -0.686  -0.662  -0.654   0
   3.05075741  -0.752  -0.785  -0.782  -0.798   0
   3.05117202  -0.765  -0.853  -0.880  -0.928   0
   3.05156350  -0.743  -0.873  -0.932  -1.014   0
   3.05201602  -0.696  -0.857  -0.959  -1.090   0
   3.05253291  -0.625  -0.803  -0.964  -1.160   3
   3.05290437  -0.563  -0.741  -0.954  -1.204   0
   3.05329180  -0.484  -0.652  -0.923  -1.240   0
   3.05369496  -0.379  -0.538  -0.877  -1.272   0
   3.05410147  -0.233  -0.392  -0.811  -1.294   0
   3.05451727  -0.024  -0.206  -0.721  -1.298   0
   3.05493307   0.241   0.005  -0.608  -1.271   0
   3.05534220   0.542   0.230  -0.469  -1.203   0
   3.05575109   0.887   0.484  -0.295  -1.094   0
   3.05615354   1.237   0.745  -0.105  -0.960   0
   3.05654907   1.556   0.966   0.057  -0.848   0
   3.05674529   1.659   1.028   0.093  -0.832   4
   3.05732560   1.811   1.054   0.051  -0.934   0
   3.05790234   1.793   0.947  -0.101  -1.126   0
   3.05840302   1.763   0.857  -0.220  -1.270   0
   3.05897546   1.740   0.773  -0.333  -1.408   0
   3.05958128   1.709   0.681  -0.452  -1.552   0
   3.06019926   1.670   0.583  -0.575  -1.699   0
   3.06093144   1.620   0.465  -0.722  -1.873   0
   3.06155062   1.572   0.366  -0.844  -2.013   0
   3.06215358   1.538   0.271  -0.965  -2.158   0
   3.06269693   1.544   0.202  -1.063  -2.288   0
   3.06327701   1.521   0.111  -1.181  -2.432   0
   3.06381297   1.481   0.018  -1.295  -2.566   0
   3.06435466   1.472  -0.040  -1.372  -2.663   2
   3.06574631   1.486   0.036  -1.272  -2.538   0
   3.06711102   1.495   0.109  -1.174  -2.415   0
   3.06847453   1.518   0.198  -1.059  -2.274   0
   3.06961179   1.526   0.281  -0.946  -2.130   0
   3.07072258   1.562   0.382  -0.817  -1.977   0
   3.07168460   1.598   0.472  -0.703  -1.842   0
   3.07274270   1.636   0.566  -0.585  -1.701   0
   3.07392550   1.670   0.656  -0.470  -1.564   0
   3.07555389   1.703   0.755  -0.344  -1.409   0
   3.07775497   1.739   0.853  -0.215  -1.256   0
   3.08171391   1.766   0.947  -0.088  -1.100   0
   3.09130430   1.710   0.967  -0.030  -1.008   0
   3.18758392   1.418   0.668  -0.331  -1.307   0
   3.20007348   1.372   0.624  -0.374  -1.350   1
   3.27763844   1.284   0.468  -0.563  -1.566   0
   3.31311297   1.328   0.410  -0.673  -1.719   0
   3.31825614   1.351   0.358  -0.760  -1.837   0
   3.31903553   1.353   0.303  -0.839  -1.942   0
   3.31926227   1.339   0.239  -0.926  -2.049   0
   3.31939602   1.324   0.163  -1.028  -2.174   0
   3.31951022   1.311   0.094  -1.121  -2.289   0
   3.31968379   1.301   0.018  -1.224  -2.417   0
   3.32056546   1.298   0.028  -1.209  -2.397   1
   3.32357860   1.280  -0.117  -1.404  -2.643   0
   3.32464147   1.261  -0.227  -1.550  -2.825   0
   3.32571578   1.252  -0.344  -1.708  -3.025   0
   3.32643414   1.238  -0.438  -1.832  -3.178   0
   3.32709980   1.247  -0.523  -1.953  -3.339   0
   3.32756472   1.260  -0.589  -2.050  -3.468   0
   3.32807302   1.277  -0.672  -2.171  -3.631   0
   3.32850504   1.303  -0.748  -2.287  -3.788   0
   3.32886720   1.257  -0.795  -2.356  -3.924   0
   3.32927942   1.121  -0.826  -2.401  -4.085   0
   3.32962608   0.967  -0.855  -2.437  -4.239   0
   3.32979059   0.863  -0.876  -2.460  -4.331   0
   3.32992721   0.801  -0.878  -2.467  -4.409   0
   3.33004642   0.771  -0.865  -2.458  -4.471   0
   3.33015680   0.749  -0.838  -2.435  -4.526   0
   3.33026934   0.709  -0.826  -2.427  -4.598   0
   3.33040357   0.649  -0.797  -2.402  -4.703   2
   3.33058953   0.619  -0.676  -2.275  -4.809   0
   3.33065891   0.642  -0.585  -2.174  -4.830   0
   3.33068919   0.664  -0.515  -2.098  -4.839   0
   3.33070946   0.673  -0.485  -2.065  -4.842   0
   3.33072948   0.683  -0.455  -2.032  -4.846   0
   3.33074975   0.693  -0.425  -2.000  -4.849   0
   3.33077002   0.703  -0.395  -1.967  -4.852   0
   3.33079004   0.712  -0.365  -1.934  -4.855   0
   3.33081007   0.722  -0.336  -1.902  -4.859   0
   3.33082986   0.732  -0.306  -1.869  -4.862   0
   3.33084965   0.741  -0.276  -1.837  -4.865   0
   3.33086944   0.751  -0.247  -1.805  -4.868   0
   3.33088923   0.761  -0.217  -1.772  -4.872   0
   3.33090901   0.771  -0.186  -1.739  -4.875   0
   3.33092880   0.780  -0.157  -1.706  -4.878   0
   3.33094859   0.793  -0.123  -1.670  -4.878   1
   3.33096433   0.807  -0.091  -1.639  -4.875   0
   3.33098412   0.824  -0.052  -1.599  -4.871   0
   3.33100390   0.840  -0.014  -1.562  -4.867   0
   3.33109856   0.897   0.118  -1.428  -4.853   0
   3.33119226   0.943   0.223  -1.322  -4.842   0
   3.33128524   0.961   0.262  -1.283  -4.837   0
   3.33137751   0.978   0.300  -1.245  -4.833   0
   3.33146906   0.994   0.338  -1.207  -4.828   0
   3.33155990   1.011   0.376  -1.169  -4.824   0
   3.33165002   1.027   0.413  -1.131  -4.820   0
   3.33173919   1.043   0.450  -1.093  -4.816   0
   3.33182788   1.060   0.488  -1.056  -4.812   0
   3.33191562   1.076   0.524  -1.019  -4.808   0
   3.33200264   1.092   0.561  -0.982  -4.804   0
   3.33208895   1.108   0.598  -0.945  -4.800   0
   3.33217454   1.124   0.634  -0.908  -4.796   0
   3.33225942   1.140   0.670  -0.872  -4.792   0
   3.33234334   1.155   0.706  -0.836  -4.787   1
   3.33242655   1.158   0.727  -0.817  -4.792   0
   3.33250904   1.160   0.748  -0.800  -4.796   0
   3.33259082   1.163   0.769  -0.782  -4.801   0
   3.33267164   1.165   0.790  -0.764  -4.805   0
   3.33275223   1.167   0.810  -0.746  -4.809   0
   3.33283210   1.170   0.830  -0.729  -4.813   0
   3.33291173   1.172   0.851  -0.711  -4.818   0
   3.33299088   1.175   0.871  -0.694  -4.821   0
   3.33306956   1.178   0.892  -0.676  -4.825   0
   3.33314085   1.183   0.913  -0.658  -4.826   0
   3.33321118   1.190   0.937  -0.636  -4.825   0
   3.33324718   1.203   0.962  -0.613  -4.817   0
   3.33326125   1.231   1.002  -0.575  -4.792   0
   3.33326936   1.252   1.031  -0.547  -4.774   0
   3.33327341   1.266   1.050  -0.529  -4.763   0
   3.33327556   1.274   1.062  -0.518  -4.756   0
   3.33327699   1.281   1.072  -0.508  -4.750   0
   3.33327842   1.288   1.082  -0.498  -4.744   0
   3.33328009   1.296   1.093  -0.488  -4.738   0
   3.33328152   1.304   1.105  -0.477  -4.731   0
   3.33328295   1.312   1.117  -0.465  -4.724   0
   3.33328462   1.321   1.130  -0.453  -4.716   0
   3.33328605   1.330   1.143  -0.440  -4.709   0
   3.33328748   1.340   1.158  -0.426  -4.700   0
   3.33328891   1.351   1.172  -0.412  -4.692   0
   3.33329058   1.362   1.189  -0.397  -4.682   0
   3.33329201   1.374   1.206  -0.381  -4.672   0
   3.33329344   1.387   1.224  -0.363  -4.662   0
   3.33329487   1.400   1.245  -0.344  -4.650   0
   3.33329654   1.415   1.266  -0.323  -4.638   0
