   0.15000001  16.092  14.561  12.984  10.476   0
   0.20000000  14.921  13.509  12.009   9.735   0
   0.25000000  14.225  12.862  11.397   9.244   0
   0.30000001  13.714  12.372  10.923   8.888   0
   0.34999999  13.281  11.953  10.515   8.587   0
   0.40000001  12.839  11.521  10.094   8.250   0
   0.40326977  12.807  11.491  10.065   8.228   0
   0.44999999  12.397  11.095   9.693   7.949   0
   0.50000000  11.917  10.629   9.255   7.629   0
   0.55000001  11.434  10.158   8.824   7.288   0
   0.60000002  10.959   9.698   8.410   6.949   0
   0.69999999   9.821   8.696   7.535   6.251   0
   0.80000001   8.400   7.598   6.604   5.542   0
   0.86821896   7.494   6.923   6.033   5.103   0
   0.89999998   7.110   6.637   5.792   4.914   0
   0.90129137   7.095   6.625   5.782   4.906   0
   1.00000000   6.076   5.837   5.120   4.364   0
   1.04320073   5.701   5.527   4.856   4.139   0
   1.10000002   5.239   5.139   4.525   3.857   0
   1.10468745   5.204   5.108   4.498   3.834   0
   1.14610708   4.906   4.842   4.268   3.637   0
   1.17755055   4.690   4.649   4.101   3.493   0
   1.20000005   4.544   4.517   3.987   3.395   0
   1.22834063   4.367   4.352   3.843   3.271   0
   1.26045740   4.184   4.176   3.690   3.139   0
   1.26857209   4.139   4.134   3.653   3.108   0
   1.29999995   3.977   3.978   3.517   2.990   0
   1.33523643   3.798   3.806   3.367   2.862   0
   1.39999998   3.501   3.508   3.102   2.634   0
   1.49221528   3.122   3.118   2.755   2.337   0
   1.50000000   3.091   3.086   2.727   2.312   0
   1.50078988   3.088   3.083   2.724   2.309   0
   1.58931327   2.767   2.747   2.417   2.040   0
   1.60000002   2.732   2.709   2.381   2.006   0
   1.66290784   2.525   2.491   2.175   1.816   0
   1.70000005   2.410   2.370   2.056   1.700   0
   1.72549736   2.332   2.288   1.976   1.622   1
   1.77805841   2.182   2.133   1.815   1.453   0
   1.79999995   2.125   2.075   1.751   1.380   0
   1.82465672   2.061   2.009   1.678   1.298   0
   1.86546886   1.974   1.917   1.566   1.161   0
   1.89999998   1.920   1.860   1.480   1.041   0
   1.90234149   1.917   1.857   1.475   1.033   0
   1.93334424   1.883   1.819   1.406   0.926   0
   1.94746065   1.876   1.805   1.374   0.878   0
   1.95000005   1.873   1.801   1.368   0.869   0
   1.96032083   1.860   1.783   1.340   0.831   0
   1.96993351   1.826   1.747   1.301   0.790   2
   1.97524214   1.782   1.703   1.264   0.760   0
   1.97994626   1.689   1.615   1.201   0.720   0
   1.98309600   1.517   1.438   1.082   0.672   0
   1.98396432   1.367   1.276   0.975   0.632   0
   1.98442590   1.196   1.085   0.843   0.575   1
   1.98449647   1.249   1.143   0.890   0.609   0
   1.98460114   1.382   1.290   0.999   0.667   0
   1.98476386   1.448   1.365   1.022   0.626   0
   1.98500776   1.478   1.395   0.998   0.538   0
   1.98537350   1.559   1.463   1.008   0.488   0
   1.98605204   1.709   1.584   1.059   0.470   0
   1.98699546   1.924   1.754   1.154   0.500   0
   1.98788488   2.173   1.941   1.278   0.571   0
   1.98882449   2.478   2.178   1.449   0.688   0
   1.98954368   2.782   2.404   1.619   0.810   0
   1.99050283   3.108   2.641   1.794   0.933   0
   1.99124789   3.300   2.758   1.870   0.971   4
   1.99225712   3.358   2.746   1.817   0.884   0
   1.99291897   3.361   2.710   1.759   0.808   0
   1.99350703   3.327   2.649   1.684   0.719   0
   1.99421179   3.282   2.570   1.589   0.609   0
   1.99483025   3.230   2.492   1.499   0.506   0
   1.99530101   3.190   2.432   1.428   0.426   0
   1.99579239   3.149   2.367   1.352   0.340   0
   1.99628198   3.105   2.301   1.274   0.252   0
   1.99673665   3.062   2.236   1.199   0.169   0
   1.99718428   3.018   2.172   1.124   0.085   0
   1.99758732   2.977   2.113   1.056   0.010   0
   1.99795902   2.941   2.059   0.993  -0.060   0
   1.99829745   2.910   2.010   0.936  -0.124   0
   1.99862623   2.880   1.964   0.881  -0.186   0
   1.99894583   2.855   1.920   0.830  -0.246   0
   1.99929225   2.829   1.874   0.774  -0.311   0
   1.99967515   2.796   1.820   0.710  -0.384   0
   1.99994838   2.772   1.781   0.664  -0.436   0
   2.00000000   2.768   1.773   0.656  -0.447   0
   2.00000548   2.767   1.772   0.655  -0.448   1
   2.00077987   2.702   1.659   0.520  -0.603   0
   2.00148511   2.641   1.552   0.393  -0.747   0
   2.00220704   2.580   1.440   0.260  -0.900   0
   2.00283599   2.530   1.340   0.137  -1.042   0
   2.00344539   2.483   1.241   0.016  -1.184   0
   2.00407815   2.448   1.146  -0.103  -1.328   0
   2.00472164   2.408   1.049  -0.224  -1.472   0
   2.00549078   2.379   0.960  -0.337  -1.610   0
   2.00573874   2.374   0.945  -0.355  -1.631   2
   2.00633049   2.405   1.058  -0.210  -1.453   0
   2.00655174   2.444   1.156  -0.088  -1.307   0
   2.00671625   2.475   1.246   0.027  -1.167   0
   2.00688124   2.522   1.347   0.151  -1.022   0
   2.00707173   2.568   1.446   0.272  -0.880   0
   2.00731373   2.623   1.552   0.401  -0.731   0
   2.00788879   2.688   1.675   0.550  -0.558   0
   2.00790811   2.750   1.791   0.689  -0.396   0
   2.00793362   2.808   1.893   0.811  -0.254   0
   2.00797844   2.868   1.996   0.935  -0.113   0
   2.00808120   2.941   2.113   1.075   0.045   0
   2.00834465   3.023   2.234   1.215   0.202   0
   2.00891256   3.074   2.312   1.307   0.305   4
   2.06574416   2.874   2.118   1.115   0.119   0
   2.09302998   2.777   2.026   1.025   0.033   0
   2.14832354   2.582   1.824   0.820  -0.173   0
   2.18337035   2.460   1.673   0.655  -0.349   0
   2.19839525   2.399   1.555   0.508  -0.520   0
   2.20000005   2.390   1.535   0.483  -0.549   0
   2.20294833   2.372   1.497   0.435  -0.606   0
   2.20430303   2.334   1.403   0.313  -0.752   0
   2.20477533   2.294   1.305   0.189  -0.901   0
   2.20493722   2.254   1.207   0.066  -1.047   0
   2.20500779   2.217   1.124  -0.036  -1.168   0
   2.20507836   2.177   1.027  -0.159  -1.314   0
   2.20515609   2.134   0.924  -0.288  -1.466   0
   2.20847130   2.102   0.833  -0.404  -1.605   0
   2.21002173   2.068   0.739  -0.521  -1.747   0
   2.21088123   2.045   0.626  -0.670  -1.932   0
   2.21139526   2.038   0.540  -0.787  -2.081   0
   2.21183896   2.024   0.439  -0.921  -2.248   0
   2.21211362   2.049   0.375  -1.020  -2.385   0
   2.21235991   2.035   0.284  -1.142  -2.540   0
   2.21254301   2.033   0.212  -1.241  -2.669   0
   2.21270490   1.990   0.111  -1.365  -2.814   0
   2.21285272   2.033   0.059  -1.453  -2.942   0
   2.21299362   2.037   0.003  -1.538  -3.069   0
   2.21314836   1.957  -0.020  -1.572  -3.180   0
   2.21329618   1.867  -0.046  -1.607  -3.289   0
   2.21340871   1.771  -0.077  -1.646  -3.398   0
   2.21361279   1.662  -0.116  -1.690  -3.512   0
   2.21375346   1.552  -0.135  -1.715  -3.620   3
   2.21381688   1.518  -0.092  -1.681  -3.720   0
   2.21382380   1.536  -0.041  -1.634  -3.724   0
   2.21383381   1.527  -0.032  -1.626  -3.746   0
   2.21384335   1.518  -0.022  -1.618  -3.768   0
   2.21385288   1.509  -0.013  -1.611  -3.789   0
   2.21386242   1.499  -0.004  -1.603  -3.811   0
   2.21387196   1.489   0.005  -1.595  -3.832   0
   2.21388149   1.479   0.014  -1.588  -3.854   0
   2.21389103   1.468   0.023  -1.580  -3.875   0
   2.21390057   1.458   0.032  -1.572  -3.897   0
   2.21391010   1.447   0.041  -1.564  -3.918   0
   2.21391964   1.435   0.049  -1.556  -3.940   0
   2.21392918   1.423   0.058  -1.549  -3.961   0
   2.21393871   1.425   0.083  -1.522  -3.972   0
   2.21394825   1.437   0.118  -1.484  -3.976   0
   2.21395779   1.449   0.154  -1.445  -3.979   0
   2.21396708   1.460   0.189  -1.406  -3.983   0
   2.21397448   1.469   0.217  -1.376  -3.986   0
   2.21398354   1.480   0.251  -1.338  -3.990   0
   2.21399260   1.492   0.286  -1.301  -3.994   0
   2.21399975   1.500   0.313  -1.271  -3.997   0
   2.21400714   1.509   0.340  -1.241  -4.000   0
   2.21403170   1.522   0.373  -1.205  -3.999   0
   2.21406674   1.534   0.409  -1.167  -4.003   0
   2.21410155   1.546   0.444  -1.128  -4.007   0
   2.21413612   1.557   0.479  -1.090  -4.010   0
   2.21417046   1.569   0.515  -1.051  -4.014   0
   2.21420455   1.580   0.550  -1.013  -4.018   0
   2.21423864   1.592   0.585  -0.974  -4.022   0
   2.21427226   1.603   0.621  -0.935  -4.025   0
   2.21430564   1.615   0.656  -0.897  -4.029   0
   2.21433902   1.627   0.691  -0.858  -4.033   0
   2.21437216   1.643   0.733  -0.815  -4.031   0
   2.21440506   1.664   0.780  -0.768  -4.026   0
   2.21443772   1.684   0.826  -0.721  -4.021   1
   2.21447015   1.704   0.873  -0.674  -4.016   0
   2.21450233   1.724   0.919  -0.627  -4.011   0
   2.21453452   1.745   0.966  -0.580  -4.006   0
   2.21456623   1.765   1.013  -0.533  -4.001   0
   2.21459794   1.785   1.059  -0.486  -3.996   0
   2.21462917   1.806   1.106  -0.439  -3.991   0
   2.21466064   1.826   1.153  -0.392  -3.986   0
   2.21469140   1.847   1.199  -0.345  -3.981   0
   2.21472239   1.867   1.246  -0.298  -3.976   0
   2.21475267   1.888   1.293  -0.251  -3.971   0
   2.21478319   1.908   1.340  -0.203  -3.965   0
   2.21481323   1.929   1.387  -0.156  -3.960   0
   2.21484303   1.949   1.434  -0.109  -3.955   0
   2.21487284   1.970   1.481  -0.061  -3.950   1
   2.21490216   1.991   1.528  -0.014  -3.944   0
   2.21493149   2.003   1.566   0.022  -3.945   0
   2.21496058   2.006   1.594   0.046  -3.951   0
   2.21498942   2.009   1.622   0.070  -3.956   0
   2.21501803   2.012   1.650   0.094  -3.962   0
   2.21504641   2.015   1.677   0.118  -3.968   0
   2.21507454   2.019   1.706   0.142  -3.974   0
   2.21510243   2.022   1.734   0.166  -3.980   0
   2.21513033   2.025   1.762   0.191  -3.986   0
   2.21515775   2.029   1.790   0.215  -3.992   0
   2.21518493   2.032   1.818   0.239  -3.997   0
   2.21521211   2.036   1.847   0.264  -4.003   0
   2.21523857   2.040   1.877   0.290  -4.008   0
   2.21526003   2.045   1.903   0.313  -4.011   0
   2.21528220   2.053   1.937   0.342  -4.012   0
   2.21529531   2.064   1.967   0.370  -4.008   0
   2.21530032   2.075   1.990   0.390  -4.001   0
   2.21530223   2.086   2.010   0.409  -3.994   0
   2.21530414   2.098   2.031   0.429  -3.985   0
   2.21530581   2.111   2.054   0.450  -3.977   0
   2.21530771   2.125   2.079   0.473  -3.967   0
   2.21530962   2.140   2.106   0.499  -3.956   0
   2.21531129   2.157   2.136   0.526  -3.944   0
   2.21531320   2.175   2.169   0.557  -3.930   0
   2.21531510   2.193   2.198   0.584  -3.920   0
   2.21531677   2.212   2.230   0.613  -3.909   0
   2.21531868   2.234   2.267   0.647  -3.896   0
   2.21531868   2.235   2.267   0.647  -3.896   0
