   0.15000001  16.088  14.558  12.981  10.474   0
   0.20000000  14.914  13.504  12.004   9.730   0
   0.25000000  14.216  12.853  11.389   9.236   0
   0.30000001  13.702  12.361  10.912   8.877   0
   0.34999999  13.269  11.941  10.503   8.575   0
   0.40000001  12.833  11.515  10.088   8.244   0
   0.44999999  12.389  11.087   9.685   7.942   0
   0.50000000  11.908  10.619   9.246   7.622   0
   0.55000001  11.424  10.147   8.813   7.279   0
   0.60000002  10.946   9.684   8.397   6.938   0
   0.69999999   9.789   8.668   7.510   6.230   0
   0.75881791   8.901   7.980   6.929   5.792   0
   0.80000001   8.346   7.556   6.568   5.513   0
   0.88659149   7.200   6.702   5.845   4.953   0
   0.89999998   7.030   6.576   5.739   4.871   0
   0.91182733   6.896   6.473   5.653   4.801   0
   0.97431564   6.228   5.955   5.217   4.441   0
   1.00000000   5.979   5.756   5.049   4.302   0
   1.01078534   5.881   5.674   4.979   4.242   0
   1.05350304   5.503   5.358   4.708   4.010   0
   1.08776796   5.218   5.115   4.499   3.831   0
   1.10000002   5.126   5.033   4.428   3.769   0
   1.12360370   4.944   4.870   4.285   3.644   0
   1.14317620   4.798   4.737   4.169   3.543   0
   1.15975618   4.679   4.629   4.074   3.460   0
   1.17396212   4.581   4.540   3.996   3.391   0
   1.18623281   4.500   4.466   3.931   3.334   0
   1.19343007   4.455   4.424   3.894   3.301   0
   1.20000005   4.415   4.387   3.861   3.272   0
   1.21225357   4.336   4.313   3.796   3.215   0
   1.24589550   4.144   4.127   3.630   3.067   0
   1.28781664   3.928   3.915   3.436   2.892   0
   1.29999995   3.870   3.857   3.382   2.842   0
   1.33113098   3.725   3.713   3.248   2.718   0
   1.39661384   3.453   3.436   2.983   2.463   0
   1.39999998   3.439   3.422   2.969   2.450   0
   1.40160060   3.433   3.416   2.963   2.444   1
   1.45747352   3.231   3.205   2.749   2.228   0
   1.50000000   3.098   3.060   2.594   2.062   0
   1.50654089   3.080   3.040   2.572   2.038   0
   1.53831959   3.007   2.956   2.471   1.919   0
   1.56611240   2.961   2.899   2.391   1.818   0
   1.59048545   2.948   2.864   2.330   1.734   0
   1.60000002   2.942   2.849   2.306   1.701   0
   1.60102034   2.942   2.847   2.303   1.697   0
   1.61161411   2.924   2.822   2.269   1.656   0
   1.61916232   2.892   2.787   2.232   1.617   2
   1.62332904   2.850   2.746   2.195   1.584   0
   1.62693751   2.764   2.669   2.132   1.533   0
   1.62933195   2.584   2.510   2.011   1.445   0
   1.62998927   2.434   2.367   1.900   1.368   0
   1.63033688   2.250   2.190   1.763   1.270   0
   1.63040996   2.321   2.261   1.824   1.320   0
   1.63061297   2.484   2.409   1.919   1.363   0
   1.63123274   2.588   2.469   1.911   1.293   3
   1.63274574   2.804   2.626   1.995   1.313   0
   1.63442922   3.073   2.824   2.127   1.391   0
   1.63587725   3.383   3.053   2.295   1.507   0
   1.63699687   3.656   3.253   2.446   1.615   0
   1.63840687   3.942   3.449   2.586   1.706   0
   1.63899708   4.036   3.503   2.618   1.718   4
   1.64099109   4.105   3.482   2.547   1.602   0
   1.64252663   4.029   3.358   2.398   1.431   0
   1.64400136   3.922   3.209   2.228   1.242   0
   1.64527023   3.817   3.069   2.071   1.068   0
   1.64639342   3.715   2.935   1.922   0.905   0
   1.64746368   3.622   2.809   1.778   0.747   0
   1.64854228   3.524   2.675   1.627   0.581   0
   1.64958012   3.432   2.547   1.482   0.421   0
   1.65056849   3.353   2.429   1.345   0.268   0
   1.65153039   3.277   2.311   1.207   0.111   0
   1.65243292   3.203   2.195   1.072  -0.042   0
   1.65334070   3.132   2.077   0.934  -0.199   0
   1.65417242   3.065   1.966   0.803  -0.348   0
   1.65504694   2.997   1.851   0.667  -0.502   0
   1.65613174   2.938   1.742   0.537  -0.651   0
   1.65657330   2.922   1.713   0.502  -0.691   2
   1.65740585   2.988   1.847   0.666  -0.501   0
   1.65771806   3.063   1.976   0.818  -0.328   0
   1.65804565   3.132   2.098   0.964  -0.160   0
   1.65821147   3.158   2.144   1.018  -0.097   1
   1.65890765   3.091   2.032   0.887  -0.247   0
   1.65980721   3.020   1.915   0.750  -0.403   0
   1.66070116   2.951   1.798   0.612  -0.559   0
   1.66156816   2.893   1.689   0.481  -0.710   0
   1.66248322   2.838   1.572   0.337  -0.879   0
   1.66325939   2.794   1.467   0.208  -1.033   0
   1.66393661   2.754   1.370   0.087  -1.178   0
   1.66461325   2.717   1.265  -0.045  -1.337   0
   1.66519153   2.685   1.167  -0.168  -1.485   0
   1.66569459   2.662   1.077  -0.284  -1.627   0
   1.66612768   2.649   1.000  -0.387  -1.757   0
   1.66655576   2.634   0.917  -0.498  -1.898   0
   1.66692317   2.622   0.841  -0.599  -2.027   0
   1.66728115   2.606   0.756  -0.712  -2.169   0
   1.66758788   2.610   0.681  -0.816  -2.305   0
   1.66785026   2.628   0.639  -0.887  -2.417   0
   1.66808009   2.562   0.616  -0.921  -2.518   0
   1.66830051   2.483   0.588  -0.960  -2.626   0
   1.66851175   2.394   0.557  -1.001  -2.735   0
   1.66866481   2.310   0.516  -1.047  -2.831   0
   1.66884339   2.209   0.475  -1.094  -2.939   0
   1.66898489   2.120   0.446  -1.128  -3.036   3
   1.66912854   2.085   0.474  -1.110  -3.132   0
   1.66924679   2.057   0.515  -1.078  -3.216   0
   1.66936028   2.015   0.540  -1.060  -3.305   0
   1.66946924   1.971   0.566  -1.039  -3.391   0
   1.66956651   1.936   0.596  -1.008  -3.463   0
   1.66961050   1.951   0.651  -0.948  -3.473   0
   1.66961050   2.923   2.009   0.927  -0.136   0
   1.67058849   2.901   1.951   0.852  -0.226   0
   1.67095995   2.896   1.943   0.844  -0.236   2
   1.67232227   2.890   1.946   0.850  -0.225   0
   1.67406774   2.883   1.945   0.853  -0.220   0
   1.67581356   2.870   1.936   0.845  -0.225   0
   1.67758918   2.863   1.934   0.846  -0.222   0
   1.67934000   2.852   1.929   0.843  -0.222   0
   1.68112111   2.845   1.924   0.839  -0.225   0
   1.68293571   2.835   1.918   0.835  -0.227   0
   1.68480825   2.827   1.914   0.832  -0.228   0
   1.68668199   2.819   1.907   0.827  -0.232   0
   1.68853736   2.809   1.899   0.820  -0.239   0
   1.69036579   2.802   1.893   0.813  -0.245   0
   1.69108689   2.797   1.889   0.811  -0.247   0
   1.69224703   2.792   1.884   0.805  -0.253   0
   1.69414198   2.784   1.874   0.794  -0.264   0
   1.69621241   2.774   1.861   0.780  -0.280   0
   1.69815648   2.764   1.845   0.761  -0.300   0
   1.70080245   2.749   1.818   0.728  -0.339   0
   1.70173311   2.743   1.803   0.709  -0.362   0
   1.70328796   2.738   1.783   0.682  -0.396   0
   1.70810771   2.676   1.637   0.499  -0.615   0
   1.70841014   2.654   1.586   0.436  -0.690   0
   1.70864618   2.620   1.489   0.312  -0.839   0
   1.70871878   2.587   1.410   0.213  -0.955   0
   1.70877790   2.539   1.264   0.025  -1.183   0
   1.70880759   2.513   1.159  -0.112  -1.354   0
   1.70884240   2.492   1.053  -0.251  -1.527   0
   1.70888114   2.478   0.991  -0.331  -1.626   0
   1.70909965   2.501   1.095  -0.196  -1.459   0
   1.70929682   2.495   1.114  -0.168  -1.421   1
   1.70987105   2.478   1.032  -0.274  -1.553   0
   1.71031559   2.463   0.933  -0.407  -1.718   0
   1.71053386   2.458   0.852  -0.517  -1.858   0
   1.71073568   2.450   0.767  -0.633  -2.007   0
   1.71091247   2.468   0.695  -0.740  -2.155   0
   1.71105909   2.462   0.608  -0.859  -2.308   0
   1.71117055   2.496   0.552  -0.950  -2.438   0
   1.71126091   2.497   0.490  -1.044  -2.579   0
   1.71132636   2.423   0.474  -1.072  -2.687   0
   1.71138000   2.329   0.439  -1.117  -2.806   0
   1.71142197   2.234   0.397  -1.166  -2.916   0
   1.71146393   2.134   0.369  -1.201  -3.023   0
   1.71150529   2.030   0.349  -1.227  -3.130   0
   1.71154428   2.008   0.399  -1.187  -3.217   0
   1.71159375   1.956   0.425  -1.170  -3.329   0
   1.71164334   1.924   0.488  -1.115  -3.422   0
   1.71169543   1.868   0.510  -1.097  -3.520   2
   1.71174896   1.917   0.681  -0.909  -3.549   0
   1.71175289   1.973   0.806  -0.775  -3.537   0
   1.71176016   1.998   0.883  -0.691  -3.546   0
   1.71176648   2.012   0.925  -0.645  -3.550   0
   1.71177280   2.026   0.968  -0.598  -3.555   0
   1.71177912   2.039   1.011  -0.552  -3.560   0
   1.71178555   2.053   1.053  -0.505  -3.564   0
   1.71179056   2.065   1.088  -0.467  -3.568   0
   1.71179700   2.079   1.132  -0.419  -3.573   0
   1.71180332   2.096   1.179  -0.369  -3.575   0
   1.71180964   2.121   1.236  -0.311  -3.569   1
   1.71181607   2.146   1.294  -0.253  -3.563   0
   1.71182239   2.171   1.352  -0.195  -3.557   0
   1.71182752   2.191   1.398  -0.149  -3.552   0
   1.71183372   2.216   1.455  -0.091  -3.546   0
   1.71183968   2.240   1.510  -0.036  -3.540   0
   1.71184552   2.263   1.565   0.019  -3.534   0
   1.71185148   2.287   1.619   0.075  -3.528   0
   1.71185732   2.311   1.674   0.130  -3.523   2
   1.71186328   2.335   1.729   0.185  -3.517   0
   1.71186912   2.359   1.784   0.241  -3.511   0
   1.71187925   2.383   1.837   0.294  -3.504   0
   1.71189559   2.407   1.892   0.350  -3.497   0
   1.71191156   2.431   1.947   0.405  -3.491   0
   1.71192753   2.456   2.003   0.461  -3.485   0
   1.71194339   2.462   2.038   0.492  -3.490   0
   1.71195936   2.466   2.071   0.521  -3.497   0
   1.71197498   2.469   2.104   0.549  -3.504   0
   1.71199048   2.473   2.137   0.577  -3.511   0
   1.71200597   2.477   2.170   0.606  -3.518   0
   1.71202147   2.481   2.204   0.634  -3.525   0
   1.71203685   2.485   2.237   0.664  -3.532   0
   1.71205187   2.489   2.271   0.692  -3.539   0
   1.71206689   2.493   2.304   0.721  -3.545   0
   1.71208191   2.497   2.338   0.751  -3.552   0
   1.71209693   2.502   2.373   0.780  -3.559   0
   1.71211171   2.506   2.408   0.810  -3.565   0
   1.71212530   2.512   2.443   0.841  -3.570   0
   1.71213770   2.522   2.482   0.876  -3.572   0
   1.71214747   2.562   2.568   0.953  -3.551   0
   1.71214998   2.608   2.644   1.023  -3.526   0
   1.71215034   2.620   2.665   1.043  -3.519   0
   1.71215034   2.626   2.675   1.052  -3.516   0
   1.71215034   2.633   2.687   1.062  -3.512   0
   1.71215034   2.641   2.700   1.074  -3.508   0
   1.71215034   2.650   2.714   1.087  -3.503   0
   1.71215034   2.657   2.726   1.098  -3.499   0
