   0.15000001  16.096  14.564  12.987  10.478   0
   0.20000000  14.928  13.516  12.015   9.740   0
   0.25000000  14.235  12.872  11.406   9.253   0
   0.30000001  13.728  12.385  10.936   8.900   0
   0.34999999  13.294  11.966  10.528   8.600   0
   0.40000001  12.858  11.541  10.114   8.271   0
   0.44999999  12.405  11.103   9.700   7.955   0
   0.50000000  11.928  10.640   9.266   7.639   0
   0.55000001  11.446  10.170   8.835   7.298   0
   0.60000002  10.971   9.711   8.423   6.962   0
   0.69999999   9.835   8.712   7.553   6.271   0
   0.80000001   8.482   7.658   6.655   5.579   0
   0.89999998   7.214   6.715   5.858   4.966   0
   1.00000000   6.191   5.931   5.200   4.431   0
   1.10000002   5.371   5.259   4.631   3.953   0
   1.20000005   4.683   4.652   4.112   3.512   0
   1.29999995   4.132   4.138   3.673   3.143   0
   1.39999998   3.660   3.676   3.276   2.815   0
   1.50000000   3.263   3.270   2.935   2.552   0
   1.60000002   2.900   2.878   2.610   2.320   0
   1.70000005   2.586   2.534   2.328   2.123   0
   1.79999995   2.303   2.234   2.084   1.950   0
   1.87427759   2.107   2.042   1.927   1.832   0
   1.89999998   2.041   1.979   1.875   1.792   0
   1.95000005   1.920   1.863   1.780   1.718   0
   2.00000000   1.803   1.757   1.689   1.643   0
   2.20000005   1.362   1.373   1.357   1.359   0
   2.32692742   1.109   1.161   1.169   1.192   0
   2.50000000   0.781   0.890   0.924   0.965   0
   2.67264056   0.477   0.638   0.691   0.747   0
   2.92193627   0.059   0.288   0.360   0.429   0
   3.00000000  -0.068   0.179   0.255   0.327   0
   3.14387941  -0.292  -0.014   0.070   0.146   0
   3.31551290  -0.560  -0.253  -0.162  -0.082   0
   3.45864081  -0.790  -0.466  -0.371  -0.290   0
   3.50000000  -0.859  -0.531  -0.436  -0.355   0
   3.59504175  -1.017  -0.686  -0.589  -0.508   1
   3.70055985  -1.199  -0.872  -0.776  -0.698   0
   3.79093647  -1.360  -1.048  -0.954  -0.879   0
   3.86847377  -1.506  -1.216  -1.125  -1.056   0
   3.93500638  -1.638  -1.378  -1.290  -1.228   0
   3.96463943  -1.698  -1.453  -1.368  -1.309   0
   3.99202394  -1.757  -1.525  -1.442  -1.386   0
   4.00000000  -1.776  -1.545  -1.462  -1.407   0
   4.01074314  -1.802  -1.572  -1.489  -1.434   0
   4.02345085  -1.840  -1.599  -1.514  -1.457   0
   4.03241205  -1.877  -1.608  -1.518  -1.455   3
   4.03844881  -1.924  -1.592  -1.493  -1.419   0
   4.04015017  -1.964  -1.582  -1.474  -1.392   0
   4.04107094  -2.015  -1.583  -1.467  -1.375   0
   4.04121828  -1.989  -1.564  -1.449  -1.358   0
   4.04146338  -1.905  -1.525  -1.418  -1.335   0
   4.04173756  -1.926  -1.600  -1.501  -1.429   0
   4.04210567  -2.016  -1.745  -1.655  -1.595   0
   4.04245520  -2.067  -1.845  -1.764  -1.714   0
   4.04287052  -2.100  -1.932  -1.861  -1.823   0
   4.04335213  -2.117  -2.011  -1.952  -1.928   0
   4.04386997  -2.111  -2.075  -2.034  -2.030   0
   4.04444265  -2.082  -2.123  -2.109  -2.134   0
   4.04483986  -2.041  -2.137  -2.150  -2.202   0
   4.04524612  -1.980  -2.130  -2.181  -2.272   0
   4.04566145  -1.888  -2.086  -2.190  -2.339   3
   4.04607630  -1.770  -1.986  -2.168  -2.401   0
   4.04649115  -1.616  -1.821  -2.113  -2.459   0
   4.04670286  -1.515  -1.717  -2.068  -2.481   0
   4.04690552  -1.386  -1.592  -2.014  -2.499   0
   4.04711723  -1.220  -1.443  -1.947  -2.510   0
   4.04732037  -1.003  -1.268  -1.865  -2.511   0
   4.04751348  -0.729  -1.074  -1.766  -2.490   0
   4.04771614  -0.455  -0.885  -1.659  -2.448   0
   4.04811144   0.079  -0.518  -1.419  -2.307   0
   4.04849768   0.554  -0.197  -1.194  -2.160   0
   4.04869080   0.737  -0.096  -1.135  -2.138   4
   4.04907036   0.893  -0.091  -1.206  -2.274   0
   4.04945946   0.934  -0.183  -1.356  -2.480   0
   4.04982948   0.938  -0.264  -1.473  -2.631   0
   4.05033827   0.956  -0.335  -1.580  -2.771   0
   4.05094814   0.935  -0.429  -1.703  -2.924   0
   4.05151176   0.929  -0.507  -1.809  -3.059   0
   4.05206585   0.921  -0.587  -1.916  -3.194   0
   4.05264759   0.910  -0.671  -2.029  -3.334   0
   4.05321074   0.902  -0.753  -2.139  -3.472   0
   4.05377293   0.899  -0.828  -2.242  -3.602   0
   4.05503559   0.913  -0.874  -2.310  -3.695   2
   4.06017590   0.894  -0.814  -2.220  -3.571   0
   4.06308460   0.878  -0.743  -2.116  -3.435   0
   4.06546831   0.878  -0.658  -1.998  -3.284   0
   4.06767321   0.884  -0.568  -1.876  -3.131   0
   4.06961584   0.893  -0.488  -1.769  -2.995   0
   4.07176256   0.908  -0.406  -1.660  -2.860   0
   4.07478476   0.934  -0.305  -1.529  -2.701   0
   4.07844782   0.905  -0.244  -1.429  -2.566   0
   4.08425760   0.878  -0.188  -1.338  -2.441   0
   4.09399700   0.748  -0.219  -1.326  -2.384   4
   4.13869047   0.261  -0.576  -1.615  -2.611   0
   4.18878603  -0.053  -0.836  -1.847  -2.816   0
   4.20338726  -0.121  -0.898  -1.904  -2.869   1
   4.26242590   0.315  -0.680  -1.799  -2.859   0
   4.28543901   0.639  -0.569  -1.779  -2.931   4
   4.28740072   0.688  -0.606  -1.853  -3.038   0
   4.28770494   0.697  -0.646  -1.912  -3.117   0
   4.28791618   0.700  -0.721  -2.018  -3.255   0
   4.28809261   0.703  -0.787  -2.110  -3.374   0
   4.29025936   0.724  -0.896  -2.268  -3.581   0
   4.29101849   0.737  -0.971  -2.376  -3.721   0
   4.29176950   0.755  -1.027  -2.461  -3.839   0
   4.29273701   0.772  -1.103  -2.574  -3.990   0
   4.29355001   0.789  -1.172  -2.675  -4.126   0
   4.29439688   0.818  -1.247  -2.789  -4.282   0
   4.29509640   0.802  -1.297  -2.867  -4.420   0
   4.29582310   0.668  -1.332  -2.914  -4.574   0
   4.29624939   0.567  -1.353  -2.939  -4.675   0
   4.29662609   0.456  -1.374  -2.963  -4.774   0
   4.29710770   0.305  -1.388  -2.980  -4.918   0
   4.29744959   0.241  -1.370  -2.970  -5.036   0
   4.29772854   0.181  -1.355  -2.959  -5.136   0
   4.29795122   0.128  -1.351  -2.956  -5.216   0
   4.29816055   0.072  -1.339  -2.946  -5.299   2
   4.29834890   0.057  -1.261  -2.863  -5.357   0
   4.29850197   0.094  -1.138  -2.728  -5.375   0
   4.29864836   0.125  -1.029  -2.608  -5.393   0
   4.29880142   0.168  -0.907  -2.475  -5.401   0
   4.29901743   0.075  -1.185  -2.779  -5.375   3
   4.29904509   0.080  -1.181  -2.775  -5.371   0
   4.29907322   0.113  -1.069  -2.652  -5.388   0
   4.29909372   0.150  -0.959  -2.532  -5.398   0
   4.29917049   0.199  -0.814  -2.375  -5.410   0
   4.29921913   0.239  -0.709  -2.260  -5.413   0
   4.29928398   0.262  -0.648  -2.195  -5.413   0
   4.29934931   0.293  -0.576  -2.123  -5.406   0
   4.29941416   0.324  -0.505  -2.051  -5.399   0
   4.29947901   0.355  -0.433  -1.979  -5.391   0
   4.29954386   0.386  -0.362  -1.907  -5.384   1
   4.29960918   0.417  -0.290  -1.835  -5.376   0
   4.29966116   0.442  -0.232  -1.777  -5.370   0
   4.29972601   0.471  -0.166  -1.711  -5.363   0
   4.29979086   0.488  -0.128  -1.672  -5.357   0
   4.29985571   0.500  -0.102  -1.646  -5.354   0
   4.29992104   0.510  -0.078  -1.621  -5.352   0
   4.29998589   0.521  -0.053  -1.597  -5.349   0
   4.30012035   0.534  -0.024  -1.567  -5.345   0
   4.30053329   0.560   0.034  -1.509  -5.339   0
   4.30094814   0.585   0.091  -1.452  -5.332   0
   4.30136585   0.609   0.146  -1.396  -5.326   1
   4.30178642   0.622   0.188  -1.357  -5.327   0
   4.30221176   0.625   0.218  -1.331  -5.333   0
   4.30264187   0.629   0.248  -1.304  -5.339   0
   4.30309916   0.633   0.283  -1.275  -5.346   0
   4.30359125   0.639   0.320  -1.242  -5.352   0
   4.30381346   0.644   0.339  -1.226  -5.352   0
   4.30390739   0.647   0.348  -1.217  -5.351   0
   4.30395174   0.651   0.354  -1.212  -5.348   0
   4.30397320   0.653   0.358  -1.208  -5.346   0
   4.30398321   0.656   0.361  -1.206  -5.344   0
   4.30399132   0.658   0.363  -1.203  -5.341   0
   4.30399942   0.661   0.366  -1.200  -5.339   0
   4.30400753   0.664   0.369  -1.197  -5.336   0
   4.30401564   0.666   0.372  -1.194  -5.333   0
   4.30402374   0.669   0.375  -1.191  -5.330   0
   4.30403185   0.673   0.379  -1.187  -5.327   0
   4.30403996   0.676   0.383  -1.184  -5.323   0
   4.30404758   0.681   0.387  -1.179  -5.319   0
   4.30405569   0.688   0.393  -1.173  -5.312   0
   4.30406380   0.700   0.404  -1.162  -5.299   0
   4.30407190   0.713   0.415  -1.151  -5.286   0
   4.30408001   0.726   0.428  -1.138  -5.272   0
   4.30408812   0.740   0.440  -1.126  -5.257   0
   4.30409622   0.750   0.449  -1.117  -5.247   0
   4.30410433   0.761   0.458  -1.107  -5.236   0
   4.30411243   0.772   0.468  -1.097  -5.224   0
   4.30412054   0.784   0.479  -1.086  -5.211   0
   4.30412865   0.797   0.490  -1.074  -5.198   0
   4.30413675   0.812   0.503  -1.061  -5.183   0
   4.30414486   0.827   0.516  -1.047  -5.166   0
   4.30415297   0.845   0.531  -1.032  -5.148   0
   4.30416346   0.864   0.548  -1.015  -5.128   0
