   0.15000001  16.054  14.529  12.956  10.457   0
   0.20000000  14.855  13.450  11.954   9.687   0
   0.25000000  14.132  12.775  11.314   9.165   0
   0.30000001  13.601  12.260  10.811   8.781   0
   0.34999999  13.165  11.836  10.398   8.473   0
   0.40000001  12.788  11.472  10.047   8.211   0
   0.40683255  12.721  11.407   9.985   8.164   0
   0.43165600  12.488  11.182   9.774   8.005   0
   0.44234440  12.392  11.088   9.686   7.939   0
   0.46455002  12.158  10.861   9.473   7.783   0
   0.50000000  11.829  10.540   9.170   7.563   0
   0.55000001  11.327  10.051   8.725   7.205   0
   0.56067634  11.212   9.939   8.626   7.123   0
   0.60000002  10.815   9.555   8.280   6.840   0
   0.63504952  10.353   9.150   7.927   6.560   0
   0.68990600   9.621   8.529   7.390   6.136   0
   0.69999999   9.482   8.419   7.295   6.061   0
   0.70651388   9.369   8.332   7.221   6.005   0
   0.74327457   8.717   7.833   6.801   5.689   0
   0.77502650   8.174   7.426   6.455   5.425   0
   0.80000001   7.755   7.111   6.186   5.218   0
   0.81752676   7.479   6.901   6.007   5.073   0
   0.84075332   7.117   6.624   5.769   4.880   0
   0.86184597   6.796   6.376   5.555   4.704   0
   0.88123316   6.518   6.155   5.366   4.544   0
   0.89946425   6.265   5.949   5.188   4.391   0
   0.89999998   6.257   5.943   5.183   4.387   0
   0.91213799   6.085   5.801   5.057   4.276   0
   0.92577934   5.894   5.640   4.913   4.149   0
   0.93224913   5.814   5.569   4.849   4.091   0
   0.93818128   5.739   5.502   4.789   4.036   0
   0.94554323   5.647   5.419   4.713   3.967   0
   0.94772780   5.621   5.396   4.692   3.947   0
   0.94974428   5.600   5.377   4.674   3.930   0
   0.95819587   5.511   5.294   4.597   3.857   0
   0.96504402   5.436   5.224   4.531   3.795   0
   0.99544376   5.099   4.893   4.208   3.480   0
   1.00000000   5.060   4.848   4.157   3.424   0
   1.01212406   4.958   4.724   4.019   3.274   0
   1.02399230   5.004   4.686   3.925   3.132   3
   1.02979052   5.223   4.791   3.959   3.105   0
   1.03320265   5.502   4.938   4.039   3.116   0
   1.03650784   5.647   4.969   4.012   3.030   0
   1.03893816   5.609   4.874   3.889   2.878   0
   1.04070735   5.508   4.745   3.745   2.719   0
   1.04219997   5.386   4.601   3.591   2.555   0
   1.04345489   5.263   4.462   3.442   2.399   0
   1.04456568   5.142   4.323   3.294   2.244   0
   1.04554689   5.021   4.184   3.146   2.090   0
   1.04641056   4.903   4.048   3.000   1.936   0
   1.04715228   4.790   3.914   2.856   1.784   0
   1.04784131   4.684   3.784   2.714   1.631   0
   1.04841316   4.585   3.661   2.580   1.486   0
   1.04894924   4.488   3.537   2.443   1.337   0
   1.04937792   4.401   3.422   2.315   1.198   0
   1.04980421   4.309   3.299   2.178   1.048   0
   1.05018508   4.216   3.174   2.038   0.895   0
   1.05052304   4.134   3.061   1.911   0.755   0
   1.05084896   4.056   2.947   1.781   0.612   0
   1.05125105   3.985   2.849   1.672   0.491   0
   1.05157459   4.051   2.960   1.802   0.640   0
   1.05162525   4.062   2.978   1.823   0.665   1
   1.05186427   3.986   2.866   1.695   0.522   0
   1.05211616   3.908   2.751   1.563   0.375   0
   1.05237079   3.834   2.630   1.422   0.216   0
   1.05260754   3.768   2.508   1.277   0.047   0
   1.05280578   3.709   2.397   1.144  -0.107   0
   1.05300140   3.644   2.272   0.994  -0.281   0
   1.05314577   3.595   2.172   0.874  -0.421   0
   1.05329001   3.543   2.062   0.740  -0.579   0
   1.05341113   3.501   1.953   0.605  -0.739   0
   1.05351686   3.474   1.862   0.489  -0.883   0
   1.05359685   3.450   1.782   0.386  -1.010   0
   1.05368710   3.434   1.696   0.271  -1.156   0
   1.05375409   3.411   1.610   0.159  -1.294   0
   1.05382121   3.378   1.511   0.036  -1.444   0
   1.05387020   3.386   1.447  -0.057  -1.568   0
   1.05392444   3.324   1.398  -0.125  -1.700   0
   1.05397344   3.244   1.364  -0.172  -1.821   0
   1.05401218   3.162   1.331  -0.216  -1.931   0
   1.05405343   3.056   1.300  -0.258  -2.061   0
   1.05408442   2.951   1.257  -0.308  -2.177   0
   1.05411279   2.885   1.251  -0.323  -2.285   0
   1.05413866   2.835   1.263  -0.322  -2.397   0
   1.05416191   2.792   1.290  -0.304  -2.500   0
   1.05418515   2.752   1.344  -0.260  -2.606   0
   1.05420315   2.695   1.352  -0.253  -2.701   2
   1.05422127   2.802   1.593   0.006  -2.682   0
   1.05423677   2.794   1.659   0.082  -2.737   0
   1.05425227   2.833   1.803   0.241  -2.765   0
   1.05426514   2.909   1.993   0.445  -2.761   0
   1.05427802   3.019   2.230   0.684  -2.726   0
   1.05428839   3.118   2.442   0.898  -2.693   0
   1.05429876   3.226   2.672   1.129  -2.655   0
   1.05430651   3.362   2.943   1.396  -2.592   0
   1.05431163   3.386   3.031   1.474  -2.591   2
   1.05431163   3.378   2.308   1.157   0.028   1
   1.05440986   3.370   2.255   1.086  -0.061   0
   1.05455422   3.376   2.246   1.070  -0.084   0
   1.05458689   3.371   2.245   1.070  -0.081   0
   1.05474639   3.347   2.240   1.074  -0.069   0
   1.05490935   3.336   2.242   1.081  -0.057   0
   1.05507648   3.327   2.242   1.085  -0.048   0
   1.05524707   3.321   2.243   1.089  -0.040   0
   1.05542052   3.315   2.245   1.094  -0.033   0
   1.05559671   3.308   2.244   1.095  -0.028   0
   1.05578172   3.303   2.244   1.097  -0.024   0
   1.05596399   3.295   2.241   1.098  -0.021   0
   1.05614221   3.289   2.239   1.097  -0.020   0
   1.05623555   3.286   2.237   1.095  -0.021   0
   1.05627012   3.285   2.236   1.095  -0.021   0
   1.05639648   3.282   2.233   1.092  -0.024   0
   1.05643964   3.280   2.231   1.090  -0.026   0
   1.05661786   3.274   2.223   1.080  -0.037   0
   1.05679810   3.270   2.212   1.066  -0.054   0
   1.05698621   3.263   2.193   1.043  -0.082   0
   1.05722225   3.265   2.168   1.006  -0.130   0
   1.05732441   3.244   2.139   0.973  -0.166   0
   1.05746603   3.232   2.102   0.925  -0.225   0
   1.05770147   3.210   2.018   0.814  -0.360   0
   1.05773354   3.195   1.955   0.730  -0.463   0
   1.05775690   3.182   1.855   0.596  -0.635   0
   1.05776370   3.185   1.785   0.496  -0.766   0
   1.05776918   3.150   1.626   0.289  -1.021   0
   1.05777156   3.156   1.542   0.171  -1.174   0
   1.05777431   3.176   1.466   0.055  -1.335   0
   1.05777848   3.189   1.404  -0.037  -1.461   0
   1.05778909   3.173   1.465   0.056  -1.333   0
   1.05780602   3.172   1.496   0.099  -1.276   1
   1.05788302   3.178   1.426  -0.001  -1.409   0
   1.05792046   3.204   1.337  -0.135  -1.594   0
   1.05794370   3.244   1.272  -0.241  -1.745   0
   1.05796373   3.199   1.241  -0.298  -1.886   0
   1.05798030   3.096   1.207  -0.345  -2.024   0
   1.05799305   2.994   1.170  -0.391  -2.145   0
   1.05800474   2.866   1.144  -0.426  -2.282   0
   1.05801129   2.797   1.158  -0.422  -2.392   0
   1.05801630   2.763   1.197  -0.392  -2.490   0
   1.05802095   2.752   1.298  -0.303  -2.580   0
   1.05802524   2.679   1.289  -0.316  -2.692   2
   1.05802965   2.717   1.440  -0.156  -2.723   0
   1.05803394   2.797   1.643   0.064  -2.722   0
   1.05803847   2.839   1.786   0.220  -2.745   0
   1.05804288   2.937   2.012   0.464  -2.728   0
   1.05804753   3.106   2.332   0.786  -2.648   0
   1.05805314   3.172   2.504   0.959  -2.643   0
   1.05805683   3.345   2.832   1.289  -2.560   0
   1.05805767   3.150   2.463   0.918  -2.654   0
   1.05805814   3.330   2.807   1.264  -2.569   1
   1.05805838   3.466   3.100   1.545  -2.508   0
   1.05805898   3.538   3.316   1.738  -2.489   0
   1.05805910   3.539   3.320   1.741  -2.488   0
   1.05805981   3.542   3.348   1.766  -2.494   0
   1.05806053   3.545   3.376   1.790  -2.500   0
   1.05806112   3.548   3.404   1.814  -2.507   0
   1.05806184   3.551   3.432   1.838  -2.513   0
   1.05806255   3.555   3.461   1.863  -2.519   0
   1.05806327   3.558   3.489   1.887  -2.525   0
   1.05806398   3.561   3.517   1.911  -2.531   0
   1.05806470   3.564   3.546   1.936  -2.537   0
   1.05806541   3.565   3.568   1.955  -2.547   0
   1.05806613   3.563   3.585   1.967  -2.561   0
   1.05806684   3.561   3.601   1.979  -2.575   0
   1.05806744   3.559   3.617   1.992  -2.589   0
   1.05806804   3.558   3.631   2.002  -2.600   0
   1.05806875   3.557   3.648   2.016  -2.614   0
   1.05806947   3.557   3.667   2.031  -2.627   0
   1.05807006   3.559   3.688   2.048  -2.637   0
   1.05807066   3.572   3.725   2.079  -2.640   0
   1.05807066   3.595   3.766   2.116  -2.628   0
   1.05807066   3.611   3.793   2.141  -2.620   0
