   0.15000001  16.093  14.561  12.985  10.476   0
   0.20000000  14.922  13.510  12.010   9.735   0
   0.25000000  14.226  12.863  11.398   9.245   0
   0.30000001  13.715  12.374  10.925   8.889   0
   0.34999999  13.282  11.954  10.517   8.589   0
   0.40000001  12.841  11.524  10.097   8.253   0
   0.40844923  12.760  11.446  10.023   8.196   0
   0.44999999  12.398  11.096   9.694   7.949   0
   0.50000000  11.918  10.630   9.256   7.630   0
   0.55000001  11.436  10.159   8.825   7.289   0
   0.60000002  10.961   9.700   8.412   6.951   0
   0.69999999   9.825   8.699   7.538   6.254   0
   0.80000001   8.411   7.606   6.611   5.547   0
   0.88981462   7.245   6.737   5.876   4.980   0
   0.89999998   7.124   6.647   5.800   4.920   0
   0.91936266   6.907   6.482   5.660   4.807   0
   1.00000000   6.090   5.849   5.130   4.372   0
   1.06208074   5.558   5.409   4.756   4.054   0
   1.10000002   5.255   5.154   4.538   3.869   0
   1.11984527   5.109   5.024   4.426   3.773   0
   1.16183341   4.815   4.761   4.199   3.578   0
   1.19370818   4.603   4.572   4.036   3.438   0
   1.20000005   4.562   4.535   4.004   3.411   0
   1.24327886   4.300   4.289   3.790   3.227   0
   1.27578616   4.121   4.118   3.641   3.100   0
   1.28399956   4.077   4.076   3.605   3.069   0
   1.29999995   3.996   3.998   3.537   3.011   0
   1.39999998   3.520   3.527   3.125   2.659   0
   1.41623473   3.450   3.456   3.062   2.608   0
   1.50000000   3.107   3.105   2.752   2.345   0
   1.55833328   2.890   2.876   2.549   2.177   0
   1.60000002   2.746   2.723   2.409   2.054   0
   1.65112889   2.575   2.540   2.243   1.910   0
   1.70000005   2.419   2.375   2.087   1.767   0
   1.72876740   2.329   2.280   1.997   1.684   0
   1.79327786   2.137   2.078   1.800   1.492   1
   1.79999995   2.118   2.059   1.780   1.471   0
   1.85046065   1.977   1.912   1.631   1.317   0
   1.89957571   1.852   1.784   1.490   1.159   0
   1.89999998   1.851   1.783   1.489   1.158   0
   1.90159464   1.847   1.779   1.485   1.153   0
   1.94334912   1.758   1.690   1.375   1.015   0
   1.95000005   1.746   1.678   1.358   0.992   0
   1.97970462   1.700   1.632   1.288   0.890   0
   2.00000000   1.679   1.609   1.243   0.820   0
   2.01288867   1.665   1.594   1.215   0.776   0
   2.02767730   1.648   1.576   1.182   0.725   0
   2.04158092   1.624   1.550   1.144   0.673   0
   2.05101871   1.590   1.515   1.107   0.634   2
   2.05697846   1.545   1.467   1.068   0.604   0
   2.06174088   1.461   1.380   1.006   0.572   0
   2.06493115   1.294   1.203   0.890   0.530   0
   2.06580329   1.154   1.046   0.786   0.495   0
   2.06626558   0.991   0.866   0.667   0.448   1
   2.06633663   1.041   0.920   0.711   0.480   0
   2.06643677   1.167   1.058   0.809   0.533   0
   2.06660342   1.233   1.137   0.836   0.493   0
   2.06684351   1.255   1.163   0.809   0.399   0
   2.06710362   1.298   1.208   0.809   0.346   3
   2.06754088   1.403   1.298   0.837   0.310   0
   2.06830311   1.587   1.448   0.908   0.306   0
   2.06907582   1.782   1.604   0.999   0.340   0
   2.06993270   2.058   1.811   1.138   0.422   0
   2.07059193   2.300   2.001   1.276   0.517   0
   2.07125616   2.613   2.234   1.450   0.643   0
   2.07192516   2.886   2.439   1.606   0.757   0
   2.07284117   3.157   2.608   1.716   0.815   4
   2.07408381   3.231   2.586   1.638   0.690   0
   2.07518435   3.171   2.467   1.490   0.514   0
   2.07619762   3.088   2.336   1.335   0.337   0
   2.07703567   3.013   2.220   1.199   0.183   0
   2.07790112   2.930   2.094   1.052   0.019   0
   2.07881737   2.840   1.959   0.895  -0.158   0
   2.07967186   2.762   1.836   0.748  -0.322   0
   2.08039522   2.705   1.734   0.628  -0.463   0
   2.08109903   2.642   1.630   0.504  -0.604   0
   2.08183646   2.582   1.520   0.373  -0.755   0
   2.08250809   2.523   1.415   0.248  -0.898   0
   2.08319569   2.466   1.306   0.116  -1.050   0
   2.08379459   2.421   1.209  -0.003  -1.189   0
   2.08437514   2.384   1.118  -0.116  -1.324   0
   2.08497763   2.348   1.025  -0.233  -1.465   0
   2.08559060   2.313   0.932  -0.350  -1.606   0
   2.08632326   2.289   0.847  -0.459  -1.739   0
   2.08655953   2.283   0.829  -0.481  -1.765   2
   2.08743691   2.455   1.297   0.109  -1.056   0
   2.08776474   2.501   1.395   0.228  -0.917   0
   2.08800888   2.536   1.472   0.324  -0.803   0
   2.08825326   2.572   1.547   0.416  -0.695   0
   2.08853579   2.611   1.624   0.510  -0.586   0
   2.08889413   2.656   1.707   0.609  -0.470   0
   2.08974624   2.722   1.821   0.746  -0.313   0
   2.08977461   2.764   1.890   0.829  -0.218   0
   2.08981252   2.802   1.952   0.902  -0.136   0
   2.08987904   2.838   2.011   0.974  -0.054   0
   2.09003115   2.881   2.081   1.057   0.040   0
   2.09042144   2.933   2.159   1.147   0.141   0
   2.09126210   2.973   2.222   1.222   0.226   4
   2.14341903   2.804   2.058   1.060   0.069   0
   2.16857672   2.723   1.981   0.984  -0.004   0
   2.20000005   2.620   1.876   0.879  -0.108   0
   2.22503209   2.533   1.786   0.788  -0.199   0
   2.27123713   2.379   1.609   0.599  -0.397   0
   2.28832531   2.322   1.503   0.469  -0.548   0
   2.29646206   2.278   1.403   0.341  -0.699   0
   2.29785895   2.243   1.315   0.227  -0.836   0
   2.29834604   2.208   1.225   0.112  -0.974   0
   2.29851317   2.174   1.139   0.003  -1.104   0
   2.29858589   2.143   1.065  -0.089  -1.214   0
   2.29866099   2.103   0.971  -0.207  -1.354   0
   2.29874349   2.061   0.869  -0.335  -1.505   0
   2.30227184   2.023   0.775  -0.453  -1.645   0
   2.30392194   1.990   0.672  -0.585  -1.805   0
   2.30483651   1.972   0.556  -0.739  -1.999   0
   2.30538368   1.967   0.468  -0.859  -2.151   0
   2.30585599   1.952   0.367  -0.993  -2.319   0
   2.30614805   1.966   0.300  -1.091  -2.451   0
   2.30641031   1.947   0.214  -1.205  -2.594   0
   2.30660510   1.943   0.143  -1.302  -2.719   0
   2.30677748   1.915   0.052  -1.417  -2.857   0
   2.30693483   1.945  -0.007  -1.510  -2.989   0
   2.30708456   1.969  -0.073  -1.610  -3.125   0
   2.30724931   1.892  -0.096  -1.648  -3.247   0
   2.30740666   1.796  -0.124  -1.687  -3.365   0
   2.30752659   1.707  -0.152  -1.721  -3.465   0
   2.30774379   1.587  -0.193  -1.769  -3.591   0
   2.30789351   1.476  -0.211  -1.791  -3.701   3
   2.30796075   1.435  -0.149  -1.741  -3.824   0
   2.30796814   1.441  -0.114  -1.709  -3.837   0
   2.30797935   1.432  -0.104  -1.701  -3.859   0
   2.30799007   1.422  -0.095  -1.694  -3.881   0
   2.30800056   1.412  -0.086  -1.686  -3.902   0
   2.30801129   1.402  -0.077  -1.678  -3.924   0
   2.30802202   1.392  -0.068  -1.670  -3.946   0
   2.30803251   1.381  -0.059  -1.663  -3.967   0
   2.30804324   1.370  -0.050  -1.655  -3.989   0
   2.30805373   1.358  -0.041  -1.647  -4.010   0
   2.30806446   1.346  -0.033  -1.639  -4.032   0
   2.30807495   1.334  -0.024  -1.631  -4.053   0
   2.30808568   1.344   0.010  -1.594  -4.058   0
   2.30809641   1.356   0.046  -1.555  -4.062   0
   2.30810690   1.368   0.081  -1.516  -4.066   0
   2.30811763   1.379   0.117  -1.477  -4.070   0
   2.30812812   1.391   0.153  -1.438  -4.074   0
   2.30813622   1.399   0.179  -1.409  -4.076   0
   2.30814624   1.409   0.208  -1.378  -4.079   0
   2.30815649   1.418   0.234  -1.349  -4.082   0
   2.30816460   1.424   0.255  -1.327  -4.084   0
   2.30817270   1.431   0.275  -1.305  -4.086   0
   2.30820012   1.442   0.304  -1.273  -4.087   0
   2.30823922   1.453   0.339  -1.235  -4.091   0
   2.30827808   1.464   0.373  -1.198  -4.094   0
   2.30831647   1.476   0.407  -1.161  -4.098   0
   2.30835485   1.487   0.441  -1.123  -4.101   0
   2.30839300   1.498   0.476  -1.086  -4.105   0
   2.30843091   1.509   0.510  -1.048  -4.109   0
   2.30846834   1.521   0.544  -1.011  -4.112   0
   2.30850577   1.532   0.578  -0.973  -4.116   0
   2.30854297   1.543   0.613  -0.936  -4.119   0
   2.30857992   1.561   0.655  -0.893  -4.117   0
   2.30861640   1.580   0.700  -0.847  -4.112   0
   2.30865288   1.600   0.745  -0.802  -4.107   0
   2.30868912   1.620   0.790  -0.756  -4.102   1
   2.30872512   1.639   0.836  -0.711  -4.097   0
   2.30876088   1.659   0.881  -0.665  -4.092   0
   2.30879641   1.679   0.926  -0.620  -4.087   0
   2.30883169   1.699   0.971  -0.574  -4.082   0
   2.30886674   1.718   1.016  -0.529  -4.077   0
   2.30890155   1.738   1.062  -0.483  -4.073   0
   2.30893612   1.758   1.107  -0.438  -4.068   0
   2.30897045   1.778   1.152  -0.392  -4.063   0
   2.30900431   1.798   1.198  -0.346  -4.058   0
   2.30903840   1.817   1.243  -0.301  -4.053   0
   2.30907178   1.837   1.288  -0.255  -4.047   0
   2.30910540   1.857   1.334  -0.209  -4.042   0
   2.30913830   1.877   1.380  -0.163  -4.037   0
   2.30917120   1.897   1.425  -0.117  -4.032   0
   2.30920386   1.916   1.469  -0.073  -4.028   1
   2.30923629   1.919   1.496  -0.050  -4.034   0
   2.30926847   1.922   1.523  -0.027  -4.040   0
   2.30930042   1.925   1.550  -0.004  -4.045   0
   2.30933213   1.928   1.577   0.020  -4.051   0
   2.30936337   1.931   1.604   0.043  -4.057   0
   2.30939460   1.934   1.631   0.066  -4.062   0
   2.30942559   1.937   1.658   0.090  -4.068   0
   2.30945635   1.941   1.686   0.113  -4.074   0
   2.30948663   1.944   1.713   0.137  -4.079   0
   2.30951691   1.947   1.741   0.161  -4.085   0
   2.30954647   1.952   1.770   0.186  -4.089   0
   2.30957031   1.957   1.796   0.208  -4.092   0
   2.30959511   1.965   1.828   0.237  -4.093   0
   2.30960989   1.974   1.855   0.261  -4.090   0
   2.30961537   1.984   1.876   0.280  -4.084   0
   2.30961752   1.992   1.891   0.294  -4.079   0
   2.30961943   2.001   1.908   0.310  -4.073   0
   2.30962157   2.012   1.927   0.328  -4.065   0
   2.30962348   2.026   1.953   0.352  -4.055   0
   2.30962563   2.043   1.983   0.379  -4.043   0
   2.30962753   2.061   2.015   0.410  -4.030   0
   2.30962968   2.081   2.051   0.443  -4.016   0
   2.30963159   2.105   2.093   0.482  -3.999   0
   2.30963373   2.128   2.133   0.519  -3.984   0
   2.30963564   2.155   2.176   0.558  -3.969   2
   2.30963564   2.155   2.176   0.559  -3.969   0
