   0.15000001  16.097  14.565  12.988  10.478   0
   0.20000000  14.929  13.517  12.016   9.740   0
   0.25000000  14.237  12.873  11.407   9.254   0
   0.30000001  13.730  12.387  10.938   8.902   0
   0.34999999  13.296  11.968  10.530   8.602   0
   0.40000001  12.860  11.544  10.117   8.275   0
   0.44999999  12.406  11.104   9.702   7.956   0
   0.48267543  12.090  10.798   9.415   7.747   0
   0.50000000  11.930  10.643   9.269   7.642   0
   0.55000001  11.448  10.171   8.836   7.299   0
   0.60000002  10.971   9.711   8.425   6.965   0
   0.69999999   9.823   8.705   7.550   6.273   0
   0.80000001   8.497   7.670   6.664   5.587   0
   0.89999998   7.240   6.735   5.876   4.981   0
   1.00000000   6.245   5.977   5.240   4.467   0
   1.10000002   5.465   5.336   4.696   4.006   0
   1.20000005   4.704   4.672   4.132   3.531   0
   1.21294868   4.623   4.601   4.071   3.480   0
   1.29999995   4.156   4.163   3.698   3.167   0
   1.31041288   4.103   4.113   3.655   3.131   0
   1.39999998   3.683   3.700   3.301   2.840   0
   1.40868032   3.647   3.664   3.271   2.817   0
   1.50000000   3.293   3.301   2.967   2.584   0
   1.60000002   2.932   2.911   2.644   2.356   0
   1.70000005   2.621   2.572   2.369   2.170   0
   1.79999995   2.348   2.280   2.136   2.011   0
   1.89999998   2.086   2.030   1.934   1.862   0
   1.95000005   1.975   1.929   1.854   1.803   0
   2.00000000   1.859   1.829   1.770   1.735   0
   2.20000005   1.442   1.482   1.478   1.495   0
   2.50000000   0.910   1.071   1.118   1.174   0
   3.00000000   0.196   0.529   0.618   0.707   0
   3.50000000  -0.370   0.086   0.199   0.309   0
   3.55167508  -0.422   0.045   0.160   0.272   0
   4.00000000  -0.838  -0.289  -0.159  -0.031   0
   4.50000000  -1.251  -0.633  -0.487  -0.343   0
   4.61604166  -1.341  -0.709  -0.560  -0.413   0
   5.00000000  -1.632  -0.960  -0.802  -0.644   0
   5.35982084  -1.893  -1.189  -1.022  -0.856   0
   5.91450548  -2.289  -1.544  -1.365  -1.189   0
   6.00000000  -2.351  -1.600  -1.420  -1.242   0
   6.40450144  -2.638  -1.864  -1.677  -1.492   0
   6.78748465  -2.923  -2.129  -1.937  -1.748   0
   7.00000000  -3.092  -2.290  -2.097  -1.906   0
   7.11394072  -3.185  -2.381  -2.187  -1.995   0
   7.37991810  -3.419  -2.611  -2.417  -2.226   1
   7.60647106  -3.641  -2.837  -2.644  -2.456   0
   7.79947090  -3.849  -3.054  -2.863  -2.679   0
   7.96352768  -4.054  -3.275  -3.088  -2.911   0
   8.10017776  -4.241  -3.479  -3.296  -3.128   0
   8.15975666  -4.332  -3.579  -3.400  -3.235   0
   8.21391773  -4.416  -3.671  -3.494  -3.333   0
   8.25554848  -4.478  -3.736  -3.560  -3.401   0
   8.27248955  -4.495  -3.748  -3.570  -3.410   3
   8.29068851  -4.507  -3.747  -3.567  -3.403   0
   8.30296898  -4.489  -3.695  -3.507  -3.330   0
   8.30645370  -4.484  -3.673  -3.480  -3.297   0
   8.30858994  -4.502  -3.653  -3.451  -3.255   0
   8.30862617  -4.499  -3.651  -3.449  -3.253   0
   8.30916023  -4.448  -3.623  -3.426  -3.238   0
   8.30960083  -4.488  -3.698  -3.510  -3.335   0
   8.30990887  -4.568  -3.806  -3.625  -3.460   0
   8.31026459  -4.670  -3.940  -3.767  -3.615   0
   8.31065559  -4.786  -4.097  -3.934  -3.797   0
   8.31094646  -4.868  -4.211  -4.056  -3.931   0
   8.31124878  -4.948  -4.328  -4.183  -4.072   0
   8.31156254  -5.024  -4.448  -4.314  -4.218   0
   8.31189346  -5.099  -4.576  -4.454  -4.375   0
   8.31220627  -5.157  -4.694  -4.585  -4.524   0
   8.31252384  -5.203  -4.817  -4.722  -4.680   0
   8.31285286  -5.225  -4.942  -4.865  -4.848   0
   8.31301403  -5.224  -5.003  -4.937  -4.933   0
   8.31318092  -5.212  -5.062  -5.008  -5.020   0
   8.31334782  -5.185  -5.119  -5.082  -5.112   0
   8.31352043  -5.135  -5.166  -5.152  -5.208   0
   8.31368732  -5.045  -5.179  -5.203  -5.301   0
   8.31385422  -4.909  -5.131  -5.223  -5.393   3
   8.31402111  -4.736  -5.013  -5.205  -5.478   0
   8.31418800  -4.490  -4.795  -5.148  -5.567   0
   8.31435966  -4.096  -4.463  -5.026  -5.633   0
   8.31452656  -3.366  -3.970  -4.814  -5.640   0
   8.31469345  -2.221  -3.308  -4.458  -5.510   0
   8.31485939  -1.452  -2.853  -4.140  -5.316   0
   8.31502151  -0.936  -2.561  -3.934  -5.207   4
   8.31518841  -0.499  -2.465  -3.967  -5.385   0
   8.31529808  -0.306  -2.514  -4.106  -5.631   0
   8.31540203  -0.459  -2.557  -4.158  -5.788   0
   8.31554699  -0.561  -2.584  -4.188  -5.883   0
   8.31591034  -0.674  -2.615  -4.220  -5.980   0
   8.31658554  -0.797  -2.651  -4.256  -6.080   0
   8.31729507  -0.924  -2.672  -4.275  -6.168   0
   8.31803989  -0.957  -2.664  -4.268  -6.220   0
   8.31884098  -0.983  -2.652  -4.258  -6.266   0
   8.32111645  -1.008  -2.620  -4.228  -6.316   0
   8.34066963  -0.947  -2.709  -4.312  -6.199   1
   8.35001945  -0.801  -2.681  -4.288  -6.095   0
   8.35774899  -0.690  -2.666  -4.273  -6.010   0
   8.36575317  -0.595  -2.670  -4.276  -5.938   0
   8.37493134  -0.527  -2.693  -4.298  -5.888   0
   8.38860893  -0.511  -2.731  -4.326  -5.837   0
   8.41824818  -0.714  -2.808  -4.355  -5.808   0
   8.43894005  -1.024  -3.002  -4.505  -5.897   0
   8.44363022  -1.221  -3.128  -4.604  -5.958   0
   8.44596672  -1.545  -3.307  -4.729  -6.023   0
   8.44669819  -1.709  -3.391  -4.785  -6.046   0
   8.44742966  -1.880  -3.478  -4.841  -6.069   0
   8.44815063  -2.031  -3.555  -4.892  -6.089   0
   8.44961262  -2.262  -3.673  -4.962  -6.119   0
   8.45148945  -2.485  -3.789  -5.033  -6.151   0
   8.45371342  -2.687  -3.897  -5.101  -6.185   0
   8.45671749  -3.221  -4.197  -5.281  -6.274   0
   8.46017647  -4.756  -5.134  -5.656  -6.223   0
   8.46803474  -5.106  -5.425  -5.727  -6.105   1
   8.47316074  -5.053  -5.380  -5.722  -6.134   0
   8.48974895  -4.866  -5.223  -5.694  -6.219   0
   8.50215435  -4.460  -4.932  -5.607  -6.301   0
   8.50710106  -4.135  -4.728  -5.534  -6.327   0
   8.51056576  -3.746  -4.501  -5.443  -6.333   0
   8.51302433  -3.311  -4.264  -5.335  -6.319   0
   8.51495743  -2.881  -4.041  -5.221  -6.284   0
   8.51648045  -2.530  -3.861  -5.117  -6.243   0
   8.51772213  -2.267  -3.726  -5.034  -6.206   0
   8.51875687  -2.026  -3.601  -4.956  -6.171   0
   8.51995182  -1.800  -3.481  -4.875  -6.133   0
   8.52108574  -1.556  -3.351  -4.785  -6.089   0
   8.52266598  -1.266  -3.187  -4.667  -6.024   0
   8.52420139  -1.040  -3.054  -4.570  -5.975   0
   8.55390453  -0.612  -2.869  -4.476  -5.994   0
   8.55958652  -0.647  -2.823  -4.434  -6.029   0
   8.55982876  -0.653  -2.821  -4.432  -6.033   0
   8.56301308  -0.699  -2.799  -4.411  -6.064   2
   8.56417370  -0.736  -2.794  -4.405  -6.091   0
   8.56556892  -0.832  -2.777  -4.387  -6.154   0
   8.56742191  -0.869  -2.776  -4.386  -6.179   0
   8.56946564  -1.079  -2.791  -4.398  -6.349   0
   8.57168102  -1.147  -2.702  -4.313  -6.481   0
   8.57371616  -1.198  -2.608  -4.217  -6.574   0
   8.57549953  -1.191  -2.490  -4.090  -6.615   0
   8.57568073  -1.184  -2.474  -4.072  -6.616   0
