   0.15000001  16.097  14.565  12.988  10.478   0
   0.20000000  14.929  13.517  12.016   9.740   0
   0.25000000  14.237  12.873  11.407   9.254   0
   0.30000001  13.730  12.387  10.938   8.902   0
   0.34999999  13.296  11.968  10.530   8.602   0
   0.40000001  12.861  11.544  10.117   8.275   0
   0.44999999  12.406  11.104   9.702   7.956   0
   0.47709000  12.143  10.849   9.463   7.782   0
   0.50000000  11.930  10.643   9.269   7.642   0
   0.55000001  11.448  10.171   8.836   7.299   0
   0.60000002  10.971   9.711   8.425   6.965   0
   0.69999999   9.823   8.705   7.550   6.273   0
   0.80000001   8.497   7.670   6.665   5.587   0
   0.89999998   7.241   6.736   5.876   4.981   0
   1.00000000   6.248   5.979   5.242   4.469   0
   1.10000002   5.470   5.340   4.699   4.009   0
   1.20000005   4.706   4.674   4.134   3.532   0
   1.22769976   4.538   4.524   4.006   3.425   0
   1.29999995   4.156   4.163   3.698   3.167   0
   1.37512755   3.792   3.811   3.397   2.919   0
   1.39999998   3.684   3.701   3.302   2.840   0
   1.47903669   3.368   3.381   3.035   2.636   0
   1.50000000   3.294   3.302   2.968   2.585   0
   1.60000002   2.933   2.912   2.645   2.357   0
   1.61594331   2.882   2.856   2.599   2.326   0
   1.70000005   2.622   2.573   2.370   2.171   0
   1.79999995   2.349   2.282   2.138   2.013   0
   1.89999998   2.087   2.031   1.936   1.864   0
   1.95000005   1.977   1.931   1.856   1.805   0
   2.00000000   1.861   1.830   1.772   1.738   0
   2.20000005   1.444   1.485   1.481   1.498   0
   2.50000000   0.914   1.075   1.123   1.179   0
   3.00000000   0.202   0.537   0.626   0.716   0
   3.50000000  -0.360   0.099   0.212   0.323   0
   3.72604084  -0.577  -0.074   0.047   0.167   0
   4.00000000  -0.822  -0.272  -0.141  -0.012   0
   4.50000000  -1.228  -0.607  -0.461  -0.316   0
   4.85272264  -1.491  -0.831  -0.676  -0.521   0
   5.00000000  -1.598  -0.924  -0.765  -0.606   0
   5.63932896  -2.044  -1.315  -1.141  -0.968   0
   6.00000000  -2.291  -1.535  -1.354  -1.174   0
   6.26323128  -2.463  -1.690  -1.504  -1.319   0
   6.75853586  -2.798  -1.997  -1.804  -1.611   0
   7.00000000  -2.968  -2.156  -1.960  -1.765   0
   7.17193317  -3.093  -2.274  -2.076  -1.879   0
   7.50362825  -3.353  -2.525  -2.325  -2.127   1
   7.78417540  -3.588  -2.756  -2.557  -2.359   0
   8.02313805  -3.813  -2.986  -2.787  -2.592   0
   8.22671032  -4.023  -3.204  -3.007  -2.817   0
   8.39975357  -4.232  -3.430  -3.237  -3.054   0
   8.54388905  -4.419  -3.633  -3.445  -3.269   0
   8.60673237  -4.511  -3.734  -3.549  -3.378   0
   8.66386032  -4.595  -3.825  -3.643  -3.476   0
   8.70777130  -4.658  -3.892  -3.710  -3.545   0
   8.72575474  -4.673  -3.901  -3.719  -3.551   0
   8.74507236  -4.685  -3.901  -3.716  -3.544   0
   8.75810814  -4.665  -3.845  -3.651  -3.467   0
   8.76180744  -4.662  -3.826  -3.629  -3.439   0
   8.76407433  -4.681  -3.806  -3.600  -3.396   0
   8.76411247  -4.678  -3.805  -3.598  -3.395   0
   8.76466942  -4.628  -3.778  -3.576  -3.381   4
   8.76512814  -4.667  -3.852  -3.659  -3.477   0
   8.76542664  -4.744  -3.956  -3.770  -3.597   0
   8.76577091  -4.841  -4.085  -3.907  -3.748   0
   8.76614952  -4.958  -4.243  -4.075  -3.931   0
   8.76643085  -5.043  -4.361  -4.201  -4.069   0
   8.76672268  -5.128  -4.482  -4.333  -4.216   0
   8.76702690  -5.210  -4.608  -4.470  -4.369   0
   8.76734829  -5.290  -4.743  -4.617  -4.535   0
   8.76763725  -5.354  -4.865  -4.752  -4.688   0
   8.76793194  -5.405  -4.993  -4.895  -4.850   0
   8.76823711  -5.435  -5.123  -5.045  -5.026   0
   8.76838684  -5.437  -5.187  -5.119  -5.114   0
   8.76854134  -5.428  -5.250  -5.195  -5.205   0
   8.76869583  -5.405  -5.313  -5.272  -5.300   0
   8.76885509  -5.357  -5.368  -5.349  -5.401   0
   8.76901054  -5.269  -5.387  -5.406  -5.499   0
   8.76916504  -5.132  -5.346  -5.430  -5.593   3
   8.76931953  -4.956  -5.233  -5.415  -5.679   0
   8.76947403  -4.703  -5.014  -5.359  -5.772   0
   8.76963329  -4.294  -4.668  -5.233  -5.840   0
   8.76978779  -3.538  -4.158  -5.012  -5.844   0
   8.76994228  -2.339  -3.467  -4.637  -5.702   0
   8.77009678  -1.527  -2.991  -4.303  -5.499   0
   8.77024651  -0.998  -2.695  -4.095  -5.392   4
   8.77040672  -0.511  -2.593  -4.137  -5.601   0
   8.77051258  -0.521  -2.604  -4.205  -5.847   0
   8.77061176  -0.704  -2.663  -4.268  -6.013   0
   8.77075005  -0.809  -2.697  -4.303  -6.102   0
   8.77109909  -0.929  -2.735  -4.339  -6.196   0
   8.77174664  -1.040  -2.769  -4.373  -6.294   0
   8.77242661  -1.087  -2.751  -4.359  -6.375   0
   8.77313995  -1.106  -2.738  -4.346  -6.409   0
   8.77390766  -1.120  -2.724  -4.333  -6.435   0
   8.77608871  -1.145  -2.684  -4.294  -6.483   0
   8.79750729  -1.092  -2.798  -4.405  -6.363   0
   8.80774784  -0.993  -2.794  -4.400  -6.263   0
   8.81621456  -0.882  -2.779  -4.387  -6.185   0
   8.82498169  -0.789  -2.791  -4.400  -6.123   0
   8.83503342  -0.726  -2.822  -4.433  -6.087   0
   8.85001183  -0.666  -2.876  -4.487  -6.054   2
   8.88246918  -0.782  -2.975  -4.558  -6.046   0
   8.90571499  -1.047  -3.138  -4.682  -6.117   0
   8.91098309  -1.129  -3.188  -4.721  -6.140   0
   8.91360855  -1.276  -3.280  -4.792  -6.182   0
   8.91442966  -1.332  -3.314  -4.817  -6.195   0
   8.91525078  -1.388  -3.348  -4.842  -6.209   0
   8.91606045  -1.441  -3.380  -4.866  -6.222   0
   8.91770363  -1.538  -3.436  -4.908  -6.246   0
   8.91981125  -1.648  -3.500  -4.955  -6.274   0
   8.92230892  -1.768  -3.570  -5.007  -6.307   0
   8.92568398  -2.451  -3.941  -5.262  -6.440   0
   8.92956924  -4.819  -5.248  -5.855  -6.494   0
   8.93839550  -5.291  -5.621  -5.954  -6.360   1
   8.94182301  -5.248  -5.585  -5.947  -6.378   0
   8.95293331  -5.011  -5.392  -5.901  -6.458   0
   8.96126175  -4.485  -5.029  -5.784  -6.537   0
   8.96458721  -4.087  -4.791  -5.692  -6.552   0
   8.96691799  -3.614  -4.529  -5.577  -6.543   0
   8.96857262  -3.077  -4.254  -5.441  -6.507   0
   8.96987438  -2.568  -4.000  -5.297  -6.455   0
   8.97089958  -2.213  -3.819  -5.185  -6.406   0
   8.97173691  -1.975  -3.692  -5.098  -6.363   0
   8.97243404  -1.774  -3.585  -5.026  -6.328   0
   8.97323990  -1.620  -3.499  -4.964  -6.293   0
   8.97400379  -1.471  -3.414  -4.902  -6.258   0
   8.97506905  -1.273  -3.295  -4.813  -6.210   0
   8.97610474  -1.123  -3.211  -4.753  -6.183   0
   9.00000000  -0.808  -3.069  -4.677  -6.188   0
   9.00856304  -0.765  -3.018  -4.635  -6.183   2
   9.02547741  -0.870  -2.907  -4.521  -6.227   0
   9.02792931  -0.999  -2.873  -4.483  -6.301   0
   9.02945900  -0.947  -2.872  -4.483  -6.267   0
   9.03129959  -1.119  -2.877  -4.483  -6.375   0
   9.03273392  -1.197  -2.881  -4.489  -6.484   0
   9.03452587  -1.241  -2.819  -4.430  -6.570   0
   9.03656483  -1.275  -2.728  -4.338  -6.641   0
   9.03899097  -1.281  -2.603  -4.205  -6.692   0
   9.04088688  -1.226  -2.461  -4.052  -6.692   0
