   0.15000001  16.073  14.545  12.970  10.466   0
   0.20000000  14.887  13.479  11.981   9.711   0
   0.25000000  14.177  12.817  11.354   9.203   0
   0.30000001  13.655  12.313  10.865   8.832   0
   0.34999999  13.219  11.891  10.453   8.526   0
   0.40000001  12.813  11.496  10.070   8.229   0
   0.43363851  12.500  11.194   9.785   8.015   0
   0.44999999  12.358  11.056   9.655   7.917   0
   0.50000000  11.869  10.580   9.209   7.591   0
   0.55000001  11.379  10.102   8.772   7.243   0
   0.60000002  10.888   9.626   8.344   6.892   0
   0.66792935  10.050   8.890   7.702   6.382   0
   0.69999999   9.660   8.559   7.415   6.154   0
   0.75680137   8.782   7.880   6.838   5.714   0
   0.80000001   8.146   7.397   6.427   5.397   0
   0.82209140   7.783   7.130   6.202   5.228   0
   0.86147368   7.205   6.700   5.840   4.945   0
   0.89494371   6.763   6.363   5.554   4.714   0
   0.89999998   6.699   6.314   5.513   4.680   0
   0.91318023   6.537   6.186   5.404   4.588   0
   0.93641067   6.255   5.962   5.212   4.426   0
   0.95683318   6.017   5.769   5.047   4.285   0
   0.97507507   5.823   5.606   4.905   4.163   0
   0.99169219   5.652   5.460   4.778   4.052   0
   1.00000000   5.570   5.389   4.716   3.998   0
   1.00445485   5.523   5.349   4.680   3.966   0
   1.01879823   5.374   5.219   4.564   3.862   0
   1.03159595   5.245   5.104   4.462   3.770   0
   1.04203439   5.143   5.014   4.380   3.696   0
   1.04313338   5.133   5.005   4.372   3.689   0
   1.05004025   5.075   4.952   4.323   3.643   0
   1.05713820   5.016   4.898   4.273   3.597   0
   1.06828547   4.928   4.816   4.197   3.526   0
   1.07501388   4.874   4.763   4.148   3.480   0
   1.08552587   4.787   4.679   4.069   3.406   0
   1.09401858   4.716   4.611   4.004   3.344   0
   1.10000002   4.666   4.561   3.957   3.298   0
   1.13673532   4.334   4.225   3.623   2.967   0
   1.16108406   4.209   4.063   3.432   2.750   0
   1.17753696   4.296   4.062   3.363   2.624   3
   1.18487787   4.660   4.287   3.494   2.674   0
   1.18836212   4.934   4.456   3.601   2.725   0
   1.19130003   5.159   4.584   3.679   2.753   4
   1.19626772   5.244   4.569   3.612   2.634   0
   1.19972730   5.160   4.443   3.464   2.464   0
   1.20000005   5.149   4.429   3.449   2.448   0
   1.20243979   5.064   4.324   3.334   2.323   0
   1.20489216   4.952   4.191   3.189   2.168   0
   1.20720565   4.833   4.052   3.041   2.013   0
   1.20923746   4.711   3.911   2.890   1.853   0
   1.21098268   4.593   3.771   2.739   1.693   0
   1.21248388   4.477   3.634   2.591   1.537   0
   1.21381998   4.370   3.503   2.447   1.383   0
   1.21494949   4.272   3.378   2.309   1.234   0
   1.21602070   4.176   3.255   2.173   1.086   0
   1.21690965   4.089   3.136   2.039   0.938   0
   1.21770930   3.999   3.014   1.904   0.789   0
   1.21840811   3.916   2.896   1.770   0.641   0
   1.21910751   3.833   2.777   1.634   0.490   0
   1.21972322   3.755   2.663   1.504   0.346   0
   1.22041929   3.698   2.580   1.409   0.240   2
   1.22104144   3.759   2.681   1.529   0.377   0
   1.22150052   3.681   2.567   1.398   0.232   0
   1.22197700   3.607   2.453   1.267   0.084   0
   1.22241771   3.542   2.339   1.131  -0.070   0
   1.22288680   3.472   2.211   0.978  -0.247   0
   1.22322893   3.416   2.105   0.852  -0.393   0
   1.22357297   3.364   1.998   0.723  -0.545   0
   1.22382712   3.325   1.906   0.609  -0.681   0
   1.22405136   3.283   1.807   0.487  -0.825   0
   1.22427571   3.264   1.719   0.373  -0.967   0
   1.22447121   3.223   1.621   0.251  -1.111   0
   1.22466254   3.205   1.533   0.134  -1.259   0
   1.22480118   3.180   1.446   0.023  -1.397   0
   1.22493851   3.159   1.362  -0.086  -1.533   0
   1.22507417   3.125   1.262  -0.211  -1.685   0
   1.22520673   3.144   1.185  -0.326  -1.840   0
   1.22529685   3.080   1.143  -0.384  -1.959   0
   1.22538531   2.998   1.110  -0.430  -2.080   0
   1.22546136   2.913   1.078  -0.472  -2.192   0
   1.22553504   2.811   1.044  -0.515  -2.313   0
   1.22559834   2.707   1.017  -0.549  -2.426   0
   1.22565353   2.636   1.002  -0.574  -2.541   3
   1.22570634   2.587   1.017  -0.569  -2.652   0
   1.22574818   2.576   1.105  -0.493  -2.740   0
   1.22579539   2.495   1.092  -0.512  -2.866   0
   1.22583294   2.459   1.133  -0.470  -2.949   0
   1.22586858   2.558   1.369  -0.215  -2.938   0
   1.22590232   2.576   1.480  -0.091  -2.980   0
   1.22593117   2.664   1.693   0.139  -2.972   0
   1.22596002   2.708   1.838   0.291  -2.990   0
   1.22598338   2.835   2.096   0.551  -2.939   0
   1.22600675   2.932   2.312   0.768  -2.911   0
   1.22600794   2.935   2.318   0.774  -2.911   2
   1.22600794   3.258   2.209   1.068  -0.054   1
   1.22606349   3.250   2.192   1.046  -0.080   0
   1.22619677   3.233   2.153   0.998  -0.136   0
   1.22635889   3.221   2.134   0.975  -0.162   0
   1.22655606   3.217   2.133   0.977  -0.160   0
   1.22692454   3.212   2.137   0.985  -0.147   0
   1.22729480   3.212   2.142   0.991  -0.139   0
   1.22766995   3.211   2.145   0.996  -0.133   0
   1.22804868   3.207   2.145   0.999  -0.128   0
   1.22843122   3.203   2.148   1.003  -0.120   0
   1.22881448   3.199   2.147   1.004  -0.118   0
   1.22921956   3.195   2.146   1.005  -0.115   0
   1.22961855   3.190   2.143   1.003  -0.116   0
   1.23001325   3.183   2.140   1.001  -0.116   0
   1.23039341   3.179   2.137   0.998  -0.119   0
   1.23077655   3.173   2.131   0.992  -0.125   0
   1.23116219   3.166   2.122   0.983  -0.134   0
   1.23157203   3.143   2.102   0.963  -0.152   0
   1.23198247   3.134   2.084   0.942  -0.177   0
   1.23262680   3.115   2.048   0.899  -0.226   0
   1.23284388   3.102   2.025   0.871  -0.259   0
   1.23311734   3.091   1.995   0.833  -0.305   0
   1.23393691   3.054   1.888   0.696  -0.470   0
   1.23400700   3.035   1.825   0.613  -0.570   0
   1.23406029   3.022   1.728   0.481  -0.737   0
   1.23407626   2.996   1.646   0.377  -0.865   0
   1.23408914   2.976   1.499   0.180  -1.114   0
   1.23409450   2.964   1.408   0.058  -1.266   0
   1.23410082   2.949   1.312  -0.069  -1.425   0
   1.23411024   2.967   1.270  -0.136  -1.520   0
   1.23414016   2.950   1.333  -0.039  -1.387   0
   1.23417783   2.945   1.359  -0.002  -1.337   1
   1.23431003   2.964   1.291  -0.104  -1.478   0
   1.23439217   2.969   1.214  -0.214  -1.625   0
   1.23444116   2.971   1.137  -0.323  -1.768   0
   1.23448694   2.984   1.055  -0.442  -1.926   0
   1.23452604   3.001   1.022  -0.511  -2.069   0
   1.23455584   2.922   1.006  -0.540  -2.184   0
   1.23458099   2.820   0.961  -0.596  -2.310   0
   1.23460317   2.700   0.923  -0.643  -2.445   0
   1.23461723   2.588   0.909  -0.663  -2.560   0
   1.23462784   2.547   0.933  -0.650  -2.666   0
   1.23463738   2.515   0.983  -0.610  -2.764   0
   1.23464561   2.489   1.046  -0.555  -2.850   0
   1.23465502   2.421   1.050  -0.556  -2.960   2
   1.23466337   2.514   1.272  -0.320  -2.948   0
   1.23467362   2.539   1.393  -0.185  -2.984   0
   1.23468399   2.596   1.559  -0.004  -2.998   0
   1.23469532   2.689   1.778   0.230  -2.984   0
   1.23470521   2.851   2.088   0.542  -2.909   0
   1.23471153   2.954   2.315   0.770  -2.878   0
   1.23471260   3.124   2.632   1.090  -2.795   0
   1.23471296   3.136   2.659   1.117  -2.791   0
   1.23471451   3.157   2.708   1.166  -2.785   1
   1.23471606   3.160   2.737   1.191  -2.792   0
   1.23471725   3.163   2.760   1.211  -2.797   0
   1.23471868   3.166   2.789   1.235  -2.804   0
   1.23471999   3.168   2.812   1.255  -2.809   0
   1.23472154   3.171   2.840   1.280  -2.815   0
   1.23472297   3.174   2.869   1.305  -2.822   0
   1.23472452   3.177   2.898   1.329  -2.828   0
   1.23472607   3.180   2.927   1.354  -2.834   0
   1.23472762   3.183   2.956   1.379  -2.841   0
   1.23472905   3.187   2.985   1.404  -2.847   0
   1.23473060   3.190   3.014   1.429  -2.854   0
   1.23473179   3.192   3.037   1.449  -2.859   0
   1.23473334   3.195   3.066   1.474  -2.865   0
   1.23473489   3.199   3.095   1.499  -2.871   0
   1.23473644   3.202   3.125   1.524  -2.878   0
   1.23473799   3.205   3.154   1.549  -2.884   0
   1.23473942   3.208   3.183   1.574  -2.890   0
   1.23474097   3.210   3.210   1.597  -2.898   0
   1.23474252   3.209   3.226   1.609  -2.912   0
   1.23474407   3.207   3.242   1.621  -2.926   0
   1.23474562   3.206   3.259   1.634  -2.939   0
   1.23474705   3.206   3.277   1.649  -2.951   0
   1.23474848   3.209   3.298   1.666  -2.960   0
   1.23474967   3.225   3.336   1.700  -2.958   0
   1.23474979   3.243   3.366   1.727  -2.949   0
   1.23474979   3.263   3.399   1.757  -2.938   0
   1.23474979   3.292   3.448   1.802  -2.922   0
