   0.15000001  16.094  14.563  12.986  10.477   0
   0.20000000  14.924  13.513  12.012   9.737   0
   0.25000000  14.230  12.867  11.402   9.249   0
   0.30000001  13.721  12.379  10.930   8.894   0
   0.34999999  13.288  11.959  10.522   8.594   0
   0.40000001  12.849  11.531  10.105   8.261   0
   0.42984095  12.573  11.265   9.853   8.068   0
   0.44999999  12.401  11.099   9.697   7.952   0
   0.50000000  11.922  10.634   9.260   7.634   0
   0.55000001  11.440  10.164   8.829   7.293   0
   0.60000002  10.967   9.706   8.417   6.956   0
   0.69999999   9.839   8.711   7.549   6.262   0
   0.80000001   8.443   7.630   6.631   5.562   0
   0.89999998   7.164   6.678   5.826   4.941   0
   0.99534470   6.176   5.919   5.189   4.421   0
   1.00000000   6.133   5.885   5.160   4.398   0
   1.03654730   5.819   5.626   4.941   4.213   0
   1.10000002   5.306   5.200   4.579   3.906   0
   1.10668457   5.257   5.157   4.542   3.874   0
   1.18258572   4.732   4.690   4.140   3.530   0
   1.20000005   4.619   4.589   4.053   3.456   0
   1.25682282   4.284   4.278   3.786   3.230   0
   1.29999995   4.056   4.060   3.597   3.069   0
   1.39999998   3.582   3.594   3.195   2.734   0
   1.48458695   3.228   3.233   2.887   2.487   0
   1.50000000   3.169   3.171   2.832   2.444   0
   1.60000002   2.804   2.779   2.497   2.185   0
   1.67855012   2.549   2.503   2.259   2.001   0
   1.70000005   2.482   2.431   2.196   1.950   0
   1.79999995   2.183   2.111   1.914   1.718   0
   1.81674504   2.135   2.061   1.870   1.681   0
   1.89999998   1.899   1.814   1.650   1.491   0
   1.93705773   1.798   1.708   1.554   1.406   0
   1.95000005   1.763   1.671   1.521   1.376   0
   2.00000000   1.631   1.534   1.392   1.255   0
   2.03125215   1.548   1.448   1.312   1.182   0
   2.11026120   1.344   1.238   1.110   0.986   1
   2.17717528   1.178   1.068   0.939   0.809   0
   2.20000005   1.125   1.013   0.880   0.745   0
   2.23811293   1.036   0.921   0.782   0.640   0
   2.29026794   0.925   0.802   0.648   0.485   0
   2.33580518   0.840   0.710   0.534   0.342   0
   2.37603855   0.775   0.648   0.440   0.210   0
   2.39436746   0.746   0.620   0.396   0.146   0
   2.41153669   0.712   0.586   0.349   0.084   0
   2.42303395   0.676   0.548   0.309   0.043   2
   2.43061996   0.631   0.500   0.272   0.016   0
   2.43653321   0.559   0.421   0.221  -0.003   0
   2.44048786   0.420   0.278   0.140  -0.013   0
   2.44157743   0.295   0.165   0.076  -0.024   0
   2.44215941   0.147   0.058   0.011  -0.044   0
   2.44224262   0.189   0.095   0.042  -0.019   0
   2.44235849   0.310   0.191   0.111   0.022   0
   2.44254279   0.376   0.237   0.113  -0.026   4
   2.44281006   0.378   0.228   0.053  -0.144   0
   2.44319439   0.405   0.265   0.024  -0.249   0
   2.44352722   0.452   0.322   0.033  -0.299   0
   2.44393682   0.526   0.404   0.059  -0.341   0
   2.44442296   0.639   0.518   0.105  -0.372   0
   2.44516349   0.879   0.727   0.205  -0.380   0
   2.44576907   1.110   0.913   0.311  -0.345   0
   2.44638991   1.400   1.133   0.455  -0.263   0
   2.44701743   1.765   1.411   0.654  -0.129   0
   2.44764400   2.149   1.703   0.876   0.035   0
   2.44848752   2.531   1.954   1.047   0.137   4
   2.44943738   2.605   1.920   0.951  -0.010   0
   2.45020080   2.565   1.818   0.819  -0.171   0
   2.45083332   2.517   1.727   0.707  -0.302   0
   2.45146441   2.458   1.630   0.591  -0.434   0
   2.45211363   2.402   1.532   0.472  -0.571   0
   2.45289922   2.338   1.414   0.327  -0.738   0
   2.45357871   2.286   1.313   0.205  -0.881   0
   2.45428157   2.228   1.204   0.074  -1.033   0
   2.45491338   2.175   1.105  -0.045  -1.169   0
   2.45548844   2.125   1.013  -0.156  -1.297   0
   2.45606995   2.080   0.922  -0.268  -1.427   0
   2.45655990   2.045   0.843  -0.364  -1.540   0
   2.45705009   2.011   0.763  -0.465  -1.658   0
   2.45752692   1.986   0.689  -0.560  -1.774   0
   2.45799947   1.966   0.616  -0.653  -1.888   0
   2.45850921   1.956   0.543  -0.751  -2.012   0
   2.45902824   1.954   0.486  -0.829  -2.112   2
   2.45927906   1.948   0.548  -0.741  -1.996   0
   2.45935798   1.952   0.578  -0.700  -1.945   0
   2.45945787   1.962   0.615  -0.652  -1.886   0
   2.45959616   1.970   0.658  -0.597  -1.816   0
   2.45979285   1.986   0.710  -0.529  -1.733   0
   2.46005535   2.010   0.772  -0.451  -1.640   0
   2.46037459   2.040   0.843  -0.363  -1.537   0
   2.46077466   2.074   0.924  -0.262  -1.418   0
   2.46149302   2.133   1.056  -0.098  -1.225   0
   2.46264958   2.231   1.255   0.145  -0.941   0
   2.46460915   2.359   1.507   0.457  -0.577   0
   2.46706176   2.454   1.676   0.663  -0.339   0
   2.47167087   2.508   1.793   0.810  -0.164   1
   2.50000000   2.435   1.718   0.734  -0.240   0
   2.56123757   2.257   1.530   0.542  -0.434   0
   2.56423068   2.246   1.521   0.533  -0.442   0
   2.63609004   2.030   1.289   0.293  -0.686   0
   2.68576574   1.925   1.135   0.115  -0.884   0
   2.70435905   1.897   1.046  -0.005  -1.031   0
   2.70839620   1.878   0.971  -0.106  -1.155   0
   2.70927048   1.851   0.882  -0.226  -1.300   0
   2.70950699   1.828   0.805  -0.327  -1.425   0
   2.70958090   1.814   0.763  -0.381  -1.490   0
   2.70968437   1.778   0.671  -0.496  -1.627   0
   2.70978427   1.742   0.579  -0.613  -1.767   0
   2.70989847   1.711   0.489  -0.727  -1.904   0
   2.71106505   1.733   0.557  -0.640  -1.799   1
   2.71471548   1.691   0.408  -0.835  -2.035   0
   2.71569943   1.672   0.308  -0.966  -2.199   0
   2.71656179   1.644   0.194  -1.114  -2.381   0
   2.71731758   1.649   0.090  -1.260  -2.570   0
   2.71789765   1.630  -0.021  -1.406  -2.750   0
   2.71829438   1.636  -0.091  -1.507  -2.885   0
   2.71874785   1.623  -0.195  -1.645  -3.060   0
   2.71901250   1.629  -0.257  -1.735  -3.178   0
   2.71919799   1.640  -0.307  -1.808  -3.276   0
   2.71936679   1.652  -0.361  -1.886  -3.381   0
   2.71952295   1.655  -0.401  -1.950  -3.486   0
   2.71967101   1.572  -0.416  -1.976  -3.594   0
   2.71981311   1.472  -0.445  -2.014  -3.711   0
   2.71999002   1.341  -0.467  -2.044  -3.847   0
   2.72017765   1.195  -0.499  -2.081  -3.987   3
   2.72037792   1.134  -0.488  -2.079  -4.107   0
   2.72048140   1.092  -0.441  -2.040  -4.209   0
   2.72049880   1.062  -0.403  -2.006  -4.276   0
   2.72051644   1.028  -0.390  -1.996  -4.333   0
   2.72053051   1.017  -0.382  -1.988  -4.352   0
   2.72054458   1.006  -0.375  -1.981  -4.372   0
   2.72055864   0.995  -0.367  -1.974  -4.391   0
   2.72057247   1.000  -0.340  -1.945  -4.399   0
   2.72058606   1.010  -0.308  -1.910  -4.402   0
   2.72059989   1.021  -0.276  -1.875  -4.406   0
   2.72061348   1.031  -0.244  -1.840  -4.409   0
   2.72062707   1.042  -0.212  -1.805  -4.413   0
   2.72064090   1.052  -0.179  -1.769  -4.416   0
   2.72065449   1.063  -0.147  -1.734  -4.420   0
   2.72066808   1.073  -0.115  -1.698  -4.423   0
   2.72067904   1.082  -0.089  -1.670  -4.426   0
   2.72069263   1.092  -0.056  -1.635  -4.430   0
   2.72070646   1.103  -0.024  -1.599  -4.433   0
   2.72072005   1.113   0.009  -1.564  -4.437   0
   2.72073340   1.124   0.041  -1.529  -4.440   0
   2.72075558   1.137   0.079  -1.487  -4.444   0
   2.72081280   1.153   0.128  -1.434  -4.449   0
   2.72086978   1.163   0.158  -1.400  -4.452   0
   2.72092628   1.173   0.189  -1.367  -4.455   0
   2.72098231   1.183   0.220  -1.333  -4.459   0
   2.72103810   1.193   0.251  -1.299  -4.462   0
   2.72109342   1.205   0.284  -1.264  -4.464   0
   2.72114849   1.222   0.324  -1.223  -4.459   1
   2.72120309   1.240   0.365  -1.183  -4.455   0
   2.72125745   1.258   0.405  -1.142  -4.451   0
   2.72131133   1.275   0.446  -1.101  -4.446   0
   2.72136474   1.293   0.486  -1.060  -4.442   0
   2.72141790   1.311   0.527  -1.019  -4.437   0
   2.72147059   1.328   0.567  -0.978  -4.433   0
   2.72152328   1.346   0.608  -0.938  -4.429   0
   2.72157526   1.364   0.649  -0.897  -4.424   0
   2.72162676   1.382   0.689  -0.856  -4.420   0
   2.72167802   1.399   0.730  -0.815  -4.415   0
   2.72172904   1.417   0.770  -0.774  -4.411   0
   2.72177958   1.435   0.811  -0.733  -4.406   0
   2.72182965   1.453   0.852  -0.692  -4.402   0
   2.72187948   1.470   0.892  -0.651  -4.398   0
   2.72192883   1.488   0.933  -0.610  -4.393   0
   2.72197795   1.506   0.973  -0.570  -4.388   0
   2.72202635   1.524   1.014  -0.529  -4.384   0
   2.72207475   1.542   1.055  -0.488  -4.379   0
   2.72212243   1.559   1.096  -0.447  -4.375   0
   2.72216988   1.572   1.130  -0.413  -4.374   1
   2.72221684   1.575   1.154  -0.392  -4.379   0
   2.72226357   1.578   1.178  -0.372  -4.384   0
   2.72230983   1.580   1.202  -0.351  -4.389   0
   2.72235584   1.583   1.226  -0.330  -4.394   0
   2.72240138   1.586   1.250  -0.310  -4.399   0
   2.72244644   1.589   1.274  -0.289  -4.404   0
   2.72249126   1.591   1.298  -0.269  -4.409   0
   2.72253561   1.594   1.322  -0.248  -4.413   0
   2.72257972   1.598   1.347  -0.226  -4.417   0
   2.72261715   1.603   1.370  -0.206  -4.420   0
   2.72265196   1.609   1.396  -0.184  -4.421   0
   2.72267914   1.619   1.424  -0.158  -4.418   0
   2.72268987   1.628   1.444  -0.139  -4.412   0
   2.72269440   1.639   1.463  -0.122  -4.405   0
   2.72269630   1.649   1.481  -0.105  -4.397   0
   2.72269773   1.660   1.500  -0.088  -4.389   0
   2.72269940   1.671   1.519  -0.070  -4.381   0
   2.72270083   1.683   1.540  -0.050  -4.372   0
   2.72270250   1.696   1.562  -0.030  -4.362   0
   2.72270393   1.710   1.586  -0.007  -4.352   0
   2.72270560   1.726   1.612   0.017  -4.340   0
   2.72270727   1.742   1.640   0.043  -4.328   0
   2.72270870   1.761   1.671   0.072  -4.314   0
   2.72271037   1.781   1.705   0.104  -4.299   0
   2.72271180   1.804   1.744   0.140  -4.282   0
   2.72271323   1.825   1.778   0.173  -4.266   0
