   0.15000001  16.093  14.562  12.985  10.476   0
   0.20000000  14.923  13.512  12.011   9.736   0
   0.25000000  14.229  12.865  11.400   9.247   0
   0.30000001  13.718  12.376  10.928   8.892   0
   0.34999999  13.285  11.957  10.519   8.591   0
   0.40000001  12.845  11.528  10.101   8.257   0
   0.41900861  12.667  11.355   9.938   8.132   0
   0.44999999  12.400  11.098   9.695   7.951   0
   0.50000000  11.920  10.632   9.259   7.632   0
   0.55000001  11.438  10.162   8.827   7.291   0
   0.60000002  10.965   9.703   8.415   6.953   0
   0.69999999   9.833   8.706   7.544   6.258   0
   0.80000001   8.428   7.619   6.622   5.555   0
   0.89999998   7.146   6.664   5.815   4.932   0
   0.95659959   6.541   6.200   5.425   4.614   0
   1.00000000   6.113   5.868   5.146   4.386   0
   1.00002253   6.113   5.868   5.146   4.386   0
   1.10000002   5.283   5.180   4.561   3.890   0
   1.15078807   4.920   4.857   4.283   3.651   0
   1.19393623   4.633   4.600   4.062   3.462   0
   1.20000005   4.594   4.565   4.032   3.436   0
   1.22680235   4.428   4.413   3.901   3.325   0
   1.27370262   4.166   4.163   3.684   3.140   0
   1.29999995   4.030   4.033   3.571   3.044   0
   1.33075511   3.872   3.883   3.443   2.936   0
   1.36258900   3.720   3.733   3.313   2.827   0
   1.39999998   3.554   3.564   3.164   2.702   0
   1.50000000   3.139   3.139   2.796   2.401   0
   1.55513012   2.934   2.920   2.606   2.252   0
   1.60000002   2.776   2.751   2.457   2.130   0
   1.68168819   2.507   2.462   2.202   1.921   0
   1.70000005   2.449   2.401   2.147   1.873   0
   1.78404391   2.194   2.128   1.898   1.658   0
   1.79999995   2.147   2.078   1.852   1.616   0
   1.87046444   1.942   1.860   1.649   1.432   0
   1.89999998   1.859   1.773   1.565   1.352   0
   1.94641149   1.731   1.640   1.436   1.226   0
   1.95000005   1.722   1.630   1.426   1.216   1
   2.00000000   1.593   1.497   1.290   1.073   0
   2.00840187   1.571   1.474   1.267   1.049   0
   2.06127381   1.444   1.345   1.126   0.891   0
   2.10688043   1.345   1.245   1.007   0.746   0
   2.14678574   1.273   1.175   0.910   0.613   0
   2.18203902   1.224   1.130   0.832   0.493   0
   2.19807053   1.202   1.111   0.796   0.435   0
   2.20000005   1.199   1.108   0.791   0.428   0
   2.21418357   1.172   1.081   0.753   0.376   0
   2.22474003   1.137   1.044   0.715   0.336   2
   2.23169255   1.090   0.993   0.674   0.307   0
   2.23711228   1.013   0.908   0.615   0.282   0
   2.24073672   0.864   0.741   0.512   0.256   0
   2.24173546   0.735   0.597   0.425   0.235   0
   2.24226880   0.576   0.446   0.329   0.202   0
   2.24234700   0.623   0.492   0.366   0.230   0
   2.24245572   0.749   0.614   0.454   0.280   0
   2.24262881   0.814   0.685   0.473   0.237   4
   2.24288011   0.818   0.698   0.431   0.130   0
   2.24324107   0.857   0.749   0.423   0.047   0
   2.24359131   0.925   0.819   0.442   0.004   0
   2.24402237   1.024   0.912   0.477  -0.024   0
   2.24453402   1.149   1.024   0.528  -0.034   0
   2.24531341   1.382   1.208   0.629  -0.008   0
   2.24595046   1.601   1.378   0.737   0.049   0
   2.24660373   1.867   1.583   0.880   0.139   0
   2.24726391   2.205   1.839   1.069   0.274   0
   2.24792314   2.532   2.087   1.258   0.415   0
   2.24881053   2.853   2.293   1.395   0.491   4
   2.24996376   2.924   2.262   1.305   0.352   0
   2.25089073   2.877   2.157   1.171   0.190   0
   2.25165868   2.821   2.057   1.050   0.049   0
   2.25242472   2.749   1.947   0.921  -0.096   0
   2.25321245   2.678   1.833   0.786  -0.249   0
   2.25416589   2.596   1.696   0.622  -0.436   0
   2.25499010   2.525   1.578   0.482  -0.595   0
   2.25584269   2.459   1.458   0.337  -0.763   0
   2.25660896   2.396   1.344   0.201  -0.920   0
   2.25730658   2.341   1.241   0.077  -1.063   0
   2.25801158   2.281   1.130  -0.055  -1.215   0
   2.25860524   2.239   1.037  -0.171  -1.350   0
   2.25919962   2.201   0.945  -0.286  -1.487   0
   2.25977778   2.180   0.865  -0.391  -1.616   0
   2.26035023   2.140   0.772  -0.505  -1.752   0
   2.26096797   2.126   0.688  -0.615  -1.889   0
   2.26159692   2.111   0.627  -0.695  -1.987   2
   2.26176667   2.121   0.710  -0.583  -1.847   0
   2.26182008   2.143   0.798  -0.469  -1.706   0
   2.26188755   2.184   0.897  -0.347  -1.561   0
   2.26198125   2.208   0.982  -0.236  -1.424   0
   2.26211429   2.252   1.081  -0.113  -1.279   0
   2.26229191   2.303   1.184   0.011  -1.136   0
   2.26250792   2.351   1.280   0.129  -0.999   0
   2.26277852   2.401   1.378   0.249  -0.860   0
   2.26326489   2.459   1.502   0.400  -0.680   0
   2.26404762   2.532   1.633   0.558  -0.497   0
   2.26537442   2.622   1.792   0.752  -0.275   0
   2.26703548   2.701   1.925   0.912  -0.091   0
   2.27015877   2.755   2.024   1.032   0.048   4
   2.35343242   2.511   1.780   0.789  -0.191   0
   2.41969252   2.304   1.566   0.572  -0.408   0
   2.46876168   2.173   1.404   0.394  -0.599   0
   2.48691940   2.129   1.313   0.280  -0.733   0
   2.49556732   2.089   1.214   0.152  -0.887   0
   2.49705195   2.060   1.139   0.054  -1.004   0
   2.49756980   2.035   1.065  -0.043  -1.120   0
   2.49774742   2.015   1.003  -0.123  -1.219   0
   2.49782443   1.994   0.946  -0.195  -1.305   0
   2.49790955   1.956   0.859  -0.304  -1.434   0
   2.49800301   1.914   0.760  -0.428  -1.581   0
   2.50000000   1.893   0.717  -0.479  -1.640   0
   2.50273514   1.863   0.639  -0.579  -1.758   0
   2.50366712   1.836   0.547  -0.698  -1.903   0
   2.50448418   1.821   0.449  -0.828  -2.067   0
   2.50520015   1.831   0.358  -0.959  -2.240   0
   2.50574946   1.807   0.251  -1.098  -2.410   0
   2.50612521   1.810   0.175  -1.203  -2.545   0
   2.50655508   1.770   0.058  -1.351  -2.725   0
   2.50680566   1.762  -0.025  -1.463  -2.868   0
   2.50698113   1.768  -0.092  -1.560  -2.996   0
   2.50714135   1.773  -0.164  -1.661  -3.127   0
   2.50728917   1.806  -0.225  -1.758  -3.264   0
   2.50742936   1.767  -0.247  -1.799  -3.376   0
   2.50756383   1.677  -0.275  -1.837  -3.487   0
   2.50773168   1.582  -0.300  -1.870  -3.596   0
   2.50790930   1.476  -0.333  -1.909  -3.708   0
   2.50809884   1.357  -0.376  -1.956  -3.822   3
   2.50819707   1.311  -0.327  -1.915  -3.912   0
   2.50821352   1.283  -0.267  -1.864  -4.001   0
   2.50823021   1.248  -0.259  -1.859  -4.064   0
   2.50824285   1.238  -0.250  -1.852  -4.086   0
   2.50825548   1.227  -0.241  -1.844  -4.107   0
   2.50826836   1.216  -0.233  -1.836  -4.129   0
   2.50828099   1.205  -0.224  -1.828  -4.150   0
   2.50829339   1.194  -0.215  -1.821  -4.171   0
   2.50830555   1.182  -0.207  -1.813  -4.192   0
   2.50831795   1.170  -0.198  -1.805  -4.213   0
   2.50833035   1.169  -0.177  -1.783  -4.226   0
   2.50834274   1.180  -0.142  -1.744  -4.230   0
   2.50835514   1.192  -0.107  -1.706  -4.234   0
   2.50836754   1.203  -0.071  -1.667  -4.238   0
   2.50837731   1.212  -0.043  -1.636  -4.241   0
   2.50838971   1.224  -0.008  -1.598  -4.245   0
   2.50840211   1.235   0.027  -1.559  -4.249   0
   2.50841451   1.247   0.062  -1.521  -4.252   0
   2.50842667   1.258   0.098  -1.483  -4.256   0
   2.50844669   1.269   0.129  -1.448  -4.259   0
   2.50849867   1.281   0.165  -1.409  -4.262   0
   2.50855017   1.292   0.200  -1.371  -4.266   0
   2.50860119   1.304   0.236  -1.332  -4.270   0
   2.50865197   1.316   0.271  -1.293  -4.274   0
   2.50870252   1.327   0.306  -1.255  -4.277   0
   2.50875282   1.339   0.342  -1.216  -4.281   0
   2.50880265   1.350   0.377  -1.177  -4.285   0
   2.50885201   1.362   0.413  -1.139  -4.288   0
   2.50890112   1.374   0.448  -1.100  -4.292   0
   2.50895000   1.394   0.494  -1.053  -4.287   1
   2.50899839   1.414   0.541  -1.007  -4.282   0
   2.50904655   1.434   0.587  -0.960  -4.277   0
   2.50909424   1.454   0.634  -0.913  -4.272   0
   2.50914192   1.475   0.680  -0.866  -4.267   0
   2.50918889   1.495   0.727  -0.819  -4.262   0
   2.50923562   1.516   0.774  -0.772  -4.257   0
   2.50928211   1.536   0.820  -0.725  -4.252   0
   2.50932813   1.556   0.867  -0.678  -4.247   0
   2.50937390   1.577   0.914  -0.631  -4.242   0
   2.50941944   1.597   0.961  -0.584  -4.237   0
   2.50946450   1.618   1.008  -0.536  -4.231   0
   2.50950909   1.638   1.054  -0.489  -4.226   0
   2.50955367   1.659   1.101  -0.442  -4.221   0
   2.50959754   1.679   1.148  -0.395  -4.216   0
   2.50964117   1.700   1.195  -0.347  -4.211   0
   2.50968456   1.721   1.242  -0.300  -4.205   0
   2.50972748   1.741   1.290  -0.252  -4.200   1
   2.50977015   1.746   1.319  -0.226  -4.205   0
   2.50981236   1.749   1.347  -0.202  -4.211   0
   2.50985432   1.753   1.375  -0.178  -4.217   0
   2.50989580   1.756   1.403  -0.154  -4.222   0
   2.50993705   1.759   1.431  -0.130  -4.228   0
   2.50997806   1.762   1.459  -0.106  -4.234   0
   2.51001859   1.766   1.487  -0.082  -4.240   0
   2.51005864   1.769   1.516  -0.057  -4.246   0
   2.51009846   1.773   1.545  -0.032  -4.251   0
   2.51013255   1.778   1.572  -0.008  -4.255   0
   2.51016402   1.784   1.602   0.018  -4.256   0
   2.51018858   1.795   1.633   0.046  -4.254   0
   2.51019835   1.804   1.655   0.066  -4.249   0
   2.51020241   1.814   1.674   0.084  -4.243   0
   2.51020408   1.824   1.693   0.101  -4.236   0
   2.51020551   1.835   1.712   0.118  -4.228   0
   2.51020694   1.846   1.732   0.137  -4.220   0
   2.51020837   1.858   1.753   0.157  -4.211   0
   2.51020980   1.871   1.776   0.178  -4.202   0
   2.51021123   1.885   1.801   0.201  -4.192   0
   2.51021266   1.900   1.827   0.226  -4.182   0
   2.51021409   1.916   1.856   0.253  -4.170   0
   2.51021552   1.934   1.887   0.282  -4.157   0
   2.51021695   1.954   1.922   0.315  -4.143   0
   2.51021838   1.976   1.961   0.351  -4.127   0
   2.51021934   1.995   1.993   0.381  -4.114   0
