   0.15000001  16.097  14.565  12.988  10.478   0
   0.20000000  14.929  13.517  12.016   9.740   0
   0.25000000  14.237  12.873  11.408   9.255   0
   0.30000001  13.730  12.388  10.938   8.902   0
   0.34999999  13.296  11.968  10.530   8.602   0
   0.40000001  12.861  11.544  10.118   8.275   0
   0.44999999  12.406  11.104   9.702   7.956   0
   0.50000000  11.931  10.643   9.269   7.642   0
   0.55000001  11.448  10.172   8.837   7.299   0
   0.60000002  10.971   9.711   8.425   6.965   0
   0.69999999   9.821   8.704   7.549   6.273   0
   0.80000001   8.501   7.673   6.667   5.589   0
   0.89999998   7.246   6.740   5.880   4.985   0
   1.00000000   6.262   5.990   5.253   4.478   0
   1.10000002   5.499   5.363   4.719   4.025   0
   1.20000005   4.718   4.685   4.143   3.541   0
   1.29999995   4.158   4.164   3.698   3.167   0
   1.39999998   3.686   3.703   3.305   2.845   0
   1.50000000   3.294   3.302   2.969   2.589   0
   1.60000002   2.931   2.910   2.645   2.359   0
   1.70000005   2.611   2.560   2.360   2.164   0
   1.79999995   2.340   2.273   2.132   2.010   0
   1.89999998   2.093   2.039   1.945   1.875   0
   1.95000005   1.982   1.938   1.864   1.815   0
   2.00000000   1.833   1.806   1.751   1.720   0
   2.20000005   1.453   1.498   1.496   1.515   0
   2.46421742   0.989   1.143   1.188   1.243   0
   2.50000000   0.931   1.101   1.150   1.208   0
   3.00000000   0.235   0.584   0.675   0.768   0
   3.50000000  -0.304   0.172   0.287   0.402   0
   4.00000000  -0.742  -0.173  -0.040   0.094   0
   4.50000000  -1.102  -0.464  -0.315  -0.165   0
   5.00000000  -1.431  -0.738  -0.576  -0.411   0
   6.00000000  -2.003  -1.227  -1.042  -0.854   0
   6.29594898  -2.154  -1.357  -1.167  -0.973   0
   7.00000000  -2.493  -1.650  -1.449  -1.241   0
   8.29743290  -3.079  -2.168  -1.950  -1.722   0
   9.00000000  -3.384  -2.442  -2.217  -1.979   0
  10.87673950  -4.064  -3.060  -2.822  -2.567   0
  12.00000000  -4.475  -3.445  -3.200  -2.940   0
  12.83729267  -4.748  -3.704  -3.456  -3.193   0
  14.45857239  -5.327  -4.271  -4.022  -3.759   1
  15.00000000  -5.548  -4.496  -4.250  -3.990   0
  15.69890690  -5.796  -4.751  -4.508  -4.254   0
  16.85668945  -6.318  -5.309  -5.085  -4.857   0
  17.33987808  -6.582  -5.609  -5.396  -5.183   0
  17.62164307  -6.725  -5.775  -5.567  -5.361   0
  17.68220139  -6.734  -5.774  -5.564  -5.356   0
  17.75042725  -6.693  -5.686  -5.467  -5.246   0
  17.75900078  -6.686  -5.644  -5.416  -5.185   0
  17.76053238  -6.677  -5.629  -5.399  -5.164   1
  17.76307487  -6.689  -5.660  -5.436  -5.208   0
  17.76415062  -6.729  -5.717  -5.498  -5.276   0
  17.76483536  -6.769  -5.773  -5.558  -5.341   0
  17.76557541  -6.820  -5.847  -5.636  -5.425   0
  17.76631546  -6.868  -5.925  -5.718  -5.513   0
  17.76695061  -6.915  -6.000  -5.797  -5.599   0
  17.76769066  -6.997  -6.094  -5.901  -5.718   0
  17.76832390  -7.072  -6.183  -5.999  -5.829   0
  17.76885223  -7.128  -6.265  -6.088  -5.926   0
  17.76906395  -7.151  -6.299  -6.124  -5.967   0
  17.76964569  -7.208  -6.388  -6.219  -6.073   0
  17.77010918  -7.259  -6.468  -6.306  -6.170   0
  17.77057266  -7.306  -6.552  -6.396  -6.270   0
  17.77115440  -7.366  -6.657  -6.510  -6.398   0
  17.77161789  -7.435  -6.743  -6.613  -6.521   0
  17.77196693  -7.476  -6.821  -6.698  -6.616   0
  17.77243042  -7.517  -6.930  -6.810  -6.737   0
  17.77277946  -7.550  -7.026  -6.911  -6.844   0
  17.77324295  -7.610  -7.121  -7.025  -6.983   0
  17.77359200  -7.659  -7.204  -7.125  -7.107   0
  17.77382278  -7.675  -7.267  -7.196  -7.189   0
  17.77417183  -7.682  -7.357  -7.295  -7.301   0
  17.77440453  -7.679  -7.426  -7.372  -7.386   0
  17.77463531  -7.663  -7.493  -7.446  -7.471   0
  17.77498436  -7.659  -7.543  -7.532  -7.596   0
  17.77521706  -7.624  -7.591  -7.600  -7.686   0
  17.77544785  -7.559  -7.626  -7.658  -7.770   0
  17.77579689  -7.439  -7.618  -7.700  -7.869   0
  17.77602959  -7.309  -7.568  -7.707  -7.939   3
  17.77637672  -7.094  -7.427  -7.685  -8.032   0
  17.77660942  -6.883  -7.260  -7.645  -8.098   0
  17.77684212  -6.622  -7.055  -7.582  -8.150   0
  17.77707481  -6.382  -6.878  -7.516  -8.171   0
  17.77719116  -6.193  -6.746  -7.460  -8.175   0
  17.77730560  -5.983  -6.608  -7.398  -8.171   0
  17.77742195  -5.735  -6.450  -7.325  -8.160   0
  17.77753830  -5.439  -6.270  -7.237  -8.137   0
  17.77765465  -5.108  -6.075  -7.140  -8.109   0
  17.77788734  -4.580  -5.789  -6.985  -8.047   0
  17.77800369  -4.153  -5.564  -6.851  -7.984   0
  17.77811813  -3.755  -5.356  -6.723  -7.919   0
  17.77835083  -3.121  -5.024  -6.498  -7.806   0
  17.77869987  -2.563  -4.736  -6.309  -7.729   0
  17.77888107  -2.298  -4.630  -6.260  -7.751   0
  17.77906227  -2.214  -4.565  -6.229  -7.815   0
  17.77915382  -2.294  -4.565  -6.226  -7.863   0
  17.77924538  -2.377  -4.587  -6.246  -7.923   0
  17.77933502  -2.467  -4.597  -6.252  -7.976   0
  17.77942657  -2.580  -4.581  -6.226  -8.021   0
  17.78188133  -3.023  -4.591  -6.181  -8.254   0
  17.78906059  -3.062  -4.541  -6.130  -8.322   4
  17.81159019  -3.048  -4.649  -6.238  -8.266   0
  17.83306503  -2.998  -4.705  -6.302  -8.214   0
  17.86094093  -2.796  -4.697  -6.324  -8.152   0
  17.94702148  -2.556  -4.774  -6.441  -8.128   0
  17.97964859  -2.523  -4.839  -6.514  -8.150   2
  18.06688309  -2.603  -5.056  -6.729  -8.243   0
  18.09054947  -2.849  -5.196  -6.831  -8.297   0
  18.09807587  -3.209  -5.392  -6.968  -8.360   0
  18.10055542  -3.577  -5.575  -7.086  -8.407   0
  18.10303307  -4.268  -5.899  -7.279  -8.474   0
  18.10551071  -4.895  -6.191  -7.429  -8.516   0
  18.10679054  -5.140  -6.313  -7.484  -8.524   0
  18.10918236  -5.470  -6.477  -7.558  -8.536   0
  18.11165619  -5.655  -6.576  -7.597  -8.532   0
  18.11404610  -5.779  -6.643  -7.623  -8.530   0
  18.11890602  -5.900  -6.709  -7.648  -8.527   0
  18.12597656  -5.941  -6.731  -7.657  -8.527   1
  18.16343880  -5.759  -6.633  -7.620  -8.531   0
  18.18909264  -5.599  -6.547  -7.586  -8.535   0
  18.21427345  -5.434  -6.460  -7.551  -8.536   0
  18.23897743  -5.249  -6.368  -7.510  -8.530   0
  18.26142120  -5.085  -6.287  -7.473  -8.525   0
  18.28117371  -4.930  -6.209  -7.438  -8.519   0
  18.29753113  -4.767  -6.133  -7.401  -8.512   0
  18.31350136  -4.573  -6.043  -7.356  -8.500   0
  18.32618904  -4.409  -5.968  -7.318  -8.491   0
  18.33834267  -4.248  -5.894  -7.280  -8.481   0
  18.34760475  -4.088  -5.820  -7.240  -8.469   0
  18.35507774  -3.913  -5.739  -7.192  -8.454   0
  18.36241722  -3.731  -5.655  -7.142  -8.438   0
  18.36629868  -3.560  -5.576  -7.094  -8.421   0
  18.37198257  -3.237  -5.419  -6.995  -8.385   0
  18.37503433  -3.052  -5.323  -6.930  -8.360   0
  18.37864304  -2.834  -5.207  -6.852  -8.327   0
  18.38142014  -2.670  -5.119  -6.791  -8.299   0
  18.38614082  -2.528  -5.017  -6.711  -8.262   2
  18.39962578  -2.590  -4.943  -6.624  -8.246   0
  18.67319298  -3.029  -4.873  -6.484  -8.322   0
  18.69570541  -3.174  -4.887  -6.476  -8.363   0
  18.70331573  -3.227  -4.737  -6.317  -8.439   0
  18.70683289  -3.208  -4.655  -6.240  -8.466   0
  18.71111298  -3.215  -4.614  -6.207  -8.522   4
  18.71728897  -3.287  -4.661  -6.259  -8.631   0
