   0.15000001  16.070  14.542  12.968  10.465   0
   0.20000000  14.882  13.475  11.977   9.707   0
   0.25000000  14.170  12.810  11.348   9.197   0
   0.30000001  13.646  12.304  10.856   8.824   0
   0.34999999  13.210  11.881  10.443   8.517   0
   0.40000001  12.809  11.492  10.066   8.226   0
   0.42813960  12.544  11.237   9.826   8.045   0
   0.44999999  12.352  11.050   9.650   7.913   0
   0.50000000  11.862  10.573   9.202   7.585   0
   0.55000001  11.371  10.094   8.764   7.237   0
   0.60000002  10.876   9.615   8.334   6.884   0
   0.64617902  10.301   9.106   7.889   6.530   0
   0.69999999   9.634   8.538   7.398   6.140   0
   0.73685837   9.054   8.089   7.016   5.849   0
   0.78616220   8.294   7.510   6.524   5.473   0
   0.80000001   8.081   7.351   6.389   5.370   0
   0.80213934   8.045   7.325   6.367   5.353   0
   0.84056580   7.440   6.876   5.989   5.063   0
   0.87322354   6.980   6.528   5.693   4.826   0
   0.89999998   6.634   6.261   5.467   4.640   0
   0.91800421   6.408   6.081   5.313   4.509   0
   0.93802530   6.160   5.882   5.142   4.364   0
   0.95590866   5.952   5.711   4.993   4.236   0
   0.97219908   5.775   5.560   4.862   4.122   0
   0.98752296   5.614   5.422   4.740   4.015   0
   1.00000000   5.489   5.313   4.644   3.929   0
   1.00068748   5.481   5.307   4.638   3.924   0
   1.01325774   5.347   5.188   4.532   3.828   0
   1.02351069   5.241   5.093   4.446   3.750   0
   1.02447164   5.232   5.085   4.439   3.743   0
   1.03052616   5.179   5.036   4.393   3.701   0
   1.03677142   5.123   4.985   4.346   3.657   0
   1.04661822   5.038   4.906   4.272   3.588   0
   1.05258107   4.984   4.856   4.225   3.544   0
   1.06192100   4.898   4.775   4.150   3.473   0
   1.06948519   4.829   4.709   4.087   3.413   0
   1.10000002   4.558   4.439   3.823   3.154   0
   1.10282099   4.531   4.412   3.796   3.127   0
   1.12771702   4.363   4.210   3.571   2.882   0
   1.14449680   4.402   4.169   3.469   2.730   3
   1.15197194   4.706   4.346   3.561   2.747   0
   1.15551746   4.970   4.506   3.659   2.789   0
   1.15850580   5.216   4.645   3.742   2.817   4
   1.16302669   5.319   4.643   3.685   2.706   0
   1.16617680   5.244   4.523   3.542   2.540   0
   1.16840971   5.146   4.401   3.409   2.395   0
   1.17039704   5.032   4.266   3.263   2.239   0
   1.17220902   4.915   4.130   3.117   2.086   0
   1.17379141   4.796   3.993   2.971   1.932   0
   1.17518461   4.679   3.855   2.822   1.775   0
   1.17634535   4.569   3.725   2.682   1.626   0
   1.17735577   4.465   3.599   2.545   1.481   0
   1.17828274   4.366   3.476   2.409   1.334   0
   1.17910814   4.274   3.358   2.279   1.192   0
   1.17982900   4.188   3.242   2.150   1.051   0
   1.18051624   4.096   3.117   2.010   0.897   0
   1.18106151   4.014   3.004   1.883   0.757   0
   1.18158209   3.933   2.891   1.754   0.615   0
   1.18208516   3.855   2.778   1.626   0.473   0
   1.18258512   3.789   2.681   1.515   0.349   0
   1.18290246   3.759   2.637   1.466   0.294   2
   1.18328512   3.810   2.723   1.566   0.410   0
   1.18339360   3.824   2.747   1.595   0.442   0
   1.18375564   3.748   2.634   1.466   0.299   0
   1.18412411   3.674   2.523   1.338   0.156   0
   1.18448830   3.605   2.403   1.197  -0.005   0
   1.18477762   3.551   2.306   1.080  -0.139   0
   1.18507826   3.492   2.195   0.948  -0.292   0
   1.18533278   3.440   2.095   0.828  -0.433   0
   1.18555367   3.397   1.999   0.711  -0.571   0
   1.18577421   3.347   1.884   0.569  -0.739   0
   1.18593729   3.327   1.802   0.464  -0.869   0
   1.18612635   3.282   1.688   0.321  -1.038   0
   1.18626654   3.262   1.607   0.216  -1.171   0
   1.18638813   3.238   1.516   0.097  -1.319   0
   1.18650901   3.215   1.424  -0.022  -1.468   0
   1.18661201   3.179   1.327  -0.143  -1.613   0
   1.18669820   3.189   1.263  -0.236  -1.738   0
   1.18677175   3.162   1.212  -0.308  -1.857   0
   1.18684363   3.083   1.176  -0.358  -1.979   0
   1.18690860   2.998   1.144  -0.402  -2.096   0
   1.18696499   2.907   1.112  -0.443  -2.208   0
   1.18701911   2.803   1.081  -0.483  -2.326   0
   1.18706632   2.711   1.057  -0.514  -2.441   0
   1.18710709   2.661   1.062  -0.520  -2.551   3
   1.18714607   2.629   1.118  -0.475  -2.657   0
   1.18717635   2.591   1.156  -0.446  -2.750   0
   1.18720841   2.517   1.145  -0.461  -2.862   0
   1.18723440   2.543   1.263  -0.333  -2.895   0
   1.18726087   2.617   1.457  -0.123  -2.898   0
   1.18728209   2.630   1.545  -0.024  -2.933   0
   1.18730414   2.719   1.759   0.206  -2.924   0
   1.18732321   2.764   1.893   0.345  -2.934   0
   1.18734145   2.867   2.113   0.567  -2.899   0
   1.18735754   2.970   2.331   0.787  -2.862   0
   1.18736839   3.032   2.466   0.923  -2.843   0
   1.18736839   3.290   2.233   1.089  -0.037   1
   1.18751287   3.263   2.177   1.019  -0.118   0
   1.18765819   3.254   2.156   0.993  -0.148   0
   1.18780148   3.251   2.157   0.995  -0.145   0
   1.18813133   3.243   2.161   1.005  -0.129   0
   1.18846858   3.239   2.164   1.011  -0.121   0
   1.18881035   3.235   2.166   1.015  -0.114   0
   1.18916130   3.230   2.168   1.020  -0.105   0
   1.18951750   3.224   2.167   1.021  -0.102   0
   1.18988609   3.219   2.166   1.023  -0.098   0
   1.19026113   3.213   2.163   1.022  -0.098   0
   1.19062996   3.206   2.159   1.019  -0.099   0
   1.19099975   3.199   2.154   1.014  -0.104   0
   1.19136441   3.188   2.143   1.003  -0.114   0
   1.19157672   3.177   2.133   0.994  -0.123   0
   1.19168901   3.174   2.128   0.988  -0.129   0
   1.19196141   3.167   2.116   0.973  -0.146   0
   1.19224155   3.158   2.099   0.953  -0.169   0
   1.19252169   3.146   2.077   0.926  -0.200   0
   1.19296300   3.124   2.025   0.861  -0.278   0
   1.19306016   3.118   2.007   0.838  -0.305   0
   1.19321835   3.112   1.982   0.805  -0.346   0
   1.19356740   3.086   1.904   0.705  -0.466   0
   1.19361854   3.068   1.835   0.614  -0.577   0
   1.19365501   3.051   1.736   0.481  -0.746   0
   1.19366550   3.032   1.655   0.375  -0.878   0
   1.19367373   3.021   1.531   0.207  -1.091   0
   1.19367754   3.003   1.444   0.094  -1.231   0
   1.19368207   3.003   1.361  -0.022  -1.381   0
   1.19368887   3.012   1.306  -0.104  -1.493   0
   1.19369066   3.015   1.299  -0.114  -1.507   0
   1.19371271   3.002   1.365  -0.016  -1.372   0
   1.19374323   2.990   1.385   0.017  -1.325   1
   1.19388139   3.013   1.295  -0.120  -1.514   0
   1.19394636   3.019   1.192  -0.265  -1.707   0
   1.19398487   3.030   1.110  -0.384  -1.865   0
   1.19401717   3.054   1.067  -0.464  -2.012   0
   1.19404352   2.970   1.056  -0.491  -2.136   0
   1.19406867   2.841   1.006  -0.554  -2.295   0
   1.19408298   2.738   0.969  -0.597  -2.409   0
   1.19409251   2.640   0.959  -0.613  -2.507   0
   1.19410229   2.596   0.987  -0.598  -2.621   0
   1.19410992   2.569   1.047  -0.547  -2.718   0
   1.19411767   2.531   1.107  -0.496  -2.820   0
   1.19412518   2.467   1.116  -0.491  -2.924   2
   1.19413209   2.587   1.375  -0.213  -2.894   0
   1.19413960   2.610   1.486  -0.090  -2.928   0
   1.19414687   2.680   1.665   0.105  -2.929   0
   1.19415581   2.756   1.858   0.311  -2.926   0
   1.19416475   2.928   2.189   0.643  -2.846   0
   1.19417059   3.100   2.545   1.002  -2.781   0
   1.19417131   3.192   2.717   1.175  -2.736   0
   1.19417238   3.212   2.762   1.220  -2.731   1
   1.19417346   3.215   2.788   1.243  -2.737   0
   1.19417465   3.217   2.815   1.265  -2.743   0
   1.19417572   3.220   2.841   1.288  -2.748   0
   1.19417679   3.223   2.867   1.310  -2.754   0
   1.19417787   3.226   2.893   1.333  -2.760   0
   1.19417894   3.228   2.919   1.355  -2.766   0
   1.19418001   3.231   2.946   1.378  -2.772   0
   1.19418108   3.234   2.972   1.401  -2.778   0
   1.19418228   3.237   2.999   1.423  -2.784   0
   1.19418335   3.240   3.025   1.446  -2.789   0
   1.19418442   3.242   3.051   1.469  -2.795   0
   1.19418550   3.245   3.077   1.491  -2.801   0
   1.19418657   3.248   3.104   1.514  -2.807   0
   1.19418740   3.251   3.125   1.532  -2.811   0
   1.19418859   3.253   3.152   1.555  -2.817   0
   1.19418967   3.256   3.178   1.578  -2.823   0
   1.19419074   3.259   3.205   1.601  -2.828   0
   1.19419181   3.262   3.232   1.624  -2.834   0
   1.19419289   3.265   3.259   1.647  -2.840   0
   1.19419396   3.264   3.275   1.659  -2.852   0
   1.19419503   3.262   3.290   1.671  -2.866   0
   1.19419611   3.261   3.306   1.684  -2.879   0
   1.19419718   3.260   3.323   1.697  -2.891   0
   1.19419837   3.262   3.344   1.713  -2.902   0
   1.19419932   3.270   3.371   1.736  -2.907   0
   1.19419980   3.294   3.418   1.778  -2.898   0
   1.19419980   3.302   3.432   1.791  -2.894   0
   1.19419980   3.339   3.494   1.848  -2.873   0
