   0.15000001  16.097  14.565  12.988  10.478   0
   0.20000000  14.929  13.517  12.016   9.740   0
   0.25000000  14.237  12.873  11.408   9.255   0
   0.30000001  13.730  12.388  10.938   8.902   0
   0.34999999  13.296  11.968  10.530   8.602   0
   0.40000001  12.861  11.544  10.117   8.275   0
   0.44999999  12.406  11.104   9.702   7.956   0
   0.50000000  11.931  10.643   9.269   7.642   0
   0.55000001  11.448  10.172   8.837   7.299   0
   0.60000002  10.971   9.711   8.425   6.965   0
   0.69999999   9.821   8.704   7.550   6.273   0
   0.80000001   8.500   7.672   6.667   5.589   0
   0.89999998   7.245   6.739   5.879   4.984   0
   1.00000000   6.259   5.988   5.251   4.476   0
   1.10000002   5.493   5.359   4.715   4.022   0
   1.20000005   4.715   4.683   4.141   3.539   0
   1.29999995   4.157   4.164   3.698   3.167   0
   1.39999998   3.685   3.703   3.304   2.844   0
   1.50000000   3.294   3.302   2.969   2.588   0
   1.60000002   2.931   2.910   2.645   2.359   0
   1.70000005   2.614   2.563   2.362   2.166   0
   1.79999995   2.343   2.276   2.135   2.012   0
   1.89999998   2.092   2.037   1.943   1.873   0
   1.95000005   1.982   1.938   1.863   1.814   0
   2.00000000   1.849   1.821   1.764   1.732   0
   2.19973111   1.455   1.498   1.496   1.514   1
   2.20000005   1.454   1.498   1.495   1.514   0
   2.50000000   0.928   1.096   1.145   1.203   0
   3.00000000   0.229   0.575   0.666   0.758   0
   3.50000000  -0.315   0.158   0.273   0.387   0
   4.00000000  -0.757  -0.192  -0.059   0.073   0
   4.50000000  -1.125  -0.491  -0.343  -0.194   0
   5.00000000  -1.462  -0.773  -0.612  -0.449   0
   5.38098288  -1.697  -0.974  -0.804  -0.631   0
   6.00000000  -2.053  -1.281  -1.097  -0.910   0
   7.00000000  -2.565  -1.727  -1.526  -1.319   0
   7.07066965  -2.601  -1.758  -1.556  -1.349   0
   8.23521328  -3.174  -2.273  -2.056  -1.831   0
   9.00000000  -3.537  -2.602  -2.378  -2.144   0
  10.59333611  -4.235  -3.252  -3.020  -2.775   0
  11.73012829  -4.785  -3.788  -3.554  -3.310   1
  12.00000000  -4.937  -3.942  -3.710  -3.467   0
  12.57701015  -5.231  -4.242  -4.013  -3.775   0
  13.32033062  -5.705  -4.751  -4.534  -4.315   0
  13.62469292  -5.935  -5.009  -4.800  -4.593   0
  13.78083801  -6.047  -5.131  -4.925  -4.722   0
  13.83479500  -6.058  -5.129  -4.921  -4.714   0
  13.87538052  -6.022  -5.046  -4.828  -4.608   0
  13.88039970  -6.029  -5.018  -4.792  -4.561   0
  13.88118267  -6.024  -5.007  -4.780  -4.547   1
  13.88282394  -6.011  -5.017  -4.794  -4.569   0
  13.88359070  -6.055  -5.082  -4.865  -4.647   0
  13.88413811  -6.107  -5.155  -4.943  -4.731   0
  13.88477993  -6.185  -5.264  -5.059  -4.857   0
  13.88525009  -6.244  -5.348  -5.147  -4.953   0
  13.88567829  -6.311  -5.437  -5.243  -5.060   0
  13.88614845  -6.382  -5.534  -5.348  -5.177   0
  13.88657665  -6.447  -5.626  -5.448  -5.288   0
  13.88691902  -6.507  -5.713  -5.542  -5.393   0
  13.88721848  -6.559  -5.790  -5.626  -5.487   0
  13.88764668  -6.627  -5.894  -5.738  -5.614   0
  13.88802242  -6.696  -6.002  -5.857  -5.748   0
  13.88834381  -6.750  -6.089  -5.955  -5.860   0
  13.88861179  -6.792  -6.170  -6.044  -5.960   0
  13.88887978  -6.832  -6.262  -6.142  -6.069   0
  13.88914776  -6.865  -6.345  -6.231  -6.166   0
  13.88941574  -6.911  -6.429  -6.330  -6.284   0
  13.88963032  -6.945  -6.490  -6.404  -6.376   0
  13.88989830  -6.978  -6.584  -6.514  -6.510   0
  13.89011288  -6.978  -6.665  -6.605  -6.612   0
  13.89032745  -6.966  -6.741  -6.690  -6.708   0
  13.89048767  -6.945  -6.808  -6.765  -6.794   0
  13.89064884  -6.932  -6.835  -6.814  -6.866   0
  13.89081001  -6.898  -6.875  -6.878  -6.957   0
  13.89097023  -6.823  -6.910  -6.935  -7.042   0
  13.89113140  -6.737  -6.906  -6.963  -7.106   0
  13.89129257  -6.591  -6.845  -6.970  -7.186   3
  13.89145279  -6.447  -6.752  -6.954  -7.247   0
  13.89161396  -6.221  -6.569  -6.908  -7.322   0
  13.89182854  -5.867  -6.279  -6.812  -7.386   0
  13.89198875  -5.464  -5.986  -6.692  -7.404   0
  13.89204311  -5.230  -5.830  -6.621  -7.398   0
  13.89214993  -4.771  -5.542  -6.480  -7.365   0
  13.89220333  -4.431  -5.338  -6.374  -7.328   0
  13.89225674  -4.070  -5.136  -6.261  -7.280   0
  13.89236450  -3.641  -4.900  -6.124  -7.215   0
  13.89247131  -2.825  -4.460  -5.838  -7.064   0
  13.89268589  -2.042  -4.023  -5.525  -6.890   0
  13.89284706  -1.749  -3.861  -5.412  -6.841   0
  13.89301682  -1.449  -3.712  -5.342  -6.912   0
  13.89314365  -1.679  -3.670  -5.294  -7.055   0
  13.89318562  -1.793  -3.706  -5.328  -7.140   0
  13.89322853  -1.918  -3.754  -5.373  -7.233   0
  13.89331341  -2.095  -3.847  -5.464  -7.390   0
  13.89344025  -2.219  -3.802  -5.414  -7.549   0
  13.89382172  -2.281  -3.768  -5.373  -7.615   0
  13.89530563  -2.316  -3.711  -5.316  -7.680   0
  13.90165710  -2.308  -3.651  -5.256  -7.705   4
  13.92199326  -2.312  -3.774  -5.378  -7.648   0
  13.93952847  -2.251  -3.846  -5.458  -7.575   0
  13.95850658  -2.211  -3.943  -5.562  -7.522   0
  13.99047279  -2.135  -3.992  -5.617  -7.475   0
  14.06944847  -1.996  -4.104  -5.749  -7.467   0
  14.14433289  -2.000  -4.428  -6.093  -7.619   2
  14.16946888  -3.056  -5.017  -6.513  -7.832   0
  14.17892456  -6.334  -6.781  -7.336  -7.927   0
  14.18241215  -6.776  -7.121  -7.405  -7.777   0
  14.18358707  -6.876  -7.193  -7.416  -7.729   0
  14.18472385  -6.961  -7.248  -7.420  -7.686   0
  14.18585968  -7.035  -7.289  -7.420  -7.645   0
  14.18699551  -7.089  -7.316  -7.418  -7.611   0
  14.18809319  -7.125  -7.319  -7.407  -7.583   0
  14.19024944  -7.178  -7.327  -7.392  -7.541   0
  14.19448280  -7.208  -7.329  -7.378  -7.511   0
  14.19557858  -7.210  -7.327  -7.375  -7.506   1
  14.22519588  -7.051  -7.296  -7.416  -7.628   0
  14.24208260  -6.887  -7.200  -7.415  -7.721   0
  14.25434303  -6.741  -7.096  -7.401  -7.792   0
  14.26250648  -6.600  -6.981  -7.380  -7.844   0
  14.27070522  -6.391  -6.821  -7.341  -7.903   0
  14.27489376  -6.255  -6.719  -7.313  -7.934   0
  14.27893639  -6.073  -6.598  -7.272  -7.957   0
  14.28314304  -5.864  -6.462  -7.225  -7.977   0
  14.29142570  -5.224  -6.086  -7.072  -7.985   0
  14.30352116  -2.072  -4.453  -6.101  -7.607   0
  14.33653831  -2.091  -4.199  -5.847  -7.572   2
  14.44265079  -2.290  -4.104  -5.728  -7.613   0
  14.45119953  -2.340  -4.049  -5.666  -7.649   0
  14.45203686  -2.357  -4.032  -5.646  -7.661   0
  14.45836639  -2.420  -3.858  -5.459  -7.755   0
  14.46072006  -2.419  -3.769  -5.374  -7.812   2
  14.46391201  -2.366  -3.615  -5.207  -7.823   0
  14.46673679  -2.351  -3.541  -5.126  -7.846   0
