   0.15000001  16.078  14.549  12.974  10.469   0
   0.20000000  14.896  13.487  11.988   9.717   0
   0.25000000  14.189  12.829  11.365   9.214   0
   0.30000001  13.670  12.328  10.880   8.846   0
   0.34999999  13.235  11.907  10.469   8.542   0
   0.40000001  12.819  11.502  10.076   8.234   0
   0.44484907  12.412  11.108   9.705   7.955   0
   0.44999999  12.368  11.066   9.665   7.925   0
   0.50000000  11.882  10.593   9.221   7.601   0
   0.55000001  11.393  10.116   8.784   7.253   0
   0.60000002  10.907   9.645   8.360   6.905   0
   0.69999999   9.702   8.593   7.445   6.178   0
   0.72956330   9.246   8.240   7.145   5.949   0
   0.79832113   8.265   7.485   6.500   5.451   0
   0.80000001   8.242   7.468   6.485   5.440   0
   0.81291366   8.042   7.319   6.360   5.345   0
   0.86349666   7.289   6.763   5.894   4.988   0
   0.89999998   6.807   6.400   5.589   4.745   0
   0.92222077   6.543   6.194   5.413   4.599   0
   0.95016676   6.220   5.939   5.196   4.416   0
   0.97433805   5.959   5.727   5.015   4.263   0
   0.99558777   5.747   5.549   4.862   4.131   0
   1.00000000   5.704   5.513   4.831   4.104   0
   1.00595522   5.645   5.462   4.786   4.065   0
   1.02459359   5.459   5.303   4.647   3.943   0
   1.04114163   5.299   5.164   4.525   3.835   0
   1.05600882   5.160   5.043   4.417   3.739   0
   1.06927395   5.045   4.939   4.324   3.655   0
   1.08009374   4.957   4.857   4.250   3.590   0
   1.08148265   4.946   4.847   4.242   3.582   0
   1.09018373   4.883   4.788   4.187   3.532   0
   1.09907997   4.820   4.729   4.133   3.482   0
   1.10000002   4.814   4.723   4.127   3.477   0
   1.10351324   4.788   4.698   4.104   3.455   0
   1.10776615   4.759   4.671   4.079   3.431   0
   1.11276901   4.721   4.634   4.044   3.399   0
   1.12258768   4.651   4.566   3.980   3.339   0
   1.12961996   4.604   4.520   3.936   3.296   0
   1.14166129   4.535   4.450   3.867   3.228   1
   1.15228248   4.487   4.399   3.814   3.174   0
   1.20000005   4.018   3.943   3.384   2.767   0
   1.20024574   3.986   3.913   3.359   2.745   0
   1.20037949   3.973   3.901   3.348   2.735   0
   1.21036291   3.935   3.843   3.271   2.640   0
   1.24262607   3.973   3.797   3.147   2.449   3
   1.25477803   4.317   4.009   3.259   2.476   0
   1.25887239   4.559   4.167   3.362   2.532   0
   1.26200521   4.771   4.303   3.453   2.581   0
   1.26498330   4.954   4.411   3.521   2.611   0
   1.26587927   5.002   4.437   3.537   2.616   4
   1.27276802   5.076   4.418   3.469   2.501   0
   1.27731109   5.011   4.314   3.344   2.356   0
   1.28115571   4.911   4.186   3.203   2.201   0
   1.28426409   4.806   4.061   3.067   2.056   0
   1.28719342   4.689   3.924   2.919   1.899   0
   1.28976381   4.575   3.789   2.774   1.746   0
   1.29197013   4.458   3.651   2.625   1.588   0
   1.29386675   4.350   3.520   2.483   1.436   0
   1.29555368   4.244   3.389   2.340   1.283   0
   1.29697931   4.142   3.262   2.200   1.132   0
   1.29833078   4.044   3.135   2.058   0.978   0
   1.29945183   3.958   3.017   1.926   0.832   0
   1.29999995   3.913   2.955   1.856   0.755   0
   1.30068576   3.855   2.875   1.766   0.656   0
   1.30161524   3.769   2.752   1.626   0.500   0
   1.30243540   3.691   2.637   1.495   0.353   0
   1.30320585   3.615   2.522   1.362   0.205   0
   1.30385923   3.563   2.448   1.279   0.113   2
   1.30466592   3.618   2.539   1.386   0.236   0
   1.30523896   3.536   2.421   1.251   0.086   0
   1.30580330   3.472   2.313   1.124  -0.058   0
   1.30636454   3.406   2.198   0.989  -0.212   0
   1.30683887   3.348   2.087   0.854  -0.369   0
   1.30725336   3.294   1.984   0.731  -0.511   0
   1.30766797   3.247   1.876   0.599  -0.669   0
   1.30802369   3.200   1.773   0.473  -0.818   0
   1.30832624   3.162   1.673   0.349  -0.966   0
   1.30858874   3.127   1.576   0.227  -1.111   0
   1.30881631   3.104   1.491   0.118  -1.247   0
   1.30901492   3.091   1.413   0.013  -1.380   0
   1.30921245   3.065   1.324  -0.101  -1.522   0
   1.30938268   3.041   1.234  -0.217  -1.666   0
   1.30953038   3.019   1.149  -0.327  -1.801   0
   1.30965805   3.034   1.086  -0.421  -1.928   0
   1.30978322   2.984   1.034  -0.492  -2.055   0
   1.30989087   2.905   1.005  -0.534  -2.174   0
   1.30999529   2.813   0.971  -0.580  -2.294   0
   1.31008542   2.713   0.934  -0.625  -2.414   0
   1.31016219   2.610   0.910  -0.657  -2.525   0
   1.31022990   2.532   0.889  -0.686  -2.640   3
   1.31030083   2.482   0.909  -0.678  -2.756   0
   1.31036174   2.463   0.991  -0.607  -2.854   0
   1.31041527   2.393   0.988  -0.616  -2.967   0
   1.31046450   2.347   1.016  -0.587  -3.058   0
   1.31050539   2.450   1.252  -0.334  -3.040   0
   1.31054974   2.464   1.360  -0.213  -3.086   0
   1.31058562   2.548   1.563   0.007  -3.080   0
   1.31062150   2.587   1.703   0.155  -3.103   0
   1.31065154   2.731   1.985   0.439  -3.040   0
   1.31066334   2.750   2.038   0.493  -3.039   0
   1.31066334   3.193   2.160   1.026  -0.089   0
   1.31101036   3.175   2.109   0.961  -0.169   0
   1.31129944   3.164   2.094   0.943  -0.188   2
   1.31148612   3.165   2.097   0.947  -0.184   0
   1.31183517   3.163   2.101   0.954  -0.173   0
   1.31218600   3.161   2.104   0.959  -0.166   0
   1.31254137   3.159   2.106   0.962  -0.162   0
   1.31290030   3.157   2.106   0.964  -0.159   0
   1.31326270   3.154   2.107   0.966  -0.155   0
   1.31362593   3.152   2.107   0.967  -0.153   0
   1.31400979   3.148   2.106   0.967  -0.151   0
   1.31438804   3.140   2.104   0.968  -0.147   0
   1.31454456   3.138   2.103   0.968  -0.147   0
   1.31502950   3.130   2.099   0.965  -0.148   0
   1.31558025   3.122   2.095   0.963  -0.148   0
   1.31612730   3.117   2.092   0.961  -0.149   0
   1.31628430   3.114   2.091   0.960  -0.149   0
   1.31666732   3.113   2.089   0.958  -0.152   0
   1.31719756   3.114   2.086   0.953  -0.158   0
   1.31773710   3.106   2.076   0.943  -0.169   0
   1.31831288   3.099   2.063   0.927  -0.187   0
   1.31912482   3.082   2.037   0.898  -0.220   0
   1.31953740   3.049   1.997   0.855  -0.266   0
   1.32030296   3.031   1.960   0.809  -0.318   0
   1.32052815   3.016   1.930   0.772  -0.361   0
   1.32083023   2.995   1.857   0.677  -0.478   0
   1.32097042   2.977   1.798   0.600  -0.571   0
   1.32104588   2.947   1.695   0.466  -0.734   0
   1.32106757   2.941   1.627   0.372  -0.856   0
   1.32108462   2.903   1.477   0.178  -1.095   0
   1.32109153   2.909   1.401   0.070  -1.238   0
   1.32109964   2.880   1.291  -0.071  -1.408   0
   1.32110965   2.876   1.205  -0.190  -1.564   0
   1.32111752   2.879   1.178  -0.229  -1.616   0
   1.32114267   2.860   1.235  -0.141  -1.493   0
   1.32120180   2.884   1.325  -0.026  -1.352   0
   1.32121933   2.884   1.327  -0.023  -1.349   1
   1.32145977   2.862   1.206  -0.182  -1.547   0
   1.32153690   2.875   1.139  -0.283  -1.685   0
   1.32160676   2.879   1.054  -0.402  -1.843   0
   1.32166612   2.884   0.963  -0.531  -2.012   0
   1.32171988   2.916   0.922  -0.608  -2.145   0
   1.32175314   2.844   0.920  -0.624  -2.257   0
   1.32179093   2.723   0.880  -0.678  -2.409   0
   1.32181358   2.604   0.822  -0.744  -2.542   0
   1.32182920   2.503   0.809  -0.762  -2.645   0
   1.32184255   2.450   0.825  -0.757  -2.754   0
   1.32185614   2.414   0.867  -0.725  -2.855   0
   1.32186711   2.399   0.949  -0.652  -2.936   0
   1.32188046   2.322   0.932  -0.673  -3.049   2
   1.32189333   2.366   1.092  -0.504  -3.075   0
   1.32190669   2.440   1.282  -0.298  -3.076   0
   1.32192218   2.476   1.415  -0.151  -3.103   0
   1.32193708   2.562   1.624   0.075  -3.095   0
   1.32194710   2.720   1.931   0.385  -3.026   0
   1.32194889   2.784   2.074   0.529  -3.008   1
   1.32195044   2.800   2.112   0.567  -3.004   0
   1.32195222   2.820   2.159   0.615  -2.999   0
   1.32195401   2.841   2.206   0.662  -2.994   0
   1.32195580   2.861   2.253   0.709  -2.989   0
   1.32195771   2.882   2.300   0.757  -2.984   0
   1.32195950   2.902   2.347   0.804  -2.979   0
   1.32196128   2.923   2.395   0.852  -2.974   0
   1.32196307   2.943   2.442   0.899  -2.969   0
   1.32196498   2.964   2.489   0.947  -2.964   0
   1.32196677   2.984   2.536   0.994  -2.959   1
   1.32196856   2.987   2.563   1.017  -2.965   0
   1.32197046   2.990   2.591   1.041  -2.972   0
   1.32197189   2.992   2.613   1.060  -2.977   0
   1.32197368   2.995   2.641   1.084  -2.983   0
   1.32197547   2.998   2.669   1.108  -2.989   0
   1.32197738   3.001   2.697   1.132  -2.995   0
   1.32197917   3.004   2.724   1.156  -3.001   0
   1.32198095   3.007   2.752   1.180  -3.008   0
   1.32198274   3.010   2.780   1.204  -3.014   0
   1.32198465   3.013   2.808   1.228  -3.020   0
   1.32198644   3.016   2.836   1.252  -3.026   0
   1.32198822   3.019   2.864   1.276  -3.032   0
   1.32198966   3.021   2.886   1.295  -3.037   0
   1.32199156   3.024   2.914   1.319  -3.043   0
   1.32199335   3.027   2.941   1.342  -3.049   0
   1.32199478   3.030   2.962   1.360  -3.053   0
   1.32199657   3.033   2.989   1.383  -3.059   0
   1.32199848   3.036   3.016   1.406  -3.065   0
   1.32200146   3.038   3.039   1.426  -3.072   0
   1.32200539   3.038   3.058   1.440  -3.085   0
   1.32200873   3.040   3.078   1.457  -3.095   0
   1.32201183   3.050   3.110   1.485  -3.099   0
   1.32201278   3.068   3.143   1.514  -3.092   0
   1.32201278   3.085   3.171   1.540  -3.082   0
   1.32201278   3.104   3.204   1.570  -3.071   0
   1.32201278   3.127   3.242   1.604  -3.059   0
   1.32201278   3.135   3.255   1.616  -3.054   0
