   0.15000001  16.097  14.565  12.988  10.478   0
   0.20000000  14.929  13.517  12.016   9.740   0
   0.25000000  14.237  12.873  11.408   9.254   0
   0.30000001  13.730  12.387  10.938   8.902   0
   0.34999999  13.296  11.968  10.530   8.602   0
   0.40000001  12.861  11.544  10.117   8.275   0
   0.44999999  12.406  11.104   9.702   7.956   0
   0.45011756  12.405  11.103   9.701   7.955   0
   0.50000000  11.931  10.643   9.269   7.642   0
   0.55000001  11.448  10.172   8.837   7.299   0
   0.60000002  10.971   9.711   8.425   6.965   0
   0.69999999   9.822   8.705   7.550   6.273   0
   0.80000001   8.500   7.672   6.666   5.589   0
   0.89999998   7.244   6.739   5.879   4.984   0
   1.00000000   6.257   5.986   5.249   4.475   0
   1.10000002   5.488   5.355   4.712   4.019   0
   1.20000005   4.713   4.681   4.140   3.538   0
   1.29999995   4.157   4.164   3.698   3.167   0
   1.39999998   3.685   3.702   3.304   2.843   0
   1.50000000   3.294   3.302   2.968   2.587   0
   1.60000002   2.932   2.911   2.645   2.358   0
   1.70000005   2.616   2.566   2.365   2.167   0
   1.79999995   2.346   2.279   2.137   2.014   0
   1.89999998   2.091   2.036   1.942   1.871   0
   1.95000005   1.982   1.938   1.863   1.813   0
   1.96268249   1.951   1.910   1.840   1.794   0
   2.00000000   1.863   1.834   1.777   1.743   0
   2.02920938   1.802   1.782   1.734   1.710   0
   2.20000005   1.452   1.495   1.492   1.511   0
   2.50000000   0.925   1.092   1.140   1.198   0
   3.00000000   0.223   0.567   0.657   0.749   0
   3.50000000  -0.324   0.146   0.260   0.373   0
   4.00000000  -0.770  -0.209  -0.076   0.056   0
   4.50000000  -1.146  -0.515  -0.367  -0.219   0
   4.83970308  -1.382  -0.714  -0.557  -0.400   0
   5.00000000  -1.489  -0.805  -0.644  -0.482   0
   6.00000000  -2.097  -1.328  -1.145  -0.960   0
   6.32360888  -2.274  -1.483  -1.294  -1.102   0
   7.00000000  -2.637  -1.802  -1.602  -1.397   0
   7.40206146  -2.851  -1.994  -1.789  -1.577   0
   8.20165443  -3.273  -2.379  -2.164  -1.942   0
   8.84014225  -3.626  -2.708  -2.487  -2.260   0
   9.00000000  -3.715  -2.790  -2.569  -2.340   0
   9.32078743  -3.871  -2.936  -2.713  -2.482   0
  10.32101917  -4.415  -3.463  -3.238  -3.006   1
  11.05486012  -4.888  -3.947  -3.726  -3.501   0
  11.60065937  -5.333  -4.425  -4.215  -4.006   0
  11.81917572  -5.543  -4.657  -4.453  -4.255   0
  11.91220760  -5.628  -4.748  -4.547  -4.351   0
  11.96352959  -5.641  -4.741  -4.536  -4.334   0
  11.99017334  -5.616  -4.667  -4.452  -4.235   0
  11.99348450  -5.625  -4.643  -4.421  -4.194   0
  11.99375820  -5.622  -4.638  -4.415  -4.188   1
  11.99496460  -5.600  -4.642  -4.424  -4.204   0
  11.99556732  -5.650  -4.719  -4.508  -4.297   0
  11.99577713  -5.676  -4.756  -4.547  -4.340   0
  11.99620914  -5.746  -4.854  -4.651  -4.453   0
  11.99653721  -5.803  -4.933  -4.734  -4.545   0
  11.99686527  -5.866  -5.021  -4.828  -4.647   0
  11.99719334  -5.939  -5.120  -4.934  -4.764   0
  11.99753857  -6.014  -5.223  -5.046  -4.890   0
  11.99790096  -6.087  -5.327  -5.159  -5.015   0
  11.99828053  -6.175  -5.454  -5.297  -5.171   0
  11.99847031  -6.215  -5.515  -5.364  -5.245   0
  11.99892426  -6.313  -5.674  -5.538  -5.441   0
  11.99916077  -6.365  -5.767  -5.640  -5.558   0
  11.99937820  -6.407  -5.856  -5.737  -5.666   0
  11.99961376  -6.446  -5.946  -5.837  -5.778   0
  11.99985123  -6.487  -6.032  -5.937  -5.897   0
  12.00000000  -6.513  -6.083  -5.998  -5.973   0
  12.00000381  -6.513  -6.084  -6.000  -5.975   0
  12.00017452  -6.531  -6.153  -6.081  -6.072   0
  12.00038910  -6.536  -6.227  -6.165  -6.171   0
  12.00056076  -6.523  -6.304  -6.253  -6.271   0
  12.00073147  -6.503  -6.357  -6.313  -6.340   0
  12.00086021  -6.483  -6.394  -6.366  -6.411   0
  12.00098896  -6.454  -6.424  -6.417  -6.484   0
  12.00111771  -6.403  -6.460  -6.469  -6.556   0
  12.00124645  -6.321  -6.462  -6.501  -6.623   0
  12.00137520  -6.210  -6.428  -6.514  -6.689   3
  12.00150299  -6.074  -6.350  -6.508  -6.754   0
  12.00163174  -5.904  -6.220  -6.479  -6.820   0
  12.00176048  -5.689  -6.038  -6.427  -6.882   0
  12.00193214  -5.405  -5.805  -6.345  -6.927   0
  12.00205994  -4.999  -5.511  -6.224  -6.944   0
  12.00210285  -4.721  -5.329  -6.141  -6.935   0
  12.00218868  -4.410  -5.133  -6.046  -6.916   0
  12.00223160  -4.053  -4.921  -5.936  -6.878   0
  12.00227451  -3.603  -4.667  -5.796  -6.820   0
  12.00236034  -3.131  -4.407  -5.639  -6.743   0
  12.00244617  -2.380  -3.994  -5.364  -6.592   0
  12.00261784  -1.850  -3.695  -5.147  -6.470   0
  12.00274658  -1.549  -3.527  -5.029  -6.412   0
  12.00291729  -1.119  -3.370  -4.974  -6.482   0
  12.00304604  -1.290  -3.322  -4.940  -6.657   0
  12.00308895  -1.442  -3.364  -4.980  -6.776   0
  12.00313187  -1.615  -3.408  -5.020  -6.898   0
  12.00321770  -1.750  -3.470  -5.083  -7.041   3
  12.00334549  -1.817  -3.441  -5.055  -7.144   0
  12.00373173  -1.880  -3.399  -5.012  -7.237   0
  12.00522995  -1.946  -3.341  -4.948  -7.319   0
  12.01164913  -1.944  -3.281  -4.885  -7.346   0
  12.03305149  -1.931  -3.390  -4.999  -7.291   0
  12.05150509  -1.866  -3.452  -5.066  -7.207   0
  12.07147408  -1.848  -3.571  -5.186  -7.145   0
  12.10510445  -1.736  -3.597  -5.217  -7.062   0
  12.18816090  -1.618  -3.728  -5.363  -7.062   0
  12.26472950  -1.684  -4.054  -5.699  -7.216   2
  12.29110909  -2.266  -4.398  -5.955  -7.356   0
  12.30103111  -3.385  -4.959  -6.314  -7.502   0
  12.30469131  -4.074  -5.297  -6.501  -7.570   0
  12.30592346  -4.459  -5.495  -6.599  -7.598   0
  12.30711555  -4.871  -5.718  -6.700  -7.612   0
  12.30830765  -5.305  -5.967  -6.800  -7.606   0
  12.30949974  -5.619  -6.158  -6.867  -7.580   0
  12.31065083  -5.822  -6.292  -6.908  -7.549   0
  12.31291294  -6.057  -6.463  -6.954  -7.492   0
  12.31735516  -6.192  -6.567  -6.973  -7.443   0
  12.31850433  -6.195  -6.569  -6.973  -7.440   1
  12.32936573  -6.009  -6.424  -6.936  -7.492   0
  12.33556080  -5.778  -6.257  -6.886  -7.538   0
  12.34006023  -5.516  -6.083  -6.829  -7.570   0
  12.34305668  -5.227  -5.909  -6.763  -7.584   0
  12.34606647  -4.771  -5.649  -6.654  -7.582   0
  12.34760380  -4.441  -5.471  -6.572  -7.569   0
  12.34908772  -4.023  -5.255  -6.465  -7.538   0
  12.35063267  -3.500  -4.997  -6.320  -7.483   0
  12.35367393  -2.796  -4.640  -6.094  -7.383   0
  12.35811615  -1.724  -4.061  -5.694  -7.197   0
  12.38378143  -1.694  -3.814  -5.453  -7.151   2
  12.46628857  -1.875  -3.709  -5.329  -7.194   0
  12.47293758  -1.941  -3.669  -5.286  -7.243   0
  12.47362232  -1.950  -3.650  -5.266  -7.262   0
  12.47880459  -1.980  -3.506  -5.118  -7.328   0
  12.48073196  -2.042  -3.445  -5.051  -7.409   0
  12.48334408  -1.995  -3.280  -4.877  -7.429   0
  12.48565674  -1.941  -3.144  -4.730  -7.428   0
