   0.15000001  16.097  14.565  12.988  10.478   0
   0.20000000  14.929  13.517  12.016   9.740   0
   0.25000000  14.237  12.873  11.408   9.255   0
   0.30000001  13.730  12.388  10.938   8.902   0
   0.34999999  13.296  11.968  10.530   8.602   0
   0.40000001  12.861  11.544  10.118   8.275   0
   0.44999999  12.406  11.104   9.702   7.956   0
   0.50000000  11.931  10.643   9.269   7.642   0
   0.55000001  11.448  10.172   8.837   7.300   0
   0.60000002  10.971   9.711   8.425   6.965   0
   0.69999999   9.821   8.704   7.549   6.273   0
   0.80000001   8.501   7.673   6.668   5.590   0
   0.89999998   7.247   6.740   5.881   4.985   0
   1.00000000   6.263   5.992   5.254   4.479   0
   1.10000002   5.501   5.365   4.721   4.027   0
   1.20000005   4.719   4.686   4.144   3.541   0
   1.29999995   4.158   4.164   3.698   3.167   0
   1.39999998   3.686   3.703   3.305   2.845   0
   1.50000000   3.294   3.301   2.969   2.589   0
   1.60000002   2.931   2.910   2.645   2.360   0
   1.70000005   2.609   2.559   2.358   2.163   0
   1.79999995   2.338   2.271   2.131   2.010   0
   1.89999998   2.094   2.039   1.946   1.876   0
   1.95000005   1.982   1.938   1.864   1.815   0
   2.00000000   1.825   1.798   1.744   1.713   0
   2.20000005   1.453   1.498   1.496   1.516   0
   2.50000000   0.932   1.102   1.151   1.210   0
   2.67157364   0.674   0.911   0.978   1.051   0
   3.00000000   0.239   0.588   0.679   0.773   0
   3.50000000  -0.299   0.179   0.294   0.409   0
   4.00000000  -0.734  -0.164  -0.030   0.104   0
   4.50000000  -1.091  -0.451  -0.301  -0.151   0
   5.00000000  -1.415  -0.721  -0.558  -0.393   0
   6.00000000  -1.978  -1.200  -1.014  -0.825   0
   7.00000000  -2.457  -1.612  -1.410  -1.202   0
   7.07152271  -2.490  -1.641  -1.438  -1.228   0
   9.00000000  -3.307  -2.362  -2.136  -1.897   0
  12.00000000  -4.307  -3.270  -3.022  -2.758   0
  12.27315521  -4.385  -3.342  -3.093  -2.826   0
  14.86708069  -5.145  -4.062  -3.804  -3.526   0
  15.00000000  -5.186  -4.103  -3.844  -3.566   1
  16.93053627  -5.704  -4.612  -4.354  -4.078   0
  18.69389725  -6.231  -5.158  -4.909  -4.645   0
  20.00000000  -6.738  -5.697  -5.468  -5.235   0
  20.77730179  -7.045  -6.058  -5.845  -5.631   0
  21.30391884  -7.237  -6.307  -6.101  -5.900   0
  21.36713791  -7.246  -6.313  -6.107  -5.904   0
  21.48659897  -7.219  -6.233  -6.020  -5.806   0
  21.50174332  -7.217  -6.186  -5.965  -5.743   0
  21.50571442  -7.202  -6.156  -5.932  -5.707   1
  21.51043129  -7.249  -6.243  -6.027  -5.810   0
  21.51225281  -7.309  -6.342  -6.132  -5.922   0
  21.51366234  -7.371  -6.441  -6.235  -6.034   0
  21.51504707  -7.468  -6.553  -6.360  -6.175   0
  21.51625252  -7.573  -6.667  -6.488  -6.322   0
  21.51735497  -7.650  -6.786  -6.614  -6.461   0
  21.51830482  -7.713  -6.900  -6.735  -6.594   0
  21.51907349  -7.772  -7.005  -6.847  -6.718   0
  21.52004814  -7.850  -7.139  -6.992  -6.880   0
  21.52084351  -7.933  -7.224  -7.099  -7.012   0
  21.52166367  -7.983  -7.336  -7.216  -7.140   0
  21.52248573  -8.019  -7.454  -7.337  -7.267   0
  21.52309990  -8.050  -7.534  -7.422  -7.361   0
  21.52374268  -8.085  -7.593  -7.495  -7.451   0
  21.52440834  -8.130  -7.669  -7.586  -7.563   0
  21.52504921  -8.158  -7.747  -7.676  -7.669   0
  21.52571678  -8.169  -7.833  -7.770  -7.774   0
  21.52638435  -8.169  -7.919  -7.865  -7.879   0
  21.52684593  -8.161  -7.978  -7.931  -7.954   0
  21.52730751  -8.158  -8.027  -7.993  -8.032   0
  21.52776909  -8.165  -8.053  -8.048  -8.119   0
  21.52815437  -8.144  -8.088  -8.097  -8.182   0
  21.52884674  -8.080  -8.137  -8.176  -8.295   0
  21.52923203  -8.023  -8.146  -8.214  -8.364   0
  21.52966881  -7.929  -8.141  -8.239  -8.430   0
  21.53013039  -7.803  -8.080  -8.244  -8.501   3
  21.53061676  -7.654  -7.984  -8.234  -8.574   0
  21.53118134  -7.453  -7.835  -8.209  -8.654   0
  21.53177071  -7.170  -7.623  -8.155  -8.727   0
  21.53238678  -6.795  -7.363  -8.069  -8.774   0
  21.53279877  -6.495  -7.170  -7.990  -8.781   0
  21.53323364  -6.154  -6.958  -7.892  -8.766   0
  21.53356743  -5.820  -6.763  -7.797  -8.742   0
  21.53384972  -5.488  -6.580  -7.708  -8.718   0
  21.53415871  -5.143  -6.397  -7.612  -8.684   0
  21.53444099  -4.764  -6.203  -7.502  -8.637   0
  21.53472328  -4.352  -5.995  -7.380  -8.580   0
  21.53503036  -3.940  -5.790  -7.249  -8.522   0
  21.53562164  -3.377  -5.515  -7.074  -8.450   0
  21.53631401  -2.939  -5.305  -6.948  -8.425   0
  21.53744316  -2.755  -5.217  -6.910  -8.479   0
  21.53905869  -2.991  -5.234  -6.899  -8.566   0
  21.53982925  -3.210  -5.348  -6.995  -8.701   0
  21.54188347  -3.471  -5.410  -7.024  -8.803   0
  21.55043030  -3.588  -5.425  -7.021  -8.836   1
  21.59577942  -3.222  -5.444  -7.102  -8.769   0
  21.69359207  -3.210  -5.606  -7.259  -8.738   0
  21.83874702  -4.628  -6.263  -7.645  -8.837   0
  22.12899590  -6.848  -7.444  -8.169  -8.888   0
  22.41331673  -6.826  -7.442  -8.190  -8.926   0
  22.88250732  -6.813  -7.472  -8.258  -9.020   2
  23.11145973  -7.099  -7.711  -8.437  -9.155   0
  23.11403656  -7.119  -7.736  -8.467  -9.187   0
  23.11866188  -7.028  -7.717  -8.519  -9.291   0
  23.12746048  -7.113  -7.805  -8.605  -9.375   0
  23.13344955  -7.494  -8.082  -8.760  -9.439   0
  23.13591957  -7.636  -8.184  -8.811  -9.451   0
