   0.15000001  16.097  14.565  12.988  10.478   0
   0.20000000  14.929  13.517  12.016   9.740   0
   0.25000000  14.237  12.873  11.408   9.255   0
   0.30000001  13.730  12.388  10.938   8.902   0
   0.34999999  13.296  11.968  10.530   8.602   0
   0.40000001  12.861  11.544  10.118   8.275   0
   0.44999999  12.406  11.104   9.702   7.956   0
   0.50000000  11.931  10.643   9.269   7.642   0
   0.55000001  11.448  10.172   8.837   7.300   0
   0.60000002  10.971   9.711   8.425   6.965   0
   0.69999999   9.821   8.704   7.549   6.273   0
   0.80000001   8.501   7.674   6.668   5.590   0
   0.89999998   7.247   6.741   5.881   4.985   0
   1.00000000   6.265   5.993   5.255   4.480   0
   1.10000002   5.504   5.368   4.723   4.028   0
   1.20000005   4.720   4.687   4.145   3.542   0
   1.29999995   4.158   4.164   3.698   3.167   0
   1.39999998   3.686   3.704   3.306   2.845   0
   1.50000000   3.294   3.301   2.969   2.590   0
   1.60000002   2.931   2.909   2.645   2.360   0
   1.70000005   2.608   2.557   2.357   2.161   0
   1.79999995   2.336   2.270   2.129   2.009   0
   1.89999998   2.095   2.040   1.947   1.877   0
   1.95000005   1.982   1.938   1.865   1.816   0
   2.00000000   1.816   1.790   1.736   1.706   0
   2.20000005   1.452   1.498   1.497   1.516   0
   2.50000000   0.932   1.103   1.153   1.212   0
   3.00000000   0.241   0.592   0.683   0.777   0
   3.17964745   0.035   0.438   0.539   0.641   0
   3.50000000  -0.293   0.186   0.302   0.418   0
   4.00000000  -0.726  -0.154  -0.019   0.115   0
   4.50000000  -1.078  -0.436  -0.286  -0.135   0
   5.00000000  -1.398  -0.701  -0.538  -0.372   0
   6.00000000  -1.951  -1.169  -0.983  -0.793   0
   7.00000000  -2.417  -1.569  -1.366  -1.156   0
   8.29843426  -2.967  -2.050  -1.830  -1.599   0
   9.00000000  -3.237  -2.288  -2.062  -1.821   0
  10.81004524  -3.809  -2.798  -2.558  -2.299   0
  12.00000000  -4.158  -3.116  -2.867  -2.599   0
  15.00000000  -4.904  -3.808  -3.543  -3.254   0
  15.09913063  -4.926  -3.828  -3.562  -3.273   0
  19.03900146  -5.732  -4.600  -4.328  -4.035   0
  20.00000000  -5.929  -4.795  -4.523  -4.231   1
  22.26124001  -6.310  -5.174  -4.905  -4.618   0
  25.51398277  -6.917  -5.816  -5.558  -5.286   0
  28.17904472  -7.604  -6.573  -6.352  -6.129   0
  29.32591057  -7.973  -7.055  -6.857  -6.666   0
  30.00000000  -8.265  -7.393  -7.221  -7.066   0
  30.05517006  -8.283  -7.423  -7.252  -7.099   0
  30.08282280  -8.289  -7.432  -7.261  -7.109   0
  30.31929398  -8.269  -7.357  -7.181  -7.019   0
  30.35739517  -8.239  -7.306  -7.119  -6.941   0
  30.37063408  -8.166  -7.249  -7.046  -6.849   0
  30.37515450  -8.142  -7.221  -7.017  -6.818   1
  30.38088799  -8.228  -7.299  -7.108  -6.926   0
  30.38296127  -8.321  -7.387  -7.209  -7.044   0
  30.38454819  -8.364  -7.465  -7.290  -7.130   0
  30.38627434  -8.411  -7.549  -7.378  -7.225   0
  30.38800049  -8.461  -7.640  -7.474  -7.330   0
  30.38944817  -8.506  -7.720  -7.558  -7.424   0
  30.39089775  -8.554  -7.806  -7.651  -7.527   0
  30.39234543  -8.611  -7.898  -7.752  -7.642   0
  30.39351845  -8.681  -7.957  -7.830  -7.741   0
  30.39462090  -8.732  -8.036  -7.919  -7.843   2
  30.39579391  -8.763  -8.149  -8.030  -7.956   0
  30.39675903  -8.794  -8.245  -8.128  -8.059   0
  30.39779282  -8.840  -8.334  -8.228  -8.174   0
  30.39862061  -8.887  -8.407  -8.315  -8.280   0
  30.39937782  -8.933  -8.482  -8.405  -8.389   0
  30.40020561  -8.954  -8.574  -8.506  -8.504   0
  30.40103149  -8.962  -8.672  -8.614  -8.624   0
  30.40192795  -8.954  -8.772  -8.724  -8.748   0
  30.40275383  -8.956  -8.839  -8.828  -8.892   0
  30.40365028  -8.919  -8.903  -8.927  -9.029   0
  30.40461349  -8.851  -8.936  -9.003  -9.147   0
  30.40530205  -8.758  -8.930  -9.032  -9.218   0
  30.40626717  -8.616  -8.877  -9.045  -9.302   3
  30.40723038  -8.449  -8.782  -9.037  -9.381   0
  30.40826416  -8.251  -8.644  -9.012  -9.453   0
  30.40929604  -8.015  -8.473  -8.973  -9.519   0
  30.41032791  -7.788  -8.311  -8.927  -9.561   0
  30.41163635  -7.530  -8.142  -8.872  -9.593   0
  30.41273689  -7.217  -7.924  -8.753  -9.547   0
  30.41363144  -6.918  -7.754  -8.697  -9.574   0
  30.41514397  -6.555  -7.560  -8.625  -9.587   0
  30.41734505  -6.038  -7.295  -8.507  -9.570   0
  30.42037010  -5.552  -7.091  -8.433  -9.589   0
  30.42778969  -5.240  -6.997  -8.430  -9.657   0
  30.45993423  -5.006  -6.912  -8.395  -9.674   2
  30.49993896  -6.942  -7.846  -8.832  -9.737   0
  30.66434097  -7.708  -8.312  -9.016  -9.715   0
  30.82291222  -8.221  -8.654  -9.096  -9.597   0
  30.89347267  -8.471  -8.831  -9.118  -9.494   3
  30.94522285  -8.632  -8.921  -9.116  -9.403   0
  31.03335190  -8.793  -8.960  -9.095  -9.299   0
  31.13977242  -9.003  -9.059  -9.114  -9.247   3
  31.15805626  -8.943  -8.954  -8.990  -9.103   0
  31.32292747  -8.963  -8.843  -8.826  -8.883   0
  31.36875534  -8.954  -8.784  -8.738  -8.762   0
  31.39957619  -8.958  -8.709  -8.655  -8.670   0
  31.42428970  -8.952  -8.623  -8.560  -8.566   0
  31.44018173  -8.940  -8.545  -8.475  -8.471   0
  31.45525551  -8.922  -8.472  -8.395  -8.381   0
  31.47060204  -8.879  -8.405  -8.315  -8.284   0
  31.48563194  -8.817  -8.310  -8.203  -8.148   0
  31.50076485  -8.701  -7.987  -7.870  -7.794   0
  31.51617050  -8.465  -7.669  -7.506  -7.369   0
  31.54678917  -8.415  -7.579  -7.410  -7.263   0
  31.59189034  -8.360  -7.477  -7.303  -7.146   0
  31.65266037  -8.307  -7.378  -7.201  -7.037   0
  31.71220207  -8.204  -7.277  -7.085  -6.902   0
  31.77178001  -8.107  -7.176  -6.971  -6.770   0
  31.84593582  -8.043  -7.075  -6.864  -6.654   0
  31.93432045  -7.975  -6.968  -6.752  -6.535   0
  32.06577301  -7.891  -6.838  -6.613  -6.386   0
  32.20987701  -7.802  -6.710  -6.477  -6.238   0
  32.50197601  -7.602  -6.500  -6.247  -5.979   0
  32.81075668  -7.530  -6.410  -6.149  -5.873   0
  32.94137955  -7.524  -6.402  -6.141  -5.863   0
  33.03160095  -7.530  -6.409  -6.148  -5.871   1
  33.10713577  -7.541  -6.425  -6.165  -5.889   0
  33.19387436  -7.546  -6.432  -6.172  -5.896   0
  33.24306107  -7.562  -6.454  -6.195  -5.920   0
  33.30397034  -7.585  -6.481  -6.224  -5.952   0
  33.36418533  -7.605  -6.503  -6.249  -5.980   0
  33.42378616  -7.628  -6.528  -6.277  -6.011   0
  33.44730759  -7.624  -6.523  -6.271  -6.005   0
  33.97087479  -7.332  -6.180  -5.904  -5.611   0
  34.29633331  -7.109  -5.928  -5.642  -5.342   0
  34.35587692  -7.023  -5.834  -5.546  -5.246   0
  34.40568542  -6.935  -5.739  -5.449  -5.149   0
  34.43744278  -6.864  -5.666  -5.373  -5.066   0
  34.47370529  -6.789  -5.589  -5.292  -4.980   0
  34.51037216  -6.711  -5.507  -5.207  -4.892   0
  34.53949738  -6.663  -5.456  -5.154  -4.838   0
  34.58802414  -6.713  -5.508  -5.208  -4.893   0
  34.60164642  -6.776  -5.575  -5.277  -4.964   0
  34.61208344  -6.878  -5.680  -5.386  -5.080   0
  34.61634445  -6.928  -5.732  -5.440  -5.138   0
  34.62647629  -6.867  -5.669  -5.374  -5.066   0
  34.63063431  -6.923  -5.726  -5.433  -5.130   0
  34.64173508  -6.877  -5.678  -5.383  -5.075   0
  34.64322662  -6.958  -5.762  -5.471  -5.169   0
  34.64483261  -6.794  -5.592  -5.293  -4.980   0
  34.64589691  -6.859  -5.660  -5.364  -5.053   0
  34.64696503  -6.929  -5.732  -5.439  -5.134   0
  34.64878082  -6.998  -5.803  -5.513  -5.213   0
  34.64942169  -6.915  -5.717  -5.423  -5.116   0
  34.65348053  -6.961  -5.764  -5.471  -5.167   0
  34.65371323  -7.054  -5.862  -5.573  -5.274   2
  34.65400314  -6.711  -5.504  -5.201  -4.884   0
