   0.15000001  16.091  14.560  12.984  10.475   0
   0.20000000  14.920  13.508  12.008   9.734   0
   0.25000000  14.224  12.861  11.396   9.243   0
   0.30000001  13.712  12.370  10.922   8.886   0
   0.34999999  13.279  11.951  10.513   8.585   0
   0.40000001  12.837  11.519  10.092   8.248   0
   0.44999999  12.396  11.094   9.692   7.948   0
   0.50000000  11.915  10.627   9.254   7.628   0
   0.55000001  11.433  10.156   8.822   7.287   0
   0.60000002  10.957   9.696   8.408   6.947   0
   0.69999999   9.816   8.691   7.531   6.248   0
   0.80000001   8.388   7.590   6.597   5.537   0
   0.84714741   7.742   7.108   6.189   5.226   0
   0.89999998   7.097   6.627   5.783   4.907   0
   0.98718661   6.180   5.920   5.189   4.420   0
   1.00000000   6.061   5.825   5.109   4.354   0
   1.02465618   5.843   5.645   4.956   4.224   0
   1.08596957   5.326   5.214   4.589   3.911   0
   1.10000002   5.221   5.123   4.510   3.844   0
   1.13059366   4.997   4.923   4.337   3.695   0
   1.16161156   4.777   4.726   4.167   3.549   0
   1.18655455   4.609   4.575   4.035   3.435   0
   1.20000005   4.522   4.496   3.967   3.376   0
   1.21358192   4.434   4.415   3.896   3.315   0
   1.24531269   4.247   4.235   3.739   3.179   0
   1.25332987   4.201   4.191   3.701   3.146   0
   1.28690553   4.024   4.021   3.551   3.017   0
   1.29999995   3.957   3.956   3.495   2.967   0
   1.39999998   3.482   3.486   3.077   2.605   0
   1.42123199   3.392   3.394   2.995   2.534   0
   1.50000000   3.078   3.071   2.701   2.273   0
   1.53062582   2.962   2.951   2.591   2.176   0
   1.60000002   2.722   2.701   2.352   1.950   0
   1.60035062   2.721   2.699   2.351   1.949   0
   1.65982342   2.528   2.498   2.154   1.758   1
   1.70000005   2.413   2.377   2.026   1.622   0
   1.71085298   2.382   2.344   1.992   1.587   0
   1.75437486   2.272   2.228   1.862   1.440   0
   1.79203284   2.194   2.145   1.758   1.309   0
   1.79999995   2.181   2.131   1.738   1.281   0
   1.82620728   2.136   2.083   1.670   1.191   0
   1.85647213   2.111   2.044   1.600   1.089   0
   1.87030339   2.100   2.026   1.567   1.042   0
   1.88328087   2.080   2.001   1.531   0.994   0
   1.89254522   2.048   1.966   1.492   0.952   2
   1.89779603   2.005   1.923   1.455   0.920   0
   1.89999998   1.964   1.884   1.425   0.899   0
   1.90242553   1.915   1.837   1.390   0.876   0
   1.90531659   1.733   1.661   1.270   0.815   0
   1.90610802   1.575   1.497   1.158   0.767   0
   1.90652382   1.402   1.307   1.025   0.706   0
   1.90659523   1.458   1.369   1.076   0.743   0
   1.90669250   1.592   1.516   1.185   0.803   0
   1.90684581   1.665   1.590   1.207   0.764   4
   1.90708089   1.703   1.620   1.186   0.686   0
   1.90755069   1.799   1.698   1.201   0.637   0
   1.90827930   1.961   1.819   1.258   0.638   0
   1.90927029   2.177   1.986   1.360   0.683   0
   1.91018736   2.423   2.173   1.488   0.763   0
   1.91114223   2.739   2.414   1.665   0.887   0
   1.91186273   3.004   2.612   1.816   0.997   0
   1.91283274   3.303   2.825   1.972   1.105   0
   1.91333425   3.412   2.891   2.013   1.124   4
   1.91495979   3.508   2.882   1.946   1.005   0
   1.91617560   3.441   2.763   1.799   0.834   0
   1.91729259   3.355   2.632   1.646   0.659   0
   1.91822350   3.271   2.512   1.507   0.504   0
   1.91929853   3.171   2.366   1.339   0.317   0
   1.92015469   3.088   2.245   1.200   0.162   0
   1.92098403   3.011   2.131   1.068   0.014   0
   1.92189360   2.934   2.008   0.921  -0.151   0
   1.92276645   2.868   1.891   0.782  -0.313   0
   1.92354500   2.802   1.780   0.651  -0.463   0
   1.92430222   2.740   1.669   0.518  -0.616   0
   1.92502868   2.676   1.555   0.382  -0.772   0
   1.92571497   2.622   1.447   0.252  -0.923   0
   1.92637575   2.570   1.341   0.122  -1.073   0
   1.92701125   2.530   1.245   0.002  -1.217   0
   1.92770243   2.497   1.154  -0.113  -1.356   0
   1.92840147   2.474   1.095  -0.186  -1.444   2
   1.92894506   2.506   1.188  -0.069  -1.302   0
   1.92917788   2.543   1.290   0.060  -1.146   0
   1.92934763   2.587   1.392   0.187  -0.995   0
   1.92951727   2.635   1.495   0.314  -0.847   0
   1.92972553   2.692   1.603   0.444  -0.697   0
   1.92996776   2.736   1.683   0.540  -0.587   1
   1.93052697   2.672   1.573   0.410  -0.734   0
   1.93125093   2.623   1.481   0.299  -0.862   0
   1.93199122   2.576   1.387   0.185  -0.994   0
   1.93275595   2.531   1.295   0.072  -1.125   0
   1.93350255   2.500   1.213  -0.030  -1.249   0
   1.93420625   2.468   1.132  -0.131  -1.370   0
   1.93488467   2.441   1.053  -0.231  -1.492   0
   1.93551731   2.420   0.980  -0.325  -1.606   0
   1.93608880   2.410   0.913  -0.414  -1.718   0
   1.93662047   2.397   0.845  -0.503  -1.828   0
   1.93711698   2.369   0.770  -0.596  -1.937   0
   1.93756258   2.361   0.713  -0.672  -2.035   0
   1.93797410   2.354   0.659  -0.745  -2.129   0
   1.93834388   2.343   0.604  -0.818  -2.221   0
   1.93865228   2.351   0.563  -0.879  -2.304   0
   1.93897974   2.352   0.514  -0.948  -2.394   0
   1.93927443   2.369   0.477  -1.006  -2.476   0
   1.93954051   2.368   0.432  -1.067  -2.554   2
   1.93954051   2.959   2.172   1.154   0.144   1
   1.94191372   2.933   2.125   1.097   0.078   0
   1.94284177   2.933   2.128   1.102   0.084   0
   1.94942904   2.932   2.138   1.116   0.103   0
   1.95000005   2.932   2.139   1.118   0.105   0
   1.95220149   2.932   2.141   1.120   0.108   0
   1.96034348   2.926   2.141   1.124   0.116   0
   1.96925318   2.923   2.144   1.129   0.122   0
   1.97863150   2.920   2.145   1.133   0.128   0
   1.98872793   2.916   2.146   1.136   0.133   0
   1.99950242   2.910   2.145   1.138   0.138   0
   2.00000000   2.909   2.145   1.138   0.138   0
   2.02011514   2.831   2.071   1.066   0.070   0
   2.06557250   2.657   1.889   0.881  -0.116   0
   2.09454846   2.545   1.746   0.723  -0.287   0
   2.10699868   2.483   1.633   0.583  -0.448   0
   2.11096311   2.448   1.554   0.482  -0.568   0
   2.11205626   2.411   1.459   0.360  -0.715   0
   2.11239886   2.374   1.371   0.249  -0.848   0
   2.11253333   2.332   1.278   0.135  -0.983   0
   2.11261392   2.292   1.186   0.020  -1.119   0
   2.11267543   2.253   1.091  -0.100  -1.261   0
   2.11275911   2.211   0.978  -0.243  -1.431   0
   2.11285424   2.189   0.933  -0.298  -1.495   0
   2.11334538   2.206   0.971  -0.252  -1.441   1
   2.11679983   2.159   0.853  -0.399  -1.617   0
   2.11771488   2.139   0.771  -0.504  -1.747   0
   2.11829472   2.120   0.688  -0.613  -1.881   0
   2.11871290   2.112   0.612  -0.716  -2.011   0
   2.11909223   2.102   0.527  -0.830  -2.154   0
   2.11934853   2.105   0.457  -0.927  -2.281   0
   2.11956620   2.120   0.395  -1.020  -2.409   0
   2.11976123   2.114   0.319  -1.124  -2.543   0
   2.11994529   2.083   0.222  -1.246  -2.690   0
   2.12009573   2.097   0.155  -1.345  -2.823   0
   2.12025738   2.129   0.092  -1.445  -2.965   0
   2.12041354   2.047   0.067  -1.483  -3.080   0
   2.12056398   1.956   0.036  -1.523  -3.194   0
   2.12073112   1.836  -0.003  -1.572  -3.330   0
   2.12088728   1.742  -0.036  -1.610  -3.429   0
   2.12100983   1.637  -0.059  -1.636  -3.528   3
   2.12110472   1.596  -0.012  -1.601  -3.642   0
   2.12111020   1.602   0.016  -1.575  -3.652   0
   2.12111950   1.593   0.026  -1.568  -3.673   0
   2.12112880   1.584   0.035  -1.560  -3.696   0
   2.12113619   1.576   0.043  -1.553  -3.714   0
   2.12114549   1.567   0.053  -1.546  -3.736   0
   2.12115288   1.559   0.060  -1.539  -3.754   0
   2.12116194   1.548   0.070  -1.531  -3.776   0
   2.12117124   1.538   0.079  -1.523  -3.798   0
   2.12118006   1.527   0.088  -1.515  -3.820   0
   2.12118888   1.516   0.097  -1.508  -3.841   0
   2.12119770   1.505   0.106  -1.500  -3.863   0
   2.12120676   1.493   0.114  -1.492  -3.884   0
   2.12121367   1.484   0.121  -1.485  -3.902   0
   2.12122273   1.489   0.150  -1.455  -3.910   0
   2.12123156   1.501   0.186  -1.416  -3.914   0
   2.12124038   1.512   0.221  -1.377  -3.918   0
   2.12124753   1.522   0.251  -1.345  -3.921   0
   2.12125635   1.534   0.287  -1.304  -3.925   0
   2.12126517   1.546   0.324  -1.264  -3.929   0
   2.12127399   1.558   0.361  -1.224  -3.933   0
   2.12129617   1.573   0.401  -1.180  -3.934   0
   2.12132668   1.585   0.437  -1.141  -3.937   0
   2.12135720   1.596   0.472  -1.104  -3.941   0
   2.12138748   1.608   0.506  -1.066  -3.945   0
   2.12141776   1.619   0.541  -1.028  -3.948   0
   2.12144780   1.630   0.575  -0.991  -3.952   0
   2.12147737   1.642   0.610  -0.953  -3.955   0
   2.12150717   1.653   0.644  -0.915  -3.959   0
   2.12153649   1.664   0.679  -0.877  -3.963   0
   2.12156582   1.676   0.714  -0.840  -3.966   0
   2.12159491   1.687   0.748  -0.802  -3.970   0
   2.12162375   1.702   0.787  -0.761  -3.970   0
   2.12165260   1.722   0.833  -0.715  -3.965   0
   2.12168097   1.742   0.878  -0.669  -3.960   0
   2.12170959   1.761   0.923  -0.623  -3.955   1
   2.12173772   1.781   0.969  -0.578  -3.950   0
   2.12176585   1.801   1.015  -0.532  -3.945   0
   2.12179351   1.821   1.060  -0.486  -3.940   0
   2.12182140   1.841   1.106  -0.440  -3.935   0
   2.12184882   1.861   1.151  -0.394  -3.930   0
   2.12187624   1.881   1.197  -0.348  -3.925   0
   2.12190318   1.901   1.243  -0.302  -3.920   0
   2.12193036   1.921   1.288  -0.256  -3.915   0
   2.12195706   1.941   1.335  -0.209  -3.910   0
   2.12198377   1.961   1.380  -0.163  -3.905   0
   2.12201023   1.981   1.426  -0.117  -3.900   0
   2.12203646   2.001   1.472  -0.071  -3.895   0
   2.12206268   2.022   1.518  -0.024  -3.890   0
   2.12208843   2.042   1.564   0.022  -3.885   0
   2.12211442   2.062   1.611   0.069  -3.879   1
   2.12213969   2.067   1.639   0.094  -3.884   0
   2.12216520   2.070   1.667   0.118  -3.890   0
   2.12219024   2.073   1.694   0.141  -3.896   0
   2.12221551   2.076   1.721   0.165  -3.902   0
   2.12224007   2.079   1.749   0.188  -3.907   0
   2.12226486   2.082   1.776   0.212  -3.913   0
   2.12228918   2.086   1.804   0.235  -3.919   0
   2.12231350   2.089   1.831   0.259  -3.924   0
   2.12233758   2.092   1.859   0.283  -3.930   0
   2.12236166   2.096   1.887   0.307  -3.935   0
   2.12238526   2.099   1.915   0.331  -3.941   0
   2.12240887   2.104   1.944   0.357  -3.946   0
   2.12242842   2.108   1.971   0.380  -3.949   0
   2.12244821   2.116   2.004   0.409  -3.950   0
   2.12246299   2.133   2.046   0.447  -3.943   0
   2.12246799   2.154   2.088   0.485  -3.929   0
   2.12246966   2.168   2.112   0.508  -3.920   0
   2.12247133   2.181   2.136   0.530  -3.910   0
   2.12247276   2.195   2.161   0.553  -3.900   0
   2.12247443   2.211   2.189   0.579  -3.889   0
   2.12247586   2.228   2.218   0.607  -3.877   0
   2.12247753   2.244   2.247   0.633  -3.866   0
   2.12247896   2.262   2.275   0.659  -3.857   0
   2.12248063   2.282   2.308   0.689  -3.845   0
   2.12248135   2.292   2.326   0.706  -3.839   0
