   0.15000001  16.096  14.565  12.987  10.478   0
   0.20000000  14.928  13.516  12.016   9.740   0
   0.25000000  14.236  12.873  11.407   9.254   0
   0.30000001  13.729  12.387  10.937   8.901   0
   0.34999999  13.295  11.967  10.529   8.601   0
   0.40000001  12.860  11.543  10.116   8.274   0
   0.44999999  12.406  11.104   9.701   7.956   0
   0.50000000  11.929  10.642   9.268   7.641   0
   0.55000001  11.447  10.171   8.836   7.299   0
   0.60000002  10.971   9.711   8.424   6.964   0
   0.69999999   9.827   8.707   7.551   6.272   0
   0.80000001   8.491   7.665   6.660   5.583   0
   0.89999998   7.229   6.726   5.868   4.974   0
   0.94192958   6.787   6.391   5.585   4.746   0
   1.00000000   6.217   5.953   5.219   4.447   0
   1.04313409   5.860   5.661   4.972   4.239   0
   1.10000002   5.407   5.289   4.657   3.974   0
   1.12716937   5.189   5.100   4.497   3.839   0
   1.20000005   4.696   4.665   4.125   3.524   0
   1.29999995   4.149   4.155   3.690   3.160   0
   1.39999998   3.676   3.693   3.293   2.832   0
   1.50000000   3.284   3.291   2.957   2.574   0
   1.60000002   2.922   2.901   2.634   2.345   0
   1.70000005   2.610   2.560   2.356   2.155   0
   1.79999995   2.334   2.266   2.120   1.992   0
   1.89999998   2.072   2.014   1.916   1.841   0
   1.95000005   1.958   1.908   1.830   1.777   0
   2.00000000   1.842   1.807   1.746   1.708   0
   2.20000005   1.418   1.450   1.443   1.455   0
   2.50000000   0.874   1.018   1.062   1.115   0
   2.55204201   0.790   0.953   1.002   1.059   0
   3.00000000   0.122   0.430   0.516   0.600   0
   3.23535132  -0.181   0.190   0.288   0.382   0
   3.50000000  -0.499  -0.069   0.039   0.144   0
   3.73310590  -0.755  -0.281  -0.163  -0.051   0
   4.00000000  -1.040  -0.522  -0.395  -0.275   0
   4.12921476  -1.177  -0.640  -0.509  -0.386   0
   4.43222618  -1.497  -0.926  -0.787  -0.657   0
   4.50000000  -1.570  -0.992  -0.852  -0.721   0
   4.70574951  -1.794  -1.198  -1.053  -0.919   0
   4.91743803  -2.035  -1.427  -1.279  -1.144   0
   5.00000000  -2.135  -1.525  -1.377  -1.241   0
   5.10406303  -2.262  -1.649  -1.500  -1.364   0
   5.25677681  -2.462  -1.852  -1.703  -1.570   1
   5.38665581  -2.650  -2.049  -1.902  -1.773   0
   5.49662447  -2.827  -2.243  -2.099  -1.975   0
   5.58897877  -2.994  -2.431  -2.291  -2.175   0
   5.62937641  -3.073  -2.521  -2.383  -2.270   0
   5.66623211  -3.147  -2.604  -2.468  -2.358   0
   5.69058037  -3.196  -2.654  -2.519  -2.410   0
   5.70509958  -3.222  -2.673  -2.537  -2.427   3
   5.71653986  -3.238  -2.671  -2.531  -2.417   0
   5.72424650  -3.238  -2.634  -2.486  -2.361   0
   5.72642517  -3.242  -2.607  -2.452  -2.318   0
   5.72768831  -3.258  -2.591  -2.429  -2.285   0
   5.72777891  -3.249  -2.584  -2.423  -2.279   0
   5.72811508  -3.195  -2.559  -2.403  -2.268   0
   5.72847366  -3.237  -2.640  -2.494  -2.371   0
   5.72878742  -3.334  -2.770  -2.631  -2.518   0
   5.72919083  -3.443  -2.921  -2.790  -2.690   0
   5.72963905  -3.536  -3.062  -2.941  -2.854   0
   5.73015404  -3.612  -3.201  -3.090  -3.019   0
   5.73073673  -3.665  -3.339  -3.242  -3.189   0
   5.73106050  -3.681  -3.407  -3.320  -3.279   0
   5.73140240  -3.691  -3.478  -3.401  -3.372   0
   5.73174381  -3.689  -3.547  -3.482  -3.468   0
   5.73210335  -3.669  -3.612  -3.563  -3.570   0
   5.73246241  -3.625  -3.663  -3.640  -3.675   0
   5.73282146  -3.531  -3.670  -3.697  -3.783   0
   5.73300123  -3.459  -3.646  -3.711  -3.836   3
   5.73319912  -3.366  -3.592  -3.710  -3.892   0
   5.73337841  -3.262  -3.511  -3.694  -3.944   0
   5.73355770  -3.138  -3.394  -3.662  -3.996   0
   5.73373699  -2.980  -3.238  -3.610  -4.044   0
   5.73391676  -2.762  -3.042  -3.533  -4.081   0
   5.73409605  -2.422  -2.782  -3.425  -4.102   0
   5.73425722  -1.972  -2.485  -3.289  -4.093   0
   5.73443651  -1.426  -2.150  -3.112  -4.034   0
   5.73461580  -0.959  -1.863  -2.929  -3.934   0
   5.73477697  -0.584  -1.625  -2.764  -3.827   0
   5.73493862  -0.275  -1.446  -2.639  -3.759   4
   5.73522615   0.010  -1.403  -2.695  -3.914   0
   5.73549318   0.132  -1.489  -2.861  -4.162   0
   5.73576021   0.160  -1.559  -2.968  -4.305   0
   5.73621225   0.196  -1.606  -3.047  -4.418   0
   5.73678732   0.232  -1.653  -3.126  -4.533   0
   5.73740244   0.264  -1.705  -3.209  -4.651   0
   5.73801804   0.287  -1.763  -3.297  -4.772   0
   5.73865414   0.310  -1.822  -3.388  -4.894   0
   5.73926926   0.287  -1.857  -3.439  -4.984   0
   5.74035549   0.241  -1.870  -3.455  -5.037   0
   5.74129772   0.217  -1.877  -3.463  -5.062   2
   5.75058222   0.298  -1.868  -3.447  -4.972   0
   5.75517035   0.270  -1.826  -3.377  -4.868   0
   5.75929976   0.238  -1.770  -3.289  -4.744   0
   5.76319790   0.209  -1.712  -3.198  -4.618   0
   5.76679802   0.179  -1.664  -3.120  -4.507   0
   5.77089214   0.149  -1.616  -3.043  -4.396   0
   5.77663040   0.109  -1.566  -2.958  -4.277   0
   5.78587484   0.034  -1.533  -2.884  -4.162   4
   5.79893637  -0.137  -1.587  -2.895  -4.122   0
   5.80711174  -0.460  -1.794  -3.055  -4.228   0
   5.81016445  -0.638  -1.908  -3.142  -4.287   0
   5.81224346  -0.993  -2.127  -3.304  -4.391   0
   5.81570053  -1.809  -2.599  -3.596  -4.539   0
   5.86520195  -3.032  -3.387  -3.990  -4.634   1
   5.89855146  -2.853  -3.290  -3.995  -4.719   0
   5.91225195  -2.381  -3.008  -3.890  -4.748   0
   5.92332506  -1.485  -2.520  -3.647  -4.688   0
   5.93842602  -0.362  -1.883  -3.216  -4.461   0
   5.95697403  -0.035  -1.784  -3.204  -4.543   4
   5.95844460   0.029  -1.797  -3.245  -4.618   0
   5.95851803   0.038  -1.800  -3.254  -4.632   0
   5.95877361   0.071  -1.838  -3.319  -4.728   0
   5.96008110   0.124  -1.890  -3.410  -4.863   0
   5.96055889   0.147  -1.912  -3.449  -4.920   0
   5.96129179   0.196  -1.975  -3.553  -5.068   0
   5.96221495   0.108  -2.005  -3.596  -5.190   0
   5.96323299  -0.002  -2.026  -3.623  -5.299   0
   5.96407509  -0.096  -2.046  -3.645  -5.382   0
   5.96493292  -0.204  -2.069  -3.668  -5.472   2
   5.96559954  -0.306  -2.088  -3.686  -5.550   0
   5.96620226  -0.382  -2.091  -3.690  -5.625   0
   5.96669388  -0.421  -2.074  -3.677  -5.697   0
   5.96712208  -0.458  -2.058  -3.663  -5.761   0
   5.96770811  -0.521  -2.060  -3.667  -5.851   0
   5.96797752  -0.558  -2.082  -3.690  -5.896   0
   5.96819925  -0.589  -2.100  -3.708  -5.933   0
   5.96843672  -0.636  -2.095  -3.703  -5.997   0
   5.96884823  -0.670  -1.958  -3.556  -6.102   0
   5.96891165  -0.661  -1.921  -3.515  -6.111   0
   5.96899080  -0.650  -1.876  -3.465  -6.122   0
   5.96910143  -0.642  -1.840  -3.425  -6.132   0
