   0.15000001  16.097  14.565  12.988  10.478   0
   0.20000000  14.929  13.517  12.016   9.740   0
   0.25000000  14.237  12.873  11.407   9.254   0
   0.30000001  13.730  12.387  10.938   8.902   0
   0.34999999  13.296  11.968  10.530   8.602   0
   0.40000001  12.861  11.544  10.117   8.275   0
   0.44999999  12.406  11.104   9.702   7.956   0
   0.47156921  12.196  10.900   9.511   7.817   0
   0.50000000  11.930  10.643   9.269   7.642   0
   0.55000001  11.448  10.171   8.836   7.299   0
   0.60000002  10.971   9.711   8.425   6.965   0
   0.69999999   9.823   8.705   7.550   6.273   0
   0.80000001   8.498   7.671   6.665   5.587   0
   0.89999998   7.242   6.736   5.877   4.982   0
   1.00000000   6.250   5.980   5.244   4.470   0
   1.10000002   5.475   5.344   4.703   4.012   0
   1.20000005   4.708   4.676   4.135   3.534   0
   1.24263024   4.457   4.448   3.941   3.370   0
   1.29999995   4.157   4.163   3.698   3.167   0
   1.39999998   3.684   3.701   3.302   2.841   0
   1.50000000   3.294   3.302   2.968   2.586   0
   1.55546749   3.088   3.081   2.785   2.455   0
   1.60000002   2.932   2.912   2.645   2.357   0
   1.67910993   2.685   2.640   2.423   2.207   0
   1.70000005   2.623   2.574   2.371   2.172   0
   1.79999995   2.350   2.283   2.139   2.015   0
   1.89999998   2.088   2.032   1.938   1.866   0
   1.95000005   1.978   1.933   1.858   1.807   0
   2.00000000   1.862   1.832   1.774   1.740   0
   2.20000005   1.446   1.488   1.484   1.501   0
   2.50000000   0.916   1.079   1.127   1.184   0
   3.00000000   0.207   0.545   0.634   0.725   0
   3.50000000  -0.352   0.111   0.224   0.336   0
   3.90896678  -0.731  -0.193  -0.065   0.062   0
   4.00000000  -0.808  -0.256  -0.125   0.005   0
   4.50000000  -1.207  -0.584  -0.437  -0.292   0
   5.00000000  -1.570  -0.893  -0.733  -0.574   0
   5.11979628  -1.652  -0.964  -0.801  -0.639   0
   5.93341303  -2.195  -1.441  -1.260  -1.080   0
   6.00000000  -2.239  -1.479  -1.298  -1.116   0
   6.60945654  -2.620  -1.822  -1.630  -1.437   0
   7.00000000  -2.872  -2.053  -1.855  -1.656   0
   7.14191961  -2.966  -2.140  -1.941  -1.740   0
   7.56479740  -3.258  -2.415  -2.212  -2.007   0
   7.91466236  -3.521  -2.669  -2.464  -2.259   0
   8.21057701  -3.757  -2.902  -2.697  -2.492   1
   8.46263027  -3.986  -3.136  -2.932  -2.729   0
   8.67735386  -4.197  -3.355  -3.153  -2.955   0
   8.85987568  -4.410  -3.584  -3.386  -3.197   0
   9.00000000  -4.581  -3.768  -3.575  -3.392   0
   9.15012169  -4.760  -3.965  -3.778  -3.603   0
   9.22214508  -4.843  -4.054  -3.868  -3.695   0
   9.26673889  -4.872  -4.069  -3.880  -3.704   3
   9.28988171  -4.844  -3.989  -3.788  -3.594   0
   9.29275703  -4.869  -3.973  -3.764  -3.555   0
   9.29299545  -4.865  -3.967  -3.757  -3.548   0
   9.29380417  -4.813  -3.941  -3.735  -3.534   0
   9.29420853  -4.838  -3.991  -3.791  -3.599   0
   9.29434967  -4.859  -4.021  -3.823  -3.635   0
   9.29476929  -4.946  -4.140  -3.950  -3.774   0
   9.29508877  -5.020  -4.238  -4.055  -3.888   0
   9.29540825  -5.101  -4.347  -4.170  -4.014   0
   9.29572678  -5.183  -4.461  -4.292  -4.147   0
   9.29606342  -5.269  -4.579  -4.420  -4.289   0
   9.29641628  -5.354  -4.703  -4.554  -4.439   0
   9.29678535  -5.438  -4.834  -4.698  -4.600   0
   9.29697037  -5.479  -4.903  -4.773  -4.685   0
   9.29736137  -5.559  -5.049  -4.934  -4.866   0
   9.29756546  -5.594  -5.126  -5.020  -4.964   0
   9.29775238  -5.621  -5.202  -5.106  -5.063   0
   9.29795647  -5.643  -5.278  -5.193  -5.166   0
   9.29816151  -5.654  -5.356  -5.284  -5.274   0
   9.29833126  -5.652  -5.420  -5.358  -5.361   0
   9.29853535  -5.633  -5.498  -5.452  -5.475   0
   9.29868793  -5.601  -5.553  -5.522  -5.562   0
   9.29882431  -5.555  -5.585  -5.574  -5.637   0
   9.29894352  -5.492  -5.598  -5.614  -5.706   0
   9.29906273  -5.406  -5.588  -5.641  -5.773   0
   9.29918194  -5.297  -5.536  -5.643  -5.833   3
   9.29930019  -5.170  -5.448  -5.628  -5.891   0
   9.29940224  -5.024  -5.328  -5.599  -5.948   0
   9.29950428  -4.850  -5.175  -5.554  -5.999   0
   9.29960632  -4.629  -4.986  -5.487  -6.039   0
   9.29969120  -4.349  -4.771  -5.402  -6.063   0
   9.29979324  -3.940  -4.496  -5.283  -6.065   0
   9.29987907  -3.387  -4.158  -5.120  -6.029   0
   9.29992962  -3.060  -3.969  -5.020  -5.995   0
   9.30001450  -2.422  -3.611  -4.808  -5.892   0
   9.30013371  -1.783  -3.236  -4.544  -5.730   0
   9.30030346  -1.221  -2.915  -4.313  -5.603   0
   9.30035496  -1.089  -2.849  -4.272  -5.589   0
   9.30050755  -0.649  -2.727  -4.269  -5.728   0
   9.30059147  -0.553  -2.731  -4.332  -5.899   0
   9.30069351  -0.806  -2.742  -4.347  -6.110   0
   9.30081177  -0.986  -2.821  -4.427  -6.266   0
   9.30109978  -1.121  -2.853  -4.457  -6.376   0
   9.30199718  -1.200  -2.871  -4.479  -6.488   3
   9.30306339  -1.259  -2.848  -4.459  -6.583   0
   9.30729294  -1.298  -2.783  -4.393  -6.655   0
   9.32674313  -1.272  -2.889  -4.500  -6.586   0
   9.34089661  -1.215  -2.927  -4.534  -6.487   0
   9.35467815  -1.107  -2.921  -4.529  -6.386   0
   9.37059689  -0.973  -2.939  -4.551  -6.308   0
   9.39595032  -0.869  -3.009  -4.625  -6.257   0
   9.44127178  -0.865  -3.137  -4.748  -6.263   0
   9.48052692  -1.206  -3.343  -4.903  -6.350   0
   9.49586582  -1.713  -3.665  -5.155  -6.504   0
   9.49937153  -2.144  -3.903  -5.325  -6.599   0
   9.50168514  -3.318  -4.489  -5.671  -6.731   0
   9.50284290  -4.006  -4.846  -5.838  -6.762   0
   9.50399971  -4.435  -5.087  -5.935  -6.756   0
   9.50484562  -4.668  -5.225  -5.987  -6.743   0
   9.50600243  -4.869  -5.356  -6.031  -6.722   0
   9.50829887  -5.135  -5.542  -6.092  -6.683   0
   9.51396275  -5.427  -5.773  -6.151  -6.598   0
   9.51612091  -5.445  -5.788  -6.155  -6.591   1
   9.52637863  -5.320  -5.684  -6.134  -6.640   0
   9.53078270  -5.178  -5.575  -6.102  -6.674   0
   9.53501129  -4.988  -5.436  -6.060  -6.711   0
   9.53824711  -4.783  -5.300  -6.014  -6.736   0
   9.54143238  -4.499  -5.125  -5.950  -6.754   0
   9.54381084  -4.203  -4.952  -5.880  -6.759   0
   9.54603672  -3.809  -4.734  -5.785  -6.752   0
   9.54753399  -3.392  -4.520  -5.679  -6.724   0
   9.54903030  -2.875  -4.262  -5.540  -6.678   0
   9.55045128  -2.392  -4.019  -5.395  -6.619   0
   9.55265427  -1.853  -3.735  -5.200  -6.523   0
   9.55540085  -1.411  -3.476  -5.009  -6.417   0
   9.55674362  -1.240  -3.380  -4.941  -6.386   0
   9.59905910  -0.958  -3.156  -4.778  -6.380   2
   9.61797810  -1.067  -3.059  -4.676  -6.422   0
   9.62072086  -1.193  -3.032  -4.643  -6.488   0
   9.62220669  -1.164  -3.028  -4.640  -6.469   0
   9.62399387  -1.287  -3.014  -4.622  -6.557   0
   9.62538719  -1.344  -3.006  -4.617  -6.645   0
   9.62712669  -1.383  -2.947  -4.559  -6.720   0
   9.62910748  -1.421  -2.861  -4.471  -6.792   0
   9.63146400  -1.416  -2.728  -4.329  -6.833   0
   9.63330555  -1.361  -2.590  -4.180  -6.832   0
