   0.15000001  16.043  14.520  12.948  10.452   0
   0.20000000  14.839  13.436  11.941   9.676   0
   0.25000000  14.121  12.765  11.304   9.156   0
   0.30000001  13.593  12.252  10.804   8.775   0
   0.34999999  13.159  11.831  10.393   8.469   0
   0.40000001  12.775  11.459  10.035   8.201   0
   0.42077789  12.575  11.265   9.852   8.064   0
   0.43119696  12.477  11.171   9.763   7.997   0
   0.47549093  12.022  10.728   9.348   7.692   0
   0.50000000  11.805  10.516   9.148   7.547   0
   0.55000001  11.296  10.020   8.698   7.183   0
   0.60000002  10.771   9.512   8.242   6.809   0
   0.64570558  10.138   8.965   7.767   6.434   0
   0.68906194   9.525   8.454   7.326   6.087   0
   0.69999999   9.366   8.328   7.218   6.002   0
   0.70461774   9.280   8.263   7.163   5.960   0
   0.73471826   8.710   7.827   6.796   5.685   0
   0.76149952   8.229   7.464   6.486   5.447   0
   0.78578830   7.794   7.136   6.205   5.229   0
   0.80000001   7.556   6.956   6.051   5.106   0
   0.80043858   7.549   6.950   6.046   5.102   0
   0.82051980   7.208   6.688   5.821   4.918   0
   0.83897740   6.898   6.448   5.612   4.746   0
   0.85633433   6.624   6.229   5.422   4.585   0
   0.87368244   6.356   6.010   5.231   4.419   0
   0.88286424   6.217   5.895   5.129   4.329   0
   0.89217466   6.082   5.781   5.028   4.239   0
   0.89999998   5.974   5.688   4.943   4.162   0
   0.90166134   5.949   5.666   4.923   4.144   0
   0.90873671   5.841   5.571   4.836   4.065   0
   0.91083628   5.812   5.545   4.812   4.042   0
   0.91217250   5.793   5.528   4.796   4.027   0
   0.91782457   5.719   5.460   4.731   3.965   0
   0.92245567   5.656   5.401   4.676   3.913   0
   0.94338578   5.392   5.140   4.418   3.658   0
   0.95759934   5.271   4.983   4.241   3.463   0
   0.96736515   5.326   4.951   4.154   3.330   3
   0.97242945   5.550   5.048   4.182   3.291   0
   0.97446752   5.705   5.123   4.215   3.282   0
   0.97724646   5.835   5.146   4.184   3.196   0
   0.97934324   5.803   5.057   4.068   3.049   0
   0.98087949   5.709   4.935   3.931   2.898   0
   0.98212832   5.595   4.801   3.786   2.744   0
   0.98317379   5.476   4.667   3.645   2.596   0
   0.98417681   5.351   4.524   3.493   2.437   0
   0.98503989   5.228   4.385   3.345   2.283   0
   0.98582357   5.103   4.243   3.194   2.126   0
   0.98649627   4.988   4.110   3.051   1.975   0
   0.98709095   4.881   3.981   2.911   1.826   0
   0.98760390   4.777   3.854   2.774   1.678   0
   0.98807168   4.678   3.731   2.639   1.533   0
   0.98847687   4.581   3.606   2.502   1.383   0
   0.98886645   4.482   3.478   2.359   1.228   0
   0.98918623   4.393   3.359   2.227   1.085   0
   0.98948866   4.306   3.241   2.095   0.940   0
   0.98976147   4.225   3.126   1.965   0.797   0
   0.99006402   4.145   3.017   1.842   0.663   0
   0.99024248   4.107   2.965   1.785   0.601   2
   0.99056906   4.181   3.088   1.930   0.766   0
   0.99076068   4.104   2.976   1.801   0.623   0
   0.99096352   4.025   2.862   1.672   0.480   0
   0.99115336   3.958   2.753   1.545   0.336   0
   0.99135268   3.889   2.630   1.399   0.167   0
   0.99152219   3.826   2.511   1.257   0.002   0
   0.99166572   3.770   2.403   1.128  -0.147   0
   0.99178684   3.718   2.301   1.005  -0.291   0
   0.99189502   3.668   2.199   0.882  -0.433   0
   0.99200314   3.614   2.084   0.743  -0.596   0
   0.99208152   3.586   2.000   0.636  -0.726   0
   0.99215239   3.561   1.916   0.529  -0.860   0
   0.99222142   3.542   1.836   0.423  -0.992   0
   0.99228299   3.526   1.752   0.312  -1.132   0
   0.99234271   3.492   1.647   0.179  -1.295   0
   0.99238753   3.484   1.568   0.073  -1.430   0
   0.99243230   3.441   1.511  -0.007  -1.567   0
   0.99247527   3.359   1.472  -0.060  -1.692   0
   0.99250323   3.290   1.443  -0.099  -1.789   0
   0.99253500   3.199   1.416  -0.137  -1.906   0
   0.99256295   3.096   1.379  -0.182  -2.026   0
   0.99258727   3.000   1.346  -0.223  -2.143   0
   0.99260777   2.955   1.355  -0.224  -2.247   3
   0.99262834   2.909   1.382  -0.208  -2.360   0
   0.99264514   2.871   1.417  -0.182  -2.455   0
   0.99266195   2.815   1.436  -0.169  -2.561   0
   0.99267691   2.834   1.558  -0.038  -2.606   0
   0.99268997   2.904   1.738   0.157  -2.606   0
   0.99270117   2.903   1.810   0.239  -2.656   0
   0.99271238   2.946   1.950   0.393  -2.675   0
   0.99272174   3.021   2.132   0.584  -2.666   0
   0.99273103   3.136   2.370   0.824  -2.623   0
   0.99274039   3.262   2.635   1.091  -2.578   0
   0.99274784   3.363   2.850   1.307  -2.542   0
   0.99275345   3.461   3.069   1.518  -2.503   0
   0.99276096   3.512   3.252   1.680  -2.500   2
   0.99276096   3.414   2.346   1.196   0.071   1
   0.99282736   3.413   2.303   1.136  -0.007   0
   0.99292493   3.406   2.280   1.105  -0.044   0
   0.99294984   3.402   2.278   1.104  -0.044   0
   0.99307168   3.395   2.285   1.118  -0.025   0
   0.99319613   3.387   2.289   1.126  -0.012   0
   0.99332386   3.369   2.285   1.127  -0.004   0
   0.99345416   3.359   2.285   1.132   0.006   0
   0.99358666   3.352   2.286   1.137   0.014   0
   0.99372137   3.346   2.287   1.141   0.021   0
   0.99386269   3.336   2.285   1.143   0.027   0
   0.99400198   3.328   2.283   1.143   0.031   0
   0.99413830   3.321   2.281   1.143   0.032   0
   0.99427217   3.316   2.278   1.140   0.031   0
   0.99433577   3.313   2.275   1.138   0.029   0
   0.99440646   3.311   2.273   1.135   0.025   0
   0.99454701   3.306   2.264   1.125   0.014   0
   0.99469227   3.301   2.252   1.110  -0.005   0
   0.99488920   3.295   2.230   1.081  -0.040   0
   0.99501359   3.290   2.204   1.046  -0.083   0
   0.99521393   3.274   2.163   0.994  -0.146   0
   0.99526119   3.267   2.135   0.957  -0.191   0
   0.99534452   3.254   2.069   0.869  -0.300   0
   0.99537826   3.241   2.008   0.786  -0.402   0
   0.99539721   3.228   1.908   0.651  -0.575   0
   0.99540263   3.230   1.835   0.549  -0.708   0
   0.99540699   3.218   1.684   0.344  -0.969   0
   0.99540865   3.230   1.607   0.231  -1.117   0
   0.99541068   3.247   1.528   0.114  -1.277   0
   0.99541318   3.283   1.466   0.013  -1.425   0
   0.99541575   3.277   1.427  -0.038  -1.489   0
   0.99542266   3.269   1.498   0.063  -1.354   0
   0.99543726   3.244   1.546   0.140  -1.242   0
   0.99543905   3.238   1.546   0.142  -1.238   1
   0.99549621   3.266   1.486   0.047  -1.373   0
   0.99552870   3.265   1.376  -0.106  -1.571   0
   0.99554831   3.333   1.324  -0.203  -1.721   0
   0.99556506   3.251   1.317  -0.227  -1.852   0
   0.99557894   3.141   1.287  -0.271  -1.991   0
   0.99558908   3.032   1.239  -0.326  -2.114   0
   0.99559718   2.910   1.225  -0.347  -2.238   0
   0.99560297   2.863   1.257  -0.328  -2.358   0
   0.99560654   2.862   1.353  -0.242  -2.434   0
   0.99561030   2.813   1.386  -0.217  -2.536   0
   0.99561369   2.750   1.399  -0.208  -2.641   2
   0.99561673   2.862   1.644   0.056  -2.616   0
   0.99562043   2.907   1.794   0.220  -2.638   0
   0.99562424   3.010   2.031   0.475  -2.622   0
   0.99562824   3.088   2.225   0.678  -2.615   0
   0.99563205   3.233   2.512   0.967  -2.552   0
   0.99563640   3.344   2.749   1.205  -2.515   1
   0.99564034   3.529   3.122   1.573  -2.429   0
   0.99564087   3.614   3.359   1.786  -2.400   0
   0.99564141   3.617   3.386   1.810  -2.406   0
   0.99564195   3.620   3.413   1.833  -2.412   0
   0.99564236   3.623   3.435   1.852  -2.416   0
   0.99564284   3.626   3.463   1.876  -2.422   0
   0.99564338   3.629   3.491   1.900  -2.428   0
   0.99564391   3.632   3.518   1.924  -2.434   0
   0.99564445   3.635   3.546   1.947  -2.440   0
   0.99564499   3.638   3.574   1.971  -2.446   0
   0.99564552   3.642   3.601   1.995  -2.452   0
   0.99564600   3.645   3.630   2.019  -2.457   0
   0.99564654   3.645   3.651   2.036  -2.468   0
   0.99564707   3.643   3.666   2.048  -2.481   0
   0.99564761   3.642   3.683   2.061  -2.495   0
   0.99564803   3.640   3.696   2.071  -2.506   0
   0.99564856   3.639   3.712   2.084  -2.519   0
   0.99564910   3.639   3.731   2.099  -2.532   0
   0.99564958   3.642   3.753   2.116  -2.542   0
   0.99565005   3.654   3.789   2.147  -2.545   0
   0.99565011   3.677   3.831   2.185  -2.534   0
