   0.15000001  16.059  14.533  12.960  10.460   0
   0.20000000  14.863  13.457  11.961   9.693   0
   0.25000000  14.142  12.784  11.323   9.173   0
   0.30000001  13.612  12.271  10.822   8.792   0
   0.34999999  13.174  11.846  10.408   8.482   0
   0.40000001  12.794  11.478  10.053   8.215   0
   0.41205779  12.677  11.364   9.946   8.134   0
   0.43720004  12.445  11.140   9.734   7.976   0
   0.44802576  12.349  11.047   9.647   7.910   0
   0.45917436  12.226  10.928   9.535   7.828   0
   0.50000000  11.839  10.549   9.180   7.569   0
   0.55000001  11.340  10.063   8.737   7.214   0
   0.60000002  10.833   9.573   8.296   6.853   0
   0.65642530  10.101   8.933   7.740   6.411   0
   0.69999999   9.529   8.456   7.327   6.085   0
   0.72563559   9.094   8.120   7.043   5.870   0
   0.76339120   8.451   7.633   6.631   5.559   0
   0.79600251   7.907   7.226   6.285   5.295   0
   0.80000001   7.841   7.176   6.243   5.263   0
   0.81117505   7.664   7.043   6.129   5.173   0
   0.83786154   7.257   6.733   5.865   4.960   0
   0.86166584   6.902   6.462   5.631   4.769   0
   0.88328314   6.600   6.224   5.428   4.600   0
   0.89999998   6.372   6.042   5.272   4.468   0
   0.90064037   6.363   6.035   5.266   4.463   0
   0.91598892   6.154   5.864   5.117   4.333   0
   0.93042678   5.961   5.704   4.975   4.209   0
   0.94434166   5.787   5.553   4.842   4.090   0
   0.95094115   5.710   5.485   4.780   4.035   0
   0.95699227   5.639   5.422   4.723   3.983   0
   0.96450180   5.552   5.345   4.653   3.919   0
   0.96673024   5.528   5.322   4.633   3.900   0
   0.96910661   5.505   5.301   4.613   3.882   0
   0.97904265   5.408   5.212   4.529   3.804   0
   0.98707002   5.325   5.135   4.458   3.737   0
   1.00000000   5.187   5.005   4.334   3.618   0
   1.02134490   4.957   4.774   4.106   3.393   0
   1.04004347   4.809   4.596   3.907   3.176   0
   1.05346358   4.851   4.555   3.809   3.029   3
   1.06000161   5.104   4.683   3.859   3.011   0
   1.06384420   5.419   4.854   3.955   3.032   0
   1.06736863   5.556   4.879   3.922   2.941   0
   1.06995952   5.510   4.778   3.795   2.785   0
   1.07184529   5.404   4.645   3.647   2.624   0
   1.07343590   5.281   4.501   3.492   2.459   0
   1.07477307   5.163   4.364   3.346   2.306   0
   1.07595646   5.043   4.228   3.201   2.154   0
   1.07700169   4.925   4.092   3.056   2.002   0
   1.07792175   4.811   3.959   2.912   1.850   0
   1.07871187   4.697   3.824   2.767   1.697   0
   1.07944560   4.594   3.696   2.627   1.546   0
   1.08005476   4.500   3.578   2.497   1.404   0
   1.08062565   4.404   3.454   2.360   1.255   0
   1.08108222   4.323   3.345   2.239   1.123   0
   1.08153605   4.234   3.224   2.103   0.974   0
   1.08194160   4.143   3.101   1.966   0.824   0
   1.08230150   4.063   2.991   1.841   0.687   0
   1.08264863   3.990   2.884   1.720   0.552   0
   1.08307672   3.924   2.791   1.615   0.437   2
   1.08342397   3.992   2.905   1.749   0.590   0
   1.08347845   4.002   2.923   1.770   0.614   0
   1.08374298   3.928   2.812   1.643   0.472   0
   1.08402193   3.851   2.696   1.510   0.324   0
   1.08430386   3.775   2.574   1.368   0.164   0
   1.08456600   3.710   2.452   1.221  -0.007   0
   1.08478546   3.652   2.343   1.091  -0.158   0
   1.08500218   3.586   2.216   0.938  -0.335   0
   1.08516181   3.537   2.118   0.820  -0.473   0
   1.08532166   3.488   2.007   0.686  -0.631   0
   1.08545578   3.449   1.899   0.551  -0.793   0
   1.08557272   3.421   1.808   0.434  -0.937   0
   1.08566129   3.400   1.732   0.335  -1.060   0
   1.08576119   3.381   1.641   0.214  -1.213   0
   1.08583534   3.356   1.557   0.107  -1.345   0
   1.08590961   3.328   1.461  -0.015  -1.495   0
   1.08596396   3.336   1.398  -0.106  -1.615   0
   1.08602393   3.278   1.348  -0.175  -1.748   0
   1.08607817   3.196   1.314  -0.223  -1.871   0
   1.08612108   3.116   1.283  -0.264  -1.978   0
   1.08616674   3.008   1.246  -0.312  -2.110   0
   1.08620107   2.907   1.209  -0.356  -2.222   0
   1.08623242   2.839   1.202  -0.372  -2.328   0
   1.08626103   2.789   1.212  -0.372  -2.439   0
   1.08628678   2.744   1.233  -0.361  -2.541   0
   1.08631241   2.710   1.299  -0.304  -2.645   0
   1.08633244   2.643   1.285  -0.322  -2.745   2
   1.08635247   2.748   1.526  -0.062  -2.728   0
   1.08636963   2.743   1.593   0.014  -2.778   0
   1.08638680   2.778   1.731   0.167  -2.810   0
   1.08640110   2.853   1.917   0.367  -2.806   0
   1.08641529   2.946   2.129   0.582  -2.783   0
   1.08642673   3.034   2.322   0.777  -2.755   0
   1.08643818   3.144   2.552   1.008  -2.715   0
   1.08644676   3.267   2.790   1.247  -2.659   0
   1.08645248   3.322   2.918   1.369  -2.638   2
   1.08645248   3.360   2.291   1.141   0.012   1
   1.08653533   3.346   2.242   1.077  -0.066   0
   1.08669364   3.345   2.223   1.049  -0.102   0
   1.08687294   3.326   2.220   1.054  -0.089   0
   1.08706188   3.315   2.222   1.061  -0.077   0
   1.08725321   3.306   2.222   1.066  -0.068   0
   1.08744955   3.300   2.224   1.070  -0.060   0
   1.08764791   3.295   2.225   1.074  -0.053   0
   1.08785236   3.288   2.224   1.076  -0.048   0
   1.08806443   3.283   2.224   1.078  -0.044   0
   1.08827364   3.276   2.222   1.078  -0.042   0
   1.08847845   3.269   2.219   1.077  -0.041   0
   1.08867908   3.263   2.216   1.075  -0.042   0
   1.08882940   3.260   2.212   1.071  -0.045   0
   1.08887970   3.258   2.211   1.069  -0.047   0
   1.08908701   3.253   2.202   1.060  -0.057   0
   1.08929646   3.247   2.191   1.046  -0.074   0
   1.08951509   3.239   2.172   1.023  -0.101   0
   1.08978939   3.234   2.146   0.987  -0.147   0
   1.08990824   3.219   2.121   0.958  -0.179   0
   1.09007287   3.209   2.083   0.908  -0.241   0
   1.09034646   3.183   1.994   0.792  -0.381   0
   1.09038365   3.167   1.932   0.710  -0.482   0
   1.09041083   3.152   1.833   0.576  -0.651   0
   1.09041882   3.147   1.760   0.476  -0.780   0
   1.09042513   3.124   1.609   0.275  -1.032   0
   1.09042799   3.117   1.515   0.148  -1.193   0
   1.09043133   3.138   1.438   0.031  -1.355   0
   1.09043646   3.147   1.376  -0.060  -1.478   0
   1.09044909   3.134   1.442   0.038  -1.343   0
   1.09046924   3.125   1.468   0.078  -1.287   1
   1.09055805   3.137   1.400  -0.021  -1.424   0
   1.09060109   3.155   1.310  -0.155  -1.605   0
   1.09062791   3.183   1.240  -0.262  -1.754   0
   1.09065104   3.174   1.196  -0.338  -1.899   0
   1.09067011   3.080   1.174  -0.374  -2.033   0
   1.09068477   2.979   1.142  -0.417  -2.157   0
   1.09069824   2.849   1.106  -0.462  -2.298   0
   1.09070575   2.763   1.106  -0.471  -2.408   0
   1.09071159   2.729   1.139  -0.448  -2.505   0
   1.09071696   2.712   1.222  -0.376  -2.597   0
   1.09072185   2.655   1.238  -0.365  -2.701   2
   1.09072697   2.645   1.326  -0.276  -2.768   0
   1.09073198   2.722   1.524  -0.061  -2.768   0
   1.09073710   2.779   1.690   0.120  -2.782   0
   1.09074223   2.870   1.907   0.353  -2.772   0
   1.09074759   2.996   2.166   0.619  -2.726   0
   1.09075403   3.088   2.378   0.832  -2.703   0
   1.09075832   3.237   2.667   1.123  -2.636   0
   1.09075928   3.132   2.471   0.926  -2.687   2
   1.09075975   3.244   2.686   1.143  -2.636   0
   1.09076011   3.363   2.905   1.363  -2.576   1
   1.09076083   3.424   3.077   1.519  -2.557   0
   1.09076083   3.428   3.088   1.529  -2.555   0
   1.09076190   3.432   3.123   1.559  -2.562   0
   1.09076285   3.436   3.157   1.588  -2.570   0
   1.09076381   3.439   3.192   1.618  -2.578   0
   1.09076476   3.443   3.226   1.648  -2.585   0
   1.09076583   3.447   3.261   1.677  -2.593   0
   1.09076679   3.450   3.296   1.707  -2.601   0
   1.09076774   3.454   3.330   1.737  -2.608   0
   1.09076869   3.458   3.365   1.767  -2.616   0
   1.09076977   3.462   3.400   1.797  -2.623   0
   1.09077072   3.466   3.435   1.827  -2.630   0
   1.09077168   3.469   3.468   1.855  -2.640   0
   1.09077263   3.467   3.488   1.870  -2.657   0
   1.09077346   3.465   3.504   1.882  -2.671   0
   1.09077442   3.463   3.524   1.898  -2.688   0
   1.09077537   3.462   3.547   1.916  -2.704   0
   1.09077632   3.464   3.571   1.935  -2.717   0
   1.09077704   3.480   3.616   1.974  -2.720   0
   1.09077716   3.495   3.643   1.998  -2.713   0
   1.09077716   3.522   3.689   2.040  -2.699   0
