   0.15000001  16.097  14.565  12.988  10.478   0
   0.20000000  14.929  13.516  12.016   9.740   0
   0.25000000  14.236  12.873  11.407   9.254   0
   0.30000001  13.729  12.387  10.938   8.901   0
   0.34999999  13.295  11.967  10.530   8.601   0
   0.40000001  12.860  11.543  10.116   8.274   0
   0.44999999  12.406  11.104   9.701   7.956   0
   0.50000000  11.930  10.642   9.268   7.641   0
   0.55000001  11.447  10.171   8.836   7.299   0
   0.60000002  10.971   9.711   8.424   6.964   0
   0.69999999   9.825   8.707   7.551   6.272   0
   0.80000001   8.492   7.666   6.661   5.584   0
   0.80798590   8.383   7.584   6.592   5.532   0
   0.89999998   7.233   6.729   5.871   4.977   0
   0.98008049   6.419   6.108   5.349   4.555   0
   1.00000000   6.228   5.961   5.227   4.455   0
   1.08123362   5.574   5.426   4.773   4.071   0
   1.10000002   5.428   5.306   4.671   3.986   0
   1.15831447   4.976   4.913   4.337   3.704   0
   1.20000005   4.698   4.667   4.127   3.526   0
   1.29999995   4.152   4.158   3.693   3.162   0
   1.39999998   3.679   3.696   3.296   2.835   0
   1.50000000   3.288   3.295   2.961   2.578   0
   1.60000002   2.926   2.905   2.638   2.349   0
   1.70000005   2.614   2.565   2.361   2.161   0
   1.79999995   2.339   2.271   2.126   1.999   0
   1.89999998   2.077   2.020   1.923   1.849   0
   1.95000005   1.964   1.916   1.839   1.786   0
   2.00000000   1.848   1.815   1.755   1.718   0
   2.20000005   1.427   1.462   1.456   1.470   0
   2.50000000   0.888   1.038   1.083   1.137   0
   2.79066157   0.443   0.695   0.767   0.842   0
   3.00000000   0.151   0.468   0.555   0.641   0
   3.50000000  -0.448  -0.009   0.101   0.208   0
   3.57545400  -0.528  -0.073   0.040   0.149   0
   4.00000000  -0.959  -0.427  -0.299  -0.176   0
   4.12937069  -1.084  -0.533  -0.401  -0.274   0
   4.50000000  -1.439  -0.841  -0.698  -0.561   0
   4.58182907  -1.515  -0.908  -0.763  -0.624   0
   4.92097282  -1.834  -1.197  -1.045  -0.899   0
   5.00000000  -1.911  -1.268  -1.114  -0.967   0
   5.21491957  -2.120  -1.462  -1.305  -1.155   0
   5.45073032  -2.362  -1.694  -1.534  -1.382   0
   5.65028477  -2.584  -1.911  -1.750  -1.598   0
   5.81934166  -2.790  -2.120  -1.958  -1.809   1
   5.96311998  -2.985  -2.323  -2.163  -2.017   0
   6.00000000  -3.040  -2.382  -2.223  -2.079   0
   6.09248257  -3.176  -2.529  -2.372  -2.232   0
   6.19847775  -3.352  -2.724  -2.570  -2.439   0
   6.24481583  -3.435  -2.817  -2.666  -2.538   0
   6.28706694  -3.514  -2.904  -2.755  -2.631   0
   6.31753111  -3.569  -2.961  -2.813  -2.690   0
   6.33221197  -3.592  -2.979  -2.830  -2.706   3
   6.34582615  -3.606  -2.979  -2.826  -2.697   0
   6.35500288  -3.599  -2.939  -2.779  -2.639   0
   6.35761070  -3.597  -2.909  -2.742  -2.593   0
   6.35916185  -3.610  -2.889  -2.715  -2.556   0
   6.35922670  -3.605  -2.885  -2.711  -2.552   0
   6.35963058  -3.553  -2.859  -2.691  -2.540   0
   6.35998249  -3.588  -2.927  -2.767  -2.627   0
   6.36030626  -3.675  -3.044  -2.890  -2.761   0
   6.36068583  -3.783  -3.186  -3.041  -2.924   0
   6.36111689  -3.885  -3.332  -3.196  -3.092   0
   6.36159897  -3.977  -3.476  -3.350  -3.261   0
   6.36194658  -4.033  -3.571  -3.453  -3.375   0
   6.36230993  -4.079  -3.665  -3.556  -3.491   0
   6.36249971  -4.097  -3.712  -3.608  -3.550   0
   6.36286736  -4.124  -3.801  -3.708  -3.663   0
   6.36324596  -4.140  -3.891  -3.810  -3.781   0
   6.36363173  -4.139  -3.980  -3.913  -3.901   0
   6.36402178  -4.111  -4.061  -4.014  -4.029   0
   6.36422014  -4.083  -4.093  -4.063  -4.095   0
   6.36441851  -4.037  -4.110  -4.105  -4.163   0
   6.36461687  -3.973  -4.111  -4.139  -4.231   0
   6.36481524  -3.881  -4.084  -4.158  -4.298   3
   6.36501408  -3.761  -4.012  -4.152  -4.365   0
   6.36521244  -3.614  -3.882  -4.123  -4.433   0
   6.36540699  -3.426  -3.699  -4.067  -4.497   0
   6.36560488  -3.151  -3.459  -3.976  -4.545   0
   6.36579943  -2.693  -3.125  -3.838  -4.571   0
   6.36599398  -1.986  -2.690  -3.630  -4.532   0
   6.36618853  -1.336  -2.303  -3.398  -4.420   0
   6.36641693  -0.750  -1.941  -3.142  -4.259   0
   6.36653280  -0.516  -1.807  -3.051  -4.211   4
   6.36675072  -0.230  -1.732  -3.059  -4.306   0
   6.36694574  -0.099  -1.806  -3.210  -4.536   0
   6.36710501  -0.038  -1.860  -3.307  -4.679   0
   6.36741638   0.000  -1.914  -3.396  -4.807   0
   6.36801147   0.045  -1.960  -3.477  -4.927   0
   6.36872721   0.093  -2.008  -3.561  -5.049   0
   6.36943913   0.119  -2.059  -3.643  -5.169   0
   6.37018919   0.022  -2.088  -3.679  -5.277   0
   6.37094688  -0.075  -2.117  -3.713  -5.375   0
   6.37327623  -0.142  -2.134  -3.732  -5.437   2
   6.38524675  -0.038  -2.121  -3.716  -5.341   0
   6.39138365   0.062  -2.102  -3.690  -5.237   0
   6.39611053   0.068  -2.063  -3.627  -5.124   0
   6.40109777   0.025  -2.009  -3.537  -4.996   0
   6.40662575  -0.018  -1.958  -3.450  -4.870   0
   6.41324711  -0.068  -1.918  -3.376  -4.758   0
   6.42375135  -0.154  -1.901  -3.319  -4.656   4
   6.43962479  -0.325  -1.948  -3.321  -4.608   0
   6.44809484  -0.634  -2.145  -3.475  -4.708   0
   6.45045710  -0.938  -2.334  -3.620  -4.802   0
   6.45155859  -1.161  -2.460  -3.705  -4.848   0
   6.45265102  -1.498  -2.638  -3.816  -4.896   0
   6.45319510  -1.695  -2.741  -3.873  -4.915   0
   6.45428181  -2.038  -2.921  -3.968  -4.945   0
   6.45519114  -2.241  -3.032  -4.023  -4.959   0
   6.45680523  -2.455  -3.153  -4.080  -4.970   0
   6.48990297  -3.876  -4.172  -4.548  -4.987   1
   6.52603436  -3.769  -4.089  -4.567  -5.101   0
   6.53685379  -3.684  -4.026  -4.557  -5.136   0
   6.54418182  -3.600  -3.963  -4.542  -5.163   0
   6.54985476  -3.471  -3.875  -4.515  -5.186   0
   6.55438852  -3.331  -3.782  -4.483  -5.202   0
   6.55862761  -3.150  -3.668  -4.440  -5.214   0
   6.56383324  -2.884  -3.504  -4.370  -5.213   0
   6.56852341  -2.506  -3.281  -4.256  -5.179   0
   6.57450914  -1.819  -2.909  -4.062  -5.117   0
   6.60100555  -0.256  -2.107  -3.564  -4.937   4
   6.60439444  -0.148  -2.117  -3.620  -5.045   0
   6.60460377  -0.129  -2.124  -3.636  -5.072   0
   6.60493469  -0.102  -2.145  -3.676  -5.132   0
   6.60654449  -0.044  -2.185  -3.751  -5.247   0
   6.60717010  -0.034  -2.217  -3.809  -5.351   0
   6.60804272  -0.147  -2.237  -3.836  -5.466   0
   6.60902977  -0.261  -2.261  -3.863  -5.570   0
   6.61019230  -0.389  -2.288  -3.890  -5.676   0
   6.61123276  -0.510  -2.309  -3.911  -5.767   0
   6.61218262  -0.603  -2.316  -3.918  -5.855   0
   6.61291122  -0.644  -2.297  -3.902  -5.928   0
   6.61356258  -0.682  -2.274  -3.881  -5.995   0
   6.61437321  -0.751  -2.292  -3.901  -6.086   0
   6.61461878  -0.783  -2.278  -3.888  -6.134   2
   6.61484861  -0.815  -2.262  -3.871  -6.180   0
   6.61508179  -0.852  -2.256  -3.864  -6.229   0
   6.61515188  -0.856  -2.256  -3.864  -6.235   0
