   0.15000001  16.096  14.564  12.987  10.478   0
   0.20000000  14.928  13.516  12.015   9.740   0
   0.25000000  14.236  12.872  11.406   9.254   0
   0.30000001  13.728  12.386  10.937   8.901   0
   0.34999999  13.294  11.966  10.529   8.600   0
   0.40000001  12.859  11.542  10.115   8.273   0
   0.44999999  12.405  11.103   9.701   7.955   0
   0.50000000  11.929  10.641   9.267   7.640   0
   0.55000001  11.447  10.170   8.835   7.298   0
   0.60000002  10.971   9.711   8.424   6.963   0
   0.69999999   9.830   8.710   7.552   6.272   0
   0.80000001   8.487   7.662   6.657   5.581   0
   0.89999998   7.220   6.719   5.862   4.969   0
   1.00000000   6.198   5.937   5.205   4.435   0
   1.10000002   5.379   5.265   4.637   3.958   0
   1.20000005   4.690   4.659   4.119   3.518   0
   1.29999995   4.141   4.147   3.682   3.152   0
   1.39999998   3.668   3.685   3.285   2.824   0
   1.50000000   3.274   3.281   2.947   2.564   0
   1.60000002   2.912   2.890   2.623   2.333   0
   1.70000005   2.599   2.548   2.343   2.140   0
   1.79999995   2.319   2.251   2.103   1.973   0
   1.89999998   2.057   1.998   1.897   1.818   0
   1.95000005   1.939   1.885   1.806   1.749   0
   2.00000000   1.823   1.784   1.720   1.678   0
   2.13073945   1.535   1.533   1.507   1.502   0
   2.20000005   1.392   1.415   1.404   1.412   0
   2.50000000   0.832   0.959   0.999   1.046   0
   2.68321443   0.527   0.716   0.774   0.836   0
   3.00000000   0.036   0.319   0.401   0.480   0
   3.07794499  -0.076   0.228   0.314   0.397   0
   3.37117362  -0.480  -0.110  -0.011   0.082   0
   3.50000000  -0.652  -0.257  -0.152  -0.056   0
   3.63462734  -0.825  -0.406  -0.297  -0.197   0
   3.83774590  -1.097  -0.653  -0.538  -0.435   0
   4.00000000  -1.324  -0.864  -0.747  -0.642   0
   4.02172899  -1.354  -0.893  -0.775  -0.669   0
   4.16747570  -1.566  -1.099  -0.980  -0.875   0
   4.29098892  -1.757  -1.294  -1.174  -1.071   1
   4.39646578  -1.932  -1.480  -1.362  -1.263   0
   4.48617649  -2.096  -1.661  -1.545  -1.452   0
   4.50000000  -2.122  -1.691  -1.576  -1.484   0
   4.56697273  -2.250  -1.843  -1.730  -1.644   0
   4.60019588  -2.317  -1.923  -1.813  -1.730   0
   4.63059759  -2.382  -1.998  -1.890  -1.810   0
   4.64915514  -2.424  -2.041  -1.933  -1.854   0
   4.66328764  -2.457  -2.065  -1.955  -1.874   3
   4.67315435  -2.484  -2.068  -1.954  -1.869   0
   4.67979956  -2.506  -2.041  -1.918  -1.822   0
   4.68168116  -2.527  -2.021  -1.892  -1.786   0
   4.68273497  -2.556  -2.012  -1.875  -1.761   0
   4.68285942  -2.540  -1.999  -1.864  -1.750   0
   4.68311882  -2.475  -1.968  -1.838  -1.732   0
   4.68340731  -2.498  -2.035  -1.913  -1.817   0
   4.68378210  -2.603  -2.189  -2.075  -1.992   0
   4.68414259  -2.680  -2.307  -2.201  -2.128   0
   4.68455982  -2.734  -2.414  -2.317  -2.255   0
   4.68503523  -2.770  -2.512  -2.425  -2.376   0
   4.68539524  -2.788  -2.577  -2.497  -2.457   0
   4.68593168  -2.795  -2.663  -2.596  -2.572   0
   4.68630314  -2.786  -2.713  -2.660  -2.652   0
   4.68670177  -2.764  -2.757  -2.723  -2.736   0
   4.68710041  -2.723  -2.788  -2.781  -2.821   0
   4.68749905  -2.648  -2.789  -2.824  -2.907   0
   4.68791056  -2.526  -2.732  -2.835  -2.990   3
   4.68830872  -2.366  -2.599  -2.804  -3.067   0
   4.68851471  -2.264  -2.493  -2.772  -3.107   0
   4.68870687  -2.143  -2.368  -2.722  -3.139   0
   4.68891239  -1.977  -2.211  -2.657  -3.164   0
   4.68910456  -1.749  -2.020  -2.574  -3.180   0
   4.68929672  -1.432  -1.788  -2.467  -3.177   0
   4.68950224  -1.030  -1.521  -2.330  -3.143   0
   4.68969440  -0.684  -1.295  -2.196  -3.079   0
   4.68987226  -0.364  -1.083  -2.056  -2.994   0
   4.69025564   0.225  -0.713  -1.804  -2.843   4
   4.69058752   0.482  -0.650  -1.828  -2.949   0
   4.69090557   0.563  -0.733  -1.979  -3.165   0
   4.69120932   0.566  -0.819  -2.101  -3.322   0
   4.69173431   0.580  -0.899  -2.217  -3.476   0
   4.69227266   0.592  -0.965  -2.314  -3.603   0
   4.69283819   0.607  -1.033  -2.413  -3.733   0
   4.69341755   0.619  -1.104  -2.515  -3.866   0
   4.69398260   0.628  -1.169  -2.609  -3.991   0
   4.69456148   0.637  -1.238  -2.707  -4.121   0
   4.69522238   0.650  -1.295  -2.791  -4.233   0
   4.69655704   0.673  -1.312  -2.823  -4.283   2
   4.70322418   0.626  -1.271  -2.749  -4.171   0
   4.70698929   0.604  -1.213  -2.661  -4.050   0
   4.70995235   0.587  -1.151  -2.568  -3.923   0
   4.71263742   0.570  -1.084  -2.469  -3.793   0
   4.71553802   0.551  -1.012  -2.363  -3.653   0
   4.71875477   0.538  -0.939  -2.257  -3.514   0
   4.72257710   0.529  -0.870  -2.158  -3.383   0
   4.72830343   0.501  -0.811  -2.064  -3.254   0
   4.73948622   0.414  -0.790  -1.998  -3.145   4
   4.74346066   0.353  -0.813  -2.005  -3.136   0
   4.75325203  -0.013  -1.048  -2.185  -3.255   0
   4.75777006  -0.366  -1.283  -2.359  -3.376   0
   4.81319475  -1.066  -1.768  -2.719  -3.635   0
   4.83266544  -1.139  -1.835  -2.781  -3.693   1
   4.87263918  -0.716  -1.626  -2.694  -3.702   0
   4.89053869  -0.198  -1.321  -2.494  -3.593   0
   4.91250706   0.232  -1.125  -2.396  -3.594   4
   4.91735315   0.342  -1.130  -2.445  -3.694   0
   4.91787815   0.379  -1.154  -2.493  -3.765   0
   4.91809845   0.406  -1.209  -2.580  -3.884   0
   4.91831923   0.419  -1.237  -2.622  -3.941   0
   4.91998386   0.464  -1.348  -2.793  -4.174   0
   4.92068863   0.490  -1.412  -2.891  -4.310   0
   4.92166805   0.522  -1.477  -2.992  -4.451   0
   4.92255831   0.552  -1.532  -3.080  -4.573   0
   4.92345905   0.547  -1.583  -3.159  -4.703   0
   4.92417240   0.457  -1.607  -3.191  -4.806   0
   4.92489624   0.343  -1.633  -3.222  -4.921   0
   4.92543316   0.237  -1.656  -3.249  -5.019   2
   4.92597008   0.108  -1.681  -3.274  -5.125   0
   4.92644072   0.011  -1.676  -3.272  -5.229   0
   4.92684603  -0.043  -1.658  -3.260  -5.325   0
   4.92719603  -0.094  -1.662  -3.266  -5.402   0
   4.92753506  -0.147  -1.677  -3.283  -5.475   0
   4.92795038  -0.247  -1.663  -3.270  -5.617   0
   4.92817974  -0.270  -1.589  -3.191  -5.681   0
   4.92838764  -0.243  -1.500  -3.094  -5.696   0
   4.92862797  -0.261  -1.556  -3.155  -5.689   0
   4.92880249  -0.267  -1.575  -3.176  -5.687   0
   4.92884636  -0.250  -1.517  -3.112  -5.696   0
   4.92889023  -0.223  -1.429  -3.015  -5.708   0
   4.92893362  -0.198  -1.348  -2.927  -5.720   0
   4.92904282  -0.162  -1.241  -2.810  -5.729   0
   4.92911291  -0.146  -1.193  -2.758  -5.734   0
   4.92916918  -0.134  -1.155  -2.716  -5.738   0
   4.92923927  -0.118  -1.107  -2.664  -5.743   0
   4.92930984  -0.103  -1.059  -2.611  -5.749   0
   4.92936611  -0.090  -1.020  -2.569  -5.753   0
   4.92942190  -0.070  -0.972  -2.520  -5.749   0
   4.92949247  -0.043  -0.909  -2.456  -5.743   0
   4.92956257  -0.015  -0.846  -2.392  -5.736   0
   4.92963314   0.012  -0.783  -2.329  -5.729   0
   4.92970324   0.033  -0.741  -2.287  -5.722   1
   4.92977333   0.038  -0.729  -2.275  -5.720   0
   4.92984343   0.043  -0.718  -2.264  -5.719   0
   4.92991352   0.048  -0.706  -2.252  -5.718   0
   4.92998219   0.053  -0.695  -2.241  -5.717   0
   4.93005133   0.058  -0.684  -2.229  -5.716   0
   4.93021917   0.066  -0.665  -2.211  -5.713   0
   4.93078566   0.086  -0.618  -2.163  -5.708   0
   4.93135452   0.107  -0.572  -2.116  -5.703   0
   4.93192816   0.126  -0.527  -2.071  -5.698   0
   4.93250704   0.145  -0.483  -2.027  -5.693   0
   4.93309307   0.165  -0.439  -1.983  -5.688   0
   4.93368626   0.186  -0.391  -1.935  -5.683   0
   4.93428898   0.207  -0.344  -1.887  -5.677   0
   4.93490267   0.228  -0.295  -1.838  -5.672   0
   4.93553019   0.250  -0.246  -1.789  -5.666   0
   4.93617105   0.272  -0.195  -1.738  -5.660   0
   4.93681526   0.288  -0.152  -1.695  -5.659   0
   4.93744612   0.291  -0.122  -1.670  -5.665   0
   4.93803310   0.295  -0.095  -1.646  -5.670   0
   4.93855381   0.301  -0.068  -1.623  -5.672   0
   4.93874359   0.304  -0.057  -1.613  -5.671   0
   4.93882942   0.308  -0.051  -1.607  -5.669   0
   4.93887091   0.311  -0.047  -1.603  -5.666   0
   4.93889141   0.313  -0.044  -1.601  -5.664   0
   4.93890142   0.315  -0.042  -1.599  -5.662   0
   4.93890715   0.316  -0.041  -1.598  -5.661   0
   4.93891287   0.317  -0.040  -1.596  -5.660   1
   4.93891811   0.319  -0.038  -1.595  -5.658   0
   4.93892384   0.321  -0.036  -1.593  -5.656   0
   4.93892956   0.323  -0.034  -1.591  -5.653   0
   4.93893480   0.327  -0.031  -1.588  -5.650   0
   4.93894053   0.331  -0.027  -1.583  -5.645   0
   4.93894577   0.336  -0.023  -1.579  -5.640   0
   4.93895149   0.341  -0.019  -1.575  -5.634   0
   4.93895721   0.347  -0.014  -1.570  -5.629   0
   4.93896294   0.352  -0.009  -1.565  -5.623   0
   4.93897200   0.361  -0.002  -1.557  -5.614   0
   4.93898296   0.372   0.008  -1.547  -5.602   0
   4.93899393   0.384   0.018  -1.537  -5.590   0
   4.93900537   0.394   0.027  -1.528  -5.579   0
   4.93901634   0.404   0.035  -1.520  -5.569   0
   4.93902731   0.414   0.044  -1.511  -5.558   0
   4.93903875   0.424   0.053  -1.502  -5.547   0
   4.93904972   0.435   0.062  -1.492  -5.535   0
   4.93906069   0.448   0.072  -1.481  -5.522   0
   4.93907166   0.461   0.083  -1.470  -5.509   0
   4.93908310   0.475   0.096  -1.457  -5.493   0
   4.93909407   0.491   0.109  -1.444  -5.477   0
   4.93910503   0.508   0.123  -1.429  -5.458   0
   4.93911743   0.527   0.139  -1.412  -5.438   0
