   0.15000001  16.024  14.504  12.934  10.442   0
   0.20000000  14.821  13.419  11.925   9.662   0
   0.25000000  14.109  12.752  11.292   9.145   0
   0.30000001  13.583  12.242  10.794   8.768   0
   0.34999999  13.151  11.823  10.386   8.465   0
   0.40000001  12.762  11.446  10.023   8.192   0
   0.41017392  12.661  11.349   9.931   8.123   0
   0.42033044  12.561  11.252   9.840   8.055   0
   0.48668951  11.885  10.594   9.222   7.602   0
   0.50000000  11.773  10.484   9.119   7.526   0
   0.55000001  11.257   9.982   8.664   7.154   0
   0.57149816  11.013   9.746   8.452   6.981   0
   0.60000002  10.709   9.456   8.192   6.769   0
   0.60433698  10.646   9.401   8.145   6.732   0
   0.64491558  10.053   8.892   7.705   6.385   0
   0.68058318   9.514   8.446   7.320   6.083   0
   0.69999999   9.208   8.205   7.113   5.921   0
   0.72189474   8.764   7.866   6.827   5.705   0
   0.74492031   8.315   7.526   6.537   5.483   0
   0.76608998   7.905   7.215   6.270   5.275   0
   0.78581208   7.534   6.933   6.028   5.082   0
   0.80000001   7.274   6.733   5.856   4.942   0
   0.81527251   6.991   6.512   5.662   4.781   0
   0.83178872   6.692   6.272   5.452   4.601   0
   0.84053028   6.544   6.149   5.343   4.506   0
   0.84939426   6.392   6.022   5.229   4.405   0
   0.85914713   6.228   5.882   5.103   4.291   0
   0.86287689   6.165   5.828   5.054   4.246   0
   0.86731315   6.093   5.764   4.995   4.193   0
   0.86963058   6.057   5.732   4.965   4.165   0
   0.87106311   6.036   5.713   4.947   4.148   0
   0.89376283   5.706   5.394   4.635   3.843   0
   0.89999998   5.647   5.316   4.547   3.744   0
   0.90539855   5.596   5.248   4.468   3.657   0
   0.91324937   5.640   5.210   4.380   3.525   3
   0.91733545   5.843   5.287   4.394   3.474   0
   0.91898239   5.953   5.328   4.399   3.444   0
   0.92129093   6.044   5.321   4.345   3.337   0
   0.92303425   5.987   5.213   4.212   3.178   0
   0.92431229   5.880   5.083   4.069   3.023   0
   0.92535180   5.756   4.943   3.920   2.867   0
   0.92622226   5.633   4.806   3.776   2.717   0
   0.92705768   5.505   4.663   3.624   2.559   0
   0.92777681   5.380   4.521   3.473   2.402   0
   0.92842984   5.254   4.378   3.321   2.243   0
   0.92899060   5.137   4.243   3.177   2.091   0
   0.92948639   5.027   4.113   3.037   1.943   0
   0.92991412   4.922   3.985   2.898   1.794   0
   0.93030429   4.815   3.856   2.758   1.644   0
   0.93064225   4.717   3.732   2.622   1.496   0
   0.93096727   4.620   3.605   2.482   1.345   0
   0.93123406   4.527   3.484   2.348   1.199   0
   0.93148643   4.436   3.363   2.213   1.053   0
   0.93171406   4.352   3.243   2.078   0.904   0
   0.93196654   4.262   3.123   1.945   0.759   0
   0.93211544   4.230   3.081   1.898   0.709   0
   0.93238837   4.297   3.192   2.028   0.856   1
   0.93254280   4.213   3.074   1.895   0.711   0
   0.93270624   4.138   2.962   1.767   0.568   0
   0.93285930   4.067   2.852   1.640   0.424   0
   0.93301994   4.000   2.730   1.495   0.257   0
   0.93315661   3.935   2.609   1.350   0.089   0
   0.93327230   3.881   2.505   1.226  -0.055   0
   0.93336999   3.829   2.402   1.101  -0.200   0
   0.93345720   3.777   2.295   0.974  -0.349   0
   0.93354440   3.716   2.181   0.837  -0.506   0
   0.93360758   3.677   2.089   0.724  -0.641   0
   0.93366474   3.670   2.016   0.623  -0.772   0
   0.93372041   3.644   1.928   0.510  -0.912   0
   0.93377006   3.625   1.844   0.400  -1.049   0
   0.93381822   3.599   1.746   0.275  -1.204   0
   0.93385434   3.587   1.667   0.169  -1.338   0
   0.93389046   3.534   1.612   0.095  -1.470   0
   0.93392509   3.451   1.571   0.039  -1.598   0
   0.93394768   3.374   1.539  -0.003  -1.706   0
   0.93397325   3.283   1.509  -0.044  -1.821   0
   0.93399584   3.175   1.471  -0.091  -1.946   0
   0.93401539   3.091   1.447  -0.123  -2.061   0
   0.93403196   3.043   1.456  -0.125  -2.169   3
   0.93404853   3.000   1.485  -0.107  -2.278   0
   0.93406212   2.970   1.538  -0.063  -2.370   0
   0.93407565   2.896   1.533  -0.074  -2.489   0
   0.93408769   2.940   1.685   0.092  -2.514   0
   0.93409824   2.991   1.843   0.265  -2.532   0
   0.93410730   3.017   1.961   0.395  -2.565   0
   0.93411636   3.078   2.135   0.584  -2.576   0
   0.93412387   3.176   2.355   0.808  -2.550   0
   0.93413138   3.288   2.591   1.046  -2.511   0
   0.93413889   3.419   2.862   1.318  -2.462   1
   0.93414491   3.547   3.129   1.582  -2.408   0
   0.93414944   3.605   3.317   1.750  -2.397   0
   0.93415546   3.618   3.438   1.854  -2.424   2
   0.93415546   3.424   2.382   1.243   0.131   1
   0.93420148   3.424   2.344   1.189   0.061   0
   0.93428534   3.417   2.313   1.148   0.010   0
   0.93429160   3.416   2.313   1.147   0.010   0
   0.93439001   3.408   2.318   1.158   0.027   0
   0.93449163   3.394   2.321   1.168   0.044   0
   0.93459493   3.379   2.320   1.174   0.056   0
   0.93470150   3.365   2.318   1.178   0.066   0
   0.93480933   3.355   2.319   1.182   0.075   0
   0.93491900   3.345   2.318   1.186   0.084   0
   0.93503439   3.334   2.317   1.189   0.091   0
   0.93514681   3.323   2.315   1.190   0.096   0
   0.93525636   3.317   2.313   1.190   0.098   0
   0.93536514   3.311   2.309   1.187   0.097   0
   0.93539530   3.310   2.308   1.186   0.096   0
   0.93547517   3.307   2.304   1.182   0.091   0
   0.93558401   3.303   2.296   1.172   0.079   0
   0.93569565   3.300   2.284   1.157   0.060   0
   0.93581098   3.299   2.270   1.136   0.034   0
   0.93592805   3.296   2.244   1.101  -0.011   0
   0.93599838   3.292   2.226   1.076  -0.042   0
   0.93614125   3.280   2.184   1.021  -0.109   0
   0.93621361   3.269   2.110   0.921  -0.235   0
   0.93624431   3.259   2.047   0.835  -0.342   0
   0.93625939   3.255   1.949   0.698  -0.518   0
   0.93626374   3.259   1.876   0.594  -0.655   0
   0.93626714   3.259   1.728   0.389  -0.919   0
   0.93626845   3.273   1.654   0.281  -1.062   0
   0.93627012   3.323   1.590   0.171  -1.225   0
   0.93627220   3.347   1.510   0.049  -1.393   0
   0.93627489   3.340   1.464  -0.011  -1.470   0
   0.93628126   3.330   1.550   0.112  -1.305   0
   0.93629432   3.279   1.583   0.179  -1.198   1
   0.93633741   3.325   1.537   0.095  -1.325   0
   0.93636185   3.327   1.444  -0.035  -1.495   0
   0.93637836   3.395   1.396  -0.127  -1.637   0
   0.93639266   3.333   1.380  -0.164  -1.771   0
   0.93640447   3.229   1.358  -0.199  -1.905   0
   0.93641281   3.122   1.314  -0.251  -2.027   0
   0.93641853   3.029   1.296  -0.275  -2.125   0
   0.93642330   2.961   1.310  -0.269  -2.222   0
   0.93642682   2.942   1.368  -0.221  -2.307   0
   0.93643039   2.918   1.448  -0.152  -2.405   0
   0.93643332   2.857   1.460  -0.145  -2.510   2
   0.93643618   2.885   1.599   0.002  -2.549   0
   0.93643904   2.966   1.808   0.228  -2.550   0
   0.93644202   3.026   1.978   0.413  -2.560   0
   0.93644547   3.127   2.213   0.665  -2.546   0
   0.93644881   3.257   2.480   0.934  -2.495   0
   0.93645251   3.381   2.741   1.197  -2.451   0
   0.93645597   3.537   3.045   1.502  -2.382   1
   0.93645811   3.628   3.273   1.716  -2.349   0
   0.93645853   3.697   3.472   1.895  -2.328   0
   0.93645912   3.701   3.506   1.924  -2.335   0
   0.93645966   3.705   3.540   1.953  -2.342   0
   0.93646020   3.709   3.574   1.982  -2.350   0
   0.93646079   3.713   3.607   2.011  -2.357   0
   0.93646133   3.717   3.641   2.040  -2.364   0
   0.93646193   3.721   3.676   2.070  -2.371   0
   0.93646246   3.725   3.710   2.099  -2.378   0
   0.93646300   3.725   3.734   2.119  -2.391   0
   0.93646359   3.723   3.754   2.134  -2.407   0
   0.93646413   3.721   3.775   2.150  -2.424   0
   0.93646467   3.721   3.798   2.169  -2.439   0
   0.93646520   3.727   3.826   2.192  -2.449   0
   0.93646544   3.743   3.864   2.225  -2.446   0
