   0.15000001  16.063  14.537  12.963  10.462   0
   0.20000000  14.870  13.464  11.967   9.698   0
   0.25000000  14.152  12.794  11.332   9.182   0
   0.30000001  13.625  12.283  10.835   8.803   0
   0.34999999  13.188  11.859  10.421   8.495   0
   0.40000001  12.800  11.483  10.058   8.219   0
   0.41735011  12.633  11.322   9.906   8.105   0
   0.44281530  12.402  11.098   9.695   7.946   0
   0.44999999  12.339  11.037   9.637   7.903   0
   0.45386088  12.294  10.993   9.596   7.873   0
   0.50000000  11.847  10.558   9.188   7.575   0
   0.55000001  11.351  10.075   8.747   7.223   0
   0.60000002  10.850   9.589   8.311   6.865   0
   0.60478008  10.794   9.535   8.262   6.826   0
   0.67852050   9.847   8.716   7.552   6.263   0
   0.69999999   9.572   8.489   7.355   6.107   0
   0.74527478   8.819   7.909   6.864   5.735   0
   0.78405225   8.186   7.433   6.461   5.428   0
   0.80000001   7.922   7.237   6.295   5.303   1
   0.80026007   7.917   7.234   6.292   5.301   0
   0.83135188   7.436   6.871   5.984   5.057   0
   0.85870212   7.035   6.566   5.722   4.847   0
   0.88309848   6.698   6.305   5.500   4.662   0
   0.89999998   6.472   6.127   5.348   4.536   0
   0.90151143   6.452   6.111   5.334   4.524   0
   0.91869861   6.224   5.926   5.174   4.387   0
   0.93435496   6.022   5.761   5.030   4.261   0
   0.94908226   5.845   5.610   4.897   4.144   0
   0.96327615   5.680   5.467   4.770   4.031   0
   0.97000796   5.607   5.402   4.711   3.978   0
   0.97618043   5.539   5.342   4.658   3.930   0
   0.98384053   5.458   5.270   4.592   3.870   0
   0.98611361   5.434   5.249   4.573   3.853   0
   0.98886365   5.410   5.226   4.552   3.834   0
   1.00000000   5.308   5.132   4.465   3.752   0
   1.00459337   5.261   5.088   4.424   3.714   0
   1.00911009   5.212   5.043   4.382   3.674   0
   1.01624000   5.136   4.972   4.315   3.610   0
   1.02205658   5.074   4.913   4.258   3.556   0
   1.04766881   4.816   4.655   4.005   3.306   0
   1.06873298   4.661   4.468   3.796   3.079   0
   1.08378315   4.698   4.425   3.693   2.925   3
   1.09109902   4.986   4.576   3.759   2.917   0
   1.09539449   5.335   4.770   3.870   2.948   0
   1.09914827   5.465   4.789   3.832   2.852   0
   1.10000002   5.453   4.760   3.795   2.806   0
   1.10186434   5.411   4.682   3.699   2.692   0
   1.10369110   5.310   4.556   3.560   2.540   0
   1.10531831   5.190   4.416   3.409   2.381   0
   1.10680282   5.069   4.275   3.258   2.221   0
   1.10810006   4.946   4.135   3.109   2.066   0
   1.10924292   4.827   3.996   2.960   1.908   0
   1.11019528   4.717   3.865   2.819   1.759   0
   1.11102474   4.602   3.731   2.674   1.605   0
   1.11178601   4.505   3.608   2.538   1.458   0
   1.11246395   4.409   3.485   2.403   1.312   0
   1.11305630   4.316   3.364   2.268   1.164   0
   1.11362100   4.225   3.240   2.130   1.013   0
   1.11406934   4.139   3.122   1.997   0.867   0
   1.11449730   4.050   3.001   1.862   0.719   0
   1.11491084   3.968   2.885   1.730   0.573   0
   1.11532199   3.894   2.775   1.605   0.433   0
   1.11558306   3.866   2.737   1.562   0.386   2
   1.11591363   3.928   2.839   1.681   0.523   0
   1.11600733   3.943   2.865   1.713   0.559   0
   1.11630273   3.867   2.752   1.584   0.415   0
   1.11660314   3.792   2.639   1.453   0.269   0
   1.11690032   3.719   2.520   1.314   0.112   0
   1.11713636   3.666   2.420   1.194  -0.028   0
   1.11738169   3.608   2.313   1.067  -0.175   0
   1.11758935   3.552   2.204   0.936  -0.327   0
   1.11776972   3.502   2.105   0.816  -0.467   0
   1.11794960   3.454   2.001   0.690  -0.615   0
   1.11808276   3.420   1.906   0.571  -0.758   0
   1.11823702   3.382   1.794   0.430  -0.929   0
   1.11835146   3.358   1.711   0.323  -1.062   0
   1.11845076   3.339   1.626   0.211  -1.203   0
   1.11854935   3.319   1.537   0.094  -1.349   0
   1.11863351   3.276   1.434  -0.032  -1.500   0
   1.11870384   3.286   1.364  -0.133  -1.635   0
   1.11876392   3.255   1.309  -0.209  -1.757   0
   1.11882269   3.178   1.276  -0.256  -1.878   0
   1.11887574   3.095   1.243  -0.301  -1.994   0
   1.11892164   3.003   1.211  -0.344  -2.109   0
   1.11896586   2.892   1.171  -0.392  -2.235   0
   1.11900449   2.803   1.153  -0.419  -2.351   0
   1.11903775   2.751   1.160  -0.423  -2.466   3
   1.11906958   2.703   1.187  -0.406  -2.578   0
   1.11909425   2.679   1.254  -0.348  -2.668   0
   1.11912048   2.600   1.236  -0.370  -2.784   0
   1.11914170   2.684   1.445  -0.146  -2.780   0
   1.11916327   2.697   1.548  -0.030  -2.824   0
   1.11918068   2.729   1.674   0.109  -2.854   0
   1.11919868   2.820   1.894   0.346  -2.845   0
   1.11921430   2.897   2.080   0.533  -2.832   0
   1.11922908   3.004   2.311   0.766  -2.796   0
   1.11924219   3.133   2.573   1.029  -2.746   0
   1.11925101   3.249   2.794   1.252  -2.690   4
   1.11925101   3.342   2.274   1.125  -0.004   1
   1.11933494   3.323   2.229   1.068  -0.072   0
   1.11949551   3.314   2.199   1.029  -0.119   0
   1.11970484   3.302   2.201   1.036  -0.106   0
   1.11992550   3.292   2.202   1.043  -0.094   0
   1.12014890   3.285   2.203   1.047  -0.086   0
   1.12037826   3.279   2.204   1.052  -0.078   0
   1.12060988   3.273   2.205   1.055  -0.073   0
   1.12084854   3.267   2.205   1.057  -0.067   0
   1.12109625   3.262   2.204   1.059  -0.063   0
   1.12134051   3.254   2.201   1.058  -0.062   0
   1.12157953   3.248   2.199   1.057  -0.061   0
   1.12181377   3.242   2.195   1.054  -0.062   0
   1.12198925   3.239   2.192   1.051  -0.066   0
   1.12204683   3.237   2.190   1.049  -0.067   0
   1.12228453   3.231   2.182   1.040  -0.077   0
   1.12252462   3.225   2.170   1.026  -0.093   0
   1.12277532   3.215   2.151   1.003  -0.121   0
   1.12308979   3.204   2.123   0.967  -0.164   0
   1.12322593   3.194   2.103   0.943  -0.192   0
   1.12341464   3.186   2.064   0.891  -0.256   0
   1.12372828   3.155   1.971   0.771  -0.401   0
   1.12377083   3.138   1.909   0.689  -0.501   0
   1.12380207   3.121   1.811   0.557  -0.667   0
   1.12381113   3.111   1.736   0.457  -0.795   0
   1.12381840   3.099   1.592   0.262  -1.043   0
   1.12382174   3.079   1.489   0.126  -1.211   0
   1.12382579   3.101   1.410   0.007  -1.375   0
   1.12383187   3.105   1.348  -0.082  -1.494   0
   1.12384665   3.095   1.418   0.021  -1.354   0
   1.12387025   3.079   1.440   0.058  -1.299   1
   1.12397122   3.097   1.374  -0.042  -1.438   0
   1.12402034   3.107   1.282  -0.174  -1.615   0
   1.12405074   3.123   1.208  -0.284  -1.762   0
   1.12407708   3.147   1.151  -0.378  -1.912   0
   1.12409878   3.063   1.142  -0.404  -2.041   0
   1.12411559   2.963   1.113  -0.444  -2.168   0
   1.12413085   2.832   1.068  -0.499  -2.313   0
   1.12413943   2.729   1.054  -0.519  -2.424   0
   1.12414610   2.694   1.081  -0.502  -2.519   0
   1.12415218   2.671   1.147  -0.447  -2.613   0
   1.12415779   2.630   1.188  -0.414  -2.710   0
   1.12416351   2.577   1.217  -0.390  -2.809   2
   1.12416923   2.648   1.406  -0.185  -2.813   0
   1.12417507   2.719   1.596   0.020  -2.819   0
   1.12418091   2.803   1.802   0.244  -2.814   0
   1.12418699   2.887   2.002   0.454  -2.803   0
   1.12419426   3.004   2.252   0.706  -2.763   0
   1.12419915   3.130   2.503   0.959  -2.710   1
   1.12420022   3.114   2.479   0.935  -2.721   0
   1.12420082   3.158   2.566   1.022  -2.701   0
   1.12420118   3.201   2.647   1.104  -2.681   0
   1.12420201   3.296   2.823   1.281  -2.634   0
   1.12420213   3.311   2.851   1.309  -2.626   0
   1.12420344   3.322   2.899   1.353  -2.630   0
   1.12420464   3.327   2.940   1.388  -2.639   0
   1.12420595   3.331   2.981   1.424  -2.648   0
   1.12420726   3.335   3.022   1.459  -2.658   0
   1.12420845   3.340   3.063   1.494  -2.667   0
   1.12420976   3.344   3.104   1.529  -2.676   0
   1.12421107   3.348   3.145   1.564  -2.685   0
   1.12421238   3.353   3.186   1.600  -2.694   0
   1.12421358   3.358   3.227   1.635  -2.703   0
   1.12421489   3.362   3.269   1.671  -2.711   0
   1.12421620   3.367   3.310   1.706  -2.720   0
   1.12421739   3.372   3.351   1.742  -2.729   0
   1.12421846   3.372   3.378   1.764  -2.741   0
   1.12421978   3.370   3.402   1.782  -2.761   0
   1.12422097   3.368   3.428   1.802  -2.781   0
   1.12422216   3.369   3.454   1.823  -2.797   0
   1.12422323   3.389   3.509   1.870  -2.800   0
   1.12422323   3.395   3.520   1.881  -2.797   1
   1.12422323   3.433   3.585   1.940  -2.777   0
