   0.15000001  16.080  14.551  12.975  10.470   0
   0.20000000  14.899  13.490  11.991   9.719   0
   0.25000000  14.195  12.833  11.370   9.218   0
   0.30000001  13.676  12.335  10.886   8.853   0
   0.34999999  13.242  11.913  10.475   8.548   0
   0.40000001  12.822  11.505  10.078   8.236   0
   0.44999999  12.372  11.070   9.669   7.929   0
   0.50000000  11.887  10.598   9.226   7.605   0
   0.55000001  11.399  10.122   8.790   7.258   0
   0.60000002  10.914   9.652   8.368   6.911   0
   0.60964721  10.806   9.548   8.274   6.836   0
   0.69999999   9.719   8.607   7.457   6.188   0
   0.74930882   8.972   8.028   6.966   5.813   0
   0.80000001   8.271   7.490   6.505   5.456   0
   0.83313370   7.769   7.117   6.190   5.217   0
   0.88497490   7.042   6.580   5.740   4.867   0
   0.89999998   6.851   6.436   5.619   4.771   0
   0.90684927   6.770   6.373   5.566   4.727   0
   0.94071174   6.379   6.066   5.306   4.510   0
   0.96921802   6.065   5.817   5.093   4.331   0
   0.99387401   5.818   5.612   4.918   4.183   0
   1.00000000   5.758   5.562   4.876   4.146   0
   1.00233388   5.734   5.542   4.859   4.132   0
   1.02416134   5.524   5.362   4.701   3.994   0
   1.04313695   5.343   5.207   4.566   3.875   0
   1.05998445   5.187   5.072   4.447   3.770   0
   1.07512069   5.060   4.957   4.344   3.679   0
   1.08862591   4.952   4.858   4.256   3.600   0
   1.09964144   4.868   4.781   4.187   3.538   0
   1.10000002   4.866   4.778   4.185   3.536   0
   1.10279286   4.843   4.757   4.165   3.518   0
   1.11245143   4.769   4.688   4.102   3.460   0
   1.12283361   4.697   4.618   4.038   3.401   0
   1.12796462   4.664   4.587   4.008   3.373   0
   1.13396406   4.622   4.546   3.971   3.338   0
   1.14565015   4.547   4.474   3.902   3.273   0
   1.15396464   4.498   4.426   3.856   3.229   1
   1.16812241   4.431   4.357   3.786   3.158   0
   1.18054771   4.389   4.309   3.735   3.103   0
   1.20000005   4.355   4.262   3.674   3.030   0
   1.21512318   4.309   4.208   3.614   2.964   0
   1.22624755   4.274   4.167   3.568   2.914   0
   1.23737788   4.230   4.119   3.516   2.858   0
   1.24112988   4.208   4.097   3.493   2.835   0
   1.24879718   4.125   4.017   3.421   2.769   0
   1.25214517   4.033   3.936   3.353   2.713   0
   1.25446868   3.862   3.785   3.229   2.613   0
   1.25524724   3.719   3.656   3.120   2.521   0
   1.25538051   3.694   3.632   3.099   2.503   0
   1.26050007   3.713   3.627   3.068   2.450   0
   1.28644359   3.893   3.693   3.026   2.315   3
   1.29630792   4.378   4.018   3.235   2.423   0
   1.29964662   4.592   4.161   3.332   2.481   0
   1.29999995   4.616   4.177   3.343   2.487   0
   1.30155540   4.708   4.236   3.384   2.512   0
   1.30618680   4.914   4.356   3.458   2.541   4
   1.31493068   4.975   4.318   3.369   2.401   0
   1.32041276   4.888   4.191   3.221   2.233   0
   1.32469678   4.775   4.048   3.063   2.061   0
   1.32835519   4.651   3.900   2.903   1.891   0
   1.33143628   4.525   3.752   2.744   1.721   0
   1.33409345   4.407   3.609   2.589   1.556   0
   1.33619845   4.295   3.475   2.443   1.401   0
   1.33812129   4.186   3.341   2.296   1.244   0
   1.33973873   4.086   3.217   2.159   1.096   0
   1.34109831   3.993   3.097   2.025   0.951   0
   1.34235907   3.907   2.979   1.894   0.806   0
   1.34345651   3.825   2.865   1.765   0.664   0
   1.34446657   3.745   2.752   1.637   0.522   0
   1.34536183   3.669   2.641   1.510   0.380   0
   1.34615183   3.598   2.534   1.388   0.244   0
   1.34689403   3.534   2.437   1.276   0.118   0
   1.34752357   3.493   2.379   1.210   0.046   2
   1.34832382   3.545   2.467   1.314   0.165   0
   1.34895349   3.465   2.349   1.179   0.014   0
   1.34957361   3.401   2.240   1.051  -0.131   0
   1.35019016   3.335   2.125   0.914  -0.286   0
   1.35071123   3.280   2.017   0.784  -0.439   0
   1.35116649   3.229   1.916   0.663  -0.580   0
   1.35162210   3.181   1.808   0.530  -0.738   0
   1.35201275   3.134   1.702   0.400  -0.891   0
   1.35234499   3.101   1.606   0.279  -1.038   0
   1.35263336   3.064   1.507   0.157  -1.183   0
   1.35288334   3.042   1.423   0.048  -1.318   0
   1.35310137   3.027   1.346  -0.055  -1.449   0
   1.35331845   3.006   1.259  -0.169  -1.591   0
   1.35350537   2.984   1.171  -0.283  -1.732   0
   1.35366750   2.963   1.088  -0.390  -1.866   0
   1.35380769   2.976   1.025  -0.482  -1.989   0
   1.35394526   2.927   0.978  -0.550  -2.118   0
   1.35406339   2.848   0.948  -0.593  -2.234   0
   1.35417807   2.756   0.913  -0.639  -2.355   0
   1.35427701   2.655   0.877  -0.683  -2.473   0
   1.35436141   2.554   0.846  -0.721  -2.583   0
   1.35443568   2.479   0.832  -0.743  -2.691   3
   1.35451353   2.431   0.852  -0.734  -2.805   0
   1.35458052   2.408   0.927  -0.671  -2.903   0
   1.35463917   2.346   0.932  -0.671  -3.010   0
   1.35469329   2.289   0.945  -0.660  -3.107   0
   1.35473824   2.368   1.140  -0.449  -3.103   0
   1.35478687   2.407   1.283  -0.293  -3.131   0
   1.35482621   2.464   1.440  -0.121  -3.139   0
   1.35486567   2.523   1.612   0.064  -3.151   0
   1.35489869   2.612   1.807   0.260  -3.124   0
   1.35491157   2.656   1.894   0.348  -3.105   0
   1.35491157   3.159   2.139   1.011  -0.099   1
   1.35516059   3.146   2.099   0.959  -0.163   0
   1.35550201   3.131   2.073   0.928  -0.199   0
   1.35564125   3.132   2.074   0.929  -0.197   0
   1.35626292   3.127   2.078   0.936  -0.186   0
   1.35689747   3.123   2.080   0.942  -0.177   0
   1.35754585   3.117   2.080   0.943  -0.174   0
   1.35821033   3.111   2.079   0.945  -0.169   0
   1.35886407   3.104   2.078   0.946  -0.166   0
   1.35953748   3.096   2.075   0.946  -0.163   0
   1.36025226   3.087   2.070   0.943  -0.165   0
   1.36095810   3.077   2.064   0.939  -0.166   0
   1.36165881   3.070   2.059   0.935  -0.169   0
   1.36185992   3.068   2.058   0.933  -0.170   0
   1.36232638   3.065   2.054   0.929  -0.175   0
   1.36297214   3.061   2.047   0.921  -0.184   0
   1.36362922   3.057   2.037   0.908  -0.199   0
   1.36433029   3.059   2.024   0.889  -0.225   0
   1.36531842   3.028   1.982   0.842  -0.276   0
   1.36582053   2.999   1.937   0.789  -0.335   0
   1.36675191   2.977   1.887   0.727  -0.409   0
   1.36702585   2.967   1.863   0.698  -0.443   0
   1.36739314   2.951   1.814   0.634  -0.521   0
   1.36756372   2.928   1.750   0.553  -0.618   0
   1.36765552   2.897   1.643   0.413  -0.788   0
   1.36768186   2.889   1.572   0.316  -0.913   0
   1.36770272   2.848   1.417   0.116  -1.160   0
   1.36770940   2.846   1.348   0.021  -1.282   0
   1.36771739   2.829   1.263  -0.091  -1.419   0
   1.36772740   2.822   1.190  -0.190  -1.545   0
   1.36773503   2.821   1.163  -0.226  -1.593   0
   1.36776757   2.818   1.222  -0.143  -1.483   0
   1.36784410   2.831   1.288  -0.057  -1.377   0
   1.36786687   2.832   1.293  -0.050  -1.368   1
   1.36812055   2.811   1.146  -0.246  -1.615   0
   1.36820197   2.823   1.078  -0.347  -1.752   0
   1.36827564   2.829   0.994  -0.466  -1.912   0
   1.36833835   2.841   0.911  -0.586  -2.070   0
   1.36839497   2.848   0.864  -0.669  -2.224   0
   1.36843014   2.776   0.854  -0.692  -2.330   0
   1.36847007   2.656   0.818  -0.741  -2.479   0
   1.36849380   2.536   0.760  -0.807  -2.612   0
   1.36851037   2.439   0.743  -0.829  -2.710   0
   1.36852443   2.392   0.764  -0.817  -2.810   0
   1.36853886   2.366   0.828  -0.765  -2.910   0
   1.36855030   2.339   0.885  -0.716  -2.994   0
   1.36856437   2.268   0.881  -0.725  -3.105   2
   1.36857796   2.311   1.033  -0.564  -3.128   0
   1.36859214   2.375   1.204  -0.378  -3.132   0
   1.36860847   2.410   1.333  -0.236  -3.158   0
   1.36862409   2.481   1.517  -0.036  -3.159   0
   1.36863470   2.638   1.832   0.285  -3.097   0
   1.36863661   2.722   2.006   0.460  -3.066   0
   1.36863852   2.739   2.046   0.501  -3.062   0
   1.36864066   2.761   2.096   0.551  -3.056   0
   1.36864293   2.782   2.145   0.601  -3.051   1
   1.36864519   2.804   2.194   0.650  -3.046   0
   1.36864734   2.825   2.243   0.700  -3.041   0
   1.36864960   2.847   2.293   0.750  -3.035   0
   1.36865187   2.868   2.342   0.799  -3.030   0
   1.36865413   2.890   2.391   0.849  -3.025   0
   1.36865628   2.911   2.441   0.899  -3.019   0
   1.36865854   2.928   2.486   0.943  -3.017   0
   1.36866081   2.931   2.514   0.967  -3.024   0
   1.36866307   2.934   2.543   0.992  -3.030   0
   1.36866486   2.937   2.567   1.012  -3.035   0
   1.36866701   2.940   2.596   1.037  -3.042   0
   1.36866927   2.943   2.625   1.062  -3.048   0
   1.36867154   2.946   2.654   1.087  -3.055   0
   1.36867368   2.949   2.683   1.112  -3.061   0
   1.36867595   2.952   2.712   1.137  -3.068   0
   1.36867821   2.955   2.742   1.162  -3.074   0
   1.36868048   2.958   2.771   1.188  -3.081   0
   1.36868274   2.961   2.800   1.213  -3.087   0
   1.36868489   2.964   2.830   1.238  -3.094   0
   1.36868668   2.967   2.853   1.258  -3.099   0
   1.36868894   2.971   2.879   1.280  -3.102   0
   1.36869121   2.974   2.898   1.297  -3.106   0
   1.36869299   2.976   2.914   1.311  -3.110   0
   1.36869514   2.978   2.934   1.328  -3.114   0
   1.36869740   2.980   2.954   1.345  -3.118   0
   1.36870110   2.984   2.979   1.367  -3.122   0
   1.36870587   2.984   2.999   1.383  -3.136   0
   1.36871004   2.986   3.020   1.400  -3.147   0
   1.36871386   2.997   3.054   1.429  -3.151   0
   1.36871493   3.021   3.098   1.469  -3.140   0
   1.36871493   3.028   3.110   1.480  -3.136   0
   1.36871493   3.036   3.124   1.492  -3.131   0
   1.36871493   3.046   3.140   1.507  -3.126   0
   1.36871493   3.086   3.206   1.568  -3.104   0
