   0.15000001  16.087  14.557  12.981  10.473   0
   0.20000000  14.912  13.502  12.002   9.729   0
   0.25000000  14.213  12.851  11.386   9.234   0
   0.30000001  13.699  12.357  10.909   8.874   0
   0.34999999  13.265  11.937  10.499   8.572   0
   0.40000001  12.831  11.514  10.087   8.243   0
   0.44999999  12.387  11.085   9.683   7.941   0
   0.50000000  11.905  10.617   9.244   7.620   0
   0.55000001  11.421  10.144   8.810   7.276   0
   0.60000002  10.942   9.680   8.394   6.934   0
   0.69999999   9.780   8.660   7.503   6.225   0
   0.73882186   9.186   8.198   7.113   5.930   0
   0.80000001   8.340   7.550   6.561   5.506   0
   0.86507404   7.459   6.893   6.004   5.077   0
   0.89999998   7.007   6.559   5.725   4.859   0
   0.95516413   6.403   6.090   5.330   4.534   0
   1.00000000   5.953   5.733   5.029   4.284   0
   1.03477550   5.637   5.469   4.803   4.090   0
   1.06843126   5.343   5.222   4.590   3.907   0
   1.09637940   5.121   5.027   4.421   3.761   0
   1.10000002   5.094   5.003   4.400   3.742   0
   1.10839486   5.028   4.943   4.348   3.697   0
   1.12770247   4.878   4.808   4.229   3.593   0
   1.14405799   4.756   4.696   4.131   3.507   0
   1.15807176   4.655   4.604   4.049   3.435   0
   1.17017627   4.571   4.527   3.981   3.375   0
   1.17727613   4.524   4.483   3.942   3.340   0
   1.18389320   4.482   4.445   3.908   3.310   0
   1.20000005   4.383   4.354   3.827   3.238   0
   1.22243369   4.246   4.223   3.711   3.134   0
   1.25837934   4.053   4.034   3.538   2.977   0
   1.29999995   3.855   3.836   3.352   2.803   0
   1.33088815   3.720   3.699   3.221   2.678   0
   1.38462412   3.511   3.483   3.006   2.463   1
   1.39999998   3.458   3.427   2.947   2.402   0
   1.43435144   3.343   3.304   2.817   2.265   0
   1.47481537   3.227   3.176   2.673   2.105   0
   1.50000000   3.173   3.110   2.591   2.007   0
   1.50828171   3.164   3.093   2.567   1.977   0
   1.53175473   3.148   3.055   2.506   1.895   0
   1.54243219   3.139   3.037   2.477   1.857   0
   1.55243337   3.121   3.012   2.443   1.816   0
   1.55902433   3.093   2.981   2.410   1.781   2
   1.56336236   3.045   2.935   2.369   1.744   0
   1.56666327   2.958   2.857   2.305   1.692   0
   1.56885314   2.780   2.701   2.184   1.601   0
   1.56945193   2.632   2.563   2.075   1.522   0
   1.56977689   2.459   2.396   1.941   1.421   1
   1.56985152   2.529   2.466   2.002   1.472   0
   1.57015419   2.695   2.606   2.082   1.494   0
   1.57143235   2.867   2.718   2.113   1.454   0
   1.57339275   3.136   2.910   2.233   1.512   0
   1.57494211   3.393   3.101   2.368   1.600   0
   1.57639182   3.707   3.328   2.536   1.719   0
   1.57779706   3.989   3.526   2.680   1.815   0
   1.57897425   4.186   3.647   2.759   1.855   4
   1.58113658   4.246   3.618   2.681   1.733   0
   1.58248651   4.181   3.514   2.557   1.590   0
   1.58370149   4.100   3.401   2.428   1.446   0
   1.58487725   4.010   3.280   2.291   1.295   0
   1.58596790   3.918   3.161   2.159   1.150   0
   1.58701074   3.823   3.039   2.024   1.005   0
   1.58803225   3.737   2.924   1.893   0.860   0
   1.58902717   3.649   2.805   1.760   0.714   0
   1.59008992   3.552   2.675   1.613   0.554   0
   1.59111333   3.470   2.557   1.477   0.402   0
   1.59217966   3.388   2.431   1.331   0.238   0
   1.59334004   3.295   2.288   1.166   0.052   0
   1.59645474   3.074   1.926   0.742  -0.430   0
   1.59719813   3.046   1.878   0.685  -0.495   2
   1.59875870   3.242   2.227   1.102  -0.015   1
   1.59979868   3.145   2.068   0.916  -0.227   0
   1.60000002   3.129   2.042   0.885  -0.262   0
   1.60023773   3.111   2.012   0.850  -0.302   0
   1.60110128   3.041   1.897   0.715  -0.454   0
   1.60193896   2.983   1.791   0.588  -0.600   0
   1.60282314   2.922   1.671   0.443  -0.768   0
   1.60357296   2.880   1.568   0.314  -0.922   0
   1.60422730   2.836   1.466   0.189  -1.072   0
   1.60488105   2.794   1.359   0.055  -1.231   0
   1.60543966   2.764   1.263  -0.066  -1.378   0
   1.60592580   2.741   1.172  -0.184  -1.522   0
   1.60634422   2.720   1.086  -0.295  -1.661   0
   1.60675776   2.704   1.000  -0.409  -1.806   0
   1.60711277   2.691   0.922  -0.513  -1.937   0
   1.60745859   2.671   0.833  -0.630  -2.083   0
   1.60775483   2.670   0.752  -0.742  -2.229   0
   1.60800838   2.682   0.693  -0.832  -2.358   0
   1.60823047   2.616   0.680  -0.858  -2.463   0
   1.60844350   2.534   0.650  -0.898  -2.575   0
   1.60864747   2.441   0.617  -0.941  -2.688   0
   1.60879540   2.338   0.566  -0.999  -2.803   0
   1.60896790   2.233   0.539  -1.032  -2.912   0
   1.60910463   2.169   0.534  -1.046  -3.023   3
   1.60924339   2.120   0.556  -1.034  -3.136   0
   1.60935760   2.102   0.631  -0.968  -3.219   0
   1.60946739   2.027   0.614  -0.990  -3.331   0
   1.60957253   1.994   0.663  -0.940  -3.410   0
   1.60966659   2.080   0.871  -0.716  -3.403   0
   1.60970914   2.085   0.914  -0.667  -3.422   0
   1.60970914   2.952   2.014   0.921  -0.152   0
   1.61047339   2.936   1.963   0.856  -0.233   0
   1.61083996   2.929   1.953   0.843  -0.247   2
   1.61192536   2.924   1.955   0.848  -0.240   0
   1.61345506   2.917   1.954   0.850  -0.234   0
   1.61501169   2.906   1.948   0.847  -0.235   0
   1.61658633   2.897   1.945   0.846  -0.233   0
   1.61820614   2.885   1.939   0.842  -0.233   0
   1.61981463   2.876   1.933   0.838  -0.235   0
   1.62142551   2.866   1.928   0.835  -0.236   0
   1.62318671   2.856   1.922   0.830  -0.239   0
   1.62496126   2.847   1.914   0.823  -0.245   0
   1.62674224   2.838   1.906   0.816  -0.251   0
   1.62733090   2.833   1.903   0.813  -0.254   0
   1.62826240   2.829   1.898   0.808  -0.260   0
   1.62963450   2.822   1.889   0.799  -0.269   0
   1.63096619   2.816   1.880   0.788  -0.281   0
   1.63234496   2.809   1.869   0.774  -0.297   0
   1.63373971   2.803   1.854   0.755  -0.320   0
   1.63573253   2.791   1.825   0.719  -0.364   0
   1.63624895   2.786   1.810   0.700  -0.387   0
   1.63713658   2.778   1.787   0.671  -0.423   0
   1.63883567   2.754   1.731   0.600  -0.507   0
   1.64208686   2.669   1.545   0.371  -0.777   0
   1.64222813   2.633   1.441   0.237  -0.938   0
   1.64227271   2.610   1.363   0.136  -1.061   0
   1.64230907   2.577   1.247  -0.014  -1.247   0
   1.64233613   2.551   1.131  -0.166  -1.434   0
   1.64237583   2.538   1.037  -0.292  -1.593   0
   1.64250755   2.557   1.117  -0.187  -1.464   0
   1.64266980   2.553   1.140  -0.154  -1.420   1
   1.64314723   2.532   1.027  -0.303  -1.605   0
   1.64336455   2.522   0.948  -0.408  -1.737   0
   1.64355934   2.520   0.859  -0.531  -1.896   0
   1.64370155   2.518   0.779  -0.643  -2.044   0
   1.64383185   2.535   0.706  -0.752  -2.192   0
   1.64394605   2.527   0.615  -0.875  -2.348   0
   1.64404142   2.583   0.571  -0.959  -2.481   0
   1.64414549   2.445   0.526  -1.024  -2.677   0
   1.64419496   2.334   0.483  -1.078  -2.809   0
   1.64424300   2.184   0.429  -1.141  -2.972   0
   1.64427567   2.084   0.413  -1.165  -3.085   0
   1.64430392   2.058   0.460  -1.127  -3.176   0
   1.64433241   2.045   0.539  -1.058  -3.256   0
   1.64436245   1.994   0.550  -1.052  -3.347   0
   1.64439511   1.936   0.561  -1.046  -3.443   2
   1.64443290   1.985   0.719  -0.875  -3.463   0
   1.64446604   2.026   0.854  -0.728  -3.481   0
   1.64448249   2.140   1.142  -0.416  -3.480   0
   1.64448595   2.162   1.216  -0.335  -3.491   0
   1.64448988   2.172   1.247  -0.301  -3.494   0
   1.64449489   2.195   1.300  -0.248  -3.489   0
   1.64449990   2.217   1.351  -0.196  -3.483   1
   1.64450490   2.240   1.404  -0.143  -3.478   0
   1.64450991   2.263   1.456  -0.090  -3.472   0
   1.64451456   2.284   1.505  -0.041  -3.467   0
   1.64451921   2.305   1.554   0.009  -3.462   0
   1.64452386   2.327   1.604   0.058  -3.457   0
   1.64452851   2.348   1.653   0.108  -3.451   0
   1.64453316   2.370   1.702   0.158  -3.446   0
   1.64453781   2.392   1.754   0.209  -3.441   2
   1.64454246   2.415   1.806   0.262  -3.435   0
   1.64454710   2.438   1.858   0.315  -3.430   0
   1.64455175   2.460   1.911   0.368  -3.424   0
   1.64455640   2.483   1.963   0.420  -3.418   0
   1.64456105   2.505   2.013   0.470  -3.413   0
   1.64456570   2.521   2.047   0.504  -3.407   0
   1.64457035   2.533   2.074   0.532  -3.404   0
   1.64457500   2.542   2.096   0.554  -3.403   0
   1.64457965   2.543   2.111   0.567  -3.406   0
   1.64458346   2.545   2.123   0.577  -3.409   0
   1.64458716   2.546   2.135   0.587  -3.411   0
   1.64459181   2.547   2.150   0.600  -3.415   0
   1.64459646   2.549   2.166   0.613  -3.418   0
   1.64460111   2.551   2.181   0.626  -3.421   0
   1.64460576   2.552   2.196   0.639  -3.424   0
   1.64461184   2.555   2.214   0.655  -3.428   0
   1.64462352   2.558   2.243   0.680  -3.434   0
   1.64463508   2.562   2.274   0.706  -3.440   0
   1.64464664   2.565   2.304   0.732  -3.447   0
   1.64465797   2.569   2.334   0.758  -3.453   0
   1.64466918   2.572   2.364   0.784  -3.459   0
   1.64468062   2.576   2.395   0.811  -3.465   0
   1.64469182   2.580   2.426   0.837  -3.471   0
   1.64470291   2.584   2.456   0.864  -3.477   0
   1.64471388   2.588   2.487   0.890  -3.483   0
   1.64472485   2.592   2.519   0.918  -3.489   0
   1.64473474   2.598   2.551   0.945  -3.493   0
   1.64474344   2.606   2.585   0.976  -3.494   0
   1.64475012   2.621   2.623   1.009  -3.490   0
   1.64475179   2.638   2.654   1.037  -3.482   0
   1.64475191   2.646   2.668   1.050  -3.478   0
   1.64475191   2.649   2.673   1.055  -3.476   0
   1.64475191   2.653   2.679   1.061  -3.474   1
   1.64475191   2.657   2.686   1.067  -3.472   0
   1.64475191   2.733   2.812   1.182  -3.429   0
