   0.15000001  16.097  14.565  12.988  10.478   0
   0.20000000  14.929  13.517  12.016   9.740   0
   0.25000000  14.237  12.873  11.407   9.254   0
   0.30000001  13.730  12.387  10.938   8.902   0
   0.34999999  13.296  11.968  10.530   8.602   0
   0.40000001  12.861  11.544  10.117   8.275   0
   0.44999999  12.406  11.104   9.702   7.956   0
   0.45538720  12.353  11.053   9.653   7.921   0
   0.50000000  11.931  10.643   9.269   7.642   0
   0.55000001  11.448  10.172   8.836   7.299   0
   0.60000002  10.971   9.711   8.425   6.965   0
   0.69999999   9.822   8.705   7.550   6.273   0
   0.80000001   8.499   7.672   6.666   5.588   0
   0.89999998   7.244   6.738   5.878   4.983   0
   1.00000000   6.255   5.985   5.248   4.474   0
   1.10000002   5.485   5.352   4.710   4.018   0
   1.20000005   4.712   4.680   4.139   3.537   0
   1.28851986   4.216   4.220   3.746   3.207   0
   1.29999995   4.157   4.164   3.698   3.167   0
   1.39999998   3.685   3.702   3.303   2.843   0
   1.50000000   3.294   3.302   2.968   2.587   0
   1.60000002   2.932   2.911   2.645   2.358   0
   1.70000005   2.618   2.568   2.366   2.168   0
   1.79999995   2.348   2.281   2.138   2.014   0
   1.89999998   2.090   2.035   1.941   1.870   0
   1.95000005   1.982   1.937   1.862   1.812   0
   2.00000000   1.865   1.836   1.778   1.745   0
   2.20000005   1.451   1.494   1.491   1.509   0
   2.50000000   0.923   1.089   1.137   1.195   0
   3.00000000   0.220   0.562   0.653   0.744   0
   3.50000000  -0.330   0.138   0.252   0.366   0
   4.00000000  -0.778  -0.218  -0.086   0.045   0
   4.50000000  -1.158  -0.529  -0.382  -0.234   0
   4.60365725  -1.233  -0.592  -0.442  -0.291   0
   5.00000000  -1.506  -0.823  -0.662  -0.501   0
   5.96326542  -2.102  -1.338  -1.156  -0.972   0
   6.00000000  -2.124  -1.357  -1.174  -0.989   0
   6.99770069  -2.679  -1.846  -1.647  -1.443   0
   7.00000000  -2.680  -1.847  -1.648  -1.444   0
   7.01764870  -2.690  -1.856  -1.656  -1.452   0
   7.77571630  -3.110  -2.239  -2.029  -1.815   0
   8.38104534  -3.460  -2.565  -2.349  -2.128   0
   8.87729263  -3.756  -2.843  -2.625  -2.400   0
   9.00000000  -3.837  -2.921  -2.703  -2.478   0
   9.68127441  -4.229  -3.302  -3.082  -2.856   1
  10.36962795  -4.698  -3.781  -3.564  -3.345   0
  10.88159561  -5.139  -4.254  -4.047  -3.844   0
  11.08656693  -5.346  -4.483  -4.283  -4.090   0
  11.17383289  -5.431  -4.574  -4.375  -4.186   0
  11.22344589  -5.448  -4.573  -4.371  -4.175   0
  11.24919987  -5.423  -4.497  -4.285  -4.073   0
  11.25240040  -5.436  -4.475  -4.256  -4.033   0
  11.25266552  -5.433  -4.470  -4.250  -4.027   1
  11.25375843  -5.403  -4.466  -4.251  -4.035   0
  11.25430584  -5.447  -4.537  -4.328  -4.121   0
  11.25449562  -5.471  -4.571  -4.365  -4.162   0
  11.25492668  -5.545  -4.675  -4.475  -4.282   0
  11.25525379  -5.606  -4.758  -4.563  -4.379   0
  11.25558186  -5.674  -4.852  -4.663  -4.488   0
  11.25590897  -5.749  -4.955  -4.773  -4.609   0
  11.25625420  -5.827  -5.062  -4.889  -4.739   0
  11.25661564  -5.904  -5.170  -5.007  -4.870   0
  11.25699425  -5.992  -5.299  -5.147  -5.027   0
  11.25718403  -6.032  -5.362  -5.216  -5.105   0
  11.25762177  -6.126  -5.518  -5.387  -5.298   0
  11.25784969  -6.175  -5.608  -5.486  -5.410   0
  11.25805950  -6.214  -5.696  -5.581  -5.516   0
  11.25828743  -6.252  -5.780  -5.677  -5.627   0
  11.25851631  -6.288  -5.862  -5.774  -5.744   0
  11.25870609  -6.308  -5.935  -5.859  -5.846   0
  11.25893497  -6.314  -6.031  -5.971  -5.978   0
  11.25910664  -6.299  -6.109  -6.060  -6.083   0
  11.25925827  -6.275  -6.163  -6.125  -6.160   0
  11.25939083  -6.249  -6.202  -6.185  -6.242   0
  11.25952435  -6.190  -6.238  -6.243  -6.324   0
  11.25965786  -6.099  -6.243  -6.282  -6.402   0
  11.25979042  -5.972  -6.201  -6.296  -6.478   3
  11.25990486  -5.830  -6.114  -6.285  -6.544   0
  11.26001930  -5.658  -5.976  -6.253  -6.610   0
  11.26013279  -5.438  -5.786  -6.197  -6.669   0
  11.26022816  -5.235  -5.619  -6.137  -6.701   0
  11.26034260  -4.894  -5.367  -6.035  -6.723   0
  11.26043701  -4.372  -5.022  -5.880  -6.710   0
  11.26049423  -4.101  -4.858  -5.799  -6.689   0
  11.26058960  -3.235  -4.362  -5.525  -6.576   0
  11.26072311  -2.220  -3.798  -5.154  -6.374   0
  11.26091290  -1.588  -3.444  -4.900  -6.235   0
  11.26097012  -1.436  -3.360  -4.842  -6.207   0
  11.26113605  -0.969  -3.212  -4.814  -6.324   0
  11.26122856  -1.110  -3.176  -4.791  -6.476   0
  11.26133919  -1.484  -3.276  -4.886  -6.763   0
  11.26146889  -1.617  -3.295  -4.907  -6.918   3
  11.26178265  -1.681  -3.263  -4.876  -7.018   0
  11.26276016  -1.735  -3.230  -4.841  -7.096   0
  11.26392365  -1.771  -3.211  -4.821  -7.140   0
  11.26853561  -1.802  -3.175  -4.782  -7.185   0
  11.29033852  -1.744  -3.270  -4.883  -7.098   0
  11.30620480  -1.697  -3.339  -4.952  -7.016   0
  11.32165623  -1.670  -3.416  -5.028  -6.950   0
  11.33950615  -1.575  -3.428  -5.045  -6.891   0
  11.36793804  -1.485  -3.470  -5.095  -6.860   0
  11.41877365  -1.413  -3.572  -5.205  -6.863   0
  11.48033047  -1.557  -3.875  -5.501  -7.003   0
  11.50010777  -2.011  -4.150  -5.709  -7.123   0
  11.50462818  -2.231  -4.278  -5.804  -7.172   0
  11.50761223  -2.612  -4.472  -5.931  -7.228   0
  11.50910378  -2.852  -4.590  -6.005  -7.256   0
  11.51059532  -3.048  -4.686  -6.066  -7.280   0
  11.51168633  -3.218  -4.769  -6.115  -7.298   0
  11.51317787  -3.514  -4.915  -6.197  -7.330   0
  11.51613903  -4.398  -5.362  -6.429  -7.402   0
  11.52344036  -5.808  -6.220  -6.736  -7.296   0
  11.52622318  -5.875  -6.269  -6.747  -7.276   1
  11.53338814  -5.715  -6.147  -6.711  -7.312   0
  11.53646469  -5.568  -6.045  -6.679  -7.335   0
  11.53941917  -5.371  -5.914  -6.636  -7.360   0
  11.54168034  -5.152  -5.779  -6.586  -7.374   0
  11.54390621  -4.845  -5.596  -6.515  -7.385   0
  11.54556847  -4.478  -5.392  -6.426  -7.377   0
  11.54712391  -4.004  -5.145  -6.307  -7.349   0
  11.54817104  -3.544  -4.916  -6.186  -7.310   0
  11.54921722  -2.999  -4.649  -6.033  -7.251   0
  11.55021000  -2.614  -4.454  -5.905  -7.195   0
  11.55175114  -2.142  -4.204  -5.735  -7.114   0
  11.55367088  -1.764  -3.985  -5.575  -7.031   0
  11.55460930  -1.587  -3.883  -5.501  -6.994   0
  11.61309719  -1.586  -3.579  -5.207  -6.973   2
  11.63923836  -1.694  -3.527  -5.145  -7.006   0
  11.64302731  -1.761  -3.502  -5.116  -7.049   0
  11.64430046  -1.769  -3.467  -5.082  -7.073   0
  11.64583302  -1.778  -3.418  -5.033  -7.102   0
  11.64702702  -1.790  -3.385  -4.999  -7.127   0
  11.64851952  -1.813  -3.332  -4.945  -7.170   0
  11.65021801  -1.871  -3.267  -4.874  -7.246   0
  11.65223789  -1.821  -3.103  -4.700  -7.257   0
  11.65381718  -1.768  -2.978  -4.565  -7.251   0
