   0.15000001  16.049  14.525  12.952  10.455   0
   0.20000000  14.847  13.443  11.948   9.682   0
   0.25000000  14.127  12.770  11.309   9.160   0
   0.30000001  13.597  12.256  10.808   8.778   0
   0.34999999  13.162  11.834  10.396   8.471   0
   0.40000001  12.782  11.465  10.041   8.205   1
   0.40167359  12.765  11.449  10.025   8.194   0
   0.42618224  12.531  11.224   9.813   8.035   0
   0.43673512  12.434  11.130   9.724   7.968   0
   0.46998864  12.090  10.795   9.410   7.738   0
   0.50000000  11.817  10.528   9.160   7.555   0
   0.55000001  11.312  10.036   8.713   7.194   0
   0.59294987  10.864   9.602   8.323   6.875   0
   0.60000002  10.795   9.535   8.262   6.826   0
   0.61436987  10.604   9.366   8.114   6.708   0
   0.66744000   9.882   8.746   7.578   6.284   0
   0.69999999   9.427   8.376   7.259   6.033   0
   0.72368807   8.999   8.048   6.982   5.825   0
   0.75460333   8.442   7.626   6.625   5.555   0
   0.78210938   7.963   7.266   6.318   5.318   0
   0.80000001   7.663   7.039   6.124   5.167   0
   0.82034832   7.333   6.787   5.908   4.991   0
   0.84092909   6.999   6.531   5.686   4.810   0
   0.85984576   6.707   6.301   5.488   4.645   0
   0.87763441   6.444   6.089   5.305   4.488   0
   0.89541399   6.187   5.878   5.121   4.328   0
   0.89999998   6.122   5.824   5.073   4.285   0
   0.90758193   6.009   5.729   4.988   4.210   0
   0.91392452   5.923   5.654   4.920   4.148   0
   0.91974008   5.840   5.583   4.854   4.089   0
   0.92695731   5.742   5.494   4.774   4.015   0
   0.92909896   5.715   5.470   4.751   3.994   0
   0.93076879   5.695   5.452   4.734   3.978   0
   0.93779296   5.615   5.377   4.664   3.911   0
   0.94350958   5.546   5.313   4.603   3.854   0
   0.96906525   5.245   5.017   4.313   3.569   0
   0.98481774   5.109   4.851   4.127   3.365   0
   0.99561387   5.169   4.821   4.042   3.232   3
   1.00000000   5.325   4.891   4.058   3.202   0
   1.00044048   5.344   4.899   4.061   3.199   0
   1.00344372   5.586   5.022   4.123   3.200   0
   1.00653923   5.738   5.059   4.102   3.119   0
   1.00881624   5.708   4.970   3.984   2.970   0
   1.01047409   5.612   4.844   3.843   2.815   0
   1.01187313   5.490   4.702   3.689   2.650   0
   1.01304936   5.364   4.559   3.538   2.492   0
   1.01409066   5.241   4.418   3.387   2.334   0
   1.01501071   5.116   4.276   3.237   2.177   0
   1.01582050   4.995   4.137   3.088   2.022   0
   1.01651609   4.883   4.005   2.946   1.871   0
   1.01716220   4.773   3.872   2.801   1.716   0
   1.01769865   4.670   3.745   2.663   1.567   0
   1.01820135   4.572   3.620   2.526   1.419   0
   1.01860356   4.479   3.499   2.391   1.272   0
   1.01900327   4.385   3.374   2.253   1.122   0
   1.01936054   4.289   3.247   2.111   0.967   0
   1.01967764   4.206   3.131   1.980   0.823   0
   1.01998341   4.121   3.010   1.843   0.671   0
   1.02036059   4.046   2.907   1.728   0.546   2
   1.02066159   4.109   3.014   1.854   0.690   0
   1.02070868   4.122   3.034   1.877   0.716   0
   1.02092326   4.045   2.921   1.748   0.572   0
   1.02114952   3.966   2.805   1.617   0.427   0
   1.02137816   3.893   2.686   1.477   0.268   0
   1.02159083   3.826   2.564   1.332   0.101   0
   1.02176881   3.766   2.451   1.197  -0.056   0
   1.02194464   3.702   2.329   1.050  -0.227   0
   1.02207422   3.652   2.227   0.928  -0.369   0
   1.02220380   3.597   2.116   0.794  -0.526   0
   1.02231264   3.552   2.006   0.659  -0.685   0
   1.02240765   3.526   1.916   0.543  -0.829   0
   1.02247941   3.499   1.832   0.436  -0.961   0
   1.02256048   3.486   1.752   0.327  -1.099   0
   1.02262068   3.465   1.663   0.212  -1.244   0
   1.02268100   3.428   1.562   0.087  -1.394   0
   1.02272499   3.437   1.497  -0.008  -1.520   0
   1.02277374   3.370   1.448  -0.074  -1.652   0
   1.02281773   3.292   1.413  -0.122  -1.770   0
   1.02285254   3.208   1.379  -0.167  -1.884   0
   1.02288961   3.104   1.353  -0.204  -2.011   0
   1.02291751   2.995   1.305  -0.260  -2.131   0
   1.02294302   2.930   1.299  -0.275  -2.241   3
   1.02296615   2.881   1.314  -0.272  -2.354   0
   1.02298701   2.839   1.348  -0.247  -2.460   0
   1.02300799   2.793   1.389  -0.215  -2.567   0
   1.02302420   2.749   1.419  -0.184  -2.657   0
   1.02304041   2.856   1.660   0.075  -2.636   0
   1.02305436   2.845   1.725   0.151  -2.696   0
   1.02306819   2.888   1.875   0.315  -2.721   0
   1.02307987   2.970   2.073   0.526  -2.713   0
   1.02309144   3.093   2.331   0.785  -2.668   0
   1.02310073   3.202   2.563   1.018  -2.631   0
   1.02311003   3.308   2.792   1.249  -2.596   0
   1.02311695   3.437   3.075   1.519  -2.537   0
   1.02312160   3.450   3.144   1.579  -2.545   2
   1.02312160   3.396   2.327   1.176   0.049   1
   1.02320349   3.391   2.279   1.111  -0.034   0
   1.02332389   3.391   2.263   1.088  -0.064   0
   1.02335250   3.386   2.262   1.087  -0.063   0
   1.02349269   3.371   2.263   1.096  -0.047   0
   1.02363598   3.362   2.265   1.103  -0.034   0
   1.02378285   3.348   2.263   1.106  -0.026   0
   1.02393281   3.340   2.264   1.111  -0.017   0
   1.02408528   3.334   2.265   1.115  -0.010   0
   1.02424026   3.327   2.265   1.118  -0.004   0
   1.02440274   3.320   2.264   1.120   0.001   0
   1.02456307   3.312   2.262   1.120   0.005   0
   1.02471983   3.305   2.260   1.120   0.006   0
   1.02487373   3.300   2.256   1.117   0.004   0
   1.02494693   3.297   2.254   1.115   0.002   0
   1.02502847   3.295   2.251   1.111  -0.002   0
   1.02519047   3.290   2.242   1.101  -0.014   0
   1.02535796   3.285   2.229   1.084  -0.033   0
   1.02558482   3.280   2.205   1.053  -0.073   0
   1.02572823   3.273   2.180   1.019  -0.114   0
   1.02595913   3.250   2.122   0.946  -0.202   0
   1.02601361   3.244   2.097   0.913  -0.242   0
   1.02610970   3.233   2.046   0.844  -0.327   0
   1.02614856   3.218   1.982   0.760  -0.431   0
   1.02617037   3.205   1.882   0.623  -0.604   0
   1.02617669   3.208   1.810   0.522  -0.737   0
   1.02618158   3.184   1.655   0.316  -0.996   0
   1.02618337   3.192   1.584   0.214  -1.128   0
   1.02618539   3.207   1.513   0.109  -1.272   0
   1.02618802   3.231   1.455   0.018  -1.401   0
   1.02619064   3.231   1.416  -0.037  -1.474   0
   1.02619839   3.223   1.475   0.049  -1.358   0
   1.02621436   3.208   1.519   0.117  -1.263   0
   1.02621639   3.206   1.521   0.120  -1.257   1
   1.02628136   3.222   1.458   0.026  -1.387   0
   1.02631831   3.234   1.359  -0.117  -1.577   0
   1.02634072   3.288   1.299  -0.221  -1.731   0
   1.02635968   3.224   1.279  -0.263  -1.870   0
   1.02637553   3.115   1.245  -0.310  -2.013   0
   1.02638710   3.007   1.203  -0.361  -2.137   0
   1.02639627   2.891   1.185  -0.386  -2.257   0
   1.02640283   2.829   1.209  -0.374  -2.379   0
   1.02640700   2.813   1.274  -0.319  -2.460   0
   1.02641118   2.783   1.340  -0.261  -2.556   0
   1.02641511   2.714   1.341  -0.265  -2.666   2
   1.02641857   2.782   1.523  -0.070  -2.670   0
   1.02642274   2.847   1.707   0.129  -2.680   0
   1.02642703   2.922   1.903   0.343  -2.683   0
   1.02643168   3.019   2.132   0.584  -2.669   0
   1.02643597   3.174   2.431   0.886  -2.599   0
   1.02644086   3.266   2.641   1.097  -2.575   1
   1.02644539   3.499   3.116   1.564  -2.468   0
   1.02644598   3.579   3.345   1.769  -2.443   0
   1.02644658   3.582   3.372   1.793  -2.449   0
   1.02644718   3.585   3.399   1.815  -2.455   0
   1.02644765   3.587   3.420   1.834  -2.460   0
   1.02644825   3.590   3.447   1.857  -2.466   0
   1.02644885   3.593   3.474   1.880  -2.471   0
   1.02644944   3.596   3.501   1.903  -2.477   0
   1.02645004   3.599   3.528   1.926  -2.483   0
   1.02645063   3.602   3.555   1.950  -2.489   0
   1.02645123   3.605   3.582   1.973  -2.494   0
   1.02645183   3.607   3.607   1.994  -2.502   0
   1.02645242   3.605   3.622   2.006  -2.515   0
   1.02645302   3.604   3.638   2.017  -2.529   0
   1.02645361   3.602   3.653   2.029  -2.542   0
   1.02645409   3.601   3.666   2.039  -2.553   0
   1.02645469   3.599   3.683   2.052  -2.565   0
   1.02645528   3.599   3.701   2.066  -2.578   0
   1.02645588   3.602   3.722   2.083  -2.588   0
   1.02645636   3.614   3.757   2.114  -2.591   0
   1.02645648   3.646   3.814   2.165  -2.576   0
