   0.15000001  16.096  14.565  12.987  10.478   0
   0.20000000  14.928  13.516  12.016   9.740   0
   0.25000000  14.236  12.872  11.407   9.254   0
   0.30000001  13.729  12.386  10.937   8.901   0
   0.34999999  13.295  11.967  10.529   8.601   0
   0.40000001  12.859  11.543  10.116   8.273   0
   0.44999999  12.406  11.104   9.701   7.956   0
   0.50000000  11.929  10.642   9.268   7.641   0
   0.55000001  11.447  10.171   8.836   7.299   0
   0.60000002  10.971   9.711   8.424   6.964   0
   0.69999999   9.827   8.708   7.551   6.272   0
   0.80000001   8.490   7.664   6.659   5.583   0
   0.89999998   7.226   6.724   5.866   4.973   0
   0.92341465   6.971   6.532   5.703   4.842   0
   1.00000000   6.211   5.947   5.214   4.443   0
   1.02459085   6.004   5.779   5.071   4.322   0
   1.10000002   5.394   5.278   4.648   3.967   0
   1.11191237   5.295   5.194   4.577   3.907   0
   1.20000005   4.695   4.664   4.124   3.523   0
   1.29999995   4.147   4.154   3.689   3.158   0
   1.39999998   3.674   3.691   3.292   2.830   0
   1.50000000   3.282   3.289   2.955   2.572   0
   1.60000002   2.920   2.899   2.631   2.342   0
   1.70000005   2.608   2.558   2.353   2.152   0
   1.79999995   2.331   2.263   2.117   1.988   0
   1.89999998   2.069   2.011   1.912   1.836   0
   1.95000005   1.954   1.903   1.825   1.771   0
   2.00000000   1.838   1.802   1.740   1.701   0
   2.20000005   1.413   1.443   1.435   1.446   0
   2.41497254   1.014   1.124   1.154   1.197   0
   2.50000000   0.866   1.006   1.050   1.101   0
   3.00000000   0.105   0.409   0.494   0.577   0
   3.08972931  -0.015   0.313   0.403   0.490   0
   3.50000000  -0.530  -0.106   0.002   0.105   0
   3.55840969  -0.596  -0.161  -0.051   0.054   0
   3.91169548  -0.992  -0.496  -0.374  -0.258   0
   4.00000000  -1.091  -0.582  -0.457  -0.340   0
   4.22018290  -1.339  -0.802  -0.671  -0.548   0
   4.45891953  -1.612  -1.051  -0.915  -0.788   0
   4.50000000  -1.660  -1.097  -0.959  -0.832   0
   4.67760134  -1.872  -1.297  -1.157  -1.029   0
   4.84751749  -2.089  -1.509  -1.368  -1.240   0
   4.99135923  -2.287  -1.710  -1.569  -1.443   0
   5.00000000  -2.300  -1.723  -1.582  -1.456   1
   5.11967134  -2.479  -1.912  -1.772  -1.651   0
   5.22418928  -2.652  -2.102  -1.965  -1.849   0
   5.31196642  -2.813  -2.285  -2.151  -2.042   0
   5.35036182  -2.889  -2.372  -2.241  -2.135   0
   5.38539076  -2.962  -2.453  -2.324  -2.222   0
   5.40853214  -3.009  -2.502  -2.373  -2.272   0
   5.42269945  -3.036  -2.522  -2.392  -2.289   3
   5.43386126  -3.053  -2.522  -2.388  -2.281   0
   5.44138002  -3.059  -2.487  -2.345  -2.227   0
   5.44350529  -3.065  -2.461  -2.312  -2.185   0
   5.44473743  -3.084  -2.446  -2.290  -2.153   0
   5.44484138  -3.073  -2.437  -2.282  -2.146   0
   5.44516563  -3.016  -2.411  -2.262  -2.135   0
   5.44551134  -3.059  -2.495  -2.354  -2.239   0
   5.44581413  -3.152  -2.621  -2.488  -2.382   0
   5.44620323  -3.253  -2.763  -2.637  -2.543   0
   5.44663525  -3.337  -2.894  -2.778  -2.697   0
   5.44713211  -3.403  -3.021  -2.915  -2.848   0
   5.44769382  -3.446  -3.145  -3.051  -3.001   0
   5.44803572  -3.461  -3.213  -3.128  -3.088   0
   5.44839573  -3.467  -3.280  -3.205  -3.179   0
   5.44875574  -3.462  -3.344  -3.283  -3.272   0
   5.44913483  -3.439  -3.403  -3.360  -3.371   0
   5.44951344  -3.390  -3.445  -3.431  -3.472   0
   5.44989204  -3.293  -3.444  -3.481  -3.576   0
   5.45008183  -3.221  -3.419  -3.493  -3.627   3
   5.45028973  -3.130  -3.360  -3.487  -3.678   0
   5.45047903  -3.028  -3.274  -3.469  -3.728   0
   5.45066833  -2.906  -3.155  -3.434  -3.777   0
   5.45085716  -2.751  -3.001  -3.380  -3.821   0
   5.45104647  -2.537  -2.809  -3.303  -3.854   0
   5.45123529  -2.205  -2.555  -3.195  -3.872   0
   5.45140553  -1.763  -2.261  -3.059  -3.859   0
   5.45159483  -1.258  -1.948  -2.890  -3.800   0
   5.45178366  -0.824  -1.676  -2.717  -3.703   0
   5.45195389  -0.448  -1.438  -2.550  -3.596   0
   5.45212364  -0.159  -1.268  -2.435  -3.533   4
   5.45241022   0.114  -1.216  -2.476  -3.664   0
   5.45267630   0.219  -1.298  -2.630  -3.895   0
   5.45294237   0.247  -1.370  -2.741  -4.043   0
   5.45339251   0.279  -1.431  -2.836  -4.172   0
   5.45396519   0.312  -1.482  -2.920  -4.292   0
   5.45457792   0.344  -1.534  -3.005  -4.412   0
   5.45519114   0.365  -1.595  -3.096  -4.537   0
   5.45582438   0.378  -1.660  -3.191  -4.663   0
   5.45643711   0.401  -1.712  -3.270  -4.772   0
   5.45751905   0.402  -1.747  -3.324  -4.855   0
   5.45845747   0.384  -1.752  -3.330  -4.876   2
   5.46733570   0.381  -1.721  -3.275  -4.771   0
   5.47172308   0.345  -1.673  -3.196  -4.659   0
   5.47567177   0.322  -1.610  -3.101  -4.529   0
   5.47939920   0.294  -1.550  -3.007  -4.397   0
   5.48284149   0.262  -1.501  -2.926  -4.282   0
   5.48675680   0.236  -1.445  -2.839  -4.164   0
   5.49224329   0.199  -1.389  -2.749  -4.039   0
   5.50108242   0.132  -1.352  -2.672  -3.921   4
   5.51357174  -0.025  -1.400  -2.679  -3.880   0
   5.52258253  -0.367  -1.618  -2.844  -3.989   0
   5.52594614  -0.630  -1.788  -2.975  -4.079   0
   5.52823687  -1.003  -2.017  -3.138  -4.180   0
   5.53204536  -1.644  -2.393  -3.365  -4.293   0
   5.58651161  -2.576  -2.997  -3.697  -4.418   1
   5.61938000  -2.379  -2.898  -3.693  -4.487   0
   5.63287973  -1.931  -2.641  -3.584  -4.489   0
   5.64378929  -1.182  -2.231  -3.369  -4.420   0
   5.65866613  -0.271  -1.712  -3.016  -4.233   0
   5.67693520   0.040  -1.618  -3.003  -4.312   4
   5.67838383   0.109  -1.640  -3.059  -4.402   0
   5.67845631   0.118  -1.645  -3.069  -4.419   0
   5.67871952   0.153  -1.687  -3.142  -4.524   0
   5.68006563   0.200  -1.740  -3.234  -4.659   0
   5.68055725   0.222  -1.775  -3.290  -4.739   0
   5.68131161   0.267  -1.839  -3.394  -4.887   0
   5.68226194   0.263  -1.888  -3.472  -5.019   0
   5.68331003   0.159  -1.909  -3.500  -5.130   0
   5.68417692   0.063  -1.932  -3.527  -5.224   0
   5.68505955  -0.053  -1.957  -3.554  -5.325   0
   5.68574572  -0.165  -1.979  -3.577  -5.415   2
   5.68636608  -0.272  -1.994  -3.591  -5.504   0
   5.68687201  -0.316  -1.973  -3.575  -5.586   0
   5.68731260  -0.359  -1.955  -3.560  -5.662   0
   5.68791628  -0.430  -1.967  -3.574  -5.760   0
   5.68819332  -0.477  -1.981  -3.589  -5.820   0
   5.68842125  -0.516  -1.984  -3.593  -5.872   0
   5.68866587  -0.570  -1.973  -3.581  -5.946   0
   5.68908930  -0.576  -1.883  -3.484  -5.996   0
   5.68915462  -0.558  -1.817  -3.411  -6.008   0
   5.68923616  -0.538  -1.744  -3.331  -6.022   0
   5.68935013  -0.522  -1.689  -3.270  -6.032   0
