   0.15000001  16.034  14.513  12.941  10.447   0
   0.20000000  14.830  13.428  11.934   9.669   0
   0.25000000  14.115  12.759  11.298   9.151   0
   0.30000001  13.588  12.247  10.799   8.772   0
   0.34999999  13.155  11.827  10.389   8.467   0
   0.40000001  12.769  11.453  10.029   8.197   0
   0.41544208  12.618  11.307   9.892   8.094   0
   0.42572901  12.519  11.211   9.802   8.026   0
   0.48105764  11.954  10.661   9.285   7.647   0
   0.50000000  11.790  10.501   9.134   7.537   0
   0.55000001  11.278  10.002   8.682   7.169   0
   0.60000002  10.744   9.486   8.218   6.790   0
   0.62467891  10.393   9.183   7.956   6.583   0
   0.66662341   9.793   8.671   7.514   6.234   0
   0.69999999   9.292   8.271   7.169   5.964   0
   0.71535724   8.994   8.043   6.977   5.820   0
   0.74143273   8.494   7.663   6.655   5.575   0
   0.76508147   8.055   7.331   6.371   5.356   0
   0.78682411   7.658   7.030   6.113   5.153   0
   0.80000001   7.427   6.855   5.963   5.032   0
   0.80060589   7.416   6.846   5.956   5.026   0
   0.81861556   7.098   6.600   5.742   4.851   0
   0.83555120   6.803   6.368   5.540   4.681   0
   0.85247827   6.524   6.141   5.341   4.510   0
   0.86143726   6.380   6.022   5.236   4.417   0
   0.87052172   6.237   5.901   5.128   4.322   0
   0.88051713   6.084   5.770   5.010   4.215   0
   0.88433969   6.026   5.720   4.964   4.173   0
   0.88888633   5.958   5.660   4.910   4.123   0
   0.89126140   5.926   5.631   4.882   4.098   0
   0.89292878   5.902   5.610   4.863   4.079   0
   0.89999998   5.804   5.520   4.777   3.999   0
   0.90187156   5.775   5.493   4.752   3.974   0
   0.91838676   5.547   5.266   4.526   3.750   0
   0.93113321   5.433   5.116   4.354   3.560   0
   0.93991786   5.483   5.080   4.267   3.427   3
   0.94448084   5.696   5.168   4.288   3.383   0
   0.94631839   5.829   5.225   4.307   3.363   0
   0.94885629   5.939   5.234   4.265   3.266   0
   0.95077199   5.895   5.135   4.140   3.113   0
   0.95217592   5.795   5.009   4.000   2.961   0
   0.95331746   5.675   4.872   3.853   2.806   0
   0.95427322   5.554   4.737   3.710   2.656   0
   0.95519042   5.428   4.594   3.558   2.498   0
   0.95597970   5.304   4.453   3.409   2.342   0
   0.95669639   5.178   4.310   3.257   2.184   0
   0.95731175   5.063   4.176   3.114   2.033   0
   0.95785570   4.954   4.047   2.974   1.884   0
   0.95832503   4.850   3.920   2.836   1.736   0
   0.95875305   4.747   3.793   2.699   1.588   0
   0.95912373   4.649   3.669   2.562   1.440   0
   0.95948023   4.551   3.541   2.421   1.287   0
   0.95977283   4.460   3.421   2.288   1.142   0
   0.96004963   4.371   3.302   2.154   0.997   0
   0.96029925   4.288   3.185   2.022   0.851   0
   0.96057618   4.204   3.070   1.894   0.711   0
   0.96073943   4.168   3.023   1.842   0.655   2
   0.96103853   4.239   3.140   1.979   0.811   0
   0.96121109   4.159   3.025   1.848   0.667   0
   0.96139371   4.081   2.912   1.719   0.524   0
   0.96156466   4.012   2.802   1.592   0.380   0
   0.96174413   3.945   2.680   1.447   0.212   0
   0.96189684   3.880   2.560   1.303   0.046   0
   0.96202606   3.825   2.454   1.177  -0.101   0
   0.96213520   3.774   2.351   1.053  -0.245   0
   0.96223259   3.722   2.247   0.928  -0.391   0
   0.96232998   3.665   2.132   0.790  -0.551   0
   0.96240056   3.632   2.044   0.680  -0.683   0
   0.96246439   3.615   1.966   0.576  -0.816   0
   0.96252656   3.593   1.882   0.467  -0.952   0
   0.96258199   3.576   1.798   0.356  -1.091   0
   0.96263582   3.545   1.696   0.227  -1.250   0
   0.96267617   3.536   1.618   0.121  -1.384   0
   0.96271646   3.487   1.561   0.044  -1.518   0
   0.96275520   3.405   1.521  -0.010  -1.645   0
   0.96278042   3.332   1.491  -0.051  -1.747   0
   0.96280897   3.241   1.462  -0.091  -1.864   0
   0.96283418   3.135   1.425  -0.137  -1.986   0
   0.96285605   3.046   1.397  -0.173  -2.102   0
   0.96287459   2.999   1.406  -0.175  -2.208   3
   0.96289307   2.955   1.434  -0.158  -2.319   0
   0.96290821   2.921   1.478  -0.122  -2.413   0
   0.96292335   2.855   1.485  -0.121  -2.525   0
   0.96293682   2.887   1.621   0.027  -2.560   0
   0.96294862   2.948   1.790   0.211  -2.569   0
   0.96295869   2.960   1.885   0.317  -2.610   0
   0.96296877   3.012   2.043   0.488  -2.625   0
   0.96297717   3.098   2.243   0.696  -2.608   0
   0.96298558   3.212   2.481   0.935  -2.567   0
   0.96299398   3.340   2.748   1.205  -2.520   0
   0.96300071   3.466   3.002   1.460  -2.468   0
   0.96300578   3.533   3.193   1.634  -2.450   0
   0.96301252   3.565   3.345   1.767  -2.462   2
   0.96301252   3.424   2.364   1.218   0.098   1
   0.96306366   3.424   2.329   1.167   0.031   0
   0.96315694   3.415   2.297   1.125  -0.020   0
   0.96316409   3.414   2.296   1.125  -0.020   0
   0.96327782   3.408   2.303   1.137  -0.002   0
   0.96339512   3.399   2.307   1.147   0.013   0
   0.96351439   3.381   2.304   1.150   0.023   0
   0.96363741   3.368   2.303   1.155   0.033   0
   0.96376193   3.360   2.304   1.159   0.042   0
   0.96388853   3.353   2.305   1.163   0.050   0
   0.96402180   3.342   2.303   1.166   0.057   0
   0.96415156   3.332   2.301   1.167   0.061   0
   0.96427810   3.326   2.299   1.166   0.062   0
   0.96440363   3.320   2.295   1.163   0.061   0
   0.96443844   3.318   2.293   1.162   0.059   0
   0.96452820   3.316   2.290   1.158   0.054   0
   0.96465045   3.312   2.281   1.148   0.043   0
   0.96477586   3.308   2.270   1.133   0.025   0
   0.96490538   3.304   2.255   1.113   0.001   0
   0.96503693   3.300   2.229   1.078  -0.043   0
   0.96511596   3.295   2.214   1.058  -0.068   0
   0.96527642   3.282   2.169   1.000  -0.139   0
   0.96535766   3.268   2.093   0.897  -0.267   0
   0.96539211   3.256   2.028   0.809  -0.376   0
   0.96540910   3.246   1.929   0.673  -0.550   0
   0.96541399   3.248   1.855   0.569  -0.685   0
   0.96541780   3.245   1.710   0.369  -0.943   0
   0.96541929   3.258   1.636   0.261  -1.085   0
   0.96542108   3.283   1.563   0.148  -1.243   0
   0.96542346   3.318   1.492   0.035  -1.405   0
   0.96542645   3.315   1.443  -0.031  -1.490   0
   0.96543366   3.306   1.524   0.085  -1.335   0
   0.96544844   3.264   1.567   0.162  -1.218   1
   0.96549714   3.301   1.515   0.075  -1.347   0
   0.96552473   3.297   1.419  -0.058  -1.517   0
   0.96554339   3.353   1.365  -0.154  -1.660   0
   0.96555960   3.305   1.353  -0.189  -1.793   0
   0.96557289   3.204   1.332  -0.224  -1.925   0
   0.96558237   3.103   1.292  -0.272  -2.042   0
   0.96558881   3.014   1.269  -0.301  -2.137   0
   0.96559417   2.937   1.272  -0.305  -2.230   0
   0.96559817   2.907   1.305  -0.281  -2.319   0
   0.96560222   2.899   1.409  -0.189  -2.410   0
   0.96560550   2.844   1.426  -0.177  -2.511   2
   0.96560872   2.810   1.481  -0.122  -2.595   0
   0.96561193   2.927   1.747   0.164  -2.574   0
   0.96561533   2.970   1.890   0.321  -2.597   0
   0.96561927   3.084   2.151   0.602  -2.576   0
   0.96562302   3.183   2.374   0.827  -2.550   0
   0.96562719   3.329   2.670   1.125  -2.492   0
   0.96563107   3.474   2.958   1.415  -2.430   1
   0.96563357   3.577   3.186   1.635  -2.387   0
   0.96563399   3.653   3.396   1.824  -2.360   0
   0.96563470   3.657   3.434   1.857  -2.368   0
   0.96563536   3.662   3.472   1.889  -2.377   0
   0.96563601   3.666   3.510   1.922  -2.385   0
   0.96563673   3.670   3.548   1.954  -2.393   0
   0.96563739   3.675   3.587   1.988  -2.401   0
   0.96563810   3.679   3.626   2.021  -2.409   0
   0.96563876   3.684   3.664   2.054  -2.417   0
   0.96563941   3.684   3.693   2.078  -2.431   0
   0.96564013   3.682   3.715   2.095  -2.450   0
   0.96564078   3.680   3.739   2.113  -2.468   0
   0.96564150   3.680   3.765   2.133  -2.486   0
   0.96564204   3.686   3.797   2.160  -2.497   0
   0.96564239   3.710   3.847   2.205  -2.491   0
