   0.15000001  16.097  14.565  12.988  10.478   0
   0.20000000  14.929  13.517  12.016   9.740   0
   0.25000000  14.237  12.873  11.407   9.254   0
   0.30000001  13.730  12.387  10.938   8.902   0
   0.34999999  13.296  11.968  10.530   8.602   0
   0.40000001  12.860  11.544  10.117   8.275   0
   0.44999999  12.406  11.104   9.702   7.956   0
   0.48832622  12.037  10.747   9.367   7.712   0
   0.50000000  11.930  10.643   9.269   7.642   0
   0.55000001  11.448  10.171   8.836   7.299   0
   0.60000002  10.971   9.711   8.424   6.965   0
   0.69999999   9.824   8.706   7.550   6.273   0
   0.80000001   8.496   7.669   6.664   5.586   0
   0.89142519   7.338   6.807   5.937   5.028   0
   0.89999998   7.239   6.734   5.875   4.980   0
   1.00000000   6.243   5.974   5.238   4.465   0
   1.10000002   5.459   5.331   4.692   4.003   0
   1.20000005   4.702   4.670   4.130   3.529   0
   1.29999995   4.156   4.162   3.697   3.166   0
   1.39999998   3.682   3.700   3.300   2.839   0
   1.50000000   3.292   3.300   2.966   2.583   0
   1.60000002   2.931   2.910   2.643   2.355   0
   1.70000005   2.620   2.571   2.368   2.169   0
   1.79999995   2.346   2.279   2.135   2.010   0
   1.89999998   2.084   2.028   1.933   1.860   0
   1.95000005   1.974   1.927   1.851   1.800   0
   2.00000000   1.858   1.826   1.767   1.732   0
   2.20000005   1.440   1.479   1.475   1.491   0
   2.50000000   0.907   1.065   1.112   1.168   0
   3.00000000   0.189   0.519   0.608   0.697   0
   3.36533260  -0.237   0.186   0.293   0.397   0
   3.50000000  -0.382   0.072   0.184   0.294   0
   4.00000000  -0.855  -0.309  -0.179  -0.052   0
   4.35804081  -1.161  -0.563  -0.422  -0.283   0
   4.50000000  -1.278  -0.663  -0.517  -0.374   0
   5.00000000  -1.670  -1.002  -0.843  -0.687   0
   5.09416676  -1.741  -1.064  -0.903  -0.745   0
   5.62135887  -2.138  -1.418  -1.247  -1.077   0
   6.00000000  -2.428  -1.683  -1.504  -1.329   0
   6.06901264  -2.479  -1.730  -1.550  -1.374   0
   6.43193388  -2.762  -1.995  -1.810  -1.629   0
   6.73631859  -3.016  -2.237  -2.050  -1.866   0
   6.99296665  -3.247  -2.464  -2.275  -2.092   1
   7.00000000  -3.254  -2.470  -2.282  -2.098   0
   7.21144247  -3.469  -2.689  -2.501  -2.320   0
   7.39441967  -3.676  -2.905  -2.719  -2.542   0
   7.54995584  -3.877  -3.122  -2.940  -2.770   0
   7.67950964  -4.064  -3.325  -3.148  -2.986   0
   7.73599482  -4.154  -3.425  -3.251  -3.093   0
   7.78734303  -4.237  -3.517  -3.345  -3.191   0
   7.82681131  -4.299  -3.581  -3.410  -3.258   0
   7.84277010  -4.317  -3.595  -3.423  -3.269   3
   7.85991335  -4.329  -3.594  -3.419  -3.262   0
   7.87148190  -4.313  -3.546  -3.363  -3.193   0
   7.87476492  -4.308  -3.520  -3.332  -3.156   0
   7.87677717  -4.323  -3.499  -3.302  -3.113   0
   7.87681198  -4.320  -3.497  -3.300  -3.112   0
   7.87732458  -4.269  -3.469  -3.278  -3.098   0
   7.87774706  -4.309  -3.544  -3.362  -3.194   0
   7.87806368  -4.393  -3.656  -3.481  -3.324   0
   7.87842846  -4.499  -3.795  -3.628  -3.483   0
   7.87882996  -4.614  -3.951  -3.793  -3.663   0
   7.87912798  -4.691  -4.061  -3.912  -3.793   0
   7.87943792  -4.767  -4.173  -4.033  -3.928   0
   7.87975979  -4.838  -4.288  -4.158  -4.068   0
   7.88010025  -4.908  -4.409  -4.290  -4.216   0
   7.88043261  -4.960  -4.523  -4.417  -4.360   0
   7.88077068  -4.999  -4.641  -4.549  -4.510   0
   7.88111973  -5.013  -4.760  -4.685  -4.669   0
   7.88129139  -5.012  -4.819  -4.754  -4.752   0
   7.88146877  -4.996  -4.874  -4.822  -4.835   0
   7.88164616  -4.966  -4.925  -4.891  -4.923   0
   7.88182926  -4.913  -4.963  -4.954  -5.015   0
   7.88200665  -4.821  -4.968  -5.000  -5.104   0
   7.88218403  -4.687  -4.916  -5.015  -5.192   3
   7.88236141  -4.515  -4.793  -4.996  -5.276   0
   7.88253832  -4.277  -4.577  -4.937  -5.362   0
   7.88272142  -3.899  -4.258  -4.820  -5.425   0
   7.88289881  -3.194  -3.781  -4.616  -5.436   0
   7.88307571  -2.101  -3.148  -4.279  -5.318   0
   7.88325310  -1.376  -2.715  -3.976  -5.132   0
   7.88342476  -0.872  -2.427  -3.773  -5.022   4
   7.88359785  -0.482  -2.337  -3.796  -5.169   0
   7.88371134  -0.305  -2.378  -3.919  -5.386   0
   7.88381910  -0.251  -2.455  -4.045  -5.563   0
   7.88396835  -0.336  -2.476  -4.075  -5.665   0
   7.88434458  -0.439  -2.500  -4.102  -5.764   0
   7.88504362  -0.554  -2.529  -4.133  -5.865   0
   7.88577795  -0.673  -2.549  -4.153  -5.959   0
   7.88654757  -0.767  -2.569  -4.172  -6.030   0
   7.88737679  -0.850  -2.582  -4.183  -6.096   0
   7.88973093  -0.876  -2.558  -4.163  -6.149   4
   7.90755463  -0.756  -2.596  -4.201  -6.034   0
   7.91607809  -0.617  -2.571  -4.176  -5.928   0
   7.92312479  -0.506  -2.554  -4.159  -5.837   0
   7.93042278  -0.411  -2.551  -4.153  -5.753   0
   7.93879032  -0.340  -2.567  -4.165  -5.689   0
   7.95126152  -0.441  -2.569  -4.130  -5.609   0
   7.97828913  -0.643  -2.640  -4.151  -5.569   0
   7.99663162  -0.998  -2.866  -4.328  -5.677   0
   8.00078964  -1.304  -3.053  -4.471  -5.768   0
   8.00286102  -1.799  -3.320  -4.655  -5.857   0
   8.00350857  -2.051  -3.447  -4.730  -5.886   0
   8.00415707  -2.312  -3.576  -4.804  -5.912   0
   8.00479603  -2.538  -3.689  -4.868  -5.934   0
   8.00609303  -2.859  -3.858  -4.955  -5.962   0
   8.00775623  -3.148  -4.012  -5.036  -5.988   0
   8.00972843  -3.366  -4.140  -5.100  -6.006   0
   8.01239204  -3.759  -4.383  -5.227  -6.050   0
   8.01545811  -4.671  -5.011  -5.452  -5.950   0
   8.02242661  -4.920  -5.227  -5.499  -5.850   1
   8.02906227  -4.856  -5.173  -5.494  -5.888   0
   8.05052757  -4.710  -5.050  -5.484  -5.977   0
   8.06656837  -4.423  -4.830  -5.429  -6.063   0
   8.07296181  -4.162  -4.656  -5.372  -6.097   0
   8.07743931  -3.843  -4.462  -5.299  -6.115   0
   8.08061504  -3.486  -4.257  -5.213  -6.116   0
   8.08311272  -3.130  -4.061  -5.122  -6.100   0
   8.08507919  -2.802  -3.888  -5.031  -6.070   0
   8.08668327  -2.525  -3.743  -4.951  -6.040   0
   8.08801937  -2.244  -3.601  -4.867  -6.006   0
   8.08956242  -1.967  -3.460  -4.783  -5.971   0
   8.09102631  -1.636  -3.284  -4.666  -5.917   0
   8.09306717  -1.254  -3.071  -4.513  -5.834   0
   8.09504986  -0.955  -2.897  -4.387  -5.767   0
   8.12160301  -0.545  -2.719  -4.296  -5.786   0
   8.12668228  -0.475  -2.700  -4.305  -5.848   0
   8.12689877  -0.483  -2.698  -4.304  -5.856   0
   8.12974644  -0.545  -2.682  -4.290  -5.907   0
   8.13078403  -0.606  -2.681  -4.290  -5.957   0
   8.13203049  -0.708  -2.675  -4.284  -6.032   2
   8.13368797  -0.772  -2.683  -4.291  -6.080   0
   8.13551521  -0.976  -2.705  -4.310  -6.234   0
   8.13749599  -1.041  -2.633  -4.243  -6.361   0
   8.13931561  -1.093  -2.553  -4.162  -6.456   0
   8.14091110  -1.155  -2.512  -4.119  -6.544   0
   8.14107227  -1.150  -2.498  -4.104  -6.544   0
