   0.15000001  16.094  14.562  12.985  10.477   0
   0.20000000  14.924  13.512  12.012   9.737   0
   0.25000000  14.229  12.866  11.401   9.248   0
   0.30000001  13.720  12.378  10.929   8.893   0
   0.34999999  13.286  11.958  10.521   8.592   0
   0.40000001  12.847  11.530  10.103   8.259   0
   0.42439023  12.620  11.310   9.895   8.100   0
   0.44999999  12.400  11.098   9.696   7.951   0
   0.50000000  11.921  10.633   9.259   7.633   0
   0.55000001  11.439  10.163   8.828   7.292   0
   0.60000002  10.966   9.704   8.416   6.955   0
   0.69999999   9.836   8.709   7.547   6.260   0
   0.80000001   8.436   7.625   6.626   5.559   0
   0.89999998   7.156   6.671   5.821   4.937   0
   0.97577983   6.359   6.059   5.307   4.518   0
   1.00000000   6.124   5.877   5.154   4.392   0
   1.01812112   5.965   5.747   5.044   4.299   0
   1.10000002   5.295   5.191   4.571   3.898   0
   1.16657853   4.826   4.773   4.211   3.591   0
   1.20000005   4.607   4.578   4.043   3.446   0
   1.24172187   4.356   4.345   3.843   3.278   0
   1.28919256   4.099   4.100   3.631   3.096   0
   1.29999995   4.043   4.047   3.585   3.058   0
   1.39647436   3.584   3.595   3.194   2.731   0
   1.39999998   3.568   3.580   3.181   2.720   0
   1.41396654   3.508   3.518   3.128   2.678   0
   1.50000000   3.155   3.156   2.815   2.424   0
   1.60000002   2.790   2.765   2.478   2.160   0
   1.61540461   2.737   2.708   2.429   2.122   0
   1.70000005   2.466   2.416   2.173   1.914   0
   1.74852872   2.318   2.257   2.031   1.797   0
   1.79999995   2.165   2.094   1.883   1.670   0
   1.85622156   2.002   1.921   1.728   1.535   0
   1.89999998   1.878   1.791   1.608   1.427   0
   1.95000005   1.741   1.648   1.475   1.303   0
   1.95011687   1.741   1.648   1.475   1.303   0
   2.00000000   1.608   1.511   1.341   1.172   0
   2.02681828   1.537   1.437   1.270   1.103   1
   2.09108639   1.374   1.268   1.099   0.927   0
   2.14613533   1.244   1.130   0.952   0.766   0
   2.19361925   1.142   1.027   0.830   0.619   0
   2.20000005   1.130   1.015   0.815   0.598   0
   2.23818779   1.059   0.945   0.722   0.477   0
   2.27673960   0.998   0.887   0.632   0.347   0
   2.29430246   0.973   0.863   0.593   0.288   0
   2.31075430   0.941   0.832   0.550   0.229   0
   2.32177091   0.905   0.795   0.511   0.189   2
   2.32903337   0.860   0.746   0.471   0.160   0
   2.33469462   0.784   0.661   0.413   0.135   0
   2.33848047   0.643   0.504   0.322   0.120   0
   2.33952355   0.515   0.379   0.249   0.105   0
   2.34008074   0.360   0.243   0.165   0.078   0
   2.34016132   0.405   0.282   0.197   0.103   0
   2.34027362   0.529   0.398   0.279   0.150   0
   2.34045219   0.595   0.452   0.286   0.103   4
   2.34071159   0.597   0.461   0.239  -0.009   0
   2.34108400   0.630   0.506   0.223  -0.101   0
   2.34142613   0.684   0.568   0.236  -0.149   0
   2.34184742   0.767   0.655   0.267  -0.184   0
   2.34234715   0.894   0.771   0.317  -0.203   0
   2.34310865   1.131   0.968   0.417  -0.194   0
   2.34373116   1.355   1.146   0.524  -0.148   0
   2.34436965   1.633   1.358   0.667  -0.062   0
   2.34501457   1.985   1.625   0.862   0.072   0
   2.34565902   2.340   1.895   1.067   0.225   0
   2.34652615   2.692   2.123   1.221   0.314   4
   2.34758282   2.763   2.091   1.128   0.171   0
   2.34843230   2.721   1.987   0.995   0.010   0
   2.34913611   2.669   1.892   0.878  -0.126   0
   2.34983802   2.604   1.788   0.756  -0.265   0
   2.35056019   2.540   1.682   0.629  -0.410   0
   2.35143399   2.467   1.555   0.474  -0.587   0
   2.35218954   2.405   1.446   0.343  -0.738   0
   2.35297108   2.343   1.331   0.205  -0.898   0
   2.35367346   2.285   1.225   0.078  -1.045   0
   2.35431314   2.233   1.127  -0.039  -1.180   0
   2.35495949   2.181   1.026  -0.162  -1.321   0
   2.35550404   2.142   0.940  -0.268  -1.445   0
   2.35604906   2.105   0.853  -0.376  -1.573   0
   2.35657907   2.083   0.777  -0.475  -1.695   0
   2.35710406   2.053   0.694  -0.579  -1.820   0
   2.35767055   2.041   0.616  -0.683  -1.951   0
   2.35824728   2.032   0.556  -0.762  -2.050   2
   2.35845613   2.035   0.629  -0.662  -1.922   0
   2.35852170   2.048   0.688  -0.585  -1.825   0
   2.35860491   2.071   0.756  -0.500  -1.723   0
   2.35872006   2.087   0.819  -0.418  -1.621   0
   2.35888362   2.117   0.894  -0.322  -1.507   0
   2.35910201   2.156   0.978  -0.220  -1.388   0
   2.35936785   2.195   1.061  -0.117  -1.268   0
   2.35970068   2.237   1.151  -0.007  -1.139   0
   2.36029887   2.294   1.278   0.151  -0.953   0
   2.36126161   2.378   1.442   0.350  -0.720   0
   2.36289287   2.491   1.649   0.604  -0.426   0
   2.36493492   2.578   1.801   0.787  -0.215   0
   2.36877298   2.632   1.908   0.921  -0.058   1
   2.45508695   2.392   1.666   0.678  -0.299   0
   2.50000000   2.259   1.528   0.538  -0.440   0
   2.52646422   2.174   1.438   0.445  -0.534   0
   2.57725382   2.046   1.267   0.252  -0.744   0
   2.59624243   2.007   1.166   0.120  -0.903   0
   2.60036373   1.979   1.082   0.009  -1.037   0
   2.60125637   1.947   0.987  -0.117  -1.189   0
   2.60149765   1.922   0.905  -0.224  -1.321   0
   2.60157323   1.904   0.855  -0.287  -1.397   0
   2.60167408   1.863   0.758  -0.409  -1.542   0
   2.60177135   1.824   0.660  -0.532  -1.688   0
   2.60188222   1.789   0.566  -0.652  -1.830   0
   2.60301781   1.817   0.647  -0.547  -1.704   1
   2.60657120   1.774   0.522  -0.708  -1.897   0
   2.60752892   1.754   0.428  -0.832  -2.051   0
   2.60836840   1.732   0.322  -0.971  -2.224   0
   2.60910416   1.740   0.224  -1.110  -2.405   0
   2.60966873   1.718   0.115  -1.252  -2.580   0
   2.61005473   1.721   0.041  -1.356  -2.715   0
   2.61049628   1.696  -0.068  -1.498  -2.893   0
   2.61075401   1.695  -0.141  -1.599  -3.023   0
   2.61093426   1.704  -0.200  -1.684  -3.136   0
   2.61109877   1.712  -0.262  -1.773  -3.254   0
   2.61125088   1.743  -0.318  -1.861  -3.377   0
   2.61139488   1.670  -0.332  -1.888  -3.485   0
   2.61153316   1.574  -0.360  -1.925  -3.599   0
   2.61170530   1.463  -0.383  -1.957  -3.722   0
   2.61188793   1.335  -0.417  -1.996  -3.847   0
   2.61208272   1.234  -0.439  -2.024  -3.965   3
   2.61218357   1.203  -0.384  -1.978  -4.061   0
   2.61220074   1.174  -0.335  -1.935  -4.139   0
   2.61221766   1.139  -0.325  -1.928  -4.199   0
   2.61223102   1.129  -0.316  -1.920  -4.219   0
   2.61224437   1.118  -0.308  -1.913  -4.240   0
   2.61225772   1.106  -0.299  -1.905  -4.260   0
   2.61227107   1.095  -0.291  -1.897  -4.280   0
   2.61228395   1.083  -0.283  -1.890  -4.301   0
   2.61229706   1.083  -0.262  -1.867  -4.312   0
   2.61230993   1.094  -0.228  -1.830  -4.316   0
   2.61232305   1.105  -0.194  -1.794  -4.320   0
   2.61233616   1.116  -0.161  -1.757  -4.323   0
   2.61234903   1.127  -0.127  -1.720  -4.327   0
   2.61236215   1.138  -0.093  -1.683  -4.331   0
   2.61237240   1.147  -0.066  -1.653  -4.334   0
   2.61238551   1.158  -0.032  -1.616  -4.337   0
   2.61239839   1.169   0.002  -1.579  -4.341   0
   2.61241150   1.180   0.035  -1.543  -4.345   0
   2.61242437   1.191   0.069  -1.506  -4.348   0
   2.61244535   1.203   0.104  -1.468  -4.351   0
   2.61249971   1.217   0.146  -1.422  -4.356   0
   2.61255383   1.228   0.179  -1.385  -4.359   0
   2.61260772   1.238   0.212  -1.349  -4.363   0
   2.61266112   1.249   0.246  -1.313  -4.366   0
   2.61271405   1.260   0.279  -1.277  -4.370   0
   2.61276674   1.271   0.312  -1.241  -4.373   0
   2.61281919   1.282   0.345  -1.205  -4.376   0
   2.61287117   1.297   0.383  -1.165  -4.376   1
   2.61292291   1.316   0.427  -1.121  -4.371   0
   2.61297417   1.334   0.470  -1.077  -4.367   0
   2.61302519   1.353   0.514  -1.033  -4.362   0
   2.61307573   1.372   0.557  -0.989  -4.357   0
   2.61312580   1.391   0.601  -0.946  -4.353   0
   2.61317587   1.410   0.644  -0.902  -4.348   0
   2.61322522   1.430   0.688  -0.858  -4.343   0
   2.61327434   1.449   0.731  -0.814  -4.338   0
   2.61332321   1.468   0.775  -0.770  -4.334   0
   2.61337161   1.487   0.819  -0.726  -4.329   0
   2.61341977   1.506   0.862  -0.682  -4.324   0
   2.61346745   1.525   0.906  -0.638  -4.319   0
   2.61351490   1.544   0.950  -0.594  -4.314   0
   2.61356187   1.563   0.994  -0.550  -4.310   0
   2.61360836   1.582   1.037  -0.506  -4.305   0
   2.61365461   1.602   1.081  -0.462  -4.300   0
   2.61370063   1.621   1.125  -0.417  -4.295   0
   2.61374617   1.640   1.169  -0.373  -4.290   0
   2.61379123   1.658   1.211  -0.331  -4.286   1
   2.61383605   1.661   1.237  -0.309  -4.292   0
   2.61388040   1.664   1.263  -0.287  -4.297   0
   2.61392450   1.666   1.289  -0.265  -4.303   0
   2.61396813   1.669   1.315  -0.242  -4.308   0
   2.61401153   1.672   1.340  -0.220  -4.314   0
   2.61405444   1.675   1.366  -0.198  -4.319   0
   2.61409712   1.679   1.392  -0.175  -4.324   0
   2.61413932   1.682   1.419  -0.153  -4.329   0
   2.61418128   1.686   1.446  -0.129  -4.334   0
   2.61421680   1.690   1.471  -0.107  -4.337   0
   2.61424994   1.697   1.499  -0.083  -4.339   0
   2.61427569   1.707   1.528  -0.056  -4.336   0
   2.61428595   1.716   1.550  -0.037  -4.330   0
   2.61429024   1.726   1.569  -0.019  -4.324   0
   2.61429214   1.736   1.587  -0.002  -4.316   0
   2.61429358   1.747   1.606   0.015  -4.309   0
   2.61429501   1.759   1.626   0.034  -4.300   0
   2.61429667   1.771   1.646   0.053  -4.292   0
   2.61429811   1.784   1.669   0.074  -4.282   0
   2.61429954   1.798   1.693   0.097  -4.272   0
   2.61430097   1.813   1.719   0.121  -4.261   0
   2.61430264   1.829   1.748   0.148  -4.249   0
   2.61430407   1.847   1.779   0.177  -4.236   0
   2.61430550   1.867   1.814   0.209  -4.221   0
   2.61430693   1.890   1.852   0.246  -4.204   0
   2.61430812   1.910   1.887   0.278  -4.189   0
