   0.15000001  16.090  14.559  12.983  10.475   0
   0.20000000  14.917  13.506  12.006   9.732   0
   0.25000000  14.220  12.857  11.393   9.240   0
   0.30000001  13.708  12.366  10.917   8.882   0
   0.34999999  13.274  11.946  10.508   8.581   0
   0.40000001  12.835  11.518  10.091   8.246   0
   0.44999999  12.393  11.091   9.689   7.945   0
   0.50000000  11.912  10.624   9.250   7.625   0
   0.55000001  11.429  10.152   8.818   7.283   0
   0.60000002  10.952   9.690   8.403   6.943   0
   0.69999999   9.804   8.681   7.522   6.240   0
   0.80000001   8.360   7.569   6.580   5.524   0
   0.80652606   8.267   7.500   6.521   5.480   0
   0.89999998   7.067   6.604   5.764   4.891   0
   0.94875902   6.538   6.197   5.421   4.611   0
   1.00000000   6.024   5.794   5.083   4.331   0
   1.04770327   5.603   5.444   4.784   4.077   0
   1.09198117   5.239   5.137   4.521   3.851   0
   1.10000002   5.181   5.085   4.476   3.813   1
   1.10019398   5.179   5.084   4.474   3.812   0
   1.13037777   4.951   4.879   4.297   3.659   0
   1.15465021   4.777   4.722   4.160   3.540   0
   1.17476356   4.637   4.596   4.050   3.444   0
   1.19180167   4.525   4.494   3.961   3.367   0
   1.20000005   4.474   4.447   3.920   3.331   0
   1.21556711   4.372   4.353   3.837   3.259   0
   1.22339284   4.325   4.307   3.797   3.223   0
   1.24902189   4.180   4.167   3.674   3.116   0
   1.29417872   3.940   3.935   3.468   2.935   0
   1.29999995   3.911   3.907   3.442   2.912   0
   1.38098407   3.525   3.527   3.099   2.605   0
   1.39999998   3.444   3.444   3.023   2.535   0
   1.47363663   3.155   3.146   2.741   2.273   0
   1.50000000   3.059   3.046   2.644   2.178   0
   1.53857517   2.926   2.907   2.506   2.042   1
   1.58460355   2.784   2.758   2.350   1.876   0
   1.60000002   2.741   2.713   2.299   1.820   0
   1.62443554   2.675   2.643   2.221   1.732   0
   1.65923989   2.606   2.560   2.118   1.609   0
   1.68963444   2.563   2.504   2.037   1.503   0
   1.70000005   2.553   2.489   2.011   1.468   0
   1.71636343   2.536   2.465   1.972   1.412   0
   1.72858930   2.522   2.446   1.941   1.370   0
   1.74007344   2.507   2.422   1.907   1.327   0
   1.74845707   2.475   2.387   1.869   1.287   2
   1.75283957   2.432   2.346   1.833   1.255   0
   1.75681591   2.348   2.268   1.771   1.208   0
   1.75946331   2.179   2.107   1.652   1.131   0
   1.76018953   2.012   1.950   1.540   1.063   0
   1.76057971   1.830   1.761   1.401   0.985   1
   1.76064849   1.897   1.832   1.459   1.028   0
   1.76077735   2.048   1.986   1.569   1.086   0
   1.76107156   2.122   2.038   1.559   1.013   0
   1.76181149   2.260   2.135   1.584   0.972   0
   1.76295066   2.459   2.287   1.669   0.998   0
   1.76418734   2.720   2.481   1.799   1.076   0
   1.76523101   2.988   2.683   1.946   1.175   0
   1.76625824   3.293   2.909   2.116   1.299   0
   1.76728702   3.555   3.096   2.252   1.392   0
   1.76808548   3.729   3.206   2.328   1.435   4
   1.76986861   3.817   3.195   2.260   1.318   0
   1.77123237   3.740   3.070   2.110   1.145   0
   1.77250040   3.644   2.930   1.949   0.964   0
   1.77350569   3.560   2.810   1.811   0.810   0
   1.77448952   3.468   2.685   1.670   0.654   0
   1.77550793   3.369   2.550   1.516   0.484   0
   1.77655745   3.275   2.411   1.356   0.306   0
   1.77751839   3.187   2.284   1.210   0.144   0
   1.77839780   3.115   2.171   1.076  -0.007   0
   1.77923965   3.049   2.060   0.946  -0.157   0
   1.78005874   2.981   1.947   0.812  -0.310   0
   1.78085804   2.914   1.831   0.676  -0.466   0
   1.78163481   2.845   1.713   0.535  -0.626   0
   1.78235531   2.790   1.608   0.408  -0.772   0
   1.78313351   2.737   1.498   0.275  -0.928   0
   1.78420162   2.697   1.407   0.162  -1.062   2
   1.78484631   2.747   1.529   0.315  -0.879   0
   1.78511810   2.802   1.645   0.457  -0.713   0
   1.78532100   2.859   1.752   0.586  -0.565   0
   1.78557813   2.925   1.872   0.730  -0.400   0
   1.78578079   2.961   1.937   0.806  -0.311   1
   1.78643239   2.894   1.822   0.671  -0.466   0
   1.78729570   2.830   1.711   0.540  -0.616   0
   1.78813934   2.770   1.604   0.411  -0.762   0
   1.78899896   2.718   1.497   0.281  -0.913   0
   1.78981566   2.672   1.397   0.159  -1.057   0
   1.79065120   2.631   1.299   0.037  -1.204   0
   1.79140902   2.594   1.196  -0.092  -1.360   0
   1.79206622   2.568   1.113  -0.198  -1.488   0
   1.79272521   2.527   1.017  -0.315  -1.625   0
   1.79328704   2.522   0.930  -0.433  -1.776   0
   1.79377854   2.509   0.857  -0.530  -1.898   0
   1.79426062   2.497   0.782  -0.632  -2.028   0
   1.79467547   2.485   0.708  -0.730  -2.153   0
   1.79503775   2.479   0.645  -0.816  -2.263   0
   1.79538810   2.479   0.578  -0.908  -2.382   0
   1.79572082   2.494   0.512  -1.005  -2.513   0
   1.79600990   2.467   0.495  -1.039  -2.607   0
   1.79623520   2.409   0.480  -1.064  -2.691   0
   1.79645467   2.335   0.441  -1.111  -2.785   0
   1.79668272   2.252   0.400  -1.158  -2.884   0
   1.79687881   2.177   0.372  -1.192  -2.969   0
   1.79705179   2.096   0.351  -1.219  -3.055   0
   1.79719877   2.016   0.323  -1.250  -3.135   0
   1.79733706   1.974   0.323  -1.257  -3.212   0
   1.79747808   1.941   0.339  -1.248  -3.288   0
   1.79752421   1.926   0.345  -1.244  -3.321   2
   1.79752421   2.883   2.013   0.953  -0.092   1
   1.79906714   2.864   1.972   0.902  -0.152   0
   1.79964864   2.860   1.965   0.893  -0.163   0
   1.80211246   2.853   1.967   0.900  -0.152   0
   1.80528045   2.842   1.963   0.898  -0.150   0
   1.80850053   2.830   1.955   0.893  -0.153   0
   1.81183851   2.819   1.948   0.888  -0.156   0
   1.81524348   2.808   1.941   0.883  -0.159   0
   1.81871808   2.793   1.932   0.877  -0.162   0
   1.82231128   2.780   1.923   0.870  -0.167   0
   1.82619512   2.766   1.911   0.859  -0.176   0
   1.83011627   2.752   1.900   0.850  -0.185   0
   1.83245790   2.742   1.893   0.843  -0.190   0
   1.83381474   2.737   1.887   0.838  -0.195   0
   1.83487630   2.734   1.884   0.834  -0.199   0
   1.83851898   2.724   1.874   0.825  -0.208   0
   1.84209204   2.712   1.861   0.812  -0.221   0
   1.84565341   2.701   1.848   0.796  -0.238   0
   1.84922290   2.692   1.831   0.777  -0.260   0
   1.85534883   2.670   1.796   0.735  -0.308   0
   1.85648108   2.663   1.781   0.715  -0.331   0
   1.85810804   2.653   1.757   0.684  -0.368   0
   1.86513042   2.614   1.679   0.587  -0.481   0
   1.86873007   2.574   1.566   0.442  -0.659   0
   1.86914301   2.522   1.452   0.302  -0.824   0
   1.86926615   2.489   1.373   0.202  -0.942   0
   1.86937141   2.430   1.219   0.008  -1.173   0
   1.86942732   2.392   1.109  -0.133  -1.344   0
   1.86951077   2.361   0.990  -0.287  -1.535   0
   1.86956060   2.362   0.974  -0.310  -1.565   0
   1.86982346   2.376   1.062  -0.193  -1.416   0
   1.87022591   2.391   1.106  -0.137  -1.349   1
   1.87137926   2.366   1.012  -0.259  -1.499   0
   1.87187552   2.339   0.943  -0.345  -1.602   0
   1.87269533   2.326   0.850  -0.468  -1.757   0
   1.87319970   2.322   0.748  -0.609  -1.937   0
   1.87353480   2.314   0.659  -0.729  -2.089   0
   1.87378204   2.320   0.591  -0.828  -2.222   0
   1.87402010   2.321   0.500  -0.954  -2.388   0
   1.87416673   2.334   0.431  -1.055  -2.524   0
   1.87428343   2.337   0.358  -1.157  -2.656   0
   1.87439382   2.320   0.331  -1.209  -2.776   0
   1.87448525   2.236   0.294  -1.256  -2.888   0
   1.87457561   2.145   0.262  -1.297  -3.000   0
   1.87466717   2.048   0.229  -1.338  -3.109   0
   1.87475300   1.950   0.202  -1.371  -3.211   0
   1.87485170   1.859   0.189  -1.390  -3.316   3
   1.87495279   1.834   0.242  -1.347  -3.408   0
   1.87505972   1.782   0.273  -1.325  -3.520   0
   1.87510574   1.740   0.311  -1.292  -3.611   0
   1.87511265   1.730   0.319  -1.285  -3.632   0
   1.87512207   1.717   0.329  -1.276  -3.656   0
   1.87513149   1.704   0.339  -1.267  -3.681   0
   1.87514079   1.708   0.370  -1.235  -3.691   0
   1.87514794   1.719   0.401  -1.200  -3.695   0
   1.87515712   1.732   0.441  -1.157  -3.699   0
   1.87516618   1.745   0.482  -1.112  -3.703   0
   1.87517524   1.758   0.522  -1.068  -3.708   0
   1.87518251   1.769   0.555  -1.033  -3.711   0
   1.87519145   1.782   0.595  -0.989  -3.716   0
   1.87519872   1.792   0.627  -0.953  -3.719   0
   1.87520778   1.806   0.668  -0.909  -3.724   0
   1.87521696   1.819   0.709  -0.865  -3.728   0
   1.87522423   1.829   0.741  -0.829  -3.732   0
   1.87523317   1.842   0.781  -0.785  -3.736   0
   1.87524223   1.856   0.822  -0.741  -3.740   0
   1.87525141   1.869   0.863  -0.697  -3.745   0
   1.87526047   1.881   0.898  -0.658  -3.748   0
   1.87526953   1.890   0.927  -0.626  -3.751   0
   1.87527859   1.899   0.952  -0.599  -3.754   0
   1.87528741   1.907   0.977  -0.571  -3.756   0
   1.87529612   1.919   1.008  -0.540  -3.754   2
   1.87530482   1.933   1.040  -0.507  -3.751   0
   1.87532079   1.950   1.077  -0.470  -3.747   0
   1.87534773   1.972   1.129  -0.418  -3.741   0
   1.87537444   1.995   1.180  -0.366  -3.736   0
   1.87540102   2.017   1.232  -0.314  -3.730   0
   1.87542748   2.040   1.284  -0.262  -3.724   0
   1.87545371   2.062   1.335  -0.210  -3.719   0
   1.87547982   2.085   1.387  -0.158  -3.713   0
   1.87550569   2.108   1.439  -0.106  -3.707   0
   1.87553144   2.131   1.491  -0.053  -3.702   0
   1.87555707   2.153   1.543  -0.001  -3.696   0
   1.87558258   2.176   1.596   0.052  -3.690   0
   1.87560785   2.199   1.648   0.105  -3.684   0
   1.87563300   2.222   1.700   0.157  -3.678   0
   1.87565804   2.245   1.753   0.210  -3.673   0
   1.87568271   2.268   1.806   0.263  -3.667   1
   1.87570751   2.281   1.847   0.302  -3.667   0
   1.87573183   2.285   1.878   0.329  -3.674   0
   1.87575626   2.288   1.909   0.356  -3.681   0
   1.87578034   2.292   1.941   0.383  -3.687   0
   1.87580431   2.295   1.972   0.410  -3.694   0
   1.87582815   2.299   2.004   0.438  -3.700   0
   1.87585175   2.303   2.035   0.465  -3.707   0
   1.87587523   2.307   2.067   0.492  -3.713   0
   1.87589860   2.311   2.099   0.520  -3.720   0
   1.87592173   2.314   2.131   0.547  -3.726   0
   1.87594461   2.319   2.164   0.575  -3.732   0
   1.87596750   2.323   2.198   0.605  -3.738   0
   1.87598646   2.329   2.229   0.632  -3.742   0
   1.87600482   2.339   2.267   0.666  -3.742   0
   1.87601459   2.352   2.301   0.696  -3.736   0
   1.87601745   2.364   2.323   0.717  -3.729   0
   1.87601888   2.376   2.346   0.738  -3.721   0
   1.87602043   2.393   2.377   0.766  -3.709   0
   1.87602186   2.411   2.408   0.796  -3.697   0
   1.87602329   2.428   2.437   0.822  -3.687   0
   1.87602484   2.447   2.469   0.851  -3.676   0
   1.87602627   2.470   2.506   0.885  -3.664   0
   1.87602746   2.491   2.541   0.917  -3.652   0
