   0.15000001  16.097  14.565  12.988  10.478   0
   0.20000000  14.929  13.517  12.016   9.740   0
   0.25000000  14.237  12.873  11.408   9.255   0
   0.30000001  13.730  12.388  10.939   8.902   0
   0.34999999  13.296  11.968  10.530   8.602   0
   0.40000001  12.861  11.544  10.118   8.275   0
   0.44999999  12.406  11.104   9.702   7.956   0
   0.50000000  11.931  10.643   9.269   7.642   0
   0.55000001  11.448  10.172   8.837   7.300   0
   0.60000002  10.971   9.711   8.425   6.965   0
   0.69999999   9.821   8.704   7.549   6.273   0
   0.80000001   8.502   7.674   6.668   5.590   0
   0.89999998   7.248   6.741   5.881   4.986   0
   1.00000000   6.265   5.993   5.256   4.481   0
   1.10000002   5.506   5.369   4.724   4.029   0
   1.20000005   4.721   4.688   4.145   3.543   0
   1.29999995   4.158   4.165   3.699   3.167   0
   1.39999998   3.686   3.704   3.306   2.846   0
   1.50000000   3.294   3.301   2.969   2.590   0
   1.60000002   2.931   2.909   2.645   2.360   0
   1.70000005   2.607   2.556   2.356   2.161   0
   1.79999995   2.335   2.269   2.129   2.008   0
   1.89999998   2.095   2.040   1.947   1.878   0
   1.95000005   1.982   1.938   1.865   1.816   0
   2.00000000   1.812   1.785   1.732   1.703   0
   2.20000005   1.452   1.498   1.497   1.517   0
   2.50000000   0.933   1.104   1.153   1.213   0
   3.00000000   0.240   0.592   0.684   0.777   0
   3.48643017  -0.277   0.200   0.315   0.431   0
   3.50000000  -0.290   0.190   0.306   0.422   0
   3.51425672  -0.303   0.180   0.296   0.413   0
   4.00000000  -0.721  -0.148  -0.014   0.121   0
   4.50000000  -1.071  -0.428  -0.278  -0.127   0
   5.00000000  -1.389  -0.691  -0.528  -0.361   0
   6.00000000  -1.937  -1.154  -0.968  -0.777   0
   7.00000000  -2.397  -1.547  -1.344  -1.133   0
   9.00000000  -3.203  -2.252  -2.025  -1.784   0
  12.00000000  -4.085  -3.041  -2.791  -2.522   0
  12.16108513  -4.125  -3.078  -2.827  -2.556   0
  15.00000000  -4.800  -3.700  -3.433  -3.142   0
  17.97969818  -5.358  -4.223  -3.948  -3.649   0
  20.00000000  -5.704  -4.557  -4.279  -3.980   0
  23.00113869  -6.104  -4.950  -4.670  -4.371   1
  28.01072121  -6.787  -5.638  -5.362  -5.068   0
  30.00000000  -7.106  -5.962  -5.694  -5.410   0
  31.79087830  -7.335  -6.207  -5.944  -5.666   0
  36.17279053  -8.126  -7.108  -6.890  -6.670   0
  38.11808777  -8.664  -7.779  -7.605  -7.448   0
  39.56505585  -9.277  -9.041  -8.989  -9.005   0
  39.60145950  -9.267  -9.094  -9.048  -9.072   2
  40.00000000  -9.291  -8.864  -8.790  -8.781   0
  40.82157898  -9.021  -8.307  -8.161  -8.050   0
  41.45274734  -8.891  -8.041  -7.871  -7.721   0
  41.54838943  -8.855  -7.928  -7.751  -7.586   0
  41.57107925  -8.794  -7.865  -7.674  -7.491   0
  41.58040237  -8.737  -7.820  -7.618  -7.422   1
  41.59170914  -8.860  -7.923  -7.740  -7.568   0
  41.59569931  -8.937  -8.036  -7.861  -7.701   0
  41.59902954  -9.006  -8.162  -7.993  -7.844   0
  41.60052872  -9.059  -8.257  -8.093  -7.955   0
  41.60219193  -9.116  -8.356  -8.200  -8.073   0
  41.60385513  -9.180  -8.464  -8.317  -8.203   0
  41.60552216  -9.280  -8.553  -8.431  -8.347   0
  41.60718536  -9.338  -8.702  -8.583  -8.509   0
  41.60885239  -9.384  -8.843  -8.727  -8.659   0
  41.61051559  -9.466  -8.979  -8.883  -8.843   0
  41.61201477  -9.528  -9.079  -9.003  -8.990   0
  41.61351395  -9.550  -9.176  -9.109  -9.108   0
  41.61484909  -9.557  -9.278  -9.221  -9.232   0
  41.61618042  -9.551  -9.368  -9.321  -9.344   0
  41.61717987  -9.550  -9.422  -9.392  -9.435   0
  41.61767960  -9.559  -9.448  -9.446  -9.519   0
  41.61834717  -9.538  -9.485  -9.501  -9.594   0
  41.61901474  -9.511  -9.517  -9.552  -9.663   0
  41.61951447  -9.468  -9.538  -9.598  -9.736   0
  41.62017822  -9.419  -9.535  -9.626  -9.793   0
  41.62134552  -9.352  -9.514  -9.656  -9.864   0
  41.62401199  -9.217  -9.491  -9.672  -9.945   3
  41.62651443  -9.078  -9.415  -9.671 -10.018   0
  41.62918091  -8.939  -9.324  -9.664 -10.083   0
  41.63318634  -8.779  -9.212  -9.653 -10.154   0
  41.63969040  -8.600  -9.103  -9.648 -10.227   0
  41.65421677  -8.542  -9.094  -9.700 -10.324   2
  41.66825104  -9.598  -9.681  -9.747  -9.891   0
  41.69649506  -9.845  -9.745  -9.748  -9.828   3
  41.69713974  -9.840  -9.708  -9.671  -9.707   0
  41.69778442  -9.848  -9.650  -9.600  -9.622   0
  41.69891739  -9.837  -9.568  -9.512  -9.525   0
  41.70053101  -9.823  -9.494  -9.432  -9.437   0
  41.70230865  -9.806  -9.419  -9.351  -9.347   0
  41.70392227  -9.791  -9.352  -9.278  -9.266   0
  41.70569992  -9.753  -9.286  -9.200  -9.173   0
  41.70731354  -9.708  -9.215  -9.116  -9.071   0
  41.70844269  -9.666  -9.153  -9.043  -8.984   0
  41.71183777  -9.627  -9.076  -8.959  -8.890   0
  41.71652222  -9.595  -8.990  -8.871  -8.799   1
  41.71862030  -9.566  -8.899  -8.781  -8.706   0
  41.71975327  -9.540  -8.811  -8.694  -8.617   0
  41.72072220  -9.448  -8.731  -8.591  -8.486   0
  41.72169113  -9.388  -8.652  -8.500  -8.380   0
  41.72266006  -9.342  -8.574  -8.416  -8.287   0
  41.72379303  -9.284  -8.473  -8.308  -8.167   0
  41.72524643  -9.233  -8.382  -8.212  -8.062   0
  41.72653961  -9.191  -8.306  -8.132  -7.974   0
  41.72799301  -9.140  -8.212  -8.035  -7.870   0
  41.72993088  -9.026  -8.100  -7.907  -7.722   0
  41.73284149  -8.920  -7.981  -7.774  -7.571   0
  41.73493958  -8.869  -7.902  -7.691  -7.481   0
  41.73801041  -8.815  -7.815  -7.601  -7.385   0
  41.74367142  -8.728  -7.682  -7.458  -7.233   0
  41.75498962  -8.442  -7.342  -7.091  -6.826   0
  41.76145554  -8.270  -7.127  -6.861  -6.579   0
  41.77197266  -7.894  -6.712  -6.426  -6.126   0
  41.79090500  -7.096  -5.874  -5.563  -5.243   1
  41.81243896  -6.584  -5.335  -5.026  -4.723   2
  41.83706665  -6.099  -4.839  -4.519  -4.202   0
  41.85198212  -5.863  -4.598  -4.274  -3.953   0
  41.86089706  -5.742  -4.475  -4.148  -3.824   0
  41.87695694  -5.560  -4.289  -3.959  -3.632   0
  41.89626694  -5.363  -4.090  -3.757  -3.426   0
  41.92192459  -5.139  -3.863  -3.527  -3.192   0
  41.93735886  -5.023  -3.745  -3.408  -3.072   0
  41.96499634  -4.837  -3.558  -3.219  -2.881   0
  41.99834824  -4.658  -3.376  -3.035  -2.695   0
  42.03824997  -4.325  -3.039  -2.695  -2.350   0
  42.06400299  -4.200  -2.912  -2.566  -2.220   0
  42.14463806  -4.011  -2.722  -2.375  -2.026   0
  42.42131042  -3.820  -2.531  -2.184  -1.835   0
  42.70796967  -3.675  -2.386  -2.038  -1.690   0
  42.72721100  -3.644  -2.355  -2.007  -1.658   0
  43.05831909  -3.509  -2.220  -1.872  -1.523   1
  43.42739868  -3.379  -2.090  -1.743  -1.394   0
  43.87763977  -3.247  -1.958  -1.610  -1.262   0
  44.38247681  -3.120  -1.832  -1.484  -1.136   0
  44.98822021  -2.991  -1.703  -1.356  -1.008   0
  45.71129227  -2.861  -1.572  -1.226  -0.878   2
  46.59590530  -2.723  -1.435  -1.088  -0.740   0
  47.67823410  -2.572  -1.283  -0.937  -0.589   0
  48.98648834  -2.399  -1.110  -0.763  -0.415   0
  50.33985901  -2.211  -0.922  -0.574  -0.225   0
  51.26068878  -2.051  -0.761  -0.412  -0.062   0
  51.53829956  -1.984  -0.693  -0.344   0.007   0
  51.73812485  -1.887  -0.594  -0.243   0.109   0
  51.79998779  -1.815  -0.522  -0.169   0.184   0
  51.82587814  -1.759  -0.464  -0.111   0.243   0
  51.84846497  -1.696  -0.401  -0.047   0.309   0
  51.87164688  -1.630  -0.334   0.021   0.378   0
  51.89892578  -1.554  -0.256   0.099   0.458   0
  51.93108368  -1.476  -0.177   0.179   0.539   0
  52.02082443  -1.564  -0.265   0.091   0.451   0
  52.06554031  -1.742  -0.444  -0.088   0.271   0
  52.09933853  -1.900  -0.602  -0.246   0.112   0
  52.12670135  -2.052  -0.755  -0.399  -0.042   1
  52.14508057  -2.179  -0.883  -0.529  -0.172   0
