   0.15000001  16.086  14.556  12.980  10.473   0
   0.20000000  14.910  13.500  12.001   9.727   0
   0.25000000  14.210  12.848  11.384   9.232   0
   0.30000001  13.696  12.354  10.905   8.871   0
   0.34999999  13.262  11.933  10.496   8.568   0
   0.40000001  12.830  11.513  10.086   8.242   0
   0.44999999  12.385  11.083   9.681   7.939   0
   0.50000000  11.902  10.614   9.241   7.618   0
   0.55000001  11.417  10.140   8.807   7.274   0
   0.60000002  10.938   9.676   8.389   6.931   0
   0.69596815   9.816   8.691   7.530   6.245   0
   0.69999999   9.770   8.651   7.496   6.218   0
   0.71935266   9.471   8.417   7.298   6.069   0
   0.80000001   8.333   7.543   6.554   5.499   0
   0.84407884   7.718   7.083   6.164   5.201   0
   0.89999998   6.983   6.539   5.708   4.846   0
   0.93638909   6.577   6.225   5.443   4.627   0
   0.98179710   6.095   5.848   5.125   4.363   0
   1.00000000   5.923   5.707   5.006   4.263   0
   1.01638079   5.771   5.580   4.897   4.170   0
   1.04943824   5.473   5.329   4.681   3.984   0
   1.07688951   5.235   5.127   4.506   3.833   0
   1.10000002   5.058   4.968   4.367   3.712   0
   1.11243820   4.959   4.878   4.288   3.643   0
   1.12857234   4.833   4.763   4.187   3.553   0
   1.14239633   4.729   4.668   4.102   3.479   0
   1.15433705   4.642   4.588   4.032   3.416   0
   1.16134083   4.592   4.543   3.991   3.380   0
   1.16720951   4.554   4.507   3.960   3.352   0
   1.18507028   4.442   4.403   3.866   3.268   0
   1.20000005   4.351   4.318   3.789   3.198   0
   1.22961497   4.179   4.153   3.640   3.062   0
   1.26563179   4.000   3.975   3.472   2.905   0
   1.29999995   3.852   3.824   3.325   2.761   0
   1.31946266   3.773   3.742   3.244   2.680   1
   1.36432600   3.609   3.571   3.066   2.497   0
   1.39999998   3.501   3.452   2.935   2.354   0
   1.40465975   3.489   3.437   2.918   2.335   0
   1.43843615   3.416   3.343   2.804   2.203   0
   1.46816623   3.369   3.273   2.710   2.089   0
   1.48169684   3.349   3.242   2.668   2.036   0
   1.49437928   3.320   3.204   2.621   1.982   0
   1.50000000   3.297   3.179   2.594   1.952   0
   1.50145531   3.291   3.172   2.586   1.944   2
   1.50574350   3.246   3.128   2.546   1.907   0
   1.50900602   3.162   3.053   2.484   1.856   0
   1.51117015   2.989   2.900   2.363   1.763   0
   1.51176190   2.827   2.757   2.250   1.678   0
   1.51208305   2.660   2.595   2.117   1.573   1
   1.51215863   2.730   2.664   2.178   1.625   0
   1.51248503   2.891   2.788   2.240   1.631   0
   1.51386309   3.053   2.895   2.277   1.606   0
   1.51597595   3.290   3.062   2.381   1.657   0
   1.51764560   3.528   3.237   2.503   1.736   0
   1.51920724   3.836   3.458   2.667   1.849   0
   1.52072072   4.123   3.661   2.815   1.950   0
   1.52198851   4.316   3.777   2.889   1.985   4
   1.52447939   4.385   3.753   2.814   1.863   0
   1.52603376   4.321   3.647   2.686   1.714   0
   1.52743220   4.230   3.524   2.548   1.561   0
   1.52878511   4.123   3.387   2.396   1.396   0
   1.53003967   4.028   3.264   2.259   1.246   0
   1.53123891   3.928   3.138   2.120   1.096   0
   1.53241324   3.830   3.011   1.978   0.942   0
   1.53355670   3.739   2.889   1.841   0.791   0
   1.53477764   3.644   2.760   1.695   0.631   0
   1.53595316   3.559   2.641   1.559   0.481   0
   1.53717756   3.478   2.520   1.421   0.326   0
   1.53850937   3.394   2.393   1.275   0.162   0
   1.54208219   3.242   2.163   1.009  -0.137   0
   1.54293442   3.209   2.110   0.947  -0.206   0
   1.54409266   3.312   2.289   1.160   0.038   1
   1.54509652   3.229   2.156   1.004  -0.139   0
   1.54594243   3.161   2.043   0.872  -0.289   0
   1.54679215   3.093   1.928   0.737  -0.441   0
   1.54763246   3.026   1.806   0.591  -0.609   0
   1.54835272   2.976   1.702   0.464  -0.758   0
   1.54898155   2.935   1.602   0.339  -0.907   0
   1.54961157   2.889   1.493   0.206  -1.066   0
   1.55014563   2.849   1.389   0.076  -1.222   0
   1.55060899   2.821   1.296  -0.042  -1.365   0
   1.55105877   2.794   1.195  -0.172  -1.523   0
   1.55144465   2.775   1.108  -0.287  -1.668   0
   1.55177701   2.763   1.027  -0.396  -1.808   0
   1.55206406   2.744   0.945  -0.502  -1.940   0
   1.55231094   2.729   0.865  -0.607  -2.073   0
   1.55255282   2.737   0.792  -0.712  -2.211   0
   1.55276287   2.720   0.750  -0.778  -2.330   0
   1.55294454   2.648   0.725  -0.815  -2.437   0
   1.55311954   2.570   0.704  -0.847  -2.542   0
   1.55327284   2.478   0.660  -0.898  -2.653   0
   1.55341947   2.367   0.622  -0.945  -2.774   0
   1.55354428   2.273   0.598  -0.974  -2.874   0
   1.55366421   2.220   0.602  -0.980  -2.986   3
   1.55376744   2.176   0.620  -0.971  -3.084   0
   1.55385232   2.159   0.685  -0.914  -3.160   0
   1.55393875   2.098   0.685  -0.919  -3.260   0
   1.55402708   2.079   0.758  -0.844  -3.332   0
   1.55410194   2.108   0.873  -0.717  -3.358   0
   1.55417180   2.163   1.028  -0.549  -3.368   0
   1.55421507   2.195   1.121  -0.447  -3.375   0
   1.55421507   2.989   2.030   0.928  -0.155   1
   1.55478132   2.975   1.985   0.869  -0.228   0
   1.55518651   2.966   1.969   0.850  -0.250   0
   1.55583107   2.964   1.970   0.853  -0.245   0
   1.55691290   2.958   1.971   0.856  -0.239   0
   1.55801940   2.950   1.969   0.857  -0.235   0
   1.55912793   2.942   1.965   0.855  -0.235   0
   1.56025088   2.932   1.961   0.853  -0.234   0
   1.56137180   2.923   1.956   0.851  -0.234   0
   1.56252038   2.915   1.952   0.848  -0.235   0
   1.56373274   2.906   1.948   0.846  -0.235   0
   1.56494129   2.898   1.942   0.841  -0.238   0
   1.56614447   2.891   1.937   0.836  -0.242   0
   1.56730556   2.883   1.931   0.831  -0.246   0
   1.56754243   2.881   1.929   0.830  -0.247   0
   1.56883872   2.873   1.921   0.821  -0.256   0
   1.57060790   2.861   1.907   0.807  -0.271   0
   1.57242858   2.852   1.889   0.784  -0.298   0
   1.57399082   2.845   1.866   0.756  -0.333   0
   1.57595932   2.823   1.814   0.690  -0.411   0
   1.57652318   2.813   1.794   0.665  -0.441   0
   1.57818699   2.771   1.706   0.557  -0.567   0
   1.58137059   2.708   1.565   0.383  -0.773   0
   1.58150899   2.669   1.446   0.229  -0.957   0
   1.58155262   2.663   1.377   0.134  -1.081   0
   1.58158827   2.621   1.236  -0.047  -1.302   0
   1.58160913   2.597   1.129  -0.186  -1.474   0
   1.58163989   2.589   1.059  -0.280  -1.592   0
   1.58173740   2.597   1.146  -0.163  -1.444   0
   1.58185768   2.597   1.165  -0.137  -1.411   1
   1.58224177   2.581   1.065  -0.269  -1.576   0
   1.58241665   2.578   0.980  -0.386  -1.725   0
   1.58257329   2.573   0.892  -0.506  -1.880   0
   1.58268774   2.591   0.819  -0.617  -2.033   0
   1.58279264   2.595   0.737  -0.732  -2.184   0
   1.58288455   2.621   0.666  -0.841  -2.334   0
   1.58296120   2.617   0.626  -0.909  -2.461   0
   1.58304489   2.496   0.582  -0.970  -2.627   0
   1.58308482   2.395   0.530  -1.029  -2.747   0
   1.58312345   2.281   0.500  -1.068  -2.873   0
   1.58314979   2.169   0.466  -1.108  -2.986   0
   1.58317244   2.131   0.507  -1.077  -3.081   0
   1.58319533   2.119   0.590  -1.004  -3.166   0
   1.58321953   2.070   0.619  -0.983  -3.266   0
   1.58324587   1.996   0.610  -0.996  -3.377   2
   1.58327627   2.033   0.755  -0.841  -3.406   0
   1.58330297   2.100   0.936  -0.645  -3.412   0
   1.58331609   2.154   1.104  -0.461  -3.432   0
   1.58331883   2.204   1.220  -0.336  -3.424   0
   1.58332217   2.213   1.249  -0.305  -3.427   0
   1.58332622   2.225   1.284  -0.266  -3.431   0
   1.58333027   2.240   1.324  -0.224  -3.431   0
   1.58333433   2.260   1.371  -0.176  -3.427   1
   1.58333838   2.281   1.419  -0.129  -3.422   0
   1.58334219   2.301   1.465  -0.082  -3.417   0
   1.58334601   2.322   1.512  -0.034  -3.412   0
   1.58334982   2.342   1.559   0.013  -3.407   0
   1.58335364   2.362   1.606   0.060  -3.402   0
   1.58335745   2.383   1.653   0.107  -3.397   0
   1.58336127   2.403   1.700   0.155  -3.392   0
   1.58336496   2.424   1.747   0.202  -3.387   0
   1.58336878   2.444   1.794   0.250  -3.382   0
   1.58337259   2.465   1.842   0.297  -3.377   0
   1.58337641   2.485   1.889   0.345  -3.372   0
   1.58338022   2.506   1.936   0.392  -3.367   0
   1.58338404   2.526   1.981   0.438  -3.362   0
   1.58338785   2.545   2.026   0.483  -3.357   0
   1.58339155   2.564   2.070   0.528  -3.352   0
   1.58339536   2.584   2.115   0.572  -3.347   0
   1.58339846   2.599   2.150   0.608  -3.344   1
   1.58340144   2.601   2.171   0.626  -3.348   0
   1.58340526   2.604   2.197   0.648  -3.354   0
   1.58340907   2.607   2.223   0.671  -3.360   0
   1.58341289   2.610   2.249   0.693  -3.366   0
   1.58341670   2.612   2.275   0.716  -3.372   0
   1.58342159   2.616   2.300   0.737  -3.376   0
   1.58343112   2.619   2.329   0.762  -3.382   0
   1.58344066   2.623   2.357   0.786  -3.388   0
   1.58344996   2.626   2.386   0.811  -3.393   0
   1.58345926   2.630   2.415   0.836  -3.399   0
   1.58346844   2.633   2.443   0.860  -3.405   0
   1.58347774   2.637   2.472   0.885  -3.411   0
   1.58348691   2.640   2.501   0.910  -3.416   0
   1.58349586   2.644   2.530   0.935  -3.422   0
   1.58350480   2.648   2.559   0.961  -3.428   0
   1.58351374   2.652   2.590   0.987  -3.433   0
   1.58352184   2.658   2.620   1.013  -3.436   0
   1.58352900   2.666   2.653   1.042  -3.437   0
   1.58353436   2.679   2.686   1.072  -3.435   0
   1.58353579   2.692   2.711   1.094  -3.429   0
   1.58353591   2.707   2.735   1.116  -3.422   0
   1.58353591   2.721   2.760   1.138  -3.414   0
   1.58353591   2.738   2.787   1.164  -3.404   0
   1.58353591   2.757   2.819   1.193  -3.394   0
   1.58353591   2.786   2.867   1.237  -3.377   0
