   0.15000001  16.075  14.547  12.972  10.468   0
   0.20000000  14.892  13.483  11.985   9.714   0
   0.25000000  14.184  12.823  11.360   9.209   0
   0.30000001  13.663  12.321  10.873   8.840   0
   0.34999999  13.227  11.899  10.461   8.534   0
   0.40000001  12.816  11.499  10.073   8.232   0
   0.43920803  12.456  11.151   9.745   7.985   0
   0.44999999  12.363  11.061   9.660   7.922   0
   0.50000000  11.876  10.587   9.215   7.596   0
   0.55000001  11.386  10.109   8.778   7.248   0
   0.56842756  11.201   9.929   8.616   7.115   0
   0.60000002  10.898   9.636   8.353   6.899   0
   0.69041181   9.797   8.674   7.515   6.233   0
   0.69999999   9.683   8.577   7.431   6.167   0
   0.71033812   9.520   8.451   7.324   6.085   0
   0.77728403   8.521   7.680   6.668   5.582   0
   0.80000001   8.203   7.438   6.460   5.421   0
   0.84253973   7.536   6.946   6.048   5.108   0
   0.88290155   6.970   6.524   5.691   4.827   0
   0.89999998   6.757   6.360   5.554   4.715   0
   0.90409327   6.707   6.321   5.521   4.688   0
   0.93148988   6.378   6.062   5.300   4.502   0
   0.95518613   6.103   5.843   5.112   4.343   0
   0.97601813   5.882   5.659   4.954   4.208   0
   0.99462575   5.695   5.501   4.817   4.089   0
   1.00000000   5.642   5.456   4.778   4.055   0
   1.00637984   5.576   5.399   4.728   4.012   0
   1.02263379   5.411   5.257   4.602   3.900   0
   1.03723669   5.267   5.131   4.490   3.801   0
   1.05026603   5.142   5.021   4.392   3.712   0
   1.06089342   5.045   4.934   4.314   3.642   0
   1.06213498   5.035   4.925   4.306   3.634   0
   1.06992376   4.976   4.869   4.255   3.587   0
   1.07790506   4.917   4.813   4.203   3.539   0
   1.09040117   4.828   4.728   4.123   3.465   0
   1.09792471   4.771   4.673   4.072   3.417   0
   1.10000002   4.755   4.658   4.058   3.404   0
   1.10578895   4.709   4.613   4.016   3.364   0
   1.11579943   4.638   4.543   3.949   3.299   1
   1.12469399   4.584   4.489   3.894   3.244   0
   1.17169261   4.137   4.037   3.450   2.807   0
   1.19543827   4.055   3.917   3.293   2.618   0
   1.20000005   4.053   3.901   3.269   2.585   0
   1.20030105   4.053   3.901   3.267   2.584   3
   1.21457851   4.260   4.002   3.284   2.530   0
   1.21937728   4.526   4.172   3.392   2.583   0
   1.22304440   4.785   4.340   3.502   2.642   0
   1.22652662   5.027   4.482   3.593   2.682   0
   1.22757339   5.083   4.513   3.609   2.685   4
   1.23370218   5.161   4.495   3.541   2.568   0
   1.23774779   5.090   4.384   3.411   2.417   0
   1.24117386   4.987   4.255   3.268   2.262   0
   1.24394524   4.879   4.126   3.128   2.112   0
   1.24655807   4.761   3.988   2.980   1.956   0
   1.24885166   4.643   3.850   2.832   1.799   0
   1.25082111   4.525   3.711   2.682   1.641   0
   1.25251448   4.414   3.577   2.537   1.487   0
   1.25402105   4.307   3.446   2.394   1.333   0
   1.25529456   4.206   3.320   2.254   1.183   0
   1.25650191   4.110   3.195   2.116   1.032   0
   1.25750363   4.024   3.076   1.983   0.885   0
   1.25840473   3.937   2.958   1.850   0.739   0
   1.25919199   3.855   2.843   1.719   0.594   0
   1.25997972   3.773   2.723   1.583   0.442   0
   1.26067317   3.697   2.609   1.453   0.297   0
   1.26145709   3.631   2.514   1.344   0.177   2
   1.26217628   3.689   2.610   1.458   0.307   0
   1.26268339   3.610   2.496   1.327   0.162   0
   1.26320982   3.540   2.384   1.197   0.014   0
   1.26369655   3.476   2.272   1.065  -0.135   0
   1.26421475   3.407   2.142   0.908  -0.317   0
   1.26459265   3.352   2.038   0.783  -0.463   0
   1.26497269   3.302   1.929   0.651  -0.619   0
   1.26525342   3.262   1.839   0.540  -0.751   0
   1.26550102   3.224   1.745   0.424  -0.889   0
   1.26574874   3.196   1.651   0.304  -1.034   0
   1.26596463   3.164   1.558   0.187  -1.176   0
   1.26617599   3.147   1.468   0.067  -1.329   0
   1.26632905   3.123   1.387  -0.036  -1.456   0
   1.26648068   3.101   1.301  -0.148  -1.594   0
   1.26663041   3.072   1.205  -0.271  -1.745   0
   1.26677680   3.089   1.123  -0.390  -1.905   0
   1.26687646   3.025   1.085  -0.442  -2.019   0
   1.26697397   2.943   1.055  -0.486  -2.139   0
   1.26705801   2.859   1.023  -0.527  -2.248   0
   1.26713943   2.758   0.988  -0.572  -2.368   0
   1.26720929   2.653   0.962  -0.605  -2.481   0
   1.26727021   2.582   0.947  -0.630  -2.595   0
   1.26732850   2.535   0.963  -0.623  -2.703   0
   1.26737463   2.522   1.040  -0.557  -2.787   0
   1.26742685   2.450   1.041  -0.563  -2.907   0
   1.26746821   2.402   1.063  -0.542  -2.997   2
   1.26750755   2.492   1.282  -0.305  -2.990   0
   1.26754487   2.519   1.405  -0.169  -3.025   0
   1.26757669   2.588   1.585   0.027  -3.027   0
   1.26760864   2.635   1.734   0.187  -3.046   0
   1.26763439   2.739   1.955   0.409  -3.009   0
   1.26766014   2.841   2.173   0.628  -2.974   0
   1.26766157   2.843   2.178   0.634  -2.975   0
   1.26766157   3.225   2.185   1.047  -0.072   1
   1.26792991   3.204   2.131   0.980  -0.153   0
   1.26815367   3.193   2.114   0.959  -0.175   0
   1.26834583   3.191   2.115   0.962  -0.172   0
   1.26870513   3.187   2.119   0.970  -0.160   0
   1.26906621   3.186   2.123   0.975  -0.153   0
   1.26943207   3.185   2.125   0.979  -0.147   0
   1.26980138   3.182   2.126   0.981  -0.143   0
   1.27017438   3.179   2.127   0.985  -0.138   0
   1.27054822   3.175   2.127   0.985  -0.136   0
   1.27094316   3.171   2.126   0.986  -0.133   0
   1.27133226   3.165   2.124   0.986  -0.132   0
   1.27171719   3.159   2.121   0.984  -0.132   0
   1.27208817   3.154   2.118   0.982  -0.133   0
   1.27246189   3.148   2.113   0.978  -0.136   0
   1.27283800   3.143   2.108   0.973  -0.141   0
   1.27323771   3.129   2.097   0.962  -0.150   0
   1.27382147   3.125   2.087   0.949  -0.166   0
   1.27473760   3.108   2.058   0.916  -0.204   0
   1.27504599   3.098   2.041   0.895  -0.227   0
   1.27543437   3.084   2.015   0.864  -0.263   0
   1.27659822   3.027   1.879   0.695  -0.463   0
   1.27669764   3.010   1.823   0.622  -0.552   0
   1.27677321   2.988   1.725   0.492  -0.713   0
   1.27679586   2.972   1.653   0.396  -0.834   0
   1.27681422   2.941   1.492   0.184  -1.099   0
   1.27682114   2.936   1.397   0.053  -1.265   0
   1.27682912   2.915   1.287  -0.090  -1.444   0
   1.27684116   2.924   1.222  -0.186  -1.573   0
   1.27687752   2.909   1.298  -0.073  -1.419   0
   1.27692342   2.917   1.344  -0.011  -1.342   1
   1.27707827   2.915   1.265  -0.121  -1.485   0
   1.27717435   2.919   1.190  -0.228  -1.627   0
   1.27723181   2.923   1.116  -0.334  -1.768   0
   1.27728546   2.932   1.031  -0.456  -1.929   0
   1.27733111   2.976   0.971  -0.555  -2.076   0
   1.27736604   2.909   0.966  -0.575  -2.184   0
   1.27739549   2.813   0.935  -0.618  -2.310   0
   1.27742136   2.696   0.893  -0.670  -2.446   0
   1.27743793   2.586   0.865  -0.705  -2.562   0
   1.27745032   2.517   0.872  -0.707  -2.666   3
   1.27746153   2.480   0.908  -0.681  -2.768   0
   1.27747107   2.453   0.956  -0.641  -2.852   0
   1.27748215   2.406   0.999  -0.606  -2.956   0
   1.27749193   2.396   1.075  -0.528  -3.014   0
   1.27750397   2.456   1.251  -0.336  -3.029   0
   1.27751601   2.520   1.428  -0.143  -3.038   0
   1.27752936   2.586   1.606   0.050  -3.045   0
   1.27754092   2.711   1.864   0.317  -3.001   0
   1.27754831   2.831   2.110   0.565  -2.953   0
   1.27754951   2.934   2.311   0.767  -2.908   0
   1.27754998   2.950   2.347   0.803  -2.904   0
   1.27755201   2.975   2.405   0.861  -2.898   0
   1.27755404   3.000   2.464   0.921  -2.892   0
   1.27755570   3.021   2.511   0.968  -2.886   0
   1.27755773   3.047   2.570   1.028  -2.880   1
   1.27755940   3.068   2.618   1.076  -2.875   0
   1.27756143   3.072   2.653   1.106  -2.883   0
   1.27756345   3.075   2.688   1.136  -2.890   0
   1.27756548   3.079   2.723   1.166  -2.898   0
   1.27756751   3.082   2.758   1.196  -2.906   0
   1.27756953   3.086   2.793   1.226  -2.914   0
   1.27757156   3.090   2.828   1.256  -2.922   0
   1.27757359   3.094   2.863   1.286  -2.929   0
   1.27757525   3.097   2.890   1.310  -2.936   0
   1.27757728   3.100   2.926   1.340  -2.943   0
   1.27757931   3.104   2.961   1.371  -2.951   0
   1.27758133   3.108   2.996   1.401  -2.959   0
   1.27758336   3.112   3.031   1.431  -2.966   0
   1.27758551   3.116   3.067   1.462  -2.974   0
   1.27758753   3.120   3.103   1.493  -2.982   0
   1.27758956   3.121   3.125   1.511  -2.992   0
   1.27759159   3.120   3.140   1.522  -3.003   0
   1.27759361   3.119   3.154   1.534  -3.014   0
   1.27759564   3.120   3.171   1.547  -3.023   0
   1.27759743   3.125   3.192   1.565  -3.030   0
   1.27759922   3.142   3.231   1.599  -3.027   0
   1.27759933   3.152   3.249   1.615  -3.022   0
   1.27759933   3.161   3.264   1.629  -3.017   0
   1.27759933   3.211   3.347   1.705  -2.989   0
