   0.15000001  16.097  14.565  12.988  10.478   0
   0.20000000  14.929  13.517  12.016   9.740   0
   0.25000000  14.236  12.873  11.407   9.254   0
   0.30000001  13.729  12.387  10.938   8.902   0
   0.34999999  13.295  11.967  10.530   8.601   0
   0.40000001  12.860  11.543  10.117   8.274   0
   0.44999999  12.406  11.104   9.701   7.956   0
   0.50000000  11.930  10.642   9.268   7.641   0
   0.55000001  11.447  10.171   8.836   7.299   0
   0.60000002  10.971   9.711   8.424   6.964   0
   0.69999999   9.825   8.706   7.550   6.272   0
   0.80000001   8.493   7.667   6.662   5.585   0
   0.82808334   8.113   7.384   6.422   5.403   0
   0.89999998   7.235   6.731   5.872   4.978   0
   0.99973160   6.235   5.967   5.232   4.459   0
   1.00000000   6.232   5.965   5.230   4.458   0
   1.10000002   5.437   5.313   4.678   3.991   0
   1.17420828   4.870   4.819   4.257   3.636   0
   1.20000005   4.699   4.668   4.128   3.527   0
   1.29999995   4.153   4.160   3.694   3.164   0
   1.39999998   3.680   3.697   3.298   2.836   0
   1.50000000   3.289   3.297   2.962   2.579   0
   1.60000002   2.927   2.907   2.639   2.351   0
   1.70000005   2.616   2.566   2.363   2.163   0
   1.79999995   2.341   2.273   2.129   2.002   0
   1.89999998   2.079   2.023   1.926   1.852   0
   1.95000005   1.967   1.919   1.843   1.791   0
   2.00000000   1.851   1.818   1.758   1.722   0
   2.20000005   1.431   1.467   1.461   1.476   0
   2.50000000   0.893   1.046   1.092   1.146   0
   2.91821218   0.273   0.569   0.651   0.734   0
   3.00000000   0.163   0.483   0.571   0.658   0
   3.50000000  -0.429   0.015   0.126   0.233   0
   3.75098705  -0.684  -0.191  -0.071   0.046   0
   4.00000000  -0.927  -0.391  -0.262  -0.137   0
   4.33685112  -1.239  -0.656  -0.516  -0.382   0
   4.50000000  -1.388  -0.785  -0.641  -0.502   0
   4.81675529  -1.669  -1.033  -0.881  -0.735   0
   5.00000000  -1.834  -1.181  -1.026  -0.876   0
   5.19169378  -2.003  -1.336  -1.177  -1.022   0
   5.48687124  -2.276  -1.590  -1.426  -1.268   0
   5.73497915  -2.520  -1.823  -1.656  -1.496   0
   5.94494009  -2.743  -2.043  -1.874  -1.715   0
   6.00000000  -2.807  -2.107  -1.938  -1.779   1
   6.13693333  -2.962  -2.263  -2.095  -1.938   0
   6.29522848  -3.161  -2.470  -2.304  -2.150   0
   6.42926884  -3.352  -2.675  -2.511  -2.363   0
   6.54112339  -3.532  -2.874  -2.714  -2.574   0
   6.59002304  -3.618  -2.969  -2.812  -2.676   0
   6.63460970  -3.699  -3.059  -2.903  -2.771   0
   6.66675806  -3.756  -3.117  -2.962  -2.832   0
   6.68193388  -3.778  -3.135  -2.979  -2.847   3
   6.69600773  -3.790  -3.133  -2.974  -2.837   0
   6.70549488  -3.781  -3.093  -2.927  -2.779   0
   6.70819092  -3.777  -3.061  -2.889  -2.733   0
   6.70979500  -3.789  -3.042  -2.862  -2.695   0
   6.70984221  -3.785  -3.039  -2.859  -2.693   0
   6.71024895  -3.736  -3.013  -2.839  -2.680   0
   6.71060371  -3.765  -3.073  -2.906  -2.758   0
   6.71093035  -3.845  -3.183  -3.023  -2.885   0
   6.71131277  -3.956  -3.328  -3.176  -3.051   0
   6.71174717  -4.068  -3.483  -3.341  -3.230   0
   6.71223307  -4.170  -3.636  -3.505  -3.410   0
   6.71258354  -4.232  -3.739  -3.616  -3.533   0
   6.71294975  -4.285  -3.842  -3.729  -3.659   0
   6.71314096  -4.311  -3.894  -3.787  -3.725   0
   6.71349192  -4.341  -3.986  -3.890  -3.842   0
   6.71385288  -4.361  -4.081  -3.996  -3.964   0
   6.71422148  -4.365  -4.175  -4.105  -4.090   0
   6.71459293  -4.346  -4.266  -4.213  -4.224   0
   6.71478271  -4.319  -4.300  -4.265  -4.293   0
   6.71497202  -4.279  -4.327  -4.314  -4.364   0
   6.71516132  -4.222  -4.341  -4.355  -4.435   0
   6.71535063  -4.130  -4.318  -4.378  -4.506   0
   6.71553993  -4.010  -4.253  -4.378  -4.577   3
   6.71572924  -3.859  -4.131  -4.354  -4.649   0
   6.71591473  -3.673  -3.951  -4.303  -4.719   0
   6.71610403  -3.399  -3.711  -4.215  -4.772   0
   6.71628952  -2.940  -3.374  -4.078  -4.803   0
   6.71647501  -2.217  -2.926  -3.866  -4.768   0
   6.71666050  -1.492  -2.501  -3.617  -4.652   0
   6.71687841  -0.887  -2.134  -3.358  -4.493   0
   6.71698904  -0.634  -1.988  -3.257  -4.436   4
   6.71720600  -0.318  -1.905  -3.264  -4.540   0
   6.71740055  -0.178  -1.988  -3.431  -4.794   0
   6.71755886  -0.118  -2.040  -3.525  -4.935   0
   6.71786928  -0.077  -2.085  -3.603  -5.049   0
   6.71846199  -0.028  -2.129  -3.681  -5.165   0
   6.71917486   0.017  -2.175  -3.761  -5.283   0
   6.71988392  -0.073  -2.196  -3.789  -5.381   0
   6.72063065  -0.175  -2.224  -3.822  -5.483   0
   6.72138596  -0.268  -2.250  -3.851  -5.568   0
   6.72370625  -0.335  -2.267  -3.868  -5.626   2
   6.73616123  -0.223  -2.252  -3.852  -5.532   0
   6.74254704  -0.120  -2.234  -3.830  -5.435   0
   6.74746561  -0.031  -2.218  -3.808  -5.341   0
   6.75265455  -0.053  -2.174  -3.733  -5.222   0
   6.75840712  -0.100  -2.126  -3.650  -5.102   0
   6.76529694  -0.158  -2.092  -3.581  -4.994   0
   6.77622843  -0.250  -2.083  -3.534  -4.902   0
   6.79274654  -0.408  -2.126  -3.533  -4.851   4
   6.79914474  -0.632  -2.266  -3.642  -4.921   0
   6.80093002  -0.773  -2.353  -3.710  -4.965   0
   6.80176210  -0.872  -2.411  -3.751  -4.987   0
   6.80258799  -1.016  -2.489  -3.805  -5.012   0
   6.80299950  -1.103  -2.535  -3.834  -5.024   0
   6.80382061  -1.255  -2.612  -3.881  -5.042   0
   6.80450821  -1.353  -2.663  -3.912  -5.055   0
   6.80572844  -1.471  -2.725  -3.951  -5.072   0
   6.83077717  -4.259  -4.547  -4.805  -5.137   1
   6.86999798  -4.142  -4.449  -4.831  -5.278   0
   6.88174105  -4.097  -4.413  -4.833  -5.315   0
   6.88969421  -4.062  -4.384  -4.834  -5.341   0
   6.89585114  -3.993  -4.329  -4.822  -5.368   0
   6.90077114  -3.916  -4.271  -4.807  -5.390   0
   6.90537167  -3.812  -4.190  -4.783  -5.417   0
   6.91102076  -3.602  -4.050  -4.735  -5.441   0
   6.91611004  -3.295  -3.857  -4.661  -5.457   0
   6.92260551  -2.541  -3.431  -4.475  -5.446   0
   6.95135546  -0.337  -2.269  -3.757  -5.160   0
   6.95503187  -0.223  -2.278  -3.812  -5.269   0
   6.95525932  -0.205  -2.284  -3.827  -5.293   0
   6.95557356  -0.192  -2.292  -3.843  -5.318   0
   6.95710278  -0.136  -2.325  -3.910  -5.420   0
   6.95769739  -0.172  -2.340  -3.937  -5.503   0
   6.95852661  -0.290  -2.357  -3.960  -5.617   0
   6.95946503  -0.406  -2.383  -3.987  -5.718   0
   6.96056938  -0.534  -2.408  -4.013  -5.820   2
   6.96155787  -0.648  -2.427  -4.029  -5.902   0
   6.96246052  -0.717  -2.428  -4.031  -5.975   0
   6.96315289  -0.748  -2.411  -4.017  -6.032   0
   6.96377230  -0.777  -2.391  -3.999  -6.083   0
   6.96454239  -0.824  -2.381  -3.990  -6.153   0
   6.96477604  -0.840  -2.378  -3.987  -6.177   0
   6.96499443  -0.856  -2.375  -3.984  -6.200   0
   6.96521568  -0.871  -2.373  -3.982  -6.221   0
   6.96528244  -0.874  -2.372  -3.981  -6.224   0
