   0.15000001  16.097  14.565  12.988  10.478   0
   0.20000000  14.929  13.517  12.016   9.740   0
   0.25000000  14.237  12.873  11.408   9.255   0
   0.30000001  13.730  12.388  10.938   8.902   0
   0.34999999  13.296  11.968  10.530   8.602   0
   0.40000001  12.861  11.544  10.118   8.275   0
   0.44999999  12.406  11.104   9.702   7.956   0
   0.50000000  11.931  10.643   9.269   7.642   0
   0.55000001  11.448  10.172   8.837   7.300   0
   0.60000002  10.971   9.711   8.425   6.965   0
   0.69999999   9.821   8.704   7.549   6.273   0
   0.80000001   8.501   7.673   6.668   5.590   0
   0.89999998   7.247   6.741   5.881   4.985   0
   1.00000000   6.264   5.992   5.254   4.479   0
   1.10000002   5.502   5.366   4.721   4.027   0
   1.20000005   4.719   4.686   4.144   3.542   0
   1.29999995   4.158   4.164   3.698   3.167   0
   1.39999998   3.686   3.704   3.305   2.845   0
   1.50000000   3.294   3.301   2.969   2.589   0
   1.60000002   2.931   2.910   2.645   2.360   0
   1.70000005   2.609   2.558   2.358   2.162   0
   1.79999995   2.337   2.271   2.130   2.009   0
   1.89999998   2.094   2.040   1.946   1.876   0
   1.95000005   1.982   1.938   1.865   1.816   0
   2.00000000   1.822   1.795   1.741   1.711   0
   2.20000005   1.453   1.498   1.496   1.516   0
   2.50000000   0.932   1.103   1.152   1.211   0
   2.79368114   0.505   0.786   0.863   0.945   0
   3.00000000   0.240   0.590   0.681   0.775   0
   3.50000000  -0.296   0.182   0.297   0.412   0
   4.00000000  -0.731  -0.160  -0.026   0.108   0
   4.50000000  -1.086  -0.445  -0.296  -0.145   0
   5.00000000  -1.409  -0.713  -0.550  -0.385   0
   6.00000000  -1.968  -1.188  -1.003  -0.813   0
   7.00000000  -2.442  -1.596  -1.394  -1.185   0
   7.45888662  -2.648  -1.777  -1.568  -1.351   0
   9.00000000  -3.281  -2.334  -2.108  -1.868   0
   9.51146412  -3.456  -2.490  -2.259  -2.014   0
  12.00000000  -4.251  -3.213  -2.964  -2.699   0
  13.20785713  -4.580  -3.518  -3.263  -2.989   0
  15.00000000  -5.075  -3.986  -3.724  -3.442   0
  15.98872185  -5.308  -4.208  -3.945  -3.661   1
  18.47506142  -5.922  -4.813  -4.551  -4.272   0
  20.00000000  -6.335  -5.239  -4.983  -4.711   0
  20.27698326  -6.394  -5.302  -5.047  -4.777   0
  22.39501381  -7.022  -5.980  -5.753  -5.524   0
  23.30647469  -7.349  -6.390  -6.180  -5.972   0
  23.89719582  -7.594  -6.678  -6.485  -6.301   0
  23.96199989  -7.587  -6.672  -6.476  -6.288   0
  24.08445168  -7.541  -6.592  -6.384  -6.179   0
  24.09997368  -7.533  -6.540  -6.326  -6.112   0
  24.10404396  -7.515  -6.509  -6.293  -6.075   1
  24.10956001  -7.602  -6.657  -6.450  -6.245   0
  24.11169052  -7.712  -6.793  -6.600  -6.414   0
  24.11333847  -7.837  -6.923  -6.746  -6.583   0
  24.11495781  -7.917  -7.067  -6.897  -6.747   0
  24.11636734  -8.001  -7.217  -7.056  -6.923   0
  24.11765671  -8.095  -7.381  -7.233  -7.120   0
  24.11876678  -8.221  -7.525  -7.406  -7.329   0
  24.11966705  -8.277  -7.703  -7.586  -7.515   0
  24.12080574  -8.372  -7.886  -7.791  -7.751   0
  24.12173462  -8.433  -8.002  -7.928  -7.918   0
  24.12269592  -8.446  -8.121  -8.059  -8.065   0
  24.12365532  -8.435  -8.223  -8.173  -8.192   0
  24.12437630  -8.420  -8.284  -8.242  -8.272   0
  24.12512398  -8.400  -8.283  -8.271  -8.334   0
  24.12590408  -8.371  -8.325  -8.336  -8.425   0
  24.12665558  -8.334  -8.362  -8.393  -8.503   0
  24.12743568  -8.285  -8.375  -8.435  -8.574   0
  24.12821579  -8.209  -8.377  -8.464  -8.638   0
  24.12875557  -8.157  -8.378  -8.486  -8.686   0
  24.12929535  -8.087  -8.344  -8.494  -8.736   0
  24.12983513  -8.014  -8.313  -8.502  -8.786   3
  24.13028526  -7.949  -8.269  -8.501  -8.824   0
  24.13109398  -7.816  -8.180  -8.495  -8.894   0
  24.13154411  -7.714  -8.104  -8.486  -8.937   0
  24.13205528  -7.594  -8.017  -8.472  -8.984   0
  24.13259506  -7.447  -7.912  -8.450  -9.026   0
  24.13316536  -7.273  -7.793  -8.422  -9.067   0
  24.13382530  -7.045  -7.645  -8.380  -9.105   0
  24.13451576  -6.738  -7.459  -8.312  -9.125   0
  24.13523483  -6.380  -7.251  -8.227  -9.128   0
  24.13571548  -6.124  -7.105  -8.160  -9.117   0
  24.13622665  -5.840  -6.947  -8.079  -9.091   0
  24.13661575  -5.581  -6.808  -8.006  -9.063   0
  24.13694572  -5.339  -6.681  -7.941  -9.040   0
  24.13730431  -5.073  -6.551  -7.867  -9.010   0
  24.13763618  -4.808  -6.418  -7.790  -8.976   0
  24.13796616  -4.527  -6.278  -7.706  -8.937   0
  24.13832664  -4.247  -6.140  -7.617  -8.897   0
  24.13901711  -3.870  -5.960  -7.504  -8.851   0
  24.13982582  -3.577  -5.827  -7.427  -8.837   0
  24.14114761  -3.423  -5.779  -7.417  -8.877   0
  24.14303780  -3.364  -5.789  -7.452  -8.945   0
  24.14393806  -3.400  -5.853  -7.527  -9.032   0
  24.14633942  -3.366  -5.873  -7.566  -9.097   0
  24.15633583  -3.394  -5.867  -7.558  -9.118   4
  24.21809578  -3.622  -5.995  -7.640  -9.108   0
  24.35129738  -4.514  -6.390  -7.863  -9.132   0
  24.54894257  -6.764  -7.498  -8.349  -9.157   0
  24.94409752  -8.455  -8.449  -8.479  -8.585   0
  25.24422646  -8.439  -8.505  -8.564  -8.700   0
  25.73946571  -8.433  -8.586  -8.691  -8.874   2
  25.98111916  -8.651  -8.749  -8.823  -8.975   0
  25.98383904  -8.690  -8.788  -8.863  -9.016   0
  25.98674011  -8.687  -8.824  -8.931  -9.113   0
  25.99225998  -8.770  -8.883  -8.970  -9.133   0
  25.99601746  -8.932  -8.919  -8.947  -9.052   0
  25.99756813  -8.974  -8.905  -8.917  -9.006   0
