   0.15000001  16.083  14.554  12.978  10.471   0
   0.20000000  14.906  13.496  11.997   9.724   0
   0.25000000  14.203  12.842  11.378   9.226   0
   0.30000001  13.687  12.345  10.897   8.863   0
   0.34999999  13.253  11.925  10.487   8.559   0
   0.40000001  12.826  11.509  10.082   8.240   0
   0.44999999  12.379  11.077   9.676   7.934   0
   0.50000000  11.895  10.607   9.234   7.612   0
   0.55000001  11.409  10.132   8.800   7.267   0
   0.60000002  10.927   9.665   8.380   6.922   0
   0.65137935  10.318   9.121   7.903   6.541   0
   0.69999999   9.747   8.631   7.478   6.204   0
   0.79041755   8.438   7.620   6.618   5.546   0
   0.80000001   8.317   7.527   6.537   5.482   0
   0.80360466   8.264   7.488   6.504   5.457   0
   0.87509513   7.253   6.737   5.873   4.972   0
   0.89999998   6.926   6.495   5.670   4.813   0
   0.94357932   6.431   6.110   5.345   4.545   0
   0.97881335   6.056   5.813   5.093   4.334   0
   1.00000000   5.851   5.644   4.950   4.213   0
   1.01245916   5.733   5.545   4.864   4.139   0
   1.03894317   5.484   5.335   4.683   3.982   0
   1.06156778   5.282   5.162   4.531   3.850   0
   1.08123648   5.117   5.016   4.404   3.739   0
   1.09869933   4.982   4.893   4.296   3.643   0
   1.10000002   4.972   4.884   4.288   3.636   0
   1.11167932   4.876   4.796   4.209   3.566   0
   1.12329888   4.784   4.711   4.133   3.498   0
   1.13011444   4.730   4.661   4.089   3.459   0
   1.13454413   4.698   4.632   4.062   3.435   0
   1.14818692   4.605   4.545   3.984   3.364   0
   1.16249514   4.514   4.459   3.905   3.291   0
   1.16947317   4.472   4.419   3.868   3.257   0
   1.17757308   4.422   4.371   3.824   3.217   0
   1.19320619   4.338   4.289   3.746   3.142   0
   1.20000005   4.305   4.256   3.714   3.111   0
   1.22689176   4.178   4.128   3.590   2.989   1
   1.25718963   4.060   4.003   3.462   2.859   0
   1.28861177   3.963   3.894   3.342   2.729   0
   1.29999995   3.934   3.859   3.301   2.683   0
   1.30613244   3.918   3.839   3.278   2.658   0
   1.33378077   3.854   3.758   3.180   2.545   0
   1.34629273   3.826   3.721   3.135   2.492   0
   1.35798776   3.789   3.677   3.085   2.436   0
   1.36280346   3.765   3.652   3.058   2.409   2
   1.36999691   3.686   3.577   2.990   2.347   0
   1.37348151   3.593   3.493   2.920   2.289   0
   1.37581217   3.422   3.342   2.799   2.194   0
   1.37647796   3.276   3.213   2.693   2.110   0
   1.37682092   3.164   3.107   2.605   2.037   1
   1.37729549   3.276   3.203   2.673   2.081   0
   1.38670874   3.452   3.295   2.669   1.991   0
   1.39145887   3.654   3.429   2.745   2.019   0
   1.39451253   3.896   3.600   2.860   2.086   0
   1.39713883   4.200   3.813   3.013   2.188   0
   1.39955747   4.458   3.988   3.137   2.266   0
   1.39999998   4.504   4.017   3.158   2.278   0
   1.40095758   4.589   4.071   3.195   2.300   0
   1.40214252   4.661   4.112   3.219   2.307   4
   1.40821683   4.729   4.086   3.142   2.184   0
   1.41338718   4.632   3.946   2.979   1.999   0
   1.41788149   4.504   3.783   2.799   1.803   0
   1.42121637   4.378   3.625   2.626   1.615   0
   1.42422187   4.246   3.464   2.451   1.428   0
   1.42688644   4.120   3.309   2.281   1.245   0
   1.42915380   4.006   3.163   2.119   1.070   0
   1.43115020   3.898   3.026   1.967   0.906   0
   1.43288291   3.803   2.901   1.828   0.754   0
   1.43442833   3.732   2.800   1.713   0.627   0
   1.43571222   3.665   2.709   1.610   0.513   0
   1.43684900   3.603   2.622   1.512   0.405   0
   1.43784392   3.547   2.541   1.420   0.303   0
   1.43874562   3.495   2.465   1.332   0.205   0
   1.43955052   3.443   2.386   1.242   0.103   0
   1.44045091   3.390   2.306   1.150   0.000   0
   1.44068158   3.385   2.299   1.143  -0.007   2
   1.44150591   3.423   2.366   1.222   0.083   0
   1.44228089   3.352   2.257   1.096  -0.058   0
   1.44307971   3.284   2.143   0.962  -0.209   0
   1.44381320   3.220   2.034   0.834  -0.355   0
   1.44450903   3.160   1.921   0.698  -0.512   0
   1.44517779   3.104   1.808   0.562  -0.672   0
   1.44574726   3.058   1.701   0.430  -0.829   0
   1.44623423   3.013   1.598   0.303  -0.979   0
   1.44665885   2.979   1.502   0.181  -1.126   0
   1.44702470   2.945   1.408   0.065  -1.264   0
   1.44734526   2.924   1.324  -0.044  -1.398   0
   1.44769955   2.901   1.228  -0.170  -1.558   0
   1.44796813   2.888   1.145  -0.280  -1.698   0
   1.44820189   2.867   1.062  -0.388  -1.832   0
   1.44842899   2.848   0.971  -0.506  -1.980   0
   1.44862533   2.859   0.902  -0.607  -2.114   0
   1.44877732   2.823   0.864  -0.664  -2.225   0
   1.44894147   2.740   0.832  -0.709  -2.346   0
   1.44907069   2.664   0.810  -0.741  -2.448   0
   1.44919729   2.565   0.766  -0.793  -2.565   0
   1.44931710   2.455   0.731  -0.836  -2.684   0
   1.44941950   2.373   0.720  -0.855  -2.794   3
   1.44951785   2.324   0.733  -0.853  -2.904   0
   1.44959736   2.295   0.784  -0.811  -2.996   0
   1.44967818   2.243   0.808  -0.794  -3.100   0
   1.44974959   2.177   0.812  -0.795  -3.207   0
   1.44981158   2.245   0.996  -0.597  -3.212   0
   1.44988310   2.282   1.142  -0.435  -3.245   0
   1.44993293   2.342   1.306  -0.258  -3.252   0
   1.44998956   2.376   1.437  -0.113  -3.281   0
   1.45000303   2.420   1.519  -0.029  -3.260   0
   1.45000303   3.083   2.090   0.973  -0.125   1
   1.45050275   3.062   2.034   0.902  -0.212   0
   1.45072043   3.055   2.023   0.889  -0.227   0
   1.45132232   3.052   2.025   0.893  -0.221   0
   1.45213604   3.047   2.026   0.896  -0.214   0
   1.45296717   3.041   2.027   0.900  -0.207   0
   1.45380855   3.034   2.025   0.900  -0.205   0
   1.45465899   3.027   2.022   0.899  -0.204   0
   1.45551825   3.018   2.019   0.899  -0.201   0
   1.45637739   3.011   2.015   0.897  -0.201   0
   1.45729196   3.004   2.012   0.896  -0.200   0
   1.45820284   2.996   2.007   0.892  -0.203   0
   1.45908725   2.987   2.001   0.886  -0.207   0
   1.45998704   2.980   1.995   0.881  -0.211   0
   1.46029806   2.978   1.993   0.879  -0.213   0
   1.46078181   2.974   1.989   0.875  -0.217   0
   1.46160805   2.968   1.981   0.866  -0.227   0
   1.46243119   2.961   1.970   0.854  -0.241   0
   1.46316886   2.961   1.961   0.841  -0.257   0
   1.46421754   2.952   1.938   0.811  -0.294   0
   1.46482611   2.935   1.915   0.786  -0.320   0
   1.46518338   2.926   1.899   0.767  -0.343   0
   1.46738076   2.857   1.742   0.572  -0.574   0
   1.46766424   2.828   1.658   0.465  -0.703   0
   1.46775424   2.799   1.570   0.350  -0.841   0
   1.46778226   2.784   1.498   0.255  -0.959   0
   1.46780550   2.750   1.374   0.094  -1.159   0
   1.46781993   2.732   1.265  -0.050  -1.339   0
   1.46783674   2.718   1.157  -0.194  -1.519   0
   1.46785557   2.715   1.101  -0.271  -1.617   0
   1.46796453   2.722   1.191  -0.149  -1.463   0
   1.46816421   2.724   1.221  -0.108  -1.412   1
   1.46840715   2.715   1.121  -0.244  -1.583   0
   1.46856940   2.709   1.019  -0.383  -1.764   0
   1.46866286   2.712   0.949  -0.484  -1.897   0
   1.46875072   2.710   0.867  -0.597  -2.044   0
   1.46882641   2.721   0.790  -0.707  -2.191   0
   1.46889091   2.742   0.757  -0.777  -2.332   0
   1.46894431   2.652   0.734  -0.814  -2.460   0
   1.46897995   2.554   0.693  -0.865  -2.580   0
   1.46900833   2.450   0.652  -0.913  -2.698   0
   1.46903706   2.323   0.621  -0.952  -2.828   0
   1.46905720   2.271   0.644  -0.938  -2.935   0
   1.46907413   2.258   0.719  -0.874  -3.017   0
   1.46909201   2.222   0.763  -0.837  -3.108   0
   1.46911132   2.156   0.763  -0.842  -3.213   2
   1.46913111   2.178   0.885  -0.713  -3.251   0
   1.46915352   2.239   1.055  -0.528  -3.261   0
   1.46917808   2.279   1.197  -0.372  -3.286   0
   1.46919918   2.375   1.441  -0.108  -3.286   0
   1.46920156   2.533   1.746   0.200  -3.214   0
   1.46920288   2.577   1.834   0.288  -3.195   0
   1.46920538   2.596   1.876   0.331  -3.190   0
   1.46920860   2.618   1.929   0.384  -3.185   0
   1.46921122   2.637   1.971   0.426  -3.180   0
   1.46921444   2.660   2.024   0.479  -3.174   0
   1.46921766   2.683   2.077   0.533  -3.169   0
   1.46922076   2.706   2.129   0.586  -3.163   0
   1.46922398   2.729   2.182   0.639  -3.158   0
   1.46922719   2.752   2.235   0.692  -3.152   1
   1.46923041   2.775   2.288   0.745  -3.146   0
   1.46923363   2.798   2.341   0.799  -3.141   0
   1.46923685   2.806   2.378   0.832  -3.144   0
   1.46924007   2.809   2.409   0.859  -3.151   0
   1.46924329   2.812   2.440   0.886  -3.158   0
   1.46924639   2.816   2.471   0.912  -3.166   0
   1.46924961   2.819   2.502   0.939  -3.173   0
   1.46925282   2.822   2.533   0.966  -3.180   0
   1.46925604   2.825   2.564   0.993  -3.187   0
   1.46925926   2.829   2.595   1.019  -3.193   0
   1.46926248   2.833   2.621   1.042  -3.197   0
   1.46926570   2.835   2.639   1.057  -3.201   0
   1.46926880   2.837   2.656   1.072  -3.205   0
   1.46927202   2.839   2.674   1.087  -3.208   0
   1.46927464   2.841   2.687   1.099  -3.211   0
   1.46927786   2.843   2.705   1.114  -3.215   0
   1.46928096   2.845   2.722   1.129  -3.218   0
   1.46928501   2.848   2.743   1.147  -3.222   0
   1.46929193   2.852   2.774   1.174  -3.228   0
   1.46929896   2.856   2.806   1.201  -3.234   0
   1.46930575   2.860   2.837   1.228  -3.240   0
   1.46931255   2.863   2.866   1.252  -3.248   0
   1.46931815   2.865   2.886   1.269  -3.259   0
   1.46932364   2.876   2.920   1.298  -3.264   0
   1.46932530   2.890   2.949   1.323  -3.259   0
   1.46932554   2.898   2.962   1.335  -3.255   0
   1.46932554   2.902   2.969   1.342  -3.252   0
   1.46932554   2.907   2.977   1.349  -3.249   0
   1.46932554   2.975   3.091   1.454  -3.211   0
