   0.15000001  16.097  14.565  12.988  10.478   0
   0.20000000  14.929  13.517  12.016   9.740   0
   0.25000000  14.237  12.873  11.407   9.254   0
   0.30000001  13.730  12.387  10.938   8.902   0
   0.34999999  13.296  11.968  10.530   8.602   0
   0.40000001  12.861  11.544  10.117   8.275   0
   0.44999999  12.406  11.104   9.702   7.956   0
   0.46611232  12.248  10.951   9.558   7.852   0
   0.50000000  11.930  10.643   9.269   7.642   0
   0.55000001  11.448  10.172   8.836   7.299   0
   0.60000002  10.971   9.711   8.425   6.965   0
   0.69999999   9.822   8.705   7.550   6.273   0
   0.80000001   8.498   7.671   6.665   5.588   0
   0.89999998   7.242   6.737   5.877   4.982   0
   1.00000000   6.252   5.982   5.245   4.471   0
   1.10000002   5.479   5.347   4.705   4.014   0
   1.20000005   4.709   4.677   4.137   3.535   0
   1.25774229   4.377   4.372   3.876   3.316   0
   1.29999995   4.157   4.164   3.698   3.167   0
   1.39999998   3.684   3.702   3.303   2.842   0
   1.50000000   3.294   3.302   2.968   2.586   0
   1.60000002   2.932   2.911   2.645   2.357   0
   1.70000005   2.621   2.572   2.369   2.171   0
   1.76279378   2.450   2.389   2.224   2.073   0
   1.79999995   2.351   2.284   2.140   2.016   0
   1.89999998   2.089   2.034   1.939   1.867   0
   1.95000005   1.980   1.934   1.859   1.809   0
   2.00000000   1.863   1.834   1.776   1.742   0
   2.20000005   1.448   1.490   1.486   1.504   0
   2.50000000   0.919   1.083   1.131   1.188   0
   3.00000000   0.212   0.551   0.641   0.732   0
   3.50000000  -0.344   0.121   0.234   0.347   0
   4.00000000  -0.797  -0.242  -0.110   0.020   0
   4.11829329  -0.893  -0.320  -0.185  -0.051   0
   4.50000000  -1.188  -0.563  -0.416  -0.271   0
   5.00000000  -1.546  -0.867  -0.707  -0.547   0
   5.38678741  -1.803  -1.088  -0.919  -0.750   0
   6.00000000  -2.196  -1.433  -1.251  -1.069   0
   6.28377724  -2.366  -1.584  -1.397  -1.208   0
   6.97482061  -2.778  -1.955  -1.756  -1.556   1
   7.00000000  -2.793  -1.968  -1.770  -1.569   0
   7.53313971  -3.130  -2.281  -2.076  -1.868   0
   7.97918177  -3.424  -2.557  -2.349  -2.137   0
   8.34821224  -3.689  -2.814  -2.605  -2.392   0
   8.66033649  -3.927  -3.048  -2.838  -2.626   1
   8.92619610  -4.160  -3.286  -3.077  -2.868   0
   9.00000000  -4.225  -3.353  -3.145  -2.937   0
   9.12395287  -4.320  -3.450  -3.242  -3.036   0
   9.57441902  -4.751  -3.913  -3.715  -3.524   0
   9.75476742  -4.955  -4.138  -3.946  -3.765   0
   9.83155060  -5.039  -4.227  -4.036  -3.858   0
   9.87779522  -5.064  -4.236  -4.043  -3.860   3
   9.90179634  -5.036  -4.158  -3.953  -3.752   0
   9.90477848  -5.058  -4.140  -3.927  -3.713   0
   9.90502548  -5.054  -4.134  -3.921  -3.706   0
   9.90592098  -5.009  -4.116  -3.907  -3.700   0
   9.90636921  -5.041  -4.172  -3.970  -3.772   0
   9.90652466  -5.062  -4.204  -4.004  -3.810   0
   9.90695000  -5.145  -4.317  -4.124  -3.942   0
   9.90727329  -5.215  -4.411  -4.224  -4.050   0
   9.90759563  -5.292  -4.515  -4.334  -4.172   0
   9.90791893  -5.371  -4.625  -4.451  -4.300   0
   9.90825844  -5.455  -4.740  -4.576  -4.438   0
   9.90861511  -5.538  -4.858  -4.705  -4.582   0
   9.90898895  -5.624  -4.989  -4.848  -4.743   0
   9.90917587  -5.664  -5.056  -4.921  -4.825   0
   9.90958309  -5.750  -5.206  -5.085  -5.011   0
   9.90979481  -5.790  -5.288  -5.176  -5.114   0
   9.90998936  -5.823  -5.368  -5.265  -5.216   0
   9.91020107  -5.852  -5.445  -5.355  -5.322   0
   9.91041279  -5.869  -5.525  -5.448  -5.432   0
   9.91059017  -5.874  -5.593  -5.526  -5.524   0
   9.91080189  -5.862  -5.677  -5.626  -5.643   0
   9.91096115  -5.837  -5.740  -5.703  -5.736   0
   9.91110229  -5.804  -5.783  -5.761  -5.813   0
   9.91122532  -5.750  -5.809  -5.810  -5.885   0
   9.91134930  -5.669  -5.808  -5.843  -5.956   0
   9.91147327  -5.566  -5.777  -5.859  -6.023   3
   9.91159630  -5.438  -5.705  -5.854  -6.087   0
   9.91170311  -5.293  -5.596  -5.830  -6.147   0
   9.91180897  -5.121  -5.445  -5.790  -6.205   0
   9.91191483  -4.903  -5.254  -5.726  -6.252   0
   9.91200256  -4.657  -5.058  -5.650  -6.279   0
   9.91210938  -4.269  -4.789  -5.537  -6.287   0
   9.91219711  -3.720  -4.447  -5.375  -6.258   0
   9.91225052  -3.414  -4.266  -5.282  -6.228   0
   9.91233826  -2.698  -3.863  -5.049  -6.121   0
   9.91246223  -1.933  -3.425  -4.749  -5.945   0
   9.91263866  -1.344  -3.091  -4.509  -5.813   0
   9.91269207  -1.206  -3.021  -4.464  -5.796   0
   9.91284847  -0.756  -2.889  -4.451  -5.926   4
   9.91293621  -0.734  -2.878  -4.485  -6.091   0
   9.91304111  -1.026  -2.918  -4.527  -6.328   0
   9.91316319  -1.224  -2.993  -4.599  -6.484   0
   9.91345978  -1.304  -2.989  -4.597  -6.590   0
   9.91438389  -1.374  -2.989  -4.600  -6.691   0
   9.91548347  -1.426  -2.968  -4.579  -6.768   0
   9.91984177  -1.464  -2.913  -4.523  -6.832   0
   9.94005966  -1.428  -3.016  -4.627  -6.757   0
   9.95477200  -1.375  -3.064  -4.674  -6.664   0
   9.96909904  -1.299  -3.089  -4.698  -6.574   0
   9.98564625  -1.170  -3.101  -4.716  -6.502   0
  10.01200390  -1.067  -3.161  -4.781  -6.458   0
  10.05912399  -1.018  -3.286  -4.910  -6.466   2
  10.10508060  -1.327  -3.522  -5.103  -6.567   0
  10.12178230  -1.816  -3.828  -5.340  -6.710   0
  10.12559986  -2.177  -4.031  -5.486  -6.791   0
  10.12811947  -3.113  -4.495  -5.770  -6.903   0
  10.12938023  -3.700  -4.785  -5.920  -6.945   0
  10.13064003  -4.096  -4.989  -6.016  -6.963   0
  10.13156128  -4.324  -5.115  -6.069  -6.966   0
  10.13282108  -4.573  -5.256  -6.129  -6.966   0
  10.13532162  -4.997  -5.518  -6.229  -6.947   0
  10.14148808  -5.563  -5.925  -6.349  -6.833   0
  10.14383793  -5.594  -5.951  -6.353  -6.820   1
  10.15322971  -5.455  -5.840  -6.327  -6.864   0
  10.15726089  -5.316  -5.734  -6.296  -6.896   0
  10.16113281  -5.117  -5.596  -6.252  -6.927   0
  10.16409492  -4.916  -5.463  -6.207  -6.951   0
  10.16701126  -4.618  -5.283  -6.139  -6.965   0
  10.16918850  -4.296  -5.099  -6.062  -6.965   0
  10.17122650  -3.875  -4.872  -5.959  -6.951   0
  10.17259789  -3.454  -4.655  -5.852  -6.922   0
  10.17396832  -2.921  -4.393  -5.706  -6.870   0
  10.17526913  -2.468  -4.165  -5.565  -6.811   0
  10.17728615  -1.952  -3.895  -5.381  -6.721   0
  10.17980099  -1.532  -3.647  -5.198  -6.622   0
  10.18102932  -1.359  -3.549  -5.128  -6.589   0
  10.22826099  -1.158  -3.294  -4.920  -6.578   2
  10.24937439  -1.270  -3.214  -4.832  -6.616   0
  10.25243473  -1.389  -3.193  -4.804  -6.675   0
  10.25386429  -1.388  -3.186  -4.797  -6.671   0
  10.25558472  -1.449  -3.148  -4.759  -6.739   0
  10.25692463  -1.492  -3.132  -4.744  -6.806   0
  10.25859833  -1.526  -3.075  -4.688  -6.870   0
  10.26050377  -1.568  -2.995  -4.605  -6.943   0
  10.26277161  -1.551  -2.853  -4.452  -6.974   0
  10.26454353  -1.497  -2.720  -4.308  -6.971   0
