   0.15000001  16.096  14.564  12.987  10.478   0
   0.20000000  14.928  13.516  12.016   9.740   0
   0.25000000  14.236  12.872  11.407   9.254   0
   0.30000001  13.729  12.386  10.937   8.901   0
   0.34999999  13.295  11.967  10.529   8.601   0
   0.40000001  12.859  11.542  10.116   8.273   0
   0.44999999  12.406  11.104   9.701   7.956   0
   0.50000000  11.929  10.641   9.268   7.640   0
   0.55000001  11.447  10.171   8.836   7.299   0
   0.60000002  10.971   9.711   8.424   6.964   0
   0.69999999   9.828   8.708   7.551   6.272   0
   0.80000001   8.489   7.663   6.659   5.582   0
   0.89999998   7.224   6.722   5.864   4.971   0
   0.90526384   7.165   6.678   5.827   4.941   0
   1.00000000   6.204   5.941   5.209   4.438   0
   1.00637734   6.148   5.896   5.170   4.406   0
   1.10000002   5.382   5.269   4.640   3.961   0
   1.20000005   4.693   4.662   4.122   3.522   0
   1.29999995   4.145   4.152   3.687   3.156   0
   1.39999998   3.672   3.689   3.290   2.828   0
   1.50000000   3.280   3.287   2.952   2.570   0
   1.60000002   2.918   2.896   2.629   2.339   0
   1.70000005   2.605   2.555   2.350   2.149   0
   1.79999995   2.328   2.259   2.113   1.984   0
   1.89999998   2.065   2.007   1.908   1.831   0
   1.95000005   1.950   1.898   1.819   1.765   0
   2.00000000   1.834   1.797   1.734   1.695   0
   2.20000005   1.407   1.435   1.426   1.436   0
   2.31404757   1.189   1.257   1.270   1.301   0
   2.50000000   0.856   0.992   1.035   1.085   0
   2.93409896   0.181   0.459   0.539   0.618   0
   3.00000000   0.086   0.383   0.467   0.549   0
   3.37491512  -0.410  -0.019   0.083   0.180   0
   3.50000000  -0.566  -0.150  -0.043   0.058   0
   3.72864342  -0.834  -0.377  -0.262  -0.154   0
   4.00000000  -1.154  -0.657  -0.534  -0.419   0
   4.01828575  -1.176  -0.676  -0.552  -0.437   0
   4.24560070  -1.450  -0.925  -0.796  -0.677   0
   4.43602610  -1.690  -1.151  -1.018  -0.898   0
   4.50000000  -1.774  -1.233  -1.099  -0.979   0
   4.61109304  -1.922  -1.378  -1.244  -1.124   0
   4.74791908  -2.118  -1.577  -1.442  -1.325   1
   4.86470842  -2.300  -1.768  -1.636  -1.522   0
   4.96372318  -2.470  -1.956  -1.826  -1.717   0
   5.00000000  -2.539  -2.034  -1.905  -1.799   0
   5.04868650  -2.630  -2.138  -2.011  -1.910   0
   5.08517838  -2.702  -2.223  -2.098  -2.000   0
   5.11847162  -2.771  -2.301  -2.179  -2.084   0
   5.14046574  -2.817  -2.349  -2.226  -2.132   0
   5.15428019  -2.846  -2.370  -2.247  -2.151   3
   5.16516352  -2.866  -2.371  -2.244  -2.144   0
   5.17249393  -2.876  -2.338  -2.203  -2.092   0
   5.17456627  -2.887  -2.314  -2.171  -2.052   0
   5.17576742  -2.909  -2.300  -2.150  -2.021   0
   5.17588234  -2.896  -2.290  -2.141  -2.013   0
   5.17619514  -2.835  -2.263  -2.121  -2.001   0
   5.17652845  -2.877  -2.347  -2.214  -2.105   0
   5.17682028  -2.968  -2.472  -2.345  -2.246   0
   5.17719555  -3.062  -2.604  -2.484  -2.397   0
   5.17761230  -3.135  -2.725  -2.614  -2.538   0
   5.17809153  -3.190  -2.840  -2.738  -2.675   0
   5.17863321  -3.226  -2.950  -2.860  -2.812   0
   5.17898989  -3.241  -3.018  -2.936  -2.898   0
   5.17936611  -3.244  -3.081  -3.010  -2.986   0
   5.17974186  -3.235  -3.141  -3.084  -3.077   0
   5.18013763  -3.209  -3.194  -3.157  -3.172   0
   5.18053293  -3.156  -3.227  -3.222  -3.270   0
   5.18092871  -3.055  -3.216  -3.265  -3.368   0
   5.18112612  -2.983  -3.189  -3.275  -3.418   3
   5.18134356  -2.895  -3.127  -3.265  -3.465   0
   5.18154097  -2.795  -3.037  -3.243  -3.512   0
   5.18173838  -2.675  -2.916  -3.206  -3.557   0
   5.18193579  -2.523  -2.765  -3.150  -3.597   0
   5.18213367  -2.311  -2.575  -3.072  -3.627   0
   5.18233109  -1.987  -2.327  -2.965  -3.641   0
   5.18250847  -1.553  -2.037  -2.828  -3.625   0
   5.18270588  -1.089  -1.745  -2.669  -3.565   0
   5.18290329  -0.688  -1.488  -2.504  -3.472   0
   5.18308067  -0.311  -1.249  -2.337  -3.366   0
   5.18325806  -0.042  -1.089  -2.230  -3.306   4
   5.18354321   0.229  -1.022  -2.250  -3.411   0
   5.18380737   0.315  -1.104  -2.399  -3.628   0
   5.18407202   0.337  -1.180  -2.514  -3.782   0
   5.18451929   0.367  -1.247  -2.617  -3.922   0
   5.18508816   0.395  -1.309  -2.713  -4.050   0
   5.18569803   0.426  -1.364  -2.800  -4.173   0
   5.18630743   0.446  -1.426  -2.895  -4.303   0
   5.18693686   0.455  -1.495  -2.993  -4.433   0
   5.18754578   0.475  -1.554  -3.081  -4.553   0
   5.18862104   0.498  -1.607  -3.163  -4.664   0
   5.18955374   0.502  -1.616  -3.177  -4.684   2
   5.19804287   0.458  -1.571  -3.099  -4.569   0
   5.20223808   0.427  -1.519  -3.015  -4.451   0
   5.20601368   0.407  -1.451  -2.914  -4.313   0
   5.20957804   0.379  -1.388  -2.815  -4.177   0
   5.21286964   0.348  -1.332  -2.726  -4.053   0
   5.21661282   0.326  -1.270  -2.633  -3.930   0
   5.22185898   0.292  -1.212  -2.541  -3.802   0
   5.23031092   0.236  -1.170  -2.460  -3.681   0
   5.24225235   0.099  -1.208  -2.458  -3.636   4
   5.25199652  -0.267  -1.439  -2.633  -3.751   0
   5.25563335  -0.615  -1.665  -2.807  -3.870   0
   5.25811005  -0.997  -1.901  -2.965  -3.967   0
   5.26222754  -1.479  -2.187  -3.135  -4.047   0
   5.32106638  -2.084  -2.597  -3.395  -4.193   1
   5.35342407  -1.884  -2.502  -3.386  -4.249   0
   5.36671162  -1.481  -2.275  -3.279  -4.229   0
   5.37744856  -0.879  -1.943  -3.090  -4.153   0
   5.39208794  -0.177  -1.541  -2.814  -4.004   0
   5.41006422   0.117  -1.451  -2.803  -4.081   4
   5.41148949   0.193  -1.475  -2.864  -4.181   0
   5.41156054   0.202  -1.482  -2.878  -4.201   0
   5.41182947   0.237  -1.535  -2.964  -4.321   0
   5.41320801   0.279  -1.590  -3.057  -4.456   0
   5.41371155   0.303  -1.637  -3.130  -4.559   0
   5.41448355   0.339  -1.704  -3.236  -4.706   0
   5.41545630   0.379  -1.763  -3.332  -4.842   0
   5.41652918   0.315  -1.792  -3.377  -4.962   0
   5.41741657   0.216  -1.818  -3.409  -5.065   0
   5.41832018   0.095  -1.845  -3.440  -5.179   0
   5.41902256  -0.027  -1.871  -3.467  -5.281   2
   5.41965771  -0.160  -1.895  -3.490  -5.383   0
   5.42017555  -0.211  -1.871  -3.472  -5.476   0
   5.42062664  -0.261  -1.853  -3.457  -5.562   0
   5.42124414  -0.339  -1.874  -3.481  -5.669   0
   5.42152786  -0.396  -1.880  -3.488  -5.745   0
   5.42176151  -0.443  -1.869  -3.477  -5.812   0
   5.42201185  -0.494  -1.842  -3.448  -5.888   0
   5.42244530  -0.482  -1.809  -3.411  -5.890   0
   5.42251205  -0.454  -1.713  -3.306  -5.906   0
   5.42259550  -0.425  -1.613  -3.196  -5.922   0
   5.42271185  -0.401  -1.538  -3.115  -5.931   0
