   0.15000001  16.097  14.565  12.988  10.478   0
   0.20000000  14.929  13.517  12.016   9.740   0
   0.25000000  14.237  12.873  11.408   9.255   0
   0.30000001  13.730  12.388  10.939   8.902   0
   0.34999999  13.296  11.968  10.530   8.602   0
   0.40000001  12.861  11.544  10.118   8.275   0
   0.44999999  12.406  11.104   9.702   7.956   0
   0.50000000  11.931  10.643   9.269   7.642   0
   0.55000001  11.448  10.172   8.837   7.300   0
   0.60000002  10.971   9.711   8.425   6.965   0
   0.69999999   9.821   8.704   7.549   6.273   0
   0.80000001   8.502   7.674   6.668   5.590   0
   0.89999998   7.248   6.741   5.881   4.986   0
   1.00000000   6.266   5.994   5.256   4.481   0
   1.10000002   5.507   5.369   4.724   4.030   0
   1.20000005   4.721   4.688   4.146   3.543   0
   1.29999995   4.158   4.165   3.699   3.167   0
   1.39999998   3.686   3.704   3.306   2.846   0
   1.50000000   3.294   3.301   2.969   2.590   0
   1.60000002   2.931   2.909   2.645   2.360   0
   1.70000005   2.607   2.556   2.356   2.161   0
   1.79999995   2.335   2.268   2.128   2.008   0
   1.89999998   2.095   2.041   1.947   1.878   0
   1.95000005   1.982   1.938   1.865   1.816   0
   2.00000000   1.810   1.784   1.731   1.701   0
   2.20000005   1.452   1.498   1.497   1.517   0
   2.50000000   0.933   1.104   1.154   1.213   0
   3.00000000   0.240   0.592   0.684   0.778   0
   3.50000000  -0.290   0.191   0.307   0.423   0
   3.68678546  -0.459   0.059   0.183   0.306   0
   4.00000000  -0.720  -0.146  -0.012   0.123   0
   4.50000000  -1.069  -0.425  -0.275  -0.123   0
   5.00000000  -1.386  -0.687  -0.523  -0.357   0
   6.00000000  -1.931  -1.147  -0.961  -0.770   0
   7.00000000  -2.389  -1.538  -1.335  -1.124   0
   9.00000000  -3.188  -2.237  -2.010  -1.768   0
  12.00000000  -4.060  -3.015  -2.764  -2.494   0
  13.08725262  -4.319  -3.252  -2.995  -2.716   0
  15.00000000  -4.756  -3.655  -3.387  -3.095   0
  19.61993790  -5.562  -4.413  -4.134  -3.834   0
  20.00000000  -5.623  -4.472  -4.192  -3.892   0
  25.80101585  -6.337  -5.172  -4.890  -4.589   1
  30.00000000  -6.836  -5.676  -5.396  -5.096   0
  30.63003922  -6.899  -5.740  -5.460  -5.161   0
  36.47529602  -7.611  -6.482  -6.220  -5.942   0
  40.00000000  -8.211  -7.147  -6.920  -6.690   0
  42.04253006  -8.489  -7.513  -7.301  -7.090   0
  44.05521393  -9.003  -8.183  -8.017  -7.874   0
  44.57179260  -9.389  -8.899  -8.801  -8.759   2
  48.35534668  -9.037  -8.100  -7.923  -7.756   0
  50.39623642  -8.848  -7.853  -7.639  -7.424   0
  50.70678329  -8.769  -7.709  -7.483  -7.254   0
  50.78053284  -8.613  -7.519  -7.274  -7.019   0
  50.81082916  -8.439  -7.298  -7.033  -6.753   1
  50.82794952  -8.599  -7.499  -7.247  -6.981   0
  50.83399582  -8.822  -7.740  -7.510  -7.275   0
  50.83903885  -8.993  -7.998  -7.784  -7.569   0
  50.84130859  -9.097  -8.159  -7.953  -7.750   0
  50.84382629  -9.299  -8.358  -8.180  -8.013   0
  50.84634781  -9.390  -8.522  -8.349  -8.195   0
  50.84886932  -9.481  -8.682  -8.519  -8.382   0
  50.85138702  -9.582  -8.855  -8.705  -8.588   0
  50.85391235  -9.738  -9.049  -8.931  -8.855   0
  50.85643387  -9.846  -9.336  -9.229  -9.173   0
  50.85870361  -9.968  -9.580  -9.511  -9.508   0
  50.86097336  -9.985  -9.665  -9.603  -9.610   0
  50.86299133  -9.981  -9.860  -9.843  -9.900   0
  50.86501312  -9.962  -9.916  -9.934 -10.028   0
  50.86652374  -9.937  -9.947  -9.983 -10.097   0
  50.86727905  -9.931  -9.957 -10.000 -10.120   0
  50.86828995  -9.930  -9.967 -10.014 -10.138   0
  50.86930084  -9.927  -9.977 -10.030 -10.160   0
  50.87005997  -9.907  -9.987 -10.052 -10.195   0
  50.87106705  -9.883  -9.983 -10.066 -10.224   0
  50.87283325  -9.852  -9.972 -10.083 -10.262   0
  50.87687302  -9.803  -9.959 -10.107 -10.319   0
  50.88066101  -9.742  -9.953 -10.116 -10.356   0
  50.88470078  -9.684  -9.946 -10.124 -10.391   0
  50.89076233  -9.592  -9.902 -10.126 -10.441   0
  50.90061569  -9.491  -9.848 -10.132 -10.505   0
  50.92261505  -9.383  -9.785 -10.161 -10.610   2
  50.94097900  -8.422  -7.274  -7.002  -6.713   0
  50.97792816  -8.158  -6.974  -6.688  -6.388   0
  50.97877121  -8.091  -6.902  -6.614  -6.315   0
  50.97961807  -8.043  -6.850  -6.561  -6.262   0
  50.98109436  -7.989  -6.794  -6.503  -6.202   0
  50.98320770  -7.941  -6.744  -6.451  -6.147   0
  50.98553085  -7.892  -6.694  -6.399  -6.091   0
  50.98764420  -7.849  -6.649  -6.352  -6.041   0
  50.98997116  -7.800  -6.599  -6.300  -5.987   0
  50.99208069  -7.748  -6.544  -6.244  -5.929   0
  50.99356079  -7.704  -6.498  -6.196  -5.880   0
  50.99799728  -7.654  -6.446  -6.142  -5.825   0
  51.00412750  -7.602  -6.391  -6.086  -5.769   0
  51.00687408  -7.554  -6.340  -6.034  -5.716   0
  51.00835419  -7.508  -6.292  -5.984  -5.666   0
  51.00962448  -7.446  -6.227  -5.918  -5.599   0
  51.01088715  -7.393  -6.172  -5.863  -5.543   0
  51.01215744  -7.346  -6.123  -5.812  -5.492   0
  51.01363754  -7.285  -6.060  -5.748  -5.425   0
  51.01554108  -7.229  -6.003  -5.689  -5.364   0
  51.01723099  -7.183  -5.955  -5.640  -5.312   0
  51.01913452  -7.135  -5.905  -5.589  -5.261   1
  51.02167130  -7.102  -5.869  -5.555  -5.233   0
  51.02547836  -7.065  -5.829  -5.518  -5.202   0
  51.02822495  -7.040  -5.801  -5.491  -5.180   0
  51.03224182  -7.011  -5.770  -5.462  -5.155   0
  51.03964615  -6.961  -5.716  -5.410  -5.111   0
  51.05445480  -6.755  -5.504  -5.192  -4.886   0
  51.06291962  -6.611  -5.356  -5.041  -4.731   0
  51.07667542  -6.373  -5.113  -4.793  -4.476   0
  51.10144806  -5.961  -4.692  -4.363  -4.037   0
  51.12962341  -5.618  -4.343  -4.008  -3.676   0
  51.16184235  -5.372  -4.094  -3.757  -3.420   0
  51.18135834  -5.253  -3.973  -3.635  -3.296   0
  51.19302750  -5.191  -3.910  -3.571  -3.231   0
  51.21403885  -5.095  -3.813  -3.473  -3.132   0
  51.23930359  -4.992  -3.708  -3.366  -3.025   0
  51.27287674  -4.871  -3.587  -3.244  -2.901   0
  51.29307175  -4.811  -3.526  -3.182  -2.839   0
  51.32923508  -4.714  -3.428  -3.083  -2.738   0
  51.37287903  -4.616  -3.329  -2.984  -2.638   0
  51.42509079  -4.448  -3.159  -2.813  -2.465   0
  51.45878983  -4.379  -3.090  -2.743  -2.394   0
  51.56431580  -4.252  -2.963  -2.615  -2.266   0
  51.92642593  -4.039  -2.750  -2.402  -2.053   0
  52.30168152  -3.864  -2.575  -2.227  -1.878   0
  52.32687378  -3.845  -2.556  -2.208  -1.858   0
  52.76041031  -3.684  -2.395  -2.047  -1.697   0
  53.24377823  -3.532  -2.243  -1.895  -1.546   0
  53.83360672  -3.381  -2.092  -1.744  -1.395   0
  54.49517441  -3.238  -1.949  -1.601  -1.253   1
  55.28926468  -3.097  -1.808  -1.461  -1.112   0
  56.23758698  -2.957  -1.668  -1.321  -0.972   0
  57.39839172  -2.809  -1.520  -1.173  -0.824   0
  58.81956482  -2.649  -1.360  -1.013  -0.664   2
  60.00000000  -2.524  -1.235  -0.887  -0.539   0
  61.92821884  -2.389  -1.100  -0.752  -0.402   0
  64.16171265  -2.216  -0.926  -0.577  -0.227   0
  65.39607239  -2.078  -0.787  -0.437  -0.085   0
  65.49075317  -2.062  -0.770  -0.420  -0.068   0
  65.84685516  -1.962  -0.669  -0.317   0.036   0
  65.95656586  -1.886  -0.592  -0.239   0.116   0
  65.99704742  -1.834  -0.539  -0.185   0.170   0
  66.04280853  -1.764  -0.468  -0.114   0.243   0
  66.08654022  -1.697  -0.400  -0.044   0.314   0
  66.13473511  -1.623  -0.325   0.031   0.390   0
  66.18536377  -1.551  -0.252   0.105   0.465   4
  66.33970642  -1.571  -0.272   0.086   0.446   0
  66.43654633  -1.742  -0.443  -0.086   0.274   0
  66.50949097  -1.917  -0.618  -0.262   0.098   0
  66.55690765  -2.072  -0.774  -0.418  -0.059   0
