   0.15000001  16.096  14.565  12.987  10.478   0
   0.20000000  14.929  13.516  12.016   9.740   0
   0.25000000  14.236  12.873  11.407   9.254   0
   0.30000001  13.729  12.387  10.938   8.901   0
   0.34999999  13.295  11.967  10.529   8.601   0
   0.40000001  12.860  11.543  10.116   8.274   0
   0.44999999  12.406  11.104   9.701   7.956   0
   0.50000000  11.930  10.642   9.268   7.641   0
   0.55000001  11.447  10.171   8.836   7.299   0
   0.60000002  10.971   9.711   8.424   6.964   0
   0.69999999   9.826   8.707   7.551   6.272   0
   0.80000001   8.491   7.665   6.660   5.583   0
   0.89999998   7.231   6.728   5.869   4.975   0
   0.96081567   6.603   6.250   5.467   4.651   0
   1.00000000   6.223   5.957   5.223   4.451   0
   1.06201303   5.717   5.544   4.872   4.155   0
   1.10000002   5.418   5.298   4.665   3.981   0
   1.14263582   5.082   5.007   4.417   3.772   0
   1.20000005   4.697   4.666   4.126   3.525   0
   1.29999995   4.150   4.157   3.692   3.161   0
   1.39999998   3.677   3.694   3.295   2.833   0
   1.50000000   3.286   3.293   2.959   2.576   0
   1.60000002   2.924   2.903   2.636   2.347   0
   1.70000005   2.613   2.563   2.359   2.158   0
   1.79999995   2.337   2.269   2.123   1.996   0
   1.89999998   2.074   2.017   1.920   1.845   0
   1.95000005   1.961   1.912   1.835   1.782   0
   2.00000000   1.845   1.811   1.750   1.713   0
   2.20000005   1.423   1.456   1.450   1.463   0
   2.50000000   0.881   1.029   1.073   1.127   0
   2.66868615   0.615   0.823   0.884   0.950   0
   3.00000000   0.137   0.450   0.536   0.622   0
   3.38783646  -0.343   0.069   0.173   0.275   0
   3.50000000  -0.472  -0.037   0.073   0.179   0
   3.91637850  -0.910  -0.398  -0.274  -0.154   0
   4.00000000  -0.996  -0.470  -0.343  -0.221   0
   4.33668709  -1.334  -0.763  -0.626  -0.495   0
   4.50000000  -1.499  -0.910  -0.768  -0.634   0
   4.68096304  -1.678  -1.072  -0.925  -0.787   0
   4.94702959  -1.952  -1.325  -1.174  -1.031   0
   5.00000000  -2.009  -1.378  -1.227  -1.084   0
   5.18056965  -2.203  -1.564  -1.410  -1.267   0
   5.37023354  -2.423  -1.780  -1.625  -1.481   0
   5.53091145  -2.626  -1.986  -1.831  -1.690   1
   5.66756344  -2.818  -2.186  -2.032  -1.895   0
   5.78326654  -3.001  -2.384  -2.232  -2.101   0
   5.88043690  -3.172  -2.576  -2.429  -2.305   0
   5.92294121  -3.254  -2.668  -2.524  -2.404   0
   5.96171904  -3.331  -2.754  -2.612  -2.495   0
   5.98733664  -3.382  -2.806  -2.664  -2.548   0
   6.00000000  -3.403  -2.823  -2.680  -2.563   0
   6.00079346  -3.404  -2.824  -2.681  -2.564   3
   6.01395750  -3.420  -2.824  -2.678  -2.557   0
   6.02283049  -3.417  -2.785  -2.631  -2.499   0
   6.02535200  -3.416  -2.756  -2.595  -2.454   0
   6.02685165  -3.431  -2.737  -2.569  -2.418   0
   6.02693224  -3.424  -2.732  -2.564  -2.413   0
   6.02733183  -3.369  -2.706  -2.544  -2.401   0
   6.02768040  -3.411  -2.781  -2.627  -2.496   0
   6.02800131  -3.503  -2.904  -2.758  -2.637   0
   6.02837706  -3.607  -3.044  -2.906  -2.796   0
   6.02880383  -3.702  -3.182  -3.052  -2.955   0
   6.02928114  -3.785  -3.315  -3.194  -3.112   0
   6.02962542  -3.830  -3.402  -3.288  -3.216   0
   6.02998543  -3.868  -3.487  -3.382  -3.322   0
   6.03017282  -3.882  -3.530  -3.430  -3.376   0
   6.03055477  -3.904  -3.614  -3.525  -3.484   0
   6.03094769  -3.915  -3.698  -3.622  -3.596   0
   6.03134871  -3.909  -3.781  -3.719  -3.712   0
   6.03175306  -3.875  -3.853  -3.814  -3.834   0
   6.03195953  -3.846  -3.883  -3.860  -3.897   0
   6.03216553  -3.795  -3.892  -3.897  -3.962   0
   6.03237152  -3.725  -3.881  -3.923  -4.026   0
   6.03257751  -3.631  -3.843  -3.934  -4.090   3
   6.03278399  -3.512  -3.764  -3.923  -4.153   0
   6.03298950  -3.368  -3.630  -3.890  -4.217   0
   6.03319168  -3.181  -3.448  -3.830  -4.274   0
   6.03339767  -2.903  -3.208  -3.737  -4.317   0
   6.03359985  -2.447  -2.876  -3.598  -4.339   0
   6.03380156  -1.756  -2.453  -3.393  -4.297   0
   6.03400373  -1.178  -2.104  -3.179  -4.188   0
   6.03424072  -0.609  -1.747  -2.926  -4.026   0
   6.03436089  -0.391  -1.625  -2.844  -3.985   4
   6.03457928  -0.141  -1.559  -2.854  -4.072   0
   6.03477430  -0.014  -1.619  -2.984  -4.276   0
   6.03493357   0.046  -1.676  -3.086  -4.421   0
   6.03524542   0.081  -1.741  -3.190  -4.566   0
   6.03584099   0.125  -1.789  -3.273  -4.688   0
   6.03655720   0.168  -1.841  -3.360  -4.815   0
   6.03726959   0.203  -1.897  -3.450  -4.941   0
   6.03802013   0.208  -1.954  -3.536  -5.071   0
   6.03877878   0.109  -1.986  -3.576  -5.181   0
   6.04111004   0.042  -2.004  -3.597  -5.249   2
   6.05261278   0.139  -1.992  -3.580  -5.151   0
   6.05850935   0.181  -1.959  -3.526  -5.030   0
   6.06305122   0.147  -1.902  -3.435  -4.904   0
   6.06784296   0.108  -1.843  -3.341  -4.769   0
   6.07315445   0.070  -1.788  -3.249  -4.639   0
   6.07951641   0.024  -1.744  -3.171  -4.522   0
   6.08960915  -0.053  -1.712  -3.098  -4.407   4
   6.10485935  -0.238  -1.771  -3.109  -4.365   0
   6.11516953  -0.631  -2.022  -3.306  -4.494   0
   6.11804533  -1.076  -2.299  -3.513  -4.631   0
   6.11938524  -1.419  -2.495  -3.644  -4.702   0
   6.12071514  -1.901  -2.758  -3.792  -4.761   0
   6.12137747  -2.170  -2.907  -3.865  -4.778   0
   6.12269974  -2.607  -3.160  -3.979  -4.789   0
   6.12380648  -2.855  -3.312  -4.043  -4.788   0
   6.12577105  -3.082  -3.467  -4.103  -4.773   0
   6.16603899  -3.464  -3.780  -4.275  -4.824   1
   6.19929171  -3.365  -3.717  -4.293  -4.913   0
   6.20925093  -3.226  -3.625  -4.270  -4.945   0
   6.21599627  -3.064  -3.519  -4.236  -4.969   0
   6.22121859  -2.856  -3.392  -4.189  -4.982   0
   6.22539234  -2.639  -3.261  -4.137  -4.988   0
   6.22929478  -2.372  -3.113  -4.069  -4.978   0
   6.23408699  -2.035  -2.921  -3.968  -4.946   0
   6.23840523  -1.609  -2.674  -3.817  -4.867   0
   6.24391603  -1.055  -2.372  -3.625  -4.776   0
   6.26831341  -0.170  -1.943  -3.371  -4.714   4
   6.27143383  -0.067  -1.955  -3.427  -4.822   0
   6.27162695  -0.048  -1.962  -3.445  -4.852   0
   6.27197170  -0.011  -1.998  -3.508  -4.945   0
   6.27364969   0.049  -2.044  -3.593  -5.074   0
   6.27430201   0.097  -2.093  -3.679  -5.197   0
   6.27521133  -0.007  -2.118  -3.713  -5.316   0
   6.27624035  -0.118  -2.140  -3.739  -5.422   0
   6.27745199  -0.246  -2.167  -3.768  -5.533   0
   6.27853632  -0.373  -2.192  -3.793  -5.633   2
   6.27952623  -0.489  -2.204  -3.804  -5.734   0
   6.28028584  -0.539  -2.182  -3.787  -5.824   0
   6.28096485  -0.588  -2.157  -3.764  -5.907   0
   6.28180981  -0.679  -2.203  -3.811  -6.018   0
   6.28206587  -0.727  -2.179  -3.788  -6.091   0
   6.28230524  -0.776  -2.151  -3.758  -6.160   0
   6.28254843  -0.775  -2.079  -3.678  -6.198   0
   6.28262091  -0.773  -2.069  -3.667  -6.201   0
