   0.15000001  16.097  14.565  12.988  10.478   0
   0.20000000  14.929  13.517  12.016   9.740   0
   0.25000000  14.237  12.873  11.408   9.255   0
   0.30000001  13.730  12.388  10.938   8.902   0
   0.34999999  13.296  11.968  10.530   8.602   0
   0.40000001  12.861  11.544  10.118   8.275   0
   0.44999999  12.406  11.104   9.702   7.956   0
   0.50000000  11.931  10.643   9.269   7.642   0
   0.55000001  11.448  10.172   8.837   7.299   0
   0.60000002  10.971   9.711   8.425   6.965   0
   0.69999999   9.821   8.704   7.550   6.273   0
   0.80000001   8.501   7.673   6.667   5.589   0
   0.89999998   7.246   6.740   5.880   4.985   0
   1.00000000   6.261   5.990   5.252   4.478   0
   1.10000002   5.497   5.362   4.718   4.024   0
   1.20000005   4.717   4.684   4.143   3.540   0
   1.29999995   4.158   4.164   3.698   3.167   0
   1.39999998   3.685   3.703   3.305   2.844   0
   1.50000000   3.294   3.302   2.969   2.589   0
   1.60000002   2.931   2.910   2.645   2.359   0
   1.70000005   2.612   2.561   2.361   2.164   0
   1.79999995   2.341   2.274   2.133   2.011   0
   1.89999998   2.093   2.038   1.944   1.874   0
   1.95000005   1.982   1.938   1.864   1.815   0
   2.00000000   1.838   1.810   1.755   1.723   0
   2.20000005   1.454   1.498   1.496   1.515   0
   2.36123323   1.163   1.273   1.302   1.345   0
   2.50000000   0.930   1.099   1.148   1.207   0
   3.00000000   0.234   0.581   0.672   0.765   0
   3.50000000  -0.307   0.168   0.283   0.397   0
   4.00000000  -0.746  -0.179  -0.045   0.088   0
   4.50000000  -1.109  -0.472  -0.323  -0.174   0
   5.00000000  -1.440  -0.749  -0.587  -0.422   0
   5.95683956  -1.994  -1.223  -1.039  -0.853   0
   6.00000000  -2.017  -1.243  -1.059  -0.871   0
   7.00000000  -2.514  -1.673  -1.472  -1.264   0
   7.86652088  -2.919  -2.031  -1.818  -1.596   0
   9.00000000  -3.429  -2.489  -2.264  -2.028   0
  10.20254898  -3.885  -2.904  -2.670  -2.422   0
  12.00000000  -4.580  -3.555  -3.313  -3.055   0
  13.43535900  -5.129  -4.092  -3.848  -3.591   1
  14.56564331  -5.632  -4.606  -4.369  -4.121   0
  15.00000000  -5.875  -4.862  -4.633  -4.397   0
  15.44745922  -6.091  -5.096  -4.873  -4.646   0
  15.89025307  -6.348  -5.387  -5.175  -4.962   0
  16.14846230  -6.491  -5.547  -5.339  -5.133   0
  16.20549202  -6.503  -5.551  -5.342  -5.134   3
  16.26973724  -6.459  -5.462  -5.244  -5.023   0
  16.27781105  -6.457  -5.424  -5.196  -4.964   0
  16.27925301  -6.450  -5.409  -5.180  -4.945   0
  16.28170395  -6.453  -5.434  -5.210  -4.983   0
  16.28273964  -6.501  -5.501  -5.282  -5.061   0
  16.28339958  -6.546  -5.564  -5.350  -5.134   0
  16.28408241  -6.604  -5.644  -5.434  -5.225   0
  16.28476715  -6.653  -5.723  -5.517  -5.315   0
  16.28535271  -6.707  -5.802  -5.602  -5.409   0
  16.28603745  -6.790  -5.897  -5.707  -5.529   0
  16.28662300  -6.855  -5.987  -5.805  -5.637   0
  16.28711128  -6.915  -6.076  -5.900  -5.743   0
  16.28730583  -6.940  -6.112  -5.939  -5.787   0
  16.28781891  -6.994  -6.195  -6.029  -5.887   0
  16.28822708  -7.047  -6.275  -6.116  -5.985   0
  16.28863716  -7.096  -6.360  -6.207  -6.087   0
  16.28914833  -7.153  -6.455  -6.312  -6.205   0
  16.28955841  -7.217  -6.542  -6.414  -6.325   0
  16.28986549  -7.252  -6.623  -6.499  -6.419   0
  16.29027367  -7.289  -6.719  -6.600  -6.528   0
  16.29058075  -7.324  -6.808  -6.696  -6.634   0
  16.29099083  -7.378  -6.893  -6.798  -6.758   0
  16.29129791  -7.425  -6.974  -6.896  -6.880   0
  16.29150200  -7.437  -7.036  -6.966  -6.960   0
  16.29180908  -7.441  -7.113  -7.051  -7.056   0
  16.29201317  -7.437  -7.180  -7.126  -7.140   0
  16.29221725  -7.420  -7.246  -7.199  -7.223   0
  16.29252434  -7.409  -7.296  -7.276  -7.329   0
  16.29273033  -7.386  -7.334  -7.339  -7.421   0
  16.29293442  -7.321  -7.378  -7.401  -7.505   0
  16.29324150  -7.215  -7.376  -7.443  -7.595   0
  16.29344559  -7.083  -7.331  -7.454  -7.668   3
  16.29375267  -6.892  -7.209  -7.435  -7.751   0
  16.29395866  -6.676  -7.040  -7.394  -7.821   0
  16.29416275  -6.404  -6.820  -7.326  -7.877   0
  16.29436684  -6.203  -6.665  -7.268  -7.899   0
  16.29446983  -5.988  -6.515  -7.205  -7.903   0
  16.29457092  -5.756  -6.358  -7.136  -7.900   0
  16.29467392  -5.478  -6.180  -7.053  -7.887   0
  16.29477692  -5.136  -5.972  -6.947  -7.856   0
  16.29487991  -4.740  -5.741  -6.827  -7.814   0
  16.29508400  -4.223  -5.458  -6.670  -7.746   0
  16.29518700  -3.708  -5.187  -6.502  -7.662   0
  16.29528809  -3.264  -4.951  -6.348  -7.581   0
  16.29549217  -2.657  -4.622  -6.117  -7.455   0
  16.29579926  -2.197  -4.377  -5.952  -7.389   0
  16.29598236  -1.883  -4.262  -5.910  -7.435   0
  16.29616356  -2.063  -4.200  -5.843  -7.539   0
  16.29625511  -2.189  -4.246  -5.887  -7.636   0
  16.29634666  -2.325  -4.310  -5.948  -7.742   0
  16.29643822  -2.474  -4.342  -5.973  -7.832   3
  16.29652977  -2.639  -4.319  -5.927  -7.917   0
  16.29898834  -2.766  -4.237  -5.833  -8.063   0
  16.30617905  -2.775  -4.189  -5.788  -8.105   0
  16.32892227  -2.773  -4.304  -5.899  -8.047   0
  16.35059929  -2.723  -4.378  -5.981  -7.985   0
  16.37873840  -2.593  -4.432  -6.057  -7.924   0
  16.46562195  -2.387  -4.506  -6.160  -7.889   0
  16.49854851  -2.356  -4.571  -6.233  -7.912   0
  16.58658028  -2.385  -4.838  -6.512  -8.033   2
  16.61046028  -2.777  -5.063  -6.676  -8.121   0
  16.61805534  -3.419  -5.403  -6.908  -8.228   0
  16.62055588  -4.079  -5.721  -7.105  -8.306   0
  16.62305641  -5.175  -6.258  -7.382  -8.390   0
  16.62555504  -6.005  -6.709  -7.562  -8.378   0
  16.62684822  -6.311  -6.891  -7.623  -8.350   0
  16.62926102  -6.646  -7.111  -7.685  -8.291   0
  16.63175774  -6.821  -7.238  -7.715  -8.242   0
  16.63416672  -6.927  -7.317  -7.729  -8.204   0
  16.63907051  -7.020  -7.390  -7.739  -8.163   0
  16.64620399  -7.050  -7.413  -7.742  -8.150   1
  16.67703819  -6.937  -7.325  -7.728  -8.196   0
  16.69815063  -6.821  -7.237  -7.711  -8.236   0
  16.71887779  -6.691  -7.142  -7.688  -8.271   0
  16.73921204  -6.545  -7.040  -7.662  -8.304   0
  16.75768661  -6.396  -6.943  -7.633  -8.328   0
  16.77394676  -6.246  -6.847  -7.603  -8.349   0
  16.78741264  -6.070  -6.743  -7.567  -8.363   0
  16.80056000  -5.865  -6.622  -7.525  -8.378   0
  16.81100464  -5.662  -6.511  -7.481  -8.382   0
  16.82100868  -5.455  -6.398  -7.436  -8.383   0
  16.82863617  -5.238  -6.283  -7.386  -8.379   0
  16.83478737  -4.981  -6.153  -7.325  -8.366   0
  16.84082985  -4.712  -6.016  -7.259  -8.351   0
  16.84402466  -4.414  -5.875  -7.183  -8.326   0
  16.84870529  -3.828  -5.595  -7.025  -8.269   0
  16.85121727  -3.466  -5.422  -6.917  -8.228   0
  16.85418892  -3.037  -5.206  -6.777  -8.168   0
  16.85647392  -2.714  -5.030  -6.654  -8.112   0
  16.86036301  -2.362  -4.833  -6.513  -8.041   2
  16.87146378  -2.415  -4.690  -6.360  -8.014   0
  17.09673691  -2.762  -4.606  -6.225  -8.077   0
  17.11527634  -2.900  -4.598  -6.196  -8.120   0
  17.12261009  -2.933  -4.445  -6.034  -8.186   1
  17.12599945  -2.925  -4.350  -5.944  -8.231   0
  17.13012123  -2.919  -4.286  -5.890  -8.291   0
  17.13607407  -2.955  -4.269  -5.871  -8.370   0
