   0.15000001  16.095  14.563  12.986  10.477   0
   0.20000000  14.925  13.514  12.013   9.738   0
   0.25000000  14.232  12.868  11.403   9.250   0
   0.30000001  13.723  12.381  10.932   8.896   0
   0.34999999  13.289  11.961  10.524   8.595   0
   0.40000001  12.851  11.534  10.107   8.264   0
   0.44095337  12.478  11.174   9.767   8.004   0
   0.44999999  12.402  11.100   9.698   7.953   0
   0.50000000  11.923  10.635   9.262   7.635   0
   0.55000001  11.442  10.166   8.831   7.294   0
   0.60000002  10.969   9.708   8.419   6.957   0
   0.69999999   9.843   8.715   7.552   6.265   0
   0.80000001   8.454   7.638   6.637   5.567   0
   0.89999998   7.179   6.688   5.835   4.948   0
   1.00000000   6.149   5.898   5.172   4.407   0
   1.07440627   5.526   5.385   4.737   4.040   0
   1.10000002   5.324   5.217   4.594   3.919   0
   1.13726354   5.057   4.981   4.391   3.746   0
   1.20000005   4.639   4.608   4.070   3.471   0
   1.20640981   4.598   4.572   4.039   3.445   0
   1.28757799   4.141   4.142   3.671   3.134   0
   1.29999995   4.077   4.081   3.618   3.089   0
   1.39999998   3.605   3.618   3.219   2.758   0
   1.50000000   3.196   3.199   2.862   2.476   0
   1.60000002   2.829   2.805   2.529   2.228   0
   1.61556709   2.778   2.749   2.482   2.193   0
   1.70000005   2.510   2.458   2.234   2.005   0
   1.79999995   2.216   2.146   1.967   1.794   0
   1.81156933   2.184   2.111   1.938   1.771   0
   1.89999998   1.939   1.854   1.715   1.588   0
   1.95000005   1.805   1.720   1.597   1.486   0
   1.97364497   1.744   1.660   1.543   1.438   0
   2.00000000   1.677   1.593   1.482   1.383   0
   2.09946823   1.422   1.342   1.255   1.178   0
   2.20000005   1.173   1.095   1.024   0.962   0
   2.20468760   1.162   1.084   1.013   0.952   0
   2.29527640   0.942   0.866   0.805   0.750   0
   2.37192416   0.763   0.683   0.623   0.567   1
   2.43759894   0.615   0.527   0.462   0.397   0
   2.49440265   0.497   0.393   0.317   0.238   0
   2.50000000   0.485   0.380   0.303   0.222   0
   2.55012488   0.392   0.266   0.174   0.074   0
   2.59465575   0.318   0.182   0.065  -0.065   0
   2.61491656   0.285   0.143   0.013  -0.132   0
   2.63387370   0.247   0.099  -0.040  -0.195   0
   2.64570808   0.211   0.061  -0.078  -0.235   0
   2.65467668   0.163   0.015  -0.114  -0.261   0
   2.66103530   0.092  -0.048  -0.154  -0.275   0
   2.66528940  -0.036  -0.144  -0.203  -0.274   0
   2.66646290  -0.149  -0.215  -0.239  -0.273   0
   2.66709208  -0.272  -0.284  -0.277  -0.281   0
   2.66718054  -0.233  -0.253  -0.250  -0.259   0
   2.66735387  -0.098  -0.164  -0.189  -0.223   4
   2.66757560  -0.067  -0.177  -0.237  -0.308   0
   2.66789436  -0.077  -0.222  -0.323  -0.442   0
   2.66833401  -0.049  -0.212  -0.370  -0.555   0
   2.66869521  -0.007  -0.165  -0.374  -0.615   3
   2.66912794   0.057  -0.091  -0.358  -0.666   0
   2.66962886   0.153   0.016  -0.320  -0.710   0
   2.66999578   0.240   0.107  -0.280  -0.731   0
   2.67037988   0.362   0.220  -0.228  -0.740   0
   2.67098331   0.596   0.420  -0.123  -0.727   0
   2.67160511   0.911   0.666   0.022  -0.668   0
   2.67201996   1.164   0.858   0.149  -0.594   0
   2.67243290   1.450   1.071   0.302  -0.491   0
   2.67284250   1.731   1.284   0.460  -0.377   0
   2.67345619   2.106   1.545   0.648  -0.250   0
   2.67366052   2.182   1.588   0.672  -0.243   4
   2.67442131   2.290   1.584   0.606  -0.362   0
   2.67501450   2.266   1.497   0.488  -0.508   0
   2.67573595   2.216   1.387   0.349  -0.673   0
   2.67655253   2.152   1.265   0.197  -0.849   0
   2.67721128   2.102   1.167   0.075  -0.992   0
   2.67800307   2.056   1.055  -0.066  -1.160   0
   2.67881083   1.991   0.929  -0.218  -1.337   0
   2.67943645   1.941   0.833  -0.334  -1.471   0
   2.68010044   1.890   0.730  -0.460  -1.617   0
   2.68074131   1.853   0.635  -0.580  -1.759   0
   2.68130612   1.824   0.549  -0.690  -1.891   0
   2.68185997   1.799   0.465  -0.797  -2.023   0
   2.68240309   1.774   0.382  -0.904  -2.153   0
   2.68292928   1.765   0.311  -0.998  -2.272   0
   2.68318272   1.765   0.289  -1.030  -2.312   2
   2.68361330   1.762   0.345  -0.950  -2.208   0
   2.68415093   1.776   0.420  -0.851  -2.085   0
   2.68480372   1.794   0.497  -0.751  -1.961   0
   2.68551683   1.822   0.582  -0.643  -1.830   0
   2.68631673   1.860   0.681  -0.518  -1.681   0
   2.68710732   1.901   0.783  -0.388  -1.528   0
   2.68796849   1.953   0.898  -0.246  -1.361   0
   2.68886352   2.007   1.014  -0.104  -1.193   0
   2.68992686   2.054   1.124   0.035  -1.028   0
   2.69126034   2.104   1.231   0.170  -0.869   0
   2.69327974   2.160   1.343   0.310  -0.706   0
   2.69606495   2.196   1.427   0.418  -0.578   0
   2.70155811   2.197   1.478   0.493  -0.479   1
   2.79916072   1.925   1.194   0.203  -0.771   0
   2.80237103   1.914   1.183   0.193  -0.781   0
   2.86981821   1.742   0.991  -0.009  -0.990   0
   2.91668820   1.682   0.871  -0.158  -1.164   0
   2.93428659   1.680   0.807  -0.254  -1.287   0
   2.93811202   1.674   0.749  -0.337  -1.391   0
   2.93894053   1.658   0.672  -0.443  -1.522   0
   2.93916464   1.641   0.605  -0.532  -1.632   0
   2.93923497   1.634   0.578  -0.567  -1.676   0
   2.93934393   1.606   0.498  -0.669  -1.799   0
   2.93944931   1.578   0.416  -0.775  -1.926   0
   2.93956971   1.555   0.337  -0.878  -2.051   0
   2.94080019   1.564   0.375  -0.827  -1.988   1
   2.94465065   1.531   0.183  -1.085  -2.309   0
   2.94568825   1.510   0.069  -1.235  -2.496   0
   2.94659829   1.469  -0.061  -1.399  -2.694   0
   2.94739532   1.469  -0.178  -1.561  -2.901   0
   2.94800711   1.466  -0.280  -1.703  -3.084   0
   2.94842553   1.474  -0.354  -1.808  -3.223   0
   2.94890428   1.481  -0.447  -1.939  -3.395   0
   2.94918346   1.499  -0.490  -2.006  -3.487   0
   2.94937873   1.514  -0.522  -2.056  -3.556   0
   2.94955707   1.519  -0.552  -2.103  -3.631   0
   2.94972181   1.465  -0.564  -2.122  -3.701   0
   2.94987798   1.374  -0.586  -2.153  -3.812   0
   2.95002770   1.261  -0.615  -2.191  -3.936   0
   2.95021462   1.085  -0.637  -2.219  -4.099   0
   2.95041227   0.988  -0.621  -2.215  -4.266   0
   2.95062351   0.924  -0.588  -2.190  -4.391   0
   2.95073295   0.859  -0.557  -2.163  -4.504   0
   2.95075130   0.833  -0.540  -2.147  -4.549   2
   2.95076966   0.838  -0.482  -2.084  -4.573   0
   2.95078516   0.848  -0.452  -2.051  -4.577   0
   2.95080090   0.858  -0.422  -2.019  -4.580   0
   2.95081639   0.867  -0.393  -1.986  -4.583   0
   2.95083165   0.877  -0.363  -1.954  -4.586   0
   2.95084667   0.886  -0.334  -1.922  -4.590   0
   2.95086193   0.896  -0.305  -1.891  -4.593   0
   2.95087695   0.905  -0.276  -1.859  -4.596   0
   2.95089197   0.915  -0.246  -1.827  -4.599   0
   2.95090699   0.925  -0.217  -1.794  -4.602   0
   2.95092225   0.934  -0.187  -1.762  -4.606   0
   2.95093727   0.944  -0.158  -1.730  -4.609   0
   2.95094919   0.951  -0.134  -1.704  -4.611   0
   2.95096445   0.961  -0.104  -1.672  -4.615   0
   2.95097947   0.971  -0.075  -1.639  -4.618   0
   2.95099449   0.980  -0.045  -1.607  -4.621   0
   2.95100927   0.990  -0.016  -1.575  -4.624   0
   2.95103383   1.005   0.029  -1.526  -4.629   0
   2.95109701   1.025   0.090  -1.459  -4.635   0
   2.95115972   1.036   0.121  -1.427  -4.635   0
   2.95122218   1.051   0.155  -1.392  -4.631   0
   2.95128417   1.067   0.190  -1.357  -4.628   1
   2.95134568   1.082   0.225  -1.323  -4.624   0
   2.95140672   1.097   0.259  -1.288  -4.620   0
   2.95146751   1.112   0.294  -1.253  -4.616   0
   2.95152783   1.127   0.328  -1.218  -4.613   0
   2.95158768   1.142   0.363  -1.183  -4.609   0
   2.95164728   1.157   0.398  -1.148  -4.605   0
   2.95170641   1.172   0.432  -1.114  -4.601   0
   2.95176506   1.187   0.467  -1.079  -4.598   0
   2.95182323   1.202   0.501  -1.044  -4.594   0
   2.95188117   1.217   0.536  -1.009  -4.590   0
   2.95193863   1.232   0.570  -0.975  -4.586   0
   2.95199561   1.248   0.605  -0.940  -4.583   0
   2.95205212   1.263   0.639  -0.905  -4.579   0
   2.95210838   1.278   0.674  -0.870  -4.575   0
   2.95216417   1.293   0.708  -0.836  -4.571   0
   2.95221949   1.308   0.742  -0.801  -4.567   0
   2.95227456   1.323   0.777  -0.766  -4.564   0
   2.95232892   1.338   0.811  -0.732  -4.560   0
   2.95238304   1.353   0.846  -0.697  -4.556   0
   2.95243669   1.368   0.880  -0.663  -4.552   0
   2.95248985   1.383   0.914  -0.628  -4.548   0
   2.95254278   1.398   0.949  -0.593  -4.544   1
   2.95259500   1.401   0.969  -0.575  -4.548   0
   2.95264697   1.403   0.989  -0.558  -4.553   0
   2.95269847   1.406   1.009  -0.541  -4.557   0
   2.95274973   1.408   1.029  -0.524  -4.561   0
   2.95280027   1.410   1.049  -0.507  -4.565   0
   2.95285058   1.412   1.069  -0.490  -4.569   0
   2.95290041   1.415   1.088  -0.473  -4.573   0
   2.95294976   1.417   1.108  -0.456  -4.577   0
   2.95299888   1.420   1.128  -0.439  -4.581   0
   2.95304751   1.423   1.149  -0.421  -4.584   0
   2.95308876   1.427   1.168  -0.404  -4.586   0
   2.95312715   1.433   1.190  -0.385  -4.586   0
   2.95315719   1.443   1.215  -0.362  -4.581   0
   2.95316887   1.453   1.234  -0.345  -4.575   0
   2.95317388   1.463   1.252  -0.327  -4.567   0
   2.95317602   1.474   1.270  -0.311  -4.559   0
   2.95317793   1.485   1.288  -0.294  -4.551   0
   2.95317960   1.496   1.307  -0.276  -4.542   0
   2.95318127   1.508   1.326  -0.258  -4.532   0
   2.95318294   1.522   1.348  -0.238  -4.522   0
   2.95318460   1.536   1.371  -0.216  -4.511   0
   2.95318651   1.552   1.396  -0.192  -4.499   0
   2.95318818   1.569   1.424  -0.166  -4.486   0
   2.95318985   1.587   1.454  -0.138  -4.471   0
   2.95319152   1.608   1.488  -0.106  -4.455   0
   2.95319343   1.632   1.526  -0.070  -4.437   0
   2.95319486   1.654   1.561  -0.037  -4.420   0
