   0.15000001  16.094  14.563  12.986  10.477   0
   0.20000000  14.925  13.513  12.013   9.737   0
   0.25000000  14.231  12.868  11.402   9.250   0
   0.30000001  13.722  12.380  10.931   8.895   0
   0.34999999  13.288  11.960  10.523   8.594   0
   0.40000001  12.850  11.533  10.106   8.263   0
   0.43536171  12.525  11.219   9.810   8.036   0
   0.44999999  12.402  11.100   9.697   7.952   0
   0.50000000  11.923  10.635   9.261   7.634   0
   0.55000001  11.441  10.165   8.830   7.294   0
   0.60000002  10.968   9.707   8.418   6.957   0
   0.69999999   9.841   8.713   7.551   6.264   0
   0.80000001   8.449   7.634   6.634   5.564   0
   0.89999998   7.172   6.683   5.831   4.945   0
   1.00000000   6.142   5.892   5.166   4.403   0
   1.05530703   5.672   5.505   4.839   4.126   0
   1.10000002   5.315   5.209   4.587   3.913   0
   1.12186980   5.157   5.069   4.467   3.810   0
   1.19881248   4.637   4.606   4.068   3.469   0
   1.20000005   4.630   4.599   4.062   3.464   0
   1.27210748   4.213   4.210   3.728   3.182   0
   1.29999995   4.067   4.071   3.608   3.080   0
   1.39999998   3.594   3.607   3.208   2.746   0
   1.50000000   3.184   3.185   2.848   2.461   0
   1.55472100   2.979   2.966   2.662   2.322   0
   1.60000002   2.817   2.792   2.514   2.208   0
   1.70000005   2.497   2.445   2.216   1.980   0
   1.74484694   2.361   2.298   2.089   1.879   0
   1.79999995   2.201   2.129   1.942   1.759   0
   1.89133906   1.944   1.860   1.707   1.563   0
   1.89999998   1.920   1.835   1.685   1.544   0
   1.95000005   1.785   1.694   1.560   1.435   0
   2.00000000   1.653   1.559   1.436   1.324   0
   2.01645207   1.610   1.516   1.398   1.289   0
   2.11487746   1.358   1.264   1.162   1.069   0
   2.19713926   1.151   1.056   0.961   0.873   0
   2.20000005   1.144   1.048   0.954   0.866   0
   2.27279711   0.969   0.868   0.775   0.685   1
   2.33572721   0.825   0.713   0.615   0.516   0
   2.39015698   0.710   0.588   0.476   0.359   0
   2.43768024   0.621   0.492   0.358   0.214   0
   2.47966838   0.553   0.411   0.251   0.074   0
   2.49879670   0.522   0.380   0.205   0.010   0
   2.50000000   0.520   0.379   0.202   0.005   0
   2.50062251   0.519   0.378   0.200   0.003   0
   2.51875114   0.483   0.341   0.153  -0.058   0
   2.53006816   0.448   0.305   0.116  -0.096   2
   2.53878164   0.400   0.253   0.075  -0.124   0
   2.54495883   0.328   0.178   0.028  -0.141   0
   2.54909134   0.192   0.057  -0.038  -0.145   0
   2.55023146   0.073  -0.027  -0.083  -0.148   0
   2.55084252  -0.063  -0.117  -0.135  -0.163   1
   2.55093074  -0.024  -0.085  -0.108  -0.140   0
   2.55108905   0.120   0.023  -0.032  -0.095   0
   2.55129170   0.159   0.025  -0.067  -0.170   0
   2.55158281   0.154   0.000  -0.137  -0.294   0
   2.55198479   0.180   0.028  -0.171  -0.397   0
   2.55235147   0.225   0.080  -0.170  -0.457   0
   2.55279088   0.293   0.161  -0.148  -0.506   0
   2.55329943   0.403   0.277  -0.103  -0.543   0
   2.55367184   0.509   0.376  -0.059  -0.559   0
   2.55406189   0.632   0.490  -0.004  -0.564   0
   2.55467439   0.877   0.686   0.103  -0.534   0
   2.55530596   1.177   0.916   0.249  -0.460   0
   2.55572701   1.418   1.102   0.377  -0.379   0
   2.55614614   1.697   1.310   0.530  -0.272   0
   2.55656195   1.958   1.509   0.681  -0.160   0
   2.55718493   2.292   1.738   0.844  -0.052   0
   2.55739236   2.360   1.775   0.864  -0.048   4
   2.55820346   2.450   1.760   0.789  -0.173   0
   2.55883598   2.424   1.673   0.673  -0.317   0
   2.55960488   2.368   1.562   0.534  -0.480   0
   2.56047559   2.294   1.431   0.375  -0.662   0
   2.56117773   2.239   1.328   0.248  -0.810   0
   2.56202173   2.185   1.209   0.099  -0.986   0
   2.56288266   2.114   1.077  -0.060  -1.170   0
   2.56354976   2.060   0.975  -0.182  -1.311   0
   2.56425714   2.002   0.864  -0.316  -1.466   0
   2.56494045   1.958   0.763  -0.442  -1.614   0
   2.56554246   1.920   0.668  -0.561  -1.754   0
   2.56613278   1.890   0.578  -0.675  -1.893   0
   2.56671143   1.869   0.494  -0.786  -2.030   0
   2.56727219   1.861   0.417  -0.889  -2.161   0
   2.56754255   1.863   0.394  -0.921  -2.203   2
   2.56791115   1.856   0.458  -0.830  -2.082   0
   2.56837130   1.872   0.544  -0.716  -1.940   0
   2.56892991   1.897   0.630  -0.606  -1.805   0
   2.56954050   1.933   0.723  -0.488  -1.665   0
   2.57022524   1.974   0.825  -0.361  -1.515   0
   2.57090211   2.020   0.927  -0.234  -1.366   0
   2.57163954   2.073   1.039  -0.097  -1.205   0
   2.57240582   2.128   1.151   0.041  -1.043   0
   2.57331657   2.178   1.262   0.178  -0.880   0
   2.57445836   2.230   1.367   0.311  -0.726   0
   2.57618809   2.293   1.484   0.454  -0.560   0
   2.57857418   2.340   1.577   0.571  -0.423   0
   2.58328176   2.358   1.642   0.659  -0.313   1
   2.67755771   2.091   1.362   0.372  -0.603   0
   2.68065786   2.080   1.352   0.363  -0.611   0
   2.75047255   1.886   1.140   0.142  -0.838   0
   2.79884624   1.803   1.003  -0.022  -1.024   0
   2.81697798   1.788   0.926  -0.129  -1.159   0
   2.82091665   1.776   0.860  -0.222  -1.273   0
   2.82176971   1.754   0.777  -0.334  -1.411   0
   2.82200050   1.735   0.705  -0.429  -1.529   0
   2.82207274   1.724   0.670  -0.474  -1.583   0
   2.82217908   1.692   0.585  -0.582  -1.713   0
   2.82228160   1.660   0.497  -0.694  -1.846   0
   2.82239890   1.633   0.413  -0.803  -1.977   0
   2.82359719   1.648   0.466  -0.734  -1.894   1
   2.82734656   1.611   0.295  -0.960  -2.172   0
   2.82835698   1.591   0.189  -1.100  -2.348   0
   2.82924294   1.556   0.066  -1.257  -2.537   0
   2.83001924   1.559  -0.044  -1.411  -2.736   0
   2.83061504   1.545  -0.152  -1.555  -2.917   0
   2.83102250   1.555  -0.223  -1.657  -3.054   0
   2.83148837   1.552  -0.321  -1.792  -3.228   0
   2.83176017   1.563  -0.374  -1.870  -3.332   0
   2.83195066   1.577  -0.415  -1.932  -3.416   0
   2.83212423   1.592  -0.459  -1.998  -3.507   0
   2.83228469   1.561  -0.482  -2.036  -3.594   0
   2.83243656   1.473  -0.501  -2.065  -3.703   0
   2.83258247   1.367  -0.530  -2.103  -3.824   0
   2.83276439   1.215  -0.551  -2.131  -3.973   0
   2.83295703   1.093  -0.560  -2.148  -4.127   3
   2.83316278   1.031  -0.538  -2.135  -4.249   0
   2.83326912   0.977  -0.499  -2.102  -4.356   0
   2.83328700   0.949  -0.471  -2.076  -4.413   0
   2.83330512   0.915  -0.457  -2.063  -4.467   0
   2.83331966   0.908  -0.445  -2.051  -4.482   0
   2.83333445   0.918  -0.414  -2.017  -4.486   0
   2.83334923   0.928  -0.383  -1.983  -4.489   0
   2.83336377   0.938  -0.352  -1.950  -4.493   0
   2.83337831   0.948  -0.321  -1.916  -4.496   0
   2.83339262   0.958  -0.291  -1.883  -4.499   0
   2.83340693   0.968  -0.260  -1.849  -4.503   0
   2.83342123   0.978  -0.229  -1.816  -4.506   0
   2.83343577   0.988  -0.198  -1.782  -4.509   0
   2.83345008   0.999  -0.167  -1.748  -4.513   0
   2.83346438   1.009  -0.136  -1.714  -4.516   0
   2.83347583   1.017  -0.111  -1.687  -4.519   0
   2.83349013   1.027  -0.080  -1.653  -4.522   0
   2.83350468   1.037  -0.049  -1.619  -4.525   0
   2.83351898   1.047  -0.018  -1.586  -4.529   0
   2.83353305   1.057   0.012  -1.552  -4.532   0
   2.83355641   1.071   0.054  -1.506  -4.536   0
   2.83361650   1.089   0.109  -1.447  -4.542   0
   2.83367634   1.098   0.138  -1.415  -4.545   0
   2.83373570   1.107   0.166  -1.384  -4.548   0
   2.83379459   1.118   0.196  -1.352  -4.550   0
   2.83385324   1.134   0.234  -1.314  -4.546   0
   2.83391142   1.151   0.271  -1.276  -4.542   0
   2.83396912   1.167   0.309  -1.238  -4.538   0
   2.83402658   1.183   0.347  -1.200  -4.534   0
   2.83408356   1.200   0.384  -1.162  -4.530   1
   2.83414030   1.216   0.422  -1.125  -4.526   0
   2.83419657   1.233   0.459  -1.087  -4.522   0
   2.83425236   1.249   0.497  -1.049  -4.518   0
   2.83430767   1.265   0.534  -1.011  -4.514   0
   2.83436275   1.282   0.572  -0.973  -4.509   0
   2.83441758   1.298   0.609  -0.936  -4.505   0
   2.83447170   1.315   0.647  -0.898  -4.501   0
   2.83452559   1.331   0.684  -0.860  -4.497   0
   2.83457899   1.347   0.722  -0.822  -4.493   0
   2.83463216   1.364   0.759  -0.785  -4.489   0
   2.83468485   1.380   0.797  -0.747  -4.485   0
   2.83473706   1.397   0.835  -0.709  -4.481   0
   2.83478904   1.413   0.872  -0.671  -4.476   0
   2.83484054   1.430   0.910  -0.633  -4.472   0
   2.83489156   1.446   0.947  -0.596  -4.468   0
   2.83494234   1.462   0.985  -0.558  -4.464   0
   2.83499241   1.479   1.022  -0.520  -4.460   1
   2.83504224   1.487   1.050  -0.494  -4.461   0
   2.83509183   1.489   1.072  -0.475  -4.466   0
   2.83514071   1.492   1.094  -0.456  -4.470   0
   2.83518958   1.494   1.116  -0.437  -4.475   0
   2.83523774   1.497   1.138  -0.419  -4.480   0
   2.83528566   1.499   1.159  -0.400  -4.484   0
   2.83533311   1.502   1.181  -0.381  -4.489   0
   2.83538008   1.504   1.203  -0.362  -4.493   0
   2.83542657   1.507   1.225  -0.343  -4.497   0
   2.83547282   1.511   1.248  -0.324  -4.501   0
   2.83551216   1.515   1.269  -0.305  -4.503   0
   2.83554864   1.521   1.293  -0.284  -4.503   0
   2.83557725   1.531   1.319  -0.260  -4.500   0
   2.83558869   1.540   1.339  -0.242  -4.493   0
   2.83559322   1.551   1.358  -0.225  -4.486   0
   2.83559537   1.561   1.375  -0.208  -4.478   0
   2.83559704   1.572   1.394  -0.191  -4.470   0
   2.83559871   1.584   1.413  -0.173  -4.461   0
   2.83560038   1.596   1.433  -0.154  -4.452   0
   2.83560181   1.609   1.455  -0.134  -4.442   0
   2.83560348   1.623   1.478  -0.111  -4.431   0
   2.83560514   1.639   1.504  -0.088  -4.420   0
   2.83560681   1.656   1.532  -0.061  -4.407   0
   2.83560848   1.674   1.562  -0.033  -4.393   0
   2.83561015   1.695   1.596  -0.001  -4.377   0
   2.83561182   1.718   1.635   0.035  -4.359   0
   2.83561325   1.739   1.670   0.068  -4.343   0
