   0.15000001  16.097  14.565  12.988  10.478   0
   0.20000000  14.929  13.517  12.016   9.740   0
   0.25000000  14.237  12.873  11.407   9.254   0
   0.30000001  13.730  12.387  10.938   8.902   0
   0.34999999  13.296  11.968  10.530   8.602   0
   0.40000001  12.860  11.543  10.117   8.274   0
   0.44999999  12.406  11.104   9.702   7.956   0
   0.49404320  11.985  10.695   9.318   7.677   0
   0.50000000  11.930  10.642   9.269   7.641   0
   0.55000001  11.448  10.171   8.836   7.299   0
   0.60000002  10.971   9.711   8.424   6.965   0
   0.69999999   9.824   8.706   7.550   6.273   0
   0.80000001   8.495   7.668   6.663   5.586   0
   0.86979043   7.590   6.995   6.094   5.152   0
   0.89999998   7.237   6.733   5.874   4.979   0
   1.00000000   6.240   5.971   5.236   4.463   0
   1.10000002   5.453   5.326   4.688   4.000   0
   1.20000005   4.701   4.670   4.130   3.529   0
   1.29999995   4.155   4.162   3.696   3.165   0
   1.39999998   3.682   3.699   3.300   2.838   0
   1.50000000   3.291   3.299   2.965   2.582   0
   1.60000002   2.930   2.909   2.642   2.353   0
   1.70000005   2.619   2.569   2.366   2.167   0
   1.79999995   2.345   2.277   2.133   2.007   0
   1.89999998   2.083   2.027   1.931   1.858   0
   1.95000005   1.972   1.925   1.849   1.797   0
   2.00000000   1.856   1.824   1.765   1.729   0
   2.20000005   1.437   1.476   1.471   1.486   0
   2.50000000   0.903   1.060   1.106   1.162   0
   3.00000000   0.182   0.509   0.597   0.685   0
   3.21386027  -0.078   0.307   0.406   0.504   0
   3.50000000  -0.396   0.055   0.166   0.276   0
   4.00000000  -0.875  -0.332  -0.202  -0.075   0
   4.14954615  -1.007  -0.441  -0.307  -0.175   0
   4.50000000  -1.309  -0.698  -0.553  -0.411   0
   4.82373524  -1.573  -0.925  -0.772  -0.622   0
   5.00000000  -1.716  -1.051  -0.894  -0.739   0
   5.34274149  -1.986  -1.293  -1.128  -0.965   0
   5.74729395  -2.310  -1.589  -1.417  -1.247   0
   6.00000000  -2.524  -1.788  -1.612  -1.439   0
   6.09500790  -2.602  -1.861  -1.683  -1.510   0
   6.38344812  -2.853  -2.101  -1.920  -1.745   0
   6.62665176  -3.082  -2.326  -2.144  -1.968   0
   6.83417368  -3.298  -2.543  -2.361  -2.188   1
   7.00000000  -3.491  -2.743  -2.563  -2.393   0
   7.01040363  -3.503  -2.755  -2.576  -2.406   0
   7.15786219  -3.700  -2.968  -2.791  -2.628   0
   7.28068781  -3.886  -3.173  -3.001  -2.846   0
   7.33423948  -3.975  -3.272  -3.102  -2.952   0
   7.38292122  -4.058  -3.363  -3.197  -3.049   0
   7.42033958  -4.120  -3.427  -3.261  -3.116   0
   7.43537235  -4.139  -3.442  -3.276  -3.129   0
   7.45152092  -4.151  -3.442  -3.272  -3.122   0
   7.46241856  -4.138  -3.396  -3.219  -3.058   0
   7.46551085  -4.131  -3.368  -3.185  -3.015   0
   7.46740675  -4.145  -3.347  -3.155  -2.974   0
   7.46743965  -4.143  -3.345  -3.154  -2.972   0
   7.46793175  -4.090  -3.316  -3.131  -2.957   4
   7.46833706  -4.130  -3.391  -3.214  -3.053   0
   7.46865988  -4.218  -3.507  -3.337  -3.187   0
   7.46903229  -4.327  -3.650  -3.489  -3.351   0
   7.46944189  -4.441  -3.804  -3.653  -3.530   0
   7.46974564  -4.515  -3.911  -3.767  -3.655   0
   7.47006178  -4.584  -4.019  -3.883  -3.784   0
   7.47039080  -4.651  -4.128  -4.002  -3.916   0
   7.47073793  -4.712  -4.240  -4.125  -4.055   0
   7.47108698  -4.759  -4.350  -4.248  -4.194   0
   7.47144175  -4.791  -4.463  -4.374  -4.338   0
   7.47180843  -4.801  -4.578  -4.505  -4.491   0
   7.47198868  -4.795  -4.632  -4.570  -4.570   0
   7.47217512  -4.779  -4.685  -4.635  -4.651   0
   7.47236156  -4.747  -4.730  -4.700  -4.735   0
   7.47255421  -4.691  -4.760  -4.757  -4.822   0
   7.47274017  -4.597  -4.756  -4.796  -4.907   0
   7.47292662  -4.465  -4.701  -4.808  -4.991   3
   7.47311306  -4.295  -4.573  -4.786  -5.075   0
   7.47329903  -4.065  -4.360  -4.726  -5.157   0
   7.47349119  -3.702  -4.053  -4.613  -5.218   0
   7.47367764  -3.021  -3.592  -4.417  -5.232   0
   7.47386360  -1.981  -2.989  -4.100  -5.126   0
   7.47405005  -1.298  -2.576  -3.812  -4.949   0
   7.47422981  -0.807  -2.292  -3.613  -4.837   4
   7.47440815  -0.457  -2.202  -3.620  -4.950   0
   7.47452450  -0.305  -2.240  -3.730  -5.141   0
   7.47463512  -0.246  -2.310  -3.848  -5.311   0
   7.47478867  -0.193  -2.359  -3.935  -5.440   0
   7.47517538  -0.225  -2.390  -3.985  -5.549   0
   7.47589350  -0.329  -2.410  -4.010  -5.651   0
   7.47664785  -0.440  -2.429  -4.032  -5.749   0
   7.47743893  -0.546  -2.455  -4.059  -5.838   0
   7.47829056  -0.656  -2.481  -4.083  -5.924   0
   7.48070908  -0.737  -2.491  -4.092  -5.980   1
   7.49693012  -0.573  -2.486  -4.091  -5.869   0
   7.50468826  -0.440  -2.461  -4.064  -5.760   0
   7.51110220  -0.331  -2.445  -4.046  -5.663   0
   7.51774502  -0.236  -2.435  -4.030  -5.569   0
   7.52536249  -0.272  -2.416  -3.983  -5.474   0
   7.53671503  -0.369  -2.407  -3.934  -5.381   0
   7.56132317  -0.570  -2.472  -3.948  -5.331   0
   7.57750463  -0.965  -2.720  -4.140  -5.451   0
   7.58117294  -1.379  -2.975  -4.336  -5.577   0
   7.58300066  -2.014  -3.314  -4.557  -5.682   0
   7.58357239  -2.349  -3.482  -4.654  -5.716   0
   7.58414459  -2.667  -3.647  -4.737  -5.739   0
   7.58470869  -2.936  -3.788  -4.806  -5.757   0
   7.58585262  -3.308  -3.995  -4.900  -5.768   0
   7.58732080  -3.601  -4.172  -4.975  -5.769   0
   7.58906031  -3.830  -4.316  -5.037  -5.769   0
   7.59141111  -4.095  -4.504  -5.121  -5.772   0
   7.59411716  -4.561  -4.878  -5.240  -5.670   0
   7.60026598  -4.732  -5.028  -5.272  -5.595   1
   7.60824013  -4.657  -4.963  -5.266  -5.642   0
   7.63402987  -4.548  -4.874  -5.273  -5.734   0
   7.65329838  -4.346  -4.714  -5.242  -5.818   0
   7.66097832  -4.152  -4.573  -5.201  -5.859   0
   7.66635513  -3.909  -4.411  -5.147  -5.890   0
   7.67016935  -3.617  -4.236  -5.079  -5.901   0
   7.67316914  -3.314  -4.061  -5.004  -5.899   0
   7.67552996  -3.027  -3.899  -4.930  -5.887   0
   7.67745638  -2.730  -3.743  -4.849  -5.863   0
   7.67906094  -2.443  -3.592  -4.771  -5.837   0
   7.68091440  -2.108  -3.424  -4.674  -5.802   0
   7.68267202  -1.709  -3.217  -4.547  -5.745   0
   7.68512297  -1.239  -2.951  -4.356  -5.642   0
   7.68750286  -0.868  -2.740  -4.204  -5.558   0
   7.71114826  -0.476  -2.569  -4.117  -5.578   0
   7.71567202  -0.365  -2.566  -4.153  -5.661   0
   7.71586514  -0.353  -2.569  -4.162  -5.675   0
   7.71840096  -0.395  -2.566  -4.169  -5.750   0
   7.71932507  -0.478  -2.569  -4.176  -5.824   2
   7.72043610  -0.586  -2.573  -4.180  -5.909   0
   7.72191238  -0.676  -2.590  -4.197  -5.981   0
   7.72353983  -0.874  -2.618  -4.221  -6.119   0
   7.72530365  -0.937  -2.565  -4.173  -6.240   0
   7.72692490  -0.990  -2.498  -4.107  -6.338   0
   7.72834539  -1.056  -2.468  -4.076  -6.432   0
   7.72848892  -1.061  -2.465  -4.073  -6.438   0
