   0.15000001  16.096  14.564  12.987  10.478   0
   0.20000000  14.927  13.515  12.015   9.739   0
   0.25000000  14.235  12.871  11.406   9.253   0
   0.30000001  13.727  12.385  10.936   8.899   0
   0.34999999  13.293  11.965  10.527   8.599   0
   0.40000001  12.857  11.540  10.113   8.270   0
   0.44999999  12.405  11.103   9.700   7.955   0
   0.50000000  11.927  10.639   9.265   7.638   0
   0.55000001  11.445  10.169   8.834   7.297   0
   0.60000002  10.971   9.710   8.423   6.962   0
   0.68249327  10.030   8.878   7.697   6.384   0
   0.69999999   9.838   8.714   7.554   6.270   0
   0.77764463   8.761   7.871   6.837   5.721   0
   0.80000001   8.478   7.656   6.652   5.577   0
   0.89999998   7.209   6.711   5.855   4.964   0
   1.00000000   6.185   5.926   5.196   4.427   0
   1.10000002   5.364   5.253   4.626   3.948   0
   1.20000005   4.677   4.645   4.106   3.506   0
   1.29999995   4.124   4.130   3.665   3.135   0
   1.39999998   3.652   3.668   3.268   2.807   0
   1.50000000   3.254   3.259   2.925   2.541   0
   1.60000002   2.890   2.867   2.599   2.308   0
   1.70000005   2.574   2.522   2.314   2.108   0
   1.73426855   2.475   2.417   2.228   2.047   0
   1.79999995   2.290   2.220   2.068   1.930   0
   1.89999998   2.027   1.962   1.854   1.766   0
   1.95000005   1.903   1.844   1.756   1.689   0
   2.00000000   1.784   1.732   1.660   1.609   0
   2.14023495   1.466   1.449   1.415   1.399   0
   2.20000005   1.335   1.334   1.314   1.310   0
   2.42612123   0.877   0.944   0.963   0.993   0
   2.50000000   0.734   0.824   0.852   0.889   0
   2.67209172   0.417   0.553   0.601   0.650   0
   2.85714197   0.086   0.265   0.327   0.385   0
   3.00000000  -0.168   0.037   0.107   0.169   0
   3.02376986  -0.209   0.000   0.071   0.134   0
   3.15430331  -0.436  -0.211  -0.136  -0.071   0
   3.26473689  -0.632  -0.404  -0.327  -0.263   1
   3.35896993  -0.806  -0.583  -0.507  -0.445   0
   3.43969297  -0.959  -0.751  -0.677  -0.620   0
   3.50000000  -1.078  -0.891  -0.819  -0.767   0
   3.51488328  -1.107  -0.925  -0.854  -0.803   0
   3.57533479  -1.225  -1.075  -1.010  -0.967   0
   3.60225916  -1.280  -1.146  -1.084  -1.045   0
   3.62714076  -1.335  -1.213  -1.153  -1.117   0
   3.64393044  -1.378  -1.257  -1.197  -1.162   0
   3.65439224  -1.414  -1.282  -1.219  -1.182   0
   3.66280389  -1.458  -1.297  -1.227  -1.184   3
   3.66847181  -1.520  -1.292  -1.210  -1.153   0
   3.67006207  -1.574  -1.290  -1.199  -1.132   0
   3.67094517  -1.637  -1.297  -1.197  -1.120   0
   3.67107129  -1.608  -1.277  -1.178  -1.103   0
   3.67126846  -1.524  -1.236  -1.145  -1.077   0
   3.67152739  -1.522  -1.294  -1.212  -1.156   0
   3.67187858  -1.600  -1.430  -1.359  -1.315   0
   3.67234063  -1.652  -1.549  -1.493  -1.465   0
   3.67277193  -1.665  -1.619  -1.579  -1.569   0
   3.67292595  -1.666  -1.641  -1.606  -1.602   0
   3.67341185  -1.652  -1.686  -1.675  -1.695   0
   3.67395473  -1.611  -1.710  -1.732  -1.787   0
   3.67433739  -1.566  -1.711  -1.762  -1.848   0
   3.67473698  -1.496  -1.676  -1.771  -1.905   3
   3.67514777  -1.410  -1.608  -1.763  -1.960   0
   3.67556405  -1.301  -1.500  -1.732  -2.012   0
   3.67598009  -1.156  -1.344  -1.672  -2.056   0
   3.67639041  -0.944  -1.136  -1.578  -2.084   0
   3.67660117  -0.792  -1.003  -1.516  -2.089   0
   3.67680621  -0.611  -0.856  -1.444  -2.083   0
   3.67721033  -0.171  -0.537  -1.267  -2.024   0
   3.67760873   0.281  -0.216  -1.057  -1.900   0
   3.67799544   0.724   0.091  -0.839  -1.753   0
   3.67838216   1.050   0.291  -0.712  -1.689   4
   3.67876887   1.187   0.298  -0.770  -1.804   0
   3.67915010   1.202   0.210  -0.908  -1.985   0
   3.67953658   1.204   0.132  -1.021  -2.132   0
   3.68006492   1.202   0.050  -1.137  -2.280   0
   3.68059850   1.177  -0.036  -1.250  -2.416   0
   3.68131351   1.152  -0.146  -1.395  -2.593   0
   3.68188047   1.160  -0.216  -1.495  -2.726   0
   3.68245268   1.138  -0.304  -1.608  -2.865   0
   3.68303061   1.118  -0.393  -1.724  -3.007   0
   3.68358517   1.102  -0.476  -1.833  -3.141   0
   3.68413949   1.087  -0.543  -1.919  -3.246   0
   3.68480062   1.088  -0.588  -1.981  -3.325   2
   3.68818617   1.089  -0.518  -1.886  -3.205   0
   3.69053030   1.094  -0.446  -1.788  -3.081   0
   3.69226003   1.105  -0.371  -1.689  -2.958   0
   3.69380093   1.112  -0.297  -1.589  -2.831   0
   3.69540787   1.111  -0.219  -1.480  -2.690   0
   3.69712925   1.129  -0.127  -1.358  -2.539   0
   3.69910383   1.155  -0.029  -1.229  -2.384   0
   3.70141649   1.186   0.065  -1.108  -2.239   0
   3.70491266   1.183   0.148  -0.988  -2.083   0
   3.71068144   1.156   0.209  -0.888  -1.945   0
   3.71890426   1.057   0.187  -0.871  -1.895   4
   3.81148601   0.563  -0.232  -1.251  -2.235   0
   3.83363318   0.460  -0.326  -1.340  -2.318   1
   3.91510439   0.781  -0.235  -1.364  -2.442   0
   3.92457676   0.908  -0.229  -1.409  -2.539   0
   3.92555809   0.937  -0.267  -1.476  -2.634   0
   3.92574930   0.935  -0.303  -1.526  -2.697   0
   3.92593408   0.917  -0.388  -1.639  -2.833   0
   3.92611027   0.908  -0.470  -1.750  -2.974   0
   3.92921329   0.904  -0.656  -2.006  -3.301   0
   3.93000960   0.911  -0.734  -2.115  -3.442   0
   3.93080544   0.920  -0.805  -2.218  -3.576   0
   3.93163300   0.926  -0.882  -2.327  -3.719   0
   3.93255758   0.961  -0.963  -2.453  -3.894   0
   3.93317604   0.985  -1.028  -2.552  -4.030   0
   3.93378592   1.006  -1.107  -2.668  -4.187   0
   3.93433046   0.895  -1.136  -2.709  -4.326   0
   3.93474078   0.783  -1.158  -2.740  -4.446   0
   3.93517113   0.630  -1.181  -2.768  -4.588   0
   3.93544292   0.504  -1.216  -2.804  -4.695   0
   3.93571472   0.441  -1.196  -2.792  -4.812   0
   3.93595386   0.373  -1.172  -2.774  -4.935   0
   3.93620133   0.295  -1.136  -2.742  -5.067   2
   3.93643236   0.276  -1.019  -2.618  -5.152   0
   3.93676043   0.385  -0.688  -2.256  -5.186   0
   3.93686986   0.381  -0.692  -2.260  -5.190   0
   3.93701553   0.332  -0.813  -2.391  -5.193   2
   3.93708444   0.385  -0.669  -2.235  -5.198   0
   3.93720603   0.533  -0.307  -1.854  -5.183   0
   3.93721414   0.549  -0.272  -1.819  -5.177   0
   3.93724132   0.565  -0.236  -1.782  -5.173   0
   3.93726850   0.581  -0.199  -1.745  -5.169   0
   3.93729568   0.597  -0.163  -1.709  -5.165   0
   3.93732285   0.613  -0.126  -1.672  -5.162   0
   3.93735003   0.628  -0.090  -1.635  -5.158   0
   3.93737721   0.644  -0.054  -1.599  -5.154   1
   3.93740416   0.660  -0.017  -1.562  -5.150   0
   3.93743062   0.675   0.018  -1.526  -5.147   0
   3.93745732   0.691   0.054  -1.490  -5.143   0
   3.93748379   0.706   0.090  -1.455  -5.139   0
   3.93751025   0.722   0.125  -1.419  -5.135   0
   3.93753171   0.734   0.154  -1.390  -5.132   0
   3.93755293   0.747   0.182  -1.361  -5.129   0
   3.93757939   0.762   0.218  -1.325  -5.126   0
   3.93760586   0.778   0.254  -1.289  -5.122   0
   3.93763256   0.793   0.290  -1.253  -5.118   0
   3.93765903   0.803   0.312  -1.230  -5.115   0
   3.93768549   0.812   0.331  -1.212  -5.113   0
   3.93771195   0.820   0.349  -1.193  -5.110   0
   3.93782878   0.832   0.375  -1.167  -5.107   0
   3.93793941   0.839   0.395  -1.148  -5.106   0
   3.93804932   0.840   0.409  -1.136  -5.109   0
   3.93815899   0.842   0.423  -1.124  -5.112   0
   3.93826818   0.843   0.436  -1.112  -5.115   0
   3.93837714   0.845   0.450  -1.101  -5.118   0
   3.93851256   0.847   0.467  -1.086  -5.122   0
   3.93864727   0.849   0.483  -1.072  -5.125   0
   3.93878174   0.851   0.499  -1.058  -5.128   0
   3.93891573   0.852   0.515  -1.044  -5.132   0
   3.93904948   0.854   0.531  -1.031  -5.135   0
   3.93918324   0.856   0.546  -1.018  -5.138   0
   3.93931699   0.858   0.562  -1.004  -5.141   0
   3.93945050   0.861   0.577  -0.991  -5.143   0
   3.93958282   0.864   0.593  -0.977  -5.144   0
   3.93970656   0.869   0.609  -0.963  -5.144   0
   3.93982172   0.880   0.630  -0.944  -5.136   0
   3.93986177   0.914   0.665  -0.909  -5.103   0
   3.93987846   0.936   0.687  -0.887  -5.080   0
   3.93988562   0.948   0.698  -0.876  -5.069   0
   3.93988872   0.953   0.703  -0.870  -5.063   0
   3.93989110   0.958   0.708  -0.865  -5.058   0
   3.93989396   0.963   0.713  -0.860  -5.053   1
   3.93989635   0.968   0.719  -0.855  -5.048   0
   3.93989897   0.974   0.724  -0.849  -5.043   0
   3.93990159   0.979   0.729  -0.844  -5.037   0
   3.93990421   0.985   0.735  -0.838  -5.032   0
   3.93990684   0.991   0.741  -0.832  -5.026   0
   3.93990946   0.997   0.747  -0.826  -5.019   0
   3.93991184   1.003   0.754  -0.820  -5.013   0
   3.93991446   1.010   0.760  -0.813  -5.006   0
   3.93991709   1.017   0.767  -0.806  -5.000   0
   3.93991971   1.024   0.774  -0.799  -4.993   0
   3.93992233   1.031   0.782  -0.791  -4.985   0
   3.93992472   1.039   0.790  -0.784  -4.977   0
   3.93992758   1.048   0.798  -0.775  -4.969   0
   3.93992996   1.056   0.807  -0.766  -4.960   0
   3.93993258   1.065   0.816  -0.757  -4.951   0
   3.93993521   1.076   0.827  -0.747  -4.941   0
   3.93994093   1.086   0.837  -0.737  -4.931   0
