   0.15000001  16.082  14.552  12.977  10.471   0
   0.20000000  14.903  13.493  11.994   9.722   0
   0.25000000  14.199  12.838  11.374   9.222   0
   0.30000001  13.682  12.340  10.892   8.858   0
   0.34999999  13.247  11.919  10.481   8.554   0
   0.40000001  12.824  11.507  10.080   8.238   0
   0.44999999  12.376  11.074   9.673   7.932   0
   0.50000000  11.891  10.603   9.230   7.609   0
   0.55000001  11.404  10.127   8.795   7.263   0
   0.60000002  10.921   9.659   8.374   6.917   0
   0.63016790  10.566   9.335   8.088   6.688   0
   0.69999999   9.734   8.620   7.468   6.196   0
   0.76958871   8.697   7.817   6.787   5.677   0
   0.80000001   8.296   7.510   6.523   5.470   0
   0.85385668   7.511   6.927   6.031   5.095   0
   0.89999998   6.891   6.467   5.646   4.793   0
   0.92503202   6.601   6.241   5.456   4.636   0
   0.95957345   6.215   5.939   5.199   4.422   0
   0.98865128   5.918   5.697   4.993   4.248   0
   1.00000000   5.808   5.606   4.916   4.182   0
   1.02047431   5.609   5.438   4.771   4.057   0
   1.04269683   5.403   5.262   4.616   3.922   0
   1.06201589   5.226   5.110   4.484   3.806   0
   1.07916832   5.083   4.982   4.371   3.706   0
   1.09457850   4.962   4.872   4.273   3.619   0
   1.10000002   4.922   4.834   4.239   3.589   0
   1.10809422   4.854   4.772   4.184   3.539   0
   1.11481750   4.799   4.721   4.138   3.498   0
   1.11855578   4.771   4.694   4.114   3.476   0
   1.13017786   4.687   4.616   4.043   3.412   0
   1.14249229   4.605   4.539   3.971   3.346   0
   1.14853144   4.568   4.503   3.938   3.315   0
   1.15556288   4.522   4.459   3.898   3.277   0
   1.16918635   4.443   4.382   3.824   3.208   0
   1.17883396   4.393   4.332   3.776   3.161   1
   1.19519687   4.328   4.263   3.705   3.088   0
   1.20000005   4.314   4.247   3.688   3.069   0
   1.21406186   4.257   4.187   3.626   3.006   0
   1.24004650   4.170   4.090   3.522   2.895   0
   1.26691556   4.098   4.004   3.422   2.783   0
   1.28055322   4.064   3.961   3.371   2.725   0
   1.29416478   4.020   3.911   3.314   2.662   2
   1.29874682   3.995   3.885   3.288   2.635   0
   1.29999995   3.983   3.873   3.277   2.625   0
   1.30630875   3.920   3.813   3.222   2.574   0
   1.31000745   3.830   3.732   3.153   2.517   0
   1.31248057   3.660   3.582   3.031   2.420   0
   1.31318688   3.518   3.455   2.928   2.336   0
   1.31355071   3.419   3.365   2.850   2.271   1
   1.31460345   3.492   3.412   2.867   2.261   0
   1.32951665   3.582   3.442   2.826   2.157   0
   1.33699989   3.784   3.568   2.891   2.169   0
   1.34179115   4.030   3.738   3.000   2.227   0
   1.34589803   4.317   3.935   3.138   2.315   0
   1.34966719   4.583   4.112   3.261   2.389   0
   1.35314882   4.789   4.235   3.340   2.425   4
   1.36148620   4.832   4.170   3.217   2.248   0
   1.36671829   4.729   4.029   3.057   2.068   0
   1.37080944   4.611   3.879   2.891   1.888   0
   1.37430525   4.482   3.725   2.724   1.711   0
   1.37725055   4.358   3.577   2.564   1.541   0
   1.37979174   4.242   3.434   2.407   1.371   0
   1.38180542   4.137   3.305   2.266   1.220   0
   1.38364553   4.032   3.175   2.123   1.067   0
   1.38519371   3.943   3.060   1.995   0.928   0
   1.38649535   3.862   2.950   1.871   0.792   0
   1.38770258   3.781   2.838   1.745   0.653   0
   1.38875365   3.707   2.732   1.626   0.520   0
   1.38972116   3.636   2.629   1.508   0.388   0
   1.39057875   3.569   2.530   1.394   0.261   0
   1.39133561   3.505   2.432   1.282   0.135   0
   1.39204693   3.452   2.352   1.189   0.032   0
   1.39265013   3.422   2.309   1.141  -0.022   2
   1.39344263   3.472   2.394   1.242   0.094   0
   1.39413214   3.395   2.277   1.107  -0.058   0
   1.39481103   3.330   2.168   0.977  -0.204   0
   1.39548612   3.265   2.052   0.840  -0.361   0
   1.39605641   3.211   1.946   0.713  -0.510   0
   1.39655495   3.163   1.849   0.595  -0.648   0
   1.39705360   3.114   1.739   0.460  -0.807   0
   1.39748120   3.068   1.632   0.328  -0.964   0
   1.39784491   3.040   1.538   0.209  -1.110   0
   1.39816058   3.001   1.439   0.086  -1.254   0
   1.39843416   2.981   1.356  -0.022  -1.390   0
   1.39867270   2.963   1.279  -0.124  -1.517   0
   1.39891028   2.947   1.194  -0.236  -1.659   0
   1.39911485   2.926   1.108  -0.348  -1.799   0
   1.39929235   2.909   1.027  -0.454  -1.931   0
   1.39944577   2.918   0.964  -0.544  -2.051   0
   1.39959621   2.869   0.921  -0.608  -2.182   0
   1.39972556   2.792   0.890  -0.651  -2.293   0
   1.39985096   2.698   0.855  -0.698  -2.416   0
   1.39995933   2.598   0.820  -0.741  -2.533   0
   1.39999998   2.556   0.804  -0.760  -2.580   0
   1.40007794   2.471   0.772  -0.796  -2.668   0
   1.40016806   2.410   0.781  -0.798  -2.778   3
   1.40025461   2.364   0.801  -0.787  -2.887   0
   1.40032446   2.348   0.888  -0.712  -2.978   0
   1.40039563   2.271   0.870  -0.735  -3.093   0
   1.40045846   2.240   0.920  -0.682  -3.173   0
   1.40051293   2.342   1.155  -0.428  -3.156   0
   1.40057588   2.361   1.274  -0.296  -3.202   0
   1.40061975   2.461   1.505  -0.047  -3.186   0
   1.40066957   2.496   1.636   0.089  -3.208   0
   1.40068138   2.561   1.749   0.202  -3.171   0
   1.40068138   3.125   2.118   0.996  -0.109   1
   1.40090370   3.114   2.086   0.953  -0.161   0
   1.40120852   3.098   2.052   0.912  -0.209   0
   1.40138054   3.097   2.052   0.913  -0.208   0
   1.40214860   3.091   2.053   0.916  -0.202   0
   1.40293252   3.085   2.055   0.922  -0.192   0
   1.40373325   3.076   2.053   0.923  -0.188   0
   1.40380907   3.076   2.053   0.923  -0.188   0
   1.40445817   3.069   2.051   0.923  -0.185   0
   1.40520608   3.062   2.050   0.924  -0.181   0
   1.40595388   3.055   2.047   0.923  -0.181   0
   1.40675008   3.049   2.044   0.922  -0.180   0
   1.40754318   3.041   2.039   0.918  -0.182   0
   1.40831339   3.030   2.032   0.913  -0.185   0
   1.40909708   3.023   2.027   0.908  -0.189   0
   1.40936804   3.022   2.025   0.906  -0.191   0
   1.40982878   3.017   2.021   0.902  -0.195   0
   1.41061556   3.011   2.012   0.892  -0.206   0
   1.41139960   3.006   2.001   0.878  -0.222   0
   1.41210222   3.018   1.995   0.865  -0.244   0
   1.41310096   3.010   1.967   0.829  -0.289   0
   1.41368055   2.974   1.931   0.792  -0.324   0
   1.41402090   2.957   1.900   0.755  -0.368   0
   1.41611385   2.909   1.781   0.606  -0.545   0
   1.41638386   2.875   1.695   0.496  -0.676   0
   1.41646957   2.845   1.589   0.358  -0.844   0
   1.41649628   2.836   1.518   0.262  -0.967   0
   1.41651845   2.795   1.372   0.073  -1.199   0
   1.41652906   2.783   1.280  -0.049  -1.353   0
   1.41654134   2.771   1.189  -0.171  -1.506   0
   1.41655505   2.765   1.142  -0.234  -1.585   0
   1.41662240   2.777   1.230  -0.116  -1.437   0
   1.41674602   2.778   1.258  -0.078  -1.388   1
   1.41695130   2.763   1.150  -0.221  -1.567   0
   1.41708827   2.759   1.056  -0.352  -1.739   0
   1.41716719   2.779   0.990  -0.453  -1.878   0
   1.41724145   2.774   0.905  -0.569  -2.027   0
   1.41730547   2.798   0.837  -0.671  -2.168   0
   1.41735983   2.769   0.805  -0.733  -2.317   0
   1.41740489   2.683   0.783  -0.767  -2.434   0
   1.41743505   2.591   0.754  -0.805  -2.546   0
   1.41745901   2.483   0.702  -0.864  -2.666   0
   1.41748333   2.361   0.675  -0.898  -2.789   0
   1.41750026   2.325   0.714  -0.871  -2.892   0
   1.41751456   2.312   0.796  -0.800  -2.979   0
   1.41752970   2.266   0.830  -0.773  -3.078   0
   1.41754603   2.195   0.824  -0.782  -3.187   2
   1.41756272   2.284   1.042  -0.550  -3.177   0
   1.41758168   2.319   1.173  -0.405  -3.205   0
   1.41760242   2.363   1.319  -0.246  -3.227   0
   1.41762018   2.465   1.559   0.011  -3.212   0
   1.41762221   2.633   1.880   0.334  -3.133   0
   1.41762340   2.655   1.929   0.384  -3.127   0
   1.41762543   2.672   1.967   0.422  -3.123   0
   1.41762805   2.693   2.015   0.470  -3.118   0
   1.41763008   2.709   2.054   0.509  -3.113   1
   1.41763270   2.730   2.102   0.557  -3.108   0
   1.41763532   2.751   2.150   0.606  -3.103   0
   1.41763794   2.772   2.198   0.654  -3.098   0
   1.41764057   2.793   2.246   0.702  -3.093   0
   1.41764319   2.814   2.294   0.751  -3.088   0
   1.41764569   2.835   2.342   0.799  -3.083   0
   1.41764832   2.856   2.390   0.848  -3.078   0
   1.41765094   2.870   2.430   0.887  -3.077   0
   1.41765356   2.873   2.459   0.911  -3.083   0
   1.41765618   2.875   2.487   0.935  -3.090   0
   1.41765869   2.878   2.515   0.960  -3.096   0
   1.41766131   2.881   2.543   0.984  -3.103   0
   1.41766393   2.884   2.572   1.008  -3.109   0
   1.41766655   2.887   2.600   1.032  -3.115   0
   1.41766918   2.890   2.628   1.057  -3.121   0
   1.41767180   2.893   2.656   1.080  -3.127   0
   1.41767430   2.896   2.681   1.102  -3.133   0
   1.41767693   2.899   2.706   1.124  -3.138   0
   1.41767955   2.902   2.732   1.146  -3.144   0
   1.41768169   2.904   2.752   1.163  -3.148   0
   1.41768420   2.907   2.778   1.185  -3.154   0
   1.41768682   2.909   2.804   1.207  -3.160   0
   1.41769004   2.914   2.830   1.230  -3.162   0
   1.41769576   2.918   2.859   1.256  -3.168   0
   1.41770136   2.922   2.889   1.281  -3.174   0
   1.41770697   2.926   2.919   1.307  -3.179   0
   1.41771245   2.927   2.939   1.323  -3.191   0
   1.41771710   2.928   2.958   1.339  -3.201   0
   1.41772151   2.938   2.990   1.366  -3.206   0
   1.41772282   2.953   3.018   1.391  -3.200   0
   1.41772306   2.967   3.043   1.414  -3.192   0
   1.41772306   2.983   3.069   1.438  -3.184   0
   1.41772306   3.001   3.099   1.465  -3.174   0
   1.41772306   3.034   3.154   1.515  -3.155   0
