   0.15000001  16.012  14.494  12.925  10.435   0
   0.20000000  14.809  13.409  11.916   9.653   0
   0.25000000  14.101  12.745  11.284   9.139   0
   0.30000001  13.577  12.236  10.788   8.764   0
   0.34999999  13.147  11.819  10.381   8.463   0
   0.40000001  12.754  11.439  10.016   8.187   0
   0.40497258  12.704  11.390   9.970   8.153   0
   0.41500029  12.603  11.293   9.879   8.084   0
   0.49238732  11.816  10.526   9.158   7.556   0
   0.50000000  11.754  10.466   9.101   7.514   0
   0.55000001  11.233   9.959   8.643   7.137   0
   0.60000002  10.669   9.420   8.161   6.745   0
   0.62391466  10.312   9.113   7.895   6.535   0
   0.65842074   9.786   8.665   7.509   6.231   0
   0.68955708   9.280   8.263   7.162   5.960   0
   0.69999999   9.107   8.126   7.045   5.868   0
   0.70287168   9.047   8.081   7.007   5.839   0
   0.72529042   8.576   7.722   6.703   5.609   0
   0.74590224   8.159   7.406   6.432   5.399   0
   0.76510465   7.768   7.108   6.176   5.199   0
   0.78327191   7.414   6.837   5.942   5.009   0
   0.80000001   7.092   6.586   5.724   4.828   0
   0.81160128   6.865   6.405   5.565   4.693   0
   0.82013071   6.707   6.277   5.450   4.594   0
   0.82877958   6.546   6.142   5.330   4.488   0
   0.83829570   6.371   5.993   5.196   4.368   0
   0.84193498   6.305   5.936   5.144   4.320   0
   0.84626359   6.228   5.868   5.081   4.262   0
   0.84852481   6.189   5.833   5.048   4.232   0
   0.84973282   6.170   5.815   5.032   4.216   0
   0.86894721   5.869   5.524   4.747   3.937   1
   0.87990218   5.759   5.378   4.579   3.751   0
   0.88704205   5.806   5.342   4.495   3.622   0
   0.89134669   6.021   5.415   4.495   3.549   0
   0.89225727   6.077   5.432   4.493   3.526   0
   0.89426458   6.144   5.412   4.431   3.418   0
   0.89575768   6.091   5.313   4.309   3.271   0
   0.89693999   5.993   5.189   4.172   3.122   0
   0.89790070   5.874   5.055   4.030   2.974   0
   0.89874393   5.748   4.916   3.884   2.822   0
   0.89949876   5.624   4.779   3.739   2.671   0
   0.89999998   5.535   4.678   3.632   2.560   0
   0.90040594   5.456   4.589   3.538   2.462   0
   0.90099847   5.332   4.447   3.386   2.303   0
   0.90150738   5.211   4.309   3.240   2.150   0
   0.90195733   5.100   4.178   3.100   2.001   0
   0.90234560   4.994   4.050   2.961   1.852   0
   0.90269977   4.884   3.918   2.818   1.699   0
   0.90300655   4.786   3.794   2.682   1.553   0
   0.90330160   4.689   3.669   2.544   1.404   0
   0.90354389   4.594   3.546   2.408   1.257   0
   0.90377301   4.502   3.424   2.272   1.109   0
   0.90397972   4.415   3.302   2.135   0.958   0
   0.90420902   4.320   3.177   1.996   0.808   0
   0.90434426   4.291   3.139   1.954   0.763   2
   0.90459228   4.356   3.244   2.077   0.902   0
   0.90472955   4.268   3.124   1.943   0.755   0
   0.90487486   4.194   3.012   1.814   0.611   0
   0.90501088   4.121   2.901   1.687   0.468   0
   0.90515369   4.055   2.781   1.543   0.302   0
   0.90527517   3.990   2.658   1.397   0.133   0
   0.90537798   3.936   2.556   1.275  -0.009   0
   0.90546483   3.885   2.452   1.150  -0.155   0
   0.90554237   3.831   2.344   1.019  -0.307   0
   0.90561986   3.768   2.229   0.884  -0.461   0
   0.90567607   3.723   2.133   0.768  -0.598   0
   0.90572685   3.724   2.065   0.671  -0.728   0
   0.90577632   3.695   1.973   0.554  -0.872   0
   0.90582049   3.674   1.889   0.444  -1.008   0
   0.90586334   3.652   1.796   0.323  -1.159   0
   0.90589541   3.639   1.716   0.217  -1.293   0
   0.90592754   3.581   1.663   0.146  -1.421   0
   0.90595835   3.497   1.620   0.089  -1.551   0
   0.90597838   3.416   1.587   0.044  -1.664   0
   0.90600115   3.325   1.555   0.002  -1.779   0
   0.90602124   3.215   1.516  -0.045  -1.906   0
   0.90603864   3.136   1.498  -0.073  -2.020   0
   0.90605336   3.087   1.506  -0.076  -2.130   3
   0.90606809   3.045   1.536  -0.057  -2.237   0
   0.90608019   3.020   1.599  -0.003  -2.328   0
   0.90609223   2.939   1.585  -0.022  -2.451   0
   0.90610296   2.992   1.749   0.157  -2.469   0
   0.90611231   3.034   1.896   0.319  -2.495   0
   0.90612036   3.074   2.036   0.473  -2.519   0
   0.90612841   3.147   2.231   0.683  -2.524   0
   0.90613508   3.254   2.466   0.920  -2.492   0
   0.90614176   3.364   2.702   1.157  -2.455   0
   0.90614849   3.497   2.975   1.432  -2.404   1
   0.90615380   3.617   3.245   1.691  -2.354   0
   0.90615785   3.677   3.442   1.866  -2.345   0
   0.90616322   3.671   3.531   1.940  -2.385   2
   0.90616322   3.425   2.399   1.268   0.165   1
   0.90620434   3.424   2.360   1.211   0.091   0
   0.90627933   3.419   2.330   1.170   0.040   0
   0.90628463   3.419   2.329   1.169   0.039   0
   0.90636867   3.408   2.333   1.179   0.055   0
   0.90645534   3.389   2.334   1.189   0.074   0
   0.90654355   3.378   2.336   1.198   0.089   0
   0.90663451   3.361   2.333   1.200   0.098   0
   0.90672654   3.350   2.333   1.205   0.108   0
   0.90682018   3.337   2.332   1.209   0.118   0
   0.90691870   3.326   2.331   1.212   0.126   0
   0.90701467   3.314   2.328   1.214   0.131   0
   0.90710819   3.309   2.327   1.214   0.134   0
   0.90720105   3.302   2.323   1.212   0.133   0
   0.90722680   3.301   2.323   1.211   0.132   0
   0.90729737   3.299   2.319   1.206   0.127   0
   0.90739346   3.294   2.310   1.196   0.115   0
   0.90749204   3.293   2.299   1.181   0.096   0
   0.90759385   3.295   2.284   1.159   0.067   0
   0.90769726   3.293   2.259   1.123   0.020   0
   0.90775943   3.289   2.238   1.095  -0.015   0
   0.90788555   3.279   2.198   1.042  -0.079   0
   0.90794945   3.270   2.127   0.944  -0.204   0
   0.90797657   3.263   2.067   0.861  -0.308   0
   0.90798992   3.264   1.970   0.722  -0.487   0
   0.90799373   3.271   1.897   0.618  -0.625   0
   0.90799677   3.273   1.746   0.409  -0.896   0
   0.90799791   3.288   1.672   0.300  -1.040   0
   0.90799940   3.363   1.618   0.194  -1.207   0
   0.90800130   3.375   1.528   0.064  -1.381   0
   0.90800369   3.366   1.486   0.009  -1.449   0
   0.90800923   3.354   1.576   0.139  -1.276   0
   0.90802068   3.293   1.599   0.196  -1.178   1
   0.90805846   3.349   1.558   0.116  -1.304   0
   0.90807992   3.357   1.468  -0.012  -1.472   0
   0.90809435   3.437   1.426  -0.101  -1.614   0
   0.90810692   3.361   1.407  -0.139  -1.749   0
   0.90811723   3.254   1.384  -0.175  -1.885   0
   0.90812457   3.140   1.336  -0.231  -2.013   0
   0.90812957   3.042   1.324  -0.249  -2.113   0
   0.90813375   2.986   1.349  -0.233  -2.213   0
   0.90813684   2.977   1.431  -0.162  -2.294   0
   0.90814000   2.937   1.487  -0.114  -2.399   0
   0.90814251   2.869   1.493  -0.113  -2.510   2
   0.90814501   2.959   1.717   0.126  -2.503   0
   0.90814757   3.005   1.869   0.292  -2.525   0
   0.90815014   3.082   2.065   0.504  -2.524   0
   0.90815318   3.172   2.278   0.730  -2.512   0
   0.90815616   3.331   2.587   1.041  -2.440   0
   0.90815932   3.433   2.812   1.268  -2.410   0
   0.90816236   3.599   3.131   1.589  -2.333   1
   0.90816432   3.679   3.360   1.798  -2.311   0
   0.90816462   3.741   3.549   1.966  -2.296   0
   0.90816510   3.745   3.578   1.992  -2.302   0
   0.90816551   3.748   3.607   2.017  -2.308   0
   0.90816599   3.751   3.637   2.042  -2.314   0
   0.90816641   3.755   3.666   2.067  -2.321   0
   0.90816689   3.758   3.696   2.093  -2.327   0
   0.90816736   3.762   3.726   2.119  -2.333   0
   0.90816778   3.766   3.755   2.144  -2.338   0
   0.90816826   3.765   3.775   2.160  -2.351   0
   0.90816867   3.763   3.792   2.173  -2.365   0
   0.90816915   3.762   3.811   2.187  -2.379   0
   0.90816957   3.763   3.831   2.204  -2.392   0
   0.90816998   3.767   3.856   2.224  -2.401   0
   0.90817016   3.777   3.881   2.245  -2.402   0
