   0.15000001  16.289  14.721  13.121  10.527   0
   0.20000000  15.142  13.701  12.178   9.805   0
   0.25000000  14.475  13.082  11.594   9.327   0
   0.30000001  13.902  12.545  11.085   8.929   0
   0.34999999  13.437  12.095  10.659   8.624   0
   0.40000001  12.999  11.672  10.256   8.320   0
   0.44999999  12.578  11.259   9.865   8.031   0
   0.50000000  12.118  10.796   9.427   7.714   0
   0.55000001  11.635  10.304   8.963   7.382   0
   0.60000002  11.194   9.866   8.558   7.046   0
   0.69999999  10.134   8.887   7.675   6.332   0
   0.80000001   8.797   7.815   6.752   5.621   0
   0.82539189   8.449   7.553   6.528   5.449   0
   0.89999998   7.512   6.846   5.924   4.978   0
   0.93713039   7.073   6.514   5.640   4.752   0
   0.98821515   6.517   6.087   5.279   4.457   0
   1.00000000   6.396   5.993   5.199   4.391   0
   1.02478814   6.151   5.799   5.034   4.252   0
   1.06306231   5.805   5.516   4.792   4.048   0
   1.09352064   5.548   5.303   4.610   3.892   0
   1.10000002   5.495   5.259   4.572   3.860   0
   1.10911548   5.418   5.194   4.516   3.812   0
   1.13240170   5.225   5.032   4.375   3.690   0
   1.15149462   5.081   4.906   4.266   3.594   0
   1.16748166   4.969   4.806   4.178   3.518   0
   1.18100941   4.879   4.725   4.107   3.456   0
   1.18446302   4.857   4.705   4.090   3.440   0
   1.20000005   4.761   4.619   4.013   3.373   0
   1.20319104   4.739   4.599   3.996   3.358   0
   1.23460412   4.543   4.419   3.836   3.216   0
   1.27609289   4.310   4.204   3.642   3.041   0
   1.29999995   4.187   4.088   3.535   2.943   0
   1.30938923   4.140   4.044   3.495   2.906   0
   1.38935566   3.790   3.699   3.171   2.600   0
   1.39999998   3.748   3.657   3.130   2.560   0
   1.46240294   3.519   3.421   2.895   2.327   1
   1.50000000   3.398   3.293   2.761   2.187   0
   1.51544356   3.355   3.245   2.709   2.131   0
   1.55140364   3.283   3.153   2.600   2.007   0
   1.58264208   3.244   3.091   2.515   1.902   0
   1.60000002   3.232   3.063   2.472   1.846   0
   1.61015713   3.225   3.048   2.447   1.813   0
   1.62269855   3.215   3.027   2.416   1.771   0
   1.63443780   3.196   2.999   2.379   1.727   0
   1.64274585   3.160   2.960   2.338   1.685   2
   1.64734566   3.112   2.915   2.298   1.649   0
   1.65129256   3.019   2.832   2.230   1.594   0
   1.65390611   2.821   2.663   2.099   1.497   0
   1.65461552   2.640   2.506   1.978   1.408   0
   1.65498197   2.452   2.331   1.839   1.305   1
   1.65509045   2.568   2.443   1.934   1.383   0
   1.65548420   2.732   2.556   1.977   1.362   0
   1.65676486   2.922   2.676   2.020   1.338   0
   1.65876579   3.197   2.867   2.140   1.397   0
   1.66034520   3.473   3.064   2.279   1.488   0
   1.66182888   3.794   3.296   2.452   1.610   0
   1.66323566   4.117   3.523   2.623   1.731   0
   1.66468155   4.373   3.682   2.730   1.789   4
   1.66703284   4.465   3.658   2.649   1.651   0
   1.66841471   4.402   3.545   2.513   1.491   0
   1.66962802   4.315   3.418   2.367   1.329   0
   1.67091513   4.206   3.270   2.199   1.144   0
   1.67209911   4.100   3.125   2.036   0.965   0
   1.67310214   4.011   2.999   1.893   0.807   0
   1.67407608   3.936   2.882   1.758   0.653   0
   1.67508137   3.854   2.755   1.611   0.488   0
   1.67599583   3.778   2.636   1.474   0.334   0
   1.67690277   3.703   2.515   1.334   0.175   0
   1.67776954   3.636   2.400   1.198   0.020   0
   1.67860663   3.565   2.279   1.056  -0.141   0
   1.67940640   3.508   2.167   0.922  -0.297   0
   1.68017912   3.458   2.062   0.794  -0.447   0
   1.68110275   3.407   1.953   0.662  -0.603   0
   1.68163073   3.390   1.912   0.611  -0.664   2
   1.68243325   3.441   2.042   0.773  -0.468   0
   1.68279338   3.504   2.186   0.950  -0.259   0
   1.68312693   3.567   2.307   1.095  -0.091   0
   1.68318117   3.572   2.319   1.109  -0.074   1
   1.68388975   3.501   2.190   0.957  -0.248   0
   1.68470693   3.449   2.083   0.827  -0.401   0
   1.68550539   3.401   1.980   0.702  -0.548   0
   1.68632889   3.355   1.873   0.571  -0.704   0
   1.68710542   3.311   1.764   0.435  -0.866   0
   1.68782854   3.270   1.654   0.299  -1.030   0
   1.68845522   3.237   1.556   0.176  -1.177   0
   1.68899202   3.211   1.474   0.072  -1.306   0
   1.68953264   3.183   1.384  -0.045  -1.453   0
   1.68999481   3.163   1.302  -0.153  -1.591   0
   1.69039357   3.147   1.226  -0.253  -1.717   0
   1.69078565   3.120   1.136  -0.368  -1.860   0
   1.69112122   3.110   1.061  -0.470  -1.992   0
   1.69141114   3.043   1.028  -0.514  -2.099   0
   1.69169235   2.944   0.990  -0.559  -2.210   0
   1.69191062   2.857   0.959  -0.595  -2.300   0
   1.69212663   2.748   0.921  -0.636  -2.405   0
   1.69231248   2.640   0.899  -0.659  -2.498   0
   1.69249380   2.539   0.887  -0.673  -2.590   3
   1.69266641   2.504   0.907  -0.666  -2.689   0
   1.69281530   2.468   0.929  -0.655  -2.782   0
   1.69294691   2.429   0.951  -0.642  -2.874   0
   1.69306338   2.381   0.954  -0.646  -2.962   0
   1.69317985   2.366   1.023  -0.582  -3.031   0
   1.69328117   2.396   1.133  -0.462  -3.052   0
   1.69336951   2.409   1.210  -0.375  -3.080   0
   1.69346011   2.446   1.330  -0.244  -3.097   0
   1.69351172   2.484   1.423  -0.143  -3.094   0
   1.69351172   3.364   2.192   1.016  -0.125   1
   1.69412875   3.354   2.169   0.987  -0.160   0
   1.69492733   3.345   2.152   0.968  -0.182   0
   1.69603729   3.342   2.155   0.972  -0.175   0
   1.69798267   3.333   2.151   0.971  -0.174   0
   1.69991887   3.323   2.145   0.967  -0.176   0
   1.70183086   3.315   2.143   0.967  -0.173   0
   1.70372939   3.306   2.139   0.964  -0.174   0
   1.70562577   3.297   2.134   0.962  -0.174   0
   1.70756197   3.288   2.130   0.959  -0.174   0
   1.70953345   3.278   2.124   0.955  -0.177   0
   1.71157813   3.269   2.117   0.949  -0.181   0
   1.71363425   3.258   2.109   0.942  -0.187   0
   1.71568727   3.250   2.101   0.935  -0.193   0
   1.71767712   3.239   2.093   0.927  -0.200   0
   1.71780753   3.238   2.092   0.927  -0.200   0
   1.71970797   3.229   2.082   0.915  -0.212   0
   1.72189224   3.220   2.069   0.902  -0.227   0
   1.72440231   3.210   2.052   0.881  -0.251   0
   1.72742844   3.191   2.019   0.842  -0.295   0
   1.72826874   3.184   2.004   0.825  -0.315   0
   1.72980797   3.174   1.982   0.797  -0.349   0
   1.73482859   3.113   1.803   0.569  -0.622   0
   1.73514271   3.096   1.742   0.491  -0.717   0
   1.73538554   3.078   1.669   0.396  -0.835   0
   1.73545969   3.061   1.597   0.302  -0.951   0
   1.73550367   3.038   1.506   0.183  -1.100   0
   1.73553348   3.016   1.406   0.054  -1.260   0
   1.73556364   3.000   1.307  -0.076  -1.422   0
   1.73561954   2.984   1.214  -0.201  -1.580   0
   1.73573959   2.993   1.290  -0.098  -1.447   0
   1.73604810   3.002   1.336  -0.037  -1.373   1
   1.73658144   2.994   1.285  -0.105  -1.457   0
   1.73718417   2.983   1.222  -0.189  -1.563   0
   1.73750496   2.971   1.144  -0.294  -1.700   0
   1.73775578   2.963   1.064  -0.404  -1.845   0
   1.73796797   2.945   0.970  -0.528  -2.004   0
   1.73813450   2.955   0.897  -0.635  -2.148   0
   1.73826599   2.902   0.846  -0.703  -2.271   0
   1.73837483   2.792   0.814  -0.742  -2.389   0
   1.73845446   2.675   0.791  -0.769  -2.500   0
   1.73851991   2.543   0.748  -0.814  -2.619   0
   1.73856449   2.416   0.749  -0.811  -2.712   0
   1.73861361   2.383   0.790  -0.786  -2.823   0
   1.73866069   2.344   0.837  -0.753  -2.939   0
   1.73870361   2.287   0.845  -0.754  -3.047   0
   1.73875129   2.250   0.902  -0.704  -3.144   2
   1.73880541   2.323   1.107  -0.481  -3.155   0
   1.73886108   2.383   1.291  -0.280  -3.175   0
   1.73890150   2.426   1.421  -0.138  -3.189   0
   1.73894298   2.537   1.675   0.128  -3.165   0
   1.73894918   2.568   1.731   0.184  -3.149   1
   1.73895442   2.470   1.547  -0.001  -3.197   0
   1.73896027   2.621   1.841   0.294  -3.129   0
   1.73896527   2.691   2.001   0.456  -3.111   0
   1.73897147   2.718   2.062   0.517  -3.104   0
   1.73897779   2.744   2.122   0.578  -3.098   0
   1.73898280   2.766   2.171   0.627  -3.093   0
   1.73898911   2.792   2.232   0.688  -3.086   2
   1.73899531   2.819   2.292   0.750  -3.079   0
   1.73900151   2.845   2.353   0.811  -3.073   0
   1.73900783   2.872   2.414   0.872  -3.066   0
   1.73901403   2.882   2.457   0.911  -3.070   0
   1.73902035   2.886   2.494   0.943  -3.079   0
   1.73902655   2.889   2.531   0.975  -3.087   0
   1.73903155   2.893   2.561   1.000  -3.093   0
   1.73903787   2.897   2.598   1.032  -3.102   0
   1.73904407   2.901   2.635   1.064  -3.110   0
   1.73905039   2.905   2.673   1.096  -3.118   0
   1.73905659   2.909   2.710   1.128  -3.126   0
   1.73906291   2.913   2.747   1.160  -3.135   0
   1.73906910   2.917   2.784   1.192  -3.143   0
   1.73907530   2.921   2.818   1.221  -3.149   0
   1.73908162   2.923   2.834   1.235  -3.153   0
   1.73908794   2.925   2.850   1.249  -3.156   0
   1.73909295   2.926   2.864   1.261  -3.159   0
   1.73909914   2.928   2.880   1.275  -3.162   0
   1.73910546   2.930   2.896   1.289  -3.165   0
   1.73911166   2.932   2.913   1.303  -3.169   0
   1.73911798   2.934   2.929   1.317  -3.172   0
   1.73912752   2.932   2.943   1.328  -3.184   0
   1.73914170   2.930   2.963   1.343  -3.201   0
   1.73915565   2.928   2.984   1.359  -3.218   0
   1.73916972   2.926   3.004   1.375  -3.236   0
   1.73918366   2.924   3.025   1.391  -3.253   0
   1.73919761   2.923   3.048   1.408  -3.270   0
   1.73920894   2.924   3.069   1.425  -3.283   0
   1.73922062   2.932   3.103   1.454  -3.291   0
   1.73922789   3.002   3.228   1.567  -3.258   0
   1.73923004   3.061   3.326   1.656  -3.225   0
   1.73923004   3.062   3.328   1.658  -3.225   2
   1.73923004   3.063   3.329   1.659  -3.224   0
   1.73923004   3.064   3.331   1.661  -3.224   0
   1.73923004   3.065   3.333   1.663  -3.223   0
   1.73923004   3.067   3.335   1.665  -3.222   0
   1.73923004   3.068   3.338   1.667  -3.221   0
   1.73923004   3.069   3.339   1.668  -3.221   0
