   0.15000001  16.297  14.728  13.127  10.532   0
   0.20000000  15.151  13.709  12.186   9.812   0
   0.25000000  14.488  13.093  11.604   9.336   0
   0.30000001  13.915  12.557  11.097   8.940   0
   0.34999999  13.447  12.106  10.669   8.633   0
   0.40000001  13.018  11.690  10.274   8.338   0
   0.44999999  12.595  11.277   9.883   8.049   0
   0.50000000  12.138  10.816   9.447   7.732   0
   0.55000001  11.655  10.326   8.983   7.401   0
   0.60000002  11.199   9.875   8.570   7.066   0
   0.69999999  10.166   8.920   7.708   6.365   0
   0.80000001   8.916   7.904   6.826   5.675   0
   0.85777479   8.154   7.330   6.337   5.302   0
   0.89999998   7.648   6.951   6.015   5.053   0
   1.00000000   6.572   6.136   5.324   4.499   0
   1.10000002   5.691   5.433   4.730   4.003   0
   1.19173789   5.021   4.868   4.248   3.594   0
   1.20000005   4.967   4.821   4.208   3.560   0
   1.25354290   4.623   4.519   3.949   3.341   0
   1.29999995   4.355   4.279   3.743   3.166   0
   1.39999998   3.860   3.817   3.349   2.836   0
   1.50000000   3.435   3.403   2.993   2.544   0
   1.55229855   3.227   3.196   2.819   2.406   0
   1.60000002   3.052   3.017   2.666   2.284   0
   1.70000005   2.707   2.655   2.362   2.056   0
   1.79999995   2.403   2.331   2.089   1.849   0
   1.83963835   2.288   2.209   1.985   1.770   0
   1.89999998   2.119   2.032   1.836   1.653   0
   2.00000000   1.853   1.757   1.602   1.464   0
   2.05504417   1.712   1.611   1.477   1.361   0
   2.09999990   1.599   1.501   1.380   1.276   0
   2.20000005   1.351   1.264   1.170   1.093   0
   2.22445107   1.292   1.207   1.120   1.048   0
   2.29999995   1.112   1.033   0.961   0.905   0
   2.36322045   0.965   0.890   0.831   0.784   0
   2.47073293   0.723   0.657   0.609   0.571   0
   2.50000000   0.659   0.593   0.546   0.508   0
   2.56656098   0.514   0.449   0.406   0.370   0
   2.64810801   0.342   0.270   0.227   0.188   1
   2.71779180   0.202   0.117   0.068   0.019   0
   2.77806282   0.090  -0.013  -0.076  -0.142   0
   2.83056569  -0.001  -0.129  -0.210  -0.296   0
   2.85423636  -0.043  -0.184  -0.274  -0.370   0
   2.87632871  -0.088  -0.235  -0.333  -0.439   0
   2.88993788  -0.128  -0.277  -0.375  -0.481   0
   2.90023279  -0.182  -0.327  -0.414  -0.510   0
   2.90739608  -0.256  -0.379  -0.446  -0.522   0
   2.91215253  -0.388  -0.459  -0.482  -0.514   0
   2.91345882  -0.495  -0.514  -0.509  -0.516   0
   2.91415024  -0.618  -0.576  -0.544  -0.526   0
   2.91424465  -0.580  -0.547  -0.518  -0.504   0
   2.91440201  -0.463  -0.474  -0.466  -0.468   4
   2.91464853  -0.439  -0.509  -0.530  -0.561   0
   2.91500568  -0.459  -0.579  -0.638  -0.709   0
   2.91550660  -0.430  -0.594  -0.706  -0.833   0
   2.91565585  -0.415  -0.589  -0.717  -0.862   0
   2.91602707  -0.368  -0.553  -0.725  -0.917   3
   2.91646838  -0.301  -0.489  -0.719  -0.972   0
   2.91697288  -0.206  -0.388  -0.688  -1.017   0
   2.91752529  -0.068  -0.251  -0.633  -1.052   0
   2.91810465   0.146  -0.059  -0.544  -1.069   0
   2.91869712   0.471   0.196  -0.414  -1.052   0
   2.91928887   0.880   0.493  -0.238  -0.976   0
   2.91967940   1.187   0.712  -0.090  -0.887   0
   2.92025495   1.678   1.070   0.170  -0.705   0
   2.92102480   2.235   1.445   0.441  -0.524   4
   2.92171454   2.387   1.456   0.386  -0.642   0
   2.92226410   2.390   1.370   0.258  -0.808   0
   2.92283106   2.368   1.274   0.129  -0.968   0
   2.92343950   2.342   1.179   0.005  -1.120   0
   2.92396617   2.314   1.092  -0.105  -1.254   0
   2.92457366   2.279   0.990  -0.235  -1.409   0
   2.92519522   2.238   0.882  -0.370  -1.569   0
   2.92570424   2.205   0.797  -0.476  -1.695   0
   2.92626929   2.169   0.704  -0.592  -1.835   0
   2.92675138   2.143   0.622  -0.696  -1.961   0
   2.92718554   2.124   0.547  -0.792  -2.079   0
   2.92761564   2.109   0.472  -0.889  -2.199   0
   2.92804861   2.099   0.400  -0.985  -2.318   0
   2.92846966   2.091   0.338  -1.067  -2.421   0
   2.92884660   2.084   0.294  -1.126  -2.495   2
   2.92945504   2.087   0.338  -1.065  -2.416   0
   2.93013597   2.090   0.389  -0.996  -2.329   0
   2.93096805   2.097   0.458  -0.904  -2.214   0
   2.93199897   2.114   0.551  -0.782  -2.063   0
   2.93304372   2.140   0.665  -0.635  -1.881   0
   2.93402362   2.171   0.776  -0.492  -1.704   0
   2.93520474   2.212   0.908  -0.324  -1.502   0
   2.93618536   2.240   1.000  -0.206  -1.360   0
   2.93753028   2.273   1.101  -0.076  -1.203   0
   2.93913603   2.297   1.187   0.036  -1.066   0
   2.94178629   2.310   1.266   0.142  -0.932   0
   2.94586277   2.310   1.323   0.227  -0.824   0
   2.94873524   2.297   1.335   0.249  -0.791   1
   3.00000000   2.179   1.204   0.113  -0.931   0
   3.03842211   2.085   1.096  -0.002  -1.049   0
   3.12424707   1.903   0.867  -0.253  -1.315   0
   3.16505361   1.896   0.768  -0.392  -1.493   0
   3.17619848   1.916   0.698  -0.499  -1.637   0
   3.17785716   1.918   0.621  -0.608  -1.777   0
   3.17827296   1.905   0.548  -0.705  -1.896   0
   3.17837477   1.895   0.507  -0.759  -1.961   0
   3.17850423   1.886   0.434  -0.857  -2.085   0
   3.17864442   1.874   0.344  -0.977  -2.236   0
   3.17882180   1.862   0.277  -1.065  -2.347   0
   3.17936707   1.871   0.325  -1.001  -2.267   1
   3.18336511   1.859   0.197  -1.173  -2.485   0
   3.18446875   1.857   0.094  -1.314  -2.664   0
   3.18536448   1.850   0.004  -1.437  -2.823   0
   3.18607903   1.829  -0.087  -1.556  -2.974   0
   3.18659973   1.854  -0.141  -1.643  -3.099   0
   3.18707252   1.865  -0.210  -1.743  -3.234   0
   3.18755603   1.873  -0.276  -1.843  -3.382   0
   3.18793726   1.759  -0.312  -1.884  -3.496   0
   3.18830776   1.624  -0.344  -1.919  -3.618   2
   3.18866706   1.468  -0.366  -1.940  -3.739   0
   3.18902826   1.290  -0.397  -1.967  -3.870   0
   3.18937659   1.240  -0.345  -1.931  -4.008   0
   3.18952775   1.184  -0.341  -1.935  -4.109   0
   3.18963385   1.152  -0.303  -1.904  -4.185   0
   3.18973756   1.104  -0.291  -1.896  -4.266   0
   3.18983269   1.092  -0.233  -1.836  -4.316   0
   3.18993425   1.139  -0.095  -1.686  -4.328   0
   3.19005942   1.181   0.051  -1.525  -4.353   0
   3.19019985   1.249   0.240  -1.319  -4.364   0
   3.19031453   1.332   0.447  -1.101  -4.358   0
   3.19034243   1.406   0.617  -0.929  -4.339   0
   3.19035578   1.420   0.649  -0.897  -4.336   0
   3.19037247   1.437   0.688  -0.857  -4.331   0
   3.19038939   1.455   0.728  -0.817  -4.327   1
   3.19040608   1.472   0.768  -0.777  -4.323   0
   3.19042277   1.489   0.808  -0.737  -4.318   0
   3.19043922   1.506   0.847  -0.697  -4.314   0
   3.19045568   1.524   0.887  -0.658  -4.310   0
   3.19046879   1.538   0.918  -0.626  -4.306   0
   3.19048190   1.551   0.950  -0.594  -4.303   0
   3.19049835   1.569   0.989  -0.554  -4.299   0
   3.19051480   1.586   1.029  -0.514  -4.294   0
   3.19053102   1.603   1.068  -0.475  -4.290   0
   3.19054747   1.620   1.108  -0.435  -4.286   0
   3.19056392   1.637   1.147  -0.395  -4.282   1
   3.19058037   1.655   1.187  -0.355  -4.277   0
   3.19059658   1.670   1.224  -0.319  -4.275   0
   3.19061303   1.672   1.247  -0.299  -4.280   0
   3.19062948   1.675   1.270  -0.279  -4.285   0
   3.19064569   1.677   1.293  -0.259  -4.290   0
   3.19066215   1.679   1.317  -0.239  -4.295   0
   3.19072008   1.686   1.357  -0.204  -4.301   0
   3.19078803   1.690   1.401  -0.166  -4.311   0
   3.19085526   1.695   1.440  -0.132  -4.319   0
   3.19092202   1.699   1.466  -0.110  -4.323   0
   3.19098806   1.702   1.488  -0.091  -4.328   0
   3.19105363   1.704   1.511  -0.071  -4.333   0
   3.19111872   1.707   1.534  -0.052  -4.337   0
   3.19118333   1.710   1.556  -0.032  -4.342   0
   3.19124722   1.712   1.579  -0.013  -4.347   0
   3.19131064   1.715   1.601   0.006  -4.351   0
   3.19137335   1.718   1.624   0.026  -4.356   0
   3.19143558   1.720   1.647   0.045  -4.360   0
   3.19149733   1.723   1.669   0.065  -4.365   0
   3.19155860   1.727   1.693   0.085  -4.369   0
   3.19161773   1.731   1.717   0.106  -4.372   0
   3.19166994   1.734   1.736   0.123  -4.377   0
   3.19171715   1.752   1.773   0.155  -4.372   0
   3.19173217   1.771   1.804   0.184  -4.361   0
   3.19173837   1.782   1.822   0.200  -4.354   0
   3.19174170   1.790   1.834   0.212  -4.349   0
   3.19174314   1.796   1.845   0.221  -4.346   0
   3.19174457   1.802   1.855   0.230  -4.342   0
   3.19174600   1.809   1.864   0.239  -4.338   0
   3.19174719   1.815   1.875   0.249  -4.334   0
   3.19174862   1.822   1.886   0.259  -4.330   0
   3.19174981   1.829   1.898   0.270  -4.326   0
   3.19175124   1.837   1.910   0.281  -4.321   0
   3.19175243   1.845   1.923   0.293  -4.316   0
   3.19175363   1.853   1.936   0.305  -4.311   0
   3.19175506   1.863   1.950   0.319  -4.305   0
   3.19175625   1.872   1.966   0.333  -4.299   0
   3.19175768   1.882   1.982   0.347  -4.293   0
   3.19175887   1.894   2.000   0.364  -4.286   0
   3.19176030   1.906   2.018   0.381  -4.279   0
   3.19176149   1.919   2.040   0.401  -4.271   0
   3.19176412   1.933   2.062   0.422  -4.262   0
