   0.15000001  16.299  14.729  13.128  10.532   0
   0.20000000  15.153  13.710  12.187   9.813   0
   0.25000000  14.490  13.096  11.606   9.338   0
   0.30000001  13.917  12.559  11.099   8.942   0
   0.34999999  13.449  12.108  10.671   8.634   0
   0.40000001  13.021  11.694  10.277   8.341   0
   0.44999999  12.599  11.281   9.886   8.052   0
   0.50000000  12.142  10.821   9.451   7.736   0
   0.55000001  11.660  10.330   8.988   7.405   0
   0.60000002  11.198   9.876   8.572   7.070   0
   0.69999999  10.166   8.923   7.713   6.372   0
   0.80000001   8.949   7.931   6.850   5.694   0
   0.89999998   7.687   6.982   6.041   5.075   0
   1.00000000   6.606   6.163   5.348   4.519   0
   1.07483935   5.955   5.650   4.913   4.158   0
   1.10000002   5.755   5.487   4.776   4.043   0
   1.20000005   5.032   4.880   4.259   3.605   0
   1.26907766   4.574   4.481   3.922   3.323   0
   1.29999995   4.397   4.322   3.785   3.208   0
   1.39999998   3.900   3.861   3.394   2.883   0
   1.50000000   3.478   3.450   3.045   2.601   0
   1.60000002   3.099   3.067   2.726   2.358   0
   1.66318369   2.882   2.840   2.540   2.225   0
   1.70000005   2.764   2.715   2.437   2.152   0
   1.79999995   2.465   2.395   2.177   1.971   0
   1.89999998   2.191   2.110   1.948   1.807   0
   2.00000000   1.941   1.867   1.752   1.662   0
   2.09999990   1.710   1.653   1.578   1.529   0
   2.20000005   1.487   1.462   1.418   1.397   0
   2.29999995   1.280   1.287   1.269   1.271   0
   2.50000000   0.911   0.987   1.009   1.043   0
   2.63289762   0.688   0.810   0.851   0.899   0
   3.00000000   0.118   0.361   0.437   0.512   0
   3.21965933  -0.186   0.119   0.209   0.294   0
   3.50000000  -0.547  -0.170  -0.066   0.030   0
   3.65515399  -0.736  -0.324  -0.214  -0.112   0
   3.97748351  -1.126  -0.658  -0.536  -0.426   0
   4.00000000  -1.153  -0.681  -0.559  -0.448   0
   4.25825453  -1.462  -0.956  -0.827  -0.711   0
   4.47269440  -1.728  -1.202  -1.069  -0.950   0
   4.50000000  -1.763  -1.235  -1.101  -0.982   0
   4.67100954  -1.985  -1.448  -1.312  -1.193   0
   4.82391500  -2.198  -1.661  -1.524  -1.407   1
   4.95325422  -2.394  -1.865  -1.730  -1.616   0
   5.00000000  -2.472  -1.949  -1.815  -1.703   0
   5.06335258  -2.575  -2.062  -1.928  -1.820   1
   5.15749121  -2.741  -2.250  -2.120  -2.019   0
   5.19870424  -2.819  -2.340  -2.212  -2.115   0
   5.23635006  -2.893  -2.424  -2.298  -2.204   0
   5.26323891  -2.948  -2.480  -2.354  -2.261   0
   5.27681303  -2.976  -2.502  -2.375  -2.280   0
   5.28904343  -3.001  -2.505  -2.375  -2.276   3
   5.29720688  -3.017  -2.476  -2.338  -2.227   0
   5.29950380  -3.032  -2.454  -2.308  -2.187   0
   5.30080605  -3.065  -2.444  -2.290  -2.158   0
   5.30087996  -3.057  -2.438  -2.284  -2.153   0
   5.30118799  -2.991  -2.401  -2.253  -2.129   0
   5.30151844  -3.015  -2.470  -2.330  -2.218   0
   5.30180454  -3.103  -2.593  -2.460  -2.358   0
   5.30215645  -3.199  -2.729  -2.604  -2.513   0
   5.30257463  -3.276  -2.858  -2.742  -2.664   0
   5.30303669  -3.331  -2.978  -2.871  -2.807   0
   5.30338860  -3.358  -3.056  -2.958  -2.904   0
   5.30370998  -3.371  -3.121  -3.032  -2.988   0
   5.30407190  -3.376  -3.186  -3.107  -3.076   0
   5.30441332  -3.369  -3.246  -3.180  -3.164   0
   5.30479431  -3.346  -3.301  -3.254  -3.258   0
   5.30517578  -3.297  -3.340  -3.321  -3.353   0
   5.30553722  -3.204  -3.343  -3.370  -3.448   0
   5.30591822  -3.047  -3.272  -3.382  -3.540   3
   5.30611849  -2.946  -3.204  -3.370  -3.587   0
   5.30629873  -2.832  -3.099  -3.342  -3.631   0
   5.30649948  -2.688  -2.963  -3.297  -3.673   0
   5.30667973  -2.507  -2.800  -3.235  -3.707   0
   5.30685997  -2.259  -2.598  -3.151  -3.731   0
   5.30706024  -1.878  -2.325  -3.031  -3.737   0
   5.30724049  -1.377  -2.006  -2.876  -3.709   0
   5.30742073  -0.830  -1.677  -2.693  -3.636   0
   5.30760098  -0.377  -1.401  -2.510  -3.528   0
   5.30778122   0.036  -1.143  -2.325  -3.409   0
   5.30796099   0.367  -0.950  -2.186  -3.330   4
   5.30833387   0.748  -0.877  -2.233  -3.505   0
   5.30849934   0.810  -0.937  -2.337  -3.657   0
   5.30868530   0.845  -0.993  -2.427  -3.781   0
   5.30899572   0.872  -1.050  -2.517  -3.910   0
   5.30949211   0.903  -1.104  -2.605  -4.038   0
   5.31002951   0.932  -1.154  -2.686  -4.154   0
   5.31060839   0.946  -1.217  -2.780  -4.281   0
   5.31118679   0.938  -1.269  -2.857  -4.402   0
   5.31174421   0.826  -1.297  -2.887  -4.502   0
   5.31232214   0.717  -1.327  -2.918  -4.596   2
   5.31360102   0.597  -1.360  -2.950  -4.692   0
   5.31428099   0.577  -1.365  -2.954  -4.707   0
   5.32149506   0.709  -1.345  -2.937  -4.610   0
   5.32505226   0.825  -1.324  -2.915  -4.513   0
   5.32803631   0.928  -1.299  -2.886  -4.412   0
   5.33119249   0.901  -1.235  -2.786  -4.273   0
   5.33436775   0.877  -1.173  -2.691  -4.140   0
   5.33808708   0.849  -1.117  -2.602  -4.013   0
   5.34344006   0.808  -1.069  -2.518  -3.887   0
   5.35150814   0.739  -1.038  -2.449  -3.777   0
   5.36615753   0.583  -1.077  -2.445  -3.722   0
   5.42141533   0.151  -1.390  -2.713  -3.928   0
   5.44520569   0.070  -1.463  -2.783  -3.992   1
   5.51618195   0.522  -1.273  -2.691  -4.015   0
   5.53436232   0.676  -1.264  -2.737  -4.127   0
   5.53634691   0.729  -1.289  -2.793  -4.220   0
   5.53657484   0.742  -1.306  -2.822  -4.263   0
   5.53685427   0.760  -1.333  -2.866  -4.328   0
   5.53880882   0.805  -1.386  -2.958  -4.464   0
   5.53968048   0.760  -1.434  -3.028  -4.600   0
   5.54103899   0.599  -1.465  -3.060  -4.733   2
   5.54227448   0.454  -1.491  -3.084  -4.840   0
   5.54345703   0.298  -1.529  -3.118  -4.950   0
   5.54439497   0.165  -1.539  -3.123  -5.038   0
   5.54517651   0.121  -1.523  -3.114  -5.127   0
   5.54585314   0.075  -1.504  -3.101  -5.212   0
   5.54649496   0.024  -1.484  -3.086  -5.302   0
   5.54705000  -0.026  -1.462  -3.068  -5.384   0
   5.54756975  -0.076  -1.438  -3.045  -5.462   0
   5.54817629  -0.108  -1.417  -3.018  -5.527   0
   5.54847050  -0.066  -1.289  -2.878  -5.540   0
   5.54876471  -0.009  -1.120  -2.693  -5.556   0
   5.54900742   0.051  -0.946  -2.504  -5.569   0
   5.54923248   0.139  -0.735  -2.282  -5.557   0
   5.54968214   0.064  -0.904  -2.458  -5.575   2
   5.54976892   0.119  -0.773  -2.320  -5.566   0
   5.54980326   0.187  -0.631  -2.178  -5.541   0
