   0.15000001  16.298  14.728  13.128  10.532   0
   0.20000000  15.152  13.710  12.187   9.813   0
   0.25000000  14.489  13.095  11.605   9.337   0
   0.30000001  13.917  12.559  11.098   8.941   0
   0.34999999  13.449  12.107  10.670   8.634   0
   0.40000001  13.020  11.693  10.276   8.340   0
   0.44999999  12.598  11.280   9.885   8.051   0
   0.50000000  12.140  10.819   9.450   7.734   0
   0.55000001  11.658  10.329   8.986   7.403   0
   0.60000002  11.198   9.876   8.572   7.069   0
   0.69999999  10.166   8.922   7.711   6.370   0
   0.80000001   8.937   7.921   6.842   5.687   0
   0.89999998   7.672   6.970   6.031   5.066   0
   0.97623676   6.829   6.333   5.490   4.635   0
   1.00000000   6.593   6.153   5.340   4.512   0
   1.10000002   5.716   5.455   4.749   4.021   0
   1.10567653   5.671   5.418   4.718   3.994   0
   1.20000005   4.991   4.845   4.229   3.580   0
   1.29999995   4.381   4.305   3.769   3.191   0
   1.39999998   3.885   3.845   3.377   2.865   0
   1.50000000   3.462   3.432   3.026   2.580   0
   1.60000002   3.083   3.050   2.705   2.332   0
   1.70000005   2.743   2.693   2.411   2.119   0
   1.79999995   2.442   2.371   2.146   1.930   0
   1.89999998   2.166   2.083   1.912   1.759   0
   1.96038532   2.010   1.921   1.780   1.661   0
   2.00000000   1.910   1.828   1.703   1.600   0
   2.09999990   1.667   1.599   1.512   1.447   0
   2.20000005   1.438   1.393   1.336   1.300   0
   2.29999995   1.224   1.205   1.173   1.160   0
   2.36540127   1.088   1.087   1.070   1.070   0
   2.50000000   0.822   0.859   0.865   0.884   0
   2.63965130   0.561   0.636   0.664   0.698   0
   2.86413503   0.158   0.290   0.342   0.392   0
   3.00000000  -0.082   0.080   0.142   0.199   0
   3.06737280  -0.196  -0.020   0.046   0.105   0
   3.21956038  -0.456  -0.256  -0.183  -0.121   0
   3.34717417  -0.680  -0.468  -0.392  -0.329   0
   3.45525336  -0.875  -0.663  -0.586  -0.524   0
   3.50000000  -0.958  -0.752  -0.675  -0.615   1
   3.55767179  -1.065  -0.866  -0.790  -0.733   0
   3.63671923  -1.213  -1.038  -0.965  -0.914   0
   3.70421386  -1.342  -1.197  -1.130  -1.086   0
   3.73421192  -1.402  -1.273  -1.209  -1.169   0
   3.76187372  -1.462  -1.344  -1.283  -1.246   0
   3.77892995  -1.507  -1.389  -1.327  -1.291   0
   3.79139996  -1.549  -1.419  -1.354  -1.315   0
   3.80016828  -1.598  -1.435  -1.363  -1.317   3
   3.80600548  -1.668  -1.436  -1.350  -1.291   0
   3.80762029  -1.729  -1.438  -1.342  -1.272   0
   3.80849648  -1.801  -1.450  -1.344  -1.264   0
   3.80859590  -1.775  -1.432  -1.327  -1.248   0
   3.80879474  -1.688  -1.390  -1.293  -1.222   0
   3.80906844  -1.691  -1.455  -1.368  -1.308   0
   3.80942893  -1.771  -1.596  -1.520  -1.475   0
   3.80990767  -1.820  -1.715  -1.655  -1.625   0
   3.81034899  -1.829  -1.784  -1.742  -1.731   0
   3.81051660  -1.829  -1.807  -1.771  -1.767   0
   3.81098199  -1.806  -1.846  -1.835  -1.855   0
   3.81150675  -1.755  -1.862  -1.888  -1.945   0
   3.81187439  -1.700  -1.856  -1.915  -2.004   0
   3.81225801  -1.622  -1.817  -1.922  -2.059   3
   3.81264687  -1.525  -1.743  -1.911  -2.113   0
   3.81304646  -1.400  -1.625  -1.877  -2.163   0
   3.81344032  -1.236  -1.461  -1.815  -2.204   0
   3.81383419  -0.998  -1.245  -1.718  -2.230   0
   3.81402802  -0.829  -1.107  -1.654  -2.234   0
   3.81422234  -0.629  -0.952  -1.579  -2.228   0
   3.81460476  -0.110  -0.598  -1.387  -2.168   0
   3.81498170   0.393  -0.254  -1.164  -2.040   0
   3.81535316   0.885   0.081  -0.926  -1.878   0
   3.81571364   1.319   0.353  -0.733  -1.759   4
   3.81625676   1.557   0.370  -0.814  -1.934   0
   3.81662726   1.593   0.284  -0.950  -2.120   0
   3.81700325   1.595   0.200  -1.068  -2.270   0
   3.81745934   1.595   0.122  -1.177  -2.410   0
   3.81806564   1.594   0.029  -1.305  -2.575   0
   3.81859612   1.589  -0.054  -1.418  -2.719   0
   3.81912637   1.573  -0.143  -1.533  -2.861   0
   3.81962419   1.568  -0.222  -1.639  -2.995   0
   3.82011652   1.564  -0.291  -1.736  -3.122   0
   3.82061887   1.557  -0.365  -1.837  -3.253   0
   3.82108402   1.558  -0.418  -1.912  -3.352   0
   3.82163930   1.570  -0.450  -1.960  -3.420   0
   3.82185817   1.575  -0.455  -1.969  -3.434   2
   3.82483721   1.556  -0.407  -1.894  -3.329   0
   3.82668424   1.546  -0.359  -1.824  -3.232   0
   3.82839513   1.539  -0.299  -1.736  -3.112   0
   3.82977748   1.539  -0.234  -1.645  -2.992   0
   3.83135676   1.542  -0.146  -1.526  -2.842   0
   3.83276582   1.540  -0.074  -1.426  -2.714   0
   3.83478999   1.543   0.018  -1.301  -2.553   0
   3.83749652   1.543   0.112  -1.171  -2.385   0
   3.84146738   1.537   0.201  -1.043  -2.221   0
   3.84898257   1.474   0.245  -0.956  -2.091   0
   3.85638952   1.377   0.217  -0.956  -2.061   4
   3.94948578   1.107  -0.049  -1.222  -2.318   0
   4.00000000   1.159  -0.088  -1.297  -2.430   0
   4.03652477   1.211  -0.110  -1.349  -2.511   0
   4.04809046   1.299  -0.144  -1.431  -2.642   0
   4.04956484   1.338  -0.197  -1.520  -2.770   0
   4.04982805   1.350  -0.237  -1.579  -2.850   0
   4.05005074   1.372  -0.310  -1.687  -2.996   0
   4.05026579   1.378  -0.395  -1.805  -3.148   0
   4.05321121   1.382  -0.474  -1.917  -3.294   0
   4.05428410   1.405  -0.539  -2.018  -3.437   0
   4.05544186   1.409  -0.624  -2.138  -3.597   0
   4.05658340   1.422  -0.712  -2.266  -3.769   0
   4.05756044   1.373  -0.775  -2.354  -3.925   0
   4.05825853   1.240  -0.805  -2.387  -4.044   0
   4.05883551   1.102  -0.835  -2.417  -4.157   2
   4.05933380   0.957  -0.863  -2.443  -4.264   0
   4.05981731   0.797  -0.891  -2.469  -4.386   0
   4.06019402   0.750  -0.866  -2.453  -4.493   0
   4.06056356   0.690  -0.837  -2.434  -4.613   0
   4.06084108   0.631  -0.820  -2.423  -4.715   0
   4.06110382   0.584  -0.768  -2.375  -4.808   0
   4.06135225   0.640  -0.598  -2.189  -4.825   0
   4.06156540   0.698  -0.429  -2.005  -4.838   0
   4.06176424   0.760  -0.249  -1.809  -4.852   0
   4.06193447   0.824  -0.076  -1.624  -4.857   0
   4.06210470   0.938   0.158  -1.388  -4.813   0
   4.06228209   1.020   0.339  -1.206  -4.788   1
   4.06246662   0.955   0.195  -1.351  -4.807   0
   4.06249475   0.809  -0.100  -1.648  -4.867   2
   4.06251621   0.943   0.165  -1.381  -4.808   0
   4.06254482   1.036   0.368  -1.176  -4.780   0
   4.06260824   1.154   0.611  -0.932  -4.734   0
   4.06263685   1.225   0.755  -0.787  -4.705   1
   4.06266975   1.242   0.796  -0.747  -4.702   0
   4.06271076   1.245   0.827  -0.720  -4.709   0
   4.06274366   1.248   0.852  -0.699  -4.714   0
   4.06278467   1.251   0.883  -0.672  -4.721   0
   4.06282473   1.254   0.914  -0.645  -4.728   0
   4.06286526   1.258   0.945  -0.619  -4.735   0
   4.06290531   1.261   0.973  -0.594  -4.742   0
   4.06294584   1.263   0.999  -0.572  -4.747   0
   4.06298637   1.266   1.024  -0.551  -4.753   0
   4.06302643   1.269   1.049  -0.529  -4.758   0
   4.06306696   1.271   1.073  -0.508  -4.764   0
   4.06310749   1.274   1.098  -0.487  -4.769   0
   4.06314802   1.276   1.123  -0.466  -4.775   0
   4.06317997   1.279   1.143  -0.448  -4.779   0
   4.06322050   1.281   1.168  -0.427  -4.785   0
   4.06326103   1.284   1.192  -0.406  -4.791   0
   4.06330156   1.286   1.217  -0.385  -4.796   0
   4.06333351   1.289   1.237  -0.368  -4.800   0
   4.06336594   1.291   1.257  -0.350  -4.805   0
   4.06359148   1.298   1.287  -0.324  -4.806   0
   4.06381607   1.299   1.306  -0.309  -4.815   0
   4.06396532   1.302   1.320  -0.297  -4.820   0
   4.06402206   1.305   1.328  -0.290  -4.819   0
   4.06404686   1.309   1.334  -0.284  -4.817   0
   4.06405783   1.313   1.340  -0.279  -4.814   0
   4.06406355   1.318   1.345  -0.274  -4.810   0
   4.06406879   1.322   1.351  -0.269  -4.806   0
   4.06407452   1.327   1.356  -0.263  -4.803   1
   4.06407976   1.331   1.362  -0.258  -4.799   0
   4.06408501   1.336   1.368  -0.252  -4.795   0
   4.06409025   1.341   1.375  -0.246  -4.790   0
   4.06409550   1.347   1.382  -0.239  -4.785   0
   4.06410074   1.353   1.389  -0.232  -4.780   0
   4.06410646   1.360   1.397  -0.224  -4.774   0
   4.06411171   1.366   1.404  -0.217  -4.769   0
   4.06411695   1.373   1.413  -0.209  -4.763   0
   4.06412220   1.380   1.421  -0.200  -4.756   0
   4.06412745   1.388   1.430  -0.192  -4.750   0
   4.06413269   1.396   1.440  -0.183  -4.743   0
   4.06413794   1.404   1.450  -0.173  -4.735   0
   4.06414366   1.413   1.460  -0.163  -4.727   0
   4.06414890   1.423   1.471  -0.152  -4.719   0
   4.06415415   1.433   1.483  -0.141  -4.710   0
   4.06415939   1.443   1.495  -0.129  -4.701   0
   4.06416464   1.455   1.509  -0.116  -4.691   0
   4.06416988   1.467   1.523  -0.102  -4.680   0
   4.06417513   1.480   1.539  -0.087  -4.669   0
   4.06418085   1.494   1.556  -0.071  -4.656   0
   4.06418610   1.510   1.574  -0.053  -4.642   0
   4.06419516   1.528   1.595  -0.033  -4.626   0
