   0.15000001  16.274  14.708  13.110  10.519   0
   0.20000000  15.125  13.686  12.165   9.791   0
   0.25000000  14.453  13.061  11.574   9.308   0
   0.30000001  13.879  12.521  11.062   8.910   0
   0.34999999  13.416  12.075  10.640   8.607   0
   0.40000001  12.969  11.642  10.227   8.291   0
   0.44999999  12.556  11.237   9.844   8.015   0
   0.50000000  12.092  10.769   9.402   7.694   0
   0.55000001  11.600  10.269   8.930   7.355   0
   0.60000002  11.145   9.818   8.513   7.009   0
   0.62576050  10.871   9.547   8.264   6.805   0
   0.69999999  10.040   8.803   7.601   6.272   0
   0.74555331   9.426   8.297   7.160   5.927   0
   0.80000001   8.683   7.715   6.659   5.538   0
   0.82674265   8.264   7.405   6.396   5.340   0
   0.87625766   7.550   6.871   5.943   4.991   0
   0.89999998   7.247   6.641   5.745   4.832   0
   0.92276764   6.951   6.414   5.549   4.673   0
   0.94591957   6.666   6.191   5.359   4.515   0
   0.96587396   6.432   6.006   5.201   4.382   0
   0.98334783   6.235   5.849   5.066   4.267   0
   0.99890578   6.069   5.715   4.950   4.168   0
   1.00000000   6.057   5.706   4.942   4.162   0
   1.00134516   6.042   5.694   4.931   4.153   0
   1.01750755   5.874   5.553   4.808   4.045   0
   1.03170955   5.733   5.432   4.701   3.951   0
   1.04413259   5.614   5.330   4.611   3.871   0
   1.05497158   5.517   5.245   4.535   3.803   0
   1.06277823   5.454   5.190   4.485   3.757   0
   1.07114649   5.384   5.128   4.429   3.707   0
   1.08519244   5.281   5.035   4.344   3.629   0
   1.09367859   5.218   4.978   4.292   3.580   0
   1.10000002   5.168   4.932   4.250   3.541   0
   1.10127771   5.157   4.923   4.241   3.533   0
   1.10823309   5.103   4.872   4.193   3.489   0
   1.12030244   5.020   4.793   4.118   3.416   0
   1.13109243   4.963   4.735   4.060   3.358   0
   1.18692136   4.428   4.212   3.553   2.865   0
   1.20000005   4.386   4.146   3.470   2.768   0
   1.22186863   4.411   4.104   3.380   2.638   3
   1.23338163   4.707   4.272   3.463   2.648   0
   1.23838532   4.982   4.443   3.572   2.701   0
   1.24148011   5.234   4.599   3.679   2.759   0
   1.24488378   5.467   4.733   3.763   2.793   4
   1.25089121   5.586   4.741   3.721   2.693   0
   1.25493467   5.526   4.638   3.597   2.548   0
   1.25840950   5.420   4.504   3.448   2.387   0
   1.26130497   5.309   4.369   3.302   2.231   0
   1.26381445   5.196   4.234   3.156   2.077   0
   1.26600695   5.089   4.104   3.014   1.926   0
   1.26800656   4.981   3.973   2.873   1.775   0
   1.26978290   4.873   3.841   2.730   1.622   0
   1.27128446   4.772   3.713   2.589   1.469   0
   1.27255261   4.672   3.588   2.452   1.323   0
   1.27370739   4.583   3.468   2.319   1.177   0
   1.27472484   4.500   3.351   2.188   1.032   0
   1.27566051   4.418   3.233   2.055   0.885   0
   1.27651834   4.337   3.115   1.920   0.736   0
   1.27726161   4.261   3.000   1.789   0.590   0
   1.27797353   4.182   2.882   1.654   0.441   0
   1.27889216   4.113   2.779   1.536   0.309   0
   1.27953267   4.145   2.842   1.613   0.400   1
   1.28005195   4.076   2.732   1.485   0.255   0
   1.28053248   4.020   2.633   1.368   0.119   0
   1.28105688   3.960   2.522   1.237  -0.032   0
   1.28143263   3.913   2.425   1.119  -0.170   0
   1.28188741   3.854   2.301   0.970  -0.345   0
   1.28226995   3.804   2.187   0.831  -0.509   0
   1.28254843   3.768   2.094   0.715  -0.646   0
   1.28279173   3.726   2.004   0.605  -0.781   0
   1.28303909   3.687   1.908   0.485  -0.926   0
   1.28327930   3.660   1.811   0.358  -1.087   0
   1.28345692   3.638   1.728   0.251  -1.222   0
   1.28361166   3.621   1.653   0.152  -1.347   0
   1.28376520   3.586   1.558   0.029  -1.507   0
   1.28389847   3.494   1.529  -0.008  -1.618   0
   1.28399909   3.411   1.494  -0.048  -1.713   0
   1.28410041   3.297   1.455  -0.093  -1.833   0
   1.28418791   3.188   1.422  -0.130  -1.937   0
   1.28427422   3.053   1.390  -0.164  -2.055   0
   1.28434098   3.006   1.398  -0.168  -2.156   0
   1.28440702   2.960   1.408  -0.170  -2.266   0
   1.28447628   2.898   1.417  -0.174  -2.395   3
   1.28452992   2.854   1.446  -0.156  -2.498   0
   1.28458226   2.873   1.575  -0.024  -2.553   0
   1.28463066   2.893   1.689   0.103  -2.593   0
   1.28467309   2.927   1.822   0.249  -2.623   0
   1.28471243   2.976   1.982   0.424  -2.646   0
   1.28474438   3.079   2.210   0.663  -2.619   0
   1.28477716   3.236   2.520   0.975  -2.551   0
   1.28480530   3.313   2.705   1.161  -2.537   0
   1.28483343   3.393   2.901   1.358  -2.524   0
   1.28485501   3.449   3.064   1.512  -2.518   0
   1.28487456   3.474   3.180   1.613  -2.527   2
   1.28487456   3.677   2.353   1.114  -0.088   1
   1.28501511   3.668   2.326   1.081  -0.128   0
   1.28525388   3.658   2.303   1.051  -0.163   0
   1.28544915   3.654   2.304   1.054  -0.158   0
   1.28590393   3.646   2.304   1.058  -0.150   0
   1.28636074   3.636   2.302   1.059  -0.146   0
   1.28682756   3.629   2.304   1.065  -0.136   0
   1.28729486   3.620   2.302   1.065  -0.134   0
   1.28776896   3.613   2.302   1.068  -0.127   0
   1.28824329   3.606   2.299   1.067  -0.126   0
   1.28872955   3.598   2.297   1.068  -0.122   0
   1.28922963   3.589   2.293   1.066  -0.122   0
   1.28972685   3.582   2.289   1.063  -0.123   0
   1.29021823   3.574   2.284   1.059  -0.127   0
   1.29063368   3.568   2.278   1.053  -0.132   0
   1.29071558   3.567   2.277   1.052  -0.133   0
   1.29124999   3.559   2.266   1.039  -0.147   0
   1.29178655   3.551   2.250   1.021  -0.168   0
   1.29261458   3.537   2.218   0.981  -0.214   0
   1.29306269   3.530   2.190   0.944  -0.259   0
   1.29336452   3.522   2.155   0.898  -0.316   0
   1.29407752   3.506   2.091   0.816  -0.419   0
   1.29440665   3.496   2.048   0.760  -0.489   0
   1.29455137   3.485   1.993   0.687  -0.580   0
   1.29462397   3.461   1.876   0.532  -0.774   0
   1.29464495   3.450   1.794   0.423  -0.911   0
   1.29465723   3.445   1.695   0.288  -1.086   0
   1.29466200   3.438   1.632   0.202  -1.200   0
   1.29466736   3.431   1.562   0.105  -1.327   0
   1.29467285   3.419   1.493   0.013  -1.445   0
   1.29468107   3.412   1.429  -0.074  -1.559   0
   1.29468381   3.409   1.423  -0.081  -1.566   0
   1.29470110   3.412   1.473  -0.012  -1.476   0
   1.29473138   3.428   1.532   0.064  -1.381   0
   1.29476774   3.429   1.551   0.090  -1.346   1
   1.29494488   3.416   1.437  -0.064  -1.546   0
   1.29501951   3.422   1.367  -0.164  -1.682   0
   1.29507411   3.345   1.326  -0.222  -1.816   0
   1.29511392   3.244   1.299  -0.254  -1.924   0
   1.29514992   3.125   1.269  -0.288  -2.038   0
   1.29518318   2.984   1.244  -0.315  -2.157   0
   1.29520988   2.894   1.265  -0.302  -2.266   0
   1.29523027   2.861   1.318  -0.265  -2.385   0
   1.29524279   2.818   1.341  -0.253  -2.486   0
   1.29525387   2.773   1.370  -0.232  -2.586   2
   1.29526412   2.800   1.506  -0.093  -2.628   0
   1.29527438   2.846   1.663   0.079  -2.654   0
   1.29528284   2.915   1.848   0.280  -2.659   0
   1.29529238   3.009   2.076   0.527  -2.652   0
   1.29530191   3.111   2.301   0.754  -2.622   0
   1.29531109   3.229   2.542   0.997  -2.575   0
   1.29532230   3.359   2.808   1.265  -2.525   0
   1.29533446   3.453   3.032   1.486  -2.500   0
   1.29534233   3.494   3.187   1.622  -2.501   0
   1.29534423   3.490   3.176   1.613  -2.502   1
   1.29534519   3.510   3.243   1.672  -2.500   0
   1.29534614   3.531   3.309   1.731  -2.495   0
   1.29534674   3.541   3.344   1.762  -2.495   0
   1.29534805   3.544   3.368   1.783  -2.500   0
   1.29534972   3.547   3.399   1.810  -2.507   0
   1.29535139   3.550   3.430   1.836  -2.513   0
   1.29535306   3.554   3.461   1.863  -2.520   0
   1.29535437   3.556   3.486   1.884  -2.525   0
   1.29535604   3.560   3.516   1.910  -2.532   0
   1.29535747   3.563   3.541   1.932  -2.538   0
   1.29535913   3.564   3.567   1.953  -2.548   0
   1.29536080   3.561   3.584   1.966  -2.563   0
   1.29536211   3.560   3.598   1.977  -2.575   0
   1.29536378   3.557   3.616   1.990  -2.591   0
   1.29536545   3.555   3.633   2.003  -2.606   0
   1.29536712   3.553   3.651   2.017  -2.622   0
   1.29536879   3.551   3.668   2.030  -2.637   0
   1.29537046   3.549   3.686   2.044  -2.652   0
   1.29537213   3.547   3.704   2.057  -2.668   0
   1.29537380   3.545   3.722   2.071  -2.683   0
   1.29537523   3.543   3.736   2.082  -2.695   0
   1.29537690   3.542   3.755   2.096  -2.710   0
   1.29537857   3.541   3.775   2.112  -2.725   0
   1.29538012   3.542   3.796   2.129  -2.737   0
   1.29538167   3.552   3.831   2.158  -2.744   0
   1.29538214   3.564   3.856   2.180  -2.741   0
   1.29538214   3.568   3.863   2.187  -2.739   0
   1.29538214   3.573   3.872   2.195  -2.736   0
   1.29538214   3.637   3.965   2.280  -2.715   0
