   0.15000001  16.295  14.726  13.125  10.530   0
   0.20000000  15.148  13.706  12.184   9.810   0
   0.25000000  14.484  13.090  11.601   9.333   0
   0.30000001  13.911  12.553  11.093   8.937   0
   0.34999999  13.444  12.102  10.666   8.630   0
   0.40000001  13.012  11.685  10.268   8.332   0
   0.44999999  12.590  11.272   9.878   8.043   0
   0.50000000  12.131  10.810   9.441   7.726   0
   0.55000001  11.648  10.318   8.976   7.394   0
   0.60000002  11.199   9.874   8.568   7.060   0
   0.69999999  10.165   8.915   7.701   6.354   0
   0.72299713   9.871   8.662   7.479   6.180   0
   0.80000001   8.876   7.873   6.800   5.655   0
   0.89999998   7.605   6.918   5.986   5.029   0
   0.97134882   6.808   6.314   5.473   4.618   0
   1.00000000   6.520   6.093   5.287   4.467   0
   1.00246429   6.496   6.074   5.271   4.453   0
   1.09051979   5.709   5.445   4.737   4.007   0
   1.10000002   5.633   5.382   4.684   3.962   0
   1.14573586   5.274   5.084   4.429   3.745   0
   1.18816113   4.981   4.829   4.209   3.557   0
   1.20000005   4.903   4.760   4.150   3.506   0
   1.22630966   4.723   4.600   4.013   3.388   0
   1.25703394   4.526   4.426   3.861   3.258   0
   1.26637650   4.468   4.375   3.818   3.222   0
   1.29999995   4.290   4.212   3.677   3.101   0
   1.35184276   4.029   3.966   3.464   2.919   0
   1.39999998   3.797   3.747   3.273   2.754   0
   1.50000000   3.369   3.328   2.904   2.438   0
   1.56483567   3.118   3.075   2.680   2.247   0
   1.60000002   2.991   2.946   2.563   2.144   0
   1.68163466   2.706   2.654   2.302   1.918   0
   1.70000005   2.648   2.593   2.245   1.867   0
   1.77669728   2.408   2.342   2.013   1.660   0
   1.79999995   2.340   2.270   1.945   1.595   0
   1.85572052   2.177   2.099   1.782   1.442   1
   1.89999998   2.057   1.974   1.656   1.315   0
   1.92418182   1.992   1.906   1.588   1.247   0
   1.98231208   1.849   1.758   1.431   1.078   0
   2.00000000   1.811   1.718   1.385   1.024   0
   2.03180647   1.746   1.650   1.304   0.927   0
   2.07326746   1.686   1.583   1.209   0.800   0
   2.09999990   1.659   1.550   1.152   0.716   0
   2.11157441   1.646   1.535   1.127   0.679   0
   2.12927413   1.625   1.510   1.087   0.622   0
   2.14582992   1.597   1.478   1.043   0.565   0
   2.15673018   1.560   1.438   1.002   0.523   2
   2.16400981   1.502   1.381   0.955   0.488   0
   2.16953754   1.405   1.284   0.887   0.452   0
   2.17319465   1.212   1.090   0.762   0.407   0
   2.17418814   1.056   0.923   0.654   0.369   0
   2.17470717   0.886   0.741   0.536   0.324   1
   2.17480397   0.961   0.821   0.598   0.366   0
   2.17493296   1.099   0.968   0.696   0.409   0
   2.17512774   1.138   1.012   0.688   0.338   0
   2.17542005   1.171   1.040   0.662   0.249   0
   2.17561460   1.206   1.072   0.663   0.215   0
   2.17611170   1.322   1.166   0.690   0.172   0
   2.17696786   1.528   1.325   0.761   0.162   0
   2.17781353   1.739   1.486   0.851   0.189   0
   2.17873693   2.029   1.695   0.986   0.261   0
   2.17944384   2.283   1.886   1.120   0.349   0
   2.18014646   2.589   2.111   1.288   0.469   0
   2.18084097   2.894   2.337   1.460   0.596   0
   2.18177366   3.243   2.570   1.629   0.707   0
   2.18201137   3.310   2.612   1.656   0.721   4
   2.18325043   3.422   2.615   1.604   0.617   0
   2.18433213   3.387   2.509   1.464   0.445   0
   2.18538523   3.320   2.377   1.301   0.254   0
   2.18619442   3.255   2.264   1.166   0.099   0
   2.18702388   3.185   2.143   1.021  -0.066   0
   2.18790340   3.116   2.014   0.867  -0.245   0
   2.18878198   3.046   1.884   0.712  -0.425   0
   2.18950534   2.988   1.775   0.582  -0.575   0
   2.19024086   2.936   1.664   0.446  -0.733   0
   2.19093323   2.891   1.558   0.315  -0.887   0
   2.19156885   2.853   1.460   0.193  -1.033   0
   2.19218254   2.820   1.366   0.075  -1.177   0
   2.19277453   2.785   1.271  -0.045  -1.321   0
   2.19333768   2.755   1.177  -0.163  -1.465   0
   2.19388652   2.728   1.085  -0.280  -1.608   0
   2.19444084   2.707   0.995  -0.395  -1.748   0
   2.19515133   2.692   0.909  -0.510  -1.895   0
   2.19530845   2.690   0.896  -0.529  -1.920   2
   2.19630527   2.932   1.681   0.472  -0.700   0
   2.19660950   2.977   1.780   0.594  -0.556   0
   2.19669843   2.987   1.803   0.621  -0.524   0
   2.19673634   2.992   1.814   0.635  -0.508   0
   2.19677448   2.997   1.825   0.649  -0.491   0
   2.19681263   3.002   1.835   0.661  -0.477   0
   2.19690180   3.011   1.855   0.685  -0.448   0
   2.19702888   3.022   1.880   0.717  -0.411   0
   2.19723272   3.039   1.917   0.762  -0.357   0
   2.19764137   3.062   1.968   0.824  -0.283   0
   2.19837189   3.101   2.051   0.925  -0.163   0
   2.20000005   3.171   2.181   1.083   0.019   0
   2.20110536   3.204   2.240   1.155   0.101   4
   2.26303744   3.010   2.050   0.966  -0.082   0
   2.29999995   2.895   1.930   0.843  -0.205   0
   2.32337952   2.823   1.853   0.765  -0.283   0
   2.37354112   2.673   1.674   0.572  -0.486   0
   2.39473391   2.615   1.556   0.426  -0.657   0
   2.40309262   2.591   1.474   0.319  -0.788   0
   2.40548396   2.570   1.387   0.204  -0.930   0
   2.40609407   2.547   1.296   0.086  -1.075   0
   2.40630579   2.525   1.209  -0.027  -1.213   0
   2.40636492   2.511   1.164  -0.085  -1.282   0
   2.40645552   2.480   1.067  -0.209  -1.433   0
   2.40653801   2.456   0.976  -0.326  -1.578   0
   2.40662861   2.436   0.891  -0.436  -1.714   0
   2.40782142   2.449   0.950  -0.360  -1.620   1
   2.41128421   2.421   0.838  -0.504  -1.798   0
   2.41208649   2.405   0.741  -0.631  -1.956   0
   2.41269183   2.394   0.650  -0.752  -2.106   0
   2.41319847   2.385   0.567  -0.865  -2.254   0
   2.41366434   2.370   0.476  -0.988  -2.412   0
   2.41398287   2.363   0.406  -1.083  -2.536   0
   2.41421127   2.371   0.351  -1.163  -2.645   0
   2.41442347   2.378   0.282  -1.262  -2.777   0
   2.41460299   2.317   0.238  -1.322  -2.898   0
   2.41473365   2.217   0.214  -1.350  -2.998   0
   2.41485596   2.098   0.186  -1.381  -3.107   0
   2.41498661   1.954   0.149  -1.419  -3.228   2
   2.41509247   1.834   0.170  -1.397  -3.319   0
   2.41520667   1.808   0.225  -1.357  -3.422   0
   2.41534519   1.733   0.213  -1.379  -3.551   0
   2.41548395   1.676   0.225  -1.374  -3.657   0
   2.41563058   1.638   0.282  -1.325  -3.751   0
   2.41575265   1.675   0.379  -1.220  -3.752   0
   2.41577721   1.642   0.318  -1.285  -3.768   0
   2.41579342   1.739   0.555  -1.029  -3.760   0
   2.41580987   1.755   0.644  -0.929  -3.791   1
   2.41581059   1.751   0.607  -0.971  -3.774   0
   2.41582036   1.767   0.680  -0.890  -3.795   0
   2.41582894   1.776   0.708  -0.859  -3.798   0
   2.41583943   1.788   0.743  -0.821  -3.802   0
   2.41584969   1.799   0.778  -0.783  -3.805   0
   2.41585994   1.811   0.813  -0.745  -3.809   0
   2.41587043   1.822   0.848  -0.707  -3.812   0
   2.41588068   1.834   0.883  -0.669  -3.816   0
   2.41588902   1.843   0.911  -0.638  -3.819   0
   2.41589713   1.856   0.944  -0.604  -3.817   0
   2.41590762   1.876   0.990  -0.558  -3.812   0
   2.41591787   1.896   1.036  -0.512  -3.807   0
   2.41592813   1.916   1.081  -0.466  -3.802   0
   2.41593838   1.936   1.127  -0.420  -3.797   0
   2.41594648   1.952   1.163  -0.383  -3.794   0
   2.41595650   1.972   1.209  -0.337  -3.789   0
   2.41596651   1.992   1.255  -0.291  -3.784   0
   2.41597652   2.012   1.300  -0.245  -3.779   0
   2.41598678   2.032   1.346  -0.199  -3.774   0
   2.41599679   2.052   1.392  -0.152  -3.769   1
   2.41600680   2.072   1.438  -0.107  -3.764   0
   2.41601682   2.083   1.464  -0.080  -3.761   0
   2.41602683   2.095   1.491  -0.053  -3.757   0
   2.41603684   2.107   1.518  -0.026  -3.754   0
   2.41606665   2.125   1.557   0.013  -3.749   0
   2.41610098   2.144   1.601   0.058  -3.744   0
   2.41613507   2.163   1.645   0.102  -3.739   0
   2.41616893   2.183   1.689   0.147  -3.734   0
   2.41620255   2.202   1.734   0.191  -3.729   0
   2.41623616   2.218   1.774   0.231  -3.727   0
   2.41626930   2.221   1.800   0.254  -3.732   0
   2.41630244   2.224   1.826   0.276  -3.738   0
   2.41633534   2.227   1.852   0.299  -3.743   0
   2.41636777   2.230   1.878   0.321  -3.749   0
   2.41640019   2.233   1.905   0.344  -3.755   0
   2.41643238   2.236   1.931   0.366  -3.760   0
   2.41646433   2.239   1.957   0.389  -3.766   0
   2.41649628   2.242   1.983   0.411  -3.771   0
   2.41652775   2.245   2.009   0.434  -3.777   0
   2.41655898   2.248   2.036   0.456  -3.782   0
   2.41658998   2.251   2.062   0.479  -3.788   0
   2.41662097   2.254   2.088   0.502  -3.793   0
   2.41665149   2.257   2.115   0.524  -3.799   0
   2.41668200   2.260   2.141   0.547  -3.804   0
   2.41671205   2.263   2.167   0.570  -3.810   0
   2.41674209   2.266   2.194   0.592  -3.815   0
   2.41677189   2.269   2.220   0.615  -3.820   0
   2.41680145   2.273   2.247   0.638  -3.826   0
   2.41683078   2.276   2.272   0.660  -3.832   0
   2.41685987   2.275   2.288   0.672  -3.844   0
   2.41688704   2.274   2.305   0.685  -3.855   0
   2.41691184   2.276   2.323   0.700  -3.865   0
   2.41693449   2.282   2.346   0.720  -3.871   0
   2.41694474   2.293   2.370   0.741  -3.869   0
   2.41694880   2.310   2.400   0.768  -3.860   0
   2.41695023   2.320   2.418   0.784  -3.855   0
   2.41695142   2.329   2.433   0.798  -3.850   0
   2.41695261   2.339   2.449   0.813  -3.845   0
   2.41695356   2.349   2.467   0.828  -3.839   0
   2.41695476   2.360   2.485   0.846  -3.833   0
   2.41695595   2.372   2.505   0.864  -3.826   0
   2.41695690   2.385   2.527   0.883  -3.819   0
   2.41695809   2.399   2.550   0.905  -3.811   0
   2.41695929   2.414   2.576   0.928  -3.803   0
   2.41696024   2.432   2.604   0.954  -3.793   0
   2.41696143   2.451   2.636   0.983  -3.782   0
   2.41696191   2.458   2.648   0.995  -3.778   0
