   0.15000001  16.236  14.676  13.081  10.498   0
   0.20000000  15.083  13.649  12.130   9.757   0
   0.25000000  14.397  13.010  11.525   9.263   0
   0.30000001  13.819  12.463  11.006   8.862   0
   0.34999999  13.366  12.026  10.592   8.566   0
   0.40000001  12.938  11.612  10.198   8.270   0
   0.44999999  12.506  11.187   9.797   7.980   0
   0.50000000  12.026  10.702   9.338   7.648   0
   0.55000001  11.516  10.184   8.851   7.289   0
   0.57056010  11.234   9.907   8.599   7.090   0
   0.60000002  11.031   9.703   8.407   6.921   0
   0.62450004  10.748   9.424   8.150   6.712   0
   0.67637855  10.082   8.840   7.633   6.299   0
   0.69999999   9.779   8.577   7.401   6.114   0
   0.72899961   9.279   8.185   7.066   5.858   0
   0.76112449   8.735   7.761   6.702   5.578   0
   0.78994483   8.283   7.413   6.400   5.338   0
   0.80000001   8.119   7.288   6.291   5.253   0
   0.80264533   8.072   7.253   6.261   5.229   0
   0.82557636   7.674   6.949   5.998   5.021   0
   0.84638476   7.330   6.684   5.769   4.834   0
   0.86563075   7.021   6.441   5.557   4.658   0
   0.88432968   6.727   6.207   5.350   4.484   0
   0.89386302   6.590   6.095   5.251   4.397   0
   0.89999998   6.509   6.027   5.190   4.343   0
   0.90517890   6.428   5.958   5.128   4.287   0
   0.91195047   6.327   5.871   5.048   4.215   0
   0.91518891   6.279   5.828   5.009   4.178   0
   0.91962576   6.212   5.768   4.953   4.126   0
   0.92242301   6.166   5.728   4.916   4.092   0
   0.92328066   6.156   5.719   4.907   4.083   0
   0.95318431   5.792   5.375   4.575   3.763   0
   0.96876526   5.659   5.209   4.389   3.561   0
   0.97928935   5.704   5.169   4.299   3.427   3
   0.98454779   5.950   5.277   4.340   3.398   0
   0.98695284   6.139   5.367   4.381   3.387   0
   0.98970932   6.270   5.384   4.348   3.294   0
   0.99170643   6.236   5.293   4.229   3.146   0
   0.99316394   6.136   5.166   4.089   2.994   0
   0.99433064   6.031   5.042   3.955   2.850   0
   0.99541199   5.911   4.905   3.810   2.699   0
   0.99640781   5.791   4.765   3.659   2.540   0
   0.99724609   5.675   4.629   3.515   2.388   0
   0.99798650   5.557   4.490   3.366   2.231   0
   0.99864066   5.450   4.361   3.226   2.082   0
   0.99921995   5.343   4.231   3.086   1.934   0
   0.99975783   5.233   4.099   2.943   1.783   0
   1.00000000   5.181   4.034   2.874   1.708   0
   1.00035203   5.104   3.935   2.765   1.591   0
   1.00074136   5.005   3.806   2.622   1.436   0
   1.00109971   4.914   3.682   2.485   1.287   0
   1.00142717   4.828   3.563   2.351   1.142   0
   1.00171971   4.742   3.441   2.213   0.989   0
   1.00201631   4.665   3.328   2.085   0.847   0
   1.00235605   4.604   3.240   1.986   0.736   2
   1.00265849   4.661   3.342   2.107   0.877   0
   1.00267303   4.661   3.342   2.107   0.877   0
   1.00288010   4.587   3.231   1.980   0.735   0
   1.00308311   4.516   3.119   1.851   0.588   0
   1.00330698   4.436   2.987   1.698   0.414   0
   1.00350416   4.371   2.871   1.560   0.257   0
   1.00364316   4.319   2.768   1.437   0.114   0
   1.00378644   4.270   2.664   1.312  -0.033   0
   1.00391114   4.213   2.550   1.175  -0.191   0
   1.00401711   4.168   2.454   1.056  -0.336   0
   1.00412512   4.114   2.348   0.928  -0.488   0
   1.00421667   4.079   2.252   0.807  -0.637   0
   1.00429356   4.056   2.166   0.695  -0.779   0
   1.00436020   4.031   2.075   0.577  -0.927   0
   1.00441837   4.007   2.000   0.479  -1.057   0
   1.00446832   3.916   1.957   0.427  -1.170   0
   1.00451207   3.812   1.915   0.378  -1.290   0
   1.00455582   3.700   1.877   0.333  -1.412   0
   1.00459325   3.582   1.835   0.287  -1.529   0
   1.00462651   3.458   1.795   0.244  -1.642   3
   1.00465786   3.405   1.810   0.245  -1.760   0
   1.00468075   3.351   1.817   0.237  -1.884   0
   1.00470984   3.294   1.830   0.238  -2.009   0
   1.00472856   3.244   1.847   0.245  -2.115   0
   1.00474942   3.253   1.966   0.369  -2.181   0
   1.00476611   3.304   2.126   0.543  -2.199   0
   1.00478065   3.338   2.265   0.697  -2.233   0
   1.00479734   3.389   2.424   0.870  -2.251   0
   1.00480986   3.526   2.708   1.162  -2.202   0
   1.00482023   3.583   2.868   1.322  -2.205   0
   1.00483072   3.726   3.153   1.610  -2.145   1
   1.00484109   3.841   3.406   1.862  -2.107   0
   1.00484943   3.858   3.538   1.976  -2.132   0
   1.00485778   3.910   3.726   2.142  -2.130   0
   1.00486612   3.958   3.904   2.300  -2.130   0
   1.00487232   4.001   4.066   2.439  -2.152   0
   1.00487447   3.996   4.066   2.438  -2.159   2
   1.00487447   3.921   2.535   1.271   0.047   1
   1.00491512   3.917   2.509   1.235   0.002   0
   1.00499487   3.916   2.486   1.204  -0.040   0
   1.00504804   3.911   2.484   1.203  -0.039   0
   1.00518179   3.892   2.486   1.214  -0.017   0
   1.00531745   3.879   2.483   1.215  -0.012   0
   1.00545454   3.869   2.483   1.219  -0.002   0
   1.00559306   3.858   2.483   1.224   0.008   0
   1.00573456   3.848   2.483   1.227   0.016   0
   1.00587666   3.837   2.482   1.231   0.024   0
   1.00602353   3.826   2.481   1.234   0.031   0
   1.00616968   3.816   2.479   1.235   0.036   0
   1.00631547   3.807   2.476   1.234   0.038   0
   1.00645852   3.799   2.473   1.232   0.038   0
   1.00660777   3.793   2.467   1.227   0.034   0
   1.00673831   3.788   2.459   1.218   0.024   0
   1.00688124   3.783   2.448   1.205   0.008   0
   1.00702977   3.778   2.431   1.183  -0.018   0
   1.00724006   3.772   2.401   1.142  -0.068   0
   1.00729465   3.770   2.386   1.122  -0.095   0
   1.00737774   3.764   2.359   1.087  -0.138   0
   1.00752354   3.756   2.296   1.002  -0.247   0
   1.00785089   3.728   2.137   0.791  -0.512   0
   1.00786638   3.738   2.025   0.634  -0.718   0
   1.00787091   3.740   1.953   0.532  -0.855   0
   1.00787377   3.746   1.877   0.422  -1.005   0
   1.00787580   3.740   1.786   0.296  -1.171   0
   1.00787795   3.757   1.715   0.189  -1.320   0
   1.00788105   3.745   1.674   0.129  -1.415   0
   1.00789165   3.744   1.740   0.229  -1.261   0
   1.00790536   3.723   1.757   0.261  -1.210   1
   1.00794518   3.748   1.708   0.182  -1.325   0
   1.00796580   3.731   1.662   0.116  -1.434   0
   1.00799298   3.608   1.642   0.087  -1.567   0
   1.00801015   3.471   1.613   0.054  -1.697   0
   1.00802374   3.328   1.603   0.043  -1.811   0
   1.00803387   3.251   1.623   0.055  -1.913   0
   1.00804365   3.228   1.692   0.108  -2.027   0
   1.00805044   3.173   1.710   0.115  -2.144   0
   1.00805593   3.138   1.780   0.173  -2.250   0
   1.00805998   3.205   1.970   0.380  -2.262   0
   1.00806355   3.269   2.158   0.584  -2.277   0
   1.00806701   3.341   2.353   0.796  -2.284   0
   1.00806987   3.485   2.643   1.096  -2.229   0
   1.00807273   3.652   2.967   1.422  -2.153   0
   1.00807583   3.782   3.234   1.691  -2.103   1
   1.00807905   3.865   3.433   1.888  -2.085   0
   1.00808227   3.912   3.609   2.044  -2.085   0
   1.00808585   3.975   3.812   2.225  -2.073   0
   1.00808930   4.065   4.060   2.448  -2.041   0
   1.00809240   4.178   4.393   2.734  -2.075   0
   1.00809276   4.208   4.498   2.823  -2.094   0
   1.00809312   4.208   4.509   2.832  -2.103   0
   1.00809348   4.208   4.522   2.842  -2.112   0
   1.00809383   4.207   4.527   2.845  -2.125   0
   1.00809407   4.208   4.532   2.849  -2.136   0
   1.00809431   4.208   4.537   2.852  -2.147   0
   1.00809467   4.208   4.543   2.856  -2.160   0
   1.00809503   4.210   4.551   2.862  -2.173   0
   1.00809526   4.214   4.560   2.870  -2.184   0
   1.00809550   4.230   4.585   2.892  -2.186   0
   1.00809550   4.252   4.613   2.918  -2.181   0
