   0.15000001  16.298  14.728  13.128  10.532   0
   0.20000000  15.152  13.710  12.187   9.812   0
   0.25000000  14.489  13.094  11.605   9.337   0
   0.30000001  13.916  12.558  11.098   8.941   0
   0.34999999  13.448  12.107  10.670   8.633   0
   0.40000001  13.019  11.692  10.276   8.339   0
   0.44999999  12.597  11.279   9.885   8.050   0
   0.50000000  12.139  10.818   9.449   7.734   0
   0.55000001  11.657  10.328   8.985   7.403   0
   0.60000002  11.198   9.876   8.571   7.068   0
   0.69999999  10.166   8.921   7.710   6.368   0
   0.80000001   8.931   7.917   6.838   5.684   0
   0.89999998   7.665   6.964   6.026   5.062   0
   0.94326127   7.173   6.594   5.710   4.811   0
   1.00000000   6.588   6.148   5.336   4.509   0
   1.10000002   5.708   5.448   4.743   4.015   0
   1.20000005   4.985   4.839   4.224   3.575   0
   1.29900706   4.379   4.303   3.766   3.188   0
   1.29999995   4.374   4.298   3.762   3.184   0
   1.39999998   3.879   3.838   3.370   2.858   0
   1.50000000   3.455   3.424   3.017   2.570   0
   1.60000002   3.075   3.041   2.695   2.320   0
   1.70000005   2.733   2.683   2.398   2.104   0
   1.79999995   2.431   2.360   2.131   1.911   0
   1.81119645   2.399   2.325   2.103   1.890   0
   1.89999998   2.154   2.070   1.893   1.733   0
   2.00000000   1.895   1.807   1.675   1.566   0
   2.09999990   1.649   1.575   1.480   1.407   0
   2.15722442   1.513   1.447   1.371   1.317   0
   2.20000005   1.415   1.358   1.293   1.250   0
   2.29999995   1.194   1.162   1.123   1.101   0
   2.43110180   0.917   0.915   0.903   0.904   0
   2.50000000   0.777   0.792   0.790   0.799   0
   2.62927365   0.524   0.569   0.586   0.609   0
   2.79518127   0.205   0.282   0.317   0.352   0
   2.93128967  -0.053   0.045   0.088   0.128   0
   3.00000000  -0.183  -0.079  -0.033   0.007   0
   3.06163812  -0.298  -0.190  -0.141  -0.101   0
   3.16049743  -0.485  -0.377  -0.326  -0.287   1
   3.24489474  -0.649  -0.555  -0.506  -0.471   0
   3.31718326  -0.790  -0.718  -0.675  -0.648   0
   3.37938356  -0.909  -0.868  -0.834  -0.817   0
   3.40726042  -0.966  -0.940  -0.910  -0.899   0
   3.43311930  -1.023  -1.009  -0.983  -0.976   0
   3.44868064  -1.066  -1.052  -1.026  -1.019   0
   3.46062636  -1.112  -1.087  -1.055  -1.045   0
   3.46873999  -1.167  -1.111  -1.069  -1.048   3
   3.47414088  -1.251  -1.127  -1.065  -1.025   0
   3.47562790  -1.326  -1.141  -1.064  -1.012   0
   3.47643828  -1.411  -1.162  -1.074  -1.010   0
   3.47654724  -1.379  -1.139  -1.052  -0.990   0
   3.47673345  -1.285  -1.093  -1.016  -0.963   0
   3.47698164  -1.282  -1.151  -1.087  -1.046   0
   3.47732615  -1.348  -1.277  -1.228  -1.204   0
   3.47779131  -1.381  -1.377  -1.351  -1.350   0
   3.47822881  -1.373  -1.425  -1.425  -1.450   0
   3.47868013  -1.338  -1.443  -1.475  -1.531   0
   3.47918844  -1.276  -1.435  -1.510  -1.610   0
   3.47975111  -1.175  -1.379  -1.519  -1.686   3
   3.48014092  -1.089  -1.303  -1.504  -1.733   0
   3.48053956  -0.982  -1.193  -1.468  -1.775   0
   3.48094130  -0.838  -1.048  -1.410  -1.808   0
   3.48134565  -0.626  -0.856  -1.323  -1.829   0
   3.48175001  -0.312  -0.605  -1.203  -1.828   0
   3.48214483   0.095  -0.312  -1.042  -1.777   0
   3.48253369   0.533  -0.009  -0.850  -1.674   0
   3.48291612   0.970   0.296  -0.635  -1.531   0
   3.48329258   1.377   0.575  -0.435  -1.393   0
   3.48348212   1.586   0.709  -0.336  -1.330   4
   3.48396397   1.784   0.748  -0.373  -1.435   0
   3.48446798   1.848   0.664  -0.519  -1.644   0
   3.48491597   1.848   0.572  -0.649  -1.810   0
   3.48535562   1.834   0.489  -0.759  -1.947   0
   3.48592401   1.815   0.391  -0.889  -2.106   0
   3.48642349   1.803   0.310  -0.997  -2.243   0
   3.48701572   1.781   0.212  -1.124  -2.401   0
   3.48750901   1.766   0.128  -1.233  -2.536   0
   3.48795891   1.756   0.053  -1.333  -2.661   0
   3.48840094   1.746  -0.024  -1.434  -2.786   0
   3.48881769   1.731  -0.095  -1.528  -2.904   0
   3.48924899   1.725  -0.154  -1.609  -3.010   0
   3.48972249   1.726  -0.193  -1.664  -3.084   2
   3.49169612   1.719  -0.148  -1.598  -2.993   0
   3.49333549   1.723  -0.092  -1.521  -2.891   0
   3.49478817   1.730  -0.018  -1.421  -2.764   0
   3.49628615   1.733   0.076  -1.292  -2.601   0
   3.49762797   1.739   0.170  -1.166  -2.441   0
   3.49893475   1.748   0.258  -1.047  -2.290   0
   3.50000000   1.755   0.323  -0.961  -2.180   0
   3.50161600   1.773   0.408  -0.849  -2.042   0
   3.50417471   1.792   0.510  -0.713  -1.875   0
   3.50792789   1.787   0.590  -0.598  -1.727   0
   3.51503134   1.728   0.626  -0.524  -1.612   0
   3.52203178   1.657   0.597  -0.534  -1.603   1
   3.62115097   1.424   0.336  -0.808  -1.883   0
   3.70729542   1.414   0.208  -0.984  -2.107   0
   3.72728229   1.489   0.164  -1.076  -2.247   0
   3.72963238   1.517   0.109  -1.165  -2.368   0
   3.73023629   1.531   0.051  -1.251  -2.483   0
   3.73032188   1.534   0.033  -1.277  -2.518   0
   3.73049951   1.541  -0.040  -1.380  -2.653   0
   3.73065615   1.542  -0.113  -1.480  -2.782   0
   3.73423839   1.553  -0.238  -1.655  -3.009   0
   3.73513412   1.551  -0.310  -1.757  -3.143   0
   3.73600006   1.552  -0.380  -1.854  -3.272   0
   3.73677516   1.558  -0.444  -1.946  -3.396   0
   3.73757815   1.571  -0.516  -2.052  -3.538   0
   3.73821688   1.587  -0.579  -2.146  -3.667   0
   3.73880219   1.495  -0.618  -2.195  -3.787   0
   3.73927236   1.378  -0.643  -2.223  -3.891   0
   3.73967695   1.254  -0.660  -2.239  -3.989   0
   3.74009800   1.100  -0.703  -2.280  -4.109   0
   3.74042869   0.959  -0.731  -2.306  -4.216   0
   3.74075937   0.907  -0.699  -2.286  -4.337   0
   3.74101663   0.863  -0.658  -2.254  -4.440   0
   3.74125338   0.803  -0.634  -2.237  -4.548   0
   3.74146938   0.756  -0.589  -2.194  -4.641   2
   3.74168563   0.813  -0.413  -2.002  -4.659   0
   3.74190593   0.886  -0.211  -1.783  -4.669   0
   3.74219108   0.979   0.041  -1.509  -4.678   0
   3.74228501   1.052   0.206  -1.341  -4.660   0
   3.74243975   1.058   0.229  -1.318  -4.663   0
   3.74252534   1.086   0.274  -1.272  -4.647   0
   3.74263549   1.294   0.716  -0.827  -4.574   0
   3.74264765   1.344   0.817  -0.726  -4.554   0
   3.74266768   1.358   0.850  -0.693  -4.550   0
   3.74269247   1.376   0.890  -0.652  -4.546   1
   3.74271750   1.394   0.931  -0.612  -4.541   0
   3.74273753   1.405   0.960  -0.583  -4.540   0
   3.74276257   1.407   0.984  -0.562  -4.545   0
   3.74278760   1.410   1.007  -0.542  -4.550   0
   3.74281263   1.412   1.031  -0.521  -4.556   0
   3.74283767   1.415   1.055  -0.501  -4.561   0
   3.74286246   1.417   1.079  -0.480  -4.566   0
   3.74288750   1.420   1.103  -0.460  -4.572   0
   3.74291253   1.422   1.127  -0.439  -4.577   0
   3.74293756   1.425   1.151  -0.419  -4.583   0
   3.74295735   1.427   1.170  -0.402  -4.587   0
   3.74298239   1.429   1.194  -0.382  -4.592   0
   3.74300742   1.432   1.218  -0.361  -4.598   0
   3.74303246   1.434   1.242  -0.341  -4.603   0
   3.74305248   1.436   1.261  -0.324  -4.607   0
   3.74307728   1.439   1.285  -0.304  -4.612   0
   3.74310231   1.441   1.309  -0.283  -4.618   0
   3.74318147   1.448   1.355  -0.243  -4.625   0
   3.74329615   1.454   1.404  -0.201  -4.636   0
   3.74341035   1.458   1.426  -0.182  -4.639   0
   3.74352431   1.461   1.448  -0.163  -4.642   0
   3.74363780   1.462   1.465  -0.149  -4.649   0
   3.74373984   1.463   1.478  -0.138  -4.656   0
   3.74384451   1.473   1.503  -0.117  -4.655   0
   3.74387813   1.497   1.534  -0.087  -4.638   0
   3.74389195   1.509   1.551  -0.071  -4.628   0
   3.74389791   1.517   1.561  -0.061  -4.622   0
   3.74390054   1.522   1.568  -0.055  -4.619   0
   3.74390292   1.527   1.575  -0.048  -4.615   0
   3.74390554   1.532   1.582  -0.042  -4.611   0
   3.74390817   1.537   1.590  -0.035  -4.607   0
   3.74391079   1.543   1.597  -0.027  -4.602   1
   3.74391317   1.549   1.605  -0.020  -4.598   0
   3.74391580   1.555   1.614  -0.012  -4.593   0
   3.74391842   1.561   1.622  -0.004  -4.589   0
   3.74392104   1.568   1.631   0.005  -4.584   0
   3.74392343   1.575   1.640   0.013  -4.578   0
   3.74392605   1.582   1.650   0.023  -4.573   0
   3.74392867   1.590   1.660   0.032  -4.567   0
   3.74393129   1.597   1.671   0.042  -4.561   0
   3.74393368   1.606   1.683   0.053  -4.555   0
   3.74393630   1.615   1.695   0.064  -4.548   0
   3.74393892   1.624   1.707   0.076  -4.541   0
   3.74394131   1.634   1.721   0.089  -4.533   0
   3.74394393   1.645   1.736   0.103  -4.525   0
   3.74394655   1.656   1.751   0.118  -4.516   0
   3.74394917   1.669   1.768   0.134  -4.507   0
   3.74395418   1.683   1.787   0.152  -4.496   0
