   0.15000001  16.297  14.727  13.127  10.531   0
   0.20000000  15.151  13.709  12.186   9.812   0
   0.25000000  14.487  13.093  11.604   9.336   0
   0.30000001  13.915  12.557  11.097   8.939   0
   0.34999999  13.447  12.105  10.668   8.632   0
   0.40000001  13.017  11.690  10.273   8.337   0
   0.44999999  12.595  11.277   9.882   8.048   0
   0.50000000  12.137  10.816   9.447   7.731   0
   0.55000001  11.655  10.325   8.983   7.400   0
   0.60000002  11.199   9.875   8.570   7.065   0
   0.69999999  10.166   8.919   7.707   6.364   0
   0.80000001   8.911   7.900   6.823   5.672   0
   0.83621627   8.424   7.532   6.509   5.433   0
   0.89999998   7.644   6.948   6.012   5.050   0
   1.00000000   6.567   6.131   5.321   4.496   0
   1.10000002   5.685   5.428   4.725   3.999   0
   1.17558968   5.121   4.956   4.323   3.657   0
   1.20000005   4.961   4.816   4.202   3.555   0
   1.24242771   4.686   4.574   3.995   3.379   0
   1.29362571   4.381   4.303   3.763   3.182   0
   1.29999995   4.349   4.272   3.737   3.160   0
   1.39999998   3.854   3.811   3.342   2.829   0
   1.47823262   3.516   3.483   3.061   2.598   0
   1.50000000   3.428   3.395   2.985   2.535   0
   1.60000002   3.044   3.008   2.655   2.271   0
   1.70000005   2.699   2.647   2.350   2.039   0
   1.77310658   2.473   2.407   2.147   1.884   0
   1.79999995   2.393   2.322   2.074   1.827   0
   1.89999998   2.108   2.020   1.815   1.623   0
   1.97289264   1.911   1.816   1.642   1.482   0
   2.00000000   1.839   1.742   1.578   1.428   0
   2.09999990   1.582   1.477   1.345   1.230   0
   2.12796545   1.512   1.407   1.283   1.176   0
   2.20000005   1.333   1.233   1.126   1.034   0
   2.26442838   1.175   1.080   0.986   0.906   0
   2.29999995   1.090   0.997   0.908   0.833   0
   2.37306404   0.920   0.828   0.749   0.681   0
   2.45967197   0.724   0.630   0.555   0.488   1
   2.50000000   0.638   0.539   0.463   0.392   0
   2.53721237   0.558   0.456   0.379   0.305   0
   2.60397816   0.424   0.309   0.223   0.139   0
   2.66172528   0.317   0.182   0.082  -0.019   0
   2.71202922   0.234   0.086  -0.037  -0.166   0
   2.73470879   0.196   0.041  -0.094  -0.237   0
   2.75587583   0.153  -0.009  -0.152  -0.304   0
   2.76891494   0.113  -0.050  -0.193  -0.346   0
   2.77890801   0.059  -0.101  -0.233  -0.375   0
   2.78586102  -0.019  -0.169  -0.276  -0.391   0
   2.79047728  -0.160  -0.268  -0.325  -0.389   0
   2.79174519  -0.280  -0.344  -0.365  -0.395   0
   2.79241633  -0.416  -0.421  -0.409  -0.409   0
   2.79251170  -0.372  -0.387  -0.380  -0.384   0
   2.79265928  -0.250  -0.304  -0.322  -0.347   4
   2.79289055  -0.214  -0.319  -0.371  -0.431   0
   2.79322553  -0.228  -0.377  -0.469  -0.571   0
   2.79369521  -0.196  -0.374  -0.522  -0.686   0
   2.79383540  -0.181  -0.361  -0.528  -0.711   0
   2.79421997  -0.132  -0.312  -0.529  -0.766   3
   2.79467750  -0.059  -0.236  -0.513  -0.814   0
   2.79520035   0.044  -0.129  -0.476  -0.855   0
   2.79577279   0.193   0.012  -0.414  -0.882   0
   2.79637337   0.414   0.203  -0.322  -0.885   0
   2.79698730   0.735   0.448  -0.190  -0.853   0
   2.79760075   1.133   0.736  -0.011  -0.764   0
   2.79800534   1.432   0.949   0.136  -0.670   0
   2.79860187   1.897   1.287   0.386  -0.493   0
   2.79939938   2.394   1.618   0.621  -0.340   4
   2.80015349   2.533   1.623   0.562  -0.460   0
   2.80075383   2.531   1.537   0.437  -0.620   0
   2.80137372   2.500   1.437   0.305  -0.780   0
   2.80203843   2.467   1.337   0.177  -0.937   0
   2.80261397   2.436   1.247   0.062  -1.076   0
   2.80327773   2.395   1.138  -0.074  -1.238   0
   2.80395651   2.350   1.025  -0.215  -1.405   0
   2.80451274   2.314   0.933  -0.330  -1.539   0
   2.80513000   2.277   0.835  -0.452  -1.687   0
   2.80565667   2.247   0.748  -0.561  -1.819   0
   2.80613089   2.225   0.669  -0.662  -1.942   0
   2.80660057   2.207   0.590  -0.764  -2.069   0
   2.80707359   2.193   0.512  -0.867  -2.196   0
   2.80753350   2.183   0.442  -0.958  -2.310   0
   2.80794501   2.176   0.393  -1.024  -2.393   2
   2.80849361   2.182   0.450  -0.948  -2.295   0
   2.80910730   2.187   0.510  -0.867  -2.195   0
   2.80985737   2.196   0.584  -0.768  -2.071   0
   2.81078696   2.216   0.679  -0.646  -1.919   0
   2.81172895   2.247   0.790  -0.503  -1.743   0
   2.81261230   2.279   0.898  -0.364  -1.572   0
   2.81367731   2.319   1.028  -0.198  -1.374   0
   2.81456137   2.348   1.119  -0.081  -1.233   0
   2.81577396   2.384   1.223   0.051  -1.074   0
   2.81722188   2.414   1.313   0.165  -0.935   0
   2.81961179   2.436   1.399   0.279  -0.794   0
   2.82328796   2.444   1.465   0.372  -0.677   0
   2.82587862   2.436   1.480   0.398  -0.642   1
   2.90772200   2.240   1.262   0.169  -0.876   0
   2.97959709   2.073   1.073  -0.031  -1.082   0
   3.00000000   2.029   1.019  -0.089  -1.144   0
   3.04118991   2.008   0.910  -0.237  -1.326   0
   3.05291200   2.020   0.832  -0.352  -1.479   0
   3.05465651   2.017   0.750  -0.467  -1.626   0
   3.05509353   2.000   0.667  -0.577  -1.761   0
   3.05520082   1.985   0.619  -0.638  -1.834   0
   3.05532980   1.974   0.541  -0.743  -1.965   0
   3.05546999   1.956   0.443  -0.871  -2.126   0
   3.05564713   1.940   0.361  -0.978  -2.259   0
   3.05619168   1.953   0.436  -0.881  -2.137   1
   3.06018424   1.938   0.331  -1.019  -2.311   0
   3.06128645   1.933   0.229  -1.157  -2.486   0
   3.06218076   1.927   0.133  -1.286  -2.650   0
   3.06289434   1.894   0.037  -1.409  -2.802   0
   3.06341457   1.922  -0.015  -1.493  -2.925   0
   3.06388664   1.928  -0.087  -1.596  -3.062   0
   3.06436920   1.942  -0.162  -1.707  -3.213   0
   3.06474996   1.913  -0.214  -1.782  -3.338   0
   3.06511974   1.792  -0.245  -1.817  -3.456   0
   3.06547856   1.657  -0.271  -1.844  -3.572   2
   3.06583929   1.512  -0.296  -1.868  -3.684   0
   3.06618714   1.375  -0.289  -1.862  -3.800   0
   3.06633806   1.311  -0.299  -1.882  -3.915   0
   3.06644392   1.279  -0.255  -1.848  -4.005   0
   3.06654763   1.224  -0.244  -1.843  -4.105   0
   3.06664252   1.175  -0.217  -1.822  -4.196   0
   3.06674385   1.186  -0.111  -1.709  -4.241   0
   3.06686902   1.221   0.024  -1.561  -4.270   0
   3.06700921   1.276   0.190  -1.380  -4.286   0
   3.06712341   1.342   0.371  -1.184  -4.294   0
   3.06715155   1.397   0.521  -1.027  -4.298   0
   3.06716537   1.412   0.556  -0.991  -4.294   1
   3.06718254   1.431   0.600  -0.947  -4.289   0
   3.06719995   1.451   0.645  -0.902  -4.284   0
   3.06721711   1.470   0.689  -0.857  -4.280   0
   3.06723452   1.489   0.733  -0.813  -4.275   0
   3.06725168   1.509   0.778  -0.768  -4.270   0
   3.06726861   1.528   0.822  -0.723  -4.265   0
   3.06728220   1.543   0.857  -0.688  -4.261   0
   3.06729579   1.559   0.893  -0.652  -4.258   0
   3.06731272   1.578   0.937  -0.608  -4.253   0
   3.06732965   1.598   0.981  -0.563  -4.248   0
   3.06734657   1.617   1.025  -0.518  -4.243   0
   3.06736350   1.636   1.070  -0.474  -4.238   2
   3.06738043   1.656   1.114  -0.429  -4.234   0
   3.06739736   1.675   1.158  -0.385  -4.229   0
   3.06741428   1.694   1.203  -0.340  -4.224   0
   3.06743121   1.714   1.247  -0.295  -4.219   0
   3.06744814   1.728   1.286  -0.257  -4.217   0
   3.06746507   1.731   1.312  -0.235  -4.223   0
   3.06748199   1.733   1.338  -0.213  -4.229   0
   3.06754184   1.740   1.370  -0.185  -4.232   0
   3.06761193   1.743   1.404  -0.156  -4.240   0
   3.06768155   1.747   1.436  -0.128  -4.246   0
   3.06775045   1.751   1.463  -0.105  -4.252   0
   3.06781888   1.754   1.489  -0.082  -4.257   0
   3.06788659   1.757   1.515  -0.060  -4.263   0
   3.06795382   1.760   1.541  -0.037  -4.268   0
   3.06802058   1.763   1.568  -0.015  -4.274   0
   3.06808662   1.766   1.594   0.008  -4.279   0
   3.06815219   1.769   1.620   0.031  -4.284   0
   3.06821704   1.772   1.646   0.053  -4.290   0
   3.06828141   1.775   1.672   0.076  -4.295   0
   3.06834531   1.778   1.699   0.099  -4.300   0
   3.06840849   1.782   1.726   0.122  -4.305   0
   3.06846952   1.786   1.753   0.145  -4.310   0
   3.06852365   1.791   1.780   0.169  -4.313   0
   3.06857228   1.801   1.809   0.195  -4.314   0
   3.06858802   1.811   1.829   0.212  -4.310   0
   3.06859422   1.819   1.843   0.225  -4.306   0
   3.06859779   1.826   1.854   0.235  -4.302   0
   3.06859946   1.833   1.865   0.245  -4.298   0
   3.06860089   1.839   1.876   0.255  -4.294   0
   3.06860209   1.846   1.887   0.265  -4.291   0
   3.06860352   1.853   1.899   0.276  -4.287   0
   3.06860495   1.861   1.911   0.288  -4.282   0
   3.06860614   1.869   1.924   0.300  -4.278   0
   3.06860757   1.877   1.938   0.312  -4.273   0
   3.06860900   1.886   1.953   0.325  -4.268   0
   3.06861019   1.896   1.968   0.340  -4.262   0
   3.06861162   1.906   1.985   0.355  -4.256   0
   3.06861305   1.917   2.002   0.371  -4.250   0
   3.06861424   1.928   2.021   0.388  -4.243   0
   3.06861567   1.941   2.042   0.407  -4.235   0
   3.06861711   1.955   2.064   0.428  -4.227   0
   3.06861830   1.970   2.089   0.450  -4.218   0
   3.06862092   1.987   2.116   0.476  -4.208   0
