   0.15000001  16.279  14.712  13.114  10.522   0
   0.20000000  15.131  13.691  12.169   9.796   0
   0.25000000  14.460  13.069  11.581   9.315   0
   0.30000001  13.887  12.529  11.070   8.917   0
   0.34999999  13.423  12.082  10.646   8.613   0
   0.40000001  12.977  11.650  10.234   8.297   0
   0.44999999  12.563  11.244   9.851   8.020   0
   0.50000000  12.101  10.778   9.411   7.701   0
   0.55000001  11.612  10.281   8.941   7.364   0
   0.60000002  11.162   9.835   8.528   7.021   0
   0.67023188  10.401   9.119   7.880   6.496   0
   0.69999999  10.072   8.832   7.626   6.292   0
   0.78905916   8.899   7.883   6.803   5.648   0
   0.80000001   8.771   7.780   6.712   5.576   0
   0.80323845   8.723   7.743   6.681   5.552   0
   0.86992061   7.729   7.006   6.057   5.081   0
   0.89999998   7.339   6.713   5.809   4.885   0
   0.92654085   7.002   6.457   5.588   4.707   0
   0.95502669   6.668   6.197   5.367   4.524   0
   0.97898805   6.399   5.986   5.187   4.374   0
   0.99963999   6.178   5.811   5.037   4.248   1
   1.00000000   6.175   5.808   5.034   4.245   0
   1.01499605   6.015   5.679   4.922   4.150   0
   1.03435445   5.825   5.520   4.785   4.031   0
   1.05104959   5.670   5.388   4.670   3.930   0
   1.06571984   5.538   5.276   4.571   3.844   0
   1.07855237   5.428   5.181   4.488   3.771   0
   1.08974862   5.339   5.104   4.419   3.710   0
   1.09951246   5.266   5.040   4.362   3.658   0
   1.10000002   5.263   5.037   4.359   3.656   0
   1.10873961   5.190   4.972   4.301   3.603   0
   1.12401319   5.075   4.869   4.208   3.517   0
   1.12982893   5.042   4.838   4.179   3.490   0
   1.13655984   4.994   4.795   4.139   3.453   0
   1.15025890   4.906   4.713   4.062   3.381   0
   1.15990973   4.855   4.663   4.013   3.333   0
   1.17645299   4.784   4.590   3.940   3.259   1
   1.19107985   4.746   4.543   3.888   3.203   0
   1.20000005   4.734   4.523   3.863   3.174   0
   1.20564377   4.715   4.502   3.840   3.150   0
   1.23081398   4.643   4.415   3.744   3.045   0
   1.24382317   4.610   4.372   3.694   2.990   0
   1.25699866   4.563   4.318   3.636   2.928   0
   1.25962150   4.550   4.304   3.621   2.913   0
   1.26919508   4.442   4.207   3.533   2.833   0
   1.27272749   4.329   4.114   3.456   2.769   0
   1.27517152   4.126   3.943   3.315   2.656   0
   1.27604890   3.947   3.784   3.180   2.541   0
   1.28029239   3.980   3.789   3.157   2.494   0
   1.29999995   4.122   3.827   3.114   2.382   3
   1.30629027   4.276   3.920   3.162   2.391   0
   1.31183350   4.527   4.083   3.269   2.451   0
   1.31673241   4.807   4.270   3.399   2.530   0
   1.32127106   5.100   4.455   3.530   2.607   0
   1.32527030   5.287   4.562   3.595   2.631   4
   1.33365738   5.377   4.534   3.512   2.487   0
   1.33918607   5.285   4.397   3.354   2.308   0
   1.34341228   5.165   4.248   3.191   2.132   0
   1.34706247   5.037   4.093   3.022   1.952   0
   1.34990156   4.926   3.957   2.874   1.795   0
   1.35245788   4.811   3.816   2.721   1.631   0
   1.35471129   4.699   3.677   2.569   1.469   0
   1.35661697   4.599   3.548   2.427   1.313   0
   1.35817707   4.508   3.427   2.293   1.167   0
   1.35957050   4.418   3.308   2.160   1.023   0
   1.36086142   4.341   3.194   2.031   0.879   0
   1.36194456   4.265   3.084   1.907   0.742   0
   1.36290932   4.194   2.979   1.787   0.609   0
   1.36377740   4.126   2.876   1.669   0.477   0
   1.36452770   4.057   2.772   1.550   0.345   0
   1.36523533   4.000   2.681   1.446   0.228   0
   1.36598015   3.963   2.623   1.379   0.152   2
   1.36672068   3.992   2.682   1.450   0.236   0
   1.36736035   3.927   2.576   1.326   0.094   0
   1.36799932   3.871   2.470   1.200  -0.051   0
   1.36866617   3.813   2.354   1.060  -0.215   0
   1.36919940   3.760   2.244   0.928  -0.370   0
   1.36965930   3.714   2.141   0.803  -0.518   0
   1.37011826   3.670   2.033   0.669  -0.676   0
   1.37050641   3.629   1.931   0.543  -0.827   0
   1.37079859   3.594   1.847   0.437  -0.957   0
   1.37109184   3.562   1.755   0.321  -1.101   0
   1.37134373   3.541   1.673   0.214  -1.237   0
   1.37156510   3.518   1.589   0.104  -1.374   0
   1.37178206   3.504   1.512   0.002  -1.505   0
   1.37194526   3.468   1.440  -0.091  -1.634   0
   1.37210929   3.372   1.407  -0.133  -1.749   0
   1.37226808   3.256   1.363  -0.184  -1.878   0
   1.37239003   3.146   1.327  -0.224  -1.988   0
   1.37250924   3.026   1.288  -0.266  -2.100   0
   1.37261236   2.915   1.274  -0.284  -2.210   0
   1.37271106   2.868   1.287  -0.286  -2.330   0
   1.37278819   2.820   1.294  -0.290  -2.435   3
   1.37286258   2.771   1.310  -0.285  -2.542   0
   1.37293422   2.734   1.363  -0.243  -2.645   0
   1.37299621   2.768   1.501  -0.094  -2.678   0
   1.37305439   2.788   1.609   0.027  -2.715   0
   1.37310469   2.842   1.768   0.200  -2.728   0
   1.37314856   2.896   1.923   0.369  -2.739   0
   1.37319171   2.978   2.115   0.568  -2.724   0
   1.37322927   3.075   2.324   0.778  -2.692   0
   1.37326694   3.189   2.567   1.023  -2.653   0
   1.37330198   3.258   2.738   1.195  -2.644   0
   1.37333691   3.330   2.930   1.380  -2.631   2
   1.37333691   3.602   2.306   1.079  -0.113   1
   1.37354815   3.591   2.275   1.040  -0.159   0
   1.37386155   3.583   2.255   1.015  -0.188   0
   1.37418032   3.579   2.259   1.022  -0.179   0
   1.37481380   3.570   2.256   1.021  -0.176   0
   1.37544775   3.562   2.255   1.024  -0.171   0
   1.37608671   3.554   2.256   1.027  -0.164   0
   1.37672997   3.546   2.252   1.026  -0.163   0
   1.37737715   3.538   2.251   1.028  -0.158   0
   1.37802529   3.530   2.249   1.028  -0.155   0
   1.37870121   3.521   2.245   1.026  -0.155   0
   1.37938130   3.513   2.241   1.024  -0.155   0
   1.38005877   3.505   2.237   1.021  -0.157   0
   1.38073266   3.497   2.231   1.015  -0.161   0
   1.38133550   3.491   2.225   1.010  -0.166   0
   1.38137925   3.490   2.225   1.009  -0.166   0
   1.38207030   3.483   2.215   0.999  -0.177   0
   1.38277328   3.476   2.203   0.985  -0.194   0
   1.38365769   3.467   2.182   0.959  -0.224   0
   1.38480985   3.454   2.145   0.912  -0.280   0
   1.38504410   3.446   2.123   0.885  -0.312   0
   1.38538492   3.438   2.094   0.847  -0.358   0
   1.38708842   3.408   1.979   0.697  -0.544   0
   1.38719273   3.392   1.913   0.611  -0.651   0
   1.38727343   3.372   1.803   0.467  -0.833   0
   1.38729799   3.361   1.725   0.363  -0.964   0
   1.38731265   3.351   1.630   0.235  -1.125   0
   1.38732231   3.338   1.539   0.112  -1.285   0
   1.38733160   3.332   1.461   0.004  -1.428   0
   1.38734519   3.324   1.391  -0.092  -1.553   0
   1.38734937   3.323   1.386  -0.099  -1.562   0
   1.38738835   3.332   1.461   0.003  -1.430   0
   1.38745403   3.330   1.491   0.046  -1.370   1
   1.38762367   3.325   1.422  -0.048  -1.495   0
   1.38777649   3.300   1.322  -0.179  -1.659   0
   1.38784528   3.320   1.266  -0.265  -1.782   0
   1.38791776   3.241   1.222  -0.326  -1.922   0
   1.38797331   3.125   1.187  -0.368  -2.044   0
   1.38801575   3.011   1.162  -0.396  -2.152   0
   1.38805902   2.872   1.141  -0.419  -2.267   0
   1.38808715   2.790   1.153  -0.412  -2.362   0
   1.38811064   2.756   1.191  -0.389  -2.470   0
   1.38812721   2.724   1.229  -0.362  -2.566   0
   1.38814223   2.672   1.247  -0.353  -2.672   0
   1.38815606   2.685   1.372  -0.228  -2.732   2
   1.38816786   2.714   1.497  -0.091  -2.763   0
   1.38817990   2.778   1.674   0.102  -2.774   0
   1.38819182   2.855   1.871   0.315  -2.774   0
   1.38820601   2.994   2.162   0.616  -2.726   0
   1.38822067   3.085   2.369   0.823  -2.703   0
   1.38823605   3.199   2.611   1.067  -2.663   0
   1.38825238   3.319   2.864   1.321  -2.620   1
   1.38826251   3.373   3.053   1.491  -2.618   0
   1.38826311   3.381   3.087   1.520  -2.618   0
   1.38826537   3.385   3.118   1.548  -2.625   0
   1.38826776   3.388   3.150   1.575  -2.632   0
   1.38827002   3.392   3.181   1.602  -2.639   0
   1.38827229   3.395   3.213   1.629  -2.646   0
   1.38827467   3.398   3.245   1.656  -2.653   0
   1.38827693   3.402   3.277   1.684  -2.660   0
   1.38827932   3.405   3.309   1.711  -2.667   0
   1.38828158   3.409   3.340   1.738  -2.674   0
   1.38828385   3.412   3.372   1.766  -2.681   0
   1.38828623   3.416   3.404   1.793  -2.688   0
   1.38828850   3.415   3.426   1.810  -2.701   0
   1.38829088   3.413   3.444   1.824  -2.717   0
   1.38829315   3.410   3.462   1.838  -2.733   0
   1.38829494   3.409   3.476   1.849  -2.746   0
   1.38829732   3.406   3.494   1.862  -2.762   0
   1.38829958   3.404   3.512   1.876  -2.778   0
   1.38830185   3.402   3.531   1.890  -2.793   0
   1.38830423   3.400   3.549   1.904  -2.809   0
   1.38830650   3.398   3.567   1.918  -2.825   0
   1.38830888   3.396   3.586   1.933  -2.841   0
   1.38831115   3.395   3.606   1.948  -2.856   0
   1.38831341   3.395   3.629   1.966  -2.870   0
   1.38831556   3.405   3.664   1.995  -2.877   0
   1.38831747   3.451   3.749   2.073  -2.858   0
   1.38831854   3.490   3.810   2.128  -2.843   0
   1.38831854   3.493   3.814   2.132  -2.842   0
   1.38831854   3.497   3.818   2.136  -2.841   0
   1.38831854   3.501   3.824   2.141  -2.840   0
   1.38831854   3.503   3.827   2.144  -2.839   0
