   0.15000001  16.254  14.692  13.095  10.508   0
   0.20000000  15.104  13.667  12.147   9.774   0
   0.25000000  14.423  13.035  11.549   9.285   0
   0.30000001  13.848  12.491  11.033   8.885   0
   0.34999999  13.390  12.050  10.615   8.586   0
   0.40000001  12.953  11.627  10.212   8.280   0
   0.44999999  12.528  11.209   9.818   7.995   0
   0.50000000  12.058  10.734   9.369   7.670   0
   0.55000001  11.557  10.225   8.889   7.320   0
   0.60000002  11.090   9.762   8.461   6.965   0
   0.62188411  10.848   9.523   8.242   6.786   0
   0.69224185  10.003   8.772   7.573   6.250   0
   0.69999999   9.910   8.691   7.502   6.193   0
   0.70637655   9.819   8.612   7.433   6.140   0
   0.75375819   9.078   8.029   6.932   5.755   0
   0.79373139   8.432   7.539   6.515   5.438   0
   0.80000001   8.332   7.464   6.451   5.390   0
   0.80758184   8.209   7.371   6.372   5.328   0
   0.83876491   7.770   7.029   6.071   5.085   0
   0.86633843   7.358   6.715   5.802   4.869   0
   0.89108914   6.998   6.438   5.563   4.675   0
   0.89999998   6.870   6.339   5.477   4.604   0
   0.90240037   6.835   6.312   5.453   4.584   0
   0.91667765   6.635   6.151   5.313   4.464   0
   0.92970800   6.455   6.004   5.185   4.354   0
   0.94187945   6.293   5.871   5.067   4.250   0
   0.94757539   6.224   5.812   5.015   4.204   0
   0.95305759   6.155   5.754   4.962   4.157   0
   0.96018738   6.068   5.680   4.896   4.098   0
   0.96359712   6.028   5.646   4.864   4.069   0
   0.96826863   5.973   5.598   4.821   4.030   0
   0.97121382   5.938   5.568   4.794   4.005   0
   0.97291964   5.923   5.554   4.781   3.994   0
   1.00000000   5.650   5.312   4.556   3.785   0
   1.00320113   5.613   5.278   4.525   3.755   0
   1.02959347   5.334   5.007   4.260   3.498   0
   1.05109262   5.174   4.814   4.048   3.269   0
   1.06577253   5.232   4.777   3.954   3.125   3
   1.07329214   5.559   4.944   4.035   3.123   0
   1.07727015   5.874   5.108   4.124   3.135   0
   1.08108318   5.987   5.104   4.067   3.016   0
   1.08356094   5.915   4.984   3.924   2.850   0
   1.08535397   5.807   4.852   3.780   2.696   0
   1.08698595   5.686   4.709   3.626   2.533   0
   1.08833051   5.575   4.578   3.485   2.383   0
   1.08946919   5.469   4.452   3.350   2.241   0
   1.09053636   5.359   4.319   3.206   2.087   0
   1.09140301   5.261   4.198   3.074   1.946   0
   1.09221613   5.152   4.069   2.935   1.799   0
   1.09292018   5.055   3.946   2.801   1.654   0
   1.09358859   4.949   3.815   2.659   1.502   0
   1.09414303   4.861   3.699   2.530   1.363   0
   1.09462130   4.779   3.586   2.404   1.225   0
   1.09506166   4.701   3.474   2.278   1.086   0
   1.09546387   4.624   3.364   2.154   0.951   0
   1.09582317   4.550   3.258   2.035   0.819   0
   1.09618735   4.480   3.154   1.916   0.686   0
   1.09660459   4.425   3.073   1.823   0.583   2
   1.09704053   4.470   3.158   1.925   0.703   0
   1.09706140   4.472   3.162   1.930   0.708   0
   1.09734857   4.408   3.067   1.821   0.586   0
   1.09763014   4.342   2.960   1.698   0.446   0
   1.09794056   4.262   2.825   1.540   0.265   0
   1.09821379   4.195   2.703   1.396   0.100   0
   1.09840643   4.147   2.607   1.281  -0.034   0
   1.09860504   4.101   2.505   1.156  -0.181   0
   1.09877777   4.059   2.405   1.035  -0.324   0
   1.09892464   4.015   2.313   0.921  -0.461   0
   1.09907436   3.963   2.202   0.786  -0.625   0
   1.09920108   3.929   2.107   0.665  -0.773   0
   1.09930778   3.904   2.009   0.537  -0.935   0
   1.09939992   3.880   1.921   0.422  -1.079   0
   1.09948063   3.858   1.838   0.315  -1.213   0
   1.09954977   3.767   1.787   0.256  -1.327   0
   1.09961033   3.679   1.767   0.229  -1.429   0
   1.09967101   3.571   1.724   0.180  -1.547   0
   1.09972286   3.454   1.684   0.135  -1.665   0
   1.09976900   3.326   1.654   0.103  -1.778   0
   1.09981227   3.259   1.652   0.088  -1.896   3
   1.09984398   3.219   1.665   0.089  -1.998   0
   1.09988439   3.154   1.676   0.085  -2.140   0
   1.09991026   3.118   1.708   0.107  -2.232   0
   1.09993911   3.086   1.763   0.160  -2.324   0
   1.09996223   3.116   1.889   0.299  -2.356   0
   1.09998238   3.164   2.035   0.459  -2.371   0
   1.10000002   3.209   2.174   0.611  -2.386   0
   1.10001194   3.237   2.267   0.713  -2.400   0
   1.10003018   3.376   2.548   1.001  -2.347   0
   1.10004640   3.430   2.705   1.160  -2.352   0
   1.10006166   3.567   2.985   1.441  -2.298   0
   1.10007596   3.685   3.232   1.690  -2.256   1
   1.10008764   3.711   3.377   1.817  -2.275   0
   1.10009897   3.758   3.554   1.973  -2.275   0
   1.10011041   3.808   3.735   2.134  -2.273   0
   1.10011268   3.810   3.757   2.153  -2.278   2
   1.10011268   3.845   2.473   1.214  -0.007   1
   1.10017252   3.839   2.445   1.178  -0.052   0
   1.10028887   3.835   2.423   1.149  -0.089   0
   1.10036004   3.830   2.421   1.148  -0.089   0
   1.10055614   3.818   2.424   1.156  -0.073   0
   1.10075366   3.808   2.422   1.159  -0.066   0
   1.10095358   3.798   2.421   1.160  -0.061   0
   1.10115659   3.789   2.421   1.164  -0.052   0
   1.10136259   3.781   2.420   1.166  -0.047   0
   1.10156810   3.771   2.419   1.168  -0.041   0
   1.10178065   3.761   2.417   1.170  -0.036   0
   1.10199356   3.752   2.415   1.170  -0.032   0
   1.10220444   3.743   2.411   1.169  -0.031   0
   1.10241544   3.737   2.408   1.167  -0.031   0
   1.10262561   3.730   2.403   1.163  -0.034   0
   1.10267425   3.725   2.400   1.161  -0.035   0
   1.10285211   3.723   2.395   1.155  -0.043   0
   1.10310006   3.718   2.384   1.141  -0.058   0
   1.10335612   3.713   2.367   1.120  -0.084   0
   1.10367632   3.704   2.335   1.078  -0.135   0
   1.10379136   3.700   2.319   1.056  -0.162   0
   1.10419106   3.684   2.247   0.963  -0.279   0
   1.10429728   3.671   2.174   0.865  -0.403   0
   1.10434270   3.665   2.119   0.791  -0.497   0
   1.10437310   3.657   2.024   0.663  -0.661   0
   1.10438180   3.656   1.947   0.557  -0.797   0
   1.10438693   3.653   1.857   0.431  -0.964   0
   1.10438943   3.651   1.789   0.335  -1.093   0
   1.10439241   3.645   1.702   0.215  -1.251   0
   1.10439575   3.646   1.615   0.093  -1.414   0
   1.10440052   3.634   1.577   0.034  -1.516   0
   1.10441148   3.639   1.626   0.110  -1.388   0
   1.10444677   3.639   1.686   0.196  -1.275   1
   1.10453010   3.646   1.616   0.094  -1.412   0
   1.10456705   3.623   1.567   0.023  -1.532   0
   1.10459673   3.512   1.540  -0.012  -1.654   0
   1.10461843   3.402   1.519  -0.037  -1.762   0
   1.10463524   3.290   1.496  -0.062  -1.862   0
   1.10465097   3.157   1.486  -0.072  -1.965   0
   1.10466397   3.122   1.526  -0.048  -2.072   0
   1.10467350   3.090   1.563  -0.023  -2.172   0
   1.10468090   3.052   1.603   0.006  -2.273   0
   1.10468590   3.024   1.648   0.043  -2.353   0
   1.10469186   3.073   1.815   0.221  -2.379   0
   1.10469699   3.109   1.947   0.367  -2.405   0
   1.10470200   3.179   2.136   0.572  -2.411   0
   1.10470641   3.266   2.347   0.799  -2.403   0
   1.10471082   3.430   2.662   1.116  -2.328   0
   1.10471582   3.558   2.927   1.383  -2.280   0
   1.10472119   3.662   3.160   1.617  -2.249   1
   1.10472655   3.745   3.377   1.822  -2.228   0
   1.10473239   3.801   3.572   1.995  -2.222   0
   1.10473657   3.872   3.783   2.185  -2.203   0
   1.10473895   3.931   3.962   2.342  -2.198   0
   1.10473919   3.954   4.035   2.405  -2.210   0
   1.10473943   3.999   4.142   2.498  -2.205   0
   1.10474014   4.043   4.260   2.601  -2.211   0
   1.10474813   4.059   4.415   2.722  -2.361   0
   1.10474813   4.069   4.428   2.734  -2.359   0
   1.10474813   4.100   4.470   2.772  -2.352   0
