   0.15000001  16.298  14.728  13.128  10.532   0
   0.20000000  15.152  13.710  12.187   9.813   0
   0.25000000  14.489  13.095  11.605   9.337   0
   0.30000001  13.916  12.558  11.098   8.941   0
   0.34999999  13.448  12.107  10.670   8.633   0
   0.40000001  13.020  11.692  10.276   8.340   0
   0.44999999  12.597  11.279   9.885   8.051   0
   0.50000000  12.140  10.819   9.450   7.734   0
   0.55000001  11.658  10.328   8.986   7.403   0
   0.60000002  11.198   9.876   8.571   7.068   0
   0.69999999  10.166   8.921   7.711   6.369   0
   0.80000001   8.934   7.919   6.840   5.686   0
   0.89999998   7.669   6.967   6.029   5.064   0
   0.95960736   6.997   6.461   5.598   4.722   0
   1.00000000   6.591   6.151   5.338   4.511   0
   1.10000002   5.711   5.451   4.746   4.018   0
   1.20000005   4.988   4.842   4.227   3.578   0
   1.29999995   4.378   4.302   3.766   3.188   0
   1.39999998   3.882   3.841   3.374   2.862   0
   1.50000000   3.459   3.429   3.022   2.575   0
   1.60000002   3.079   3.046   2.700   2.327   0
   1.70000005   2.738   2.688   2.405   2.112   0
   1.79999995   2.437   2.366   2.139   1.921   0
   1.88286352   2.207   2.125   1.943   1.777   0
   1.89999998   2.160   2.077   1.903   1.747   0
   2.00000000   1.903   1.818   1.690   1.584   0
   2.09999990   1.659   1.588   1.497   1.428   0
   2.20000005   1.427   1.377   1.316   1.277   0
   2.26234365   1.292   1.257   1.213   1.188   0
   2.29999995   1.210   1.186   1.151   1.134   0
   2.50000000   0.801   0.828   0.831   0.846   0
   2.52910995   0.745   0.780   0.788   0.806   0
   2.74419284   0.339   0.427   0.463   0.501   0
   2.91735220   0.021   0.145   0.196   0.243   0
   3.00000000  -0.130   0.007   0.063   0.113   0
   3.07917476  -0.271  -0.122  -0.062  -0.010   0
   3.20122409  -0.492  -0.332  -0.268  -0.215   0
   3.30459070  -0.682  -0.523  -0.457  -0.406   1
   3.39283586  -0.850  -0.703  -0.640  -0.593   0
   3.46842027  -0.995  -0.872  -0.813  -0.772   0
   3.50000000  -1.057  -0.948  -0.892  -0.855   0
   3.53785229  -1.130  -1.040  -0.987  -0.955   0
   3.56650305  -1.187  -1.112  -1.063  -1.035   0
   3.59292269  -1.244  -1.179  -1.134  -1.111   0
   3.60921288  -1.287  -1.222  -1.177  -1.154   0
   3.62148976  -1.332  -1.255  -1.206  -1.179   0
   3.63012147  -1.383  -1.276  -1.217  -1.182   3
   3.63586664  -1.461  -1.284  -1.208  -1.158   0
   3.63745618  -1.528  -1.290  -1.203  -1.142   0
   3.63831878  -1.606  -1.306  -1.209  -1.137   0
   3.63842559  -1.578  -1.286  -1.190  -1.119   0
   3.63861418  -1.488  -1.241  -1.153  -1.090   0
   3.63887334  -1.486  -1.301  -1.223  -1.172   0
   3.63921523  -1.558  -1.431  -1.367  -1.330   0
   3.63966870  -1.600  -1.539  -1.493  -1.475   0
   3.64008689  -1.606  -1.601  -1.573  -1.574   0
   3.64024591  -1.602  -1.617  -1.597  -1.607   0
   3.64072180  -1.576  -1.651  -1.659  -1.695   0
   3.64125824  -1.515  -1.654  -1.704  -1.781   0
   3.64163399  -1.453  -1.628  -1.717  -1.834   0
   3.64202642  -1.375  -1.583  -1.720  -1.887   3
   3.64242411  -1.278  -1.498  -1.702  -1.937   0
   3.64283252  -1.154  -1.371  -1.659  -1.981   0
   3.64323521  -0.986  -1.205  -1.591  -2.015   0
   3.64363766  -0.737  -0.985  -1.490  -2.033   0
   3.64383626  -0.558  -0.846  -1.424  -2.031   0
   3.64403462  -0.357  -0.696  -1.348  -2.019   0
   3.64442563   0.114  -0.372  -1.165  -1.950   0
   3.64481115   0.578  -0.050  -0.952  -1.822   0
   3.64519095   1.039   0.267  -0.722  -1.663   0
   3.64555931   1.449   0.530  -0.534  -1.544   4
   3.64611459   1.683   0.562  -0.595  -1.691   0
   3.64649367   1.719   0.480  -0.725  -1.869   0
   3.64687800   1.722   0.398  -0.841  -2.019   0
   3.64734459   1.711   0.311  -0.959  -2.165   0
   3.64796448   1.702   0.215  -1.090  -2.332   0
   3.64850712   1.695   0.129  -1.205  -2.478   0
   3.64904928   1.677   0.041  -1.320  -2.620   0
   3.64955831   1.667  -0.041  -1.429  -2.756   0
   3.65006161   1.662  -0.122  -1.537  -2.892   0
   3.65057540   1.648  -0.200  -1.642  -3.027   0
   3.65105081   1.639  -0.267  -1.732  -3.144   0
   3.65161872   1.646  -0.318  -1.806  -3.244   0
   3.65184236   1.650  -0.324  -1.816  -3.258   2
   3.65473986   1.633  -0.270  -1.734  -3.144   0
   3.65653586   1.636  -0.208  -1.649  -3.031   0
   3.65819955   1.636  -0.134  -1.544  -2.893   0
   3.65954399   1.636  -0.055  -1.436  -2.756   0
   3.66107988   1.642   0.040  -1.308  -2.594   0
   3.66245008   1.645   0.117  -1.203  -2.460   0
   3.66441846   1.652   0.210  -1.077  -2.298   0
   3.66705036   1.665   0.309  -0.943  -2.131   0
   3.67091131   1.661   0.396  -0.821  -1.974   0
   3.67821908   1.600   0.435  -0.740  -1.851   0
   3.68542075   1.515   0.406  -0.746  -1.832   1
   3.78175664   1.265   0.143  -1.015  -2.100   0
   3.86377883   1.306   0.052  -1.159  -2.298   0
   3.88285089   1.387   0.012  -1.248  -2.435   0
   3.88509464   1.421  -0.036  -1.328  -2.548   0
   3.88567114   1.439  -0.084  -1.402  -2.649   0
   3.88575292   1.442  -0.099  -1.424  -2.678   0
   3.88593006   1.455  -0.165  -1.520  -2.806   0
   3.88608623   1.460  -0.232  -1.613  -2.928   0
   3.88966036   1.474  -0.376  -1.817  -3.195   0
   3.89055395   1.479  -0.442  -1.913  -3.324   0
   3.89141798   1.482  -0.511  -2.010  -3.453   0
   3.89219117   1.489  -0.575  -2.101  -3.575   0
   3.89299250   1.506  -0.645  -2.206  -3.718   0
   3.89362979   1.455  -0.688  -2.266  -3.835   0
   3.89421368   1.328  -0.719  -2.300  -3.950   0
   3.89468288   1.204  -0.746  -2.327  -4.053   0
   3.89508653   1.074  -0.769  -2.349  -4.152   0
   3.89550662   0.908  -0.805  -2.381  -4.269   0
   3.89583659   0.847  -0.791  -2.375  -4.376   0
   3.89616656   0.788  -0.764  -2.358  -4.496   0
   3.89642310   0.737  -0.731  -2.332  -4.598   0
   3.89665961   0.681  -0.694  -2.300  -4.699   2
   3.89687514   0.712  -0.557  -2.152  -4.732   0
   3.89709091   0.773  -0.375  -1.954  -4.749   0
   3.89731073   0.846  -0.165  -1.725  -4.764   0
   3.89759541   1.000   0.188  -1.359  -4.732   0
   3.89768887   1.065   0.331  -1.214  -4.712   1
   3.89784360   1.024   0.247  -1.299  -4.727   0
   3.89792895   0.978   0.143  -1.404  -4.741   0
   3.89803863   1.253   0.720  -0.823  -4.641   0
   3.89805079   1.293   0.801  -0.742  -4.625   0
   3.89807057   1.306   0.830  -0.712  -4.622   0
   3.89809513   1.322   0.867  -0.675  -4.618   1
   3.89811993   1.328   0.893  -0.652  -4.620   0
   3.89813948   1.330   0.910  -0.637  -4.624   0
   3.89816427   1.332   0.931  -0.618  -4.629   0
   3.89818883   1.334   0.953  -0.600  -4.634   0
   3.89821339   1.336   0.974  -0.581  -4.639   0
   3.89823818   1.339   0.996  -0.563  -4.643   0
   3.89826274   1.341   1.018  -0.544  -4.648   0
   3.89828753   1.343   1.039  -0.525  -4.653   0
   3.89831209   1.345   1.061  -0.507  -4.658   0
   3.89833665   1.348   1.083  -0.488  -4.663   0
   3.89835644   1.350   1.100  -0.473  -4.667   0
   3.89838123   1.352   1.122  -0.455  -4.672   0
   3.89840579   1.354   1.144  -0.436  -4.676   0
   3.89843035   1.356   1.165  -0.417  -4.681   0
   3.89845014   1.358   1.183  -0.402  -4.685   0
   3.89847469   1.361   1.205  -0.384  -4.690   0
   3.89849949   1.363   1.226  -0.365  -4.695   0
   3.89857745   1.370   1.284  -0.316  -4.707   0
   3.89869046   1.377   1.345  -0.263  -4.719   0
   3.89880323   1.381   1.365  -0.245  -4.721   0
   3.89891577   1.384   1.382  -0.231  -4.724   0
   3.89902759   1.383   1.392  -0.223  -4.732   0
   3.89912820   1.385   1.404  -0.213  -4.737   0
   3.89923120   1.400   1.432  -0.188  -4.730   0
   3.89926457   1.435   1.476  -0.146  -4.702   0
   3.89927816   1.452   1.498  -0.125  -4.688   2
   3.89928412   1.461   1.509  -0.114  -4.680   0
   3.89928651   1.466   1.515  -0.109  -4.677   0
   3.89928913   1.470   1.521  -0.103  -4.673   0
   3.89929175   1.475   1.527  -0.097  -4.669   0
   3.89929414   1.480   1.534  -0.091  -4.665   0
   3.89929676   1.486   1.541  -0.084  -4.660   0
   3.89929938   1.491   1.547  -0.078  -4.656   0
   3.89930177   1.497   1.555  -0.071  -4.652   0
   3.89930439   1.502   1.562  -0.064  -4.647   0
   3.89930677   1.508   1.570  -0.057  -4.642   0
   3.89930940   1.515   1.578  -0.049  -4.637   0
   3.89931202   1.521   1.586  -0.041  -4.632   0
   3.89931440   1.528   1.595  -0.033  -4.626   0
   3.89931703   1.535   1.604  -0.024  -4.620   0
   3.89931941   1.542   1.613  -0.015  -4.614   0
   3.89932203   1.550   1.623  -0.005  -4.608   0
   3.89932442   1.558   1.634   0.005  -4.601   0
   3.89932704   1.567   1.645   0.015  -4.594   0
   3.89932966   1.576   1.657   0.026  -4.587   0
   3.89933205   1.586   1.669   0.038  -4.579   0
   3.89933467   1.596   1.683   0.051  -4.571   0
   3.89934039   1.607   1.697   0.065  -4.562   0
