   0.15000001  16.228  14.670  13.076  10.494   0
   0.20000000  15.075  13.641  12.123   9.750   0
   0.25000000  14.386  12.999  11.515   9.253   0
   0.30000001  13.807  12.451  10.994   8.852   0
   0.34999999  13.356  12.016  10.582   8.558   0
   0.40000001  12.932  11.607  10.193   8.266   0
   0.44999999  12.497  11.178   9.788   7.974   0
   0.50000000  12.013  10.688   9.325   7.639   0
   0.55000001  11.499  10.167   8.836   7.276   0
   0.60000002  11.005   9.678   8.383   6.902   0
   0.60342592  10.965   9.638   8.346   6.872   0
   0.65355384  10.333   9.058   7.826   6.453   0
   0.69675654   9.762   8.563   7.389   6.104   0
   0.69999999   9.719   8.526   7.356   6.078   0
   0.70861751   9.566   8.406   7.254   6.001   0
   0.73984420   9.013   7.976   6.886   5.718   0
   0.76785874   8.541   7.609   6.568   5.469   0
   0.79343760   8.108   7.278   6.281   5.244   0
   0.80000001   7.997   7.193   6.208   5.185   0
   0.80482715   7.910   7.127   6.150   5.140   0
   0.82511258   7.546   6.848   5.909   4.946   0
   0.84387481   7.228   6.599   5.691   4.766   0
   0.86210376   6.922   6.356   5.478   4.587   0
   0.87139755   6.773   6.236   5.371   4.495   0
   0.88062531   6.634   6.121   5.267   4.404   0
   0.89163971   6.474   5.985   5.145   4.294   0
   0.89603549   6.412   5.932   5.096   4.250   0
   0.89999998   6.356   5.883   5.051   4.209   0
   0.90396070   6.291   5.825   4.997   4.158   0
   0.90671033   6.242   5.781   4.956   4.120   0
   0.90730363   6.234   5.773   4.948   4.113   0
   0.92870635   5.947   5.499   4.681   3.853   0
   0.94269937   5.819   5.338   4.501   3.656   0
   0.95218027   5.870   5.301   4.415   3.525   3
   0.95692497   6.095   5.395   4.444   3.488   0
   0.95909655   6.267   5.471   4.475   3.468   0
   0.96162176   6.376   5.474   4.430   3.366   0
   0.96345186   6.330   5.373   4.304   3.213   0
   0.96478784   6.228   5.245   4.163   3.060   0
   0.96585745   6.118   5.117   4.025   2.914   0
   0.96684897   5.996   4.979   3.880   2.762   0
   0.96776217   5.873   4.837   3.728   2.603   0
   0.96853101   5.754   4.699   3.581   2.449   0
   0.96921021   5.636   4.561   3.433   2.293   0
   0.96981025   5.526   4.428   3.291   2.142   0
   0.97034174   5.417   4.298   3.150   1.993   0
   0.97083521   5.307   4.165   3.006   1.841   0
   0.97125685   5.203   4.037   2.867   1.692   0
   0.97162956   5.102   3.906   2.724   1.538   0
   0.97195947   5.008   3.781   2.585   1.388   0
   0.97225267   4.920   3.662   2.453   1.244   0
   0.97252440   4.834   3.541   2.317   1.095   0
   0.97278088   4.758   3.429   2.190   0.954   0
   0.97306967   4.687   3.328   2.076   0.827   0
   0.97318643   4.666   3.299   2.044   0.792   2
   0.97346842   4.721   3.398   2.161   0.929   0
   0.97365969   4.645   3.283   2.029   0.780   0
   0.97384781   4.571   3.167   1.896   0.630   0
   0.97402483   4.498   3.049   1.758   0.473   0
   0.97420514   4.432   2.929   1.618   0.312   0
   0.97433442   4.375   2.821   1.490   0.164   0
   0.97446847   4.322   2.711   1.356   0.008   0
   0.97458023   4.265   2.597   1.220  -0.150   0
   0.97467607   4.215   2.495   1.095  -0.301   0
   0.97477186   4.162   2.390   0.968  -0.453   0
   0.97484213   4.131   2.306   0.862  -0.584   0
   0.97491401   4.108   2.218   0.747  -0.729   0
   0.97497475   4.081   2.122   0.623  -0.883   0
   0.97502750   4.047   2.049   0.528  -1.016   0
   0.97507221   3.952   2.003   0.473  -1.134   0
   0.97510582   3.861   1.967   0.431  -1.239   0
   0.97514570   3.748   1.928   0.385  -1.362   0
   0.97517931   3.629   1.886   0.338  -1.480   0
   0.97520810   3.506   1.847   0.297  -1.592   0
   0.97523367   3.457   1.859   0.295  -1.703   0
   0.97525603   3.401   1.865   0.287  -1.832   3
   0.97527677   3.355   1.878   0.288  -1.936   0
   0.97529596   3.300   1.895   0.294  -2.052   0
   0.97531354   3.290   1.980   0.380  -2.128   0
   0.97532636   3.335   2.121   0.533  -2.145   0
   0.97534072   3.375   2.270   0.698  -2.174   0
   0.97535193   3.414   2.399   0.839  -2.194   0
   0.97536314   3.477   2.564   1.017  -2.197   0
   0.97537273   3.589   2.801   1.255  -2.157   0
   0.97538233   3.677   3.009   1.464  -2.139   0
   0.97539032   3.802   3.263   1.720  -2.088   1
   0.97539830   3.892   3.473   1.926  -2.062   0
   0.97540474   3.914   3.600   2.037  -2.079   0
   0.97541273   3.964   3.793   2.207  -2.081   0
   0.97541749   4.000   3.927   2.326  -2.080   0
   0.97542387   4.041   4.085   2.462  -2.097   0
   0.97542870   4.060   4.171   2.534  -2.124   2
   0.97542870   3.937   2.553   1.289   0.067   1
   0.97545928   3.937   2.531   1.259   0.027   0
   0.97553039   3.934   2.503   1.220  -0.022   0
   0.97556335   3.932   2.502   1.220  -0.022   0
   0.97566891   3.914   2.504   1.229  -0.003   0
   0.97577572   3.900   2.501   1.232   0.006   0
   0.97588450   3.888   2.500   1.235   0.014   0
   0.97599488   3.877   2.500   1.240   0.024   0
   0.97610652   3.866   2.500   1.244   0.034   0
   0.97622079   3.855   2.500   1.248   0.042   0
   0.97633815   3.844   2.499   1.251   0.050   0
   0.97645611   3.834   2.498   1.254   0.056   0
   0.97657257   3.825   2.496   1.255   0.060   0
   0.97668606   3.817   2.494   1.255   0.062   0
   0.97680241   3.810   2.490   1.253   0.062   0
   0.97691798   3.804   2.485   1.248   0.058   0
   0.97692198   3.804   2.485   1.248   0.058   0
   0.97710943   3.796   2.470   1.231   0.039   0
   0.97731107   3.788   2.446   1.199   0.002   0
   0.97755241   3.781   2.397   1.133  -0.081   0
   0.97765779   3.773   2.351   1.072  -0.159   0
   0.97788411   3.756   2.239   0.923  -0.349   0
   0.97801524   3.745   2.183   0.849  -0.441   0
   0.97806758   3.742   2.159   0.818  -0.480   0
   0.97809285   3.751   2.068   0.688  -0.650   0
   0.97810000   3.759   1.983   0.567  -0.811   0
   0.97810411   3.769   1.875   0.410  -1.027   0
   0.97810507   3.766   1.830   0.347  -1.110   0
   0.97810614   3.769   1.780   0.275  -1.207   0
   0.97810745   3.788   1.734   0.204  -1.308   0
   0.97810912   3.793   1.705   0.160  -1.369   0
   0.97810972   3.779   1.701   0.154  -1.386   0
   0.97811347   3.783   1.725   0.193  -1.320   0
   0.97812623   3.753   1.772   0.271  -1.206   0
   0.97812945   3.747   1.775   0.277  -1.195   1
   0.97817677   3.758   1.685   0.137  -1.413   0
   0.97819591   3.658   1.670   0.116  -1.521   0
   0.97821134   3.539   1.649   0.090  -1.636   0
   0.97822231   3.415   1.635   0.074  -1.740   0
   0.97823101   3.298   1.633   0.073  -1.827   0
   0.97823906   3.275   1.680   0.105  -1.925   0
   0.97824585   3.256   1.742   0.154  -2.017   0
   0.97825015   3.210   1.745   0.149  -2.105   0
   0.97825354   3.185   1.783   0.180  -2.175   0
   0.97825670   3.195   1.877   0.276  -2.218   0
   0.97825956   3.248   2.030   0.441  -2.230   0
   0.97826195   3.309   2.193   0.619  -2.235   0
   0.97826493   3.382   2.393   0.836  -2.242   0
   0.97826761   3.548   2.722   1.176  -2.176   0
   0.97827053   3.737   3.094   1.550  -2.094   0
   0.97827363   3.875   3.386   1.843  -2.044   1
   0.97827673   3.936   3.586   2.028  -2.044   0
   0.97827983   4.000   3.799   2.218  -2.034   0
   0.97828293   4.087   4.046   2.440  -2.006   0
   0.97828597   4.146   4.231   2.600  -2.019   0
   0.97828692   4.176   4.330   2.684  -2.037   0
   0.97828710   4.195   4.396   2.740  -2.048   0
   0.97828913   4.189   4.468   2.796  -2.108   0
   0.97829074   4.224   4.562   2.875  -2.151   0
