   0.15000001  16.291  14.723  13.123  10.528   0
   0.20000000  15.144  13.703  12.180   9.806   0
   0.25000000  14.479  13.085  11.597   9.329   0
   0.30000001  13.906  12.548  11.088   8.932   0
   0.34999999  13.439  12.098  10.661   8.626   0
   0.40000001  13.004  11.677  10.261   8.324   0
   0.44999999  12.582  11.264   9.870   8.036   0
   0.50000000  12.122  10.800   9.431   7.717   0
   0.55000001  11.639  10.309   8.967   7.386   0
   0.60000002  11.200   9.873   8.564   7.051   0
   0.60302371  11.168   9.842   8.535   7.028   0
   0.69999999  10.147   8.898   7.685   6.340   0
   0.80000001   8.826   7.836   6.770   5.633   0
   0.86849934   7.920   7.154   6.186   5.186   0
   0.89999998   7.545   6.871   5.945   4.996   0
   0.96989161   6.753   6.270   5.434   4.586   0
   1.00000000   6.441   6.030   5.232   4.420   0
   1.00558698   6.386   5.986   5.195   4.389   0
   1.05857027   5.893   5.592   4.859   4.106   0
   1.09810603   5.563   5.319   4.626   3.909   0
   1.10000002   5.547   5.306   4.615   3.900   0
   1.10981488   5.466   5.238   4.557   3.849   0
   1.13979483   5.223   5.035   4.381   3.698   0
   1.16372514   5.049   4.882   4.249   3.584   0
   1.18334627   4.917   4.765   4.147   3.495   0
   1.19977546   4.812   4.671   4.065   3.424   0
   1.20000005   4.810   4.669   4.064   3.423   0
   1.20228279   4.794   4.654   4.051   3.412   0
   1.21121848   4.730   4.597   4.000   3.368   0
   1.23147368   4.601   4.481   3.898   3.279   0
   1.27462816   4.348   4.251   3.696   3.101   0
   1.29999995   4.211   4.125   3.583   3.000   0
   1.34310400   4.001   3.923   3.402   2.839   0
   1.39999998   3.745   3.673   3.173   2.631   0
   1.45674825   3.509   3.439   2.956   2.429   0
   1.50000000   3.345   3.274   2.797   2.277   0
   1.53425980   3.226   3.152   2.677   2.159   1
   1.58699048   3.065   2.981   2.501   1.978   0
   1.60000002   3.031   2.943   2.460   1.933   0
   1.63300884   2.945   2.848   2.356   1.821   0
   1.67245877   2.864   2.752   2.242   1.689   0
   1.70000005   2.823   2.698   2.169   1.598   0
   1.70659351   2.813   2.686   2.152   1.576   0
   1.73659670   2.793   2.641   2.082   1.484   0
   1.75019228   2.786   2.622   2.050   1.441   0
   1.76292527   2.769   2.595   2.013   1.396   0
   1.77217424   2.733   2.555   1.971   1.352   2
   1.77703702   2.686   2.512   1.933   1.318   0
   1.78142250   2.589   2.427   1.865   1.265   0
   1.78433025   2.387   2.252   1.734   1.174   0
   1.78511786   2.212   2.092   1.615   1.096   0
   1.78552449   2.000   1.894   1.469   1.002   1
   1.78563547   2.113   2.005   1.560   1.071   0
   1.78589213   2.282   2.146   1.634   1.081   0
   1.78662622   2.420   2.226   1.636   1.013   0
   1.78801513   2.657   2.391   1.725   1.033   0
   1.78937912   2.910   2.573   1.844   1.101   0
   1.79079306   3.243   2.815   2.018   1.219   0
   1.79188287   3.544   3.035   2.185   1.339   0
   1.79294574   3.835   3.241   2.341   1.450   0
   1.79402816   4.070   3.388   2.442   1.507   4
   1.79614353   4.168   3.367   2.360   1.368   0
   1.79752064   4.108   3.248   2.213   1.194   0
   1.79887140   4.005   3.093   2.034   0.992   0
   1.79999995   3.904   2.949   1.870   0.810   0
   1.80052328   3.859   2.883   1.793   0.724   0
   1.80159950   3.772   2.746   1.632   0.543   0
   1.80245245   3.698   2.632   1.502   0.396   0
   1.80341029   3.617   2.505   1.356   0.231   0
   1.80424678   3.553   2.394   1.225   0.081   0
   1.80509925   3.486   2.278   1.088  -0.076   0
   1.80584264   3.422   2.168   0.958  -0.223   0
   1.80654013   3.368   2.063   0.833  -0.368   0
   1.80724335   3.324   1.964   0.711  -0.512   0
   1.80791557   3.284   1.869   0.594  -0.652   0
   1.80859709   3.239   1.765   0.465  -0.805   0
   1.80931699   3.197   1.667   0.345  -0.947   0
   1.80992651   3.178   1.615   0.280  -1.025   2
   1.81050754   3.212   1.714   0.405  -0.875   0
   1.81076145   3.248   1.809   0.524  -0.731   0
   1.81096804   3.285   1.906   0.645  -0.585   0
   1.81116009   3.327   2.002   0.764  -0.444   0
   1.81146061   3.372   2.101   0.884  -0.303   0
   1.81148589   3.374   2.106   0.891  -0.295   1
   1.81197059   3.322   2.003   0.766  -0.439   0
   1.81274056   3.279   1.906   0.647  -0.580   0
   1.81349385   3.237   1.810   0.529  -0.720   0
   1.81427693   3.200   1.716   0.412  -0.860   0
   1.81504679   3.159   1.620   0.294  -1.000   0
   1.81570840   3.127   1.531   0.183  -1.134   0
   1.81641746   3.100   1.440   0.067  -1.275   0
   1.81709647   3.073   1.346  -0.052  -1.421   0
   1.81768596   3.051   1.265  -0.157  -1.555   0
   1.81827402   3.032   1.184  -0.265  -1.691   0
   1.81877697   3.015   1.104  -0.370  -1.826   0
   1.81927192   2.987   1.022  -0.475  -1.955   0
   1.81969988   2.982   0.946  -0.579  -2.091   0
   1.82006109   2.937   0.892  -0.651  -2.211   0
   1.82041836   2.834   0.855  -0.695  -2.328   0
   1.82072318   2.736   0.819  -0.736  -2.431   0
   1.82102072   2.621   0.773  -0.786  -2.543   0
   1.82125235   2.515   0.769  -0.790  -2.628   0
   1.82147670   2.407   0.751  -0.810  -2.724   0
   1.82169402   2.379   0.786  -0.789  -2.821   0
   1.82190776   2.326   0.786  -0.798  -2.928   0
   1.82208002   2.278   0.798  -0.796  -3.025   0
   1.82209373   2.272   0.802  -0.793  -3.040   2
   1.82209373   3.328   2.223   1.076  -0.037   1
   1.82316387   3.311   2.194   1.040  -0.078   0
   1.82406509   3.304   2.183   1.028  -0.092   0
   1.82615888   3.300   2.185   1.032  -0.085   0
   1.82911193   3.291   2.179   1.029  -0.087   0
   1.83133030   3.283   2.174   1.024  -0.090   0
   1.83427238   3.276   2.170   1.022  -0.090   0
   1.83810425   3.262   2.164   1.019  -0.090   0
   1.84205818   3.250   2.156   1.013  -0.094   0
   1.84621751   3.237   2.149   1.008  -0.095   0
   1.85060787   3.224   2.140   1.000  -0.101   0
   1.85549772   3.207   2.129   0.992  -0.106   0
   1.86059237   3.189   2.114   0.979  -0.118   0
   1.86148560   3.186   2.114   0.979  -0.116   0
   1.86532521   3.174   2.102   0.967  -0.128   0
   1.87002933   3.159   2.088   0.954  -0.140   0
   1.87481666   3.142   2.072   0.938  -0.156   0
   1.87967443   3.127   2.053   0.918  -0.177   0
   1.88446116   3.112   2.032   0.894  -0.204   0
   1.89045036   3.090   1.994   0.849  -0.255   0
   1.89510739   3.075   1.963   0.811  -0.301   0
   1.89999998   3.058   1.928   0.769  -0.350   0
   1.90030205   3.056   1.924   0.764  -0.356   0
   1.90608501   3.023   1.847   0.668  -0.470   0
   1.91867292   2.973   1.745   0.545  -0.612   0
   1.92152345   2.930   1.592   0.347  -0.853   0
   1.92179656   2.906   1.507   0.237  -0.988   0
   1.92195904   2.878   1.405   0.106  -1.150   0
   1.92204118   2.849   1.314  -0.010  -1.291   0
   1.92216015   2.821   1.206  -0.148  -1.461   0
   1.92226064   2.821   1.173  -0.194  -1.520   0
   1.92263627   2.833   1.240  -0.106  -1.411   0
   1.92373061   2.831   1.257  -0.081  -1.378   1
   1.92562187   2.809   1.175  -0.186  -1.506   0
   1.92658412   2.801   1.109  -0.275  -1.617   0
   1.92837238   2.789   1.027  -0.384  -1.755   0
   1.92910182   2.775   0.953  -0.482  -1.882   0
   1.92970085   2.766   0.879  -0.584  -2.015   0
   1.93015862   2.740   0.793  -0.693  -2.151   0
   1.93052173   2.754   0.732  -0.785  -2.278   0
   1.93082798   2.758   0.657  -0.891  -2.418   0
   1.93104851   2.668   0.634  -0.921  -2.521   0
   1.93125951   2.558   0.605  -0.955  -2.633   0
   1.93143260   2.438   0.571  -0.992  -2.744   0
   1.93158638   2.315   0.551  -1.013  -2.844   0
   1.93174028   2.203   0.544  -1.021  -2.942   3
   1.93189442   2.190   0.608  -0.971  -3.031   0
   1.93205833   2.138   0.621  -0.969  -3.140   0
   1.93222225   2.081   0.624  -0.973  -3.245   0
   1.93240571   2.050   0.690  -0.917  -3.335   0
   1.93260860   2.073   0.813  -0.781  -3.377   0
   1.93282151   2.131   0.985  -0.593  -3.393   0
   1.93293774   2.188   1.152  -0.412  -3.406   0
   1.93295705   2.275   1.341  -0.208  -3.385   0
   1.93296850   2.290   1.378  -0.170  -3.384   0
   1.93298280   2.312   1.429  -0.118  -3.378   0
   1.93299723   2.334   1.480  -0.067  -3.373   0
   1.93301153   2.357   1.532  -0.015  -3.367   0
   1.93302584   2.379   1.583   0.036  -3.362   0
   1.93304014   2.402   1.634   0.088  -3.356   0
   1.93305457   2.424   1.686   0.140  -3.351   0
   1.93306887   2.447   1.738   0.192  -3.345   0
   1.93308306   2.469   1.790   0.245  -3.339   0
   1.93309677   2.492   1.841   0.297  -3.334   1
   1.93311048   2.514   1.893   0.348  -3.328   0
   1.93312418   2.537   1.944   0.400  -3.323   0
   1.93313789   2.559   1.995   0.452  -3.317   0
   1.93315160   2.582   2.047   0.504  -3.311   0
   1.93316257   2.600   2.088   0.545  -3.307   0
   1.93317366   2.618   2.129   0.587  -3.302   0
   1.93318737   2.640   2.181   0.638  -3.297   0
   1.93320107   2.650   2.213   0.669  -3.297   0
   1.93321478   2.653   2.236   0.689  -3.302   0
   1.93322849   2.655   2.258   0.708  -3.306   0
   1.93324220   2.658   2.280   0.727  -3.311   0
   1.93327093   2.661   2.306   0.749  -3.316   0
   1.93330920   2.665   2.336   0.775  -3.322   0
   1.93334734   2.668   2.365   0.800  -3.329   0
   1.93338537   2.671   2.395   0.826  -3.335   0
   1.93342304   2.675   2.425   0.852  -3.342   0
   1.93346047   2.678   2.455   0.878  -3.348   0
   1.93349779   2.682   2.486   0.904  -3.354   0
   1.93353474   2.685   2.516   0.930  -3.361   0
   1.93357158   2.689   2.546   0.956  -3.367   0
   1.93360806   2.692   2.576   0.982  -3.373   0
   1.93364429   2.696   2.607   1.008  -3.380   0
   1.93368065   2.699   2.637   1.034  -3.386   0
   1.93371630   2.703   2.668   1.060  -3.392   0
   1.93375194   2.706   2.698   1.087  -3.398   0
   1.93378735   2.705   2.717   1.102  -3.412   0
   1.93382239   2.703   2.735   1.115  -3.427   0
   1.93385744   2.702   2.753   1.129  -3.442   0
   1.93389201   2.700   2.771   1.143  -3.456   0
   1.93392575   2.699   2.790   1.158  -3.470   0
   1.93395436   2.700   2.809   1.173  -3.481   0
   1.93398154   2.706   2.834   1.193  -3.489   0
   1.93399334   2.714   2.855   1.212  -3.489   0
   1.93399704   2.723   2.872   1.227  -3.485   0
   1.93399954   2.734   2.890   1.244  -3.480   0
   1.93400192   2.747   2.911   1.263  -3.473   0
   1.93400455   2.760   2.935   1.285  -3.465   0
   1.93400705   2.776   2.960   1.308  -3.457   0
   1.93400955   2.793   2.989   1.334  -3.448   0
   1.93401206   2.812   3.021   1.363  -3.437   0
   1.93401456   2.834   3.057   1.396  -3.425   0
   1.93401694   2.858   3.097   1.433  -3.411   0
