   0.15000001  16.264  14.699  13.102  10.513   0
   0.20000000  15.114  13.676  12.155   9.782   0
   0.25000000  14.437  13.047  11.561   9.296   0
   0.30000001  13.862  12.505  11.047   8.897   0
   0.34999999  13.403  12.062  10.626   8.596   0
   0.40000001  12.961  11.634  10.219   8.285   0
   0.44999999  12.541  11.222   9.830   8.005   0
   0.50000000  12.074  10.751   9.384   7.681   0
   0.55000001  11.577  10.246   8.908   7.336   0
   0.57890582  11.204   9.879   8.575   7.072   0
   0.60000002  11.115   9.788   8.485   6.985   0
   0.66608000  10.370   9.091   7.855   6.476   0
   0.69999999   9.973   8.745   7.549   6.231   0
   0.74759632   9.290   8.191   7.069   5.858   0
   0.79774278   8.528   7.606   6.570   5.477   0
   0.80000001   8.493   7.580   6.548   5.460   0
   0.81183529   8.300   7.437   6.426   5.368   0
   0.84975910   7.726   7.004   6.056   5.080   0
   0.88257074   7.294   6.671   5.767   4.845   0
   0.89999998   7.053   6.488   5.610   4.718   0
   0.91735142   6.812   6.300   5.447   4.584   0
   0.93394744   6.595   6.127   5.298   4.457   0
   0.94872379   6.409   5.977   5.168   4.346   0
   0.96220970   6.244   5.843   5.051   4.245   0
   0.97480661   6.098   5.723   4.945   4.153   0
   0.98070168   6.034   5.669   4.898   4.111   0
   0.98637557   5.972   5.618   4.852   4.070   0
   0.99375457   5.895   5.553   4.795   4.020   0
   0.99728352   5.860   5.524   4.768   3.997   0
   1.00000000   5.835   5.502   4.749   3.979   0
   1.00487590   5.783   5.457   4.708   3.943   0
   1.00996518   5.735   5.414   4.669   3.906   0
   1.01550424   5.679   5.364   4.623   3.864   0
   1.02495718   5.592   5.285   4.550   3.797   0
   1.03074467   5.539   5.236   4.505   3.755   0
   1.03999555   5.450   5.154   4.429   3.684   0
   1.04770470   5.375   5.085   4.364   3.623   0
   1.08282912   5.049   4.770   4.060   3.328   0
   1.10000002   4.916   4.624   3.905   3.166   0
   1.10711515   4.865   4.565   3.841   3.098   0
   1.12522960   4.873   4.496   3.721   2.934   3
   1.13368046   5.111   4.613   3.765   2.915   0
   1.13737261   5.397   4.783   3.873   2.963   0
   1.14082098   5.681   4.940   3.967   2.992   0
   1.14123344   5.708   4.952   3.973   2.991   4
   1.14545727   5.824   4.958   3.928   2.887   0
   1.14818335   5.764   4.854   3.803   2.741   0
   1.15040398   5.665   4.728   3.664   2.590   0
   1.15236521   5.550   4.592   3.517   2.435   0
   1.15409231   5.436   4.457   3.372   2.281   0
   1.15561533   5.327   4.325   3.229   2.129   0
   1.15692472   5.223   4.198   3.091   1.981   0
   1.15815520   5.112   4.062   2.943   1.824   0
   1.15923262   5.002   3.928   2.798   1.668   0
   1.16017210   4.896   3.794   2.652   1.512   0
   1.16097796   4.795   3.666   2.512   1.360   0
   1.16169906   4.706   3.544   2.375   1.210   0
   1.16232634   4.620   3.424   2.240   1.063   0
   1.16292703   4.533   3.298   2.099   0.907   0
   1.16345513   4.450   3.177   1.962   0.755   0
   1.16393566   4.374   3.063   1.830   0.609   0
   1.16446102   4.309   2.966   1.720   0.486   0
   1.16460276   4.298   2.950   1.702   0.466   0
   1.16511714   4.341   3.033   1.803   0.584   1
   1.16552949   4.264   2.914   1.665   0.428   0
   1.16587174   4.202   2.807   1.539   0.283   0
   1.16617656   4.143   2.704   1.418   0.144   0
   1.16649532   4.079   2.583   1.274  -0.021   0
   1.16676819   4.028   2.477   1.146  -0.171   0
   1.16704547   3.974   2.357   1.001  -0.342   0
   1.16724396   3.934   2.258   0.879  -0.487   0
   1.16741538   3.889   2.167   0.767  -0.622   0
   1.16756558   3.851   2.080   0.660  -0.752   0
   1.16771805   3.826   1.993   0.547  -0.894   0
   1.16782606   3.805   1.918   0.450  -1.016   0
   1.16793525   3.784   1.837   0.343  -1.151   0
   1.16804683   3.765   1.748   0.226  -1.300   0
   1.16814387   3.675   1.697   0.164  -1.423   0
   1.16822720   3.569   1.659   0.118  -1.547   0
   1.16829896   3.461   1.617   0.071  -1.663   0
   1.16836870   3.331   1.577   0.026  -1.789   0
   1.16842866   3.197   1.544  -0.008  -1.905   0
   1.16848040   3.149   1.556  -0.012  -2.028   0
   1.16852498   3.100   1.569  -0.012  -2.143   0
   1.16856408   3.050   1.578  -0.014  -2.250   3
   1.16860151   3.007   1.617   0.014  -2.359   0
   1.16863430   3.025   1.733   0.135  -2.405   0
   1.16866541   3.038   1.839   0.253  -2.452   0
   1.16869235   3.084   1.987   0.415  -2.472   0
   1.16871798   3.130   2.140   0.583  -2.494   0
   1.16874003   3.236   2.373   0.826  -2.467   0
   1.16875982   3.322   2.571   1.025  -2.446   0
   1.16877830   3.421   2.789   1.244  -2.415   0
   1.16879570   3.538   3.033   1.490  -2.372   1
   1.16880989   3.595   3.189   1.640  -2.364   0
   1.16882372   3.631   3.342   1.774  -2.371   0
   1.16883755   3.670   3.497   1.912  -2.374   0
   1.16884029   3.676   3.524   1.935  -2.376   2
   1.16884029   3.781   2.425   1.174  -0.041   1
   1.16892922   3.778   2.401   1.140  -0.084   0
   1.16907203   3.769   2.377   1.110  -0.120   0
   1.16920888   3.764   2.375   1.110  -0.119   0
   1.16948903   3.755   2.379   1.119  -0.104   0
   1.16977179   3.745   2.375   1.118  -0.101   0
   1.17005825   3.734   2.375   1.122  -0.091   0
   1.17034519   3.725   2.374   1.125  -0.085   0
   1.17063546   3.716   2.373   1.126  -0.081   0
   1.17092788   3.706   2.371   1.127  -0.075   0
   1.17123413   3.698   2.369   1.128  -0.072   0
   1.17153788   3.688   2.365   1.127  -0.070   0
   1.17183769   3.682   2.363   1.126  -0.070   0
   1.17213702   3.675   2.358   1.122  -0.073   0
   1.17225373   3.667   2.353   1.119  -0.075   0
   1.17242348   3.667   2.351   1.115  -0.079   0
   1.17271292   3.661   2.342   1.105  -0.090   0
   1.17301834   3.654   2.329   1.089  -0.108   0
   1.17334414   3.649   2.311   1.067  -0.135   0
   1.17370069   3.640   2.278   1.024  -0.188   0
   1.17408299   3.631   2.243   0.978  -0.244   0
   1.17418253   3.627   2.222   0.950  -0.280   0
   1.17437780   3.609   2.144   0.849  -0.407   0
   1.17447245   3.601   2.080   0.762  -0.517   0
   1.17451930   3.586   1.973   0.619  -0.698   0
   1.17453015   3.581   1.895   0.514  -0.832   0
   1.17453659   3.575   1.808   0.394  -0.988   0
   1.17454004   3.571   1.737   0.295  -1.120   0
   1.17454398   3.569   1.653   0.177  -1.278   0
   1.17454875   3.548   1.548   0.039  -1.453   0
   1.17455614   3.572   1.499  -0.041  -1.572   0
   1.17457426   3.539   1.565   0.065  -1.415   0
   1.17461729   3.564   1.633   0.151  -1.310   1
   1.17474651   3.554   1.541   0.026  -1.472   0
   1.17479122   3.544   1.486  -0.057  -1.607   0
   1.17482769   3.434   1.456  -0.095  -1.731   0
   1.17485642   3.316   1.433  -0.123  -1.847   0
   1.17488074   3.184   1.402  -0.157  -1.966   0
   1.17489970   3.058   1.397  -0.162  -2.065   0
   1.17491567   3.023   1.433  -0.142  -2.177   0
   1.17492604   3.000   1.489  -0.099  -2.274   0
   1.17493534   2.945   1.505  -0.094  -2.386   0
   1.17494237   2.927   1.578  -0.028  -2.466   0
   1.17495000   2.972   1.732   0.141  -2.491   0
   1.17495644   3.038   1.912   0.337  -2.498   0
   1.17496240   3.104   2.093   0.533  -2.506   0
   1.17496789   3.206   2.319   0.771  -2.482   0
   1.17497420   3.332   2.577   1.032  -2.433   0
   1.17498076   3.454   2.832   1.288  -2.389   0
   1.17498779   3.574   3.082   1.539  -2.343   1
   1.17499506   3.639   3.269   1.715  -2.333   0
   1.17500103   3.689   3.448   1.873  -2.331   0
   1.17500544   3.760   3.668   2.069  -2.315   0
   1.17500591   3.812   3.793   2.183  -2.289   0
   1.17500675   3.813   3.814   2.201  -2.298   0
   1.17500782   3.810   3.832   2.214  -2.313   0
   1.17500901   3.808   3.849   2.227  -2.329   0
   1.17501009   3.806   3.867   2.241  -2.344   0
   1.17501116   3.804   3.885   2.255  -2.360   0
   1.17501223   3.801   3.903   2.268  -2.375   0
   1.17501330   3.799   3.921   2.282  -2.391   0
   1.17501414   3.798   3.935   2.293  -2.403   0
   1.17501533   3.795   3.953   2.306  -2.419   0
   1.17501640   3.793   3.971   2.320  -2.434   0
   1.17501748   3.791   3.989   2.334  -2.450   0
   1.17501855   3.789   4.007   2.347  -2.465   0
   1.17501962   3.787   4.025   2.361  -2.481   0
   1.17502069   3.786   4.045   2.376  -2.496   0
   1.17502177   3.786   4.066   2.393  -2.510   0
   1.17502272   3.788   4.087   2.410  -2.521   0
   1.17502367   3.802   4.121   2.439  -2.527   0
   1.17502379   3.819   4.143   2.460  -2.525   0
   1.17502379   3.833   4.162   2.477  -2.522   0
   1.17502379   3.864   4.203   2.515  -2.514   0
