   0.15000001  16.299  14.729  13.128  10.532   0
   0.20000000  15.153  13.710  12.187   9.813   0
   0.25000000  14.490  13.095  11.606   9.338   0
   0.30000001  13.917  12.559  11.099   8.942   0
   0.34999999  13.449  12.108  10.671   8.634   0
   0.40000001  13.021  11.694  10.277   8.341   0
   0.44999999  12.599  11.281   9.886   8.052   0
   0.50000000  12.141  10.821   9.451   7.735   0
   0.55000001  11.660  10.330   8.988   7.405   0
   0.60000002  11.198   9.876   8.572   7.070   0
   0.69999999  10.166   8.923   7.713   6.372   0
   0.80000001   8.947   7.930   6.849   5.694   0
   0.89999998   7.686   6.981   6.040   5.074   0
   1.00000000   6.604   6.162   5.347   4.519   0
   1.05754972   6.092   5.761   5.007   4.236   0
   1.10000002   5.751   5.484   4.773   4.041   0
   1.19999063   5.028   4.876   4.256   3.602   0
   1.20000005   5.028   4.876   4.256   3.602   0
   1.25782478   4.641   4.539   3.971   3.364   0
   1.29999995   4.395   4.320   3.783   3.205   0
   1.39999998   3.899   3.859   3.392   2.881   0
   1.50000000   3.476   3.448   3.043   2.598   0
   1.57264018   3.193   3.166   2.808   2.419   0
   1.60000002   3.098   3.066   2.724   2.356   0
   1.60153544   3.093   3.060   2.720   2.352   0
   1.70000005   2.762   2.713   2.434   2.149   0
   1.79999995   2.463   2.393   2.174   1.967   0
   1.89999998   2.189   2.107   1.944   1.802   0
   2.00000000   1.938   1.864   1.747   1.656   0
   2.09999990   1.705   1.647   1.571   1.521   0
   2.20000005   1.482   1.456   1.410   1.388   0
   2.29999995   1.275   1.279   1.260   1.260   0
   2.50000000   0.904   0.976   0.996   1.030   0
   2.52263904   0.865   0.945   0.969   1.004   0
   3.00000000   0.100   0.336   0.412   0.485   0
   3.07926941  -0.013   0.246   0.327   0.404   0
   3.46490026  -0.531  -0.171  -0.070   0.023   0
   3.50000000  -0.576  -0.208  -0.105  -0.010   0
   3.79884934  -0.961  -0.534  -0.419  -0.316   0
   4.00000000  -1.216  -0.759  -0.639  -0.532   0
   4.06452131  -1.297  -0.831  -0.709  -0.601   0
   4.26920509  -1.565  -1.077  -0.951  -0.840   0
   4.43988085  -1.798  -1.300  -1.172  -1.060   0
   4.50000000  -1.884  -1.386  -1.257  -1.146   1
   4.59810638  -2.027  -1.528  -1.399  -1.289   0
   4.72139120  -2.218  -1.729  -1.600  -1.494   0
   4.82548618  -2.395  -1.923  -1.796  -1.696   0
   4.91306496  -2.558  -2.108  -1.985  -1.892   0
   4.95154095  -2.633  -2.196  -2.075  -1.986   0
   4.98681259  -2.705  -2.278  -2.159  -2.072   0
   5.00000000  -2.734  -2.306  -2.187  -2.101   0
   5.00880766  -2.752  -2.325  -2.206  -2.120   0
   5.02184868  -2.782  -2.347  -2.227  -2.139   0
   5.03359795  -2.809  -2.352  -2.228  -2.136   3
   5.04144049  -2.831  -2.326  -2.193  -2.090   0
   5.04364729  -2.849  -2.305  -2.165  -2.052   0
   5.04489851  -2.887  -2.298  -2.150  -2.026   0
   5.04498100  -2.879  -2.291  -2.143  -2.019   0
   5.04527760  -2.808  -2.253  -2.111  -1.995   0
   5.04559565  -2.831  -2.320  -2.186  -2.081   0
   5.04587078  -2.914  -2.439  -2.312  -2.217   0
   5.04620981  -3.002  -2.568  -2.448  -2.364   0
   5.04661226  -3.072  -2.687  -2.575  -2.502   0
   5.04705715  -3.118  -2.794  -2.692  -2.632   0
   5.04739571  -3.138  -2.863  -2.768  -2.717   0
   5.04772997  -3.152  -2.928  -2.842  -2.800   0
   5.04810572  -3.154  -2.989  -2.913  -2.885   0
   5.04846048  -3.144  -3.044  -2.983  -2.970   0
   5.04885674  -3.118  -3.093  -3.052  -3.060   0
   5.04925299  -3.067  -3.125  -3.114  -3.151   0
   5.04962826  -2.972  -3.119  -3.157  -3.242   0
   5.05002403  -2.819  -3.046  -3.164  -3.329   3
   5.05023241  -2.722  -2.980  -3.152  -3.372   0
   5.05041981  -2.612  -2.874  -3.122  -3.414   0
   5.05062771  -2.475  -2.743  -3.078  -3.453   0
   5.05081511  -2.302  -2.585  -3.016  -3.484   0
   5.05100250  -2.066  -2.390  -2.934  -3.505   0
   5.05121088  -1.718  -2.138  -2.821  -3.511   0
   5.05139780  -1.250  -1.835  -2.674  -3.485   0
   5.05158520  -0.732  -1.519  -2.500  -3.418   0
   5.05177259  -0.313  -1.258  -2.329  -3.320   0
   5.05195951   0.094  -1.003  -2.149  -3.203   0
   5.05214691   0.420  -0.804  -2.005  -3.115   0
   5.05252314   0.822  -0.684  -1.995  -3.221   4
   5.05269003   0.891  -0.740  -2.098  -3.376   0
   5.05287838   0.925  -0.802  -2.195  -3.511   0
   5.05319166   0.953  -0.875  -2.305  -3.658   0
   5.05369282   0.983  -0.934  -2.401  -3.795   0
   5.05423546   1.011  -0.987  -2.485  -3.917   0
   5.05482006   1.030  -1.048  -2.579  -4.047   0
   5.05540419   1.046  -1.113  -2.675  -4.178   0
   5.05596685   1.031  -1.166  -2.752  -4.299   0
   5.05655050   0.912  -1.201  -2.789  -4.407   0
   5.05784178   0.785  -1.237  -2.826  -4.517   0
   5.05852890   0.774  -1.239  -2.829  -4.526   2
   5.06543064   0.900  -1.221  -2.809  -4.424   0
   5.06883430   1.015  -1.198  -2.784  -4.322   0
   5.07168913   1.005  -1.145  -2.702  -4.198   0
   5.07470894   0.981  -1.076  -2.598  -4.054   0
   5.07774687   0.962  -1.010  -2.497  -3.915   0
   5.08130503   0.938  -0.951  -2.406  -3.785   0
   5.08642626   0.895  -0.896  -2.313  -3.651   0
   5.09414530   0.832  -0.856  -2.235  -3.532   0
   5.10816097   0.677  -0.897  -2.234  -3.481   0
   5.16644430   0.282  -1.191  -2.489  -3.682   0
   5.19151878   0.193  -1.271  -2.565  -3.753   1
   5.26301241   0.598  -1.105  -2.489  -3.782   0
   5.28131437   0.754  -1.104  -2.544  -3.899   0
   5.28331184   0.810  -1.132  -2.607  -4.003   0
   5.28354120   0.823  -1.151  -2.638  -4.050   0
   5.28382301   0.845  -1.190  -2.702  -4.142   0
   5.28579473   0.885  -1.246  -2.796  -4.279   0
   5.28667402   0.915  -1.314  -2.901  -4.426   0
   5.28804445   0.780  -1.347  -2.940  -4.559   2
   5.28929090   0.644  -1.372  -2.964  -4.668   0
   5.29048347   0.489  -1.416  -3.006  -4.787   0
   5.29143000   0.334  -1.430  -3.014  -4.881   0
   5.29221821   0.244  -1.430  -3.016  -4.977   0
   5.29290104   0.198  -1.407  -3.001  -5.071   0
   5.29354858   0.142  -1.389  -2.989  -5.170   0
   5.29410791   0.086  -1.368  -2.973  -5.263   0
   5.29463243   0.033  -1.337  -2.944  -5.350   0
   5.29524422  -0.007  -1.318  -2.919  -5.425   0
   5.29554129   0.049  -1.163  -2.750  -5.433   0
   5.29583788   0.103  -0.998  -2.570  -5.450   0
   5.29608250   0.163  -0.824  -2.381  -5.463   0
   5.29630947   0.262  -0.597  -2.144  -5.442   0
   5.29676342   0.169  -0.801  -2.356  -5.468   2
   5.29685068   0.248  -0.623  -2.171  -5.450   0
   5.29688549   0.330  -0.456  -2.002  -5.417   0
