   0.15000001  16.287  14.719  13.119  10.526   0
   0.20000000  15.139  13.698  12.176   9.802   0
   0.25000000  14.472  13.079  11.591   9.323   0
   0.30000001  13.898  12.541  11.081   8.926   0
   0.34999999  13.433  12.092  10.655   8.621   0
   0.40000001  12.993  11.666  10.250   8.314   0
   0.44999999  12.573  11.255   9.861   8.028   0
   0.50000000  12.114  10.792   9.423   7.711   0
   0.55000001  11.629  10.298   8.957   7.378   0
   0.60000002  11.185   9.858   8.550   7.040   0
   0.69999999  10.118   8.872   7.662   6.321   0
   0.77083206   9.153   8.091   6.989   5.803   0
   0.80000001   8.775   7.796   6.735   5.607   0
   0.88933021   7.605   6.914   5.980   5.022   0
   0.89999998   7.471   6.815   5.896   4.956   0
   0.90547585   7.404   6.764   5.853   4.922   0
   0.95483506   6.819   6.319   5.473   4.616   0
   0.99245512   6.417   6.007   5.210   4.398   0
   1.00000000   6.339   5.946   5.158   4.355   0
   1.02913690   6.047   5.713   4.959   4.187   0
   1.05862319   5.780   5.492   4.769   4.026   0
   1.08301747   5.569   5.317   4.618   3.896   0
   1.10000002   5.429   5.199   4.516   3.808   0
   1.10192132   5.412   5.185   4.504   3.798   0
   1.12050045   5.256   5.052   4.388   3.696   0
   1.13605702   5.129   4.943   4.292   3.612   0
   1.14922071   5.032   4.856   4.216   3.545   0
   1.15258133   5.008   4.835   4.197   3.528   0
   1.16576970   4.922   4.756   4.127   3.466   0
   1.18465221   4.803   4.648   4.030   3.379   0
   1.20000005   4.712   4.564   3.954   3.311   0
   1.22528100   4.561   4.423   3.827   3.195   0
   1.26151824   4.371   4.242   3.659   3.038   0
   1.29999995   4.198   4.072   3.494   2.879   0
   1.31871510   4.119   3.992   3.417   2.804   1
   1.37263775   3.921   3.787   3.209   2.593   0
   1.39999998   3.840   3.696   3.111   2.489   0
   1.42079449   3.780   3.628   3.037   2.409   0
   1.46045494   3.693   3.518   2.906   2.261   0
   1.49510169   3.638   3.438   2.802   2.136   0
   1.50000000   3.631   3.427   2.787   2.118   0
   1.50631583   3.628   3.416   2.771   2.096   0
   1.51698196   3.614   3.390   2.737   2.055   0
   1.52470732   3.578   3.351   2.696   2.013   2
   1.52877223   3.530   3.308   2.658   1.979   0
   1.53241515   3.434   3.226   2.589   1.922   0
   1.53482330   3.244   3.063   2.460   1.823   0
   1.53548241   3.070   2.912   2.340   1.731   0
   1.53584301   2.876   2.740   2.200   1.619   1
   1.53594065   2.995   2.849   2.293   1.697   0
   1.53636825   3.138   2.936   2.315   1.663   0
   1.53824461   3.362   3.076   2.380   1.664   0
   1.54075599   3.626   3.259   2.499   1.728   0
   1.54285169   3.956   3.491   2.667   1.842   0
   1.54443359   4.259   3.706   2.827   1.954   0
   1.54598200   4.542   3.891   2.961   2.039   0
   1.54695129   4.675   3.969   3.010   2.059   4
   1.54943848   4.754   3.944   2.934   1.931   0
   1.55109167   4.692   3.829   2.795   1.768   0
   1.55256712   4.589   3.688   2.636   1.592   0
   1.55393505   4.479   3.545   2.476   1.419   0
   1.55511308   4.382   3.416   2.333   1.263   0
   1.55626941   4.285   3.288   2.189   1.106   0
   1.55740428   4.193   3.161   2.046   0.947   0
   1.55843341   4.115   3.045   1.913   0.799   0
   1.55944884   4.039   2.929   1.781   0.650   0
   1.56055629   3.954   2.800   1.634   0.486   0
   1.56168127   3.871   2.671   1.484   0.318   0
   1.56281447   3.790   2.539   1.331   0.145   0
   1.56413519   3.701   2.388   1.155  -0.055   0
   1.56582510   3.637   2.273   1.019  -0.212   0
   1.56756234   3.740   2.482   1.271   0.083   1
   1.56839240   3.666   2.354   1.120  -0.089   0
   1.56921506   3.606   2.241   0.985  -0.245   0
   1.57002556   3.555   2.133   0.855  -0.398   0
   1.57084179   3.501   2.016   0.712  -0.567   0
   1.57153630   3.454   1.907   0.579  -0.725   0
   1.57213235   3.413   1.804   0.451  -0.877   0
   1.57265139   3.379   1.709   0.332  -1.020   0
   1.57317173   3.345   1.610   0.207  -1.174   0
   1.57362163   3.316   1.520   0.091  -1.319   0
   1.57400453   3.294   1.438  -0.016  -1.454   0
   1.57433844   3.278   1.362  -0.116  -1.582   0
   1.57466900   3.253   1.273  -0.231  -1.726   0
   1.57491958   3.238   1.197  -0.331  -1.852   0
   1.57516527   3.169   1.163  -0.378  -1.963   0
   1.57538164   3.079   1.128  -0.419  -2.066   0
   1.57559144   2.967   1.089  -0.463  -2.183   0
   1.57577360   2.853   1.053  -0.502  -2.291   0
   1.57593119   2.728   1.024  -0.533  -2.398   0
   1.57608402   2.651   1.025  -0.540  -2.504   3
   1.57621562   2.612   1.042  -0.535  -2.604   0
   1.57634234   2.578   1.077  -0.512  -2.703   0
   1.57645118   2.522   1.079  -0.519  -2.807   0
   1.57654703   2.492   1.132  -0.475  -2.893   0
   1.57664621   2.520   1.252  -0.342  -2.926   0
   1.57672739   2.543   1.357  -0.227  -2.955   0
   1.57680035   2.585   1.491  -0.080  -2.973   0
   1.57687187   2.654   1.667   0.111  -2.973   0
   1.57694006   2.724   1.841   0.293  -2.967   0
   1.57700014   2.810   2.029   0.483  -2.940   0
   1.57700825   2.815   2.045   0.499  -2.941   0
   1.57700825   3.431   2.210   1.014  -0.147   1
   1.57743061   3.420   2.182   0.979  -0.189   0
   1.57808650   3.411   2.163   0.955  -0.217   0
   1.57873929   3.408   2.167   0.961  -0.208   0
   1.58006907   3.400   2.164   0.961  -0.206   0
   1.58139455   3.391   2.160   0.959  -0.205   0
   1.58273196   3.382   2.158   0.959  -0.202   0
   1.58409476   3.373   2.154   0.958  -0.201   0
   1.58546507   3.364   2.150   0.956  -0.201   0
   1.58686519   3.353   2.146   0.954  -0.200   0
   1.58830845   3.344   2.140   0.950  -0.202   0
   1.58980238   3.333   2.133   0.945  -0.205   0
   1.59129369   3.324   2.126   0.939  -0.210   0
   1.59274542   3.315   2.118   0.931  -0.217   0
   1.59276462   3.315   2.118   0.931  -0.217   0
   1.59420907   3.308   2.109   0.922  -0.227   0
   1.59562492   3.299   2.098   0.909  -0.240   0
   1.59710133   3.292   2.083   0.891  -0.261   0
   1.59919906   3.276   2.054   0.856  -0.301   0
   1.60041809   3.264   2.021   0.815  -0.351   0
   1.60235512   3.244   1.974   0.758  -0.418   0
   1.60285604   3.238   1.948   0.722  -0.461   0
   1.60386074   3.222   1.884   0.639  -0.563   0
   1.60426295   3.204   1.820   0.556  -0.665   0
   1.60446107   3.180   1.716   0.420  -0.834   0
   1.60451651   3.162   1.639   0.321  -0.959   0
   1.60454869   3.141   1.542   0.194  -1.117   0
   1.60456705   3.128   1.451   0.073  -1.268   0
   1.60458386   3.116   1.367  -0.038  -1.409   0
   1.60460377   3.106   1.292  -0.141  -1.543   0
   1.60463512   3.100   1.240  -0.213  -1.638   0
   1.60470593   3.109   1.312  -0.114  -1.509   0
   1.60493028   3.113   1.364  -0.041  -1.411   1
   1.60550749   3.102   1.269  -0.172  -1.583   0
   1.60571408   3.090   1.191  -0.277  -1.720   0
   1.60587931   3.078   1.107  -0.391  -1.867   0
   1.60599899   3.084   1.042  -0.485  -1.994   0
   1.60610330   3.050   0.988  -0.558  -2.115   0
   1.60619342   2.954   0.958  -0.595  -2.221   0
   1.60628259   2.831   0.931  -0.627  -2.343   0
   1.60634267   2.704   0.891  -0.670  -2.459   2
   1.60638821   2.574   0.888  -0.672  -2.556   0
   1.60642743   2.524   0.920  -0.653  -2.669   0
   1.60645843   2.497   0.977  -0.610  -2.773   0
   1.60648704   2.431   0.971  -0.625  -2.888   0
   1.60651207   2.393   1.013  -0.592  -2.981   0
   1.60653901   2.452   1.192  -0.402  -2.998   0
   1.60656643   2.469   1.298  -0.284  -3.038   0
   1.60659552   2.554   1.502  -0.064  -3.029   0
   1.60663033   2.604   1.658   0.107  -3.048   0
   1.60665500   2.732   1.922   0.376  -3.001   0
   1.60667896   2.845   2.162   0.617  -2.961   1
   1.60668433   2.738   1.933   0.387  -2.998   0
   1.60668790   2.870   2.206   0.661  -2.947   0
   1.60669136   2.998   2.456   0.913  -2.892   0
   1.60669231   3.001   2.466   0.923  -2.892   0
   1.60669637   3.023   2.516   0.973  -2.886   0
   1.60670042   3.045   2.566   1.024  -2.881   1
   1.60670447   3.067   2.617   1.075  -2.875   0
   1.60670853   3.071   2.647   1.101  -2.881   0
   1.60671258   3.074   2.677   1.127  -2.888   0
   1.60671663   3.077   2.707   1.152  -2.894   0
   1.60672069   3.081   2.736   1.178  -2.901   0
   1.60672474   3.084   2.766   1.203  -2.908   0
   1.60672879   3.087   2.796   1.229  -2.914   0
   1.60673285   3.090   2.825   1.254  -2.921   0
   1.60673690   3.093   2.855   1.280  -2.927   0
   1.60674095   3.096   2.885   1.305  -2.934   0
   1.60674500   3.100   2.915   1.331  -2.940   0
   1.60674894   3.103   2.944   1.356  -2.947   0
   1.60675263   3.106   2.973   1.381  -2.953   0
   1.60675573   3.108   2.996   1.401  -2.958   0
   1.60675943   3.112   3.025   1.426  -2.964   0
   1.60676324   3.115   3.054   1.451  -2.971   0
   1.60676706   3.118   3.083   1.475  -2.977   0
   1.60677075   3.121   3.112   1.500  -2.983   0
   1.60677457   3.120   3.130   1.515  -2.996   0
   1.60677826   3.118   3.145   1.526  -3.009   0
   1.60678208   3.117   3.159   1.537  -3.021   0
   1.60678506   3.115   3.169   1.544  -3.029   0
   1.60678816   3.114   3.179   1.552  -3.038   0
   1.60679185   3.113   3.192   1.562  -3.050   0
   1.60679567   3.111   3.205   1.572  -3.061   0
   1.60679865   3.110   3.215   1.580  -3.070   0
   1.60680175   3.109   3.225   1.587  -3.079   0
   1.60680544   3.107   3.238   1.597  -3.090   0
   1.60680926   3.106   3.251   1.607  -3.101   0
   1.60681677   3.107   3.270   1.622  -3.111   0
   1.60682404   3.108   3.288   1.637  -3.122   0
   1.60683107   3.112   3.311   1.656  -3.131   0
   1.60683572   3.122   3.340   1.680  -3.132   0
   1.60683703   3.135   3.363   1.701  -3.127   0
   1.60683703   3.144   3.377   1.715  -3.122   0
   1.60683703   3.153   3.394   1.729  -3.117   0
   1.60683703   3.164   3.412   1.746  -3.111   0
   1.60683703   3.176   3.432   1.764  -3.104   0
   1.60683703   3.190   3.455   1.786  -3.096   0
   1.60683703   3.244   3.545   1.868  -3.067   0
