   0.15000001  16.299  14.729  13.128  10.532   0
   0.20000000  15.152  13.710  12.187   9.813   0
   0.25000000  14.490  13.095  11.606   9.338   0
   0.30000001  13.917  12.559  11.099   8.941   0
   0.34999999  13.449  12.107  10.671   8.634   0
   0.40000001  13.021  11.693  10.277   8.341   0
   0.44999999  12.599  11.280   9.886   8.052   0
   0.50000000  12.141  10.820   9.451   7.735   0
   0.55000001  11.659  10.330   8.987   7.404   0
   0.60000002  11.198   9.876   8.572   7.069   0
   0.69999999  10.166   8.922   7.712   6.371   0
   0.80000001   8.945   7.928   6.847   5.692   0
   0.89999998   7.682   6.978   6.038   5.072   0
   1.00000000   6.601   6.159   5.345   4.517   0
   1.02380013   6.385   5.991   5.202   4.398   0
   1.10000002   5.742   5.476   4.767   4.036   0
   1.16769099   5.231   5.053   4.407   3.730   0
   1.20000005   5.017   4.867   4.248   3.596   0
   1.23561728   4.774   4.656   4.070   3.447   0
   1.29999995   4.391   4.315   3.778   3.200   0
   1.39999998   3.895   3.855   3.388   2.876   0
   1.40802610   3.857   3.820   3.358   2.852   0
   1.50000000   3.472   3.443   3.038   2.593   0
   1.60000002   3.094   3.062   2.719   2.350   0
   1.70000005   2.757   2.708   2.428   2.141   0
   1.79999995   2.457   2.387   2.166   1.957   0
   1.89999998   2.183   2.101   1.936   1.791   0
   2.00000000   1.931   1.854   1.736   1.642   0
   2.09999990   1.695   1.634   1.555   1.502   0
   2.20000005   1.471   1.441   1.392   1.367   0
   2.29999995   1.263   1.260   1.238   1.236   0
   2.32543588   1.213   1.219   1.203   1.205   0
   2.50000000   0.882   0.945   0.963   0.993   0
   2.79173350   0.386   0.543   0.599   0.656   0
   3.00000000   0.056   0.276   0.348   0.418   0
   3.16932130  -0.192   0.074   0.157   0.235   0
   3.44472528  -0.588  -0.256  -0.158  -0.071   0
   3.50000000  -0.666  -0.323  -0.223  -0.134   0
   3.69141483  -0.936  -0.559  -0.453  -0.359   0
   3.87784171  -1.206  -0.804  -0.693  -0.597   0
   4.00000000  -1.388  -0.978  -0.864  -0.769   0
   4.04507780  -1.456  -1.042  -0.928  -0.832   0
   4.17548370  -1.659  -1.246  -1.132  -1.038   0
   4.28639698  -1.842  -1.440  -1.326  -1.235   1
   4.38049459  -2.009  -1.625  -1.513  -1.428   0
   4.46029997  -2.161  -1.803  -1.695  -1.616   0
   4.49551630  -2.230  -1.886  -1.781  -1.705   0
   4.50000000  -2.239  -1.897  -1.792  -1.717   0
   4.53087187  -2.303  -1.972  -1.868  -1.796   0
   4.55059624  -2.347  -2.017  -1.914  -1.842   0
   4.56540585  -2.386  -2.045  -1.940  -1.867   0
   4.57578039  -2.422  -2.054  -1.944  -1.866   3
   4.58268785  -2.459  -2.034  -1.915  -1.826   0
   4.58462048  -2.490  -2.019  -1.893  -1.794   0
   4.58569098  -2.536  -2.017  -1.882  -1.773   0
   4.58579874  -2.522  -2.006  -1.872  -1.763   0
   4.58604002  -2.450  -1.968  -1.839  -1.738   0
   4.58632374  -2.463  -2.028  -1.907  -1.817   0
   4.58667850  -2.562  -2.180  -2.068  -1.989   0
   4.58703327  -2.630  -2.294  -2.191  -2.122   0
   4.58743000  -2.677  -2.396  -2.302  -2.244   0
   4.58788347  -2.706  -2.489  -2.405  -2.360   0
   4.58803940  -2.711  -2.518  -2.438  -2.398   0
   4.58855486  -2.715  -2.600  -2.533  -2.510   0
   4.58891726  -2.702  -2.645  -2.593  -2.586   0
   4.58927917  -2.676  -2.681  -2.651  -2.664   0
   4.58966875  -2.629  -2.702  -2.701  -2.743   0
   4.59005785  -2.548  -2.696  -2.738  -2.822   0
   4.59044743  -2.425  -2.639  -2.748  -2.897   3
   4.59083652  -2.262  -2.512  -2.718  -2.968   0
   4.59103107  -2.161  -2.413  -2.689  -3.003   0
   4.59122515  -2.039  -2.295  -2.644  -3.032   0
   4.59141970  -1.889  -2.156  -2.587  -3.056   0
   4.59161425  -1.686  -1.985  -2.513  -3.072   0
   4.59180880  -1.407  -1.775  -2.418  -3.076   0
   4.59198904  -1.054  -1.536  -2.301  -3.059   0
   4.59218311  -0.640  -1.272  -2.160  -3.011   0
   4.59236383  -0.273  -1.040  -2.015  -2.933   0
   4.59254408   0.069  -0.819  -1.864  -2.839   0
   4.59272432   0.425  -0.591  -1.698  -2.728   0
   4.59290457   0.693  -0.426  -1.584  -2.658   0
   4.59326839   1.030  -0.322  -1.574  -2.747   4
   4.59345055   1.095  -0.370  -1.665  -2.882   0
   4.59363222   1.134  -0.423  -1.753  -3.009   0
   4.59400988   1.160  -0.512  -1.886  -3.187   0
   4.59447145   1.196  -0.577  -1.987  -3.328   0
   4.59497452   1.198  -0.648  -2.087  -3.458   0
   4.59550524   1.208  -0.713  -2.183  -3.588   0
   4.59604979   1.211  -0.783  -2.281  -3.719   0
   4.59658051   1.216  -0.853  -2.381  -3.850   0
   4.59711075   1.224  -0.920  -2.477  -3.979   0
   4.59765482   1.218  -0.977  -2.558  -4.096   0
   4.59911776   1.140  -0.999  -2.583  -4.170   2
   4.60464096   1.214  -0.970  -2.542  -4.060   0
   4.60742569   1.195  -0.912  -2.454  -3.938   0
   4.60968494   1.180  -0.852  -2.365  -3.817   0
   4.61195660   1.163  -0.789  -2.270  -3.686   0
   4.61422586   1.168  -0.715  -2.169  -3.554   0
   4.61706972   1.154  -0.643  -2.063  -3.411   0
   4.62064123   1.132  -0.571  -1.956  -3.268   0
   4.62572145   1.095  -0.511  -1.859  -3.133   0
   4.63441229   1.000  -0.496  -1.803  -3.029   0
   4.64339113   0.880  -0.540  -1.818  -3.011   0
   4.71906662   0.511  -0.840  -2.089  -3.245   0
   4.72839212   0.480  -0.869  -2.118  -3.272   1
   4.80765200   0.834  -0.767  -2.114  -3.376   0
   4.81781960   0.937  -0.783  -2.174  -3.485   0
   4.81918621   0.980  -0.826  -2.249  -3.593   0
   4.81936836   0.990  -0.850  -2.285  -3.642   0
   4.81963205   1.018  -0.904  -2.372  -3.767   0
   4.81988382   1.026  -0.933  -2.415  -3.827   2
   4.82050276   1.030  -0.919  -2.398  -3.805   0
   4.82154417   1.046  -0.965  -2.468  -3.904   0
   4.82251644   1.069  -1.041  -2.583  -4.062   0
   4.82373857   1.094  -1.108  -2.686  -4.206   0
   4.82473135   1.023  -1.137  -2.725  -4.305   0
   4.82572365   0.901  -1.172  -2.761  -4.414   2
   4.82663536   0.765  -1.197  -2.785  -4.520   0
   4.82740927   0.622  -1.224  -2.810  -4.623   0
   4.82804680   0.475  -1.244  -2.824  -4.715   0
   4.82859278   0.422  -1.229  -2.816  -4.809   0
   4.82911539   0.372  -1.209  -2.803  -4.905   0
   4.82963800   0.313  -1.185  -2.786  -5.013   0
   4.83003569   0.262  -1.162  -2.767  -5.100   0
   4.83039904   0.211  -1.145  -2.752  -5.178   0
   4.83076239   0.214  -1.081  -2.680  -5.214   0
   4.83107996   0.271  -0.912  -2.495  -5.228   0
   4.83130693   0.323  -0.764  -2.334  -5.238   0
   4.83151102   0.373  -0.618  -2.175  -5.251   0
   4.83172655   0.460  -0.411  -1.959  -5.238   0
   4.83208942   0.410  -0.512  -2.060  -5.257   3
   4.83216858   0.434  -0.462  -2.009  -5.249   0
   4.83221388   0.466  -0.396  -1.943  -5.236   0
   4.83235025   0.566  -0.190  -1.736  -5.199   0
   4.83239555   0.665   0.008  -1.537  -5.157   0
   4.83246946   0.696   0.078  -1.466  -5.149   1
   4.83254337   0.726   0.149  -1.395  -5.142   0
   4.83261728   0.758   0.220  -1.323  -5.134   0
   4.83269119   0.789   0.292  -1.251  -5.126   0
   4.83275080   0.814   0.349  -1.193  -5.120   0
   4.83282471   0.829   0.402  -1.143  -5.123   0
   4.83289862   0.833   0.444  -1.107  -5.132   0
   4.83297253   0.837   0.486  -1.071  -5.142   0
   4.83304691   0.842   0.528  -1.035  -5.151   0
   4.83312082   0.848   0.570  -0.999  -5.158   0
   4.83319473   0.850   0.586  -0.985  -5.161   0
   4.83326912   0.851   0.598  -0.975  -5.164   0
   4.83343744   0.853   0.612  -0.963  -5.166   0
   4.83398724   0.857   0.643  -0.936  -5.173   0
   4.83454132   0.860   0.672  -0.911  -5.179   0
   4.83510113   0.863   0.700  -0.887  -5.185   0
   4.83566809   0.867   0.728  -0.863  -5.190   0
   4.83623457   0.870   0.758  -0.837  -5.196   0
   4.83687878   0.875   0.793  -0.806  -5.203   0
   4.83730412   0.880   0.818  -0.785  -5.205   0
   4.83747292   0.883   0.829  -0.775  -5.205   0
   4.83755207   0.886   0.835  -0.770  -5.203   0
   4.83759022   0.888   0.839  -0.766  -5.202   0
   4.83760881   0.890   0.841  -0.764  -5.200   0
   4.83762121   0.891   0.843  -0.762  -5.199   0
   4.83763361   0.893   0.845  -0.760  -5.197   0
   4.83764601   0.895   0.847  -0.758  -5.195   0
   4.83765841   0.897   0.850  -0.756  -5.193   2
   4.83767128   0.899   0.852  -0.753  -5.191   0
   4.83768368   0.901   0.855  -0.751  -5.189   0
   4.83769608   0.904   0.857  -0.748  -5.187   0
   4.83770847   0.906   0.860  -0.746  -5.185   0
   4.83772087   0.909   0.863  -0.743  -5.182   0
   4.83773327   0.912   0.866  -0.739  -5.179   0
   4.83774567   0.916   0.870  -0.735  -5.175   0
   4.83775806   0.922   0.876  -0.730  -5.169   0
   4.83777046   0.929   0.882  -0.723  -5.161   0
   4.83778286   0.937   0.889  -0.716  -5.153   0
   4.83779526   0.945   0.896  -0.709  -5.145   0
   4.83780813   0.953   0.904  -0.701  -5.136   0
   4.83782053   0.962   0.912  -0.693  -5.127   0
   4.83783293   0.972   0.920  -0.685  -5.117   0
   4.83784533   0.982   0.928  -0.676  -5.107   0
   4.83785772   0.992   0.938  -0.667  -5.096   0
   4.83787012   1.003   0.948  -0.656  -5.084   0
   4.83788252   1.015   0.958  -0.646  -5.071   0
   4.83789492   1.029   0.969  -0.634  -5.058   0
   4.83790731   1.043   0.982  -0.621  -5.043   0
   4.83791971   1.059   0.995  -0.608  -5.026   0
   4.83793211   1.076   1.010  -0.592  -5.008   0
   4.83794498   1.095   1.027  -0.575  -4.987   0
   4.83796358   1.118   1.046  -0.556  -4.964   0
