   0.15000001  16.243  14.682  13.087  10.502   0
   0.20000000  15.091  13.655  12.136   9.763   0
   0.25000000  14.406  13.019  11.534   9.271   0
   0.30000001  13.830  12.474  11.016   8.871   0
   0.34999999  13.375  12.035  10.600   8.574   0
   0.40000001  12.943  11.618  10.203   8.273   0
   0.44999999  12.514  11.195   9.805   7.986   0
   0.50000000  12.038  10.714   9.349   7.656   0
   0.55000001  11.531  10.199   8.865   7.301   0
   0.60000002  11.054   9.726   8.428   6.938   0
   0.64631009  10.502   9.207   7.958   6.558   0
   0.69999999   9.830   8.621   7.440   6.144   0
   0.71219873   9.636   8.462   7.303   6.038   0
   0.74996799   8.993   7.964   6.878   5.716   0
   0.78301686   8.468   7.559   6.529   5.443   0
   0.80000001   8.226   7.371   6.363   5.310   0
   0.82333827   7.825   7.067   6.102   5.106   0
   0.84686053   7.448   6.779   5.853   4.906   0
   0.86820537   7.114   6.520   5.628   4.722   0
   0.88794750   6.813   6.284   5.422   4.549   0
   0.89999998   6.640   6.144   5.300   4.446   0
   0.91006446   6.488   6.019   5.189   4.348   0
   0.91556805   6.415   5.956   5.132   4.296   0
   0.92086506   6.337   5.890   5.073   4.244   0
   0.92775398   6.241   5.807   4.998   4.176   0
   0.93104857   6.195   5.767   4.961   4.142   0
   0.93556231   6.132   5.712   4.909   4.094   0
   0.93840802   6.090   5.675   4.875   4.063   0
   0.93953902   6.078   5.664   4.865   4.053   0
   0.97830749   5.637   5.251   4.469   3.673   0
   0.99555188   5.499   5.079   4.278   3.466   0
   1.00000000   5.512   5.061   4.241   3.412   0
   1.00695467   5.534   5.033   4.183   3.330   3
   1.01285148   5.792   5.153   4.232   3.308   0
   1.01597989   6.036   5.274   4.292   3.304   0
   1.01929903   6.182   5.294   4.255   3.200   0
   1.02145731   6.128   5.186   4.122   3.041   0
   1.02301967   6.021   5.055   3.979   2.887   0
   1.02444243   5.900   4.912   3.825   2.723   0
   1.02561474   5.777   4.772   3.677   2.568   0
   1.02660787   5.669   4.643   3.537   2.420   0
   1.02753878   5.549   4.503   3.387   2.262   0
   1.02829492   5.440   4.371   3.246   2.112   0
   1.02900457   5.334   4.242   3.106   1.963   0
   1.02961910   5.228   4.113   2.967   1.815   0
   1.03020251   5.118   3.980   2.822   1.661   0
   1.03068650   5.022   3.856   2.687   1.515   0
   1.03110409   4.930   3.733   2.549   1.366   0
   1.03148854   4.843   3.613   2.416   1.220   0
   1.03183985   4.760   3.497   2.286   1.078   0
   1.03215349   4.678   3.380   2.153   0.933   0
   1.03247154   4.603   3.270   2.029   0.793   0
   1.03283608   4.544   3.184   1.932   0.685   2
   1.03318059   4.598   3.281   2.046   0.819   0
   1.03319716   4.598   3.282   2.048   0.821   0
   1.03342950   4.527   3.176   1.927   0.685   0
   1.03365743   4.458   3.066   1.800   0.541   0
   1.03390872   4.378   2.933   1.645   0.365   0
   1.03412986   4.313   2.815   1.505   0.204   0
   1.03428590   4.261   2.714   1.385   0.065   0
   1.03444660   4.214   2.611   1.260  -0.082   0
   1.03458643   4.162   2.501   1.128  -0.236   0
   1.03470540   4.117   2.407   1.011  -0.377   0
   1.03482664   4.064   2.299   0.881  -0.534   0
   1.03492928   4.029   2.204   0.760  -0.683   0
   1.03501558   4.005   2.114   0.643  -0.831   0
   1.03509021   3.980   2.023   0.525  -0.978   0
   1.03515565   3.957   1.946   0.424  -1.109   0
   1.03521168   3.866   1.900   0.370  -1.223   0
   1.03526068   3.767   1.866   0.328  -1.337   0
   1.03530967   3.657   1.826   0.282  -1.457   0
   1.03535175   3.539   1.785   0.236  -1.574   0
   1.03538907   3.414   1.748   0.197  -1.687   0
   1.03542411   3.357   1.757   0.192  -1.805   0
   1.03544986   3.307   1.766   0.188  -1.922   0
   1.03548253   3.248   1.779   0.187  -2.052   3
   1.03550363   3.202   1.801   0.199  -2.154   0
   1.03552699   3.197   1.898   0.299  -2.228   0
   1.03554559   3.241   2.047   0.462  -2.251   0
   1.03556204   3.280   2.188   0.617  -2.279   0
   1.03558064   3.333   2.355   0.799  -2.298   0
   1.03559470   3.456   2.615   1.068  -2.259   0
   1.03560638   3.522   2.784   1.239  -2.253   0
   1.03561807   3.644   3.037   1.493  -2.208   0
   1.03562975   3.769   3.300   1.758  -2.162   1
   1.03563917   3.803   3.445   1.889  -2.174   0
   1.03564847   3.846   3.619   2.042  -2.178   0
   1.03565776   3.894   3.798   2.201  -2.178   0
   1.03566480   3.941   3.964   2.346  -2.185   0
   1.03566718   3.938   3.971   2.351  -2.194   2
   1.03566718   3.899   2.516   1.252   0.028   1
   1.03571534   3.893   2.487   1.215  -0.019   0
   1.03580976   3.893   2.467   1.187  -0.056   0
   1.03587151   3.886   2.464   1.186  -0.055   0
   1.03602648   3.870   2.467   1.196  -0.036   0
   1.03618383   3.858   2.465   1.198  -0.028   0
   1.03634286   3.848   2.464   1.200  -0.022   0
   1.03650331   3.838   2.464   1.205  -0.012   0
   1.03666747   3.830   2.464   1.208  -0.004   0
   1.03683221   3.819   2.463   1.211   0.003   0
   1.03700256   3.809   2.462   1.214   0.009   0
   1.03717184   3.799   2.460   1.214   0.013   0
   1.03734088   3.790   2.456   1.213   0.015   0
   1.03750670   3.782   2.452   1.211   0.014   0
   1.03767967   3.776   2.447   1.206   0.009   0
   1.03781581   3.772   2.440   1.197   0.000   0
   1.03796482   3.768   2.430   1.185  -0.014   0
   1.03811955   3.764   2.415   1.166  -0.037   0
   1.03833878   3.758   2.388   1.131  -0.081   0
   1.03839576   3.756   2.378   1.117  -0.099   0
   1.03848243   3.751   2.359   1.092  -0.130   0
   1.03863430   3.744   2.318   1.037  -0.199   0
   1.03897560   3.714   2.123   0.777  -0.528   0
   1.03899169   3.717   2.022   0.638  -0.709   0
   1.03899658   3.720   1.954   0.541  -0.836   0
   1.03899944   3.722   1.887   0.445  -0.968   0
   1.03900218   3.715   1.782   0.300  -1.159   0
   1.03900492   3.727   1.694   0.171  -1.336   0
   1.03900886   3.706   1.647   0.102  -1.451   0
   1.03902209   3.719   1.713   0.201  -1.293   0
   1.03903925   3.700   1.737   0.243  -1.228   1
   1.03908646   3.718   1.689   0.167  -1.337   0
   1.03911078   3.726   1.646   0.103  -1.428   0
   1.03914309   3.598   1.618   0.065  -1.572   0
   1.03916347   3.469   1.591   0.033  -1.698   0
   1.03917956   3.330   1.571   0.012  -1.817   0
   1.03919160   3.226   1.582   0.019  -1.919   0
   1.03920317   3.195   1.640   0.058  -2.041   0
   1.03921127   3.149   1.678   0.083  -2.158   0
   1.03921783   3.104   1.736   0.130  -2.277   0
   1.03922260   3.169   1.931   0.340  -2.295   0
   1.03922689   3.222   2.098   0.523  -2.316   0
   1.03923094   3.293   2.294   0.736  -2.326   0
   1.03923428   3.415   2.553   1.005  -2.287   0
   1.03923774   3.585   2.878   1.333  -2.208   0
   1.03924131   3.718   3.150   1.607  -2.155   0
   1.03924513   3.819   3.370   1.828  -2.125   1
   1.03924894   3.859   3.533   1.972  -2.129   0
   1.03925323   3.919   3.731   2.148  -2.120   0
   1.03925729   4.007   3.979   2.371  -2.091   0
   1.03926098   4.206   4.528   2.845  -2.133   0
   1.03926146   4.230   4.579   2.888  -2.175   0
   1.03926158   4.230   4.583   2.891  -2.180   0
   1.03926182   4.232   4.588   2.895  -2.186   0
   1.03926194   4.233   4.591   2.897  -2.191   0
   1.03926206   4.235   4.596   2.902  -2.196   0
   1.03926218   4.236   4.599   2.904  -2.201   0
   1.03926229   4.237   4.603   2.907  -2.206   0
   1.03926241   4.240   4.609   2.912  -2.211   0
   1.03926265   4.243   4.615   2.916  -2.216   0
   1.03926265   4.250   4.625   2.926  -2.217   0
   1.03926265   4.288   4.676   2.972  -2.208   0
