   0.15000001  16.295  14.726  13.126  10.530   0
   0.20000000  15.149  13.707  12.184   9.810   0
   0.25000000  14.485  13.091  11.602   9.334   0
   0.30000001  13.912  12.554  11.094   8.937   0
   0.34999999  13.445  12.103  10.666   8.630   0
   0.40000001  13.013  11.686  10.270   8.333   0
   0.44999999  12.591  11.273   9.879   8.044   0
   0.50000000  12.132  10.811   9.442   7.727   0
   0.55000001  11.650  10.320   8.978   7.395   0
   0.60000002  11.199   9.874   8.568   7.061   0
   0.69999999  10.165   8.916   7.702   6.356   0
   0.74379283   9.605   8.443   7.290   6.033   0
   0.80000001   8.882   7.878   6.804   5.658   0
   0.89999998   7.613   6.924   5.991   5.033   0
   0.98818165   6.648   6.192   5.370   4.535   0
   1.00000000   6.530   6.101   5.294   4.473   0
   1.01885343   6.349   5.959   5.173   4.372   0
   1.10000002   5.644   5.392   4.693   3.970   0
   1.16147387   5.173   4.999   4.356   3.683   0
   1.20000005   4.917   4.773   4.163   3.518   0
   1.23728073   4.665   4.551   3.971   3.354   0
   1.26827979   4.473   4.380   3.824   3.228   0
   1.27770603   4.416   4.330   3.782   3.192   0
   1.29999995   4.302   4.225   3.691   3.115   0
   1.39999998   3.809   3.760   3.288   2.771   0
   1.44575369   3.600   3.562   3.117   2.627   0
   1.50000000   3.381   3.342   2.922   2.461   0
   1.60000002   2.998   2.956   2.582   2.173   0
   1.62513793   2.904   2.862   2.500   2.106   0
   1.70000005   2.656   2.601   2.267   1.907   0
   1.74770558   2.503   2.441   2.124   1.785   0
   1.79999995   2.343   2.273   1.970   1.649   0
   1.84660208   2.203   2.126   1.835   1.529   0
   1.89999998   2.050   1.966   1.683   1.387   0
   1.93143165   1.962   1.874   1.595   1.305   0
   2.00000000   1.782   1.685   1.408   1.119   0
   2.00384378   1.772   1.675   1.398   1.108   1
   2.06170559   1.637   1.535   1.248   0.945   0
   2.09999990   1.559   1.454   1.154   0.833   0
   2.11364317   1.531   1.425   1.120   0.794   0
   2.16021609   1.449   1.340   1.009   0.652   0
   2.20000005   1.398   1.285   0.922   0.526   0
   2.20120025   1.397   1.283   0.919   0.522   0
   2.21956825   1.377   1.259   0.879   0.463   0
   2.23672462   1.347   1.226   0.834   0.405   0
   2.24831772   1.307   1.184   0.791   0.361   2
   2.25560331   1.253   1.129   0.747   0.330   0
   2.26137018   1.155   1.031   0.679   0.297   0
   2.26519895   0.981   0.847   0.563   0.261   0
   2.26624155   0.833   0.688   0.465   0.232   0
   2.26679158   0.661   0.511   0.352   0.189   1
   2.26689458   0.731   0.578   0.406   0.228   0
   2.26703429   0.872   0.729   0.504   0.269   0
   2.26724315   0.910   0.772   0.491   0.192   0
   2.26755285   0.930   0.795   0.459   0.093   0
   2.26775599   0.965   0.827   0.459   0.056   3
   2.26824331   1.065   0.918   0.482   0.005   0
   2.26888895   1.226   1.049   0.535  -0.019   0
   2.26967645   1.444   1.214   0.620  -0.007   0
   2.27056265   1.721   1.419   0.742   0.045   0
   2.27125406   1.977   1.609   0.870   0.122   0
   2.27194810   2.291   1.840   1.038   0.238   0
   2.27263474   2.623   2.088   1.226   0.376   0
   2.27331638   2.943   2.312   1.394   0.495   0
   2.27400708   3.165   2.449   1.484   0.542   4
   2.27514029   3.256   2.434   1.415   0.424   0
   2.27612329   3.232   2.336   1.282   0.257   0
   2.27692270   3.182   2.232   1.153   0.105   0
   2.27768683   3.121   2.122   1.020  -0.047   0
   2.27844429   3.060   2.010   0.885  -0.204   0
   2.27911091   3.012   1.912   0.766  -0.344   0
   2.27986622   2.955   1.798   0.628  -0.506   0
   2.28064156   2.890   1.676   0.482  -0.674   0
   2.28128982   2.841   1.574   0.358  -0.818   0
   2.28192353   2.802   1.475   0.235  -0.963   0
   2.28254747   2.766   1.378   0.113  -1.109   0
   2.28314900   2.730   1.284  -0.005  -1.251   0
   2.28366923   2.700   1.199  -0.111  -1.380   0
   2.28417730   2.674   1.115  -0.217  -1.510   0
   2.28468275   2.650   1.030  -0.326  -1.642   0
   2.28518939   2.629   0.943  -0.437  -1.778   0
   2.28570366   2.614   0.863  -0.543  -1.910   0
   2.28608513   2.605   0.816  -0.606  -1.991   2
   2.28629422   2.624   0.928  -0.457  -1.802   0
   2.28636026   2.634   0.988  -0.379  -1.705   0
   2.28646660   2.648   1.056  -0.290  -1.595   0
   2.28662324   2.674   1.138  -0.186  -1.468   0
   2.28686690   2.709   1.238  -0.060  -1.316   0
   2.28712940   2.740   1.330   0.056  -1.175   0
   2.28748679   2.774   1.431   0.184  -1.020   0
   2.28798413   2.818   1.548   0.331  -0.845   0
   2.28881145   2.881   1.699   0.519  -0.623   0
   2.29014397   2.965   1.883   0.744  -0.356   0
   2.29177237   3.031   2.026   0.921  -0.148   0
   2.29439211   3.081   2.132   1.053   0.007   4
   2.29999995   3.065   2.115   1.036  -0.009   0
   2.34775496   2.924   1.967   0.885  -0.160   0
   2.41924930   2.712   1.746   0.659  -0.387   0
   2.47189546   2.569   1.569   0.467  -0.590   0
   2.49413323   2.521   1.454   0.320  -0.765   0
   2.50000000   2.509   1.406   0.257  -0.844   0
   2.50406289   2.503   1.372   0.212  -0.900   0
   2.50542665   2.480   1.283   0.096  -1.043   0
   2.50593543   2.461   1.198  -0.016  -1.181   0
   2.50613737   2.435   1.106  -0.136  -1.325   0
   2.50616860   2.427   1.082  -0.166  -1.362   0
   2.50626469   2.401   0.986  -0.290  -1.512   0
   2.50634980   2.377   0.898  -0.404  -1.654   0
   2.50647187   2.358   0.807  -0.522  -1.801   0
   2.50703621   2.376   0.891  -0.413  -1.666   1
   2.51079202   2.348   0.779  -0.557  -1.843   0
   2.51169300   2.331   0.671  -0.700  -2.022   0
   2.51238394   2.317   0.565  -0.840  -2.195   0
   2.51288533   2.309   0.484  -0.951  -2.340   0
   2.51327777   2.297   0.407  -1.055  -2.475   0
   2.51364565   2.297   0.338  -1.151  -2.605   0
   2.51398540   2.298   0.267  -1.251  -2.736   0
   2.51426387   2.312   0.191  -1.362  -2.887   0
   2.51444340   2.218   0.157  -1.405  -3.003   0
   2.51458621   2.104   0.133  -1.434  -3.112   0
   2.51470232   1.980   0.101  -1.468  -3.221   2
   2.51481104   1.852   0.075  -1.493  -3.323   0
   2.51490760   1.768   0.122  -1.449  -3.406   0
   2.51501393   1.724   0.147  -1.437  -3.514   0
   2.51512480   1.654   0.133  -1.459  -3.631   0
   2.51526332   1.593   0.141  -1.458  -3.741   0
   2.51540613   1.594   0.256  -1.348  -3.807   0
   2.51554704   1.613   0.369  -1.222  -3.847   0
   2.51557374   1.591   0.256  -1.348  -3.812   0
   2.51558781   1.612   0.367  -1.225  -3.847   0
   2.51559973   1.706   0.585  -0.990  -3.833   0
   2.51561999   1.715   0.665  -0.900  -3.870   0
   2.51563144   1.727   0.701  -0.861  -3.874   0
   2.51564050   1.736   0.729  -0.830  -3.877   0
   2.51565170   1.748   0.765  -0.791  -3.880   0
   2.51566315   1.760   0.800  -0.753  -3.884   0
   2.51567435   1.772   0.836  -0.714  -3.888   0
   2.51568580   1.788   0.877  -0.670  -3.886   1
   2.51569724   1.808   0.924  -0.624  -3.881   0
   2.51570845   1.829   0.971  -0.577  -3.876   0
   2.51571989   1.849   1.017  -0.530  -3.871   0
   2.51573110   1.869   1.064  -0.483  -3.866   0
   2.51574254   1.890   1.110  -0.436  -3.861   0
   2.51575375   1.910   1.157  -0.389  -3.856   0
   2.51576519   1.930   1.204  -0.342  -3.851   0
   2.51577616   1.951   1.250  -0.295  -3.846   0
   2.51578712   1.971   1.297  -0.248  -3.841   0
   2.51579595   1.987   1.334  -0.210  -3.837   0
   2.51580691   2.008   1.381  -0.164  -3.832   0
   2.51581788   2.028   1.427  -0.117  -3.827   0
   2.51582670   2.044   1.465  -0.079  -3.823   0
   2.51586151   2.065   1.509  -0.034  -3.816   0
   2.51590228   2.086   1.559   0.016  -3.811   0
   2.51594281   2.107   1.606   0.063  -3.806   0
   2.51598287   2.128   1.653   0.110  -3.800   0
   2.51602268   2.148   1.699   0.157  -3.795   1
   2.51606226   2.151   1.727   0.181  -3.801   0
   2.51610160   2.154   1.754   0.205  -3.807   0
   2.51614070   2.157   1.782   0.228  -3.813   0
   2.51617956   2.160   1.810   0.252  -3.819   0
   2.51621795   2.163   1.837   0.276  -3.825   0
   2.51625633   2.166   1.865   0.300  -3.831   0
   2.51629424   2.170   1.893   0.324  -3.837   0
   2.51633191   2.173   1.921   0.348  -3.843   0
   2.51636934   2.176   1.948   0.371  -3.848   0
   2.51640654   2.179   1.976   0.395  -3.854   0
   2.51644349   2.182   2.004   0.419  -3.860   0
   2.51647997   2.186   2.032   0.443  -3.866   0
   2.51651645   2.189   2.060   0.467  -3.872   0
   2.51655245   2.192   2.088   0.492  -3.877   0
   2.51658821   2.195   2.116   0.516  -3.883   0
   2.51662350   2.199   2.144   0.540  -3.889   0
   2.51665878   2.202   2.172   0.564  -3.895   0
   2.51669359   2.206   2.201   0.589  -3.900   0
   2.51672769   2.205   2.218   0.602  -3.913   0
   2.51675797   2.205   2.235   0.616  -3.924   0
   2.51678634   2.208   2.256   0.633  -3.933   0
   2.51680326   2.214   2.275   0.649  -3.935   0
   2.51681018   2.221   2.290   0.662  -3.934   0
   2.51681304   2.229   2.304   0.675  -3.930   0
   2.51681447   2.237   2.318   0.688  -3.926   0
   2.51681590   2.246   2.333   0.701  -3.921   0
   2.51681733   2.255   2.349   0.716  -3.916   0
   2.51681852   2.265   2.365   0.731  -3.911   0
   2.51681995   2.276   2.383   0.747  -3.905   0
   2.51682138   2.287   2.402   0.764  -3.899   0
   2.51682281   2.299   2.423   0.783  -3.892   0
   2.51682401   2.313   2.445   0.804  -3.885   0
   2.51682544   2.327   2.469   0.826  -3.877   0
   2.51682687   2.343   2.496   0.850  -3.868   0
   2.51682830   2.361   2.526   0.878  -3.858   0
   2.51682949   2.382   2.559   0.909  -3.846   0
   2.51683021   2.393   2.578   0.925  -3.840   0
