   0.15000001  16.285  14.717  13.118  10.525   0
   0.20000000  15.137  13.697  12.175   9.801   0
   0.25000000  14.469  13.077  11.589   9.322   0
   0.30000001  13.896  12.538  11.079   8.924   0
   0.34999999  13.431  12.090  10.653   8.619   0
   0.40000001  12.990  11.663  10.247   8.310   0
   0.44999999  12.571  11.253   9.859   8.026   0
   0.50000000  12.111  10.789   9.420   7.709   0
   0.55000001  11.625  10.295   8.954   7.375   0
   0.60000002  11.180   9.853   8.546   7.036   0
   0.69999999  10.108   8.864   7.654   6.315   0
   0.74928033   9.432   8.309   7.175   5.945   0
   0.80000001   8.774   7.793   6.730   5.600   0
   0.86697865   7.875   7.114   6.148   5.151   0
   0.89999998   7.444   6.794   5.879   4.942   0
   0.93857026   6.972   6.436   5.572   4.696   0
   0.97554946   6.562   6.119   5.304   4.475   0
   1.00000000   6.305   5.918   5.133   4.333   0
   1.01258230   6.176   5.815   5.045   4.259   0
   1.04159439   5.896   5.587   4.849   4.092   0
   1.06559622   5.680   5.407   4.694   3.959   0
   1.08591974   5.506   5.261   4.567   3.850   0
   1.10000002   5.392   5.164   4.484   3.777   0
   1.10531747   5.346   5.125   4.449   3.747   0
   1.12066340   5.215   5.013   4.351   3.661   0
   1.13364863   5.111   4.923   4.271   3.590   0
   1.13696373   5.085   4.900   4.251   3.572   0
   1.14852548   5.005   4.828   4.187   3.515   0
   1.16520011   4.896   4.728   4.097   3.434   0
   1.18872929   4.754   4.596   3.978   3.326   0
   1.19750905   4.705   4.550   3.935   3.287   0
   1.20000005   4.690   4.537   3.923   3.275   0
   1.20063901   4.687   4.533   3.920   3.272   0
   1.23082578   4.523   4.377   3.774   3.136   0
   1.26624823   4.359   4.215   3.617   2.985   0
   1.29999995   4.227   4.079   3.481   2.847   0
   1.30542326   4.207   4.057   3.459   2.825   1
   1.35045302   4.060   3.897   3.290   2.648   0
   1.38980043   3.961   3.780   3.156   2.499   0
   1.39999998   3.941   3.753   3.123   2.461   0
   1.42226899   3.900   3.697   3.052   2.378   0
   1.43721616   3.879   3.660   3.005   2.321   0
   1.45117402   3.848   3.616   2.953   2.262   0
   1.45872486   3.815   3.580   2.915   2.223   2
   1.46572876   3.738   3.510   2.851   2.165   0
   1.46987116   3.625   3.415   2.772   2.099   0
   1.47260189   3.436   3.252   2.640   1.996   0
   1.47335029   3.273   3.109   2.525   1.905   0
   1.47376132   3.116   2.969   2.409   1.811   1
   1.47394919   3.234   3.074   2.495   1.879   0
   1.47808182   3.550   3.259   2.558   1.837   0
   1.48261964   3.858   3.468   2.693   1.908   0
   1.48478329   4.089   3.628   2.807   1.983   0
   1.48662221   4.342   3.807   2.938   2.073   0
   1.48810720   4.555   3.948   3.042   2.141   0
   1.49037397   4.818   4.109   3.149   2.196   4
   1.49372435   4.909   4.091   3.079   2.071   0
   1.49631667   4.807   3.930   2.890   1.855   0
   1.49880648   4.646   3.719   2.655   1.598   0
   1.50000000   4.558   3.606   2.530   1.463   0
   1.50057817   4.512   3.547   2.464   1.392   0
   1.50183511   4.411   3.417   2.320   1.237   0
   1.50306845   4.320   3.291   2.179   1.080   0
   1.50418687   4.236   3.174   2.046   0.933   0
   1.50529015   4.154   3.056   1.913   0.785   0
   1.50649321   4.075   2.934   1.772   0.627   0
   1.50771511   3.993   2.812   1.633   0.473   0
   1.50894570   3.917   2.694   1.498   0.321   0
   1.51037967   3.841   2.573   1.357   0.163   0
   1.51221395   3.795   2.506   1.283   0.081   0
   1.51418447   3.810   2.545   1.332   0.141   1
   1.51497889   3.746   2.434   1.200  -0.010   0
   1.51576638   3.687   2.328   1.074  -0.155   0
   1.51654208   3.636   2.224   0.950  -0.301   0
   1.51732337   3.582   2.107   0.807  -0.470   0
   1.51798820   3.536   2.005   0.683  -0.616   0
   1.51855886   3.489   1.898   0.553  -0.770   0
   1.51905560   3.455   1.802   0.432  -0.915   0
   1.51955366   3.422   1.704   0.308  -1.067   0
   1.51998436   3.388   1.612   0.192  -1.210   0
   1.52035093   3.362   1.528   0.083  -1.346   0
   1.52067053   3.344   1.451  -0.019  -1.476   0
   1.52098691   3.323   1.363  -0.134  -1.621   0
   1.52122688   3.299   1.280  -0.240  -1.753   0
   1.52146208   3.250   1.237  -0.301  -1.873   0
   1.52166915   3.155   1.198  -0.347  -1.984   0
   1.52186990   3.045   1.159  -0.391  -2.101   0
   1.52204430   2.931   1.123  -0.432  -2.211   0
   1.52219522   2.804   1.089  -0.467  -2.323   0
   1.52234149   2.715   1.086  -0.478  -2.435   3
   1.52246749   2.669   1.100  -0.477  -2.547   0
   1.52258885   2.637   1.145  -0.445  -2.651   0
   1.52269304   2.572   1.137  -0.462  -2.763   0
   1.52278471   2.579   1.253  -0.350  -2.830   0
   1.52287960   2.578   1.337  -0.254  -2.885   0
   1.52295732   2.623   1.485  -0.092  -2.906   0
   1.52302730   2.680   1.648   0.086  -2.917   0
   1.52309561   2.778   1.874   0.326  -2.899   0
   1.52316093   2.824   2.017   0.470  -2.910   0
   1.52321839   2.963   2.289   0.744  -2.850   0
   1.52322614   2.966   2.303   0.758  -2.852   0
   1.52322614   3.470   2.228   1.022  -0.148   1
   1.52358985   3.458   2.198   0.985  -0.192   0
   1.52410996   3.450   2.179   0.961  -0.220   0
   1.52465987   3.446   2.181   0.967  -0.212   0
   1.52571929   3.438   2.179   0.967  -0.209   0
   1.52678394   3.428   2.176   0.966  -0.207   0
   1.52785099   3.421   2.175   0.968  -0.202   0
   1.52891779   3.412   2.172   0.967  -0.201   0
   1.52999794   3.405   2.168   0.965  -0.201   0
   1.53108382   3.397   2.166   0.966  -0.198   0
   1.53220344   3.387   2.161   0.962  -0.199   0
   1.53334248   3.378   2.156   0.958  -0.201   0
   1.53447568   3.370   2.150   0.954  -0.204   0
   1.53559613   3.362   2.144   0.948  -0.209   0
   1.53612697   3.358   2.140   0.945  -0.212   0
   1.53674006   3.354   2.136   0.940  -0.216   0
   1.53786814   3.348   2.127   0.931  -0.227   0
   1.53903854   3.340   2.115   0.916  -0.243   0
   1.54038537   3.330   2.096   0.893  -0.269   0
   1.54196870   3.315   2.062   0.851  -0.319   0
   1.54252470   3.310   2.045   0.831  -0.344   0
   1.54443014   3.285   1.971   0.736  -0.457   0
   1.54497194   3.269   1.903   0.647  -0.567   0
   1.54520762   3.256   1.851   0.579  -0.651   0
   1.54535902   3.235   1.755   0.453  -0.809   0
   1.54540288   3.220   1.680   0.354  -0.933   0
   1.54542828   3.198   1.584   0.230  -1.087   0
   1.54544759   3.184   1.466   0.072  -1.285   0
   1.54546475   3.170   1.371  -0.056  -1.452   0
   1.54548347   3.162   1.297  -0.157  -1.585   0
   1.54550302   3.158   1.262  -0.206  -1.648   0
   1.54555082   3.166   1.330  -0.112  -1.526   0
   1.54573882   3.173   1.399  -0.017  -1.401   1
   1.54613185   3.165   1.335  -0.105  -1.516   0
   1.54632771   3.156   1.264  -0.201  -1.641   0
   1.54648530   3.135   1.171  -0.324  -1.797   0
   1.54659069   3.145   1.109  -0.415  -1.922   0
   1.54668045   3.119   1.057  -0.489  -2.042   0
   1.54675698   3.025   1.026  -0.526  -2.147   0
   1.54683888   2.901   0.997  -0.560  -2.271   0
   1.54690361   2.757   0.962  -0.598  -2.400   2
   1.54694235   2.631   0.950  -0.609  -2.497   0
   1.54697514   2.593   0.991  -0.582  -2.599   0
   1.54700196   2.559   1.028  -0.558  -2.701   0
   1.54702425   2.512   1.045  -0.550  -2.801   0
   1.54704702   2.470   1.086  -0.518  -2.901   0
   1.54706836   2.488   1.202  -0.396  -2.946   0
   1.54709029   2.554   1.380  -0.202  -2.952   0
   1.54711413   2.603   1.535  -0.033  -2.972   0
   1.54713881   2.691   1.743   0.192  -2.961   0
   1.54716754   2.798   1.982   0.435  -2.932   0
   1.54718983   2.914   2.231   0.686  -2.894   1
   1.54720318   2.805   2.007   0.461  -2.935   0
   1.54720485   2.887   2.173   0.628  -2.902   0
   1.54720676   2.983   2.372   0.828  -2.866   0
   1.54721010   3.115   2.634   1.091  -2.809   0
   1.54721379   3.139   2.688   1.146  -2.803   1
   1.54721677   3.143   2.716   1.170  -2.808   0
   1.54722047   3.146   2.748   1.198  -2.815   0
   1.54722416   3.150   2.780   1.226  -2.822   0
   1.54722798   3.153   2.812   1.253  -2.830   0
   1.54723167   3.157   2.845   1.281  -2.837   0
   1.54723537   3.160   2.877   1.309  -2.844   0
   1.54723907   3.164   2.910   1.337  -2.851   0
   1.54724276   3.167   2.942   1.365  -2.858   0
   1.54724646   3.171   2.974   1.392  -2.865   0
   1.54725027   3.174   3.007   1.421  -2.872   0
   1.54725313   3.177   3.034   1.444  -2.878   0
   1.54725695   3.181   3.068   1.473  -2.886   0
   1.54726064   3.184   3.103   1.503  -2.893   0
   1.54726434   3.188   3.137   1.532  -2.901   0
   1.54726803   3.192   3.171   1.562  -2.908   0
   1.54727173   3.193   3.199   1.584  -2.920   0
   1.54727542   3.190   3.218   1.599  -2.938   0
   1.54727924   3.188   3.238   1.614  -2.955   0
   1.54728293   3.185   3.257   1.629  -2.972   0
   1.54728663   3.183   3.277   1.644  -2.989   0
   1.54729033   3.180   3.296   1.658  -3.007   0
   1.54729402   3.178   3.316   1.673  -3.024   0
   1.54729784   3.177   3.334   1.687  -3.037   0
   1.54730153   3.178   3.348   1.698  -3.045   0
   1.54730523   3.178   3.361   1.709  -3.054   0
   1.54730892   3.179   3.377   1.722  -3.063   0
   1.54731238   3.181   3.393   1.735  -3.070   0
   1.54731560   3.190   3.420   1.758  -3.072   0
   1.54731667   3.204   3.445   1.781  -3.067   0
   1.54731667   3.208   3.453   1.788  -3.065   0
   1.54731667   3.213   3.462   1.796  -3.062   0
   1.54731667   3.219   3.472   1.805  -3.059   0
   1.54731667   3.225   3.483   1.815  -3.056   0
   1.54731667   3.233   3.495   1.826  -3.052   0
   1.54731667   3.308   3.621   1.941  -3.010   0
