   0.15000001  16.281  14.714  13.115  10.523   0
   0.20000000  15.133  13.693  12.171   9.798   0
   0.25000000  14.464  13.072  11.584   9.317   0
   0.30000001  13.890  12.533  11.073   8.920   0
   0.34999999  13.426  12.085  10.649   8.615   0
   0.40000001  12.982  11.655  10.239   8.302   0
   0.44999999  12.566  11.247   9.854   8.022   0
   0.50000000  12.105  10.782   9.414   7.704   0
   0.55000001  11.617  10.286   8.946   7.368   0
   0.60000002  11.169   9.842   8.535   7.027   0
   0.69363910  10.155   8.904   7.690   6.343   0
   0.69999999  10.086   8.843   7.636   6.300   0
   0.70796782   9.976   8.750   7.555   6.237   0
   0.80000001   8.772   7.785   6.719   5.585   0
   0.82394671   8.439   7.532   6.503   5.418   0
   0.89234799   7.475   6.816   5.897   4.955   0
   0.89999998   7.378   6.744   5.835   4.907   0
   0.90686703   7.291   6.677   5.778   4.861   0
   0.94259721   6.852   6.342   5.491   4.629   0
   0.97157669   6.528   6.089   5.276   4.450   0
   0.99595326   6.266   5.883   5.100   4.303   0
   1.00000000   6.224   5.849   5.072   4.279   0
   1.00835407   6.136   5.779   5.011   4.227   0
   1.03158998   5.903   5.588   4.846   4.086   0
   1.05126488   5.719   5.433   4.712   3.971   0
   1.06823301   5.568   5.306   4.601   3.873   0
   1.08314312   5.441   5.197   4.506   3.791   0
   1.09618545   5.336   5.107   4.427   3.721   0
   1.10000002   5.306   5.082   4.405   3.701   0
   1.10313475   5.280   5.059   4.384   3.683   0
   1.10636055   5.252   5.035   4.363   3.663   0
   1.11479855   5.185   4.975   4.309   3.616   0
   1.12724912   5.088   4.890   4.232   3.546   0
   1.14518392   4.961   4.776   4.129   3.452   0
   1.15195298   4.923   4.740   4.096   3.421   0
   1.15975666   4.876   4.695   4.054   3.382   0
   1.17556047   4.788   4.611   3.974   3.306   0
   1.18664479   4.738   4.560   3.925   3.257   1
   1.20000005   4.687   4.508   3.871   3.203   0
   1.22194326   4.595   4.414   3.776   3.107   0
   1.25117207   4.497   4.306   3.661   2.986   0
   1.28225529   4.424   4.211   3.552   2.864   0
   1.29823971   4.394   4.167   3.497   2.802   0
   1.29999995   4.391   4.162   3.491   2.795   0
   1.30204940   4.387   4.156   3.484   2.786   0
   1.31512547   4.345   4.105   3.429   2.727   0
   1.31965184   4.323   4.082   3.405   2.702   2
   1.32907915   4.228   3.996   3.326   2.630   0
   1.33321965   4.116   3.903   3.249   2.566   0
   1.33597076   3.924   3.740   3.116   2.460   0
   1.33674943   3.770   3.605   3.005   2.369   0
   1.33713067   3.668   3.513   2.926   2.303   1
   1.33849049   3.755   3.571   2.952   2.301   0
   1.35386908   3.917   3.634   2.933   2.211   0
   1.36034250   4.120   3.763   3.004   2.234   0
   1.36433816   4.376   3.932   3.119   2.302   0
   1.36787462   4.671   4.133   3.263   2.394   0
   1.37115622   4.956   4.317   3.394   2.474   0
   1.37405241   5.154   4.435   3.471   2.511   4
   1.38191056   5.226   4.376   3.351   2.324   0
   1.38709652   5.115   4.222   3.175   2.128   0
   1.39106405   4.996   4.072   3.010   1.950   0
   1.39449310   4.862   3.909   2.834   1.763   0
   1.39716184   4.756   3.778   2.690   1.609   0
   1.39956582   4.642   3.636   2.535   1.443   0
   1.39999998   4.620   3.608   2.504   1.409   0
   1.40170097   4.534   3.499   2.385   1.280   0
   1.40358043   4.438   3.370   2.241   1.122   0
   1.40528381   4.347   3.243   2.097   0.964   0
   1.40683901   4.255   3.113   1.952   0.804   0
   1.40816450   4.182   3.001   1.824   0.660   0
   1.40926862   4.106   2.889   1.696   0.518   0
   1.41031289   4.038   2.784   1.575   0.384   0
   1.41116679   3.965   2.676   1.453   0.248   0
   1.41209233   3.909   2.581   1.342   0.122   0
   1.41254091   3.894   2.560   1.317   0.094   2
   1.41347849   3.919   2.612   1.381   0.170   0
   1.41420960   3.855   2.504   1.255   0.025   0
   1.41490018   3.802   2.403   1.133  -0.116   0
   1.41554415   3.753   2.303   1.013  -0.257   0
   1.41615343   3.701   2.196   0.884  -0.408   0
   1.41675365   3.649   2.078   0.740  -0.578   0
   1.41725862   3.606   1.972   0.610  -0.733   0
   1.41769648   3.567   1.872   0.486  -0.882   0
   1.41806698   3.531   1.780   0.369  -1.025   0
   1.41838920   3.501   1.692   0.257  -1.164   0
   1.41870677   3.477   1.601   0.138  -1.315   0
   1.41894746   3.456   1.520   0.033  -1.447   0
   1.41921198   3.440   1.437  -0.078  -1.588   0
   1.41939104   3.399   1.375  -0.158  -1.711   0
   1.41957021   3.304   1.340  -0.201  -1.823   0
   1.41972578   3.200   1.302  -0.245  -1.937   0
   1.41987765   3.084   1.264  -0.288  -2.053   0
   1.42002487   2.953   1.221  -0.334  -2.174   0
   1.42013896   2.852   1.213  -0.347  -2.280   0
   1.42024815   2.804   1.225  -0.349  -2.397   0
   1.42035270   2.749   1.236  -0.350  -2.519   3
   1.42043591   2.706   1.263  -0.334  -2.621   0
   1.42050838   2.675   1.314  -0.292  -2.711   0
   1.42057848   2.708   1.448  -0.145  -2.742   0
   1.42065096   2.736   1.574  -0.007  -2.777   0
   1.42070925   2.805   1.761   0.196  -2.784   0
   1.42076862   2.864   1.931   0.382  -2.796   0
   1.42082095   2.947   2.127   0.580  -2.780   0
   1.42086136   3.082   2.395   0.850  -2.722   0
   1.42090774   3.140   2.554   1.010  -2.723   0
   1.42094696   3.243   2.773   1.231  -2.687   4
   1.42094696   3.560   2.280   1.059  -0.127   1
   1.42120469   3.550   2.250   1.021  -0.172   0
   1.42158806   3.541   2.230   0.996  -0.201   0
   1.42198539   3.537   2.233   1.003  -0.191   0
   1.42276800   3.529   2.230   1.002  -0.190   0
   1.42355359   3.520   2.229   1.004  -0.185   0
   1.42434716   3.512   2.229   1.006  -0.179   0
   1.42514026   3.503   2.225   1.005  -0.178   0
   1.42594385   3.494   2.222   1.005  -0.175   0
   1.42674887   3.487   2.221   1.006  -0.171   0
   1.42757297   3.476   2.215   1.002  -0.173   0
   1.42842162   3.469   2.212   1.000  -0.173   0
   1.42926204   3.461   2.207   0.996  -0.175   0
   1.43010342   3.452   2.200   0.990  -0.180   0
   1.43065846   3.448   2.196   0.986  -0.184   0
   1.43090820   3.445   2.193   0.984  -0.187   0
   1.43170774   3.439   2.184   0.974  -0.198   0
   1.43252718   3.432   2.172   0.959  -0.214   0
   1.43351436   3.423   2.152   0.935  -0.242   0
   1.43480957   3.410   2.117   0.891  -0.294   0
   1.43508744   3.403   2.100   0.870  -0.319   0
   1.43553305   3.395   2.072   0.834  -0.363   0
   1.43747997   3.361   1.944   0.668  -0.568   0
   1.43759918   3.346   1.881   0.586  -0.670   0
   1.43769121   3.327   1.779   0.451  -0.840   0
   1.43771899   3.314   1.703   0.350  -0.966   0
   1.43773520   3.301   1.615   0.233  -1.113   0
   1.43774569   3.290   1.531   0.121  -1.256   0
   1.43775642   3.282   1.451   0.010  -1.404   0
   1.43777192   3.274   1.365  -0.107  -1.557   0
   1.43778169   3.273   1.350  -0.129  -1.586   0
   1.43783629   3.281   1.428  -0.022  -1.445   0
   1.43792737   3.281   1.465   0.031  -1.375   1
   1.43815780   3.274   1.397  -0.063  -1.497   0
   1.43834496   3.251   1.293  -0.200  -1.671   0
   1.43843639   3.256   1.222  -0.301  -1.808   0
   1.43851542   3.224   1.177  -0.369  -1.935   0
   1.43858075   3.118   1.143  -0.410  -2.052   0
   1.43863750   3.001   1.115  -0.442  -2.167   0
   1.43868768   2.877   1.091  -0.469  -2.276   2
   1.43872476   2.750   1.081  -0.478  -2.373   0
   1.43875265   2.713   1.110  -0.463  -2.478   0
   1.43877447   2.686   1.158  -0.428  -2.575   0
   1.43879342   2.632   1.171  -0.425  -2.685   0
   1.43880904   2.602   1.230  -0.376  -2.776   0
   1.43882406   2.628   1.352  -0.243  -2.813   0
   1.43883920   2.682   1.516  -0.065  -2.829   0
   1.43885422   2.746   1.694   0.129  -2.838   0
   1.43886971   2.841   1.915   0.367  -2.824   0
   1.43888867   2.948   2.150   0.604  -2.793   0
   1.43890798   3.073   2.409   0.864  -2.745   0
   1.43892813   3.184   2.654   1.111  -2.712   1
   1.43894136   3.284   2.896   1.345  -2.681   0
   1.43894267   3.302   2.967   1.407  -2.683   0
   1.43894506   3.305   2.995   1.431  -2.689   0
   1.43894744   3.308   3.023   1.455  -2.695   0
   1.43894982   3.311   3.051   1.479  -2.701   0
   1.43895221   3.314   3.079   1.503  -2.707   0
   1.43895471   3.317   3.107   1.527  -2.714   0
   1.43895710   3.320   3.135   1.551  -2.720   0
   1.43895948   3.323   3.163   1.576  -2.726   0
   1.43896186   3.326   3.191   1.600  -2.732   0
   1.43896425   3.329   3.219   1.624  -2.738   0
   1.43896663   3.332   3.247   1.648  -2.744   0
   1.43896902   3.335   3.275   1.672  -2.750   0
   1.43897152   3.339   3.304   1.696  -2.756   0
   1.43897390   3.342   3.332   1.721  -2.763   0
   1.43897629   3.341   3.350   1.735  -2.775   0
   1.43897820   3.339   3.363   1.745  -2.786   0
   1.43898058   3.337   3.379   1.757  -2.800   0
   1.43898296   3.335   3.395   1.769  -2.815   0
   1.43898487   3.333   3.408   1.779  -2.826   0
   1.43898737   3.331   3.424   1.791  -2.840   0
   1.43898976   3.329   3.440   1.803  -2.854   0
   1.43899214   3.327   3.456   1.815  -2.868   0
   1.43899453   3.325   3.472   1.828  -2.882   0
   1.43899691   3.324   3.488   1.840  -2.896   0
   1.43899930   3.322   3.505   1.853  -2.910   0
   1.43900168   3.321   3.523   1.867  -2.923   0
   1.43900394   3.321   3.541   1.881  -2.935   0
   1.43900597   3.324   3.562   1.898  -2.944   0
   1.43900716   3.332   3.584   1.917  -2.945   0
   1.43900776   3.342   3.603   1.935  -2.941   0
   1.43900836   3.354   3.625   1.954  -2.937   0
   1.43900907   3.366   3.648   1.975  -2.932   0
   1.43900967   3.383   3.679   2.003  -2.924   0
   1.43901002   3.437   3.760   2.077  -2.903   0
