   0.15000001  16.271  14.706  13.108  10.517   0
   0.20000000  15.122  13.683  12.162   9.788   0
   0.25000000  14.448  13.057  11.570   9.305   0
   0.30000001  13.874  12.517  11.058   8.906   0
   0.34999999  13.412  12.071  10.636   8.604   0
   0.40000001  12.967  11.640  10.224   8.289   0
   0.44999999  12.551  11.233   9.840   8.012   0
   0.50000000  12.087  10.764   9.397   7.690   0
   0.55000001  11.593  10.262   8.924   7.349   0
   0.60000002  11.136   9.808   8.504   7.001   0
   0.60464388  11.085   9.758   8.458   6.964   0
   0.69999999  10.021   8.787   7.586   6.260   0
   0.72470838   9.689   8.504   7.339   6.066   0
   0.79122132   8.754   7.772   6.709   5.578   0
   0.80000001   8.630   7.677   6.628   5.516   0
   0.80596411   8.535   7.607   6.568   5.471   0
   0.85423470   7.790   7.053   6.097   5.113   0
   0.89413911   7.266   6.655   5.756   4.840   0
   0.89999998   7.193   6.598   5.707   4.800   0
   0.90704906   7.099   6.526   5.645   4.749   0
   0.92980665   6.799   6.294   5.446   4.586   0
   0.94942111   6.558   6.104   5.283   4.449   0
   0.96659732   6.355   5.942   5.143   4.331   0
   0.98189026   6.182   5.803   5.023   4.228   0
   0.99584764   6.033   5.681   4.917   4.136   0
   1.00000000   5.991   5.647   4.887   4.110   0
   1.00114012   5.978   5.636   4.877   4.102   0
   1.01511371   5.830   5.511   4.767   4.005   0
   1.02733684   5.707   5.404   4.672   3.921   0
   1.03800154   5.606   5.316   4.593   3.849   0
   1.04487395   5.548   5.264   4.546   3.807   0
   1.05226827   5.483   5.207   4.494   3.760   0
   1.06473064   5.384   5.118   4.413   3.685   0
   1.07228482   5.325   5.064   4.363   3.638   0
   1.08426726   5.223   4.971   4.277   3.559   0
   1.09418249   5.137   4.892   4.204   3.490   0
   1.10000002   5.087   4.845   4.160   3.450   0
   1.10224140   5.071   4.830   4.145   3.435   0
   1.14952862   4.652   4.416   3.740   3.037   0
   1.17637634   4.532   4.253   3.547   2.820   0
   1.19333327   4.635   4.266   3.498   2.717   3
   1.20000005   4.876   4.403   3.571   2.735   0
   1.20122743   4.938   4.440   3.593   2.745   0
   1.20477259   5.244   4.632   3.723   2.815   0
   1.20866835   5.541   4.803   3.831   2.860   4
   1.21399641   5.666   4.815   3.792   2.760   0
   1.21758664   5.603   4.709   3.664   2.611   0
   1.22067416   5.499   4.575   3.515   2.449   0
   1.22324848   5.383   4.436   3.366   2.290   0
   1.22548091   5.268   4.300   3.219   2.136   0
   1.22743201   5.161   4.169   3.076   1.983   0
   1.22921216   5.053   4.037   2.933   1.830   0
   1.23079419   4.942   3.902   2.787   1.674   0
   1.23213172   4.842   3.775   2.648   1.524   0
   1.23326159   4.741   3.649   2.510   1.376   0
   1.23429072   4.648   3.526   2.374   1.228   0
   1.23519766   4.564   3.408   2.242   1.082   0
   1.23603177   4.479   3.288   2.107   0.934   0
   1.23679662   4.396   3.168   1.970   0.783   0
   1.23745942   4.319   3.052   1.838   0.636   0
   1.23809421   4.242   2.936   1.705   0.489   0
   1.23891366   4.174   2.834   1.589   0.358   2
   1.23951972   4.210   2.906   1.676   0.461   0
   1.23998773   4.141   2.796   1.549   0.317   0
   1.24042094   4.084   2.695   1.430   0.179   0
   1.24089372   4.021   2.581   1.294   0.023   0
   1.24123240   3.970   2.481   1.175  -0.115   0
   1.24164236   3.913   2.359   1.028  -0.288   0
   1.24198735   3.862   2.245   0.889  -0.452   0
   1.24223840   3.824   2.150   0.771  -0.592   0
   1.24245787   3.781   2.060   0.661  -0.726   0
   1.24268091   3.741   1.964   0.541  -0.871   0
   1.24289751   3.716   1.868   0.416  -1.029   0
   1.24305761   3.692   1.785   0.309  -1.165   0
   1.24319720   3.675   1.707   0.206  -1.295   0
   1.24333572   3.643   1.618   0.091  -1.447   0
   1.24345589   3.550   1.586   0.050  -1.559   0
   1.24354661   3.460   1.548   0.006  -1.662   0
   1.24363804   3.348   1.508  -0.040  -1.780   0
   1.24371696   3.238   1.475  -0.077  -1.886   0
   1.24379480   3.105   1.442  -0.111  -2.001   0
   1.24385500   3.057   1.451  -0.115  -2.106   0
   1.24391448   3.010   1.462  -0.117  -2.219   0
   1.24397695   2.949   1.472  -0.120  -2.347   3
   1.24402535   2.905   1.505  -0.097  -2.452   0
   1.24407256   2.934   1.646   0.049  -2.498   0
   1.24411619   2.943   1.747   0.163  -2.549   0
   1.24415457   2.986   1.896   0.326  -2.574   0
   1.24418998   3.034   2.056   0.501  -2.598   0
   1.24421883   3.156   2.313   0.766  -2.558   0
   1.24424839   3.274   2.566   1.021  -2.519   0
   1.24427378   3.380   2.798   1.254  -2.486   0
   1.24429917   3.473   3.011   1.469  -2.463   0
   1.24431860   3.511   3.166   1.607  -2.469   0
   1.24433625   3.541   3.294   1.720  -2.476   2
   1.24433625   3.712   2.376   1.132  -0.075   1
   1.24446130   3.709   2.354   1.103  -0.111   0
   1.24467397   3.697   2.328   1.071  -0.149   0
   1.24484026   3.692   2.328   1.072  -0.146   0
   1.24522769   3.684   2.329   1.078  -0.136   0
   1.24561691   3.675   2.327   1.079  -0.131   0
   1.24601471   3.667   2.330   1.085  -0.121   0
   1.24641299   3.658   2.327   1.086  -0.117   0
   1.24681711   3.649   2.326   1.088  -0.111   0
   1.24722147   3.641   2.324   1.088  -0.109   0
   1.24763608   3.634   2.323   1.090  -0.105   0
   1.24806237   3.626   2.320   1.088  -0.104   0
   1.24848652   3.619   2.316   1.086  -0.104   0
   1.24890554   3.611   2.311   1.082  -0.108   0
   1.24925983   3.606   2.306   1.077  -0.112   0
   1.24932599   3.605   2.305   1.076  -0.113   0
   1.24975741   3.598   2.295   1.064  -0.125   0
   1.25019062   3.590   2.281   1.048  -0.144   0
   1.25085914   3.577   2.253   1.014  -0.183   0
   1.25122106   3.573   2.227   0.980  -0.226   0
   1.25146484   3.566   2.200   0.944  -0.270   0
   1.25204086   3.552   2.151   0.880  -0.349   0
   1.25230682   3.539   2.086   0.795  -0.456   0
   1.25242376   3.529   2.028   0.718  -0.553   0
   1.25248241   3.507   1.918   0.574  -0.734   0
   1.25249934   3.499   1.839   0.467  -0.869   0
   1.25250924   3.493   1.744   0.338  -1.035   0
   1.25251412   3.486   1.672   0.238  -1.167   0
   1.25251937   3.480   1.589   0.124  -1.318   0
   1.25252497   3.455   1.498   0.006  -1.466   0
   1.25253332   3.472   1.444  -0.077  -1.583   0
   1.25253594   3.470   1.442  -0.080  -1.586   0
   1.25255179   3.452   1.490  -0.004  -1.478   0
   1.25257933   3.477   1.566   0.092  -1.359   0
   1.25261247   3.476   1.580   0.112  -1.333   1
   1.25277400   3.456   1.485  -0.014  -1.493   0
   1.25284207   3.475   1.416  -0.118  -1.638   0
   1.25289190   3.393   1.377  -0.171  -1.767   0
   1.25292814   3.292   1.350  -0.204  -1.875   0
   1.25296104   3.173   1.321  -0.236  -1.989   0
   1.25299132   3.034   1.299  -0.260  -2.106   0
   1.25301564   2.945   1.319  -0.248  -2.217   0
   1.25303423   2.915   1.378  -0.206  -2.337   0
   1.25304568   2.865   1.394  -0.201  -2.444   0
   1.25305581   2.817   1.421  -0.182  -2.545   2
   1.25306511   2.865   1.585  -0.011  -2.572   0
   1.25307453   2.904   1.729   0.147  -2.602   0
   1.25308228   2.986   1.935   0.370  -2.598   0
   1.25309098   3.047   2.111   0.561  -2.612   0
   1.25309968   3.172   2.368   0.822  -2.565   0
   1.25310802   3.319   2.655   1.110  -2.499   0
   1.25311816   3.425   2.887   1.344  -2.465   0
   1.25312924   3.511   3.097   1.550  -2.446   0
   1.25313640   3.560   3.274   1.706  -2.443   0
   1.25313818   3.517   3.131   1.579  -2.449   1
   1.25313914   3.561   3.283   1.714  -2.444   0
   1.25313997   3.613   3.440   1.854  -2.431   0
   1.25314045   3.624   3.477   1.887  -2.430   0
   1.25314152   3.626   3.500   1.907  -2.435   0
   1.25314295   3.630   3.529   1.932  -2.441   0
   1.25314426   3.633   3.558   1.957  -2.447   0
   1.25314569   3.636   3.587   1.982  -2.454   0
   1.25314677   3.639   3.610   2.002  -2.459   0
   1.25314808   3.641   3.638   2.026  -2.466   0
   1.25314915   3.640   3.651   2.036  -2.477   0
   1.25315058   3.638   3.668   2.048  -2.492   0
   1.25315189   3.636   3.684   2.061  -2.506   0
   1.25315297   3.634   3.698   2.071  -2.518   0
   1.25315440   3.632   3.714   2.084  -2.533   0
   1.25315571   3.630   3.731   2.096  -2.547   0
   1.25315714   3.628   3.747   2.109  -2.562   0
   1.25315845   3.626   3.764   2.122  -2.576   0
   1.25315988   3.624   3.781   2.134  -2.590   0
   1.25316119   3.622   3.798   2.147  -2.605   0
   1.25316250   3.620   3.814   2.160  -2.619   0
   1.25316370   3.619   3.828   2.170  -2.631   0
   1.25316501   3.617   3.846   2.184  -2.645   0
   1.25316644   3.617   3.865   2.199  -2.658   0
   1.25316763   3.618   3.885   2.215  -2.670   0
   1.25316894   3.627   3.916   2.242  -2.676   0
   1.25316930   3.642   3.947   2.269  -2.671   0
   1.25316930   3.656   3.971   2.290  -2.664   0
   1.25316930   3.672   3.992   2.310  -2.660   0
   1.25316930   3.707   4.038   2.353  -2.651   0
