   0.15000001  16.288  14.720  13.120  10.527   0
   0.20000000  15.141  13.700  12.177   9.804   0
   0.25000000  14.474  13.081  11.592   9.325   0
   0.30000001  13.900  12.543  11.083   8.928   0
   0.34999999  13.435  12.094  10.657   8.622   0
   0.40000001  12.997  11.670  10.253   8.317   0
   0.44999999  12.575  11.257   9.863   8.029   0
   0.50000000  12.116  10.794   9.425   7.712   0
   0.55000001  11.632  10.301   8.960   7.380   0
   0.60000002  11.190   9.863   8.554   7.043   0
   0.69999999  10.126   8.880   7.669   6.327   0
   0.79300368   8.872   7.873   6.802   5.660   0
   0.80000001   8.780   7.802   6.741   5.613   0
   0.80464733   8.714   7.752   6.699   5.581   0
   0.89999998   7.493   6.831   5.911   4.968   0
   0.92116719   7.239   6.639   5.747   4.837   0
   0.97138178   6.668   6.203   5.376   4.537   0
   1.00000000   6.369   5.971   5.180   4.375   0
   1.00830364   6.285   5.905   5.123   4.327   0
   1.04596198   5.926   5.615   4.876   4.117   0
   1.07593048   5.664   5.398   4.690   3.959   0
   1.10000002   5.464   5.231   4.546   3.836   0
   1.11705756   5.319   5.108   4.440   3.744   0
   1.13589180   5.166   4.978   4.326   3.644   0
   1.15166211   5.048   4.874   4.235   3.565   0
   1.16500664   4.956   4.791   4.162   3.500   0
   1.16841340   4.932   4.770   4.143   3.484   0
   1.18327272   4.838   4.685   4.068   3.418   0
   1.20000005   4.737   4.592   3.985   3.344   0
   1.21506584   4.640   4.503   3.906   3.273   0
   1.25042892   4.435   4.314   3.735   3.118   0
   1.29297614   4.220   4.108   3.544   2.940   0
   1.29999995   4.187   4.076   3.513   2.911   0
   1.32132256   4.088   3.980   3.423   2.827   0
   1.38661408   3.822   3.714   3.164   2.574   1
   1.39999998   3.775   3.665   3.114   2.523   0
   1.44588077   3.625   3.503   2.946   2.348   0
   1.49355173   3.500   3.356   2.783   2.171   0
   1.50000000   3.487   3.339   2.762   2.148   0
   1.52512097   3.453   3.287   2.692   2.061   0
   1.55128348   3.432   3.243   2.625   1.975   0
   1.56312776   3.422   3.223   2.594   1.935   0
   1.57419610   3.404   3.196   2.559   1.892   0
   1.58221292   3.368   3.158   2.519   1.850   2
   1.58646584   3.323   3.116   2.481   1.816   0
   1.59027708   3.233   3.035   2.414   1.761   0
   1.59279644   3.039   2.869   2.284   1.664   0
   1.59348595   2.865   2.718   2.166   1.573   0
   1.59386325   2.667   2.539   2.021   1.461   1
   1.59397161   2.782   2.650   2.116   1.540   0
   1.59437037   2.935   2.745   2.145   1.510   0
   1.59612083   3.174   2.898   2.215   1.509   0
   1.59846449   3.463   3.103   2.348   1.582   0
   1.60000002   3.730   3.290   2.483   1.673   0
   1.60121179   3.972   3.464   2.613   1.765   0
   1.60274279   4.296   3.689   2.783   1.883   0
   1.60431600   4.538   3.834   2.876   1.928   4
   1.60678303   4.610   3.797   2.786   1.783   0
   1.60823262   4.546   3.684   2.650   1.624   0
   1.60950518   4.454   3.556   2.504   1.463   0
   1.61085498   4.340   3.405   2.337   1.281   0
   1.61209643   4.235   3.263   2.176   1.105   0
   1.61314809   4.144   3.138   2.036   0.950   0
   1.61416924   4.059   3.017   1.897   0.796   0
   1.61522293   3.980   2.892   1.753   0.633   0
   1.61618137   3.906   2.776   1.620   0.483   0
   1.61713195   3.826   2.655   1.481   0.328   0
   1.61804008   3.756   2.540   1.348   0.177   0
   1.61891735   3.686   2.424   1.211   0.022   0
   1.61975515   3.624   2.314   1.081  -0.127   0
   1.62056470   3.568   2.207   0.954  -0.275   0
   1.62153232   3.517   2.104   0.829  -0.421   0
   1.62208521   3.502   2.072   0.790  -0.467   2
   1.62292373   3.544   2.174   0.917  -0.314   0
   1.62329984   3.601   2.293   1.061  -0.145   0
   1.62364829   3.661   2.405   1.195   0.009   0
   1.62370479   3.662   2.408   1.199   0.014   1
   1.62439859   3.595   2.292   1.062  -0.142   0
   1.62519860   3.539   2.184   0.933  -0.291   0
   1.62598038   3.490   2.082   0.809  -0.437   0
   1.62678647   3.446   1.982   0.687  -0.583   0
   1.62754679   3.396   1.870   0.549  -0.745   0
   1.62825477   3.354   1.761   0.415  -0.905   0
   1.62886810   3.318   1.661   0.290  -1.056   0
   1.62939370   3.289   1.573   0.179  -1.191   0
   1.62992299   3.257   1.479   0.058  -1.342   0
   1.63037527   3.236   1.395  -0.052  -1.482   0
   1.63076568   3.218   1.316  -0.156  -1.613   0
   1.63114953   3.198   1.231  -0.268  -1.755   0
   1.63147795   3.172   1.142  -0.382  -1.896   0
   1.63176179   3.121   1.101  -0.439  -2.014   0
   1.63203704   3.023   1.063  -0.484  -2.126   0
   1.63225067   2.924   1.029  -0.523  -2.229   0
   1.63246214   2.811   0.990  -0.566  -2.339   0
   1.63264406   2.688   0.963  -0.595  -2.445   0
   1.63282156   2.595   0.957  -0.606  -2.550   3
   1.63299060   2.554   0.978  -0.598  -2.658   0
   1.63313627   2.517   1.009  -0.579  -2.759   0
   1.63326514   2.461   1.016  -0.581  -2.867   0
   1.63337910   2.429   1.067  -0.540  -2.955   0
   1.63349319   2.449   1.175  -0.420  -2.992   0
   1.63359237   2.488   1.312  -0.270  -3.017   0
   1.63367879   2.536   1.455  -0.114  -3.031   0
   1.63376749   2.607   1.638   0.084  -3.030   0
   1.63381803   2.636   1.725   0.177  -3.039   0
   1.63381803   3.394   2.196   1.009  -0.143   1
   1.63429868   3.386   2.173   0.980  -0.179   0
   1.63504481   3.376   2.154   0.957  -0.205   0
   1.63588834   3.373   2.156   0.961  -0.198   0
   1.63760591   3.363   2.153   0.961  -0.196   0
   1.63931715   3.354   2.148   0.958  -0.197   0
   1.64104295   3.345   2.146   0.958  -0.193   0
   1.64280069   3.335   2.141   0.955  -0.194   0
   1.64456737   3.326   2.136   0.953  -0.194   0
   1.64637148   3.315   2.130   0.949  -0.195   0
   1.64823055   3.305   2.124   0.944  -0.199   0
   1.65015399   3.293   2.116   0.937  -0.204   0
   1.65207314   3.284   2.107   0.929  -0.211   0
   1.65394056   3.271   2.095   0.917  -0.222   0
   1.65396392   3.271   2.095   0.917  -0.222   0
   1.65571392   3.259   2.082   0.904  -0.236   0
   1.65742874   3.247   2.066   0.886  -0.255   0
   1.65921664   3.240   2.048   0.863  -0.282   0
   1.65969205   3.238   2.042   0.855  -0.292   0
   1.66174650   3.226   2.014   0.820  -0.333   0
   1.66242886   3.215   1.990   0.792  -0.366   0
   1.66367912   3.206   1.960   0.753  -0.414   0
   1.66775978   3.162   1.835   0.596  -0.602   0
   1.66801512   3.144   1.766   0.504  -0.714   0
   1.66821265   3.119   1.661   0.369  -0.883   0
   1.66827285   3.101   1.585   0.269  -1.007   0
   1.66830873   3.080   1.489   0.144  -1.163   0
   1.66833067   3.067   1.401   0.027  -1.310   0
   1.66835284   3.055   1.313  -0.089  -1.456   0
   1.66839409   3.043   1.236  -0.194  -1.592   0
   1.66849339   3.054   1.309  -0.095  -1.463   0
   1.66874862   3.055   1.342  -0.049  -1.403   1
   1.66912210   3.043   1.269  -0.147  -1.529   0
   1.66954434   3.031   1.187  -0.259  -1.674   0
   1.66976905   3.022   1.099  -0.378  -1.831   0
   1.66994476   3.020   1.019  -0.490  -1.980   0
   1.67009342   3.021   0.939  -0.603  -2.129   0
   1.67021012   2.927   0.903  -0.648  -2.248   0
   1.67030227   2.823   0.879  -0.677  -2.355   0
   1.67037857   2.700   0.841  -0.719  -2.471   0
   1.67043436   2.568   0.827  -0.734  -2.579   0
   1.67048025   2.468   0.830  -0.737  -2.691   3
   1.67051148   2.454   0.899  -0.684  -2.784   0
   1.67054594   2.396   0.900  -0.692  -2.897   0
   1.67057896   2.341   0.919  -0.682  -3.005   0
   1.67060900   2.366   1.058  -0.542  -3.053   0
   1.67064238   2.367   1.141  -0.448  -3.105   0
   1.67068040   2.451   1.349  -0.224  -3.100   0
   1.67071939   2.496   1.498  -0.060  -3.124   0
   1.67074764   2.621   1.759   0.212  -3.081   0
   1.67077672   2.721   1.983   0.437  -3.053   1
   1.67078114   2.631   1.780   0.233  -3.079   0
   1.67078483   2.708   1.951   0.405  -3.056   0
   1.67078888   2.867   2.260   0.716  -2.983   0
   1.67079234   2.905   2.347   0.803  -2.974   0
   1.67079687   2.926   2.395   0.852  -2.969   0
   1.67080128   2.948   2.444   0.902  -2.963   0
   1.67080486   2.965   2.484   0.941  -2.959   0
   1.67080939   2.986   2.533   0.991  -2.954   1
   1.67081380   2.993   2.565   1.020  -2.958   0
   1.67081833   2.996   2.594   1.044  -2.965   0
   1.67082274   2.999   2.623   1.069  -2.971   0
   1.67082727   3.002   2.651   1.094  -2.977   0
   1.67083168   3.005   2.680   1.119  -2.984   0
   1.67083621   3.008   2.709   1.144  -2.990   0
   1.67083979   3.010   2.733   1.164  -2.995   0
   1.67084420   3.014   2.762   1.189  -3.002   0
   1.67084861   3.017   2.791   1.214  -3.008   0
   1.67085314   3.020   2.820   1.239  -3.015   0
   1.67085755   3.023   2.849   1.264  -3.021   0
   1.67086208   3.026   2.878   1.289  -3.028   0
   1.67086649   3.029   2.907   1.314  -3.034   0
   1.67087102   3.032   2.936   1.338  -3.040   0
   1.67087543   3.035   2.962   1.361  -3.046   0
   1.67087996   3.038   2.988   1.383  -3.051   0
   1.67088354   3.040   3.009   1.401  -3.056   0
   1.67088795   3.043   3.035   1.424  -3.062   0
   1.67089248   3.042   3.052   1.437  -3.074   0
   1.67089689   3.040   3.067   1.448  -3.087   0
   1.67090142   3.038   3.081   1.459  -3.100   0
   1.67090821   3.037   3.096   1.471  -3.111   0
   1.67091835   3.036   3.113   1.484  -3.126   0
   1.67092836   3.034   3.130   1.497  -3.140   0
   1.67093825   3.032   3.147   1.510  -3.154   0
   1.67094827   3.031   3.165   1.523  -3.168   0
   1.67095828   3.030   3.184   1.538  -3.182   0
   1.67096639   3.031   3.201   1.552  -3.192   0
   1.67097473   3.036   3.226   1.572  -3.201   0
   1.67097986   3.054   3.266   1.608  -3.196   0
   1.67098141   3.073   3.299   1.638  -3.187   0
   1.67098141   3.085   3.319   1.656  -3.181   0
   1.67098141   3.097   3.340   1.675  -3.174   0
   1.67098141   3.111   3.364   1.697  -3.167   0
   1.67098141   3.127   3.390   1.721  -3.158   0
   1.67098141   3.144   3.419   1.748  -3.148   0
   1.67098141   3.165   3.453   1.779  -3.137   0
   1.67098141   3.172   3.465   1.789  -3.133   0
