   0.15000001  16.299  14.729  13.128  10.532   0
   0.20000000  15.152  13.710  12.187   9.813   0
   0.25000000  14.489  13.095  11.606   9.338   0
   0.30000001  13.917  12.559  11.099   8.941   0
   0.34999999  13.449  12.107  10.670   8.634   0
   0.40000001  13.020  11.693  10.277   8.340   0
   0.44999999  12.598  11.280   9.886   8.051   0
   0.50000000  12.141  10.820   9.450   7.735   0
   0.55000001  11.659  10.329   8.987   7.404   0
   0.60000002  11.198   9.876   8.572   7.069   0
   0.69999999  10.166   8.922   7.712   6.371   0
   0.80000001   8.941   7.925   6.845   5.690   0
   0.89999998   7.678   6.974   6.035   5.069   0
   1.00000000   6.598   6.157   5.343   4.515   0
   1.10000002   5.730   5.467   4.759   4.029   0
   1.13626075   5.450   5.236   4.562   3.862   0
   1.20000005   5.004   4.855   4.239   3.588   0
   1.21380198   4.908   4.772   4.168   3.529   0
   1.29999995   4.386   4.311   3.774   3.196   0
   1.39999998   3.891   3.850   3.383   2.871   0
   1.50000000   3.468   3.438   3.032   2.587   0
   1.60000002   3.089   3.056   2.713   2.342   0
   1.70000005   2.751   2.701   2.420   2.132   0
   1.79999995   2.450   2.380   2.157   1.945   0
   1.89999998   2.175   2.093   1.925   1.777   0
   2.00000000   1.922   1.843   1.722   1.624   0
   2.09999990   1.682   1.618   1.536   1.479   0
   2.11950922   1.636   1.576   1.501   1.451   0
   2.20000005   1.457   1.420   1.369   1.339   0
   2.29999995   1.245   1.235   1.209   1.202   0
   2.50000000   0.856   0.908   0.921   0.946   0
   2.56280899   0.742   0.813   0.836   0.869   0
   2.87543988   0.203   0.366   0.425   0.483   0
   3.00000000  -0.003   0.194   0.263   0.327   0
   3.15086722  -0.240  -0.005   0.073   0.144   0
   3.35344386  -0.555  -0.279  -0.191  -0.113   0
   3.50000000  -0.787  -0.487  -0.394  -0.315   0
   3.53734469  -0.846  -0.541  -0.447  -0.367   0
   3.67910671  -1.077  -0.761  -0.664  -0.583   0
   3.79837227  -1.277  -0.962  -0.864  -0.786   1
   3.90012527  -1.456  -1.152  -1.055  -0.980   0
   3.98678184  -1.615  -1.332  -1.237  -1.168   0
   4.00000000  -1.640  -1.361  -1.268  -1.199   0
   4.06368113  -1.761  -1.508  -1.417  -1.355   0
   4.09576607  -1.824  -1.586  -1.499  -1.440   0
   4.12521362  -1.886  -1.660  -1.574  -1.518   0
   4.14461613  -1.933  -1.708  -1.622  -1.567   0
   4.15720749  -1.971  -1.734  -1.647  -1.590   0
   4.16697788  -2.013  -1.747  -1.655  -1.592   3
   4.17351675  -2.068  -1.738  -1.634  -1.560   0
   4.17533588  -2.114  -1.730  -1.618  -1.534   0
   4.17635965  -2.176  -1.734  -1.613  -1.519   0
   4.17645788  -2.157  -1.720  -1.600  -1.507   0
   4.17671013  -2.070  -1.680  -1.567  -1.482   0
   4.17698145  -2.091  -1.755  -1.651  -1.576   0
   4.17734575  -2.182  -1.903  -1.809  -1.746   0
   4.17769146  -2.231  -2.003  -1.917  -1.865   0
   4.17810249  -2.261  -2.091  -2.016  -1.977   0
   4.17856979  -2.274  -2.170  -2.108  -2.084   0
   4.17907190  -2.264  -2.232  -2.189  -2.185   0
   4.17960978  -2.227  -2.275  -2.262  -2.287   0
   4.17999506  -2.175  -2.280  -2.300  -2.357   0
   4.18037987  -2.101  -2.263  -2.325  -2.424   0
   4.18076468  -1.997  -2.209  -2.330  -2.487   3
   4.18115854  -1.862  -2.101  -2.305  -2.548   0
   4.18155193  -1.685  -1.923  -2.244  -2.602   0
   4.18174887  -1.570  -1.812  -2.198  -2.624   0
   4.18193626  -1.423  -1.682  -2.141  -2.638   0
   4.18213320  -1.234  -1.526  -2.071  -2.646   0
   4.18232059  -0.999  -1.348  -1.987  -2.644   0
   4.18250847  -0.701  -1.143  -1.883  -2.623   0
   4.18269587  -0.375  -0.930  -1.764  -2.578   0
   4.18306208   0.221  -0.538  -1.511  -2.433   0
   4.18342781   0.810  -0.149  -1.230  -2.244   0
   4.18360615   1.022  -0.025  -1.149  -2.202   4
   4.18397141   1.275   0.038  -1.166  -2.300   0
   4.18433619   1.349  -0.058  -1.331  -2.532   0
   4.18471956   1.370  -0.147  -1.462  -2.708   0
   4.18519354   1.388  -0.223  -1.573  -2.857   0
   4.18572235   1.391  -0.303  -1.685  -3.001   0
   4.18621397   1.394  -0.378  -1.788  -3.133   0
   4.18671513   1.389  -0.452  -1.889  -3.262   0
   4.18722486   1.374  -0.529  -1.992  -3.394   0
   4.18774366   1.389  -0.592  -2.085  -3.522   0
   4.18824387   1.388  -0.662  -2.183  -3.650   0
   4.18875265   1.394  -0.710  -2.252  -3.743   0
   4.18970680   1.413  -0.733  -2.292  -3.802   2
   4.19409513   1.385  -0.679  -2.206  -3.679   0
   4.19659662   1.361  -0.623  -2.118  -3.555   0
   4.19852781   1.352  -0.559  -2.025  -3.429   0
   4.20050716   1.348  -0.485  -1.919  -3.287   0
   4.20242739   1.348  -0.406  -1.809  -3.146   0
   4.20474243   1.345  -0.319  -1.690  -2.992   0
   4.20761585   1.335  -0.239  -1.576  -2.844   0
   4.21138382   1.316  -0.172  -1.476  -2.708   0
   4.21787310   1.258  -0.128  -1.393  -2.583   0
   4.22858334   1.114  -0.164  -1.386  -2.532   0
   4.31746864   0.790  -0.458  -1.667  -2.792   1
   4.39840317   1.010  -0.438  -1.727  -2.931   0
   4.40900135   1.119  -0.456  -1.793  -3.053   0
   4.41035271   1.156  -0.513  -1.885  -3.182   0
   4.41059399   1.164  -0.547  -1.934  -3.248   0
   4.41081381   1.191  -0.610  -2.031  -3.379   0
   4.41102695   1.202  -0.671  -2.120  -3.499   0
   4.41394043   1.224  -0.774  -2.273  -3.709   0
   4.41500187   1.243  -0.838  -2.371  -3.844   0
   4.41614723   1.265  -0.913  -2.482  -3.998   0
   4.41727686   1.163  -0.961  -2.545  -4.146   0
   4.41824341   1.000  -1.010  -2.596  -4.289   2
   4.41893435   0.849  -1.034  -2.618  -4.402   0
   4.41950512   0.690  -1.061  -2.641  -4.510   0
   4.41999817   0.605  -1.052  -2.636  -4.614   0
   4.42047644   0.550  -1.022  -2.616  -4.729   0
   4.42084932   0.493  -1.006  -2.606  -4.829   0
   4.42121506   0.436  -0.971  -2.576  -4.931   0
   4.42148924   0.413  -0.917  -2.520  -4.993   0
   4.42174959   0.446  -0.801  -2.393  -5.013   0
   4.42199564   0.478  -0.683  -2.263  -5.036   0
   4.42220640   0.547  -0.502  -2.067  -5.039   0
   4.42240286   0.605  -0.334  -1.884  -5.052   0
   4.42257166   0.690  -0.144  -1.691  -5.029   0
   4.42273998   0.693  -0.138  -1.685  -5.029   0
   4.42291546   0.655  -0.214  -1.761  -5.044   0
   4.42309809   0.843   0.172  -1.373  -4.971   4
   4.42312622   0.839   0.166  -1.378  -4.973   0
   4.42314768   0.878   0.244  -1.300  -4.958   0
   4.42317533   0.914   0.322  -1.222  -4.945   0
   4.42323875   0.988   0.473  -1.069  -4.916   0
   4.42326689   1.033   0.562  -0.980  -4.896   0
   4.42332745   1.053   0.619  -0.926  -4.896   0
   4.42340326   1.058   0.669  -0.882  -4.907   0
   4.42346382   1.062   0.710  -0.847  -4.916   0
   4.42353964   1.067   0.760  -0.804  -4.928   0
   4.42361403   1.073   0.810  -0.761  -4.939   0
   4.42368889   1.078   0.860  -0.718  -4.950   0
   4.42376328   1.082   0.893  -0.690  -4.957   0
   4.42383814   1.084   0.909  -0.676  -4.960   0
   4.42391253   1.085   0.919  -0.668  -4.962   0
   4.42398739   1.086   0.929  -0.659  -4.964   0
   4.42406178   1.087   0.938  -0.651  -4.966   0
   4.42413616   1.088   0.948  -0.643  -4.968   0
   4.42421103   1.089   0.957  -0.635  -4.970   0
   4.42427063   1.090   0.965  -0.628  -4.972   0
   4.42434549   1.091   0.975  -0.620  -4.974   0
   4.42442036   1.092   0.984  -0.612  -4.976   0
   4.42449474   1.093   0.994  -0.604  -4.978   0
   4.42455482   1.094   1.001  -0.597  -4.980   0
   4.42461443   1.095   1.009  -0.591  -4.981   0
   4.42503119   1.100   1.042  -0.562  -4.987   0
   4.42544603   1.104   1.074  -0.534  -4.992   0
   4.42572165   1.110   1.097  -0.514  -4.993   0
   4.42582607   1.113   1.107  -0.505  -4.992   0
   4.42587185   1.116   1.112  -0.501  -4.991   2
   4.42589283   1.117   1.114  -0.498  -4.990   0
   4.42590332   1.119   1.116  -0.496  -4.989   0
   4.42591333   1.120   1.118  -0.494  -4.988   0
   4.42592335   1.122   1.120  -0.493  -4.986   0
   4.42593288   1.124   1.122  -0.490  -4.985   0
   4.42594290   1.126   1.125  -0.488  -4.983   0
   4.42595243   1.129   1.129  -0.484  -4.980   0
   4.42596245   1.134   1.134  -0.479  -4.975   0
   4.42597198   1.141   1.141  -0.472  -4.968   0
   4.42598200   1.149   1.148  -0.465  -4.961   0
   4.42599201   1.156   1.156  -0.457  -4.953   0
   4.42600155   1.164   1.164  -0.449  -4.946   0
   4.42601156   1.172   1.172  -0.441  -4.937   0
   4.42602158   1.181   1.181  -0.432  -4.929   0
   4.42603111   1.190   1.190  -0.423  -4.919   0
   4.42604113   1.199   1.199  -0.414  -4.910   0
   4.42605066   1.210   1.209  -0.404  -4.899   0
   4.42606068   1.221   1.220  -0.393  -4.888   0
   4.42607021   1.232   1.232  -0.381  -4.876   0
   4.42608023   1.245   1.244  -0.369  -4.864   0
   4.42609024   1.259   1.258  -0.355  -4.850   0
   4.42609978   1.274   1.272  -0.341  -4.835   0
   4.42610979   1.290   1.288  -0.325  -4.818   0
   4.42611933   1.308   1.306  -0.307  -4.799   0
   4.42612934   1.329   1.326  -0.287  -4.778   0
   4.42614222   1.352   1.348  -0.264  -4.755   0
