   0.15000001  16.210  14.654  13.062  10.484   0
   0.20000000  15.055  13.623  12.106   9.734   0
   0.25000000  14.361  12.974  11.491   9.231   0
   0.30000001  13.779  12.424  10.967   8.829   0
   0.34999999  13.332  11.993  10.559   8.538   0
   0.40000001  12.920  11.595  10.182   8.259   0
   0.44999999  12.476  11.156   9.768   7.959   0
   0.50000000  11.980  10.654   9.293   7.617   0
   0.55000001  11.459  10.127   8.798   7.245   0
   0.56056869  11.304   9.974   8.659   7.135   0
   0.60000002  10.943   9.616   8.327   6.856   0
   0.61018908  10.819   9.493   8.214   6.764   0
   0.65052515  10.272   9.005   7.779   6.415   0
   0.68646652   9.758   8.559   7.386   6.103   0
   0.69999999   9.551   8.392   7.241   5.988   0
   0.72552180   9.072   8.019   6.920   5.741   0
   0.74969035   8.613   7.662   6.613   5.503   0
   0.77210540   8.197   7.344   6.336   5.284   0
   0.79309207   7.806   7.042   6.073   5.074   0
   0.80000001   7.680   6.943   5.987   5.004   0
   0.80198961   7.643   6.915   5.961   4.983   0
   0.81931382   7.314   6.655   5.734   4.793   0
   0.82814628   7.153   6.527   5.619   4.696   0
   0.83691603   6.994   6.397   5.503   4.595   0
   0.84738374   6.807   6.242   5.362   4.472   0
   0.85156131   6.732   6.179   5.305   4.421   0
   0.85675007   6.642   6.101   5.233   4.356   0
   0.86034685   6.580   6.047   5.182   4.309   0
   0.86479414   6.501   5.978   5.117   4.249   0
   0.88024789   6.266   5.753   4.898   4.036   0
   0.89265335   6.149   5.599   4.723   3.842   0
   0.89999998   6.199   5.566   4.649   3.726   0
   0.90019262   6.201   5.565   4.647   3.723   3
   0.90398252   6.391   5.634   4.656   3.669   0
   0.90572053   6.523   5.680   4.664   3.629   0
   0.90781528   6.588   5.652   4.595   3.512   0
   0.90933478   6.521   5.538   4.457   3.350   0
   0.91044468   6.411   5.403   4.310   3.192   0
   0.91133374   6.290   5.268   4.167   3.042   0
   0.91215825   6.166   5.128   4.019   2.888   0
   0.91291785   6.036   4.982   3.865   2.728   0
   0.91355759   5.911   4.840   3.715   2.572   0
   0.91412288   5.794   4.702   3.567   2.416   0
   0.91462243   5.676   4.564   3.421   2.263   0
   0.91506499   5.565   4.431   3.277   2.110   0
   0.91547596   5.454   4.297   3.132   1.957   0
   0.91582716   5.345   4.165   2.990   1.806   0
   0.91613770   5.242   4.036   2.849   1.656   0
   0.91641259   5.144   3.907   2.708   1.504   0
   0.91665685   5.051   3.784   2.571   1.356   0
   0.91688335   4.964   3.663   2.436   1.208   0
   0.91709709   4.886   3.550   2.307   1.065   0
   0.91733783   4.806   3.436   2.179   0.922   0
   0.91743517   4.792   3.419   2.160   0.903   2
   0.91766334   4.841   3.510   2.269   1.030   0
   0.91781873   4.766   3.395   2.138   0.882   0
   0.91797161   4.692   3.283   2.009   0.738   0
   0.91811550   4.616   3.160   1.867   0.576   0
   0.91826200   4.549   3.040   1.726   0.416   0
   0.91836703   4.489   2.931   1.598   0.269   0
   0.91847599   4.435   2.821   1.465   0.114   0
   0.91856688   4.377   2.711   1.334  -0.038   0
   0.91864473   4.321   2.602   1.202  -0.196   0
   0.91872263   4.267   2.499   1.077  -0.345   0
   0.91877979   4.235   2.412   0.968  -0.479   0
   0.91883820   4.213   2.327   0.857  -0.619   0
   0.91888756   4.183   2.229   0.730  -0.777   0
   0.91893041   4.145   2.154   0.634  -0.911   0
   0.91896683   4.048   2.102   0.574  -1.032   0
   0.91899413   3.957   2.071   0.535  -1.138   0
   0.91902655   3.848   2.031   0.489  -1.257   0
   0.91905385   3.731   1.989   0.442  -1.375   0
   0.91907728   3.602   1.952   0.403  -1.492   0
   0.91909808   3.554   1.961   0.397  -1.610   0
   0.91911626   3.499   1.962   0.384  -1.730   3
   0.91913313   3.451   1.980   0.389  -1.844   0
   0.91914874   3.394   1.998   0.396  -1.966   0
   0.91916305   3.387   2.080   0.480  -2.034   0
   0.91917348   3.436   2.235   0.649  -2.053   0
   0.91918516   3.470   2.371   0.799  -2.083   0
   0.91919422   3.520   2.523   0.965  -2.099   0
   0.91920334   3.599   2.720   1.172  -2.093   0
   0.91921115   3.690   2.927   1.381  -2.071   0
   0.91921896   3.810   3.180   1.636  -2.028   0
   0.91922545   3.937   3.446   1.904  -1.982   1
   0.91923195   3.998   3.630   2.075  -1.975   0
   0.91923720   4.034   3.786   2.213  -1.983   0
   0.91924369   4.086   3.981   2.385  -1.983   0
   0.91924757   4.129   4.144   2.528  -1.990   0
   0.91925275   4.157   4.270   2.633  -2.027   0
   0.91925669   4.189   4.385   2.730  -2.051   2
   0.91925669   3.939   2.577   1.322   0.114   1
   0.91928089   3.947   2.556   1.290   0.069   0
   0.91933721   3.938   2.526   1.251   0.022   0
   0.91936362   3.933   2.523   1.250   0.022   0
   0.91944814   3.915   2.526   1.260   0.042   0
   0.91953367   3.895   2.525   1.268   0.059   0
   0.91962075   3.877   2.522   1.269   0.067   0
   0.91970915   3.861   2.521   1.275   0.079   0
   0.91979855   3.848   2.522   1.282   0.092   0
   0.91989011   3.830   2.519   1.285   0.102   0
   0.91998410   3.813   2.516   1.288   0.110   0
   0.92007858   3.802   2.515   1.291   0.117   0
   0.92017186   3.791   2.512   1.291   0.122   0
   0.92026275   3.784   2.510   1.291   0.123   0
   0.92035598   3.776   2.504   1.286   0.120   0
   0.92044854   3.769   2.500   1.283   0.118   0
   0.92045087   3.771   2.500   1.282   0.116   0
   0.92055994   3.764   2.484   1.262   0.093   0
   0.92067730   3.762   2.465   1.237   0.061   0
   0.92081785   3.761   2.433   1.192   0.004   0
   0.92087924   3.758   2.406   1.156  -0.041   0
   0.92101103   3.751   2.353   1.083  -0.132   0
   0.92108738   3.751   2.284   0.988  -0.257   0
   0.92111790   3.752   2.231   0.913  -0.356   0
   0.92113256   3.768   2.135   0.775  -0.539   0
   0.92113674   3.784   2.058   0.662  -0.689   0
   0.92113918   3.805   1.972   0.533  -0.870   0
   0.92114013   3.806   1.911   0.445  -0.987   0
   0.92114133   3.816   1.838   0.338  -1.134   0
   0.92114270   3.851   1.766   0.224  -1.298   0
   0.92114449   3.779   1.743   0.190  -1.405   0
   0.92114508   3.765   1.742   0.188  -1.420   0
   0.92114955   3.845   1.747   0.199  -1.331   0
   0.92116445   3.820   1.799   0.282  -1.210   0
   0.92116827   3.817   1.799   0.284  -1.207   1
   0.92120755   3.827   1.738   0.188  -1.355   0
   0.92122346   3.718   1.723   0.166  -1.470   0
   0.92123622   3.590   1.706   0.145  -1.590   0
   0.92124540   3.459   1.684   0.121  -1.700   0
   0.92125261   3.354   1.701   0.137  -1.792   0
   0.92125928   3.350   1.796   0.213  -1.891   0
   0.92126489   3.286   1.806   0.212  -2.019   0
   0.92126846   3.245   1.849   0.246  -2.119   0
   0.92127126   3.287   2.005   0.408  -2.149   0
   0.92127395   3.338   2.161   0.578  -2.166   0
   0.92127627   3.425   2.374   0.809  -2.161   0
   0.92127824   3.545   2.633   1.085  -2.129   0
   0.92128074   3.638   2.846   1.300  -2.106   0
   0.92128301   3.835   3.209   1.665  -2.006   0
   0.92128539   3.923   3.419   1.876  -1.988   1
   0.92128795   4.003   3.635   2.080  -1.970   0
   0.92129052   4.051   3.815   2.239  -1.971   0
   0.92129308   4.132   4.050   2.450  -1.946   0
   0.92129570   4.197   4.245   2.622  -1.944   0
   0.92129821   4.228   4.375   2.731  -1.980   0
   0.92129898   4.271   4.518   2.852  -2.003   0
   0.92129910   4.279   4.549   2.879  -2.010   0
   0.92129982   4.281   4.582   2.905  -2.030   0
   0.92130029   4.297   4.621   2.938  -2.044   0
