   0.15000001  16.249  14.687  13.091  10.505   0
   0.20000000  15.098  13.661  12.142   9.769   0
   0.25000000  14.415  13.027  11.542   9.278   0
   0.30000001  13.839  12.483  11.025   8.878   0
   0.34999999  13.383  12.043  10.608   8.580   0
   0.40000001  12.948  11.623  10.208   8.277   0
   0.44999999  12.521  11.202   9.811   7.990   0
   0.50000000  12.049  10.725   9.360   7.663   0
   0.55000001  11.545  10.213   8.878   7.311   0
   0.60000002  11.075   9.747   8.447   6.953   0
   0.60089833  11.065   9.737   8.437   6.946   0
   0.66888183  10.253   8.989   7.765   6.404   0
   0.69999999   9.873   8.658   7.473   6.170   0
   0.73268384   9.357   8.246   7.117   5.897   0
   0.77153945   8.707   7.745   6.692   5.574   0
   0.80000001   8.276   7.416   6.407   5.351   0
   0.81768417   8.023   7.218   6.233   5.210   0
   0.84456474   7.590   6.890   5.950   4.987   0
   0.86869341   7.223   6.608   5.708   4.790   0
   0.89058858   6.897   6.356   5.488   4.610   0
   0.89999998   6.764   6.251   5.397   4.533   0
   0.90106279   6.749   6.238   5.386   4.524   0
   0.91387123   6.561   6.085   5.252   4.408   0
   0.92583531   6.391   5.945   5.128   4.299   0
   0.93143421   6.319   5.884   5.073   4.250   0
   0.93682307   6.246   5.822   5.017   4.200   0
   0.94383138   6.155   5.744   4.947   4.137   0
   0.94718301   6.112   5.706   4.913   4.105   0
   0.95177495   6.053   5.655   4.865   4.062   0
   0.95467001   6.014   5.622   4.835   4.034   0
   0.95608366   6.000   5.609   4.823   4.024   0
   1.00000000   5.527   5.170   4.405   3.625   0
   1.00396526   5.483   5.127   4.363   3.584   0
   1.02292573   5.337   4.947   4.164   3.368   0
   1.03594625   5.383   4.905   4.069   3.227   3
   1.04263401   5.675   5.049   4.134   3.216   0
   1.04617631   5.955   5.191   4.208   3.220   0
   1.04973662   6.084   5.199   4.161   3.108   0
   1.05205095   6.021   5.085   4.023   2.946   0
   1.05372596   5.914   4.953   3.879   2.791   0
   1.05525088   5.793   4.811   3.725   2.628   0
   1.05650747   5.676   4.675   3.581   2.476   0
   1.05757153   5.569   4.547   3.444   2.330   0
   1.05856907   5.454   4.411   3.296   2.174   0
   1.05937922   5.351   4.285   3.160   2.029   0
   1.06013930   5.243   4.155   3.021   1.881   0
   1.06079757   5.141   4.030   2.884   1.735   0
   1.06142259   5.034   3.897   2.740   1.582   0
   1.06194091   4.942   3.778   2.608   1.439   0
   1.06238818   4.854   3.659   2.477   1.295   0
   1.06279993   4.772   3.544   2.347   1.153   0
   1.06317604   4.692   3.431   2.220   1.014   0
   1.06351197   4.614   3.319   2.094   0.876   0
   1.06385255   4.542   3.212   1.973   0.740   0
   1.06424284   4.484   3.129   1.878   0.634   2
   1.06463182   4.534   3.219   1.986   0.761   0
   1.06465054   4.535   3.222   1.989   0.765   0
   1.06490958   4.468   3.121   1.874   0.636   0
   1.06516361   4.400   3.013   1.749   0.493   0
   1.06544375   4.320   2.879   1.592   0.315   0
   1.06569016   4.254   2.759   1.451   0.152   0
   1.06586409   4.204   2.661   1.333   0.015   0
   1.06604326   4.157   2.558   1.208  -0.131   0
   1.06619918   4.110   2.453   1.081  -0.280   0
   1.06633162   4.066   2.360   0.966  -0.419   0
   1.06646681   4.013   2.251   0.833  -0.579   0
   1.06658125   3.979   2.156   0.713  -0.728   0
   1.06667733   3.954   2.062   0.590  -0.883   0
   1.06676066   3.930   1.972   0.474  -1.028   0
   1.06683350   3.908   1.892   0.370  -1.161   0
   1.06689584   3.816   1.843   0.313  -1.275   0
   1.06695056   3.723   1.816   0.278  -1.383   0
   1.06700516   3.614   1.775   0.231  -1.502   0
   1.06705201   3.496   1.735   0.186  -1.619   0
   1.06709361   3.370   1.701   0.150  -1.732   0
   1.06713271   3.308   1.704   0.140  -1.851   0
   1.06716132   3.263   1.715   0.138  -1.960   0
   1.06719780   3.201   1.727   0.136  -2.096   3
   1.06722116   3.160   1.755   0.153  -2.193   0
   1.06724727   3.142   1.830   0.230  -2.276   0
   1.06726801   3.179   1.968   0.381  -2.304   0
   1.06728625   3.222   2.111   0.538  -2.325   0
   1.06730711   3.278   2.286   0.729  -2.345   0
   1.06732273   3.385   2.521   0.974  -2.317   0
   1.06733572   3.461   2.701   1.155  -2.301   0
   1.06734872   3.561   2.921   1.377  -2.270   0
   1.06736183   3.687   3.183   1.640  -2.223   1
   1.06737220   3.747   3.352   1.802  -2.216   0
   1.06738257   3.782   3.513   1.942  -2.226   0
   1.06739306   3.831   3.692   2.101  -2.226   0
   1.06740081   3.877   3.855   2.245  -2.223   0
   1.06740344   3.879   3.876   2.263  -2.228   2
   1.06740344   3.876   2.495   1.233   0.010   1
   1.06745827   3.868   2.465   1.195  -0.039   0
   1.06756461   3.867   2.447   1.169  -0.072   0
   1.06762755   3.861   2.444   1.167  -0.072   0
   1.06780064   3.846   2.446   1.176  -0.055   0
   1.06797516   3.836   2.446   1.180  -0.046   0
   1.06815171   3.826   2.443   1.180  -0.042   0
   1.06833112   3.817   2.444   1.185  -0.032   0
   1.06851304   3.809   2.444   1.188  -0.026   0
   1.06869459   3.800   2.443   1.191  -0.019   0
   1.06888235   3.789   2.441   1.193  -0.013   0
   1.06907034   3.780   2.439   1.193  -0.010   0
   1.06925678   3.771   2.436   1.192  -0.008   0
   1.06944311   3.763   2.432   1.190  -0.009   0
   1.06962883   3.759   2.427   1.185  -0.013   0
   1.06967187   3.755   2.425   1.184  -0.014   0
   1.06982064   3.752   2.419   1.176  -0.023   0
   1.07002819   3.747   2.407   1.162  -0.039   0
   1.07024240   3.743   2.390   1.139  -0.068   0
   1.07051039   3.734   2.358   1.097  -0.119   0
   1.07060659   3.729   2.337   1.070  -0.152   0
   1.07094121   3.718   2.288   1.005  -0.234   0
   1.07103014   3.706   2.209   0.901  -0.366   0
   1.07106817   3.699   2.149   0.820  -0.469   0
   1.07109356   3.690   2.046   0.681  -0.647   0
   1.07110095   3.694   1.970   0.575  -0.784   0
   1.07110524   3.692   1.883   0.452  -0.950   0
   1.07110727   3.691   1.815   0.356  -1.077   0
   1.07110977   3.680   1.726   0.236  -1.234   0
   1.07111263   3.695   1.649   0.121  -1.393   0
   1.07111669   3.669   1.616   0.072  -1.485   0
   1.07112551   3.691   1.669   0.150  -1.352   0
   1.07115400   3.673   1.715   0.222  -1.249   1
   1.07122672   3.689   1.648   0.122  -1.388   0
   1.07125890   3.647   1.604   0.058  -1.512   0
   1.07128489   3.533   1.576   0.023  -1.635   0
   1.07130384   3.419   1.555  -0.002  -1.744   0
   1.07131851   3.302   1.533  -0.026  -1.846   0
   1.07133222   3.191   1.545  -0.017  -1.950   0
   1.07134354   3.158   1.586   0.008  -2.060   0
   1.07135189   3.125   1.630   0.040  -2.164   0
   1.07135832   3.078   1.658   0.057  -2.269   0
   1.07136273   3.099   1.784   0.183  -2.317   0
   1.07136798   3.136   1.928   0.341  -2.348   0
   1.07137239   3.194   2.096   0.524  -2.361   0
   1.07137680   3.260   2.282   0.726  -2.371   0
   1.07138062   3.403   2.569   1.022  -2.316   0
   1.07138455   3.566   2.883   1.339  -2.241   0
   1.07138884   3.680   3.126   1.582  -2.202   1
   1.07139361   3.774   3.344   1.799  -2.177   0
   1.07139826   3.824   3.529   1.963  -2.175   0
   1.07140326   3.886   3.731   2.143  -2.164   0
   1.07140696   3.976   3.975   2.362  -2.132   0
   1.07140899   4.029   4.143   2.505  -2.157   0
   1.07140923   4.070   4.277   2.620  -2.178   0
   1.07140946   4.156   4.472   2.791  -2.168   0
   1.07141006   4.188   4.537   2.846  -2.215   0
   1.07141244   4.206   4.586   2.885  -2.270   0
   1.07141244   4.225   4.611   2.909  -2.266   0
   1.07141244   4.252   4.647   2.942  -2.260   0
