   0.15000001  16.294  14.725  13.125  10.530   0
   0.20000000  15.148  13.706  12.183   9.809   0
   0.25000000  14.483  13.089  11.600   9.332   0
   0.30000001  13.910  12.552  11.092   8.936   0
   0.34999999  13.443  12.102  10.665   8.629   0
   0.40000001  13.011  11.684  10.267   8.331   0
   0.44999999  12.589  11.270   9.876   8.042   0
   0.50000000  12.130  10.808   9.439   7.724   0
   0.55000001  11.647  10.317   8.975   7.392   0
   0.60000002  11.199   9.874   8.567   7.058   0
   0.69178039  10.250   8.988   7.765   6.405   0
   0.69999999  10.165   8.914   7.699   6.352   0
   0.70278281  10.129   8.883   7.672   6.330   0
   0.80000001   8.868   7.867   6.795   5.652   0
   0.89999998   7.596   6.910   5.979   5.023   0
   0.95480269   6.970   6.438   5.576   4.702   0
   1.00000000   6.507   6.083   5.278   4.459   0
   1.07297790   5.840   5.552   4.827   4.082   0
   1.10000002   5.620   5.371   4.674   3.953   0
   1.13021100   5.380   5.171   4.503   3.807   0
   1.17206144   5.073   4.909   4.278   3.614   0
   1.20000005   4.888   4.746   4.137   3.493   0
   1.21543598   4.780   4.650   4.054   3.423   0
   1.24588776   4.580   4.471   3.899   3.289   0
   1.25514746   4.521   4.419   3.855   3.251   0
   1.29004884   4.327   4.245   3.704   3.121   0
   1.29999995   4.276   4.197   3.662   3.085   0
   1.39999998   3.786   3.733   3.256   2.735   0
   1.50000000   3.357   3.313   2.884   2.413   0
   1.50796175   3.325   3.282   2.856   2.389   0
   1.60000002   2.986   2.937   2.543   2.111   0
   1.61930239   2.916   2.866   2.479   2.056   0
   1.70000005   2.645   2.588   2.221   1.820   0
   1.71037757   2.610   2.553   2.188   1.791   0
   1.78500569   2.384   2.317   1.963   1.576   1
   1.79999995   2.342   2.274   1.919   1.531   0
   1.84916937   2.206   2.131   1.775   1.386   0
   1.89999998   2.084   2.001   1.633   1.232   0
   1.90473187   2.073   1.989   1.620   1.218   0
   1.95280206   1.976   1.883   1.495   1.071   0
   1.99449849   1.913   1.812   1.396   0.940   0
   2.00000000   1.906   1.804   1.383   0.922   0
   2.02998042   1.880   1.766   1.319   0.829   0
   2.04575706   1.870   1.747   1.285   0.780   0
   2.06053972   1.851   1.721   1.246   0.730   0
   2.07140851   1.815   1.682   1.205   0.686   2
   2.07723236   1.766   1.635   1.166   0.654   0
   2.08260870   1.661   1.540   1.097   0.612   0
   2.08618355   1.463   1.347   0.970   0.558   0
   2.08715868   1.294   1.174   0.857   0.514   0
   2.08766603   1.106   0.973   0.720   0.455   1
   2.08776259   1.187   1.059   0.788   0.502   0
   2.08788300   1.327   1.208   0.890   0.547   0
   2.08806944   1.372   1.252   0.882   0.477   0
   2.08844256   1.435   1.303   0.863   0.382   3
   2.08854485   1.463   1.322   0.866   0.369   0
   2.08917570   1.608   1.437   0.907   0.336   0
   2.09007192   1.825   1.596   0.988   0.348   0
   2.09093738   2.055   1.764   1.091   0.395   0
   2.09186244   2.342   1.977   1.236   0.483   0
   2.09256601   2.615   2.179   1.384   0.587   0
   2.09325695   2.912   2.399   1.550   0.708   0
   2.09417605   3.277   2.655   1.741   0.843   0
   2.09488058   3.489   2.789   1.832   0.895   4
   2.09639049   3.573   2.756   1.740   0.747   0
   2.09750199   3.523   2.637   1.590   0.566   0
   2.09851623   3.446   2.504   1.429   0.380   0
   2.09933519   3.376   2.385   1.288   0.220   0
   2.09999990   3.317   2.286   1.170   0.086   0
   2.10082126   3.250   2.168   1.030  -0.075   0
   2.10175180   3.172   2.034   0.873  -0.255   0
   2.10251784   3.115   1.927   0.744  -0.404   0
   2.10329700   3.060   1.814   0.607  -0.564   0
   2.10403013   3.010   1.704   0.472  -0.722   0
   2.10470319   2.964   1.601   0.347  -0.868   0
   2.10535312   2.925   1.502   0.223  -1.017   0
   2.10597992   2.890   1.406   0.102  -1.165   0
   2.10657620   2.856   1.309  -0.019  -1.311   0
   2.10715699   2.825   1.216  -0.136  -1.452   0
   2.10774422   2.805   1.129  -0.248  -1.590   0
   2.10849619   2.788   1.044  -0.360  -1.730   0
   2.10866237   2.786   1.036  -0.370  -1.742   2
   2.10927558   2.817   1.187  -0.173  -1.497   0
   2.10946298   2.838   1.273  -0.062  -1.360   0
   2.10951757   2.866   1.361   0.049  -1.225   0
   2.10954094   2.903   1.471   0.188  -1.056   0
   2.10956454   2.949   1.595   0.344  -0.867   0
   2.10958791   2.987   1.687   0.459  -0.732   0
   2.10964274   3.040   1.809   0.608  -0.557   0
   2.10972095   3.088   1.913   0.736  -0.406   0
   2.10984635   3.133   2.008   0.852  -0.270   0
   2.11009789   3.194   2.121   0.987  -0.113   0
   2.11054754   3.248   2.226   1.113   0.035   0
   2.11222625   3.298   2.315   1.221   0.158   4
   2.18748188   3.076   2.109   1.022  -0.030   0
   2.20000005   3.035   2.067   0.979  -0.073   0
   2.24101901   2.898   1.922   0.830  -0.222   0
   2.28092527   2.769   1.767   0.663  -0.398   0
   2.29976034   2.708   1.653   0.525  -0.556   0
   2.29999995   2.707   1.651   0.521  -0.561   0
   2.30726242   2.678   1.565   0.413  -0.694   0
   2.30954146   2.658   1.479   0.299  -0.835   0
   2.31012273   2.632   1.386   0.178  -0.982   0
   2.31032467   2.612   1.299   0.064  -1.122   0
   2.31038117   2.594   1.245  -0.004  -1.204   0
   2.31046963   2.558   1.140  -0.136  -1.363   0
   2.31055021   2.532   1.044  -0.261  -1.518   0
   2.31063867   2.508   0.944  -0.390  -1.678   0
   2.31180453   2.527   1.025  -0.286  -1.548   1
   2.31518912   2.501   0.930  -0.407  -1.697   0
   2.31597304   2.483   0.840  -0.525  -1.842   0
   2.31656480   2.471   0.753  -0.639  -1.985   0
   2.31705999   2.464   0.672  -0.749  -2.127   0
   2.31751513   2.443   0.579  -0.872  -2.283   0
   2.31782651   2.430   0.503  -0.975  -2.416   0
   2.31804991   2.443   0.441  -1.067  -2.544   0
   2.31825709   2.447   0.360  -1.181  -2.694   0
   2.31843257   2.389   0.311  -1.247  -2.820   0
   2.31856036   2.286   0.286  -1.277  -2.925   0
   2.31867981   2.168   0.260  -1.306  -3.032   0
   2.31880736   2.035   0.217  -1.350  -3.148   2
   2.31891108   1.902   0.220  -1.344  -3.239   0
   2.31902242   1.893   0.301  -1.279  -3.325   0
   2.31915808   1.826   0.291  -1.298  -3.444   0
   2.31929350   1.762   0.288  -1.309  -3.555   0
   2.31943679   1.712   0.320  -1.285  -3.657   0
   2.31955624   1.754   0.468  -1.129  -3.681   0
   2.31958008   1.711   0.315  -1.289  -3.656   0
   2.31959605   1.762   0.490  -1.105  -3.681   0
   2.31961203   1.789   0.611  -0.971  -3.715   0
   2.31961274   1.788   0.605  -0.978  -3.712   0
   2.31962180   1.800   0.647  -0.932  -3.719   0
   2.31962967   1.810   0.676  -0.901  -3.722   0
   2.31963921   1.822   0.711  -0.862  -3.725   0
   2.31964874   1.833   0.747  -0.823  -3.729   0
   2.31965828   1.845   0.783  -0.784  -3.733   0
   2.31966805   1.857   0.818  -0.745  -3.736   0
   2.31967759   1.869   0.854  -0.706  -3.740   0
   2.31968522   1.878   0.883  -0.675  -3.743   0
   2.31969285   1.887   0.911  -0.644  -3.746   0
   2.31970239   1.899   0.947  -0.605  -3.749   0
   2.31971192   1.911   0.982  -0.566  -3.753   0
   2.31972146   1.930   1.027  -0.520  -3.749   0
   2.31973076   1.950   1.074  -0.473  -3.744   0
   2.31973839   1.967   1.111  -0.436  -3.740   0
   2.31974745   1.987   1.158  -0.389  -3.735   1
   2.31975675   2.007   1.205  -0.342  -3.730   0
   2.31976604   2.028   1.252  -0.295  -3.725   0
   2.31977534   2.048   1.298  -0.247  -3.720   0
   2.31978464   2.069   1.345  -0.200  -3.715   0
   2.31979394   2.089   1.392  -0.153  -3.710   0
   2.31980324   2.108   1.435  -0.110  -3.705   0
   2.31981254   2.127   1.479  -0.066  -3.700   0
   2.31982183   2.146   1.522  -0.022  -3.695   0
   2.31984925   2.165   1.564   0.020  -3.689   0
   2.31988096   2.186   1.611   0.067  -3.684   0
   2.31991243   2.206   1.657   0.114  -3.679   0
   2.31994367   2.227   1.704   0.161  -3.674   0
   2.31997490   2.247   1.751   0.208  -3.668   0
   2.32000589   2.268   1.798   0.255  -3.663   0
   2.32003665   2.285   1.841   0.298  -3.660   1
   2.32006717   2.288   1.868   0.322  -3.666   0
   2.32009745   2.291   1.896   0.345  -3.672   0
   2.32012749   2.294   1.923   0.369  -3.678   0
   2.32015753   2.297   1.951   0.393  -3.684   0
   2.32018709   2.300   1.979   0.417  -3.690   0
   2.32021666   2.303   2.007   0.441  -3.696   0
   2.32024598   2.306   2.034   0.464  -3.701   0
   2.32027531   2.310   2.062   0.488  -3.707   0
   2.32030416   2.313   2.090   0.512  -3.713   0
   2.32033277   2.316   2.118   0.536  -3.719   0
   2.32036138   2.319   2.146   0.560  -3.725   0
   2.32038975   2.323   2.173   0.584  -3.731   0
   2.32041788   2.326   2.201   0.608  -3.736   0
   2.32044554   2.329   2.229   0.632  -3.742   0
   2.32047343   2.332   2.257   0.656  -3.748   0
   2.32050085   2.336   2.286   0.681  -3.753   0
   2.32052803   2.339   2.314   0.705  -3.759   0
   2.32055521   2.342   2.340   0.727  -3.766   0
   2.32058191   2.341   2.357   0.740  -3.779   0
   2.32060719   2.340   2.374   0.754  -3.792   0
   2.32063007   2.341   2.392   0.768  -3.802   0
   2.32065105   2.346   2.415   0.787  -3.809   0
   2.32066035   2.354   2.434   0.804  -3.809   0
   2.32066417   2.364   2.453   0.821  -3.805   0
   2.32066560   2.373   2.469   0.835  -3.800   2
   2.32066655   2.382   2.484   0.850  -3.795   0
   2.32066774   2.392   2.501   0.865  -3.790   0
   2.32066870   2.403   2.519   0.881  -3.784   0
   2.32066965   2.414   2.539   0.899  -3.778   0
   2.32067084   2.427   2.559   0.918  -3.771   0
   2.32067180   2.440   2.582   0.939  -3.764   0
   2.32067275   2.455   2.607   0.961  -3.755   0
   2.32067394   2.472   2.634   0.986  -3.746   0
   2.32067490   2.490   2.665   1.014  -3.736   0
   2.32067585   2.511   2.699   1.046  -3.724   0
   2.32067633   2.519   2.713   1.059  -3.719   0
