   0.15000001  16.294  14.725  13.125  10.530   0
   0.20000000  15.147  13.705  12.183   9.809   0
   0.25000000  14.482  13.088  11.600   9.332   0
   0.30000001  13.909  12.551  11.092   8.935   0
   0.34999999  13.442  12.101  10.664   8.629   0
   0.40000001  13.009  11.682  10.266   8.329   0
   0.44999999  12.587  11.269   9.875   8.041   0
   0.50000000  12.128  10.807   9.437   7.723   0
   0.55000001  11.645  10.315   8.973   7.391   0
   0.60000002  11.199   9.874   8.566   7.057   0
   0.66843593  10.495   9.204   7.956   6.558   0
   0.69999999  10.161   8.911   7.696   6.349   0
   0.80000001   8.859   7.861   6.790   5.648   0
   0.89999998   7.585   6.902   5.972   5.017   0
   0.93853843   7.140   6.566   5.685   4.789   0
   1.00000000   6.494   6.072   5.269   4.451   0
   1.05571818   5.972   5.658   4.917   4.157   0
   1.10000002   5.605   5.358   4.662   3.942   0
   1.11489654   5.485   5.258   4.577   3.869   0
   1.15617990   5.166   4.990   4.346   3.672   0
   1.18741226   4.953   4.802   4.184   3.533   0
   1.20000005   4.871   4.729   4.121   3.479   0
   1.20465875   4.838   4.700   4.096   3.457   0
   1.23484039   4.633   4.517   3.937   3.320   0
   1.24401808   4.573   4.464   3.891   3.280   0
   1.27514887   4.393   4.303   3.752   3.160   0
   1.29999995   4.262   4.181   3.645   3.068   0
   1.39999998   3.774   3.717   3.237   2.713   0
   1.42867970   3.643   3.592   3.127   2.617   0
   1.50000000   3.346   3.300   2.864   2.385   0
   1.55945444   3.123   3.073   2.657   2.200   0
   1.60000002   2.983   2.929   2.521   2.074   0
   1.64616227   2.824   2.766   2.370   1.935   0
   1.70000005   2.655   2.592   2.199   1.768   0
   1.71837592   2.598   2.532   2.141   1.713   1
   1.77866244   2.428   2.354   1.960   1.530   0
   1.79999995   2.376   2.298   1.899   1.463   0
   1.83127308   2.298   2.215   1.810   1.365   0
   1.87639511   2.205   2.114   1.689   1.222   0
   1.89999998   2.170   2.072   1.631   1.147   0
   1.91644132   2.149   2.044   1.592   1.096   0
   1.95153141   2.119   1.995   1.513   0.988   0
   1.96746051   2.106   1.974   1.477   0.938   0
   1.98235369   2.083   1.944   1.435   0.886   0
   1.99301660   2.043   1.902   1.392   0.840   2
   1.99870515   1.994   1.854   1.351   0.806   0
   2.00000000   1.969   1.831   1.333   0.795   0
   2.00347209   1.899   1.767   1.286   0.763   0
   2.00672841   1.688   1.574   1.156   0.697   0
   2.00761676   1.511   1.399   1.038   0.645   0
   2.00807905   1.319   1.197   0.899   0.581   1
   2.00817442   1.401   1.285   0.970   0.631   0
   2.00829339   1.550   1.439   1.075   0.678   0
   2.00847793   1.601   1.482   1.067   0.612   0
   2.00884652   1.680   1.535   1.052   0.528   3
   2.00894761   1.703   1.553   1.056   0.518   0
   2.00960350   1.852   1.661   1.097   0.497   0
   2.01053452   2.046   1.805   1.173   0.513   0
   2.01143408   2.276   1.971   1.279   0.568   0
   2.01239538   2.550   2.175   1.420   0.657   0
   2.01312637   2.823   2.374   1.568   0.762   0
   2.01384425   3.099   2.579   1.725   0.878   0
   2.01479912   3.451   2.826   1.911   1.010   0
   2.01553082   3.629   2.934   1.980   1.044   4
   2.01710439   3.721   2.912   1.901   0.910   0
   2.01826239   3.668   2.796   1.755   0.735   0
   2.01931906   3.592   2.664   1.597   0.553   0
   2.02017212   3.521   2.548   1.459   0.397   0
   2.02105188   3.437   2.418   1.307   0.227   0
   2.02191210   3.364   2.294   1.161   0.059   0
   2.02283263   3.288   2.160   1.003  -0.123   0
   2.02367139   3.219   2.037   0.857  -0.291   0
   2.02435565   3.163   1.932   0.732  -0.436   0
   2.02508378   3.113   1.822   0.597  -0.593   0
   2.02572560   3.066   1.720   0.473  -0.738   0
   2.02634954   3.024   1.623   0.353  -0.881   0
   2.02693319   2.988   1.528   0.234  -1.024   0
   2.02747655   2.954   1.437   0.120  -1.162   0
   2.02806377   2.921   1.341   0.000  -1.307   0
   2.02863884   2.893   1.251  -0.114  -1.445   0
   2.02939653   2.877   1.175  -0.213  -1.567   2
   2.02991223   2.891   1.253  -0.110  -1.439   0
   2.03010845   2.917   1.338  -0.003  -1.308   0
   2.03027272   2.951   1.447   0.135  -1.140   0
   2.03041577   3.029   1.663   0.407  -0.811   0
   2.03061128   3.087   1.800   0.577  -0.611   0
   2.03176975   3.088   1.813   0.594  -0.590   0
   2.03200579   3.127   1.899   0.700  -0.465   0
   2.03202152   3.170   1.982   0.800  -0.349   0
   2.03203726   3.199   2.049   0.882  -0.252   0
   2.03206348   3.236   2.122   0.970  -0.148   0
   2.03210521   3.272   2.190   1.053  -0.052   0
   2.03219438   3.313   2.265   1.142   0.051   0
   2.03241920   3.356   2.343   1.234   0.158   0
   2.03299308   3.392   2.406   1.310   0.245   4
   2.08233380   3.231   2.247   1.153   0.091   0
   2.09999990   3.179   2.199   1.106   0.048   0
   2.10477519   3.164   2.185   1.093   0.035   0
   2.15709472   2.980   1.996   0.901  -0.156   0
   2.19212770   2.861   1.851   0.743  -0.322   0
   2.20000005   2.833   1.804   0.687  -0.385   0
   2.21048403   2.796   1.733   0.602  -0.485   0
   2.21717310   2.762   1.638   0.480  -0.633   0
   2.21859622   2.738   1.549   0.365  -0.774   0
   2.21908092   2.713   1.460   0.249  -0.915   0
   2.21927500   2.690   1.370   0.132  -1.058   0
   2.21933722   2.672   1.309   0.054  -1.153   0
   2.21941876   2.633   1.197  -0.088  -1.324   0
   2.21949363   2.606   1.097  -0.216  -1.483   0
   2.21959567   2.582   0.998  -0.344  -1.641   0
   2.21995592   2.601   1.078  -0.242  -1.514   1
   2.22360778   2.576   0.997  -0.343  -1.638   0
   2.22449899   2.556   0.895  -0.476  -1.802   0
   2.22512507   2.545   0.796  -0.607  -1.967   0
   2.22553349   2.536   0.725  -0.705  -2.094   0
   2.22592139   2.516   0.634  -0.825  -2.248   0
   2.22615981   2.491   0.553  -0.929  -2.377   0
   2.22636390   2.517   0.495  -1.021  -2.508   0
   2.22652745   2.524   0.424  -1.123  -2.644   0
   2.22667027   2.447   0.386  -1.172  -2.758   0
   2.22679281   2.343   0.360  -1.202  -2.862   0
   2.22690868   2.224   0.330  -1.236  -2.971   0
   2.22703123   2.092   0.296  -1.270  -3.083   0
   2.22714686   1.961   0.293  -1.272  -3.184   0
   2.22725582   1.959   0.380  -1.201  -3.270   0
   2.22738528   1.889   0.364  -1.226  -3.388   0
   2.22750092   1.824   0.358  -1.239  -3.498   0
   2.22765088   1.783   0.409  -1.196  -3.596   2
   2.22778010   1.832   0.566  -1.029  -3.614   0
   2.22779369   1.844   0.637  -0.949  -3.640   0
   2.22780252   1.856   0.673  -0.910  -3.644   0
   2.22781134   1.868   0.709  -0.871  -3.647   0
   2.22782016   1.880   0.745  -0.832  -3.651   0
   2.22782898   1.892   0.781  -0.793  -3.655   0
   2.22783756   1.904   0.817  -0.753  -3.658   0
   2.22784472   1.913   0.846  -0.722  -3.661   0
   2.22785354   1.925   0.882  -0.682  -3.665   0
   2.22786212   1.937   0.918  -0.643  -3.669   0
   2.22787094   1.949   0.954  -0.604  -3.672   0
   2.22787905   1.960   0.989  -0.565  -3.676   0
   2.22788596   1.970   1.018  -0.534  -3.679   0
   2.22789407   1.981   1.053  -0.495  -3.682   0
   2.22790241   2.001   1.098  -0.449  -3.679   1
   2.22790909   2.017   1.136  -0.412  -3.675   0
   2.22791743   2.037   1.183  -0.364  -3.669   0
   2.22792578   2.058   1.230  -0.317  -3.664   0
   2.22793245   2.074   1.267  -0.279  -3.660   0
   2.22794080   2.095   1.314  -0.232  -3.655   0
   2.22794914   2.115   1.361  -0.185  -3.650   0
   2.22795749   2.136   1.408  -0.137  -3.645   0
   2.22796583   2.156   1.455  -0.090  -3.640   0
   2.22797251   2.173   1.493  -0.052  -3.636   0
   2.22798085   2.193   1.540  -0.005  -3.631   0
   2.22798920   2.210   1.579   0.034  -3.626   0
   2.22800922   2.228   1.618   0.074  -3.621   0
   2.22803640   2.249   1.665   0.121  -3.616   0
   2.22806358   2.269   1.711   0.168  -3.611   0
   2.22809076   2.290   1.758   0.215  -3.605   0
   2.22811747   2.310   1.805   0.262  -3.600   0
   2.22814441   2.331   1.852   0.309  -3.595   0
   2.22817087   2.351   1.899   0.357  -3.590   1
   2.22819734   2.357   1.929   0.384  -3.594   0
   2.22822356   2.360   1.957   0.407  -3.600   0
   2.22824955   2.363   1.984   0.431  -3.606   0
   2.22827554   2.366   2.012   0.455  -3.612   0
   2.22830129   2.369   2.040   0.479  -3.618   0
   2.22832680   2.372   2.067   0.503  -3.624   0
   2.22835207   2.375   2.095   0.526  -3.630   0
   2.22837734   2.379   2.123   0.550  -3.635   0
   2.22840238   2.382   2.151   0.574  -3.641   0
   2.22842741   2.385   2.179   0.598  -3.647   0
   2.22845197   2.388   2.206   0.622  -3.653   0
   2.22847652   2.391   2.234   0.646  -3.659   0
   2.22850084   2.395   2.262   0.670  -3.665   0
   2.22852492   2.398   2.290   0.695  -3.670   0
   2.22854924   2.401   2.318   0.719  -3.676   0
   2.22857285   2.405   2.347   0.743  -3.682   0
   2.22859669   2.408   2.375   0.767  -3.687   0
   2.22862005   2.412   2.403   0.791  -3.693   0
   2.22864318   2.411   2.421   0.806  -3.705   0
   2.22866654   2.410   2.438   0.819  -3.719   0
   2.22868657   2.409   2.454   0.832  -3.730   0
   2.22870541   2.411   2.472   0.846  -3.739   0
   2.22872233   2.417   2.495   0.866  -3.745   0
   2.22872829   2.423   2.511   0.879  -3.745   0
   2.22873044   2.430   2.524   0.891  -3.742   0
   2.22873235   2.437   2.537   0.902  -3.739   0
   2.22873402   2.445   2.550   0.915  -3.735   0
   2.22873569   2.454   2.566   0.929  -3.730   0
   2.22873759   2.464   2.582   0.944  -3.725   0
   2.22873926   2.477   2.605   0.964  -3.718   0
   2.22874093   2.492   2.630   0.988  -3.710   0
   2.22874284   2.509   2.659   1.014  -3.700   0
   2.22874451   2.529   2.692   1.044  -3.689   0
   2.22874618   2.552   2.730   1.079  -3.676   0
   2.22874808   2.579   2.774   1.119  -3.661   0
   2.22874832   2.584   2.783   1.127  -3.658   0
