   0.15000001  16.297  14.727  13.127  10.531   0
   0.20000000  15.150  13.708  12.185   9.811   0
   0.25000000  14.486  13.092  11.603   9.335   0
   0.30000001  13.914  12.556  11.096   8.939   0
   0.34999999  13.446  12.105  10.668   8.632   0
   0.40000001  13.016  11.689  10.272   8.336   0
   0.44999999  12.594  11.275   9.881   8.047   0
   0.50000000  12.135  10.814   9.445   7.730   0
   0.55000001  11.653  10.323   8.981   7.398   0
   0.60000002  11.199   9.875   8.569   7.064   0
   0.69999999  10.165   8.918   7.706   6.362   0
   0.80000001   8.899   7.890   6.814   5.665   0
   0.89999998   7.633   6.940   6.005   5.045   0
   1.00000000   6.555   6.121   5.312   4.488   0
   1.06964600   5.920   5.619   4.886   4.133   0
   1.10000002   5.672   5.416   4.715   3.990   0
   1.14394689   5.330   5.134   4.474   3.785   0
   1.20000005   4.947   4.802   4.190   3.543   0
   1.22049212   4.811   4.683   4.087   3.456   0
   1.27078617   4.492   4.401   3.846   3.250   0
   1.29999995   4.334   4.257   3.722   3.145   0
   1.30171609   4.325   4.249   3.715   3.139   0
   1.37091064   3.978   3.925   3.438   2.907   0
   1.39999998   3.839   3.794   3.325   2.811   0
   1.50000000   3.412   3.377   2.964   2.511   0
   1.60000002   3.025   2.989   2.630   2.240   0
   1.64200282   2.877   2.834   2.499   2.138   0
   1.70000005   2.682   2.629   2.322   1.998   0
   1.79999995   2.372   2.301   2.039   1.772   0
   1.82163501   2.308   2.233   1.980   1.725   0
   1.89999998   2.084   1.995   1.770   1.550   0
   1.96605146   1.901   1.802   1.599   1.406   0
   2.00000000   1.810   1.708   1.514   1.332   0
   2.08103085   1.598   1.489   1.316   1.154   0
   2.09999990   1.550   1.440   1.270   1.110   0
   2.17849326   1.350   1.234   1.078   0.932   0
   2.20000005   1.297   1.180   1.026   0.881   0
   2.26514959   1.140   1.018   0.868   0.725   1
   2.29999995   1.060   0.935   0.783   0.637   0
   2.33674788   0.979   0.849   0.695   0.543   0
   2.39468527   0.862   0.723   0.554   0.385   0
   2.44483614   0.773   0.627   0.436   0.239   0
   2.48857164   0.706   0.559   0.338   0.106   0
   2.50000000   0.688   0.541   0.311   0.069   0
   2.51046038   0.671   0.524   0.286   0.036   0
   2.52989173   0.632   0.483   0.234  -0.028   0
   2.54186177   0.594   0.444   0.194  -0.068   2
   2.55127263   0.540   0.387   0.150  -0.099   0
   2.55781960   0.460   0.301   0.096  -0.119   0
   2.56216621   0.307   0.153   0.014  -0.132   0
   2.56335998   0.170   0.035  -0.053  -0.145   0
   2.56399179   0.011  -0.078  -0.121  -0.169   1
   2.56408858   0.065  -0.031  -0.083  -0.139   0
   2.56421804   0.194   0.069  -0.013  -0.098   0
   2.56442118   0.245   0.094  -0.031  -0.163   0
   2.56471562   0.240   0.070  -0.102  -0.285   0
   2.56512833   0.270   0.104  -0.131  -0.383   0
   2.56525135   0.285   0.120  -0.133  -0.404   3
   2.56565785   0.344   0.184  -0.121  -0.453   0
   2.56614137   0.435   0.275  -0.092  -0.494   0
   2.56669402   0.565   0.396  -0.043  -0.523   0
   2.56729889   0.749   0.552   0.030  -0.532   0
   2.56793332   0.993   0.738   0.130  -0.508   0
   2.56858230   1.294   0.959   0.265  -0.446   0
   2.56923032   1.656   1.225   0.445  -0.336   0
   2.56965780   1.924   1.422   0.589  -0.235   0
   2.57028818   2.336   1.723   0.816  -0.069   0
   2.57113075   2.716   1.966   0.982   0.029   4
   2.57199383   2.827   1.956   0.914  -0.094   0
   2.57268095   2.814   1.871   0.795  -0.245   0
   2.57339048   2.770   1.766   0.661  -0.404   0
   2.57415104   2.724   1.655   0.521  -0.571   0
   2.57481003   2.684   1.556   0.398  -0.718   0
   2.57556939   2.629   1.435   0.249  -0.894   0
   2.57634616   2.576   1.310   0.094  -1.077   0
   2.57698250   2.539   1.210  -0.031  -1.225   0
   2.57768869   2.495   1.098  -0.171  -1.391   0
   2.57829094   2.457   1.003  -0.289  -1.533   0
   2.57883334   2.429   0.914  -0.401  -1.669   0
   2.57937074   2.403   0.826  -0.514  -1.808   0
   2.57991171   2.382   0.736  -0.630  -1.950   0
   2.58043766   2.368   0.651  -0.741  -2.088   0
   2.58090830   2.360   0.590  -0.822  -2.190   2
   2.58134842   2.371   0.672  -0.713  -2.053   0
   2.58184099   2.383   0.750  -0.610  -1.925   0
   2.58244300   2.397   0.836  -0.497  -1.784   0
   2.58318901   2.427   0.934  -0.373  -1.632   0
   2.58394504   2.460   1.040  -0.238  -1.468   0
   2.58465385   2.496   1.145  -0.105  -1.307   0
   2.58550882   2.534   1.268   0.053  -1.117   0
   2.58621860   2.564   1.358   0.168  -0.979   0
   2.58719206   2.609   1.468   0.304  -0.816   0
   2.58835459   2.649   1.566   0.425  -0.671   0
   2.59027386   2.686   1.665   0.553  -0.517   0
   2.59322691   2.711   1.749   0.664  -0.382   0
   2.59530830   2.713   1.770   0.694  -0.344   1
   2.66296577   2.539   1.575   0.489  -0.555   0
   2.74103498   2.332   1.350   0.255  -0.793   0
   2.79102612   2.234   1.201   0.082  -0.984   0
   2.81047034   2.216   1.126  -0.018  -1.108   0
   2.82057452   2.214   1.041  -0.137  -1.261   0
   2.82184839   2.204   0.973  -0.229  -1.376   0
   2.82232356   2.188   0.895  -0.331  -1.502   0
   2.82251239   2.168   0.826  -0.420  -1.610   0
   2.82254148   2.163   0.810  -0.441  -1.635   0
   2.82265401   2.146   0.727  -0.550  -1.770   0
   2.82275414   2.126   0.646  -0.657  -1.902   0
   2.82289720   2.109   0.558  -0.771  -2.044   0
   2.82355928   2.120   0.622  -0.687  -1.940   1
   2.82796645   2.098   0.472  -0.886  -2.189   0
   2.82902360   2.086   0.355  -1.041  -2.384   0
   2.82983398   2.064   0.242  -1.189  -2.570   0
   2.83042240   2.073   0.163  -1.305  -2.728   0
   2.83088303   2.073   0.085  -1.415  -2.874   0
   2.83131433   2.085   0.011  -1.523  -3.020   0
   2.83171296   2.073  -0.054  -1.618  -3.164   0
   2.83203959   1.957  -0.083  -1.652  -3.280   0
   2.83225012   1.868  -0.103  -1.673  -3.361   0
   2.83241796   1.785  -0.118  -1.690  -3.431   0
   2.83255410   1.701  -0.130  -1.701  -3.496   0
   2.83268142   1.618  -0.140  -1.710  -3.557   0
   2.83279490   1.530  -0.140  -1.711  -3.631   3
   2.83291960   1.481  -0.124  -1.706  -3.743   0
   2.83304954   1.415  -0.105  -1.699  -3.876   0
   2.83321214   1.334  -0.065  -1.669  -4.033   0
   2.83337975   1.360   0.099  -1.495  -4.089   0
   2.83354497   1.415   0.281  -1.295  -4.116   1
   2.83357644   1.420   0.280  -1.298  -4.107   0
   2.83359289   1.434   0.334  -1.238  -4.119   0
   2.83360672   1.471   0.425  -1.140  -4.117   0
   2.83363056   1.496   0.531  -1.023  -4.144   0
   2.83364367   1.506   0.561  -0.989  -4.147   0
   2.83365440   1.515   0.586  -0.962  -4.149   0
   2.83366752   1.531   0.625  -0.923  -4.146   0
   2.83368063   1.548   0.665  -0.882  -4.142   1
   2.83369374   1.566   0.706  -0.842  -4.137   0
   2.83370686   1.584   0.746  -0.801  -4.133   0
   2.83371997   1.601   0.786  -0.760  -4.129   0
   2.83373308   1.619   0.827  -0.719  -4.124   0
   2.83374619   1.637   0.868  -0.678  -4.120   0
   2.83375931   1.655   0.909  -0.637  -4.116   0
   2.83377266   1.673   0.950  -0.596  -4.111   0
   2.83378577   1.690   0.991  -0.555  -4.107   0
   2.83379889   1.708   1.032  -0.513  -4.102   0
   2.83381152   1.726   1.072  -0.473  -4.098   2
   2.83382440   1.743   1.112  -0.433  -4.094   0
   2.83383441   1.757   1.144  -0.400  -4.090   0
   2.83384728   1.775   1.184  -0.360  -4.086   0
   2.83385992   1.792   1.224  -0.319  -4.081   0
   2.83387017   1.806   1.256  -0.287  -4.078   0
   2.83391070   1.848   1.350  -0.193  -4.067   0
   2.83395791   1.886   1.440  -0.103  -4.058   0
   2.83400464   1.891   1.464  -0.082  -4.061   0
   2.83405137   1.893   1.486  -0.063  -4.065   0
   2.83409739   1.895   1.508  -0.044  -4.070   0
   2.83414340   1.898   1.530  -0.025  -4.075   0
   2.83418894   1.900   1.552  -0.006  -4.080   0
   2.83423424   1.903   1.574   0.013  -4.084   0
   2.83427930   1.905   1.596   0.032  -4.089   0
   2.83432388   1.908   1.618   0.051  -4.094   0
   2.83436823   1.910   1.640   0.070  -4.098   0
   2.83441234   1.913   1.662   0.089  -4.103   0
   2.83445597   1.915   1.684   0.108  -4.108   0
   2.83449936   1.918   1.706   0.127  -4.112   0
   2.83454227   1.920   1.729   0.146  -4.117   0
   2.83458495   1.923   1.751   0.165  -4.122   0
   2.83462739   1.926   1.773   0.184  -4.126   0
   2.83466959   1.928   1.795   0.203  -4.131   0
   2.83471131   1.931   1.817   0.222  -4.135   0
   2.83475280   1.933   1.839   0.241  -4.140   0
   2.83479381   1.936   1.861   0.260  -4.144   0
   2.83483458   1.939   1.883   0.279  -4.149   0
   2.83487511   1.942   1.906   0.299  -4.153   0
   2.83491468   1.946   1.930   0.320  -4.156   0
   2.83494973   1.949   1.949   0.336  -4.161   0
   2.83498263   1.951   1.966   0.350  -4.168   0
   2.83500218   1.957   1.982   0.363  -4.169   0
   2.83501005   1.965   1.997   0.377  -4.166   0
   2.83501363   1.973   2.012   0.391  -4.162   0
   2.83501506   1.981   2.026   0.403  -4.158   0
   2.83501673   1.990   2.040   0.417  -4.153   1
   2.83501840   1.999   2.056   0.431  -4.148   0
   2.83502007   2.009   2.073   0.446  -4.142   0
   2.83502150   2.020   2.090   0.462  -4.137   0
   2.83502316   2.031   2.109   0.480  -4.130   0
   2.83502483   2.044   2.130   0.499  -4.123   0
   2.83502626   2.057   2.152   0.519  -4.115   0
   2.83502793   2.072   2.176   0.541  -4.107   0
   2.83502936   2.088   2.203   0.565  -4.098   0
   2.83503103   2.107   2.233   0.593  -4.087   0
   2.83503270   2.128   2.268   0.625  -4.075   0
   2.83503413   2.139   2.286   0.641  -4.068   0
