   0.15000001  16.293  14.724  13.124  10.529   0
   0.20000000  15.146  13.705  12.182   9.808   0
   0.25000000  14.481  13.087  11.599   9.331   0
   0.30000001  13.908  12.550  11.091   8.934   0
   0.34999999  13.441  12.100  10.663   8.628   0
   0.40000001  13.008  11.681  10.264   8.328   0
   0.44999999  12.586  11.268   9.873   8.039   0
   0.50000000  12.126  10.805   9.436   7.721   0
   0.55000001  11.643  10.313   8.971   7.389   0
   0.55347013  11.599  10.270   8.932   7.358   0
   0.60000002  11.199   9.873   8.565   7.055   0
   0.64587927  10.740   9.419   8.147   6.711   0
   0.69999999  10.157   8.907   7.693   6.347   0
   0.80000001   8.849   7.854   6.784   5.644   0
   0.89999998   7.573   6.893   5.964   5.011   0
   0.92255121   7.309   6.694   5.794   4.875   0
   1.00000000   6.478   6.059   5.258   4.442   0
   1.03873610   6.105   5.766   5.008   4.233   0
   1.09346592   5.642   5.387   4.686   3.961   0
   1.10000002   5.589   5.343   4.649   3.930   0
   1.14051354   5.264   5.072   4.416   3.731   0
   1.17132270   5.042   4.879   4.249   3.588   0
   1.19591510   4.879   4.734   4.124   3.480   0
   1.20000005   4.853   4.711   4.104   3.463   0
   1.22389102   4.687   4.563   3.975   3.351   0
   1.23298740   4.625   4.508   3.927   3.309   0
   1.26042104   4.463   4.362   3.801   3.200   0
   1.29999995   4.245   4.163   3.626   3.048   0
   1.34324682   4.029   3.958   3.445   2.890   0
   1.39999998   3.762   3.702   3.217   2.689   0
   1.49683535   3.347   3.298   2.853   2.363   0
   1.50000000   3.335   3.286   2.842   2.353   0
   1.50277615   3.324   3.275   2.832   2.344   0
   1.58464479   3.033   2.976   2.549   2.081   0
   1.60000002   2.982   2.924   2.499   2.031   0
   1.65398014   2.807   2.742   2.322   1.860   1
   1.70000005   2.674   2.603   2.178   1.711   0
   1.71226943   2.639   2.566   2.140   1.672   0
   1.76187837   2.511   2.430   1.994   1.513   0
   1.79999995   2.441   2.346   1.890   1.392   0
   1.80497420   2.432   2.335   1.877   1.376   0
   1.84265125   2.381   2.267   1.783   1.258   0
   1.87564540   2.350   2.219   1.707   1.154   0
   1.89059901   2.336   2.197   1.672   1.106   0
   1.89999998   2.321   2.178   1.646   1.072   0
   1.90477180   2.316   2.169   1.633   1.056   0
   1.91501737   2.277   2.128   1.590   1.012   2
   1.92060077   2.226   2.080   1.549   0.976   0
   1.92544997   2.132   1.992   1.481   0.928   0
   1.92865622   1.927   1.808   1.351   0.852   0
   1.92952561   1.745   1.634   1.232   0.791   0
   1.92998254   1.541   1.431   1.089   0.718   1
   1.93008149   1.636   1.529   1.167   0.773   0
   1.93020451   1.787   1.677   1.268   0.819   0
   1.93046021   1.852   1.721   1.251   0.739   0
   1.93102503   1.967   1.798   1.256   0.674   0
   1.93201005   2.164   1.939   1.322   0.675   0
   1.93315828   2.405   2.112   1.428   0.723   0
   1.93419087   2.656   2.297   1.555   0.800   0
   1.93524480   2.984   2.537   1.731   0.924   0
   1.93602955   3.247   2.732   1.880   1.034   0
   1.93706346   3.582   2.968   2.059   1.162   0
   1.93785393   3.768   3.083   2.134   1.201   4
   1.93925142   3.856   3.082   2.087   1.111   0
   1.94027030   3.849   3.018   1.997   0.995   0
   1.94126725   3.788   2.913   1.871   0.848   0
   1.94200110   3.737   2.829   1.771   0.734   0
   1.94279480   3.676   2.730   1.654   0.601   0
   1.94345009   3.618   2.642   1.552   0.487   0
   1.94418371   3.554   2.542   1.435   0.356   0
   1.94484079   3.506   2.459   1.336   0.243   0
   1.94541967   3.458   2.379   1.243   0.135   0
   1.94604373   3.408   2.293   1.142   0.019   0
   1.94658792   3.365   2.215   1.049  -0.088   0
   1.94713831   3.324   2.137   0.955  -0.197   0
   1.94763553   3.284   2.062   0.865  -0.302   0
   1.94810498   3.245   1.989   0.778  -0.402   0
   1.94856083   3.210   1.918   0.693  -0.500   0
   1.94902742   3.178   1.848   0.607  -0.600   0
   1.94967055   3.144   1.773   0.515  -0.708   0
   1.94975173   3.141   1.767   0.508  -0.717   2
   1.95015979   3.150   1.797   0.547  -0.669   0
   1.95030761   3.166   1.837   0.596  -0.610   0
   1.95044494   3.184   1.882   0.653  -0.543   0
   1.95057547   3.204   1.927   0.707  -0.479   0
   1.95074236   3.223   1.970   0.760  -0.418   0
   1.95087218   3.228   1.981   0.774  -0.401   0
   1.95122397   3.195   1.912   0.690  -0.499   0
   1.95177770   3.159   1.833   0.594  -0.610   0
   1.95229435   3.127   1.760   0.503  -0.717   0
   1.95284259   3.096   1.685   0.410  -0.829   0
   1.95338643   3.066   1.610   0.318  -0.940   0
   1.95393217   3.037   1.536   0.226  -1.050   0
   1.95445776   3.011   1.457   0.126  -1.172   0
   1.95495093   2.985   1.381   0.030  -1.288   0
   1.95544362   2.964   1.304  -0.068  -1.408   0
   1.95585859   2.949   1.236  -0.156  -1.515   0
   1.95626485   2.920   1.168  -0.239  -1.616   0
   1.95656478   2.917   1.123  -0.302  -1.700   0
   1.95689988   2.904   1.068  -0.375  -1.793   0
   1.95718181   2.896   1.023  -0.435  -1.870   0
   1.95744455   2.896   0.986  -0.488  -1.941   0
   1.95767319   2.888   0.944  -0.543  -2.012   0
   1.95780814   2.900   0.928  -0.571  -2.054   2
   1.95987546   3.391   2.380   1.273   0.198   1
   1.96299529   3.381   2.367   1.259   0.183   0
   1.97057068   3.372   2.365   1.259   0.186   0
   1.97869110   3.359   2.356   1.252   0.181   0
   1.98678362   3.347   2.348   1.246   0.177   0
   1.99481761   3.335   2.339   1.240   0.172   0
   2.00000000   3.327   2.334   1.235   0.168   0
   2.01109624   3.287   2.293   1.194   0.129   0
   2.03462243   3.206   2.219   1.122   0.060   0
   2.08021450   3.037   2.039   0.937  -0.125   0
   2.09999990   2.966   1.950   0.839  -0.230   0
   2.10626340   2.943   1.921   0.808  -0.262   0
   2.11889577   2.892   1.820   0.685  -0.407   0
   2.12835670   2.844   1.719   0.562  -0.552   0
   2.13074064   2.814   1.626   0.443  -0.697   0
   2.13128757   2.791   1.539   0.330  -0.836   0
   2.13152361   2.767   1.452   0.216  -0.973   0
   2.13162732   2.743   1.370   0.111  -1.101   0
   2.13165617   2.733   1.336   0.068  -1.153   0
   2.13172793   2.697   1.225  -0.073  -1.326   0
   2.13179398   2.667   1.128  -0.197  -1.477   0
   2.13459587   2.645   1.041  -0.309  -1.614   0
   2.13597941   2.627   0.944  -0.435  -1.771   0
   2.13647580   2.619   0.864  -0.543  -1.907   0
   2.13684559   2.603   0.791  -0.639  -2.031   0
   2.13716698   2.595   0.715  -0.744  -2.168   0
   2.13740969   2.575   0.637  -0.846  -2.296   0
   2.13758588   2.578   0.574  -0.935  -2.416   0
   2.13773751   2.589   0.512  -1.026  -2.539   0
   2.13786530   2.543   0.470  -1.085  -2.653   0
   2.13798690   2.442   0.443  -1.117  -2.759   0
   2.13809609   2.329   0.411  -1.153  -2.867   0
   2.13821173   2.200   0.384  -1.181  -2.976   0
   2.13831520   2.069   0.366  -1.198  -3.075   0
   2.13841867   2.030   0.420  -1.155  -3.168   0
   2.13852191   1.980   0.436  -1.151  -3.279   0
   2.13866806   1.909   0.435  -1.161  -3.407   0
   2.13878369   1.870   0.487  -1.118  -3.503   2
   2.13889337   1.884   0.591  -1.007  -3.546   0
   2.13899708   1.934   0.743  -0.841  -3.561   0
   2.13900924   1.979   0.875  -0.697  -3.572   0
   2.13901758   1.991   0.913  -0.656  -3.576   0
   2.13902593   2.004   0.950  -0.615  -3.580   0
   2.13903427   2.016   0.988  -0.574  -3.583   0
   2.13904262   2.028   1.025  -0.533  -3.587   0
   2.13905048   2.041   1.062  -0.493  -3.591   0
   2.13905692   2.050   1.092  -0.461  -3.594   0
   2.13906479   2.062   1.128  -0.421  -3.598   0
   2.13907290   2.080   1.173  -0.375  -3.596   0
   2.13908076   2.102   1.222  -0.325  -3.590   1
   2.13908887   2.123   1.271  -0.276  -3.585   0
   2.13909674   2.145   1.321  -0.226  -3.580   0
   2.13910484   2.167   1.370  -0.176  -3.574   0
   2.13911271   2.188   1.420  -0.126  -3.569   0
   2.13912082   2.210   1.469  -0.077  -3.564   0
   2.13912868   2.231   1.518  -0.027  -3.558   0
   2.13913512   2.248   1.558   0.013  -3.554   0
   2.13914299   2.270   1.607   0.063  -3.549   0
   2.13915110   2.292   1.657   0.112  -3.543   0
   2.13916254   2.317   1.713   0.169  -3.536   0
   2.13918757   2.349   1.786   0.242  -3.528   0
   2.13921237   2.370   1.835   0.292  -3.522   0
   2.13923717   2.392   1.883   0.341  -3.517   0
   2.13926196   2.413   1.932   0.390  -3.511   0
   2.13928628   2.435   1.981   0.439  -3.506   1
   2.13931060   2.441   2.013   0.468  -3.510   0
   2.13933468   2.444   2.042   0.492  -3.516   0
   2.13935876   2.447   2.070   0.517  -3.522   0
   2.13938260   2.450   2.099   0.542  -3.529   0
   2.13940620   2.454   2.128   0.567  -3.535   0
   2.13942981   2.457   2.157   0.592  -3.541   0
   2.13945341   2.460   2.186   0.616  -3.547   0
   2.13947654   2.463   2.215   0.641  -3.553   0
   2.13949966   2.467   2.244   0.666  -3.559   0
   2.13952279   2.470   2.273   0.691  -3.565   0
   2.13954544   2.474   2.302   0.716  -3.571   0
   2.13956809   2.477   2.331   0.742  -3.577   0
   2.13959050   2.480   2.361   0.767  -3.584   0
   2.13961291   2.484   2.390   0.792  -3.590   0
   2.13963509   2.487   2.419   0.817  -3.596   0
   2.13965702   2.491   2.449   0.843  -3.602   0
   2.13967896   2.494   2.478   0.868  -3.607   0
   2.13970065   2.495   2.501   0.886  -3.618   0
   2.13972235   2.493   2.518   0.899  -3.632   0
   2.13974357   2.492   2.536   0.913  -3.646   0
   2.13976192   2.492   2.552   0.927  -3.658   0
   2.13977909   2.494   2.571   0.942  -3.667   0
   2.13979435   2.501   2.597   0.963  -3.673   0
   2.13979959   2.509   2.616   0.980  -3.671   0
   2.13980150   2.519   2.633   0.995  -3.667   0
   2.13980317   2.529   2.650   1.011  -3.661   0
   2.13980484   2.540   2.669   1.028  -3.655   0
   2.13980651   2.552   2.689   1.047  -3.649   0
   2.13980794   2.565   2.711   1.067  -3.642   0
   2.13980961   2.579   2.734   1.088  -3.634   0
   2.13981128   2.595   2.761   1.112  -3.626   0
   2.13981271   2.612   2.789   1.138  -3.616   0
   2.13981438   2.632   2.822   1.168  -3.605   0
   2.13981605   2.654   2.860   1.203  -3.592   0
   2.13981652   2.662   2.872   1.214  -3.588   0
