   0.15000001  16.290  14.722  13.122  10.528   0
   0.20000000  15.143  13.702  12.179   9.806   0
   0.25000000  14.477  13.084  11.595   9.328   0
   0.30000001  13.904  12.546  11.087   8.931   0
   0.34999999  13.438  12.097  10.660   8.625   0
   0.40000001  13.002  11.675  10.259   8.322   0
   0.44999999  12.580  11.262   9.868   8.034   0
   0.50000000  12.120  10.798   9.429   7.715   0
   0.55000001  11.637  10.307   8.965   7.384   0
   0.60000002  11.197   9.870   8.561   7.049   0
   0.69999999  10.141   8.893   7.680   6.336   0
   0.80000001   8.813   7.826   6.761   5.627   0
   0.84667128   8.185   7.353   6.357   5.317   0
   0.89999998   7.530   6.860   5.935   4.987   0
   0.95337027   6.910   6.390   5.535   4.668   0
   1.00000000   6.420   6.012   5.217   4.406   0
   1.04154229   6.019   5.694   4.945   4.178   0
   1.08044207   5.684   5.418   4.709   3.978   0
   1.10000002   5.523   5.284   4.595   3.881   0
   1.12435043   5.321   5.115   4.449   3.755   0
   1.14795661   5.134   4.956   4.311   3.636   0
   1.16731179   4.999   4.836   4.206   3.545   0
   1.18351841   4.891   4.738   4.122   3.471   0
   1.19723201   4.803   4.660   4.053   3.411   0
   1.20000005   4.786   4.644   4.039   3.400   0
   1.20047855   4.782   4.641   4.037   3.397   0
   1.21725023   4.670   4.540   3.947   3.318   0
   1.25445652   4.445   4.335   3.766   3.158   0
   1.29999995   4.196   4.105   3.559   2.972   0
   1.37680793   3.840   3.759   3.242   2.683   0
   1.39999998   3.742   3.662   3.151   2.597   0
   1.46742272   3.479   3.396   2.895   2.351   0
   1.50000000   3.364   3.277   2.777   2.233   1
   1.52931142   3.270   3.179   2.675   2.130   0
   1.57259977   3.153   3.050   2.535   1.978   0
   1.60000002   3.094   2.981   2.453   1.883   0
   1.61046672   3.072   2.954   2.422   1.847   0
   1.64337051   3.029   2.889   2.334   1.739   0
   1.67213738   3.011   2.846   2.265   1.648   0
   1.68516147   3.003   2.826   2.233   1.606   0
   1.69735253   2.985   2.798   2.196   1.561   0
   1.70000005   2.974   2.787   2.184   1.547   0
   1.70602345   2.949   2.760   2.155   1.518   2
   1.71066236   2.902   2.716   2.117   1.484   0
   1.71484601   2.807   2.632   2.049   1.430   0
   1.71762013   2.605   2.460   1.917   1.335   0
   1.71837163   2.431   2.303   1.797   1.250   0
   1.71875954   2.230   2.117   1.655   1.151   1
   1.71886754   2.347   2.229   1.749   1.226   0
   1.71914124   2.499   2.349   1.805   1.222   0
   1.71992445   2.641   2.430   1.815   1.168   0
   1.72140598   2.865   2.585   1.902   1.197   0
   1.72286069   3.103   2.756   2.016   1.263   0
   1.72436833   3.426   2.989   2.185   1.378   0
   1.72553015   3.714   3.199   2.344   1.494   0
   1.72666311   3.996   3.397   2.494   1.599   0
   1.72781682   4.216   3.533   2.585   1.648   4
   1.73003995   4.319   3.518   2.511   1.517   0
   1.73148692   4.255   3.397   2.364   1.344   0
   1.73290598   4.150   3.243   2.186   1.145   0
   1.73419785   4.039   3.086   2.007   0.947   0
   1.73531091   3.936   2.943   1.845   0.768   0
   1.73621595   3.862   2.829   1.713   0.619   0
   1.73721361   3.785   2.705   1.570   0.456   0
   1.73814034   3.707   2.582   1.428   0.296   0
   1.73904145   3.633   2.462   1.287   0.137   0
   1.73984754   3.567   2.351   1.157  -0.011   0
   1.74064577   3.504   2.238   1.023  -0.164   0
   1.74136674   3.447   2.132   0.897  -0.309   0
   1.74209404   3.401   2.030   0.773  -0.456   0
   1.74278641   3.356   1.931   0.651  -0.600   0
   1.74352360   3.310   1.830   0.528  -0.745   0
   1.74429989   3.283   1.761   0.443  -0.847   2
   1.74497652   3.324   1.873   0.583  -0.678   0
   1.74523354   3.362   1.972   0.707  -0.529   0
   1.74544835   3.405   2.072   0.829  -0.382   0
   1.74570775   3.455   2.176   0.955  -0.237   0
   1.74584997   3.475   2.216   1.005  -0.179   1
   1.74640906   3.415   2.104   0.871  -0.332   0
   1.74717224   3.369   2.005   0.751  -0.474   0
   1.74795640   3.325   1.907   0.630  -0.617   0
   1.74870849   3.284   1.812   0.514  -0.755   0
   1.74945068   3.246   1.718   0.397  -0.894   0
   1.75014162   3.209   1.620   0.275  -1.041   0
   1.75086474   3.175   1.518   0.147  -1.196   0
   1.75148964   3.148   1.427   0.031  -1.337   0
   1.75210524   3.121   1.338  -0.084  -1.482   0
   1.75256217   3.103   1.266  -0.179  -1.603   0
   1.75302970   3.086   1.188  -0.282  -1.734   0
   1.75343049   3.067   1.115  -0.376  -1.853   0
   1.75383079   3.045   1.031  -0.485  -1.989   0
   1.75417018   3.030   0.977  -0.562  -2.108   0
   1.75450099   2.929   0.937  -0.610  -2.225   0
   1.75478470   2.832   0.903  -0.650  -2.329   0
   1.75503242   2.729   0.866  -0.690  -2.431   0
   1.75527453   2.614   0.832  -0.726  -2.535   0
   1.75550008   2.490   0.814  -0.745  -2.634   3
   1.75569522   2.446   0.834  -0.737  -2.733   0
   1.75585175   2.414   0.857  -0.724  -2.821   0
   1.75601375   2.372   0.875  -0.716  -2.916   0
   1.75614560   2.346   0.914  -0.685  -2.992   0
   1.75628006   2.291   0.912  -0.693  -3.083   0
   1.75640631   2.292   0.990  -0.609  -3.132   0
   1.75644743   2.312   1.048  -0.547  -3.135   0
   1.75644743   3.341   2.200   1.036  -0.092   1
   1.75733960   3.326   2.171   1.002  -0.132   0
   1.75809109   3.319   2.160   0.989  -0.146   0
   1.75990689   3.316   2.164   0.996  -0.136   0
   1.76246870   3.304   2.157   0.991  -0.140   0
   1.76497364   3.295   2.152   0.987  -0.141   0
   1.76743746   3.286   2.148   0.985  -0.140   0
   1.76992798   3.276   2.143   0.983  -0.140   0
   1.77235758   3.266   2.137   0.978  -0.143   0
   1.77479434   3.258   2.133   0.976  -0.144   0
   1.77736080   3.248   2.125   0.970  -0.148   0
   1.77991498   3.237   2.117   0.963  -0.154   0
   1.78249288   3.227   2.110   0.956  -0.159   0
   1.78511083   3.216   2.101   0.949  -0.164   0
   1.78813577   3.204   2.089   0.936  -0.177   0
   1.79124236   3.193   2.077   0.924  -0.190   0
   1.79437828   3.181   2.062   0.908  -0.207   0
   1.79842973   3.165   2.038   0.880  -0.238   0
   1.80159330   3.150   2.010   0.847  -0.276   0
   1.80537784   3.132   1.972   0.800  -0.332   0
   1.80686665   3.119   1.944   0.766  -0.371   0
   1.81016338   3.086   1.861   0.663  -0.495   0
   1.81169188   3.072   1.813   0.601  -0.570   0
   1.81237233   3.031   1.672   0.419  -0.790   0
   1.81250536   3.014   1.597   0.321  -0.913   0
   1.81258166   2.985   1.491   0.184  -1.082   0
   1.81262314   2.954   1.385   0.048  -1.250   0
   1.81266367   2.933   1.282  -0.085  -1.414   0
   1.81271982   2.920   1.191  -0.206  -1.565   0
   1.81275308   2.919   1.174  -0.230  -1.596   0
   1.81291628   2.930   1.256  -0.120  -1.458   0
   1.81333554   2.932   1.293  -0.071  -1.395   1
   1.81475294   2.915   1.189  -0.207  -1.564   0
   1.81524944   2.900   1.094  -0.335  -1.730   0
   1.81556296   2.889   1.015  -0.442  -1.870   0
   1.81580830   2.877   0.937  -0.547  -2.006   0
   1.81603825   2.875   0.850  -0.669  -2.167   0
   1.81624031   2.830   0.771  -0.779  -2.347   0
   1.81636953   2.707   0.740  -0.817  -2.477   0
   1.81648159   2.548   0.699  -0.863  -2.625   2
   1.81656623   2.393   0.670  -0.891  -2.752   0
   1.81662405   2.330   0.702  -0.867  -2.841   0
   1.81668341   2.304   0.750  -0.833  -2.939   0
   1.81673419   2.258   0.758  -0.833  -3.033   0
   1.81678998   2.201   0.747  -0.851  -3.125   0
   1.81684864   2.173   0.814  -0.793  -3.214   0
   1.81690252   2.213   0.938  -0.658  -3.227   0
   1.81696689   2.240   1.045  -0.540  -3.252   0
   1.81702733   2.293   1.197  -0.374  -3.264   0
   1.81709635   2.385   1.434  -0.118  -3.264   1
   1.81712830   2.353   1.356  -0.202  -3.266   0
   1.81713450   2.393   1.445  -0.106  -3.259   0
   1.81713831   2.469   1.598   0.051  -3.228   0
   1.81714642   2.518   1.733   0.187  -3.230   0
   1.81714678   2.520   1.740   0.194  -3.230   0
   1.81715369   2.544   1.794   0.248  -3.224   0
   1.81715918   2.563   1.836   0.291  -3.219   1
   1.81716597   2.586   1.890   0.344  -3.213   0
   1.81717288   2.609   1.943   0.398  -3.208   0
   1.81717968   2.632   1.997   0.452  -3.202   0
   1.81718659   2.656   2.051   0.507  -3.196   0
   1.81719339   2.680   2.106   0.563  -3.190   0
   1.81720030   2.705   2.162   0.619  -3.184   0
   1.81720710   2.729   2.217   0.674  -3.178   0
   1.81721389   2.753   2.272   0.730  -3.172   0
   1.81722045   2.776   2.326   0.784  -3.166   1
   1.81722701   2.781   2.358   0.812  -3.172   0
   1.81723368   2.784   2.390   0.839  -3.179   0
   1.81724024   2.787   2.422   0.867  -3.186   0
   1.81724679   2.791   2.453   0.894  -3.193   0
   1.81725335   2.794   2.485   0.921  -3.200   0
   1.81726003   2.797   2.516   0.948  -3.207   0
   1.81726658   2.801   2.548   0.975  -3.214   0
   1.81727314   2.805   2.578   1.001  -3.220   0
   1.81727839   2.806   2.590   1.012  -3.222   0
   1.81728506   2.808   2.605   1.024  -3.226   0
   1.81729162   2.810   2.620   1.037  -3.229   0
   1.81729817   2.811   2.635   1.050  -3.232   0
   1.81730473   2.813   2.649   1.062  -3.235   0
   1.81732130   2.817   2.681   1.089  -3.241   0
   1.81733775   2.820   2.712   1.116  -3.248   0
   1.81735420   2.824   2.743   1.143  -3.254   0
   1.81737041   2.828   2.774   1.170  -3.261   0
   1.81738651   2.831   2.806   1.197  -3.267   0
   1.81740260   2.834   2.834   1.221  -3.276   0
   1.81741858   2.832   2.852   1.234  -3.291   0
   1.81743443   2.830   2.870   1.248  -3.306   0
   1.81745017   2.828   2.888   1.262  -3.321   0
   1.81746578   2.826   2.906   1.276  -3.336   0
   1.81748140   2.825   2.926   1.291  -3.351   0
   1.81749499   2.825   2.944   1.306  -3.364   0
   1.81750751   2.828   2.966   1.323  -3.374   0
   1.81751752   2.837   2.994   1.348  -3.378   0
   1.81752038   2.847   3.015   1.366  -3.374   0
   1.81752145   2.858   3.035   1.384  -3.369   0
   1.81752264   2.873   3.059   1.406  -3.361   0
   1.81752372   2.888   3.084   1.429  -3.353   0
   1.81752479   2.905   3.113   1.456  -3.343   0
   1.81752586   2.924   3.145   1.485  -3.333   0
   1.81752706   2.946   3.181   1.518  -3.321   0
   1.81752813   2.972   3.225   1.558  -3.306   0
   1.81752825   2.976   3.231   1.564  -3.304   0
