   0.15000001  16.296  14.726  13.126  10.531   0
   0.20000000  15.149  13.707  12.184   9.810   0
   0.25000000  14.485  13.091  11.602   9.334   0
   0.30000001  13.913  12.555  11.095   8.938   0
   0.34999999  13.445  12.104  10.667   8.631   0
   0.40000001  13.014  11.687  10.270   8.334   0
   0.44999999  12.592  11.274   9.880   8.045   0
   0.50000000  12.133  10.812   9.443   7.728   0
   0.55000001  11.651  10.321   8.979   7.396   0
   0.60000002  11.199   9.875   8.569   7.062   0
   0.69999999  10.165   8.917   7.704   6.358   0
   0.76518673   9.329   8.227   7.104   5.890   0
   0.80000001   8.889   7.883   6.808   5.661   0
   0.89999998   7.621   6.930   5.996   5.037   0
   1.00000000   6.539   6.109   5.301   4.479   0
   1.03551042   6.202   5.844   5.076   4.292   0
   1.10000002   5.655   5.401   4.701   3.978   0
   1.11315584   5.550   5.315   4.627   3.915   0
   1.17742813   5.076   4.915   4.285   3.623   0
   1.20000005   4.929   4.785   4.174   3.528   0
   1.24834991   4.607   4.501   3.929   3.319   0
   1.27962625   4.419   4.334   3.786   3.197   0
   1.28913677   4.367   4.287   3.746   3.164   0
   1.29999995   4.313   4.237   3.702   3.127   0
   1.39999998   3.820   3.773   3.302   2.786   0
   1.50000000   3.392   3.355   2.938   2.480   0
   1.52340424   3.298   3.261   2.857   2.414   0
   1.60000002   3.006   2.967   2.600   2.198   0
   1.68769479   2.704   2.652   2.325   1.974   0
   1.70000005   2.664   2.610   2.287   1.942   0
   1.79999995   2.349   2.279   1.993   1.695   0
   1.81557107   2.302   2.230   1.949   1.658   0
   1.89999998   2.059   1.973   1.714   1.452   0
   1.92195630   1.997   1.907   1.654   1.398   0
   2.00000000   1.785   1.685   1.445   1.203   0
   2.01159191   1.754   1.653   1.414   1.174   0
   2.08239269   1.576   1.466   1.230   0.989   1
   2.09999990   1.534   1.423   1.185   0.941   0
   2.14709282   1.422   1.307   1.063   0.812   0
   2.20000005   1.308   1.190   0.931   0.660   0
   2.20447993   1.299   1.180   0.919   0.647   0
   2.25280619   1.214   1.092   0.806   0.503   0
   2.29502320   1.153   1.030   0.713   0.372   0
   2.29999995   1.146   1.023   0.702   0.355   0
   2.31398201   1.127   1.004   0.671   0.310   0
   2.33100581   1.095   0.971   0.627   0.252   0
   2.34264684   1.057   0.931   0.585   0.210   2
   2.34993529   1.007   0.878   0.544   0.181   0
   2.35582948   0.921   0.787   0.482   0.153   0
   2.35976481   0.756   0.610   0.373   0.125   0
   2.36084199   0.613   0.456   0.283   0.102   0
   2.36139822   0.442   0.301   0.185   0.066   1
   2.36149883   0.507   0.364   0.235   0.103   0
   2.36162806   0.645   0.491   0.320   0.143   0
   2.36182785   0.687   0.537   0.309   0.070   0
   2.36212158   0.697   0.549   0.266  -0.038   0
   2.36242247   0.734   0.591   0.260  -0.100   3
   2.36290932   0.831   0.683   0.284  -0.154   0
   2.36336851   0.942   0.779   0.320  -0.180   0
   2.36390400   1.087   0.900   0.374  -0.192   0
   2.36470699   1.348   1.096   0.479  -0.167   0
   2.36534548   1.593   1.276   0.590  -0.115   0
   2.36599541   1.876   1.488   0.734  -0.027   0
   2.36664104   2.225   1.742   0.920   0.104   0
   2.36727786   2.581   2.007   1.121   0.252   0
   2.36791229   2.881   2.209   1.269   0.351   0
   2.36834288   3.021   2.291   1.319   0.373   4
   2.36943340   3.112   2.266   1.236   0.234   0
   2.37037730   3.081   2.155   1.087   0.051   0
   2.37123013   3.019   2.030   0.933  -0.129   0
   2.37194419   2.962   1.921   0.799  -0.283   0
   2.37280798   2.899   1.788   0.637  -0.475   0
   2.37359643   2.838   1.662   0.484  -0.655   0
   2.37427783   2.784   1.551   0.349  -0.813   0
   2.37499142   2.733   1.435   0.206  -0.980   0
   2.37563467   2.693   1.329   0.074  -1.136   0
   2.37617660   2.660   1.244  -0.033  -1.266   0
   2.37671328   2.626   1.154  -0.145  -1.400   0
   2.37722421   2.599   1.068  -0.254  -1.534   0
   2.37772846   2.574   0.982  -0.364  -1.668   0
   2.37821269   2.552   0.896  -0.473  -1.801   0
   2.37868643   2.537   0.815  -0.580  -1.933   0
   2.37917781   2.526   0.748  -0.669  -2.047   2
   2.37938094   2.539   0.821  -0.572  -1.924   0
   2.37952709   2.550   0.894  -0.476  -1.804   0
   2.37972546   2.564   0.966  -0.382  -1.687   0
   2.37998462   2.587   1.044  -0.282  -1.566   0
   2.38038921   2.621   1.150  -0.149  -1.403   0
   2.38075662   2.646   1.230  -0.047  -1.278   0
   2.38133812   2.685   1.344   0.098  -1.103   0
   2.38188267   2.725   1.451   0.232  -0.944   0
   2.38278365   2.780   1.597   0.416  -0.725   0
   2.38360715   2.834   1.716   0.562  -0.553   0
   2.38487530   2.888   1.840   0.716  -0.369   0
   2.38657498   2.935   1.946   0.848  -0.212   0
   2.38922191   2.965   2.021   0.945  -0.096   1
   2.44401550   2.815   1.860   0.778  -0.265   0
   2.50000000   2.656   1.695   0.611  -0.433   0
   2.52157331   2.592   1.627   0.540  -0.504   0
   2.57432747   2.458   1.450   0.342  -0.717   0
   2.59478951   2.420   1.350   0.215  -0.870   0
   2.60540962   2.406   1.262   0.096  -1.020   0
   2.60674787   2.388   1.180  -0.012  -1.154   0
   2.60724711   2.370   1.097  -0.121  -1.288   0
   2.60744524   2.346   1.013  -0.230  -1.420   0
   2.60747600   2.339   0.991  -0.258  -1.453   0
   2.60757709   2.316   0.900  -0.376  -1.598   0
   2.60766697   2.293   0.814  -0.488  -1.737   0
   2.60779572   2.275   0.724  -0.605  -1.882   0
   2.60839105   2.290   0.801  -0.505  -1.757   1
   2.61235332   2.264   0.677  -0.667  -1.958   0
   2.61330366   2.249   0.565  -0.814  -2.142   0
   2.61403251   2.233   0.457  -0.957  -2.321   0
   2.61456132   2.230   0.377  -1.069  -2.470   0
   2.61497545   2.221   0.299  -1.175  -2.608   0
   2.61536360   2.226   0.229  -1.275  -2.743   0
   2.61572194   2.232   0.157  -1.378  -2.880   0
   2.61601567   2.205   0.098  -1.463  -3.019   0
   2.61620498   2.104   0.071  -1.494  -3.122   0
   2.61635566   1.999   0.049  -1.519  -3.218   0
   2.61647820   1.888   0.024  -1.545  -3.313   0
   2.61659265   1.774   0.004  -1.565  -3.401   3
   2.61669469   1.689   0.035  -1.536  -3.481   0
   2.61680698   1.643   0.057  -1.526  -3.590   0
   2.61692381   1.574   0.053  -1.539  -3.713   0
   2.61706996   1.507   0.073  -1.529  -3.839   0
   2.61722064   1.516   0.204  -1.397  -3.901   0
   2.61736917   1.547   0.340  -1.247  -3.937   0
   2.61739755   1.534   0.264  -1.331  -3.910   0
   2.61741233   1.553   0.356  -1.229  -3.938   0
   2.61742473   1.628   0.531  -1.040  -3.928   0
   2.61744618   1.642   0.620  -0.941  -3.961   0
   2.61745811   1.653   0.654  -0.904  -3.965   0
   2.61746764   1.662   0.681  -0.874  -3.968   0
   2.61747956   1.674   0.715  -0.837  -3.971   0
   2.61749148   1.685   0.749  -0.800  -3.974   0
   2.61750340   1.700   0.789  -0.759  -3.973   0
   2.61751533   1.720   0.834  -0.714  -3.969   0
   2.61752725   1.739   0.878  -0.669  -3.964   0
   2.61753917   1.759   0.923  -0.624  -3.959   0
   2.61755109   1.778   0.967  -0.579  -3.954   0
   2.61756301   1.798   1.012  -0.534  -3.949   0
   2.61757493   1.817   1.057  -0.489  -3.945   0
   2.61758685   1.837   1.101  -0.444  -3.940   1
   2.61759877   1.856   1.146  -0.399  -3.935   0
   2.61761022   1.876   1.191  -0.354  -3.930   0
   2.61762190   1.895   1.235  -0.310  -3.925   0
   2.61763096   1.911   1.271  -0.274  -3.921   0
   2.61764264   1.930   1.315  -0.229  -3.917   0
   2.61765409   1.949   1.360  -0.184  -3.912   0
   2.61766338   1.965   1.395  -0.148  -3.908   0
   2.61770010   1.992   1.456  -0.087  -3.900   0
   2.61774278   2.020   1.520  -0.023  -3.893   0
   2.61778522   2.040   1.564   0.022  -3.887   0
   2.61782742   2.059   1.608   0.066  -3.882   1
   2.61786938   2.064   1.635   0.090  -3.887   0
   2.61791086   2.067   1.661   0.112  -3.892   0
   2.61795235   2.069   1.687   0.134  -3.898   0
   2.61799335   2.072   1.713   0.157  -3.903   0
   2.61803412   2.075   1.739   0.179  -3.909   0
   2.61807442   2.078   1.764   0.201  -3.914   0
   2.61811471   2.081   1.790   0.223  -3.920   0
   2.61815453   2.084   1.816   0.245  -3.925   0
   2.61819410   2.087   1.842   0.268  -3.931   0
   2.61823344   2.090   1.868   0.290  -3.936   0
   2.61827254   2.093   1.894   0.312  -3.942   0
   2.61831117   2.096   1.920   0.335  -3.947   0
   2.61834979   2.099   1.946   0.357  -3.953   0
   2.61838794   2.102   1.972   0.379  -3.958   0
   2.61842561   2.105   1.998   0.402  -3.963   0
   2.61846328   2.108   2.024   0.424  -3.969   0
   2.61850047   2.111   2.050   0.447  -3.974   0
   2.61853743   2.114   2.076   0.469  -3.979   0
   2.61857414   2.118   2.103   0.492  -3.984   0
   2.61860991   2.119   2.124   0.510  -3.993   0
   2.61864161   2.120   2.140   0.523  -4.003   0
   2.61867166   2.123   2.159   0.538  -4.011   0
   2.61868930   2.128   2.177   0.554  -4.013   0
   2.61869645   2.136   2.192   0.567  -4.011   0
   2.61869955   2.144   2.207   0.580  -4.008   0
   2.61870098   2.152   2.221   0.593  -4.003   0
   2.61870265   2.161   2.236   0.607  -3.999   0
   2.61870408   2.170   2.251   0.621  -3.994   0
   2.61870551   2.180   2.268   0.636  -3.988   0
   2.61870694   2.190   2.285   0.652  -3.982   0
   2.61870837   2.202   2.304   0.670  -3.976   0
   2.61870980   2.214   2.325   0.688  -3.969   0
   2.61871123   2.227   2.347   0.709  -3.962   0
   2.61871266   2.242   2.372   0.731  -3.954   0
   2.61871409   2.258   2.398   0.755  -3.944   0
   2.61871552   2.276   2.428   0.783  -3.934   0
   2.61871696   2.297   2.462   0.814  -3.922   0
   2.61871791   2.308   2.481   0.831  -3.916   0
