   0.15000001  16.299  14.729  13.129  10.532   0
   0.20000000  15.153  13.710  12.187   9.813   0
   0.25000000  14.490  13.096  11.606   9.338   0
   0.30000001  13.918  12.560  11.099   8.942   0
   0.34999999  13.449  12.108  10.671   8.634   0
   0.40000001  13.021  11.694  10.278   8.341   0
   0.44999999  12.599  11.281   9.887   8.052   0
   0.50000000  12.142  10.821   9.452   7.736   0
   0.55000001  11.660  10.331   8.988   7.405   0
   0.60000002  11.198   9.876   8.572   7.070   0
   0.69999999  10.166   8.923   7.713   6.372   0
   0.80000001   8.950   7.932   6.852   5.695   0
   0.89999998   7.690   6.984   6.043   5.076   0
   1.00000000   6.608   6.164   5.349   4.520   0
   1.10000002   5.761   5.492   4.780   4.047   0
   1.20000005   5.040   4.887   4.264   3.609   0
   1.29188645   4.443   4.366   3.824   3.241   0
   1.29999995   4.400   4.325   3.789   3.211   0
   1.39999998   3.903   3.864   3.397   2.886   0
   1.50000000   3.481   3.453   3.049   2.605   0
   1.60000002   3.102   3.070   2.729   2.362   0
   1.70000005   2.765   2.715   2.439   2.155   0
   1.79999995   2.468   2.398   2.181   1.977   0
   1.81924963   2.415   2.343   2.137   1.946   0
   1.89999998   2.195   2.114   1.954   1.815   0
   2.00000000   1.947   1.874   1.760   1.672   0
   2.09999990   1.717   1.664   1.590   1.543   0
   2.20000005   1.494   1.473   1.430   1.411   0
   2.29999995   1.289   1.300   1.284   1.288   0
   2.50000000   0.925   1.007   1.030   1.066   0
   2.86808276   0.341   0.552   0.619   0.687   0
   3.00000000   0.149   0.402   0.480   0.557   0
   3.50000000  -0.498  -0.109  -0.003   0.096   0
   3.54421020  -0.550  -0.150  -0.042   0.058   0
   4.00000000  -1.054  -0.563  -0.439  -0.323   0
   4.03475523  -1.091  -0.595  -0.469  -0.353   0
   4.38916254  -1.474  -0.926  -0.789  -0.664   0
   4.50000000  -1.593  -1.032  -0.893  -0.766   0
   4.69958830  -1.806  -1.225  -1.082  -0.951   0
   4.94067240  -2.075  -1.475  -1.328  -1.194   0
   5.00000000  -2.145  -1.543  -1.394  -1.260   0
   5.14754057  -2.318  -1.710  -1.560  -1.425   1
   5.32081127  -2.537  -1.929  -1.779  -1.646   0
   5.46694994  -2.739  -2.139  -1.989  -1.860   0
   5.59082127  -2.930  -2.344  -2.197  -2.073   0
   5.69476652  -3.107  -2.542  -2.399  -2.282   0
   5.74027348  -3.191  -2.637  -2.497  -2.384   0
   5.78184032  -3.271  -2.726  -2.587  -2.477   0
   5.81153059  -3.329  -2.786  -2.647  -2.539   0
   5.82623339  -3.356  -2.807  -2.668  -2.558   0
   5.83948135  -3.376  -2.810  -2.667  -2.553   0
   5.84832478  -3.382  -2.775  -2.625  -2.499   0
   5.85081291  -3.389  -2.748  -2.590  -2.455   0
   5.85222387  -3.414  -2.735  -2.569  -2.422   0
   5.85227633  -3.409  -2.731  -2.565  -2.418   0
   5.85260868  -3.349  -2.696  -2.535  -2.396   4
   5.85296488  -3.379  -2.767  -2.615  -2.488   0
   5.85327387  -3.474  -2.897  -2.752  -2.636   0
   5.85365343  -3.583  -3.049  -2.912  -2.809   0
   5.85410452  -3.680  -3.200  -3.073  -2.985   0
   5.85460329  -3.756  -3.343  -3.228  -3.157   0
   5.85498285  -3.792  -3.439  -3.335  -3.277   0
   5.85527277  -3.809  -3.507  -3.411  -3.364   0
   5.85559893  -3.820  -3.580  -3.495  -3.460   0
   5.85590649  -3.816  -3.645  -3.572  -3.551   0
   5.85625029  -3.796  -3.711  -3.655  -3.654   0
   5.85659409  -3.750  -3.762  -3.732  -3.758   0
   5.85691977  -3.664  -3.778  -3.791  -3.859   0
   5.85726309  -3.506  -3.724  -3.817  -3.963   3
   5.85744381  -3.394  -3.653  -3.807  -4.016   0
   5.85760641  -3.274  -3.550  -3.781  -4.063   0
   5.85778713  -3.112  -3.402  -3.736  -4.115   0
   5.85794973  -2.916  -3.229  -3.674  -4.154   0
   5.85811234  -2.645  -3.012  -3.586  -4.182   0
   5.85829306  -2.193  -2.698  -3.449  -4.190   0
   5.85845566  -1.613  -2.342  -3.275  -4.153   0
   5.85861778  -1.000  -1.985  -3.071  -4.064   0
   5.85878038  -0.498  -1.684  -2.869  -3.944   0
   5.85894299  -0.054  -1.413  -2.666  -3.814   0
   5.85910511   0.272  -1.236  -2.548  -3.759   4
   5.85946608   0.623  -1.258  -2.707  -4.072   0
   5.85962677   0.665  -1.311  -2.799  -4.209   0
   5.85980701   0.691  -1.352  -2.866  -4.306   0
   5.86010790   0.719  -1.396  -2.939  -4.412   0
   5.86058903   0.753  -1.442  -3.015  -4.523   0
   5.86110973   0.734  -1.477  -3.069  -4.623   0
   5.86167097   0.625  -1.518  -3.113  -4.726   0
   5.86223125   0.507  -1.538  -3.133  -4.820   0
   5.86277151   0.385  -1.565  -3.158  -4.911   0
   5.86333179   0.295  -1.587  -3.178  -4.976   0
   5.86457157   0.198  -1.611  -3.199  -5.042   0
   5.86523056   0.155  -1.621  -3.208  -5.071   0
   5.87311077   0.296  -1.602  -3.194  -4.982   0
   5.87699652   0.419  -1.580  -3.175  -4.897   0
   5.88025618   0.538  -1.557  -3.153  -4.806   0
   5.88370419   0.664  -1.532  -3.128  -4.701   2
   5.88717270   0.713  -1.499  -3.078  -4.590   0
   5.89123583   0.679  -1.449  -2.996  -4.471   0
   5.89708328   0.635  -1.404  -2.916  -4.351   0
   5.90589714   0.566  -1.388  -2.866  -4.259   0
   5.92190123   0.412  -1.431  -2.866  -4.205   4
   5.96972799  -0.091  -1.778  -3.155  -4.417   0
   5.99037504  -0.155  -1.835  -3.210  -4.467   0
   6.00000000  -0.083  -1.800  -3.188  -4.461   0
   6.04796219   0.261  -1.631  -3.082  -4.431   0
   6.08114386   0.485  -1.567  -3.083  -4.515   0
   6.08550215   0.560  -1.594  -3.150  -4.629   0
   6.08591175   0.585  -1.613  -3.187  -4.687   0
   6.08818913   0.568  -1.645  -3.245  -4.815   0
   6.08900785   0.434  -1.667  -3.267  -4.922   2
   6.09017134   0.271  -1.698  -3.295  -5.042   0
   6.09146500   0.110  -1.726  -3.317  -5.148   0
   6.09282446  -0.039  -1.749  -3.335  -5.249   0
   6.09434271  -0.098  -1.720  -3.315  -5.367   0
   6.09543419  -0.158  -1.704  -3.305  -5.469   0
   6.09642172  -0.220  -1.674  -3.279  -5.573   0
   6.09728909  -0.278  -1.638  -3.245  -5.665   0
   6.09819031  -0.315  -1.614  -3.214  -5.740   0
   6.09851551  -0.266  -1.465  -3.051  -5.756   0
   6.09878397  -0.213  -1.311  -2.883  -5.768   0
   6.09901381  -0.161  -1.159  -2.717  -5.779   0
   6.09924698  -0.100  -0.995  -2.542  -5.784   0
   6.09966373  -0.175  -1.188  -2.748  -5.784   2
   6.09973812  -0.126  -1.044  -2.592  -5.796   0
