   0.15000001  16.298  14.729  13.128  10.532   0
   0.20000000  15.152  13.710  12.187   9.813   0
   0.25000000  14.489  13.095  11.606   9.337   0
   0.30000001  13.917  12.559  11.099   8.941   0
   0.34999999  13.449  12.107  10.670   8.634   0
   0.40000001  13.020  11.693  10.276   8.340   0
   0.44999999  12.598  11.280   9.885   8.051   0
   0.50000000  12.140  10.819   9.450   7.735   0
   0.55000001  11.659  10.329   8.987   7.404   0
   0.60000002  11.198   9.876   8.572   7.069   0
   0.69999999  10.166   8.922   7.712   6.370   0
   0.80000001   8.939   7.923   6.843   5.689   0
   0.89999998   7.675   6.972   6.033   5.068   0
   0.99315429   6.663   6.206   5.384   4.549   0
   1.00000000   6.596   6.155   5.341   4.514   0
   1.10000002   5.724   5.461   4.755   4.025   0
   1.12086439   5.561   5.327   4.640   3.928   0
   1.20000005   4.996   4.849   4.233   3.583   0
   1.20303917   4.974   4.830   4.217   3.570   0
   1.29999995   4.384   4.308   3.772   3.194   0
   1.39999998   3.888   3.848   3.380   2.868   0
   1.50000000   3.465   3.435   3.029   2.583   0
   1.60000002   3.086   3.053   2.709   2.337   0
   1.70000005   2.747   2.697   2.416   2.126   0
   1.79999995   2.446   2.375   2.152   1.938   0
   1.89999998   2.171   2.088   1.919   1.768   0
   2.00000000   1.916   1.836   1.713   1.613   0
   2.04701424   1.802   1.728   1.624   1.544   0
   2.09999990   1.675   1.609   1.525   1.464   0
   2.20000005   1.448   1.408   1.353   1.321   0
   2.29999995   1.235   1.221   1.192   1.182   0
   2.46275473   0.912   0.947   0.951   0.967   0
   2.50000000   0.840   0.886   0.896   0.917   0
   2.75502419   0.381   0.500   0.544   0.591   0
   2.98931980  -0.021   0.158   0.223   0.284   0
   3.00000000  -0.039   0.143   0.209   0.270   0
   3.01347685  -0.061   0.124   0.191   0.253   0
   3.20722055  -0.378  -0.151  -0.073  -0.005   0
   3.36634636  -0.640  -0.388  -0.304  -0.232   0
   3.49977851  -0.866  -0.602  -0.515  -0.442   0
   3.50000000  -0.866  -0.602  -0.515  -0.443   0
   3.51387286  -0.890  -0.625  -0.537  -0.465   0
   3.62778211  -1.088  -0.824  -0.736  -0.665   1
   3.72496533  -1.263  -1.011  -0.924  -0.857   0
   3.80772972  -1.415  -1.186  -1.102  -1.041   0
   3.87839818  -1.551  -1.352  -1.272  -1.218   0
   3.90980697  -1.615  -1.431  -1.354  -1.304   0
   3.93876934  -1.677  -1.505  -1.430  -1.383   0
   3.95662761  -1.722  -1.550  -1.475  -1.428   0
   3.96928191  -1.765  -1.579  -1.501  -1.452   0
   3.97818112  -1.808  -1.591  -1.507  -1.452   3
   3.98410559  -1.872  -1.587  -1.490  -1.423   0
   3.98574495  -1.927  -1.584  -1.478  -1.401   0
   3.98663425  -1.987  -1.590  -1.476  -1.389   0
   3.98672509  -1.965  -1.574  -1.462  -1.376   0
   3.98693514  -1.886  -1.537  -1.431  -1.352   0
   3.98722363  -1.894  -1.608  -1.512  -1.444   0
   3.98760414  -1.981  -1.757  -1.672  -1.618   0
   3.98810911  -2.034  -1.884  -1.813  -1.776   0
   3.98857474  -2.050  -1.964  -1.909  -1.888   0
   3.98875189  -2.050  -1.989  -1.941  -1.927   0
   3.98920465  -2.035  -2.037  -2.009  -2.016   0
   3.98971534  -1.995  -2.070  -2.073  -2.110   0
   3.99007320  -1.943  -2.069  -2.103  -2.171   0
   3.99044657  -1.871  -2.044  -2.120  -2.231   0
   3.99082494  -1.773  -1.986  -2.121  -2.289   3
   3.99121380  -1.648  -1.880  -2.095  -2.346   0
   3.99159741  -1.488  -1.718  -2.038  -2.394   0
   3.99198055  -1.259  -1.505  -1.947  -2.427   0
   3.99216938  -1.099  -1.367  -1.884  -2.437   0
   3.99235821  -0.889  -1.206  -1.808  -2.435   0
   3.99273062  -0.334  -0.823  -1.610  -2.387   0
   3.99309754   0.208  -0.458  -1.377  -2.257   0
   3.99345899   0.736  -0.103  -1.127  -2.092   0
   3.99380994   1.189   0.177  -0.932  -1.974   4
   3.99433827   1.432   0.178  -1.033  -2.177   0
   3.99469900   1.469   0.087  -1.176  -2.370   0
   3.99506474   1.479   0.009  -1.288  -2.517   0
   3.99550843   1.484  -0.065  -1.393  -2.655   0
   3.99609828   1.487  -0.156  -1.519  -2.818   0
   3.99661469   1.486  -0.238  -1.631  -2.960   0
   3.99713063   1.472  -0.326  -1.746  -3.102   0
   3.99761510   1.467  -0.395  -1.841  -3.227   0
   3.99809408   1.473  -0.458  -1.933  -3.351   0
   3.99858308   1.471  -0.529  -2.031  -3.479   0
   3.99903560   1.480  -0.570  -2.091  -3.561   0
   3.99957609   1.495  -0.581  -2.113  -3.596   0
   3.99978900   1.502  -0.586  -2.122  -3.610   2
   4.00000000   1.500  -0.583  -2.118  -3.603   0
   4.00389862   1.473  -0.531  -2.034  -3.484   0
   4.00624418   1.446  -0.475  -1.945  -3.357   0
   4.00805473   1.441  -0.408  -1.849  -3.227   0
   4.00990963   1.444  -0.323  -1.732  -3.075   0
   4.01171017   1.437  -0.241  -1.617  -2.927   0
   4.01388073   1.437  -0.151  -1.493  -2.768   0
   4.01657438   1.432  -0.066  -1.375  -2.614   0
   4.02010727   1.419   0.006  -1.270  -2.474   0
   4.02619171   1.379   0.063  -1.174  -2.341   0
   4.03623438   1.242   0.028  -1.168  -2.291   0
   4.12856913   0.947  -0.252  -1.442  -2.551   1
   4.21358109   1.110  -0.274  -1.538  -2.721   0
   4.22469378   1.208  -0.300  -1.612  -2.848   0
   4.22611046   1.246  -0.355  -1.702  -2.976   0
   4.22636318   1.256  -0.392  -1.756  -3.049   0
   4.22658491   1.280  -0.460  -1.859  -3.187   0
   4.22679949   1.290  -0.535  -1.965  -3.325   0
   4.22973204   1.302  -0.624  -2.095  -3.502   0
   4.23080063   1.323  -0.689  -2.194  -3.641   0
   4.23195314   1.337  -0.768  -2.310  -3.797   0
   4.23309040   1.343  -0.849  -2.428  -3.965   0
   4.23406315   1.190  -0.892  -2.475  -4.107   0
   4.23475838   1.049  -0.918  -2.502  -4.223   2
   4.23533297   0.901  -0.947  -2.529  -4.333   0
   4.23582888   0.746  -0.973  -2.550  -4.437   0
   4.23631048   0.676  -0.956  -2.543  -4.558   0
   4.23668575   0.624  -0.935  -2.530  -4.661   0
   4.23705387   0.565  -0.903  -2.505  -4.773   0
   4.23732996   0.509  -0.884  -2.490  -4.864   0
   4.23759174   0.515  -0.785  -2.384  -4.910   0
   4.23783922   0.559  -0.641  -2.226  -4.931   0
   4.23805141   0.622  -0.466  -2.036  -4.939   0
   4.23824930   0.683  -0.292  -1.847  -4.952   0
   4.23841906   0.757  -0.110  -1.658  -4.943   0
   4.23858881   0.815   0.010  -1.536  -4.921   0
   4.23876524   0.837   0.062  -1.484  -4.916   0
   4.23894930   0.899   0.183  -1.362  -4.889   1
   4.23897743   0.824   0.033  -1.513  -4.920   0
   4.23899841   0.911   0.204  -1.341  -4.883   0
   4.23902702   0.975   0.345  -1.199  -4.863   0
   4.23909044   1.071   0.542  -1.001  -4.825   0
   4.23911858   1.129   0.659  -0.884  -4.801   0
   4.23916483   1.147   0.707  -0.836  -4.799   1
   4.23922253   1.152   0.748  -0.801  -4.808   0
   4.23926878   1.155   0.781  -0.773  -4.815   0
   4.23932648   1.159   0.822  -0.738  -4.825   0
   4.23938322   1.163   0.862  -0.703  -4.834   0
   4.23943996   1.168   0.902  -0.668  -4.843   0
   4.23949671   1.171   0.933  -0.642  -4.849   0
   4.23955345   1.174   0.954  -0.624  -4.854   0
   4.23961020   1.175   0.971  -0.609  -4.858   0
   4.23966742   1.177   0.989  -0.594  -4.861   0
   4.23972416   1.179   1.006  -0.580  -4.865   0
   4.23978090   1.181   1.023  -0.565  -4.869   0
   4.23983765   1.183   1.040  -0.550  -4.873   0
   4.23988342   1.184   1.054  -0.538  -4.876   0
   4.23994017   1.186   1.071  -0.523  -4.880   0
   4.23999691   1.188   1.088  -0.509  -4.883   0
   4.24005365   1.190   1.105  -0.494  -4.887   0
   4.24009943   1.191   1.119  -0.482  -4.890   0
   4.24014473   1.193   1.133  -0.471  -4.893   0
   4.24046230   1.199   1.165  -0.443  -4.897   0
   4.24077845   1.203   1.194  -0.417  -4.901   0
   4.24098778   1.206   1.210  -0.404  -4.905   0
   4.24106741   1.209   1.218  -0.397  -4.905   0
   4.24110270   1.213   1.223  -0.392  -4.904   0
   4.24111843   1.215   1.227  -0.389  -4.902   0
   4.24112654   1.218   1.231  -0.385  -4.899   0
   4.24113417   1.221   1.234  -0.382  -4.897   0
   4.24114132   1.224   1.238  -0.378  -4.895   2
   4.24114895   1.227   1.242  -0.374  -4.892   0
   4.24115658   1.231   1.247  -0.370  -4.889   0
   4.24116373   1.235   1.252  -0.365  -4.885   0
   4.24117136   1.241   1.258  -0.359  -4.880   0
   4.24117899   1.247   1.265  -0.352  -4.874   0
   4.24118662   1.254   1.272  -0.345  -4.868   0
   4.24119377   1.261   1.280  -0.337  -4.861   0
   4.24120140   1.268   1.288  -0.329  -4.854   0
   4.24120855   1.276   1.297  -0.321  -4.847   0
   4.24121618   1.284   1.306  -0.312  -4.839   0
   4.24122381   1.293   1.315  -0.303  -4.831   0
   4.24123144   1.302   1.325  -0.293  -4.822   0
   4.24123859   1.312   1.335  -0.283  -4.813   0
   4.24124622   1.322   1.346  -0.272  -4.804   0
   4.24125385   1.332   1.357  -0.261  -4.793   0
   4.24126101   1.344   1.370  -0.249  -4.782   0
   4.24126863   1.357   1.383  -0.236  -4.770   0
   4.24127626   1.370   1.398  -0.221  -4.757   0
   4.24128342   1.385   1.413  -0.206  -4.743   0
   4.24129105   1.401   1.431  -0.189  -4.728   0
   4.24129868   1.420   1.450  -0.170  -4.710   0
   4.24130964   1.440   1.471  -0.148  -4.690   0
