   0.15000001  16.298  14.728  13.128  10.532   0
   0.20000000  15.151  13.709  12.186   9.812   0
   0.25000000  14.488  13.094  11.605   9.337   0
   0.30000001  13.916  12.558  11.098   8.940   0
   0.34999999  13.448  12.106  10.669   8.633   0
   0.40000001  13.019  11.691  10.275   8.338   0
   0.44999999  12.596  11.278   9.884   8.050   0
   0.50000000  12.139  10.818   9.448   7.733   0
   0.55000001  11.657  10.327   8.984   7.402   0
   0.60000002  11.198   9.875   8.571   7.067   0
   0.69999999  10.166   8.920   7.709   6.367   0
   0.80000001   8.924   7.911   6.833   5.680   0
   0.89999998   7.656   6.957   6.020   5.057   0
   0.91139960   7.524   6.858   5.935   4.990   0
   1.00000000   6.581   6.143   5.331   4.505   0
   1.10000002   5.700   5.442   4.737   4.010   0
   1.20000005   4.977   4.831   4.217   3.568   0
   1.27607250   4.498   4.410   3.857   3.264   0
   1.29999995   4.366   4.290   3.754   3.176   0
   1.39999998   3.870   3.829   3.361   2.848   0
   1.50000000   3.446   3.415   3.007   2.559   0
   1.60000002   3.065   3.030   2.682   2.305   0
   1.67593157   2.800   2.754   2.453   2.136   0
   1.70000005   2.720   2.670   2.382   2.084   0
   1.79999995   2.418   2.347   2.113   1.884   0
   1.89999998   2.138   2.054   1.868   1.699   0
   1.99431300   1.890   1.797   1.655   1.533   0
   2.00000000   1.876   1.782   1.642   1.523   0
   2.00030875   1.875   1.781   1.641   1.522   0
   2.09999990   1.627   1.544   1.437   1.351   0
   2.20000005   1.385   1.314   1.239   1.183   0
   2.23378944   1.306   1.240   1.174   1.128   0
   2.29999995   1.157   1.105   1.053   1.019   0
   2.41984868   0.893   0.864   0.836   0.820   0
   2.50000000   0.721   0.703   0.687   0.681   0
   2.56597400   0.582   0.575   0.569   0.569   0
   2.69092155   0.326   0.335   0.340   0.347   0
   2.79582071   0.113   0.127   0.137   0.146   0
   2.88465190  -0.066  -0.054  -0.043  -0.035   1
   2.96056032  -0.220  -0.221  -0.213  -0.210   0
   3.00000000  -0.297  -0.310  -0.307  -0.310   0
   3.03420544  -0.362  -0.387  -0.389  -0.399   0
   3.09109974  -0.468  -0.522  -0.536  -0.560   0
   3.11659861  -0.517  -0.586  -0.606  -0.637   0
   3.14025140  -0.569  -0.649  -0.674  -0.710   0
   3.15448523  -0.610  -0.690  -0.715  -0.751   0
   3.16591001  -0.660  -0.730  -0.747  -0.778   0
   3.17366815  -0.723  -0.765  -0.768  -0.785   0
   3.17883182  -0.828  -0.805  -0.778  -0.767   0
   3.18025303  -0.915  -0.838  -0.790  -0.761   0
   3.18102789  -1.019  -0.876  -0.811  -0.767   0
   3.18112969  -0.986  -0.851  -0.789  -0.746   0
   3.18130589  -0.880  -0.795  -0.745  -0.713   4
   3.18154073  -0.867  -0.838  -0.808  -0.795   0
   3.18186688  -0.915  -0.941  -0.933  -0.943   0
   3.18230677  -0.925  -1.010  -1.033  -1.074   0
   3.18272066  -0.898  -1.028  -1.085  -1.160   0
   3.18318343  -0.846  -1.013  -1.113  -1.234   0
   3.18370485  -0.770  -0.965  -1.121  -1.302   3
   3.18428159  -0.664  -0.866  -1.102  -1.365   0
   3.18468142  -0.571  -0.767  -1.069  -1.400   0
   3.18509030  -0.445  -0.642  -1.016  -1.428   0
   3.18550205  -0.271  -0.484  -0.944  -1.445   0
   3.18591690  -0.029  -0.286  -0.847  -1.442   0
   3.18633127   0.278  -0.056  -0.723  -1.408   0
   3.18673611   0.636   0.199  -0.568  -1.335   0
   3.18713474   1.023   0.472  -0.383  -1.220   0
   3.18752694   1.417   0.751  -0.179  -1.077   0
   3.18791294   1.755   0.984  -0.009  -0.959   0
   3.18810725   1.911   1.081   0.058  -0.920   4
   3.18865967   2.085   1.113   0.024  -1.018   0
   3.18923759   2.113   1.019  -0.126  -1.219   0
   3.18975115   2.107   0.928  -0.252  -1.380   0
   3.19025540   2.090   0.845  -0.363  -1.517   0
   3.19090676   2.060   0.736  -0.504  -1.688   0
   3.19147944   2.032   0.639  -0.628  -1.837   0
   3.19215822   1.997   0.529  -0.768  -2.008   0
   3.19272351   1.967   0.438  -0.883  -2.148   0
   3.19323945   1.949   0.353  -0.993  -2.284   0
   3.19374585   1.932   0.267  -1.104  -2.421   0
   3.19422340   1.917   0.185  -1.212  -2.554   0
   3.19471765   1.910   0.110  -1.312  -2.681   0
   3.19526005   1.903   0.058  -1.384  -2.774   2
   3.19685960   1.904   0.119  -1.298  -2.659   0
   3.19818807   1.908   0.191  -1.200  -2.535   0
   3.19936538   1.918   0.271  -1.094  -2.403   0
   3.20057964   1.932   0.370  -0.963  -2.239   0
   3.20166707   1.946   0.465  -0.838  -2.082   0
   3.20272660   1.968   0.556  -0.719  -1.935   0
   3.20392036   1.991   0.649  -0.598  -1.786   0
   3.20534372   2.017   0.743  -0.476  -1.639   0
   3.20732379   2.041   0.841  -0.348  -1.483   0
   3.20994592   2.050   0.920  -0.240  -1.346   0
   3.21503401   2.023   0.976  -0.150  -1.221   0
   3.22116256   1.978   0.974  -0.131  -1.183   1
   3.31776953   1.752   0.718  -0.401  -1.461   0
   3.39239669   1.654   0.557  -0.591  -1.673   0
   3.42812085   1.673   0.483  -0.703  -1.824   0
   3.43790793   1.710   0.428  -0.794  -1.953   0
   3.43936586   1.720   0.363  -0.891  -2.078   0
   3.43973136   1.717   0.312  -0.961  -2.166   0
   3.43982100   1.717   0.286  -0.997  -2.213   0
   3.43994999   1.714   0.222  -1.084  -2.325   0
   3.44008994   1.709   0.146  -1.187  -2.457   0
   3.44026709   1.706   0.107  -1.239  -2.523   0
   3.44081092   1.708   0.105  -1.243  -2.528   0
   3.44480109   1.704  -0.070  -1.482  -2.832   0
   3.44590282   1.702  -0.167  -1.617  -3.011   0
   3.44679689   1.704  -0.252  -1.738  -3.171   0
   3.44751024   1.711  -0.330  -1.849  -3.320   0
   3.44803023   1.722  -0.394  -1.942  -3.446   0
   3.44850206   1.700  -0.443  -2.015  -3.570   0
   3.44898486   1.563  -0.462  -2.038  -3.695   0
   3.44936538   1.429  -0.511  -2.088  -3.814   2
   3.44973516   1.266  -0.548  -2.124  -3.943   0
   3.45009398   1.117  -0.538  -2.116  -4.079   0
   3.45045471   1.033  -0.512  -2.106  -4.250   0
   3.45080233   0.944  -0.462  -2.066  -4.421   0
   3.45095348   0.930  -0.402  -2.005  -4.475   0
   3.45105910   0.966  -0.304  -1.899  -4.478   0
   3.45116282   0.987  -0.238  -1.827  -4.487   0
   3.45125771   1.008  -0.174  -1.756  -4.494   0
   3.45135903   1.045  -0.065  -1.638  -4.502   0
   3.45148420   1.100   0.104  -1.454  -4.520   0
   3.45162439   1.220   0.375  -1.172  -4.493   0
   3.45173883   1.344   0.643  -0.903  -4.452   0
   3.45176673   1.425   0.810  -0.734  -4.421   0
   3.45177913   1.436   0.835  -0.709  -4.419   0
   3.45179439   1.449   0.865  -0.679  -4.416   0
   3.45180988   1.462   0.895  -0.648  -4.412   0
   3.45182514   1.476   0.926  -0.617  -4.409   0
   3.45184064   1.489   0.956  -0.587  -4.406   0
   3.45185566   1.502   0.987  -0.556  -4.402   0
   3.45187092   1.515   1.017  -0.526  -4.399   0
   3.45188284   1.526   1.041  -0.502  -4.396   0
   3.45189500   1.536   1.064  -0.478  -4.394   1
   3.45191002   1.549   1.095  -0.448  -4.391   0
   3.45192504   1.555   1.116  -0.427  -4.392   0
   3.45194006   1.557   1.134  -0.412  -4.396   0
   3.45195532   1.558   1.151  -0.397  -4.400   0
   3.45197034   1.560   1.169  -0.382  -4.404   0
   3.45198536   1.562   1.187  -0.367  -4.408   0
   3.45200038   1.564   1.204  -0.352  -4.412   0
   3.45201540   1.566   1.222  -0.337  -4.416   0
   3.45203066   1.568   1.239  -0.322  -4.420   0
   3.45204568   1.569   1.257  -0.307  -4.424   0
   3.45206070   1.571   1.274  -0.292  -4.428   0
   3.45211387   1.577   1.330  -0.243  -4.440   0
   3.45217633   1.584   1.396  -0.187  -4.454   0
   3.45223808   1.591   1.449  -0.141  -4.465   0
   3.45229936   1.596   1.471  -0.122  -4.466   0
   3.45236015   1.598   1.487  -0.108  -4.470   0
   3.45242047   1.600   1.503  -0.095  -4.473   0
   3.45248032   1.601   1.518  -0.081  -4.476   0
   3.45253968   1.603   1.534  -0.068  -4.479   0
   3.45259857   1.605   1.549  -0.055  -4.482   0
   3.45265675   1.607   1.564  -0.042  -4.485   0
   3.45271444   1.609   1.580  -0.029  -4.488   0
   3.45277166   1.611   1.595  -0.015  -4.491   0
   3.45282841   1.613   1.610  -0.003  -4.494   0
   3.45288467   1.613   1.620   0.005  -4.500   0
   3.45293903   1.614   1.631   0.014  -4.506   0
   3.45298719   1.618   1.643   0.025  -4.509   0
   3.45303035   1.653   1.700   0.077  -4.488   0
   3.45304441   1.689   1.753   0.126  -4.464   0
   3.45305014   1.707   1.779   0.151  -4.451   0
   3.45305300   1.717   1.795   0.165  -4.444   0
   3.45305443   1.723   1.804   0.173  -4.440   0
   3.45305586   1.729   1.812   0.181  -4.436   0
   3.45305705   1.734   1.819   0.188  -4.433   0
   3.45305824   1.739   1.827   0.195  -4.429   0
   3.45305943   1.745   1.836   0.203  -4.425   0
   3.45306063   1.750   1.844   0.211  -4.421   0
   3.45306182   1.757   1.853   0.220  -4.417   0
   3.45306301   1.763   1.862   0.228  -4.413   0
   3.45306420   1.769   1.872   0.237  -4.409   0
   3.45306540   1.776   1.882   0.247  -4.404   0
   3.45306659   1.783   1.892   0.256  -4.399   0
   3.45306778   1.791   1.903   0.266  -4.394   0
   3.45306897   1.799   1.916   0.278  -4.388   0
   3.45307016   1.807   1.927   0.289  -4.383   0
   3.45307136   1.817   1.941   0.302  -4.376   0
   3.45307398   1.826   1.955   0.314  -4.370   0
