   0.15000001  16.298  14.728  13.127  10.532   0
   0.20000000  15.151  13.709  12.186   9.812   0
   0.25000000  14.488  13.094  11.604   9.336   0
   0.30000001  13.915  12.557  11.097   8.940   0
   0.34999999  13.448  12.106  10.669   8.633   0
   0.40000001  13.018  11.691  10.274   8.338   0
   0.44999999  12.596  11.278   9.883   8.049   0
   0.50000000  12.138  10.817   9.448   7.732   0
   0.55000001  11.656  10.326   8.984   7.401   0
   0.60000002  11.198   9.875   8.571   7.067   0
   0.69999999  10.166   8.920   7.709   6.366   0
   0.80000001   8.920   7.908   6.830   5.678   0
   0.87988907   7.884   7.128   6.165   5.170   0
   0.89999998   7.651   6.954   6.017   5.055   0
   1.00000000   6.577   6.139   5.328   4.502   0
   1.10000002   5.696   5.438   4.734   4.007   0
   1.20000005   4.972   4.826   4.212   3.565   0
   1.26475763   4.561   4.465   3.903   3.302   0
   1.29999995   4.361   4.285   3.749   3.171   0
   1.39999998   3.865   3.823   3.355   2.843   0
   1.50000000   3.441   3.409   3.000   2.552   0
   1.60000002   3.059   3.024   2.675   2.296   0
   1.61381078   3.010   2.973   2.632   2.265   0
   1.70000005   2.713   2.663   2.372   2.070   0
   1.79999995   2.411   2.340   2.101   1.867   0
   1.89999998   2.129   2.044   1.854   1.678   0
   1.91626310   2.085   1.998   1.816   1.649   0
   2.00000000   1.865   1.770   1.623   1.495   0
   2.09999990   1.614   1.524   1.411   1.317   0
   2.13415003   1.529   1.444   1.341   1.258   0
   2.20000005   1.369   1.291   1.207   1.141   0
   2.29999995   1.134   1.069   1.010   0.967   0
   2.32419157   1.079   1.018   0.964   0.925   0
   2.46048403   0.777   0.735   0.702   0.679   0
   2.50000000   0.690   0.653   0.624   0.604   0
   2.57823300   0.523   0.493   0.472   0.458   0
   2.67873931   0.311   0.284   0.269   0.257   0
   2.76385069   0.136   0.105   0.091   0.076   1
   2.83658004  -0.010  -0.055  -0.075  -0.096   0
   2.89948559  -0.133  -0.201  -0.230  -0.262   0
   2.95428300  -0.232  -0.326  -0.370  -0.421   0
   2.97898841  -0.276  -0.382  -0.435  -0.496   0
   3.00000000  -0.320  -0.435  -0.494  -0.562   0
   3.00332403  -0.327  -0.444  -0.503  -0.572   0
   3.01693726  -0.367  -0.484  -0.544  -0.613   0
   3.02810216  -0.420  -0.529  -0.580  -0.641   0
   3.03568292  -0.492  -0.579  -0.610  -0.652   0
   3.04072809  -0.607  -0.632  -0.628  -0.637   0
   3.04211688  -0.703  -0.676  -0.649  -0.637   0
   3.04287386  -0.819  -0.729  -0.678  -0.645   0
   3.04297256  -0.785  -0.703  -0.655  -0.624   0
   3.04314375  -0.670  -0.634  -0.604  -0.589   4
   3.04337215  -0.652  -0.671  -0.663  -0.669   0
   3.04368901  -0.692  -0.763  -0.780  -0.811   0
   3.04411674  -0.685  -0.807  -0.863  -0.933   0
   3.04451919  -0.654  -0.811  -0.903  -1.012   0
   3.04498577  -0.597  -0.784  -0.923  -1.082   3
   3.04551125  -0.518  -0.711  -0.916  -1.145   0
   3.04609275  -0.407  -0.597  -0.884  -1.199   0
   3.04649591  -0.305  -0.494  -0.844  -1.228   0
   3.04690814  -0.169  -0.363  -0.787  -1.250   0
   3.04732299   0.023  -0.197  -0.709  -1.259   0
   3.04774117   0.283   0.003  -0.607  -1.245   0
   3.04815888   0.584   0.220  -0.481  -1.195   0
   3.04856706   0.913   0.456  -0.330  -1.113   0
   3.04896879   1.268   0.712  -0.150  -0.994   0
   3.04936433   1.640   0.978   0.049  -0.851   0
   3.04975319   1.945   1.188   0.204  -0.742   0
   3.04994917   2.074   1.267   0.255  -0.715   4
   3.05053091   2.238   1.297   0.222  -0.809   0
   3.05113959   2.248   1.197   0.070  -1.007   0
   3.05168056   2.238   1.106  -0.054  -1.165   0
   3.05221176   2.219   1.023  -0.165  -1.302   0
   3.05289769   2.185   0.910  -0.310  -1.478   0
   3.05350065   2.153   0.809  -0.438  -1.631   0
   3.05421543   2.110   0.689  -0.589  -1.812   0
   3.05481076   2.071   0.593  -0.708  -1.954   0
   3.05535388   2.047   0.503  -0.823  -2.095   0
   3.05588746   2.026   0.413  -0.939  -2.238   0
   3.05639029   2.010   0.327  -1.051  -2.376   0
   3.05691075   2.003   0.245  -1.162  -2.515   0
   3.05748177   1.993   0.183  -1.244  -2.620   2
   3.05891275   1.995   0.256  -1.143  -2.488   0
   3.06010175   2.001   0.335  -1.038  -2.356   0
   3.06115532   2.014   0.416  -0.930  -2.222   0
   3.06224155   2.033   0.517  -0.799  -2.059   0
   3.06321502   2.054   0.613  -0.673  -1.903   0
   3.06416297   2.082   0.707  -0.554  -1.756   0
   3.06523156   2.108   0.803  -0.429  -1.606   0
   3.06650543   2.138   0.899  -0.306  -1.457   0
   3.06827784   2.166   1.000  -0.175  -1.298   0
   3.07062483   2.182   1.085  -0.062  -1.157   0
   3.07518029   2.175   1.155   0.042  -1.021   0
   3.08066797   2.143   1.163   0.070  -0.975   1
   3.17502499   1.917   0.907  -0.202  -1.255   0
   3.25556231   1.777   0.711  -0.423  -1.495   0
   3.29396224   1.784   0.625  -0.547  -1.658   0
   3.30446339   1.813   0.563  -0.647  -1.795   0
   3.30602694   1.819   0.492  -0.749  -1.927   0
   3.30641890   1.811   0.430  -0.833  -2.031   0
   3.30651498   1.805   0.396  -0.879  -2.087   0
   3.30664420   1.800   0.328  -0.970  -2.205   0
   3.30678439   1.791   0.245  -1.082  -2.346   0
   3.30696177   1.784   0.192  -1.152  -2.435   0
   3.30750680   1.789   0.215  -1.122  -2.398   1
   3.31150413   1.781   0.064  -1.327  -2.658   0
   3.31260777   1.780  -0.038  -1.467  -2.838   0
   3.31350350   1.774  -0.125  -1.587  -2.997   0
   3.31421781   1.769  -0.208  -1.702  -3.147   0
   3.31473875   1.787  -0.268  -1.793  -3.272   0
   3.31521153   1.804  -0.333  -1.890  -3.406   0
   3.31569481   1.722  -0.368  -1.940  -3.538   0
   3.31607628   1.598  -0.410  -1.986  -3.655   0
   3.31644654   1.449  -0.446  -2.022  -3.780   0
   3.31680584   1.268  -0.464  -2.036  -3.908   0
   3.31716728   1.165  -0.454  -2.037  -4.061   3
   3.31751537   1.096  -0.402  -1.999  -4.215   0
   3.31766677   1.048  -0.385  -1.988  -4.302   0
   3.31777263   1.017  -0.353  -1.959  -4.365   0
   3.31787634   1.023  -0.290  -1.891  -4.393   0
   3.31797147   1.050  -0.203  -1.796  -4.405   0
   3.31807303   1.092  -0.080  -1.662  -4.415   0
   3.31819844   1.140   0.077  -1.490  -4.437   0
   3.31833887   1.221   0.291  -1.258  -4.442   0
   3.31845331   1.338   0.545  -1.002  -4.405   0
   3.31848121   1.416   0.714  -0.832  -4.380   0
   3.31849432   1.428   0.742  -0.803  -4.377   1
   3.31851029   1.443   0.777  -0.768  -4.373   0
   3.31852627   1.458   0.812  -0.733  -4.370   0
   3.31854248   1.474   0.847  -0.697  -4.366   0
   3.31855869   1.489   0.882  -0.662  -4.362   0
   3.31857443   1.504   0.917  -0.627  -4.358   0
   3.31859040   1.519   0.952  -0.592  -4.354   0
   3.31860304   1.532   0.980  -0.564  -4.351   0
   3.31861544   1.544   1.007  -0.536  -4.348   0
   3.31863117   1.559   1.042  -0.501  -4.345   0
   3.31864691   1.574   1.077  -0.466  -4.341   0
   3.31866264   1.589   1.111  -0.431  -4.337   0
   3.31867862   1.604   1.146  -0.396  -4.333   0
   3.31869435   1.613   1.173  -0.370  -4.334   0
   3.31871009   1.615   1.194  -0.353  -4.339   0
   3.31872582   1.617   1.214  -0.335  -4.343   0
   3.31874156   1.619   1.234  -0.318  -4.348   0
   3.31875730   1.621   1.255  -0.300  -4.352   0
   3.31877303   1.623   1.275  -0.283  -4.357   0
   3.31878877   1.625   1.296  -0.265  -4.361   0
   3.31884456   1.632   1.343  -0.224  -4.371   0
   3.31890988   1.637   1.398  -0.177  -4.383   0
   3.31897449   1.643   1.445  -0.137  -4.392   0
   3.31903863   1.647   1.468  -0.116  -4.395   0
   3.31910229   1.650   1.488  -0.099  -4.399   0
   3.31916547   1.652   1.507  -0.083  -4.403   0
   3.31922817   1.654   1.526  -0.067  -4.407   0
   3.31929016   1.656   1.545  -0.050  -4.411   0
   3.31935167   1.659   1.564  -0.034  -4.414   0
   3.31941271   1.661   1.583  -0.018  -4.418   0
   3.31947303   1.663   1.602  -0.001  -4.422   0
   3.31953287   1.666   1.621   0.015  -4.426   0
   3.31959248   1.668   1.640   0.032  -4.429   0
   3.31965113   1.672   1.660   0.049  -4.432   0
   3.31970811   1.674   1.676   0.062  -4.437   0
   3.31975842   1.676   1.690   0.074  -4.443   0
   3.31980371   1.702   1.736   0.116  -4.430   0
   3.31981826   1.730   1.778   0.155  -4.412   0
   3.31982422   1.744   1.800   0.175  -4.403   0
   3.31982732   1.753   1.815   0.189  -4.397   0
   3.31982899   1.760   1.824   0.197  -4.393   0
   3.31983018   1.765   1.833   0.206  -4.389   0
   3.31983137   1.771   1.842   0.214  -4.386   0
   3.31983256   1.777   1.851   0.222  -4.382   0
   3.31983399   1.783   1.861   0.231  -4.378   0
   3.31983519   1.790   1.871   0.240  -4.374   0
   3.31983662   1.797   1.882   0.250  -4.369   0
   3.31983781   1.804   1.892   0.260  -4.365   0
   3.31983900   1.811   1.904   0.271  -4.360   0
   3.31984019   1.820   1.916   0.283  -4.354   0
   3.31984138   1.828   1.929   0.294  -4.349   0
   3.31984282   1.836   1.942   0.307  -4.344   0
   3.31984401   1.846   1.958   0.321  -4.337   0
   3.31984520   1.856   1.973   0.335  -4.331   0
   3.31984663   1.868   1.990   0.351  -4.323   0
   3.31984925   1.879   2.008   0.368  -4.316   0
