   0.15000001  16.219  14.662  13.069  10.489   0
   0.20000000  15.065  13.632  12.115   9.743   0
   0.25000000  14.374  12.988  11.503   9.243   0
   0.30000001  13.794  12.438  10.982   8.841   0
   0.34999999  13.345  12.005  10.571   8.549   0
   0.40000001  12.926  11.601  10.188   8.263   0
   0.44999999  12.487  11.168   9.779   7.967   0
   0.50000000  11.997  10.672   9.310   7.629   0
   0.55000001  11.480  10.148   8.818   7.262   0
   0.60000002  10.976   9.649   8.356   6.880   0
   0.63149935  10.583   9.277   8.019   6.608   0
   0.67324412  10.018   8.784   7.584   6.260   0
   0.69999999   9.642   8.464   7.303   6.037   0
   0.71915889   9.291   8.191   7.069   5.858   0
   0.74639016   8.803   7.810   6.741   5.603   0
   0.77125382   8.360   7.470   6.447   5.373   0
   0.79431367   7.951   7.156   6.175   5.158   0
   0.80000001   7.850   7.078   6.107   5.104   0
   0.80437499   7.766   7.014   6.051   5.060   0
   0.82266569   7.436   6.757   5.826   4.875   0
   0.84043652   7.118   6.506   5.606   4.690   0
   0.84949672   6.963   6.382   5.495   4.595   0
   0.85849255   6.813   6.258   5.384   4.499   0
   0.86923015   6.636   6.111   5.251   4.382   0
   0.87351543   6.569   6.054   5.199   4.335   0
   0.87883794   6.487   5.982   5.132   4.274   0
   0.88252741   6.430   5.932   5.086   4.230   0
   0.88708943   6.357   5.867   5.026   4.175   0
   0.89999998   6.173   5.691   4.854   4.008   0
   0.90485692   6.102   5.623   4.787   3.942   0
   0.91733485   5.979   5.467   4.612   3.752   0
   0.92582160   6.035   5.433   4.531   3.624   3
   0.93007714   6.240   5.512   4.548   3.577   0
   0.93202651   6.395   5.575   4.569   3.548   0
   0.93433124   6.482   5.563   4.512   3.439   0
   0.93600231   6.424   5.454   4.379   3.281   0
   0.93722248   6.320   5.324   4.237   3.126   0
   0.93819958   6.204   5.192   4.096   2.978   0
   0.93910557   6.081   5.054   3.950   2.825   0
   0.93994009   5.954   4.909   3.797   2.666   0
   0.94064277   5.832   4.769   3.648   2.510   0
   0.94126362   5.715   4.631   3.500   2.355   0
   0.94181222   5.601   4.496   3.356   2.202   0
   0.94229811   5.491   4.364   3.213   2.051   0
   0.94274932   5.380   4.231   3.069   1.899   0
   0.94313490   5.274   4.101   2.928   1.749   0
   0.94347578   5.172   3.971   2.787   1.597   0
   0.94377744   5.076   3.844   2.646   1.446   0
   0.94404560   4.986   3.723   2.512   1.300   0
   0.94429415   4.899   3.602   2.376   1.152   0
   0.94452876   4.822   3.490   2.249   1.009   0
   0.94479293   4.747   3.382   2.127   0.874   0
   0.94489974   4.729   3.359   2.102   0.847   2
   0.94515413   4.781   3.454   2.215   0.979   0
   0.94532698   4.705   3.339   2.083   0.831   0
   0.94549704   4.631   3.225   1.953   0.684   0
   0.94565707   4.557   3.104   1.813   0.525   0
   0.94582003   4.490   2.985   1.672   0.364   0
   0.94593692   4.432   2.876   1.544   0.216   0
   0.94605809   4.379   2.766   1.411   0.061   0
   0.94615912   4.321   2.654   1.277  -0.094   0
   0.94624573   4.268   2.549   1.149  -0.248   0
   0.94633240   4.215   2.444   1.023  -0.399   0
   0.94639593   4.183   2.359   0.915  -0.531   0
   0.94646090   4.161   2.273   0.802  -0.674   0
   0.94651580   4.132   2.175   0.677  -0.830   0
   0.94656348   4.096   2.102   0.581  -0.964   0
   0.94660395   4.000   2.052   0.523  -1.083   0
   0.94663429   3.909   2.019   0.483  -1.188   0
   0.94667041   3.798   1.979   0.437  -1.310   0
   0.94670075   3.680   1.937   0.390  -1.428   0
   0.94672680   3.554   1.900   0.350  -1.542   0
   0.94674993   3.506   1.910   0.346  -1.656   0
   0.94677013   3.450   1.914   0.335  -1.781   3
   0.94678891   3.403   1.929   0.339  -1.890   0
   0.94680625   3.347   1.947   0.345  -2.009   0
   0.94682217   3.338   2.030   0.430  -2.081   0
   0.94683373   3.385   2.178   0.591  -2.099   0
   0.94684672   3.423   2.320   0.748  -2.129   0
   0.94685686   3.467   2.461   0.902  -2.147   0
   0.94686699   3.538   2.642   1.095  -2.145   0
   0.94687563   3.639   2.864   1.318  -2.114   0
   0.94688433   3.743   3.094   1.550  -2.083   0
   0.94689155   3.870   3.355   1.812  -2.035   1
   0.94689876   3.945   3.552   2.001  -2.019   0
   0.94690460   3.974   3.693   2.125  -2.031   0
   0.94691181   4.025   3.887   2.296  -2.032   0
   0.94691616   4.068   4.042   2.434  -2.031   0
   0.94692189   4.099   4.178   2.548  -2.062   0
   0.94692624   4.124   4.278   2.632  -2.087   2
   0.94692624   3.938   2.564   1.305   0.090   1
   0.94695354   3.942   2.543   1.274   0.048   0
   0.94701701   3.936   2.514   1.236   0.000   0
   0.94704664   3.932   2.513   1.235   0.000   0
   0.94714141   3.915   2.515   1.245   0.019   0
   0.94723731   3.897   2.513   1.250   0.032   0
   0.94733500   3.882   2.510   1.251   0.040   0
   0.94743407   3.869   2.510   1.257   0.051   0
   0.94753432   3.857   2.511   1.263   0.063   0
   0.94763690   3.843   2.510   1.267   0.072   0
   0.94774234   3.829   2.508   1.270   0.080   0
   0.94784820   3.818   2.507   1.272   0.087   0
   0.94795281   3.808   2.504   1.273   0.091   0
   0.94805467   3.801   2.502   1.273   0.093   0
   0.94815916   3.793   2.497   1.269   0.091   0
   0.94826299   3.787   2.493   1.266   0.088   0
   0.94826609   3.788   2.492   1.265   0.087   0
   0.94841331   3.780   2.477   1.247   0.066   0
   0.94857162   3.775   2.455   1.218   0.031   0
   0.94876111   3.770   2.414   1.162  -0.039   0
   0.94884390   3.764   2.377   1.112  -0.101   0
   0.94902158   3.753   2.296   1.003  -0.240   0
   0.94912452   3.748   2.234   0.918  -0.349   0
   0.94916564   3.747   2.195   0.865  -0.418   0
   0.94918549   3.759   2.101   0.731  -0.595   0
   0.94919109   3.772   2.019   0.613  -0.751   0
   0.94919437   3.787   1.924   0.471  -0.949   0
   0.94919533   3.786   1.870   0.396  -1.048   0
   0.94919646   3.793   1.809   0.307  -1.171   0
   0.94919783   3.819   1.750   0.214  -1.303   0
   0.94919950   3.788   1.724   0.175  -1.387   0
   0.94920009   3.773   1.722   0.171  -1.403   0
   0.94920427   3.816   1.736   0.195  -1.326   0
   0.94921809   3.786   1.785   0.277  -1.208   0
   0.94922161   3.782   1.787   0.280  -1.201   0
   0.94926482   3.792   1.712   0.163  -1.384   0
   0.94928235   3.688   1.697   0.141  -1.495   0
   0.94929641   3.564   1.677   0.117  -1.613   0
   0.94930643   3.437   1.659   0.098  -1.720   0
   0.94931436   3.326   1.667   0.105  -1.810   0
   0.94932169   3.313   1.738   0.159  -1.908   0
   0.94932795   3.271   1.774   0.183  -2.018   0
   0.94933182   3.228   1.797   0.197  -2.112   0
   0.94933492   3.210   1.862   0.256  -2.184   2
   0.94933784   3.267   2.019   0.427  -2.192   0
   0.94934046   3.336   2.202   0.625  -2.195   0
   0.94934261   3.425   2.410   0.850  -2.184   0
   0.94934529   3.498   2.604   1.057  -2.186   0
   0.94934779   3.691   2.966   1.420  -2.091   0
   0.94935042   3.830   3.256   1.713  -2.041   1
   0.94935328   3.953   3.525   1.980  -1.998   0
   0.94935608   3.993   3.700   2.134  -2.007   0
   0.94935894   4.066   3.924   2.334  -1.990   0
   0.94936180   4.146   4.154   2.539  -1.969   0
   0.94936454   4.187   4.303   2.665  -2.000   0
   0.94936538   4.224   4.424   2.768  -2.020   0
   0.94936556   4.237   4.473   2.809  -2.029   0
   0.94936687   4.235   4.525   2.850  -2.069   0
   0.94936794   4.261   4.591   2.906  -2.098   0
