   0.15000001  16.292  14.723  13.123  10.529   0
   0.20000000  15.145  13.704  12.181   9.807   0
   0.25000000  14.480  13.086  11.598   9.330   0
   0.30000001  13.907  12.549  11.089   8.933   0
   0.34999999  13.440  12.099  10.662   8.627   0
   0.40000001  13.006  11.679  10.263   8.326   0
   0.44999999  12.584  11.266   9.872   8.038   0
   0.50000000  12.124  10.803   9.434   7.719   0
   0.55000001  11.641  10.311   8.969   7.388   0
   0.58636647  11.195   9.873   8.572   7.075   1
   0.60000002  11.199   9.873   8.565   7.053   0
   0.62408376  10.955   9.631   8.341   6.869   0
   0.69999999  10.152   8.903   7.689   6.343   0
   0.80000001   8.838   7.845   6.777   5.639   0
   0.89089006   7.665   6.962   6.022   5.057   0
   0.89999998   7.560   6.883   5.955   5.003   0
   0.90683633   7.479   6.821   5.903   4.962   0
   0.98669916   6.596   6.150   5.334   4.504   0
   1.00000000   6.461   6.046   5.246   4.431   0
   1.02202713   6.245   5.876   5.101   4.311   0
   1.07587659   5.767   5.489   4.772   4.034   0
   1.10000002   5.569   5.326   4.633   3.916   0
   1.12505949   5.365   5.155   4.486   3.790   0
   1.15545118   5.131   4.956   4.315   3.642   0
   1.17971039   4.964   4.808   4.187   3.532   0
   1.19960093   4.835   4.694   4.087   3.446   0
   1.20000005   4.833   4.692   4.085   3.444   0
   1.21303880   4.740   4.609   4.013   3.381   0
   1.22205436   4.677   4.552   3.964   3.339   0
   1.24586332   4.532   4.422   3.850   3.239   0
   1.29512417   4.252   4.168   3.626   3.044   0
   1.29999995   4.228   4.144   3.605   3.025   0
   1.39999998   3.752   3.686   3.195   2.661   0
   1.42391813   3.646   3.584   3.103   2.578   0
   1.50000000   3.337   3.278   2.819   2.317   0
   1.52705085   3.235   3.176   2.723   2.227   0
   1.59212565   3.015   2.950   2.502   2.010   1
   1.60000002   2.991   2.925   2.476   1.983   0
   1.64838350   2.849   2.773   2.320   1.823   0
   1.69586861   2.733   2.643   2.176   1.665   0
   1.70000005   2.724   2.633   2.164   1.652   0
   1.73717344   2.651   2.546   2.060   1.532   0
   1.77276647   2.601   2.480   1.970   1.418   0
   1.79999995   2.574   2.439   1.906   1.332   0
   1.80425310   2.571   2.433   1.897   1.319   0
   1.81863749   2.563   2.413   1.863   1.274   0
   1.83210897   2.546   2.385   1.825   1.227   0
   1.84172082   2.509   2.345   1.783   1.183   2
   1.84700513   2.460   2.299   1.743   1.148   0
   1.85158086   2.359   2.211   1.673   1.095   0
   1.85461628   2.161   2.033   1.544   1.012   0
   1.85543907   1.970   1.861   1.421   0.939   0
   1.85585809   1.773   1.666   1.281   0.860   0
   1.85596263   1.877   1.771   1.366   0.921   0
   1.85612237   2.034   1.916   1.456   0.954   4
   1.85649323   2.107   1.958   1.434   0.869   0
   1.85738122   2.286   2.077   1.475   0.841   0
   1.85867012   2.526   2.248   1.574   0.878   0
   1.85999238   2.808   2.454   1.712   0.959   0
   1.86106765   3.108   2.672   1.872   1.070   0
   1.86211991   3.428   2.908   2.051   1.201   0
   1.86315680   3.736   3.124   2.216   1.318   0
   1.86394870   3.915   3.235   2.289   1.357   4
   1.86568463   4.028   3.239   2.238   1.254   0
   1.86697590   3.983   3.133   2.102   1.089   0
   1.86825061   3.892   2.988   1.932   0.895   0
   1.86923957   3.807   2.863   1.788   0.734   0
   1.87025738   3.720   2.728   1.630   0.557   0
   1.87128580   3.629   2.587   1.467   0.373   0
   1.87210083   3.560   2.476   1.337   0.226   0
   1.87301624   3.486   2.351   1.192   0.060   0
   1.87381566   3.420   2.238   1.059  -0.092   0
   1.87463057   3.355   2.121   0.920  -0.252   0
   1.87534106   3.300   2.015   0.792  -0.400   0
   1.87600791   3.254   1.914   0.669  -0.544   0
   1.87668014   3.212   1.814   0.546  -0.691   0
   1.87732279   3.170   1.716   0.425  -0.835   0
   1.87797451   3.129   1.615   0.300  -0.984   0
   1.87866282   3.095   1.526   0.189  -1.118   0
   1.87924564   3.074   1.470   0.119  -1.201   2
   1.87981367   3.108   1.571   0.247  -1.046   0
   1.88006186   3.149   1.683   0.387  -0.877   0
   1.88026392   3.188   1.789   0.520  -0.716   0
   1.88045156   3.226   1.883   0.636  -0.577   0
   1.88074541   3.269   1.980   0.755  -0.437   0
   1.88077021   3.271   1.985   0.762  -0.429   1
   1.88122368   3.226   1.888   0.643  -0.567   0
   1.88194406   3.184   1.794   0.528  -0.704   0
   1.88264894   3.145   1.702   0.414  -0.840   0
   1.88338161   3.108   1.609   0.299  -0.978   0
   1.88410223   3.075   1.519   0.187  -1.112   0
   1.88472140   3.048   1.443   0.092  -1.228   0
   1.88538516   3.023   1.358  -0.016  -1.359   0
   1.88602066   3.001   1.272  -0.127  -1.495   0
   1.88657260   2.979   1.201  -0.218  -1.610   0
   1.88712311   2.963   1.129  -0.314  -1.732   0
   1.88759410   2.948   1.061  -0.403  -1.846   0
   1.88805747   2.925   0.989  -0.495  -1.960   0
   1.88845825   2.902   0.921  -0.581  -2.065   0
   1.88879645   2.910   0.869  -0.658  -2.170   0
   1.88913107   2.882   0.823  -0.721  -2.270   0
   1.88941658   2.813   0.795  -0.754  -2.350   0
   1.88969529   2.734   0.763  -0.790  -2.437   0
   1.88991213   2.667   0.746  -0.810  -2.503   0
   1.89012229   2.598   0.729  -0.829  -2.569   0
   1.89032578   2.519   0.704  -0.856  -2.641   0
   1.89052606   2.434   0.676  -0.884  -2.715   0
   1.89068723   2.356   0.673  -0.887  -2.773   0
   1.89070022   2.348   0.673  -0.887  -2.778   2
   1.89070022   3.331   2.275   1.147   0.054   1
   1.89209366   3.319   2.255   1.124   0.028   0
   1.89298582   3.313   2.244   1.112   0.014   0
   1.89768112   3.303   2.245   1.117   0.024   0
   1.89999998   3.297   2.242   1.115   0.024   0
   1.90440452   3.288   2.236   1.111   0.021   0
   1.91019201   3.277   2.229   1.106   0.018   0
   1.91594911   3.266   2.225   1.104   0.019   0
   1.92167306   3.253   2.216   1.097   0.015   0
   1.92747331   3.242   2.210   1.092   0.012   0
   1.93362308   3.232   2.204   1.088   0.011   0
   1.94022536   3.222   2.197   1.082   0.006   0
   1.94686544   3.209   2.189   1.076   0.002   0
   1.95359528   3.198   2.181   1.070  -0.003   0
   1.95461583   3.196   2.181   1.071  -0.002   0
   1.96175718   3.183   2.168   1.058  -0.013   0
   1.97087932   3.166   2.153   1.044  -0.026   0
   1.98055375   3.146   2.136   1.029  -0.040   0
   1.99093652   3.126   2.118   1.012  -0.056   0
   2.00000000   3.108   2.104   0.999  -0.067   0
   2.00282836   3.096   2.091   0.986  -0.080   0
   2.02591252   3.005   1.962   0.839  -0.242   0
   2.03570247   2.961   1.862   0.715  -0.389   0
   2.04135537   2.919   1.774   0.609  -0.515   0
   2.04384279   2.883   1.672   0.479  -0.671   0
   2.04428411   2.858   1.579   0.358  -0.820   0
   2.04447699   2.829   1.477   0.227  -0.977   0
   2.04455638   2.805   1.394   0.119  -1.110   0
   2.04461145   2.777   1.305   0.007  -1.247   0
   2.04466629   2.748   1.213  -0.110  -1.390   0
   2.04473615   2.731   1.149  -0.193  -1.492   0
   2.04851985   2.703   1.019  -0.361  -1.699   0
   2.04916143   2.691   0.925  -0.487  -1.858   0
   2.04952407   2.675   0.849  -0.588  -1.989   0
   2.04981232   2.665   0.773  -0.691  -2.122   0
   2.05004549   2.644   0.689  -0.801  -2.260   0
   2.05020452   2.657   0.631  -0.887  -2.380   0
   2.05036330   2.663   0.560  -0.989  -2.516   0
   2.05049729   2.566   0.530  -1.026  -2.629   0
   2.05061150   2.458   0.504  -1.057  -2.737   0
   2.05072069   2.335   0.468  -1.096  -2.850   0
   2.05081987   2.215   0.445  -1.119  -2.948   0
   2.05092406   2.103   0.446  -1.120  -3.047   0
   2.05102324   2.099   0.530  -1.052  -3.135   0
   2.05114222   2.020   0.507  -1.084  -3.264   0
   2.05124640   1.964   0.507  -1.091  -3.362   0
   2.05135036   1.937   0.572  -1.034  -3.447   2
   2.05146933   1.980   0.724  -0.869  -3.474   0
   2.05155373   2.016   0.853  -0.728  -3.497   0
   2.05158830   2.084   1.031  -0.535  -3.500   0
   2.05159569   2.096   1.067  -0.495  -3.504   0
   2.05160332   2.107   1.103  -0.456  -3.508   0
   2.05161071   2.119   1.139  -0.416  -3.511   0
   2.05161667   2.129   1.169  -0.384  -3.514   0
   2.05162406   2.141   1.206  -0.344  -3.518   0
   2.05163145   2.159   1.249  -0.298  -3.517   0
   2.05163908   2.180   1.298  -0.249  -3.511   1
   2.05164647   2.201   1.347  -0.200  -3.506   0
   2.05165386   2.222   1.395  -0.151  -3.501   0
   2.05166101   2.243   1.443  -0.104  -3.496   0
   2.05166674   2.260   1.481  -0.065  -3.491   0
   2.05167365   2.280   1.528  -0.018  -3.486   0
   2.05168080   2.301   1.576   0.030  -3.481   0
   2.05168796   2.322   1.623   0.078  -3.476   0
   2.05169511   2.343   1.671   0.126  -3.471   0
   2.05170226   2.363   1.718   0.174  -3.466   0
   2.05170798   2.380   1.756   0.212  -3.462   0
   2.05171490   2.399   1.800   0.256  -3.456   0
   2.05172205   2.416   1.838   0.295  -3.452   0
   2.05172920   2.430   1.869   0.325  -3.448   0
   2.05173635   2.443   1.899   0.356  -3.445   0
   2.05174351   2.456   1.930   0.387  -3.442   0
   2.05176187   2.476   1.972   0.429  -3.435   0
   2.05178332   2.496   2.019   0.477  -3.430   0
   2.05180454   2.517   2.066   0.524  -3.425   1
   2.05182552   2.521   2.095   0.550  -3.430   0
   2.05184650   2.525   2.123   0.573  -3.436   0
   2.05186725   2.528   2.151   0.597  -3.442   0
   2.05188799   2.531   2.178   0.621  -3.448   0
   2.05190849   2.534   2.206   0.645  -3.454   0
   2.05192900   2.537   2.234   0.669  -3.460   0
   2.05194926   2.540   2.262   0.693  -3.466   0
   2.05196953   2.543   2.290   0.717  -3.471   0
   2.05198932   2.547   2.318   0.741  -3.477   0
   2.05200934   2.550   2.346   0.765  -3.483   0
   2.05202913   2.553   2.374   0.789  -3.489   0
   2.05204868   2.556   2.402   0.813  -3.495   0
   2.05206847   2.560   2.430   0.838  -3.501   0
   2.05208778   2.563   2.458   0.862  -3.506   0
   2.05210710   2.566   2.486   0.886  -3.512   0
   2.05212617   2.570   2.514   0.910  -3.518   0
   2.05214500   2.573   2.543   0.935  -3.524   0
   2.05216408   2.576   2.571   0.959  -3.529   0
   2.05218267   2.575   2.587   0.972  -3.543   0
   2.05220127   2.573   2.604   0.984  -3.557   0
   2.05221987   2.572   2.621   0.997  -3.570   0
   2.05223823   2.571   2.639   1.011  -3.583   0
   2.05225301   2.572   2.656   1.025  -3.593   0
   2.05226779   2.577   2.679   1.044  -3.600   0
   2.05227637   2.586   2.703   1.065  -3.601   0
   2.05227923   2.599   2.726   1.086  -3.595   0
   2.05228043   2.609   2.743   1.102  -3.590   0
   2.05228186   2.620   2.762   1.119  -3.584   0
   2.05228305   2.632   2.782   1.137  -3.577   0
   2.05228448   2.645   2.805   1.158  -3.570   0
   2.05228591   2.659   2.828   1.179  -3.563   0
   2.05228734   2.675   2.855   1.203  -3.554   0
   2.05228853   2.693   2.884   1.230  -3.544   0
   2.05228996   2.713   2.917   1.260  -3.533   0
   2.05229139   2.735   2.954   1.294  -3.520   0
   2.05229139   2.737   2.956   1.296  -3.519   0
