   0.15000001  16.299  14.729  13.128  10.532   0
   0.20000000  15.152  13.710  12.187   9.813   0
   0.25000000  14.490  13.095  11.606   9.338   0
   0.30000001  13.917  12.559  11.099   8.942   0
   0.34999999  13.449  12.108  10.671   8.634   0
   0.40000001  13.021  11.694  10.277   8.341   0
   0.44999999  12.599  11.281   9.886   8.052   0
   0.50000000  12.141  10.820   9.451   7.735   0
   0.55000001  11.659  10.330   8.987   7.404   0
   0.60000002  11.198   9.876   8.572   7.070   0
   0.69999999  10.166   8.922   7.713   6.372   0
   0.80000001   8.946   7.929   6.848   5.693   0
   0.89999998   7.684   6.979   6.039   5.073   0
   1.00000000   6.603   6.161   5.346   4.518   0
   1.04053807   6.238   5.876   5.104   4.317   0
   1.10000002   5.747   5.480   4.770   4.038   0
   1.18373060   5.129   4.965   4.331   3.666   0
   1.20000005   5.023   4.872   4.252   3.599   0
   1.24667156   4.707   4.598   4.020   3.405   0
   1.29999995   4.393   4.317   3.781   3.203   0
   1.36218977   4.080   4.027   3.534   2.998   0
   1.39999998   3.897   3.857   3.390   2.878   0
   1.48012948   3.554   3.524   3.108   2.650   0
   1.50000000   3.474   3.445   3.040   2.595   0
   1.51548266   3.412   3.384   2.989   2.556   0
   1.60000002   3.096   3.064   2.722   2.353   0
   1.70000005   2.759   2.710   2.432   2.145   0
   1.79999995   2.460   2.390   2.170   1.962   0
   1.89999998   2.186   2.104   1.940   1.797   0
   2.00000000   1.935   1.859   1.742   1.649   0
   2.09999990   1.700   1.641   1.564   1.512   0
   2.20000005   1.477   1.449   1.402   1.378   0
   2.29999995   1.269   1.270   1.249   1.249   0
   2.42114425   1.040   1.082   1.086   1.106   0
   2.50000000   0.894   0.961   0.981   1.013   0
   2.91375351   0.212   0.415   0.482   0.549   0
   3.00000000   0.079   0.308   0.382   0.454   0
   3.31381679  -0.364  -0.050   0.043   0.128   0
   3.50000000  -0.618  -0.261  -0.160  -0.068   0
   3.62823749  -0.791  -0.408  -0.301  -0.205   0
   3.86499739  -1.110  -0.687  -0.573  -0.472   0
   4.00000000  -1.294  -0.856  -0.738  -0.636   0
   4.07497358  -1.396  -0.950  -0.831  -0.727   0
   4.23788452  -1.628  -1.172  -1.050  -0.947   1
   4.37450600  -1.834  -1.378  -1.256  -1.154   0
   4.49070549  -2.022  -1.574  -1.453  -1.354   0
   4.50000000  -2.037  -1.590  -1.469  -1.371   0
   4.50038147  -2.038  -1.591  -1.469  -1.371   1
   4.59960413  -2.211  -1.781  -1.662  -1.569   0
   4.68308306  -2.364  -1.961  -1.845  -1.759   0
   4.71975803  -2.437  -2.046  -1.933  -1.850   0
   4.75337839  -2.507  -2.126  -2.015  -1.935   0
   4.77407169  -2.553  -2.173  -2.061  -1.982   0
   4.78879833  -2.589  -2.197  -2.084  -2.003   0
   4.79911709  -2.619  -2.201  -2.084  -1.998   3
   4.80598783  -2.648  -2.178  -2.052  -1.955   0
   4.80791044  -2.675  -2.162  -2.028  -1.921   0
   4.80897570  -2.712  -2.157  -2.016  -1.899   0
   4.80906916  -2.701  -2.148  -2.007  -1.891   0
   4.80931425  -2.635  -2.113  -1.977  -1.868   0
   4.80960226  -2.646  -2.168  -2.040  -1.942   0
   4.80996275  -2.747  -2.320  -2.201  -2.115   0
   4.81032276  -2.828  -2.446  -2.335  -2.260   0
   4.81072617  -2.881  -2.556  -2.454  -2.390   0
   4.81118679  -2.917  -2.657  -2.566  -2.515   0
   4.81134510  -2.925  -2.689  -2.601  -2.555   0
   4.81184578  -2.934  -2.776  -2.702  -2.671   0
   4.81219721  -2.928  -2.828  -2.766  -2.750   0
   4.81254864  -2.910  -2.875  -2.830  -2.831   0
   4.81292725  -2.870  -2.906  -2.887  -2.914   0
   4.81330538  -2.796  -2.912  -2.933  -2.998   0
   4.81368351  -2.678  -2.872  -2.955  -3.081   3
   4.81406116  -2.520  -2.770  -2.940  -3.157   0
   4.81424999  -2.420  -2.677  -2.915  -3.195   0
   4.81443882  -2.303  -2.563  -2.877  -3.230   0
   4.81462812  -2.163  -2.429  -2.825  -3.261   0
   4.81481647  -1.964  -2.257  -2.752  -3.282   0
   4.81500530  -1.693  -2.048  -2.660  -3.292   0
   4.81518078  -1.354  -1.814  -2.550  -3.283   0
   4.81536961  -0.904  -1.526  -2.402  -3.242   0
   4.81554461  -0.479  -1.264  -2.247  -3.169   0
   4.81571960  -0.111  -1.031  -2.091  -3.075   0
   4.81589460   0.256  -0.798  -1.925  -2.967   0
   4.81607008   0.545  -0.621  -1.798  -2.888   0
   4.81643200   0.919  -0.504  -1.783  -2.979   4
   4.81661272   0.992  -0.557  -1.884  -3.132   0
   4.81679344   1.027  -0.614  -1.976  -3.262   0
   4.81716919   1.055  -0.700  -2.105  -3.435   0
   4.81762791   1.087  -0.763  -2.202  -3.570   0
   4.81812859   1.103  -0.820  -2.289  -3.691   0
   4.81865644   1.118  -0.881  -2.380  -3.817   0
   4.81919813   1.127  -0.947  -2.476  -3.945   0
   4.81972551   1.138  -1.011  -2.570  -4.072   0
   4.82025290   1.128  -1.070  -2.653  -4.194   0
   4.82079411   1.046  -1.094  -2.680  -4.271   0
   4.82224941   0.960  -1.119  -2.705  -4.347   3
   4.82796955   1.074  -1.100  -2.685  -4.250   0
   4.83085394   1.117  -1.065  -2.636  -4.150   0
   4.83319426   1.098  -1.013  -2.556  -4.039   0
   4.83554649   1.078  -0.954  -2.467  -3.915   0
   4.83789682   1.069  -0.890  -2.373  -3.789   0
   4.84084272   1.052  -0.823  -2.272  -3.649   0
   4.84454203   1.025  -0.759  -2.173  -3.512   0
   4.84980392   0.983  -0.700  -2.078  -3.378   0
   4.85880566   0.891  -0.683  -2.019  -3.273   0
   4.86810637   0.775  -0.720  -2.026  -3.245   0
   4.94222260   0.360  -1.043  -2.314  -3.485   0
   4.95136404   0.325  -1.074  -2.343  -3.512   1
   5.00000000   0.566  -0.982  -2.309  -3.540   0
   5.02146196   0.682  -0.935  -2.287  -3.550   0
   5.03983593   0.828  -0.935  -2.341  -3.665   0
   5.04184103   0.894  -0.975  -2.420  -3.786   0
   5.04207182   0.905  -0.996  -2.455  -3.837   0
   5.04235506   0.931  -1.048  -2.538  -3.956   0
   5.04433823   0.966  -1.106  -2.634  -4.094   0
   5.04522276   0.992  -1.175  -2.740  -4.241   0
   5.04660130   0.954  -1.230  -2.819  -4.386   0
   5.04785490   0.826  -1.255  -2.845  -4.496   0
   5.04905462   0.672  -1.304  -2.895  -4.624   2
   5.05000687   0.516  -1.314  -2.900  -4.725   0
   5.05079937   0.366  -1.337  -2.918  -4.826   0
   5.05148602   0.319  -1.311  -2.901  -4.929   0
   5.05213737   0.259  -1.294  -2.892  -5.038   0
   5.05270004   0.198  -1.275  -2.878  -5.142   0
   5.05322742   0.142  -1.236  -2.843  -5.238   0
   5.05384302   0.094  -1.219  -2.820  -5.322   0
   5.05414152   0.163  -1.037  -2.623  -5.325   0
   5.05444002   0.216  -0.876  -2.446  -5.343   0
   5.05468607   0.275  -0.703  -2.258  -5.358   0
   5.05491447   0.385  -0.459  -2.006  -5.327   0
   5.05537081   0.274  -0.698  -2.253  -5.361   2
   5.05545855   0.376  -0.474  -2.021  -5.333   0
   5.05549383   0.473  -0.280  -1.826  -5.293   0
