   0.15000001  16.299  14.729  13.129  10.532   0
   0.20000000  15.153  13.711  12.187   9.813   0
   0.25000000  14.490  13.096  11.606   9.338   0
   0.30000001  13.918  12.560  11.100   8.942   0
   0.34999999  13.449  12.108  10.671   8.634   0
   0.40000001  13.021  11.694  10.278   8.341   0
   0.44999999  12.599  11.281   9.887   8.052   0
   0.50000000  12.142  10.821   9.452   7.736   0
   0.55000001  11.660  10.331   8.988   7.405   0
   0.60000002  11.198   9.876   8.572   7.070   0
   0.69999999  10.166   8.923   7.713   6.373   0
   0.80000001   8.951   7.933   6.852   5.696   0
   0.89999998   7.691   6.984   6.044   5.077   0
   1.00000000   6.609   6.165   5.350   4.521   0
   1.10000002   5.764   5.494   4.782   4.048   0
   1.20000005   5.043   4.889   4.267   3.611   0
   1.29999995   4.401   4.327   3.790   3.213   0
   1.39999998   3.904   3.865   3.398   2.888   0
   1.50000000   3.483   3.455   3.051   2.607   0
   1.60000002   3.103   3.071   2.731   2.363   0
   1.70000005   2.764   2.715   2.439   2.156   0
   1.79999995   2.466   2.396   2.179   1.975   0
   1.89123535   2.221   2.140   1.976   1.833   0
   1.89999998   2.197   2.116   1.956   1.819   0
   2.00000000   1.949   1.877   1.764   1.676   0
   2.09999990   1.721   1.668   1.595   1.548   0
   2.20000005   1.498   1.477   1.436   1.418   0
   2.29999995   1.293   1.306   1.291   1.296   0
   2.50000000   0.930   1.015   1.039   1.076   0
   2.99343991   0.171   0.426   0.504   0.582   0
   3.00000000   0.162   0.419   0.498   0.575   0
   3.03466964   0.114   0.383   0.463   0.543   0
   3.50000000  -0.477  -0.082   0.024   0.124   0
   3.71087074  -0.709  -0.267  -0.153  -0.045   0
   4.00000000  -1.016  -0.519  -0.394  -0.277   0
   4.22706938  -1.250  -0.717  -0.584  -0.461   0
   4.50000000  -1.529  -0.959  -0.819  -0.688   0
   4.62726402  -1.655  -1.070  -0.926  -0.793   0
   4.93038082  -1.966  -1.351  -1.200  -1.061   0
   5.00000000  -2.039  -1.419  -1.267  -1.127   0
   5.19218063  -2.239  -1.607  -1.452  -1.311   0
   5.40901852  -2.481  -1.841  -1.685  -1.542   0
   5.59109116  -2.703  -2.063  -1.906  -1.765   1
   5.74465322  -2.908  -2.275  -2.119  -1.981   0
   5.87481689  -3.103  -2.484  -2.330  -2.198   0
   5.98404217  -3.286  -2.687  -2.537  -2.412   0
   6.00000000  -3.315  -2.719  -2.570  -2.447   0
   6.03500748  -3.377  -2.788  -2.641  -2.520   0
   6.08014059  -3.458  -2.878  -2.733  -2.616   0
   6.11264992  -3.517  -2.939  -2.795  -2.679   0
   6.12844324  -3.544  -2.961  -2.815  -2.698   3
   6.14295244  -3.562  -2.963  -2.814  -2.692   0
   6.15263081  -3.564  -2.926  -2.769  -2.637   0
   6.15533161  -3.565  -2.897  -2.734  -2.591   0
   6.15692520  -3.589  -2.883  -2.710  -2.556   0
   6.15696955  -3.586  -2.880  -2.707  -2.553   0
   6.15734482  -3.526  -2.845  -2.678  -2.531   0
   6.15768719  -3.550  -2.903  -2.744  -2.609   0
   6.15799284  -3.636  -3.021  -2.869  -2.744   0
   6.15835094  -3.742  -3.164  -3.020  -2.906   0
   6.15875864  -3.839  -3.306  -3.170  -3.071   0
   6.15921450  -3.924  -3.444  -3.318  -3.234   0
   6.15954065  -3.969  -3.534  -3.416  -3.342   0
   6.15988255  -4.005  -3.621  -3.513  -3.452   0
   6.16023302  -4.029  -3.706  -3.608  -3.560   0
   6.16059494  -4.042  -3.790  -3.705  -3.672   0
   6.16096497  -4.036  -3.872  -3.801  -3.785   0
   6.16133928  -4.006  -3.945  -3.894  -3.901   0
   6.16172075  -3.933  -3.990  -3.978  -4.024   0
   6.16191578  -3.872  -3.995  -4.013  -4.088   0
   6.16210651  -3.780  -3.965  -4.028  -4.148   0
   6.16229725  -3.667  -3.906  -4.029  -4.208   3
   6.16249228  -3.525  -3.801  -4.008  -4.268   0
   6.16268301  -3.352  -3.647  -3.964  -4.327   0
   6.16287374  -3.120  -3.442  -3.893  -4.377   0
   6.16306448  -2.779  -3.174  -3.785  -4.411   0
   6.16325474  -2.206  -2.796  -3.617  -4.409   0
   6.16344547  -1.424  -2.334  -3.381  -4.341   0
   6.16363239  -0.747  -1.943  -3.132  -4.205   0
   6.16381884  -0.197  -1.604  -2.876  -4.038   0
   6.16400528   0.199  -1.387  -2.728  -3.968   4
   6.16419697   0.450  -1.357  -2.779  -4.111   0
   6.16438437   0.552  -1.435  -2.927  -4.337   0
   6.16457558   0.597  -1.498  -3.032  -4.491   0
   6.16488504   0.631  -1.554  -3.123  -4.621   0
   6.16545486   0.634  -1.593  -3.188  -4.738   0
   6.16610193   0.514  -1.612  -3.208  -4.839   0
   6.16676092   0.383  -1.658  -3.255  -4.949   0
   6.16744041   0.236  -1.680  -3.273  -5.052   0
   6.16812325   0.088  -1.715  -3.304  -5.152   0
   6.17043543  -0.040  -1.741  -3.327  -5.253   0
   6.18007326   0.097  -1.730  -3.320  -5.156   0
   6.18481541   0.255  -1.701  -3.297  -5.051   0
   6.18873930   0.396  -1.673  -3.271  -4.948   0
   6.19269180   0.530  -1.652  -3.250  -4.843   2
   6.19681263   0.611  -1.630  -3.220  -4.741   0
   6.20204067   0.575  -1.583  -3.141  -4.625   0
   6.20982504   0.520  -1.549  -3.071  -4.515   0
   6.22672796   0.392  -1.568  -3.046  -4.434   0
   6.23266220   0.330  -1.600  -3.067  -4.438   0
   6.24662304  -0.013  -1.821  -3.242  -4.552   0
   6.29340315  -0.280  -2.019  -3.415  -4.689   1
   6.35843134   0.154  -1.805  -3.281  -4.653   0
   6.39564991   0.399  -1.724  -3.267  -4.726   0
   6.40053701   0.481  -1.746  -3.330  -4.837   0
   6.40099573   0.507  -1.765  -3.366  -4.893   0
   6.40319633   0.386  -1.771  -3.374  -4.995   2
   6.40398788   0.275  -1.787  -3.388  -5.077   0
   6.40511179   0.103  -1.816  -3.413  -5.195   0
   6.40636206  -0.061  -1.844  -3.433  -5.298   0
   6.40767622  -0.162  -1.846  -3.437  -5.395   0
   6.40914297  -0.219  -1.820  -3.418  -5.504   0
   6.41019773  -0.272  -1.804  -3.406  -5.593   0
   6.41115236  -0.325  -1.778  -3.383  -5.680   0
   6.41199064  -0.377  -1.749  -3.356  -5.760   0
   6.41286182  -0.409  -1.722  -3.323  -5.825   0
   6.41317606  -0.382  -1.628  -3.219  -5.842   0
   6.41343546  -0.352  -1.530  -3.113  -5.855   0
   6.41365767  -0.321  -1.434  -3.007  -5.867   0
   6.41388273  -0.292  -1.338  -2.902  -5.881   0
   6.41428566  -0.339  -1.453  -3.027  -5.883   2
   6.41435766  -0.306  -1.353  -2.918  -5.893   0
