   0.15000001  16.299  14.729  13.129  10.532   0
   0.20000000  15.153  13.710  12.187   9.813   0
   0.25000000  14.490  13.096  11.606   9.338   0
   0.30000001  13.918  12.560  11.099   8.942   0
   0.34999999  13.449  12.108  10.671   8.634   0
   0.40000001  13.021  11.694  10.278   8.341   0
   0.44999999  12.599  11.281   9.887   8.052   0
   0.50000000  12.142  10.821   9.451   7.736   0
   0.55000001  11.660  10.330   8.988   7.405   0
   0.60000002  11.198   9.876   8.572   7.070   0
   0.69999999  10.166   8.923   7.713   6.372   0
   0.80000001   8.950   7.932   6.851   5.695   0
   0.89999998   7.689   6.983   6.042   5.075   0
   1.00000000   6.607   6.163   5.349   4.520   0
   1.09241164   5.818   5.538   4.819   4.079   0
   1.10000002   5.758   5.489   4.778   4.045   0
   1.20000005   5.036   4.883   4.262   3.607   0
   1.28043127   4.507   4.423   3.873   3.281   0
   1.29999995   4.398   4.323   3.787   3.210   0
   1.39999998   3.902   3.862   3.396   2.884   0
   1.50000000   3.480   3.452   3.047   2.603   0
   1.60000002   3.101   3.069   2.728   2.360   0
   1.70000005   2.765   2.716   2.438   2.154   0
   1.73771143   2.651   2.594   2.339   2.085   0
   1.79999995   2.468   2.397   2.180   1.975   0
   1.89999998   2.193   2.112   1.951   1.812   0
   2.00000000   1.944   1.871   1.757   1.667   0
   2.09999990   1.714   1.659   1.585   1.536   0
   2.20000005   1.491   1.468   1.424   1.404   0
   2.29999995   1.285   1.294   1.277   1.280   0
   2.50000000   0.918   0.998   1.020   1.055   0
   2.74797535   0.513   0.679   0.734   0.793   0
   3.00000000   0.134   0.383   0.460   0.536   0
   3.36644983  -0.356  -0.005   0.094   0.186   0
   3.50000000  -0.521  -0.138  -0.033   0.064   0
   3.82703114  -0.899  -0.447  -0.330  -0.221   0
   4.00000000  -1.101  -0.618  -0.495  -0.381   0
   4.18947363  -1.313  -0.803  -0.674  -0.556   0
   4.46122169  -1.624  -1.080  -0.944  -0.821   0
   4.50000000  -1.669  -1.122  -0.985  -0.861   0
   4.70939827  -1.914  -1.349  -1.208  -1.082   0
   4.90039825  -2.151  -1.577  -1.434  -1.307   0
   5.00000000  -2.285  -1.710  -1.567  -1.441   0
   5.06359673  -2.369  -1.795  -1.651  -1.526   1
   5.20267105  -2.568  -2.002  -1.860  -1.738   0
   5.32055426  -2.753  -2.203  -2.063  -1.947   0
   5.41947460  -2.926  -2.397  -2.260  -2.151   0
   5.46278191  -3.008  -2.490  -2.355  -2.250   0
   5.50233936  -3.084  -2.576  -2.443  -2.341   0
   5.53059435  -3.140  -2.634  -2.501  -2.400   0
   5.54472208  -3.168  -2.655  -2.522  -2.420   0
   5.55745173  -3.190  -2.658  -2.522  -2.415   3
   5.56594849  -3.202  -2.627  -2.482  -2.364   0
   5.56833935  -3.211  -2.601  -2.449  -2.321   0
   5.56969500  -3.240  -2.590  -2.429  -2.290   0
   5.56975889  -3.234  -2.585  -2.424  -2.285   0
   5.57007885  -3.171  -2.549  -2.394  -2.263   0
   5.57042170  -3.199  -2.619  -2.473  -2.354   0
   5.57071924  -3.289  -2.745  -2.606  -2.497   0
   5.57108498  -3.391  -2.889  -2.758  -2.662   0
   5.57151937  -3.480  -3.029  -2.908  -2.825   0
   5.57199907  -3.545  -3.161  -3.050  -2.983   0
   5.57236481  -3.576  -3.249  -3.147  -3.091   0
   5.57267141  -3.590  -3.314  -3.221  -3.176   0
   5.57301664  -3.598  -3.383  -3.301  -3.268   0
   5.57334232  -3.594  -3.447  -3.377  -3.358   0
   5.57370663  -3.571  -3.506  -3.454  -3.456   0
   5.57407045  -3.523  -3.551  -3.526  -3.556   0
   5.57441521  -3.434  -3.561  -3.581  -3.653   0
   5.57477856  -3.277  -3.498  -3.599  -3.752   3
   5.57496977  -3.170  -3.429  -3.588  -3.801   0
   5.57514191  -3.053  -3.325  -3.562  -3.847   0
   5.57533360  -2.900  -3.183  -3.517  -3.894   0
   5.57550573  -2.712  -3.014  -3.455  -3.931   0
   5.57567739  -2.452  -2.805  -3.369  -3.956   0
   5.57586861  -2.036  -2.512  -3.240  -3.964   0
   5.57604074  -1.504  -2.176  -3.078  -3.933   0
   5.57621288  -0.922  -1.833  -2.884  -3.852   0
   5.57638454  -0.439  -1.544  -2.690  -3.736   0
   5.57655668  -0.011  -1.279  -2.496  -3.612   0
   5.57672882   0.317  -1.094  -2.368  -3.545   4
   5.57709599   0.680  -1.070  -2.471  -3.789   0
   5.57725954   0.738  -1.130  -2.574  -3.937   0
   5.57744312   0.766  -1.173  -2.647  -4.044   0
   5.57774925   0.794  -1.223  -2.728  -4.161   0
   5.57823896   0.827  -1.273  -2.810  -4.280   0
   5.57876921   0.856  -1.321  -2.888  -4.392   0
   5.57933998   0.840  -1.379  -2.970  -4.511   0
   5.57991076   0.728  -1.403  -2.995  -4.610   0
   5.58046103   0.612  -1.430  -3.022  -4.706   0
   5.58103085   0.511  -1.456  -3.048  -4.786   2
   5.58229256   0.401  -1.484  -3.074  -4.867   0
   5.58296394   0.370  -1.492  -3.081  -4.889   0
   5.59050369   0.507  -1.473  -3.065  -4.796   0
   5.59422159   0.627  -1.451  -3.045  -4.705   0
   5.59734011   0.742  -1.428  -3.021  -4.609   0
   5.60063887   0.823  -1.393  -2.975  -4.493   0
   5.60395813   0.793  -1.336  -2.884  -4.365   0
   5.60784531   0.763  -1.283  -2.799  -4.242   0
   5.61344004   0.720  -1.237  -2.717  -4.119   0
   5.62187290   0.654  -1.217  -2.662  -4.021   0
   5.63718510   0.495  -1.255  -2.655  -3.964   0
   5.68896961   0.029  -1.584  -2.934  -4.172   0
   5.71128893  -0.043  -1.649  -2.997  -4.230   1
   5.78153038   0.449  -1.441  -2.892  -4.248   0
   5.79953527   0.601  -1.424  -2.929  -4.354   0
   5.80150080   0.649  -1.446  -2.980  -4.437   0
   5.80172682   0.664  -1.460  -3.005  -4.476   0
   5.80200291   0.676  -1.475  -3.031  -4.514   0
   5.80393362   0.726  -1.526  -3.121  -4.649   0
   5.80479479   0.587  -1.551  -3.149  -4.771   2
   5.80613708   0.409  -1.586  -3.181  -4.908   0
   5.80735779   0.256  -1.613  -3.204  -5.012   0
   5.80852604   0.100  -1.644  -3.230  -5.113   0
   5.80945349   0.038  -1.630  -3.220  -5.196   0
   5.81022549  -0.005  -1.616  -3.211  -5.276   0
   5.81089401  -0.048  -1.600  -3.200  -5.353   0
   5.81152821  -0.095  -1.580  -3.183  -5.434   0
   5.81207657  -0.139  -1.557  -3.163  -5.506   0
   5.81259060  -0.182  -1.536  -3.142  -5.572   0
   5.81318951  -0.210  -1.516  -3.116  -5.630   0
   5.81348038  -0.180  -1.415  -3.005  -5.647   0
   5.81377125  -0.122  -1.242  -2.817  -5.662   0
   5.81401110  -0.061  -1.067  -2.627  -5.674   0
   5.81423330   0.015  -0.872  -2.420  -5.672   0
   5.81467819  -0.042  -1.007  -2.561  -5.682   2
   5.81476355  -0.009  -0.922  -2.470  -5.682   0
   5.81479788   0.044  -0.806  -2.353  -5.666   0
