   0.15000001  16.277  14.710  13.112  10.520   0
   0.20000000  15.128  13.689  12.167   9.794   0
   0.25000000  14.457  13.065  11.578   9.312   0
   0.30000001  13.883  12.526  11.066   8.914   0
   0.34999999  13.420  12.079  10.643   8.610   0
   0.40000001  12.971  11.645  10.229   8.292   0
   0.44999999  12.559  11.241   9.848   8.018   0
   0.50000000  12.097  10.774   9.406   7.698   0
   0.55000001  11.607  10.276   8.936   7.360   0
   0.60000002  11.154   9.827   8.521   7.015   0
   0.64761454  10.646   9.334   8.071   6.649   0
   0.69999999  10.057   8.818   7.614   6.282   0
   0.76699781   9.163   8.090   6.981   5.788   0
   0.80000001   8.733   7.751   6.689   5.559   0
   0.84805685   7.994   7.203   6.225   5.210   0
   0.89884847   7.310   6.690   5.788   4.868   0
   0.89999998   7.295   6.679   5.779   4.860   0
   0.91075796   7.156   6.573   5.688   4.787   0
   0.93875861   6.808   6.305   5.457   4.598   0
   0.96231180   6.533   6.088   5.273   4.444   0
   0.98261195   6.305   5.908   5.119   4.315   0
   1.00000000   6.119   5.760   4.991   4.206   0
   1.01771605   5.931   5.606   4.857   4.091   0
   1.03414261   5.772   5.471   4.739   3.988   0
   1.04857683   5.635   5.354   4.636   3.898   0
   1.06120288   5.521   5.256   4.550   3.821   0
   1.07221913   5.428   5.174   4.477   3.756   0
   1.08098936   5.360   5.115   4.424   3.708   0
   1.09036326   5.286   5.049   4.365   3.655   0
   1.10000002   5.214   4.985   4.307   3.602   0
   1.10323370   5.189   4.963   4.286   3.583   0
   1.10812986   5.161   4.937   4.262   3.560   0
   1.11382699   5.117   4.896   4.224   3.525   0
   1.12550187   5.032   4.818   4.151   3.457   0
   1.13377702   4.979   4.767   4.103   3.411   0
   1.14803445   4.902   4.692   4.029   3.338   1
   1.16069865   4.854   4.639   3.974   3.281   0
   1.20000005   4.787   4.537   3.849   3.136   0
   1.20211387   4.778   4.527   3.839   3.125   0
   1.20419395   4.766   4.515   3.826   3.113   0
   1.21400023   4.659   4.418   3.737   3.031   0
   1.21761644   4.552   4.329   3.663   2.969   0
   1.22011781   4.360   4.171   3.531   2.861   0
   1.22101569   4.229   4.053   3.430   2.774   0
   1.23123431   4.201   4.002   3.357   2.681   0
   1.26279914   4.347   4.016   3.274   2.516   3
   1.27247441   4.757   4.273   3.434   2.594   0
   1.27669251   5.035   4.450   3.555   2.661   0
   1.27930593   5.225   4.566   3.635   2.704   0
   1.28218424   5.393   4.663   3.694   2.727   4
   1.28890717   5.505   4.668   3.649   2.626   0
   1.29342842   5.448   4.568   3.529   2.485   0
   1.29731131   5.342   4.434   3.381   2.324   0
   1.29999995   5.252   4.324   3.262   2.197   0
   1.30124509   5.213   4.276   3.209   2.141   0
   1.30423987   5.096   4.136   3.058   1.980   0
   1.30693543   4.981   3.996   2.906   1.819   0
   1.30931091   4.865   3.857   2.756   1.659   0
   1.31131899   4.760   3.725   2.611   1.503   0
   1.31296265   4.659   3.595   2.469   1.349   0
   1.31443036   4.558   3.467   2.328   1.197   0
   1.31578994   4.472   3.345   2.190   1.044   0
   1.31693029   4.386   3.224   2.055   0.895   0
   1.31794596   4.309   3.110   1.925   0.752   0
   1.31885970   4.233   2.996   1.795   0.607   0
   1.31964934   4.159   2.884   1.667   0.465   0
   1.32039404   4.086   2.775   1.543   0.327   0
   1.32117784   4.043   2.709   1.466   0.241   2
   1.32188511   4.072   2.767   1.538   0.325   0
   1.32247674   4.005   2.659   1.411   0.181   0
   1.32306755   3.947   2.553   1.286   0.036   0
   1.32368410   3.888   2.440   1.151  -0.121   0
   1.32417727   3.834   2.328   1.015  -0.280   0
   1.32460248   3.786   2.225   0.890  -0.426   0
   1.32502699   3.740   2.115   0.756  -0.585   0
   1.32538593   3.699   2.012   0.628  -0.738   0
   1.32565618   3.660   1.924   0.520  -0.871   0
   1.32592738   3.625   1.833   0.404  -1.012   0
   1.32616031   3.603   1.750   0.296  -1.150   0
   1.32636523   3.581   1.667   0.188  -1.286   0
   1.32656586   3.563   1.585   0.080  -1.422   0
   1.32671678   3.535   1.500  -0.029  -1.561   0
   1.32686853   3.442   1.473  -0.065  -1.672   0
   1.32701540   3.336   1.429  -0.115  -1.794   0
   1.32712817   3.222   1.392  -0.158  -1.911   0
   1.32723844   3.102   1.354  -0.199  -2.024   0
   1.32733381   2.978   1.332  -0.224  -2.139   0
   1.32742512   2.931   1.345  -0.226  -2.259   0
   1.32749641   2.883   1.354  -0.229  -2.367   0
   1.32756531   2.829   1.364  -0.230  -2.480   3
   1.32763159   2.787   1.408  -0.197  -2.587   0
   1.32768893   2.837   1.575  -0.019  -2.612   0
   1.32774282   2.840   1.658   0.075  -2.662   0
   1.32778919   2.891   1.816   0.248  -2.679   0
   1.32782984   2.939   1.967   0.413  -2.696   0
   1.32786977   3.058   2.219   0.672  -2.658   0
   1.32790458   3.201   2.502   0.957  -2.596   0
   1.32793939   3.254   2.655   1.111  -2.602   0
   1.32797170   3.359   2.889   1.347  -2.572   0
   1.32800412   3.403   3.057   1.499  -2.578   2
   1.32800412   3.640   2.330   1.096  -0.101   1
   1.32818508   3.627   2.298   1.057  -0.147   0
   1.32845378   3.620   2.278   1.032  -0.177   0
   1.32873142   3.616   2.281   1.038  -0.168   0
   1.32928324   3.607   2.279   1.039  -0.164   0
   1.32983541   3.597   2.277   1.040  -0.160   0
   1.33039224   3.590   2.279   1.045  -0.151   0
   1.33095276   3.583   2.276   1.044  -0.150   0
   1.33151662   3.575   2.276   1.048  -0.143   0
   1.33208168   3.568   2.274   1.047  -0.142   0
   1.33267081   3.560   2.271   1.047  -0.139   0
   1.33326364   3.551   2.267   1.044  -0.140   0
   1.33385444   3.543   2.263   1.041  -0.141   0
   1.33444202   3.535   2.257   1.037  -0.144   0
   1.33496773   3.529   2.251   1.030  -0.150   0
   1.33500481   3.529   2.250   1.030  -0.151   0
   1.33559036   3.522   2.241   1.020  -0.161   0
   1.33618617   3.514   2.228   1.005  -0.179   0
   1.33693576   3.506   2.207   0.979  -0.209   0
   1.33791244   3.491   2.170   0.932  -0.264   0
   1.33811116   3.485   2.149   0.904  -0.298   0
   1.33840013   3.478   2.119   0.865  -0.345   0
   1.33984494   3.451   2.006   0.718  -0.529   0
   1.33993340   3.435   1.939   0.630  -0.639   0
   1.34000194   3.414   1.828   0.485  -0.822   0
   1.34002268   3.403   1.748   0.379  -0.955   0
   1.34003508   3.397   1.656   0.254  -1.115   0
   1.34004319   3.386   1.569   0.135  -1.271   0
   1.34005094   3.380   1.491   0.026  -1.415   0
   1.34006238   3.363   1.411  -0.079  -1.549   0
   1.34006584   3.360   1.405  -0.087  -1.558   0
   1.34010148   3.379   1.490   0.025  -1.417   0
   1.34016180   3.380   1.521   0.068  -1.359   1
   1.34030664   3.376   1.448  -0.033  -1.492   0
   1.34043729   3.359   1.354  -0.158  -1.652   0
   1.34049606   3.371   1.296  -0.245  -1.777   0
   1.34055805   3.255   1.262  -0.288  -1.911   0
   1.34060550   3.138   1.234  -0.322  -2.030   0
   1.34064186   3.019   1.197  -0.362  -2.141   0
   1.34067881   2.875   1.193  -0.366  -2.251   0
   1.34070289   2.829   1.219  -0.352  -2.352   0
   1.34072292   2.800   1.273  -0.313  -2.461   0
   1.34073710   2.747   1.284  -0.312  -2.568   0
   1.34074998   2.716   1.342  -0.263  -2.662   2
   1.34076178   2.757   1.491  -0.103  -2.690   0
   1.34077191   2.797   1.632   0.051  -2.715   0
   1.34078217   2.872   1.826   0.262  -2.717   0
   1.34079242   2.975   2.060   0.512  -2.697   0
   1.34080446   3.064   2.269   0.722  -2.678   0
   1.34081697   3.206   2.550   1.006  -2.617   0
   1.34083009   3.312   2.780   1.237  -2.583   1
   1.34084404   3.397   2.992   1.443  -2.562   0
   1.34085274   3.451   3.180   1.610  -2.558   0
   1.34085321   3.459   3.213   1.639  -2.558   0
   1.34085512   3.462   3.242   1.664  -2.564   0
   1.34085703   3.466   3.271   1.689  -2.571   0
   1.34085894   3.469   3.300   1.714  -2.577   0
   1.34086084   3.472   3.330   1.739  -2.584   0
   1.34086275   3.475   3.359   1.764  -2.590   0
   1.34086466   3.478   3.388   1.790  -2.596   0
   1.34086657   3.482   3.417   1.815  -2.603   0
   1.34086847   3.485   3.447   1.840  -2.609   0
   1.34087038   3.488   3.476   1.865  -2.615   0
   1.34087229   3.487   3.496   1.881  -2.628   0
   1.34087420   3.485   3.513   1.894  -2.642   0
   1.34087598   3.483   3.529   1.906  -2.657   0
   1.34087789   3.481   3.546   1.919  -2.672   0
   1.34087944   3.479   3.559   1.929  -2.683   0
   1.34088135   3.477   3.576   1.942  -2.698   0
   1.34088326   3.475   3.593   1.955  -2.712   0
   1.34088516   3.473   3.610   1.968  -2.727   0
   1.34088707   3.471   3.627   1.980  -2.742   0
   1.34088898   3.469   3.644   1.993  -2.756   0
   1.34089088   3.468   3.661   2.007  -2.771   0
   1.34089279   3.466   3.679   2.021  -2.785   0
   1.34089458   3.466   3.699   2.036  -2.798   0
   1.34089637   3.470   3.724   2.057  -2.808   0
   1.34089792   3.490   3.770   2.097  -2.806   0
   1.34089875   3.514   3.815   2.138  -2.796   0
   1.34089875   3.526   3.837   2.157  -2.790   0
   1.34089875   3.541   3.857   2.176  -2.785   0
   1.34089875   3.557   3.879   2.196  -2.781   0
   1.34089875   3.569   3.894   2.210  -2.778   0
