   0.15000001  16.297  14.727  13.127  10.531   0
   0.20000000  15.150  13.708  12.185   9.811   0
   0.25000000  14.487  13.093  11.604   9.335   0
   0.30000001  13.914  12.556  11.096   8.939   0
   0.34999999  13.447  12.105  10.668   8.632   0
   0.40000001  13.016  11.689  10.273   8.336   0
   0.44999999  12.594  11.276   9.882   8.048   0
   0.50000000  12.136  10.815   9.446   7.731   0
   0.55000001  11.654  10.324   8.982   7.399   0
   0.60000002  11.199   9.875   8.570   7.065   0
   0.69999999  10.165   8.919   7.707   6.363   0
   0.80000001   8.905   7.895   6.819   5.668   0
   0.81519967   8.694   7.734   6.682   5.565   0
   0.89999998   7.639   6.944   6.008   5.048   0
   1.00000000   6.561   6.127   5.317   4.492   0
   1.08713341   5.783   5.508   4.792   4.055   0
   1.10000002   5.679   5.423   4.720   3.995   0
   1.15966034   5.222   5.044   4.397   3.720   0
   1.20000005   4.955   4.809   4.196   3.550   0
   1.23141110   4.748   4.628   4.041   3.418   0
   1.28215504   4.435   4.351   3.804   3.216   0
   1.29999995   4.342   4.265   3.730   3.153   0
   1.36873960   3.997   3.944   3.455   2.923   0
   1.39999998   3.847   3.803   3.334   2.822   0
   1.40622163   3.817   3.776   3.311   2.802   0
   1.50000000   3.421   3.387   2.975   2.524   0
   1.60000002   3.035   2.999   2.643   2.256   0
   1.70000005   2.690   2.638   2.337   2.021   0
   1.70692098   2.668   2.614   2.317   2.005   0
   1.79999995   2.383   2.312   2.058   1.801   0
   1.89371502   2.113   2.025   1.809   1.603   0
   1.89999998   2.095   2.006   1.793   1.589   0
   2.00000000   1.825   1.725   1.548   1.384   0
   2.04708362   1.701   1.598   1.436   1.287   0
   2.09999990   1.566   1.458   1.310   1.175   0
   2.16729021   1.395   1.282   1.152   1.035   0
   2.20000005   1.313   1.199   1.075   0.963   0
   2.27497673   1.129   1.016   0.903   0.801   0
   2.29999995   1.070   0.956   0.845   0.744   0
   2.36244059   0.926   0.808   0.700   0.599   1
   2.43292189   0.772   0.646   0.533   0.425   0
   2.49324393   0.651   0.518   0.392   0.266   0
   2.50000000   0.639   0.505   0.376   0.247   0
   2.55025935   0.547   0.403   0.257   0.109   0
   2.59845686   0.469   0.311   0.141  -0.035   0
   2.62018657   0.434   0.274   0.091  -0.102   0
   2.64046717   0.392   0.232   0.038  -0.167   0
   2.65296030   0.354   0.191  -0.003  -0.208   2
   2.66265893   0.300   0.135  -0.047  -0.239   0
   2.66940618   0.221   0.056  -0.096  -0.257   0
   2.67388606   0.071  -0.070  -0.164  -0.263   0
   2.67511654  -0.057  -0.158  -0.212  -0.271   0
   2.67576766  -0.205  -0.253  -0.268  -0.290   1
   2.67586374  -0.157  -0.215  -0.236  -0.263   0
   2.67600203  -0.031  -0.124  -0.172  -0.223   0
   2.67621899   0.014  -0.123  -0.209  -0.300   0
   2.67653298   0.006  -0.156  -0.287  -0.428   0
   2.67697334   0.038  -0.136  -0.327  -0.535   0
   2.67710471   0.052  -0.121  -0.331  -0.558   0
   2.67750120   0.105  -0.067  -0.328  -0.611   0
   2.67797256   0.183   0.017  -0.305  -0.657   0
   2.67851162   0.301   0.132  -0.260  -0.690   0
   2.67910147   0.471   0.282  -0.192  -0.707   0
   2.67972016   0.703   0.470  -0.096  -0.697   0
   2.68035293   1.014   0.704   0.038  -0.650   0
   2.68098497   1.392   0.980   0.216  -0.551   0
   2.68140197   1.678   1.186   0.362  -0.453   0
   2.68201661   2.116   1.505   0.601  -0.281   0
   2.68283844   2.555   1.792   0.801  -0.155   4
   2.68365002   2.680   1.789   0.738  -0.277   0
   2.68429613   2.672   1.704   0.616  -0.433   0
   2.68496323   2.633   1.600   0.482  -0.593   0
   2.68567872   2.595   1.496   0.349  -0.754   0
   2.68629813   2.558   1.401   0.230  -0.897   0
   2.68701243   2.512   1.287   0.088  -1.066   0
   2.68774295   2.463   1.167  -0.061  -1.241   0
   2.68834162   2.426   1.072  -0.180  -1.382   0
   2.68900561   2.386   0.967  -0.311  -1.539   0
   2.68957233   2.352   0.876  -0.425  -1.676   0
   2.69008255   2.325   0.792  -0.531  -1.806   0
   2.69058800   2.305   0.708  -0.639  -1.938   0
   2.69109678   2.288   0.624  -0.748  -2.073   0
   2.69159150   2.275   0.547  -0.850  -2.199   0
   2.69203424   2.268   0.491  -0.923  -2.292   2
   2.69252682   2.276   0.561  -0.830  -2.174   0
   2.69307804   2.285   0.630  -0.739  -2.060   0
   2.69375134   2.296   0.710  -0.633  -1.927   0
   2.69458604   2.321   0.806  -0.509  -1.776   0
   2.69543171   2.354   0.915  -0.371  -1.605   0
   2.69622493   2.387   1.022  -0.235  -1.439   0
   2.69718122   2.427   1.148  -0.073  -1.245   0
   2.69797540   2.456   1.239   0.043  -1.106   0
   2.69906425   2.496   1.346   0.177  -0.945   0
   2.70036459   2.531   1.439   0.295  -0.803   0
   2.70251107   2.561   1.532   0.416  -0.656   0
   2.70581341   2.577   1.607   0.518  -0.529   0
   2.70814061   2.575   1.625   0.546  -0.493   1
   2.78265405   2.389   1.418   0.329  -0.715   0
   2.85782766   2.203   1.211   0.112  -0.937   0
   2.90612268   2.123   1.077  -0.048  -1.118   0
   2.92494297   2.115   1.014  -0.134  -1.227   0
   2.93473125   2.118   0.931  -0.253  -1.381   0
   2.93596578   2.112   0.870  -0.337  -1.488   0
   2.93642640   2.097   0.795  -0.436  -1.610   0
   2.93660927   2.079   0.733  -0.515  -1.705   0
   2.93663740   2.075   0.719  -0.533  -1.726   0
   2.93675613   2.061   0.641  -0.637  -1.856   0
   2.93686175   2.043   0.562  -0.741  -1.985   0
   2.93701267   2.026   0.475  -0.854  -2.125   0
   2.93771076   2.036   0.532  -0.779  -2.032   1
   2.94235730   2.015   0.369  -0.995  -2.304   0
   2.94347191   2.004   0.250  -1.155  -2.504   0
   2.94432640   1.979   0.135  -1.306  -2.694   0
   2.94494653   1.995   0.057  -1.423  -2.858   0
   2.94543219   2.000  -0.022  -1.535  -3.007   0
   2.94588709   2.016  -0.097  -1.646  -3.158   0
   2.94630742   1.947  -0.147  -1.715  -3.298   0
   2.94665170   1.828  -0.175  -1.746  -3.410   0
   2.94687366   1.747  -0.191  -1.763  -3.481   0
   2.94705057   1.675  -0.203  -1.775  -3.538   0
   2.94719410   1.607  -0.207  -1.779  -3.588   2
   2.94732833   1.540  -0.211  -1.782  -3.635   0
   2.94744802   1.451  -0.228  -1.798  -3.706   0
   2.94757962   1.400  -0.214  -1.795  -3.820   0
   2.94771647   1.335  -0.185  -1.778  -3.958   0
   2.94788790   1.246  -0.134  -1.740  -4.130   0
   2.94806457   1.282   0.047  -1.544  -4.184   0
   2.94823861   1.349   0.252  -1.320  -4.206   0
   2.94827199   1.364   0.287  -1.281  -4.205   0
   2.94828916   1.375   0.323  -1.243  -4.210   0
   2.94830394   1.393   0.371  -1.190  -4.211   0
   2.94832897   1.423   0.486  -1.064  -4.235   0
   2.94834280   1.435   0.518  -1.030  -4.235   1
   2.94835401   1.449   0.549  -0.999  -4.232   0
   2.94836783   1.466   0.587  -0.960  -4.228   0
   2.94838166   1.482   0.626  -0.922  -4.224   0
   2.94839525   1.499   0.664  -0.883  -4.219   0
   2.94840908   1.516   0.702  -0.844  -4.215   0
   2.94842291   1.532   0.741  -0.806  -4.211   0
   2.94843674   1.549   0.779  -0.767  -4.207   0
   2.94845057   1.566   0.818  -0.728  -4.203   0
   2.94846439   1.583   0.857  -0.688  -4.199   0
   2.94847822   1.600   0.896  -0.649  -4.194   0
   2.94849205   1.617   0.935  -0.610  -4.190   0
   2.94850564   1.634   0.974  -0.570  -4.186   0
   2.94851923   1.651   1.012  -0.532  -4.182   0
   2.94853258   1.667   1.050  -0.494  -4.178   0
   2.94854331   1.681   1.080  -0.464  -4.174   0
   2.94855666   1.697   1.118  -0.425  -4.170   0
   2.94857001   1.714   1.156  -0.387  -4.166   0
   2.94858074   1.727   1.187  -0.356  -4.163   0
   2.94862318   1.775   1.297  -0.245  -4.151   1
   2.94867277   1.802   1.381  -0.165  -4.151   0
   2.94872189   1.807   1.404  -0.145  -4.153   0
   2.94877076   1.809   1.424  -0.128  -4.157   0
   2.94881940   1.811   1.444  -0.111  -4.162   0
   2.94886756   1.814   1.464  -0.093  -4.166   0
   2.94891548   1.816   1.485  -0.076  -4.170   0
   2.94896293   1.818   1.505  -0.059  -4.175   0
   2.94901037   1.820   1.525  -0.041  -4.179   0
   2.94905710   1.823   1.545  -0.024  -4.183   0
   2.94910383   1.825   1.565  -0.006  -4.188   0
   2.94914985   1.827   1.586   0.011  -4.192   0
   2.94919586   1.830   1.606   0.028  -4.196   0
   2.94924140   1.832   1.626   0.046  -4.200   0
   2.94928646   1.834   1.646   0.063  -4.204   0
   2.94933152   1.837   1.666   0.080  -4.209   0
   2.94937611   1.839   1.686   0.098  -4.213   0
   2.94942021   1.841   1.706   0.115  -4.217   0
   2.94946408   1.844   1.726   0.132  -4.221   0
   2.94950771   1.846   1.747   0.149  -4.225   0
   2.94955087   1.848   1.767   0.167  -4.229   0
   2.94959354   1.851   1.787   0.184  -4.233   0
   2.94963598   1.854   1.808   0.202  -4.237   0
   2.94967771   1.857   1.830   0.221  -4.240   0
   2.94971442   1.862   1.851   0.240  -4.242   0
   2.94974899   1.866   1.869   0.255  -4.246   0
   2.94976950   1.871   1.884   0.268  -4.247   0
   2.94977784   1.879   1.899   0.282  -4.244   0
   2.94978166   1.888   1.915   0.296  -4.239   0
   2.94978333   1.896   1.928   0.308  -4.235   0
   2.94978499   1.905   1.943   0.322  -4.230   0
   2.94978666   1.914   1.958   0.336  -4.225   0
   2.94978833   1.924   1.975   0.351  -4.219   0
   2.94979000   1.934   1.992   0.367  -4.214   0
   2.94979167   1.946   2.012   0.385  -4.207   0
   2.94979334   1.959   2.032   0.404  -4.200   0
   2.94979501   1.972   2.054   0.424  -4.192   0
   2.94979668   1.987   2.079   0.446  -4.184   0
   2.94979835   2.003   2.105   0.470  -4.174   0
   2.94980001   2.022   2.136   0.498  -4.163   0
   2.94980168   2.043   2.170   0.530  -4.151   0
   2.94980335   2.054   2.188   0.547  -4.144   0
