   0.15000001  16.268  14.703  13.105  10.515   0
   0.20000000  15.118  13.680  12.159   9.785   0
   0.25000000  14.443  13.053  11.566   9.301   0
   0.30000001  13.868  12.511  11.053   8.902   0
   0.34999999  13.408  12.067  10.631   8.600   0
   0.40000001  12.964  11.637  10.222   8.287   0
   0.44999999  12.547  11.228   9.836   8.009   0
   0.50000000  12.081  10.758   9.391   7.686   0
   0.55000001  11.586  10.254   8.916   7.343   0
   0.60000002  11.126   9.798   8.495   6.993   0
   0.68934220  10.121   8.874   7.663   6.322   0
   0.69999999   9.999   8.768   7.569   6.246   0
   0.70444626   9.939   8.716   7.524   6.211   0
   0.76909953   9.022   7.981   6.889   5.718   0
   0.80000001   8.566   7.632   6.591   5.490   0
   0.83276516   8.044   7.244   6.261   5.241   0
   0.87166673   7.496   6.829   5.906   4.960   0
   0.89999998   7.128   6.547   5.662   4.762   0
   0.91396815   6.935   6.399   5.534   4.657   0
   0.93324852   6.685   6.202   5.365   4.516   0
   0.95013213   6.475   6.034   5.221   4.394   0
   0.96516454   6.295   5.890   5.095   4.287   0
   0.97888416   6.139   5.762   4.984   4.191   0
   0.99169940   6.000   5.649   4.884   4.104   0
   0.99769664   5.939   5.598   4.839   4.064   0
   1.00000000   5.915   5.578   4.822   4.049   0
   1.01081133   5.800   5.479   4.733   3.971   0
   1.02130437   5.694   5.386   4.651   3.896   0
   1.02727139   5.641   5.339   4.607   3.857   0
   1.03372288   5.581   5.285   4.559   3.812   0
   1.04465461   5.488   5.202   4.482   3.741   0
   1.05130959   5.432   5.150   4.434   3.697   0
   1.06190073   5.337   5.063   4.353   3.621   0
   1.07069147   5.256   4.989   4.284   3.557   0
   1.10000002   4.997   4.740   4.044   3.326   0
   1.11331391   4.876   4.620   3.927   3.210   0
   1.14122045   4.698   4.409   3.694   2.959   0
   1.15878129   4.754   4.381   3.609   2.825   3
   1.16698921   5.027   4.528   3.680   2.830   0
   1.17057836   5.323   4.708   3.799   2.889   0
   1.17393231   5.593   4.861   3.892   2.923   0
   1.17433357   5.623   4.877   3.902   2.926   4
   1.17901170   5.744   4.886   3.859   2.823   0
   1.18202925   5.683   4.781   3.734   2.677   0
   1.18448615   5.586   4.657   3.596   2.526   0
   1.18665528   5.472   4.521   3.449   2.371   0
   1.18856490   5.358   4.386   3.304   2.217   0
   1.19024849   5.250   4.254   3.160   2.064   0
   1.19169557   5.148   4.128   3.023   1.917   0
   1.19305515   5.036   3.993   2.877   1.762   0
   1.19424546   4.932   3.862   2.735   1.608   0
   1.19528317   4.824   3.729   2.589   1.452   0
   1.19617319   4.725   3.601   2.449   1.300   0
   1.19696951   4.637   3.479   2.311   1.149   0
   1.19766200   4.553   3.360   2.178   1.003   0
   1.19832540   4.465   3.235   2.037   0.848   0
   1.19890821   4.384   3.114   1.899   0.695   0
   1.19943881   4.310   3.000   1.769   0.550   0
   1.20000005   4.252   2.914   1.671   0.440   0
   1.20018482   4.234   2.889   1.642   0.407   2
   1.20075798   4.276   2.969   1.739   0.522   0
   1.20117748   4.206   2.860   1.613   0.380   0
   1.20156574   4.148   2.758   1.492   0.240   0
   1.20198965   4.081   2.639   1.352   0.079   0
   1.20229328   4.028   2.537   1.231  -0.061   0
   1.20266092   3.971   2.418   1.086  -0.231   0
   1.20297027   3.919   2.302   0.946  -0.395   0
   1.20319533   3.880   2.206   0.827  -0.537   0
   1.20339215   3.836   2.115   0.716  -0.671   0
   1.20359218   3.795   2.019   0.597  -0.816   0
   1.20378637   3.771   1.926   0.475  -0.971   0
   1.20393002   3.746   1.842   0.366  -1.107   0
   1.20405531   3.728   1.761   0.260  -1.242   0
   1.20417941   3.699   1.679   0.152  -1.386   0
   1.20428717   3.606   1.642   0.107  -1.500   0
   1.20436859   3.508   1.602   0.060  -1.611   0
   1.20445061   3.400   1.561   0.014  -1.726   0
   1.20452142   3.288   1.527  -0.023  -1.834   0
   1.20459116   3.158   1.495  -0.058  -1.948   0
   1.20464516   3.108   1.504  -0.061  -2.056   0
   1.20469856   3.060   1.516  -0.063  -2.172   0
   1.20475471   3.000   1.527  -0.065  -2.299   3
   1.20479810   2.957   1.564  -0.039  -2.407   0
   1.20484042   2.995   1.718   0.122  -2.444   0
   1.20487952   2.993   1.806   0.222  -2.505   0
   1.20491397   3.045   1.971   0.403  -2.525   0
   1.20494568   3.092   2.130   0.577  -2.550   0
   1.20497155   3.232   2.416   0.869  -2.498   0
   1.20499814   3.311   2.612   1.066  -2.486   0
   1.20502090   3.446   2.891   1.347  -2.435   1
   1.20504367   3.539   3.108   1.563  -2.410   0
   1.20506108   3.574   3.268   1.703  -2.421   0
   1.20507693   3.609   3.408   1.827  -2.425   2
   1.20507693   3.747   2.400   1.152  -0.059   1
   1.20518315   3.746   2.379   1.123  -0.097   0
   1.20535362   3.734   2.353   1.091  -0.134   0
   1.20551300   3.729   2.352   1.092  -0.132   0
   1.20583904   3.720   2.355   1.099  -0.119   0
   1.20616817   3.711   2.353   1.100  -0.114   0
   1.20650160   3.701   2.353   1.105  -0.105   0
   1.20683551   3.692   2.352   1.106  -0.100   0
   1.20717335   3.683   2.350   1.108  -0.095   0
   1.20751357   3.674   2.348   1.109  -0.091   0
   1.20786977   3.666   2.347   1.110  -0.087   0
   1.20822310   3.658   2.344   1.109  -0.086   0
   1.20857179   3.651   2.340   1.106  -0.087   0
   1.20892000   3.644   2.335   1.102  -0.091   0
   1.20905578   3.640   2.332   1.099  -0.092   0
   1.20924413   3.637   2.328   1.095  -0.098   0
   1.20956528   3.631   2.318   1.083  -0.110   0
   1.20990431   3.624   2.304   1.067  -0.129   0
   1.21026564   3.616   2.287   1.046  -0.153   0
   1.21066129   3.610   2.252   1.000  -0.210   0
   1.21108556   3.598   2.213   0.949  -0.273   0
   1.21119595   3.595   2.199   0.931  -0.295   0
   1.21141255   3.579   2.125   0.834  -0.418   0
   1.21151745   3.569   2.061   0.748  -0.526   0
   1.21156943   3.549   1.946   0.596  -0.717   0
   1.21158159   3.544   1.870   0.493  -0.848   0
   1.21158862   3.538   1.784   0.377  -0.999   0
   1.21159279   3.532   1.710   0.272  -1.137   0
   1.21159756   3.527   1.620   0.148  -1.302   0
   1.21160328   3.500   1.511   0.006  -1.481   0
   1.21161211   3.529   1.466  -0.069  -1.591   0
   1.21163142   3.500   1.535   0.039  -1.437   0
   1.21167767   3.522   1.608   0.133  -1.320   1
   1.21182513   3.506   1.512   0.004  -1.485   0
   1.21187603   3.522   1.450  -0.091  -1.623   0
   1.21191764   3.415   1.419  -0.130  -1.748   0
   1.21195054   3.298   1.391  -0.164  -1.868   0
   1.21197820   3.168   1.363  -0.195  -1.986   0
   1.21199977   3.042   1.350  -0.209  -2.086   0
   1.21201801   2.989   1.381  -0.190  -2.193   0
   1.21202993   2.966   1.432  -0.153  -2.286   0
   1.21204054   2.913   1.448  -0.147  -2.401   0
   1.21204853   2.872   1.483  -0.121  -2.495   0
   1.21205723   2.920   1.652   0.057  -2.524   0
   1.21206450   2.964   1.798   0.217  -2.546   0
   1.21207130   3.044   2.000   0.436  -2.545   0
   1.21207762   3.098   2.155   0.605  -2.556   0
   1.21208477   3.217   2.403   0.857  -2.514   0
   1.21209228   3.374   2.710   1.166  -2.445   0
   1.21210027   3.482   2.942   1.398  -2.408   1
   1.21210861   3.567   3.143   1.597  -2.385   0
   1.21211541   3.612   3.313   1.748  -2.386   0
   1.21212041   3.682   3.535   1.945  -2.372   0
   1.21212101   3.715   3.626   2.027  -2.361   0
   1.21212208   3.718   3.654   2.051  -2.367   0
   1.21212339   3.722   3.689   2.081  -2.374   0
   1.21212471   3.725   3.722   2.109  -2.382   0
   1.21212602   3.722   3.742   2.124  -2.400   0
   1.21212733   3.720   3.761   2.139  -2.417   0
   1.21212864   3.717   3.781   2.154  -2.435   0
   1.21212995   3.715   3.801   2.169  -2.452   0
   1.21213102   3.713   3.817   2.181  -2.466   0
   1.21213233   3.711   3.837   2.197  -2.483   0
   1.21213365   3.708   3.856   2.212  -2.500   0
   1.21213508   3.706   3.876   2.227  -2.517   0
   1.21213639   3.704   3.896   2.242  -2.535   0
   1.21213770   3.701   3.917   2.258  -2.552   0
   1.21213901   3.700   3.938   2.274  -2.569   0
   1.21214032   3.699   3.960   2.292  -2.585   0
   1.21214151   3.701   3.983   2.310  -2.597   0
   1.21214259   3.716   4.026   2.347  -2.600   0
   1.21214271   3.728   4.044   2.363  -2.597   0
   1.21214271   3.732   4.049   2.368  -2.597   1
   1.21214271   3.784   4.118   2.432  -2.584   0
