   0.15000001  16.299  14.729  13.128  10.532   0
   0.20000000  15.152  13.710  12.187   9.813   0
   0.25000000  14.490  13.095  11.606   9.338   0
   0.30000001  13.917  12.559  11.099   8.941   0
   0.34999999  13.449  12.107  10.670   8.634   0
   0.40000001  13.021  11.693  10.277   8.340   0
   0.44999999  12.598  11.280   9.886   8.052   0
   0.50000000  12.141  10.820   9.451   7.735   0
   0.55000001  11.659  10.330   8.987   7.404   0
   0.60000002  11.198   9.876   8.572   7.069   0
   0.69999999  10.166   8.922   7.712   6.371   0
   0.80000001   8.943   7.926   6.846   5.691   0
   0.89999998   7.680   6.976   6.037   5.071   0
   1.00000000   6.600   6.158   5.344   4.516   0
   1.00733149   6.533   6.106   5.300   4.479   0
   1.10000002   5.736   5.472   4.763   4.032   0
   1.15186870   5.340   5.144   4.484   3.796   0
   1.20000005   5.011   4.862   4.244   3.592   0
   1.22466099   4.841   4.714   4.119   3.488   0
   1.29999995   4.389   4.313   3.776   3.198   0
   1.39999998   3.893   3.853   3.385   2.874   0
   1.50000000   3.470   3.441   3.035   2.590   0
   1.60000002   3.092   3.059   2.716   2.346   0
   1.70000005   2.754   2.705   2.425   2.137   0
   1.79999995   2.454   2.383   2.162   1.951   0
   1.89999998   2.179   2.097   1.931   1.784   0
   2.00000000   1.927   1.849   1.729   1.633   0
   2.09999990   1.689   1.626   1.546   1.491   0
   2.20000005   1.465   1.432   1.382   1.355   0
   2.22520471   1.411   1.385   1.342   1.321   0
   2.29999995   1.254   1.248   1.224   1.220   0
   2.50000000   0.870   0.928   0.943   0.971   0
   2.67482328   0.563   0.677   0.717   0.762   0
   3.00000000   0.029   0.239   0.310   0.377   0
   3.03112602  -0.018   0.200   0.273   0.342   0
   3.29452157  -0.415  -0.131  -0.043   0.037   0
   3.50000000  -0.722  -0.397  -0.299  -0.214   0
   3.52562809  -0.760  -0.430  -0.332  -0.246   0
   3.70368242  -1.028  -0.674  -0.571  -0.483   0
   3.85211039  -1.259  -0.894  -0.788  -0.700   0
   3.97698426  -1.463  -1.098  -0.991  -0.905   1
   4.00000000  -1.502  -1.138  -1.032  -0.946   0
   4.09138298  -1.658  -1.304  -1.198  -1.115   0
   4.18120003  -1.818  -1.484  -1.381  -1.303   0
   4.25737429  -1.962  -1.656  -1.557  -1.485   0
   4.29098845  -2.029  -1.738  -1.641  -1.573   0
   4.32183933  -2.096  -1.815  -1.720  -1.655   0
   4.34216690  -2.143  -1.864  -1.769  -1.705   0
   4.35534286  -2.180  -1.891  -1.794  -1.728   0
   4.36556625  -2.217  -1.901  -1.800  -1.730   3
   4.37240887  -2.266  -1.887  -1.776  -1.694   0
   4.37431240  -2.304  -1.876  -1.757  -1.666   0
   4.37538338  -2.357  -1.876  -1.748  -1.646   0
   4.37548923  -2.340  -1.863  -1.736  -1.635   0
   4.37574673  -2.265  -1.828  -1.708  -1.615   0
   4.37602329  -2.283  -1.899  -1.787  -1.704   0
   4.37639523  -2.380  -2.053  -1.950  -1.880   0
   4.37674809  -2.437  -2.160  -2.065  -2.006   0
   4.37716770  -2.475  -2.257  -2.173  -2.125   0
   4.37764406  -2.494  -2.345  -2.273  -2.241   0
   4.37813282  -2.490  -2.414  -2.358  -2.344   0
   4.37865639  -2.462  -2.468  -2.438  -2.450   0
   4.37903166  -2.424  -2.492  -2.488  -2.524   0
   4.37940645  -2.356  -2.489  -2.523  -2.596   0
   4.37978077  -2.258  -2.449  -2.537  -2.664   3
   4.38016415  -2.126  -2.359  -2.525  -2.731   0
   4.38054705  -1.955  -2.199  -2.478  -2.794   0
   4.38073874  -1.844  -2.091  -2.437  -2.820   0
   4.38092136  -1.715  -1.971  -2.387  -2.841   0
   4.38111305  -1.543  -1.821  -2.321  -2.856   0
   4.38129568  -1.318  -1.646  -2.241  -2.860   0
   4.38147831  -1.026  -1.440  -2.142  -2.849   0
   4.38166094  -0.675  -1.209  -2.021  -2.816   0
   4.38201714  -0.020  -0.785  -1.761  -2.682   0
   4.38237333   0.618  -0.369  -1.463  -2.485   0
   4.38254738   0.854  -0.226  -1.366  -2.429   4
   4.38291216   1.150  -0.143  -1.371  -2.524   0
   4.38327742   1.241  -0.241  -1.543  -2.771   0
   4.38366032   1.266  -0.330  -1.676  -2.951   0
   4.38413429   1.295  -0.401  -1.784  -3.098   0
   4.38466263   1.296  -0.483  -1.897  -3.243   0
   4.38515472   1.299  -0.552  -1.994  -3.370   0
   4.38565540   1.298  -0.620  -2.088  -3.495   0
   4.38616514   1.294  -0.693  -2.189  -3.626   0
   4.38668394   1.303  -0.759  -2.285  -3.755   0
   4.38718414   1.310  -0.825  -2.379  -3.880   0
   4.38769293   1.315  -0.854  -2.421  -3.936   0
   4.38864708   1.312  -0.877  -2.456  -3.992   2
   4.39332628   1.298  -0.828  -2.378  -3.874   0
   4.39599419   1.278  -0.770  -2.290  -3.753   0
   4.39805365   1.267  -0.710  -2.201  -3.632   0
   4.40016365   1.255  -0.642  -2.101  -3.495   0
   4.40221119   1.259  -0.569  -2.000  -3.363   0
   4.40467978   1.255  -0.487  -1.887  -3.217   0
   4.40774345   1.240  -0.412  -1.778  -3.073   0
   4.41176128   1.215  -0.349  -1.682  -2.942   0
   4.41867971   1.145  -0.315  -1.609  -2.825   0
   4.43009901   0.993  -0.355  -1.605  -2.773   0
   4.50000000   0.690  -0.613  -1.844  -2.987   0
   4.50598717   0.663  -0.635  -1.865  -3.006   0
   4.51546097   0.635  -0.663  -1.892  -3.032   1
   4.59619188   0.921  -0.600  -1.916  -3.148   0
   4.60653973   1.029  -0.617  -1.981  -3.266   0
   4.60793018   1.068  -0.672  -2.070  -3.392   0
   4.60811567   1.074  -0.700  -2.110  -3.445   0
   4.60838270   1.106  -0.763  -2.211  -3.585   0
   4.60863781   1.117  -0.814  -2.286  -3.689   2
   4.60926390   1.115  -0.761  -2.210  -3.588   0
   4.61031866   1.126  -0.824  -2.304  -3.716   0
   4.61130285   1.144  -0.901  -2.418  -3.872   0
   4.61254072   1.164  -0.971  -2.524  -4.018   0
   4.61354589   1.186  -1.027  -2.611  -4.140   0
   4.61455059   1.064  -1.058  -2.645  -4.252   0
   4.61547375   0.931  -1.086  -2.673  -4.364   2
   4.61625767   0.790  -1.127  -2.714  -4.478   0
   4.61690283   0.641  -1.144  -2.726  -4.576   0
   4.61745548   0.528  -1.153  -2.735  -4.675   0
   4.61798477   0.481  -1.126  -2.717  -4.778   0
   4.61851406   0.420  -1.095  -2.695  -4.895   0
   4.61891651   0.360  -1.080  -2.684  -4.994   0
   4.61928463   0.314  -1.038  -2.644  -5.078   0
   4.61965227   0.337  -0.928  -2.523  -5.110   0
   4.61997366   0.379  -0.783  -2.364  -5.135   0
   4.62020350   0.445  -0.608  -2.173  -5.139   0
   4.62040997   0.500  -0.449  -2.000  -5.151   0
   4.62062836   0.602  -0.220  -1.767  -5.124   1
   4.62099552   0.505  -0.420  -1.968  -5.161   0
   4.62107611   0.592  -0.240  -1.787  -5.129   0
   4.62112188   0.684  -0.052  -1.597  -5.092   0
   4.62125969   0.795   0.181  -1.363  -5.051   0
   4.62130547   0.871   0.330  -1.213  -5.018   0
   4.62136030   0.896   0.386  -1.157  -5.012   0
   4.62141514   0.920   0.442  -1.100  -5.006   0
   4.62147045   0.943   0.496  -1.046  -5.001   1
   4.62152529   0.946   0.529  -1.018  -5.008   0
   4.62156916   0.949   0.555  -0.995  -5.014   0
   4.62162399   0.952   0.588  -0.967  -5.022   0
   4.62167931   0.956   0.621  -0.939  -5.029   0
   4.62173414   0.959   0.654  -0.911  -5.037   0
   4.62178898   0.963   0.687  -0.882  -5.044   0
   4.62184429   0.967   0.720  -0.854  -5.050   0
   4.62189913   0.969   0.743  -0.834  -5.055   0
   4.62195396   0.972   0.765  -0.815  -5.060   0
   4.62207937   0.975   0.785  -0.798  -5.064   0
   4.62248755   0.978   0.812  -0.775  -5.069   0
   4.62289906   0.981   0.839  -0.752  -5.075   0
   4.62331486   0.984   0.864  -0.730  -5.080   0
   4.62373590   0.987   0.890  -0.708  -5.085   0
   4.62415648   0.990   0.916  -0.685  -5.090   0
   4.62463522   0.995   0.946  -0.659  -5.095   0
   4.62495089   1.000   0.967  -0.641  -5.096   0
   4.62507629   1.004   0.977  -0.632  -5.094   0
   4.62513494   1.008   0.983  -0.626  -5.091   0
   4.62516356   1.011   0.987  -0.622  -5.088   0
   4.62517738   1.014   0.991  -0.618  -5.085   0
   4.62518644   1.018   0.995  -0.614  -5.081   0
   4.62519598   1.021   0.998  -0.611  -5.078   0
   4.62520504   1.025   1.002  -0.607  -5.074   0
   4.62521410   1.029   1.006  -0.603  -5.071   0
   4.62522364   1.033   1.010  -0.600  -5.067   0
   4.62523270   1.037   1.014  -0.596  -5.063   2
   4.62524223   1.041   1.018  -0.591  -5.059   0
   4.62525129   1.045   1.022  -0.587  -5.054   0
   4.62526035   1.050   1.026  -0.583  -5.050   0
   4.62526989   1.055   1.031  -0.578  -5.045   0
   4.62527895   1.060   1.036  -0.573  -5.039   0
   4.62528801   1.066   1.042  -0.567  -5.033   0
   4.62529755   1.073   1.048  -0.561  -5.026   0
   4.62530661   1.080   1.055  -0.554  -5.019   0
   4.62531614   1.087   1.062  -0.547  -5.011   0
   4.62532520   1.095   1.069  -0.540  -5.003   0
   4.62533426   1.103   1.076  -0.532  -4.994   0
   4.62534380   1.112   1.084  -0.524  -4.986   0
   4.62535286   1.121   1.092  -0.516  -4.976   0
   4.62536192   1.131   1.101  -0.507  -4.966   0
   4.62537146   1.141   1.110  -0.498  -4.956   0
   4.62538052   1.152   1.120  -0.488  -4.944   0
   4.62539005   1.164   1.131  -0.477  -4.932   0
   4.62539911   1.176   1.142  -0.466  -4.919   0
   4.62540817   1.190   1.154  -0.453  -4.905   0
   4.62541771   1.205   1.167  -0.440  -4.889   0
   4.62542677   1.221   1.182  -0.425  -4.872   0
   4.62544060   1.240   1.198  -0.408  -4.853   0
