   0.15000001  16.298  14.728  13.128  10.532   0
   0.20000000  15.151  13.709  12.186   9.812   0
   0.25000000  14.488  13.094  11.605   9.337   0
   0.30000001  13.916  12.558  11.098   8.940   0
   0.34999999  13.448  12.106  10.670   8.633   0
   0.40000001  13.019  11.692  10.275   8.339   0
   0.44999999  12.597  11.279   9.884   8.050   0
   0.50000000  12.139  10.818   9.449   7.733   0
   0.55000001  11.657  10.327   8.985   7.402   0
   0.60000002  11.198   9.875   8.571   7.068   0
   0.69999999  10.166   8.921   7.710   6.368   0
   0.80000001   8.928   7.914   6.835   5.682   0
   0.89999998   7.661   6.961   6.024   5.060   0
   0.92719358   7.348   6.726   5.823   4.901   0
   1.00000000   6.585   6.146   5.333   4.507   0
   1.10000002   5.704   5.445   4.741   4.013   0
   1.20000005   4.981   4.835   4.220   3.572   0
   1.28748870   4.436   4.356   3.811   3.225   0
   1.29999995   4.370   4.294   3.758   3.181   0
   1.39999998   3.875   3.833   3.365   2.853   0
   1.50000000   3.451   3.420   3.012   2.565   0
   1.60000002   3.070   3.036   2.689   2.313   0
   1.70000005   2.727   2.677   2.391   2.095   0
   1.73958755   2.605   2.546   2.283   2.017   0
   1.79999995   2.425   2.354   2.123   1.899   0
   1.89999998   2.146   2.062   1.881   1.717   0
   2.00000000   1.886   1.794   1.659   1.545   0
   2.07871914   1.691   1.610   1.503   1.417   0
   2.09999990   1.639   1.561   1.461   1.382   0
   2.20000005   1.400   1.335   1.266   1.218   0
   2.29999995   1.177   1.136   1.091   1.063   0
   2.33499980   1.100   1.068   1.030   1.009   0
   2.50000000   0.750   0.750   0.743   0.746   0
   2.51916671   0.711   0.716   0.712   0.717   0
   2.67812681   0.393   0.428   0.442   0.461   0
   2.80853534   0.135   0.187   0.213   0.237   0
   2.91801953  -0.080  -0.021   0.009   0.036   0
   3.00000000  -0.241  -0.182  -0.149  -0.124   0
   3.02268720  -0.285  -0.226  -0.193  -0.168   1
   3.10340452  -0.443  -0.398  -0.369  -0.350   0
   3.17254090  -0.579  -0.557  -0.534  -0.524   0
   3.23202896  -0.693  -0.702  -0.689  -0.689   0
   3.25869036  -0.744  -0.767  -0.760  -0.768   0
   3.28342175  -0.797  -0.831  -0.829  -0.843   0
   3.29830456  -0.839  -0.873  -0.871  -0.885   0
   3.30998969  -0.889  -0.912  -0.903  -0.912   0
   3.31792545  -0.950  -0.945  -0.922  -0.917   0
   3.32320762  -1.042  -0.970  -0.923  -0.896   0
   3.32466173  -1.121  -0.990  -0.928  -0.887   0
   3.32545447  -1.217  -1.021  -0.943  -0.888   0
   3.32555962  -1.185  -0.998  -0.922  -0.868   0
   3.32574081  -1.083  -0.945  -0.881  -0.838   4
   3.32598233  -1.078  -0.999  -0.949  -0.920   0
   3.32631755  -1.135  -1.113  -1.083  -1.074   0
   3.32677007  -1.155  -1.196  -1.194  -1.213   0
   3.32719564  -1.139  -1.232  -1.258  -1.306   0
   3.32765341  -1.095  -1.239  -1.301  -1.385   0
   3.32816911  -1.022  -1.205  -1.319  -1.457   3
   3.32873964  -0.919  -1.124  -1.312  -1.526   0
   3.32913494  -0.830  -1.038  -1.289  -1.568   0
   3.32953954  -0.717  -0.919  -1.245  -1.604   0
   3.32994676  -0.564  -0.770  -1.180  -1.630   0
   3.33035707  -0.339  -0.574  -1.087  -1.638   0
   3.33076692  -0.027  -0.333  -0.965  -1.620   0
   3.33116746   0.362  -0.057  -0.806  -1.557   0
   3.33156180   0.778   0.232  -0.617  -1.447   0
   3.33194971   1.193   0.523  -0.407  -1.304   0
   3.33233142   1.566   0.779  -0.222  -1.176   0
   3.33252358   1.748   0.895  -0.139  -1.125   4
   3.33304286   1.933   0.930  -0.175  -1.226   0
   3.33358598   1.980   0.841  -0.323  -1.432   0
   3.33406878   1.977   0.750  -0.450  -1.595   0
   3.33454275   1.962   0.667  -0.561  -1.732   0
   3.33515501   1.936   0.562  -0.698  -1.898   0
   3.33569312   1.916   0.474  -0.812  -2.040   0
   3.33633113   1.888   0.370  -0.946  -2.204   0
   3.33686256   1.866   0.283  -1.058  -2.342   0
   3.33734751   1.852   0.203  -1.163  -2.472   0
   3.33782363   1.838   0.122  -1.269  -2.603   0
   3.33827257   1.825   0.043  -1.372  -2.731   0
   3.33873701   1.817  -0.022  -1.461  -2.846   0
   3.33924699   1.814  -0.068  -1.524  -2.929   2
   3.34102702   1.811  -0.015  -1.448  -2.826   0
   3.34250569   1.816   0.048  -1.362  -2.715   0
   3.34381580   1.824   0.127  -1.257  -2.583   0
   3.34516692   1.832   0.223  -1.128  -2.420   0
   3.34637713   1.842   0.317  -1.002  -2.261   0
   3.34755588   1.856   0.407  -0.883  -2.112   0
   3.34888434   1.874   0.496  -0.766  -1.966   0
   3.35046816   1.897   0.588  -0.646  -1.820   0
   3.35267115   1.916   0.682  -0.521  -1.667   0
   3.35558820   1.918   0.756  -0.417  -1.534   0
   3.36124825   1.876   0.799  -0.340  -1.420   0
   3.36806440   1.816   0.786  -0.332  -1.392   1
   3.46693158   1.587   0.530  -0.601  -1.667   0
   3.50000000   1.555   0.465  -0.679  -1.757   0
   3.55714965   1.524   0.364  -0.810  -1.916   0
   3.57794666   1.592   0.316  -0.904  -2.059   0
   3.58039117   1.619   0.257  -0.998  -2.186   0
   3.58101916   1.624   0.186  -1.100  -2.317   0
   3.58110809   1.627   0.164  -1.131  -2.358   0
   3.58128572   1.627   0.085  -1.241  -2.501   0
   3.58144259   1.625   0.006  -1.348  -2.637   0
   3.58502698   1.630  -0.095  -1.488  -2.819   0
   3.58592296   1.628  -0.177  -1.600  -2.961   0
   3.58678961   1.624  -0.248  -1.699  -3.092   0
   3.58756495   1.629  -0.313  -1.792  -3.217   0
   3.58836842   1.636  -0.386  -1.898  -3.359   0
   3.58900738   1.649  -0.451  -1.993  -3.488   0
   3.58959293   1.653  -0.519  -2.091  -3.625   0
   3.59006333   1.545  -0.542  -2.119  -3.729   0
   3.59046817   1.428  -0.552  -2.129  -3.826   0
   3.59088922   1.283  -0.602  -2.180  -3.950   2
   3.59122014   1.142  -0.640  -2.216  -4.059   0
   3.59155083   1.022  -0.635  -2.214  -4.178   0
   3.59180808   0.985  -0.585  -2.176  -4.281   0
   3.59204507   0.921  -0.575  -2.174  -4.396   0
   3.59226131   0.861  -0.549  -2.154  -4.502   0
   3.59247756   0.854  -0.451  -2.051  -4.568   0
   3.59269786   0.925  -0.257  -1.840  -4.575   0
   3.59298325   0.995  -0.059  -1.625  -4.588   0
   3.59307694   1.049   0.095  -1.457  -4.598   0
   3.59323192   1.092   0.211  -1.337  -4.599   0
   3.59331751   1.193   0.406  -1.141  -4.552   0
   3.59342766   1.335   0.713  -0.831  -4.507   0
   3.59343982   1.395   0.834  -0.710  -4.482   0
   3.59346008   1.411   0.869  -0.674  -4.478   0
   3.59348536   1.430   0.914  -0.629  -4.474   0
   3.59351063   1.450   0.958  -0.585  -4.469   0
   3.59353065   1.465   0.993  -0.549  -4.465   0
   3.59355593   1.483   1.036  -0.506  -4.461   1
   3.59358120   1.485   1.062  -0.484  -4.467   0
   3.59360647   1.488   1.088  -0.461  -4.473   0
   3.59363174   1.491   1.114  -0.439  -4.479   0
   3.59365702   1.494   1.141  -0.417  -4.485   0
   3.59368229   1.496   1.167  -0.394  -4.490   0
   3.59370756   1.499   1.193  -0.372  -4.496   0
   3.59373283   1.502   1.219  -0.349  -4.502   0
   3.59375310   1.504   1.240  -0.331  -4.507   0
   3.59377837   1.507   1.266  -0.309  -4.513   0
   3.59380364   1.510   1.292  -0.286  -4.519   0
   3.59382892   1.512   1.318  -0.264  -4.524   0
   3.59384918   1.514   1.339  -0.246  -4.529   0
   3.59387445   1.517   1.365  -0.223  -4.535   0
   3.59389973   1.520   1.392  -0.201  -4.541   0
   3.59397960   1.527   1.426  -0.171  -4.544   0
   3.59409547   1.531   1.462  -0.140  -4.552   0
   3.59421110   1.534   1.488  -0.118  -4.556   0
   3.59432626   1.538   1.513  -0.096  -4.561   0
   3.59444094   1.541   1.537  -0.075  -4.566   0
   3.59454417   1.541   1.552  -0.064  -4.575   0
   3.59464979   1.547   1.574  -0.045  -4.580   0
   3.59468389   1.559   1.593  -0.028  -4.574   0
   3.59469795   1.567   1.605  -0.016  -4.568   0
   3.59470391   1.573   1.614  -0.008  -4.564   0
   3.59470630   1.578   1.621  -0.001  -4.561   0
   3.59470892   1.583   1.629   0.006  -4.557   0
   3.59471154   1.589   1.637   0.014  -4.553   0
   3.59471416   1.595   1.646   0.022  -4.549   0
   3.59471679   1.601   1.654   0.030  -4.544   0
   3.59471941   1.607   1.663   0.038  -4.540   0
   3.59472203   1.614   1.673   0.047  -4.535   0
   3.59472442   1.620   1.682   0.056  -4.530   0
   3.59472704   1.628   1.693   0.066  -4.525   0
   3.59472966   1.635   1.703   0.076  -4.520   0
   3.59473228   1.643   1.714   0.086  -4.514   0
   3.59473491   1.651   1.726   0.097  -4.508   0
   3.59473753   1.660   1.739   0.109  -4.502   0
   3.59474015   1.669   1.752   0.121  -4.495   0
   3.59474254   1.679   1.766   0.134  -4.488   0
   3.59474516   1.690   1.781   0.148  -4.480   0
   3.59474778   1.701   1.797   0.164  -4.472   0
   3.59475040   1.714   1.814   0.180  -4.463   0
   3.59475303   1.727   1.833   0.198  -4.454   0
   3.59475565   1.742   1.854   0.217  -4.443   0
   3.59476018   1.758   1.877   0.238  -4.431   0
