   0.15000001  16.259  14.696  13.099  10.511   0
   0.20000000  15.109  13.672  12.151   9.778   0
   0.25000000  14.430  13.041  11.555   9.291   0
   0.30000001  13.856  12.499  11.040   8.892   0
   0.34999999  13.397  12.056  10.621   8.591   0
   0.40000001  12.957  11.631  10.216   8.282   0
   0.44999999  12.535  11.216   9.825   8.000   0
   0.50000000  12.066  10.743   9.377   7.675   0
   0.55000001  11.567  10.236   8.899   7.329   0
   0.60000002  11.103   9.775   8.473   6.976   0
   0.64360279  10.618   9.308   8.047   6.629   0
   0.69999999   9.944   8.720   7.527   6.213   0
   0.72669423   9.557   8.401   7.250   5.997   0
   0.77543873   8.799   7.812   6.747   5.614   0
   0.80000001   8.415   7.524   6.502   5.427   0
   0.82840210   7.965   7.186   6.212   5.204   0
   0.86038905   7.532   6.850   5.919   4.965   0
   0.88867348   7.127   6.541   5.654   4.751   0
   0.89999998   6.968   6.419   5.549   4.666   0
   0.90172505   6.943   6.400   5.532   4.652   0
   0.91803843   6.715   6.219   5.376   4.521   0
   0.93256307   6.522   6.064   5.241   4.405   0
   0.94581926   6.350   5.924   5.118   4.299   0
   0.95820159   6.196   5.797   5.006   4.201   0
   0.96399629   6.129   5.741   4.956   4.157   0
   0.96957350   6.063   5.686   4.907   4.114   0
   0.97682679   5.982   5.617   4.845   4.059   0
   0.98029566   5.944   5.585   4.816   4.033   0
   0.98504812   5.894   5.542   4.778   3.998   0
   0.98804438   5.862   5.515   4.754   3.976   0
   0.99005210   5.845   5.500   4.740   3.964   0
   1.00000000   5.753   5.420   4.667   3.897   0
   1.00563109   5.696   5.368   4.619   3.854   0
   1.01058197   5.646   5.322   4.576   3.813   0
   1.01854229   5.563   5.246   4.505   3.746   0
   1.02521145   5.494   5.182   4.444   3.689   0
   1.05587590   5.192   4.889   4.160   3.413   0
   1.08003509   5.014   4.682   3.934   3.170   0
   1.09645772   5.081   4.648   3.840   3.023   3
   1.10000002   5.162   4.683   3.847   3.006   0
   1.10132253   5.195   4.698   3.851   3.000   0
   1.10510886   5.471   4.857   3.947   3.037   0
   1.10864365   5.770   5.019   4.042   3.062   0
   1.10906625   5.792   5.028   4.044   3.056   4
   1.11285770   5.903   5.029   3.996   2.951   0
   1.11530662   5.845   4.927   3.873   2.806   0
   1.11730242   5.743   4.800   3.733   2.655   0
   1.11906588   5.628   4.663   3.585   2.499   0
   1.12061954   5.515   4.529   3.441   2.346   0
   1.12198997   5.403   4.396   3.298   2.194   0
   1.12316835   5.298   4.268   3.159   2.045   0
   1.12427616   5.187   4.131   3.010   1.885   0
   1.12524641   5.073   3.994   2.862   1.729   0
   1.12609243   4.968   3.860   2.716   1.572   0
   1.12681842   4.864   3.731   2.575   1.420   0
   1.12746799   4.774   3.609   2.439   1.271   0
   1.12803316   4.687   3.487   2.302   1.122   0
   1.12857449   4.600   3.362   2.161   0.966   0
   1.12905025   4.515   3.241   2.024   0.816   0
   1.12948346   4.438   3.125   1.892   0.669   0
   1.12995684   4.368   3.020   1.773   0.535   0
   1.13008463   4.362   3.012   1.763   0.525   2
   1.13057184   4.407   3.098   1.867   0.647   0
   1.13094652   4.331   2.982   1.734   0.497   0
   1.13125753   4.266   2.874   1.608   0.353   0
   1.13153458   4.204   2.767   1.482   0.209   0
   1.13182425   4.140   2.649   1.342   0.048   0
   1.13207233   4.087   2.540   1.212  -0.105   0
   1.13232434   4.034   2.422   1.067  -0.275   0
   1.13250470   3.993   2.324   0.948  -0.416   0
   1.13266063   3.949   2.234   0.837  -0.550   0
   1.13279700   3.908   2.144   0.726  -0.684   0
   1.13293576   3.878   2.054   0.612  -0.827   0
   1.13303387   3.858   1.977   0.510  -0.955   0
   1.13313317   3.836   1.893   0.402  -1.091   0
   1.13323462   3.815   1.804   0.285  -1.239   0
   1.13332283   3.727   1.743   0.212  -1.368   0
   1.13339853   3.624   1.713   0.174  -1.487   0
   1.13346374   3.519   1.672   0.126  -1.602   0
   1.13352728   3.389   1.629   0.079  -1.730   0
   1.13358176   3.253   1.597   0.045  -1.849   0
   1.13362873   3.201   1.604   0.038  -1.969   3
   1.13366926   3.153   1.619   0.039  -2.086   0
   1.13370478   3.100   1.627   0.036  -2.197   0
   1.13373888   3.058   1.667   0.063  -2.306   0
   1.13376856   3.057   1.757   0.158  -2.367   0
   1.13379693   3.081   1.883   0.298  -2.409   0
   1.13382137   3.136   2.045   0.474  -2.423   0
   1.13384461   3.184   2.204   0.648  -2.447   0
   1.13386476   3.306   2.461   0.914  -2.407   0
   1.13388276   3.376   2.638   1.093  -2.399   0
   1.13389957   3.494   2.887   1.343  -2.357   0
   1.13391531   3.612   3.132   1.590  -2.314   1
   1.13392830   3.653   3.283   1.728  -2.319   0
   1.13394082   3.694   3.448   1.874  -2.323   0
   1.13395333   3.739   3.616   2.023  -2.324   0
   1.13395596   3.743   3.641   2.044  -2.327   2
   1.13395596   3.815   2.450   1.195  -0.023   1
   1.13402128   3.809   2.425   1.162  -0.065   0
   1.13414788   3.802   2.400   1.129  -0.105   0
   1.13422799   3.799   2.398   1.128  -0.105   0
   1.13444829   3.790   2.401   1.136  -0.091   0
   1.13467026   3.780   2.399   1.137  -0.086   0
   1.13489485   3.770   2.398   1.139  -0.080   0
   1.13512301   3.761   2.398   1.143  -0.072   0
   1.13535440   3.753   2.396   1.144  -0.067   0
   1.13558531   3.743   2.394   1.146  -0.062   0
   1.13582408   3.733   2.392   1.147  -0.058   0
   1.13606322   3.724   2.390   1.147  -0.055   0
   1.13630009   3.716   2.387   1.146  -0.053   0
   1.13653708   3.710   2.384   1.145  -0.053   0
   1.13677311   3.701   2.379   1.140  -0.056   0
   1.13682783   3.695   2.375   1.138  -0.057   0
   1.13703656   3.695   2.372   1.133  -0.063   0
   1.13732743   3.689   2.361   1.121  -0.077   0
   1.13762784   3.683   2.345   1.100  -0.101   0
   1.13800335   3.674   2.313   1.059  -0.151   0
   1.13813829   3.670   2.300   1.042  -0.172   0
   1.13860714   3.650   2.207   0.920  -0.326   0
   1.13873184   3.636   2.138   0.828  -0.441   0
   1.13878512   3.631   2.088   0.762  -0.526   0
   1.13882077   3.624   2.002   0.645  -0.676   0
   1.13883090   3.619   1.924   0.539  -0.810   0
   1.13883698   3.613   1.831   0.411  -0.978   0
   1.13883984   3.610   1.762   0.314  -1.108   0
   1.13884330   3.609   1.677   0.194  -1.268   0
   1.13884711   3.597   1.582   0.065  -1.434   0
   1.13885272   3.600   1.539  -0.003  -1.548   0
   1.13886595   3.587   1.582   0.070  -1.424   0
   1.13890862   3.606   1.658   0.169  -1.300   1
   1.13900316   3.602   1.583   0.065  -1.436   0
   1.13904500   3.598   1.530  -0.012  -1.551   0
   1.13907862   3.491   1.502  -0.048  -1.673   0
   1.13910329   3.384   1.482  -0.073  -1.780   0
   1.13912237   3.277   1.460  -0.098  -1.879   0
   1.13914025   3.151   1.440  -0.118  -1.982   0
   1.13915491   3.085   1.465  -0.104  -2.084   0
   1.13916564   3.053   1.496  -0.085  -2.180   0
   1.13917410   3.025   1.548  -0.046  -2.277   0
   1.13917983   2.986   1.560  -0.040  -2.356   0
   1.13918662   3.010   1.701   0.101  -2.409   0
   1.13919246   3.024   1.798   0.209  -2.449   0
   1.13919795   3.097   1.990   0.417  -2.452   0
   1.13920307   3.156   2.157   0.600  -2.463   0
   1.13920808   3.293   2.440   0.893  -2.415   0
   1.13921368   3.436   2.728   1.183  -2.357   0
   1.13921988   3.537   2.959   1.415  -2.331   0
   1.13922596   3.665   3.225   1.681  -2.281   1
   1.13923252   3.716   3.413   1.848  -2.281   0
   1.13923728   3.767   3.588   2.004  -2.275   0
   1.13923991   3.819   3.747   2.146  -2.262   0
   1.13924015   3.826   3.765   2.162  -2.260   0
   1.13924050   3.834   3.788   2.183  -2.258   0
   1.13924134   3.899   3.939   2.318  -2.237   0
   1.13925529   3.911   4.244   2.558  -2.453   0
   1.13925529   3.912   4.245   2.559  -2.453   0
   1.13925529   3.947   4.291   2.602  -2.444   0
