   0.15000001  16.296  14.727  13.126  10.531   0
   0.20000000  15.150  13.708  12.185   9.811   0
   0.25000000  14.486  13.092  11.603   9.335   0
   0.30000001  13.913  12.555  11.095   8.938   0
   0.34999999  13.446  12.104  10.667   8.631   0
   0.40000001  13.015  11.688  10.271   8.335   0
   0.44999999  12.593  11.275   9.880   8.046   0
   0.50000000  12.134  10.813   9.444   7.729   0
   0.55000001  11.652  10.322   8.980   7.397   0
   0.60000002  11.199   9.875   8.569   7.063   0
   0.69999999  10.165   8.917   7.705   6.360   0
   0.78719598   9.054   8.012   6.919   5.746   0
   0.80000001   8.894   7.887   6.811   5.663   0
   0.89999998   7.628   6.935   6.001   5.041   0
   1.00000000   6.547   6.115   5.307   4.484   0
   1.05243981   6.057   5.730   4.979   4.211   0
   1.10000002   5.664   5.409   4.708   3.984   0
   1.12844634   5.440   5.224   4.551   3.850   0
   1.19360161   4.980   4.830   4.213   3.563   0
   1.20000005   4.939   4.794   4.182   3.536   0
   1.20967007   4.874   4.737   4.133   3.494   0
   1.25951803   4.550   4.451   3.887   3.285   0
   1.29107428   4.369   4.289   3.749   3.167   0
   1.29999995   4.323   4.247   3.713   3.137   0
   1.30378079   4.304   4.229   3.697   3.124   0
   1.39999998   3.830   3.784   3.314   2.799   0
   1.50000000   3.403   3.367   2.952   2.496   0
   1.58086061   3.085   3.049   2.678   2.273   0
   1.60000002   3.015   2.977   2.616   2.220   0
   1.70000005   2.673   2.620   2.306   1.972   0
   1.75397718   2.499   2.437   2.147   1.844   0
   1.79999995   2.361   2.290   2.017   1.737   0
   1.88741136   2.107   2.021   1.778   1.535   0
   1.89999998   2.071   1.983   1.744   1.506   0
   2.00000000   1.795   1.692   1.479   1.272   0
   2.00253320   1.788   1.685   1.472   1.266   0
   2.09044504   1.560   1.446   1.247   1.055   0
   2.09999990   1.537   1.421   1.223   1.031   0
   2.17002511   1.362   1.239   1.046   0.857   1
   2.20000005   1.291   1.166   0.971   0.779   0
   2.24030256   1.198   1.070   0.872   0.673   0
   2.29844260   1.076   0.944   0.731   0.512   0
   2.29999995   1.073   0.941   0.727   0.508   0
   2.30002284   1.073   0.941   0.727   0.507   0
   2.34819102   0.987   0.854   0.614   0.364   0
   2.39019775   0.925   0.791   0.520   0.234   0
   2.40921926   0.899   0.764   0.479   0.174   0
   2.42694354   0.867   0.731   0.434   0.115   0
   2.43906379   0.828   0.690   0.392   0.072   2
   2.44683027   0.779   0.638   0.351   0.043   0
   2.45310998   0.694   0.548   0.289   0.016   0
   2.45730233   0.538   0.380   0.194  -0.002   0
   2.45844984   0.397   0.249   0.118  -0.019   0
   2.45904255   0.229   0.109   0.031  -0.050   1
   2.45913720   0.288   0.159   0.072  -0.017   0
   2.45928001   0.426   0.281   0.152   0.019   0
   2.45950079   0.470   0.308   0.128  -0.062   0
   2.45982575   0.476   0.319   0.077  -0.180   0
   2.46015811   0.515   0.361   0.068  -0.249   3
   2.46062946   0.596   0.444   0.087  -0.304   0
   2.46107411   0.692   0.536   0.120  -0.337   0
   2.46159291   0.840   0.661   0.173  -0.355   0
   2.46237063   1.110   0.871   0.280  -0.343   0
   2.46298885   1.361   1.059   0.391  -0.298   0
   2.46361804   1.660   1.281   0.539  -0.212   0
   2.46424365   2.023   1.546   0.730  -0.082   0
   2.46486020   2.401   1.826   0.941   0.073   0
   2.46547484   2.708   2.032   1.089   0.171   0
   2.46589184   2.874   2.134   1.156   0.207   4
   2.46688771   2.969   2.106   1.068   0.060   0
   2.46774983   2.938   1.994   0.919  -0.123   0
   2.46852875   2.883   1.876   0.771  -0.297   0
   2.46918130   2.837   1.776   0.646  -0.444   0
   2.46997023   2.781   1.651   0.492  -0.627   0
   2.47069049   2.724   1.531   0.345  -0.800   0
   2.47131324   2.679   1.427   0.217  -0.951   0
   2.47196531   2.637   1.320   0.083  -1.108   0
   2.47255325   2.599   1.222  -0.039  -1.254   0
   2.47304845   2.566   1.140  -0.140  -1.375   0
   2.47353888   2.537   1.057  -0.245  -1.501   0
   2.47400594   2.511   0.977  -0.347  -1.625   0
   2.47446680   2.489   0.896  -0.449  -1.751   0
   2.47490954   2.470   0.818  -0.549  -1.874   0
   2.47534251   2.457   0.743  -0.647  -1.995   0
   2.47579169   2.448   0.681  -0.730  -2.100   2
   2.47603488   2.458   0.744  -0.647  -1.995   0
   2.47621012   2.465   0.792  -0.584  -1.916   0
   2.47644782   2.475   0.846  -0.513  -1.829   0
   2.47675800   2.487   0.909  -0.431  -1.727   0
   2.47724247   2.510   0.997  -0.318  -1.588   0
   2.47768235   2.534   1.069  -0.227  -1.477   0
   2.47837877   2.572   1.183  -0.082  -1.300   0
   2.47903061   2.612   1.296   0.060  -1.130   0
   2.48010921   2.668   1.466   0.276  -0.871   0
   2.48109508   2.725   1.598   0.440  -0.677   0
   2.48261309   2.780   1.729   0.603  -0.481   0
   2.48464727   2.823   1.834   0.737  -0.322   0
   2.48781419   2.849   1.911   0.837  -0.200   1
   2.50000000   2.818   1.877   0.802  -0.236   0
   2.54842544   2.688   1.731   0.649  -0.394   0
   2.62901521   2.462   1.488   0.397  -0.648   0
   2.68048787   2.346   1.325   0.212  -0.851   0
   2.70047760   2.318   1.238   0.098  -0.989   0
   2.71085811   2.310   1.151  -0.021  -1.141   0
   2.71216655   2.296   1.076  -0.120  -1.265   0
   2.71265459   2.279   0.996  -0.226  -1.395   0
   2.71284842   2.257   0.920  -0.325  -1.515   0
   2.71287847   2.251   0.901  -0.350  -1.544   0
   2.71298528   2.231   0.814  -0.463  -1.684   0
   2.71307993   2.210   0.730  -0.572  -1.819   0
   2.71321583   2.192   0.641  -0.688  -1.963   0
   2.71384358   2.205   0.711  -0.596  -1.849   1
   2.71802258   2.181   0.574  -0.776  -2.073   0
   2.71902514   2.167   0.460  -0.927  -2.263   0
   2.71979380   2.148   0.349  -1.073  -2.445   0
   2.72035170   2.151   0.270  -1.187  -2.599   0
   2.72078848   2.145   0.191  -1.295  -2.741   0
   2.72119761   2.155   0.120  -1.399  -2.881   0
   2.72157574   2.166   0.047  -1.505  -3.025   0
   2.72188544   2.083   0.008  -1.557  -3.149   0
   2.72208500   1.987  -0.016  -1.584  -3.242   0
   2.72224402   1.893  -0.034  -1.604  -3.325   0
   2.72237325   1.795  -0.053  -1.623  -3.405   2
   2.72249413   1.696  -0.068  -1.637  -3.479   0
   2.72260165   1.609  -0.053  -1.623  -3.556   0
   2.72271991   1.562  -0.034  -1.616  -3.667   0
   2.72284317   1.495  -0.026  -1.619  -3.795   0
   2.72299743   1.420   0.004  -1.599  -3.936   0
   2.72315621   1.438   0.151  -1.446  -3.995   0
   2.72331285   1.481   0.310  -1.271  -4.027   0
   2.72334290   1.477   0.272  -1.315  -4.008   0
   2.72335839   1.494   0.345  -1.234  -4.028   0
   2.72337151   1.550   0.478  -1.090  -4.022   0
   2.72339416   1.569   0.575  -0.982  -4.052   0
   2.72340679   1.580   0.608  -0.947  -4.056   0
   2.72341681   1.588   0.634  -0.918  -4.058   0
   2.72342920   1.599   0.666  -0.883  -4.062   0
   2.72344184   1.615   0.705  -0.843  -4.060   0
   2.72345424   1.633   0.747  -0.800  -4.055   1
   2.72346687   1.652   0.790  -0.757  -4.051   0
   2.72347927   1.670   0.832  -0.715  -4.046   0
   2.72349167   1.689   0.875  -0.672  -4.042   0
   2.72350430   1.708   0.918  -0.629  -4.037   0
   2.72351670   1.726   0.960  -0.586  -4.032   0
   2.72352934   1.745   1.003  -0.542  -4.028   0
   2.72354174   1.764   1.046  -0.499  -4.023   0
   2.72355437   1.782   1.089  -0.456  -4.019   0
   2.72356653   1.801   1.131  -0.414  -4.014   0
   2.72357869   1.819   1.173  -0.371  -4.009   1
   2.72358823   1.834   1.207  -0.337  -4.006   0
   2.72360039   1.852   1.250  -0.294  -4.001   0
   2.72361255   1.871   1.292  -0.252  -3.996   0
   2.72362232   1.886   1.326  -0.218  -3.993   0
   2.72366071   1.920   1.403  -0.140  -3.984   0
   2.72370577   1.954   1.481  -0.061  -3.975   0
   2.72375035   1.973   1.523  -0.019  -3.969   0
   2.72379470   1.977   1.548   0.003  -3.973   0
   2.72383857   1.980   1.572   0.023  -3.978   0
   2.72388220   1.982   1.596   0.044  -3.984   0
   2.72392583   1.985   1.620   0.064  -3.989   0
   2.72396898   1.988   1.643   0.085  -3.994   0
   2.72401166   1.990   1.667   0.106  -3.999   0
   2.72405410   1.993   1.691   0.126  -4.004   0
   2.72409630   1.996   1.715   0.147  -4.009   0
   2.72413826   1.998   1.739   0.167  -4.014   0
   2.72417998   2.001   1.763   0.188  -4.019   0
   2.72422123   2.004   1.787   0.209  -4.024   0
   2.72426224   2.007   1.811   0.229  -4.029   0
   2.72430277   2.009   1.835   0.250  -4.034   0
   2.72434330   2.012   1.859   0.270  -4.039   0
   2.72438335   2.015   1.883   0.291  -4.044   0
   2.72442317   2.018   1.907   0.312  -4.049   0
   2.72446251   2.021   1.931   0.333  -4.054   0
   2.72450161   2.024   1.955   0.353  -4.059   0
   2.72454047   2.027   1.980   0.374  -4.064   0
   2.72457886   2.030   2.004   0.396  -4.069   0
   2.72461677   2.034   2.029   0.417  -4.073   0
   2.72464991   2.034   2.044   0.429  -4.082   0
   2.72468138   2.037   2.062   0.444  -4.089   0
   2.72469997   2.043   2.079   0.459  -4.091   0
   2.72470760   2.050   2.095   0.472  -4.089   0
   2.72471094   2.058   2.109   0.485  -4.085   0
   2.72471237   2.067   2.123   0.498  -4.081   0
   2.72471380   2.075   2.138   0.512  -4.076   0
   2.72471547   2.085   2.153   0.526  -4.071   0
   2.72471690   2.095   2.170   0.541  -4.065   0
   2.72471833   2.105   2.188   0.557  -4.059   0
   2.72472000   2.117   2.207   0.575  -4.053   0
   2.72472143   2.129   2.228   0.593  -4.046   0
   2.72472286   2.142   2.250   0.614  -4.039   0
   2.72472453   2.157   2.274   0.636  -4.030   0
   2.72472596   2.173   2.300   0.660  -4.021   0
   2.72472763   2.192   2.331   0.688  -4.011   0
   2.72472906   2.213   2.365   0.719  -3.998   0
   2.72473025   2.224   2.383   0.736  -3.992   0
