   0.15000001  16.283  14.716  13.117  10.524   0
   0.20000000  15.136  13.695  12.173   9.799   0
   0.25000000  14.467  13.074  11.586   9.319   0
   0.30000001  13.893  12.536  11.076   8.922   0
   0.34999999  13.429  12.088  10.651   8.617   0
   0.40000001  12.986  11.659  10.243   8.306   0
   0.44999999  12.569  11.250   9.857   8.024   0
   0.50000000  12.108  10.786   9.418   7.706   0
   0.55000001  11.621  10.291   8.950   7.372   0
   0.60000002  11.175   9.848   8.540   7.032   0
   0.69999999  10.098   8.854   7.646   6.308   0
   0.72833121   9.712   8.527   7.361   6.088   0
   0.80000001   8.773   7.789   6.725   5.593   0
   0.84518886   8.157   7.323   6.325   5.285   0
   0.89999998   7.413   6.770   5.858   4.925   0
   0.92258251   7.131   6.557   5.675   4.779   0
   0.95893180   6.707   6.231   5.397   4.552   0
   0.98841351   6.388   5.981   5.186   4.376   0
   1.00000000   6.267   5.886   5.105   4.308   0
   1.02483940   6.012   5.682   4.929   4.159   0
   1.04845524   5.792   5.497   4.770   4.022   0
   1.06845188   5.612   5.347   4.640   3.910   0
   1.08569741   5.467   5.223   4.532   3.816   0
   1.10000002   5.350   5.125   4.446   3.741   0
   1.10547829   5.302   5.083   4.410   3.710   0
   1.11828768   5.195   4.991   4.328   3.636   0
   1.12155783   5.169   4.967   4.307   3.618   0
   1.13153636   5.093   4.901   4.248   3.565   0
   1.14606750   4.988   4.808   4.164   3.489   0
   1.16675341   4.858   4.686   4.053   3.389   0
   1.17451012   4.814   4.645   4.016   3.354   0
   1.18342698   4.764   4.598   3.971   3.312   0
   1.20000005   4.679   4.516   3.893   3.238   0
   1.20087993   4.674   4.511   3.889   3.234   0
   1.23017883   4.533   4.372   3.755   3.104   1
   1.26300609   4.402   4.236   3.618   2.966   0
   1.29841959   4.291   4.113   3.485   2.825   0
   1.29999995   4.287   4.108   3.480   2.819   0
   1.32174563   4.226   4.038   3.401   2.733   0
   1.35433376   4.158   3.947   3.292   2.609   0
   1.36909008   4.131   3.906   3.243   2.552   0
   1.38283944   4.093   3.858   3.188   2.491   0
   1.38759887   4.072   3.835   3.164   2.466   2
   1.39637065   3.974   3.746   3.084   2.394   0
   1.39999998   3.873   3.663   3.014   2.337   0
   1.40261316   3.702   3.516   2.896   2.242   0
   1.40341878   3.537   3.372   2.778   2.149   0
   1.40386117   3.391   3.242   2.670   2.060   1
   1.40422559   3.521   3.345   2.740   2.102   0
   1.41042614   3.667   3.411   2.733   2.032   0
   1.41722131   3.906   3.562   2.816   2.055   0
   1.42045569   4.159   3.732   2.932   2.125   0
   1.42320156   4.454   3.938   3.079   2.223   0
   1.42541671   4.713   4.111   3.208   2.308   0
   1.42879367   4.998   4.284   3.323   2.366   4
   1.43391109   5.097   4.274   3.261   2.248   0
   1.43786061   5.007   4.135   3.097   2.061   0
   1.44164455   4.878   3.965   2.909   1.856   0
   1.44479406   4.742   3.793   2.719   1.652   0
   1.44728184   4.615   3.635   2.546   1.465   0
   1.44961596   4.499   3.483   2.376   1.281   0
   1.45148170   4.394   3.344   2.223   1.113   0
   1.45310211   4.303   3.219   2.083   0.958   0
   1.45453644   4.224   3.105   1.954   0.816   0
   1.45583701   4.151   2.998   1.833   0.681   0
   1.45702481   4.080   2.896   1.716   0.553   0
   1.45803773   4.027   2.813   1.621   0.446   0
   1.45888174   3.975   2.735   1.532   0.346   0
   1.45968008   3.938   2.678   1.467   0.275   0
   1.46033323   3.900   2.623   1.405   0.207   0
   1.46104121   3.868   2.573   1.347   0.142   0
   1.46138442   3.859   2.560   1.332   0.125   2
   1.46291161   3.867   2.583   1.362   0.162   0
   1.46372533   3.800   2.468   1.227   0.007   0
   1.46449387   3.743   2.362   1.100  -0.140   0
   1.46521056   3.692   2.259   0.976  -0.286   0
   1.46588850   3.641   2.150   0.844  -0.441   0
   1.46655643   3.588   2.033   0.702  -0.608   0
   1.46711826   3.542   1.921   0.564  -0.772   0
   1.46760535   3.505   1.818   0.434  -0.928   0
   1.46801758   3.471   1.727   0.320  -1.069   0
   1.46837592   3.440   1.641   0.210  -1.205   0
   1.46872926   3.416   1.550   0.092  -1.355   0
   1.46899700   3.397   1.472  -0.010  -1.483   0
   1.46929121   3.373   1.378  -0.132  -1.637   0
   1.46949041   3.352   1.314  -0.219  -1.758   0
   1.46968973   3.259   1.281  -0.260  -1.870   0
   1.46986270   3.161   1.244  -0.303  -1.979   0
   1.47003162   3.051   1.207  -0.345  -2.091   0
   1.47019541   2.920   1.166  -0.389  -2.212   0
   1.47032225   2.798   1.142  -0.414  -2.317   0
   1.47044373   2.754   1.156  -0.414  -2.430   3
   1.47055995   2.707   1.177  -0.407  -2.547   0
   1.47065246   2.668   1.204  -0.390  -2.643   0
   1.47073305   2.622   1.222  -0.381  -2.737   0
   1.47081113   2.650   1.358  -0.240  -2.779   0
   1.47089171   2.652   1.443  -0.144  -2.831   0
   1.47095644   2.704   1.598   0.026  -2.846   0
   1.47102261   2.765   1.771   0.213  -2.857   0
   1.47108078   2.852   1.974   0.427  -2.842   0
   1.47112572   2.936   2.159   0.613  -2.816   0
   1.47117722   2.999   2.322   0.777  -2.811   0
   1.47122085   3.108   2.544   1.001  -2.768   0
   1.47122085   3.512   2.250   1.036  -0.143   1
   1.47151649   3.500   2.219   0.998  -0.187   0
   1.47195661   3.493   2.200   0.973  -0.217   0
   1.47241139   3.487   2.202   0.978  -0.209   0
   1.47330713   3.480   2.199   0.978  -0.207   0
   1.47420621   3.470   2.196   0.978  -0.203   0
   1.47511423   3.462   2.197   0.981  -0.197   0
   1.47602165   3.454   2.193   0.980  -0.196   0
   1.47694087   3.446   2.190   0.979  -0.195   0
   1.47786176   3.439   2.189   0.980  -0.191   0
   1.47880423   3.430   2.184   0.977  -0.192   0
   1.47977471   3.422   2.180   0.974  -0.194   0
   1.48073566   3.414   2.175   0.970  -0.196   0
   1.48169756   3.406   2.168   0.964  -0.201   0
   1.48233211   3.401   2.163   0.960  -0.205   0
   1.48260331   3.398   2.161   0.957  -0.207   0
   1.48347199   3.392   2.152   0.948  -0.217   0
   1.48436213   3.385   2.141   0.935  -0.231   0
   1.48543453   3.376   2.124   0.914  -0.256   0
   1.48684132   3.362   2.090   0.872  -0.305   0
   1.48714304   3.359   2.082   0.862  -0.317   0
   1.48762715   3.353   2.061   0.834  -0.351   0
   1.48861432   3.342   2.032   0.799  -0.393   0
   1.48921657   3.336   2.015   0.777  -0.419   0
   1.48966837   3.318   1.936   0.673  -0.548   0
   1.48986506   3.306   1.877   0.596  -0.644   0
   1.48999131   3.285   1.777   0.464  -0.810   0
   1.49002779   3.271   1.701   0.364  -0.936   0
   1.49004912   3.251   1.606   0.239  -1.091   0
   1.49006367   3.240   1.501   0.099  -1.268   0
   1.49007666   3.230   1.417  -0.016  -1.420   0
   1.49009085   3.220   1.338  -0.124  -1.561   0
   1.49010563   3.216   1.305  -0.169  -1.619   0
   1.49014628   3.227   1.380  -0.068  -1.488   0
   1.49030626   3.233   1.442   0.018  -1.376   1
   1.49063492   3.222   1.368  -0.081  -1.504   0
   1.49079871   3.214   1.286  -0.194  -1.652   0
   1.49093056   3.181   1.184  -0.324  -1.812   0
   1.49101877   3.213   1.134  -0.408  -1.935   0
   1.49109387   3.123   1.103  -0.446  -2.043   0
   1.49115777   3.022   1.069  -0.486  -2.151   0
   1.49122632   2.892   1.044  -0.514  -2.273   0
   1.49128044   2.744   1.024  -0.536  -2.394   0
   1.49131286   2.664   1.034  -0.533  -2.499   0
   1.49134028   2.639   1.087  -0.495  -2.601   0
   1.49136281   2.591   1.112  -0.482  -2.712   0
   1.49138141   2.535   1.123  -0.479  -2.819   2
   1.49140048   2.578   1.285  -0.313  -2.851   0
   1.49141824   2.581   1.373  -0.214  -2.902   0
   1.49143660   2.671   1.586   0.016  -2.892   0
   1.49145663   2.710   1.726   0.170  -2.917   0
   1.49147725   2.857   2.018   0.471  -2.858   0
   1.49150121   2.978   2.270   0.724  -2.815   0
   1.49151993   3.056   2.460   0.916  -2.801   0
   1.49153113   2.875   2.098   0.552  -2.876   0
   1.49153244   3.025   2.391   0.847  -2.810   0
   1.49153411   3.150   2.651   1.108  -2.764   1
   1.49153686   3.223   2.848   1.295  -2.747   0
   1.49153960   3.226   2.876   1.318  -2.754   0
   1.49154174   3.228   2.898   1.338  -2.759   0
   1.49154449   3.231   2.926   1.362  -2.765   0
   1.49154723   3.234   2.954   1.386  -2.771   0
   1.49154997   3.237   2.982   1.410  -2.777   0
   1.49155271   3.240   3.010   1.434  -2.783   0
   1.49155545   3.243   3.038   1.458  -2.789   0
   1.49155819   3.246   3.066   1.482  -2.795   0
   1.49156094   3.249   3.094   1.506  -2.802   0
   1.49156368   3.252   3.122   1.530  -2.808   0
   1.49156642   3.255   3.150   1.554  -2.814   0
   1.49156857   3.258   3.173   1.574  -2.819   0
   1.49157131   3.261   3.201   1.598  -2.825   0
   1.49157405   3.264   3.229   1.622  -2.831   0
   1.49157679   3.267   3.258   1.646  -2.837   0
   1.49157953   3.266   3.276   1.661  -2.850   0
   1.49158227   3.264   3.292   1.673  -2.864   0
   1.49158502   3.262   3.308   1.685  -2.878   0
   1.49158776   3.260   3.324   1.697  -2.892   0
   1.49159050   3.258   3.340   1.709  -2.906   0
   1.49159324   3.256   3.356   1.722  -2.920   0
   1.49159598   3.254   3.372   1.734  -2.934   0
   1.49159873   3.252   3.388   1.746  -2.948   0
   1.49160147   3.250   3.404   1.758  -2.962   0
   1.49160421   3.249   3.421   1.771  -2.976   0
   1.49160695   3.247   3.438   1.784  -2.989   0
   1.49160969   3.247   3.456   1.798  -3.002   0
   1.49161220   3.249   3.476   1.814  -3.012   0
   1.49161458   3.256   3.503   1.838  -3.018   0
   1.49161541   3.270   3.529   1.861  -3.013   0
   1.49161541   3.284   3.554   1.884  -3.006   0
   1.49161541   3.299   3.582   1.909  -2.998   0
   1.49161541   3.317   3.612   1.936  -2.989   0
   1.49161541   3.338   3.646   1.967  -2.978   0
   1.49161541   3.361   3.680   1.998  -2.969   2
   1.49161541   3.371   3.692   2.010  -2.966   0
